RESNUM	RES	VL-XT	VSL2B	VL3	IUPred-S	IUPred-L	PONDRFIT	FITERROR	MDP	MDPERROR	ANCHOR2
000001	M	0.829312	0.818784	0.569218	0.8677	0.3910	0.9810	0.0160	0.7428	0.1997	0.3797
000002	A	0.804730	0.827514	0.569325	0.7817	0.4186	0.9880	0.0040	0.7317	0.1859	0.3739
000003	A	0.786565	0.805569	0.569296	0.7275	0.4256	0.9770	0.0140	0.7152	0.1765	0.3726
000004	E	0.857106	0.795559	0.568555	0.6906	0.3631	0.9710	0.0090	0.7076	0.1991	0.3737
000005	A	0.706158	0.778166	0.566356	0.6219	0.4017	0.9710	0.0100	0.6742	0.1772	0.3760
000006	L	0.661553	0.754892	0.564471	0.5008	0.4119	0.9580	0.0130	0.6420	0.1788	0.3804
000007	A	0.646776	0.731190	0.561986	0.4703	0.4409	0.9380	0.0210	0.6315	0.1690	0.3917
000008	A	0.639329	0.703237	0.561373	0.3992	0.4685	0.9370	0.0210	0.6181	0.1746	0.4012
000009	E	0.625198	0.687941	0.559594	0.3578	0.4940	0.9370	0.0330	0.6102	0.1792	0.4095
000010	A	0.614903	0.677789	0.558655	0.3225	0.5254	0.9210	0.0410	0.6033	0.1795	0.4176
000011	V	0.609945	0.639644	0.557771	0.2865	0.4725	0.8840	0.0630	0.5751	0.1802	0.4253
000012	A	0.580991	0.662112	0.559308	0.3359	0.4685	0.8470	0.0620	0.5757	0.1584	0.4330
000013	S	0.552788	0.655281	0.561839	0.2786	0.4087	0.8030	0.0630	0.5434	0.1677	0.4260
000014	R	0.547703	0.678611	0.563636	0.2820	0.3740	0.7680	0.0980	0.5357	0.1663	0.4202
000015	L	0.555737	0.683923	0.563634	0.1998	0.2884	0.7530	0.0890	0.5075	0.1999	0.4192
000016	E	0.536673	0.689965	0.560749	0.1667	0.3053	0.6930	0.1000	0.4921	0.1945	0.4171
000017	R	0.496317	0.669292	0.557547	0.1698	0.3740	0.6260	0.1070	0.4821	0.1687	0.4155
000018	Q	0.453266	0.672875	0.553915	0.1878	0.3426	0.4600	0.0770	0.4450	0.1531	0.4174
000019	E	0.423307	0.651122	0.551471	0.2167	0.3704	0.3100	0.0770	0.4206	0.1452	0.4223
000020	E	0.414156	0.615682	0.551041	0.1602	0.3494	0.2570	0.0780	0.3912	0.1579	0.4280
000021	D	0.433953	0.573301	0.553426	0.1844	0.3053	0.2120	0.0710	0.3771	0.1540	0.4329
000022	I	0.453980	0.560406	0.557342	0.2209	0.3460	0.1980	0.0720	0.3894	0.1464	0.4289
000023	R	0.425814	0.549819	0.558754	0.1732	0.3774	0.1790	0.0610	0.3773	0.1561	0.4250
000024	W	0.410065	0.486626	0.557949	0.1532	0.3840	0.1970	0.0490	0.3649	0.1457	0.4173
000025	L	0.393339	0.485662	0.553250	0.1921	0.4051	0.2060	0.0350	0.3725	0.1337	0.4146
000026	W	0.380295	0.503429	0.546990	0.2748	0.4051	0.2130	0.0300	0.3873	0.1171	0.4178
000027	S	0.358519	0.493452	0.540683	0.2602	0.4017	0.2210	0.0550	0.3793	0.1149	0.4225
000028	E	0.325022	0.528885	0.536086	0.2255	0.3948	0.2670	0.0910	0.3796	0.1199	0.4284
000029	V	0.288843	0.536928	0.534684	0.2167	0.4220	0.2740	0.0900	0.3788	0.1269	0.4320
000030	E	0.252508	0.564993	0.533165	0.1878	0.3392	0.2710	0.0840	0.3582	0.1423	0.4221
000031	R	0.244830	0.570511	0.533095	0.2122	0.3321	0.2890	0.0760	0.3637	0.1385	0.4133
000032	L	0.289585	0.589561	0.533024	0.1416	0.2258	0.3300	0.0820	0.3515	0.1601	0.4064
000033	R	0.338997	0.599828	0.534247	0.2122	0.2951	0.3270	0.1120	0.3846	0.1365	0.3923
000034	D	0.390352	0.599633	0.536466	0.1416	0.2884	0.3460	0.1250	0.3837	0.1523	0.3800
000035	E	0.442010	0.602672	0.538904	0.2080	0.3740	0.3220	0.1130	0.4145	0.1320	0.3658
000036	Q	0.502319	0.593599	0.542431	0.2432	0.4292	0.3230	0.1000	0.4390	0.1228	0.3543
000037	L	0.539146	0.592838	0.545357	0.3184	0.5456	0.3120	0.0840	0.4756	0.1147	0.3474
000038	N	0.579689	0.579712	0.548553	0.3146	0.4476	0.2940	0.0710	0.4607	0.1192	0.3412
000039	A	0.649517	0.578578	0.550027	0.3311	0.3740	0.3090	0.0830	0.4653	0.1322	0.3326
000040	P	0.683330	0.567170	0.551205	0.2531	0.4256	0.3020	0.0790	0.4637	0.1520	0.3234
000041	Y	0.691088	0.550785	0.550887	0.1766	0.4051	0.3510	0.0820	0.4543	0.1658	0.3139
000042	S	0.678230	0.575713	0.550756	0.1958	0.4256	0.3060	0.0650	0.4553	0.1653	0.2969
000043	C	0.653156	0.571260	0.549948	0.2483	0.4292	0.2880	0.0710	0.4567	0.1489	0.2775
000044	Q	0.644315	0.571211	0.550017	0.2820	0.4186	0.2700	0.0780	0.4560	0.1437	0.2738
000045	A	0.637486	0.552896	0.551792	0.2080	0.4119	0.2450	0.0770	0.4346	0.1615	0.2748
000046	E	0.664394	0.564413	0.556895	0.1805	0.3356	0.2210	0.0690	0.4206	0.1840	0.2736
000047	G	0.686973	0.570203	0.563587	0.1805	0.3215	0.2090	0.0560	0.4219	0.1941	0.2764
000048	P	0.680594	0.563623	0.568697	0.1766	0.3599	0.1950	0.0520	0.4240	0.1933	0.2742
000049	C	0.663931	0.560409	0.571677	0.1698	0.3599	0.1950	0.0490	0.4202	0.1910	0.2747
000050	L	0.652465	0.551899	0.574464	0.1602	0.3872	0.1860	0.0490	0.4187	0.1909	0.2872
000051	T	0.630063	0.560461	0.577940	0.1349	0.2715	0.1820	0.0450	0.3929	0.2017	0.2933
000052	R	0.611337	0.571239	0.582879	0.1921	0.3529	0.1770	0.0530	0.4146	0.1831	0.2933
000053	E	0.561378	0.615983	0.588477	0.0701	0.2884	0.1740	0.0560	0.3830	0.2156	0.3037
000054	V	0.508267	0.601181	0.596127	0.1380	0.3704	0.1770	0.0600	0.3985	0.1870	0.3214
000055	A	0.434014	0.636584	0.604200	0.0909	0.3740	0.1830	0.0630	0.3871	0.2005	0.3255
000056	Q	0.370440	0.670557	0.613946	0.0991	0.3840	0.1960	0.0690	0.3890	0.2048	0.3257
000057	L	0.311788	0.721127	0.624642	0.0884	0.3087	0.2070	0.0690	0.3770	0.2239	0.3295
000058	R	0.278148	0.733989	0.634909	0.0813	0.2193	0.2010	0.0590	0.3582	0.2397	0.3304
000059	A	0.219311	0.747849	0.644051	0.0425	0.1914	0.2090	0.0560	0.3424	0.2585	0.3305
000060	E	0.172128	0.769203	0.650297	0.0414	0.2129	0.2150	0.0550	0.3434	0.2676	0.3291
000061	N	0.131798	0.778036	0.655563	0.0677	0.2715	0.2600	0.0460	0.3608	0.2638	0.3308
000062	C	0.118463	0.776870	0.658253	0.0441	0.2002	0.2830	0.0480	0.3467	0.2743	0.3372
000063	D	0.109271	0.782461	0.660525	0.0441	0.1373	0.2950	0.0580	0.3382	0.2835	0.3607
000064	L	0.112008	0.781328	0.662543	0.0268	0.0888	0.3510	0.0900	0.3371	0.2921	0.3714
000065	R	0.108394	0.792587	0.665119	0.0160	0.1115	0.3320	0.1040	0.3376	0.2948	0.3796
000066	H	0.106560	0.783808	0.668980	0.0121	0.1298	0.3110	0.1000	0.3353	0.2922	0.3929
000067	R	0.101273	0.773619	0.673571	0.0099	0.1323	0.3500	0.1170	0.3401	0.2911	0.4028
000068	L	0.112971	0.786176	0.679337	0.0179	0.1759	0.3890	0.1250	0.3602	0.2876	0.4114
000069	C	0.136554	0.802319	0.685643	0.0226	0.1852	0.4080	0.1230	0.3734	0.2879	0.4162
000070	S	0.160878	0.818358	0.692893	0.0268	0.1942	0.3990	0.1270	0.3821	0.2880	0.4250
000071	L	0.185203	0.827643	0.701789	0.0279	0.1881	0.4140	0.1260	0.3909	0.2896	0.4313
000072	R	0.206576	0.865400	0.711996	0.0268	0.1643	0.4600	0.1240	0.4059	0.3027	0.4328
000073	L	0.231748	0.877228	0.722420	0.0813	0.2470	0.5300	0.1290	0.4483	0.2852	0.4335
000074	C	0.278943	0.891216	0.731817	0.0677	0.1759	0.5800	0.1360	0.4542	0.3004	0.4333
000075	L	0.347771	0.901102	0.739143	0.1060	0.2470	0.5870	0.1500	0.4879	0.2790	0.4338
000076	A	0.408924	0.911320	0.745138	0.0832	0.2541	0.5840	0.1570	0.4977	0.2825	0.4342
000077	E	0.473201	0.916949	0.749552	0.0991	0.2224	0.6110	0.1570	0.5121	0.2846	0.4337
000078	E	0.533208	0.922379	0.753796	0.1150	0.2399	0.6300	0.1580	0.5325	0.2800	0.4342
000079	R	0.593373	0.925904	0.758109	0.1495	0.2399	0.6770	0.1440	0.5572	0.2765	0.4343
000080	S	0.654748	0.929928	0.763754	0.2865	0.3356	0.6920	0.1420	0.6104	0.2290	0.4395
000081	R	0.720996	0.937847	0.770169	0.2292	0.3149	0.7330	0.1180	0.6177	0.2557	0.4412
000082	Q	0.779918	0.943888	0.776782	0.3053	0.3631	0.7630	0.0890	0.6553	0.2356	0.4467
000083	A	0.817007	0.948768	0.783295	0.3005	0.3740	0.7850	0.0820	0.6680	0.2413	0.4599
000084	T	0.829267	0.953022	0.789820	0.3535	0.4507	0.7920	0.0880	0.6947	0.2157	0.4707
000085	L	0.837382	0.958597	0.796853	0.4918	0.5211	0.8080	0.0800	0.7355	0.1705	0.4866
000086	E	0.844320	0.963045	0.804467	0.5583	0.6089	0.7940	0.0880	0.7621	0.1384	0.4882
000087	S	0.850760	0.965992	0.812549	0.5667	0.6043	0.8320	0.0820	0.7721	0.1410	0.4981
000088	A	0.861418	0.969557	0.821202	0.5667	0.5951	0.8580	0.0600	0.7786	0.1472	0.5120
000089	E	0.871609	0.972964	0.829942	0.5473	0.6269	0.8450	0.0660	0.7823	0.1472	0.5190
000090	L	0.878714	0.976420	0.839117	0.5667	0.6806	0.8520	0.0580	0.7990	0.1356	0.5282
000091	E	0.886029	0.977772	0.848339	0.5941	0.7250	0.8200	0.0790	0.8085	0.1220	0.5274
000092	A	0.894805	0.979897	0.857676	0.6412	0.7331	0.8050	0.0900	0.8186	0.1098	0.5304
000093	A	0.907123	0.982182	0.867074	0.6715	0.7289	0.8080	0.0790	0.8275	0.1051	0.5265
000094	Q	0.917274	0.982849	0.876360	0.6944	0.7505	0.7990	0.0870	0.8367	0.0988	0.5124
000095	E	0.927311	0.984913	0.885635	0.7079	0.7505	0.7940	0.0890	0.8417	0.0985	0.5035
000096	A	0.936881	0.986170	0.894475	0.7573	0.8343	0.7900	0.0900	0.8665	0.0806	0.4958
000097	G	0.941134	0.988419	0.902612	0.7605	0.8198	0.7940	0.0920	0.8678	0.0820	0.4892
000098	A	0.942471	0.989857	0.910122	0.7724	0.8343	0.8180	0.0940	0.8778	0.0757	0.4793
000099	Q	0.929043	0.990762	0.916994	0.7869	0.8375	0.8240	0.1000	0.8809	0.0703	0.4635
000100	P	0.918760	0.991157	0.923630	0.8074	0.8198	0.8090	0.1080	0.8783	0.0704	0.4628
000101	P	0.906128	0.990862	0.929784	0.8424	0.8765	0.8050	0.1090	0.8918	0.0601	0.4560
000102	P	0.909762	0.991470	0.935229	0.8350	0.8623	0.8080	0.1150	0.8903	0.0622	0.4515
000103	S	0.906946	0.991644	0.939891	0.8457	0.8713	0.8260	0.1080	0.8970	0.0566	0.4407
000104	Q	0.903398	0.992160	0.943932	0.8521	0.8765	0.8310	0.1140	0.8999	0.0548	0.4320
000105	S	0.900037	0.992159	0.947555	0.8424	0.8681	0.8240	0.1270	0.8958	0.0587	0.4369
000106	Q	0.897111	0.991908	0.951235	0.8283	0.8681	0.8120	0.1350	0.8915	0.0639	0.4382
000107	D	0.903209	0.991609	0.954934	0.8350	0.8828	0.8040	0.1450	0.8953	0.0646	0.4384
000108	K	0.923508	0.991167	0.958365	0.8350	0.8872	0.7970	0.1570	0.8987	0.0674	0.4420
000109	D	0.937957	0.990691	0.961348	0.8457	0.8872	0.8140	0.1550	0.9062	0.0628	0.4457
000110	M	0.952193	0.989687	0.963724	0.8350	0.8942	0.8320	0.1500	0.9111	0.0619	0.4532
000111	K	0.952132	0.988369	0.965598	0.7817	0.8681	0.8100	0.1680	0.8944	0.0792	0.4433
000112	K	0.961283	0.986520	0.966655	0.7501	0.8493	0.7930	0.1800	0.8844	0.0920	0.4385
000113	K	0.968843	0.983732	0.966350	0.7232	0.7505	0.7950	0.1600	0.8646	0.1105	0.4373
000114	K	0.972503	0.979311	0.964869	0.7147	0.7415	0.8070	0.1470	0.8633	0.1124	0.4409
000115	M	0.958534	0.973576	0.961780	0.6474	0.7505	0.8070	0.1390	0.8498	0.1241	0.4454
000116	K	0.863646	0.966477	0.955357	0.6442	0.7547	0.7880	0.1380	0.8287	0.1136	0.4402
000117	E	0.766269	0.953827	0.944034	0.6442	0.7916	0.7720	0.1480	0.8120	0.1078	0.4373
000118	S	0.670603	0.936871	0.928354	0.6334	0.6906	0.7500	0.1650	0.7684	0.1212	0.4363
000119	E	0.570887	0.919801	0.910669	0.6715	0.5854	0.7440	0.1510	0.7337	0.1405	0.4369
000120	A	0.510811	0.902536	0.893048	0.5762	0.4864	0.7660	0.1650	0.6892	0.1726	0.4436
000121	D	0.473109	0.884810	0.874487	0.5084	0.4940	0.7460	0.1710	0.6634	0.1776	0.4483
000122	S	0.406955	0.861610	0.854147	0.4379	0.5176	0.7280	0.1800	0.6343	0.1882	0.4551
000123	E	0.367820	0.834761	0.831633	0.4513	0.5176	0.6920	0.1830	0.6159	0.1819	0.4583
000124	V	0.317182	0.809752	0.807546	0.4556	0.4541	0.7450	0.1670	0.5983	0.1959	0.4605
000125	K	0.338095	0.782037	0.782948	0.4703	0.4541	0.7790	0.1640	0.6011	0.1850	0.4602
000126	H	0.353172	0.747463	0.757643	0.4078	0.4017	0.7930	0.1770	0.5769	0.1906	0.4577
000127	Q	0.361747	0.721370	0.731909	0.4078	0.3215	0.7540	0.1930	0.5497	0.1880	0.4525
000128	P	0.356175	0.686631	0.705484	0.3225	0.3215	0.6330	0.2390	0.5042	0.1726	0.4461
000129	I	0.307334	0.662667	0.679191	0.2292	0.2541	0.5520	0.2420	0.4473	0.1895	0.4371
000130	F	0.240863	0.626751	0.652895	0.2385	0.1823	0.5110	0.2790	0.4087	0.1941	0.4271
000131	I	0.202189	0.582368	0.626521	0.1766	0.1914	0.4640	0.2920	0.3738	0.1902	0.4157
000132	K	0.135401	0.535337	0.599300	0.1088	0.1759	0.3930	0.2630	0.3247	0.1954	0.4051
000133	E	0.098269	0.499156	0.572066	0.1041	0.1881	0.2820	0.1800	0.2906	0.1849	0.3963
000134	R	0.063322	0.442144	0.544959	0.1041	0.1852	0.2360	0.1640	0.2627	0.1749	0.3871
000135	L	0.036743	0.407200	0.518172	0.1416	0.2436	0.2020	0.1450	0.2582	0.1611	0.3762
000136	K	0.016756	0.354735	0.491413	0.1495	0.1881	0.1660	0.1040	0.2277	0.1537	0.3665
000137	L	0.016877	0.335327	0.464357	0.1416	0.1275	0.1550	0.0770	0.2067	0.1484	0.3557
000138	F	0.015589	0.333383	0.437225	0.0789	0.0835	0.1440	0.0680	0.1821	0.1514	0.3453
000139	E	0.009822	0.319318	0.409512	0.0350	0.0592	0.1110	0.0410	0.1573	0.1518	0.3412
000140	I	0.004645	0.323252	0.381415	0.0316	0.0581	0.1110	0.0290	0.1517	0.1464	0.3354
000141	L	0.004355	0.323636	0.352489	0.0425	0.0605	0.1060	0.0280	0.1482	0.1378	0.3310
000142	K	0.004122	0.289730	0.323328	0.0387	0.0948	0.0850	0.0230	0.1393	0.1223	0.3295
000143	K	0.003676	0.258786	0.294409	0.0218	0.0948	0.0860	0.0190	0.1266	0.1114	0.3256
000144	D	0.003548	0.234642	0.266672	0.0218	0.0835	0.0750	0.0210	0.1142	0.1008	0.3237
000145	H	0.003413	0.200447	0.240130	0.0194	0.0870	0.0630	0.0200	0.1023	0.0885	0.3246
000146	Q	0.002475	0.161694	0.215198	0.0308	0.1373	0.0440	0.0100	0.0986	0.0773	0.3317
000147	L	0.002478	0.141682	0.193545	0.0316	0.1476	0.0390	0.0110	0.0926	0.0711	0.3322
000148	L	0.002490	0.144222	0.176358	0.0526	0.2002	0.0500	0.0200	0.1043	0.0730	0.3403
000149	L	0.002316	0.146650	0.162890	0.0884	0.2988	0.0920	0.0460	0.1318	0.0907	0.3531
000150	A	0.001987	0.176675	0.150920	0.0858	0.2094	0.1290	0.0430	0.1257	0.0673	0.3677
000151	I	0.002521	0.214921	0.138820	0.1456	0.2064	0.1740	0.0660	0.1470	0.0705	0.3894
000152	Y	0.004069	0.256128	0.127719	0.1416	0.2783	0.2010	0.0800	0.1682	0.0915	0.4111
000153	G	0.005449	0.293386	0.118624	0.0884	0.2258	0.2130	0.0730	0.1575	0.0963	0.4322
000154	K	0.007361	0.353528	0.112254	0.0858	0.2292	0.2500	0.0790	0.1730	0.1157	0.4047
000155	K	0.012152	0.387414	0.108398	0.0526	0.1643	0.2590	0.0840	0.1640	0.1275	0.3794
000156	G	0.023622	0.408220	0.105765	0.0526	0.1399	0.2740	0.0750	0.1674	0.1341	0.3571
000157	D	0.034840	0.405965	0.104144	0.0336	0.1449	0.2500	0.0570	0.1622	0.1314	0.3399
000158	T	0.049153	0.404006	0.103685	0.0502	0.2034	0.1670	0.0380	0.1629	0.1217	0.3216
000159	S	0.072431	0.361849	0.104885	0.0965	0.2783	0.1000	0.0230	0.1690	0.1100	0.3075
000160	N	0.094750	0.304482	0.107191	0.1602	0.3494	0.0920	0.0330	0.1847	0.1039	0.2951
000161	I	0.166194	0.255294	0.110096	0.1805	0.3117	0.1000	0.0330	0.1873	0.0754	0.2877
000162	I	0.230208	0.221462	0.112887	0.2657	0.3948	0.0930	0.0330	0.2197	0.1002	0.2815
000163	T	0.235808	0.194588	0.115803	0.2820	0.4725	0.0960	0.0410	0.2328	0.1249	0.2763
000164	V	0.232797	0.185773	0.117930	0.2748	0.4901	0.0900	0.0320	0.2319	0.1315	0.2734
000165	R	0.223107	0.191484	0.119792	0.2820	0.4369	0.0770	0.0200	0.2217	0.1171	0.2724
000166	V	0.212964	0.205480	0.121222	0.3005	0.3529	0.0870	0.0230	0.2133	0.0928	0.2707
000167	A	0.201626	0.235283	0.123112	0.2385	0.3426	0.1060	0.0260	0.2078	0.0791	0.2742
000168	D	0.181691	0.261197	0.126404	0.1878	0.3356	0.1110	0.0280	0.2006	0.0774	0.2758
000169	G	0.166167	0.275642	0.130485	0.1844	0.3356	0.1120	0.0320	0.2008	0.0796	0.2785
000170	Q	0.098199	0.295969	0.135086	0.1766	0.3667	0.1170	0.0330	0.1983	0.0991	0.2824
000171	T	0.040845	0.306788	0.139362	0.1698	0.2783	0.1350	0.0330	0.1784	0.0902	0.2911
000172	V	0.038121	0.317803	0.144350	0.2865	0.3599	0.1230	0.0260	0.2116	0.1165	0.3026
000173	Q	0.053715	0.334895	0.149818	0.2865	0.3740	0.0980	0.0240	0.2161	0.1216	0.3141
000174	G	0.062101	0.345088	0.154875	0.2913	0.3460	0.0920	0.0230	0.2153	0.1169	0.3306
000175	E	0.067628	0.344325	0.159381	0.2963	0.3807	0.0890	0.0190	0.2229	0.1232	0.3483
000176	V	0.071052	0.336230	0.163140	0.2602	0.4017	0.1010	0.0250	0.2222	0.1209	0.3657
000177	W	0.087889	0.303766	0.167511	0.2963	0.3840	0.0990	0.0190	0.2231	0.1114	0.3818
000178	K	0.093264	0.286739	0.172077	0.3399	0.4051	0.0900	0.0190	0.2312	0.1209	0.3867
000179	T	0.105671	0.251160	0.177759	0.2432	0.4017	0.0970	0.0210	0.2127	0.1035	0.3957
000180	T	0.130806	0.229043	0.183482	0.2432	0.4149	0.1000	0.0260	0.2169	0.1019	0.4030
000181	P	0.162109	0.213465	0.189882	0.2483	0.3356	0.1000	0.0240	0.2083	0.0730	0.4120
000182	Y	0.163622	0.212721	0.197159	0.2700	0.3053	0.1180	0.0270	0.2112	0.0625	0.4166
000183	Q	0.172344	0.215308	0.206824	0.2700	0.3807	0.1330	0.0360	0.2297	0.0794	0.4174
000184	V	0.238221	0.239808	0.218054	0.2483	0.3704	0.1680	0.0490	0.2471	0.0612	0.4214
000185	A	0.320598	0.277572	0.229209	0.2657	0.3740	0.2010	0.0780	0.2781	0.0569	0.4214
000186	A	0.373277	0.325405	0.237897	0.2531	0.2951	0.2200	0.0930	0.2841	0.0532	0.4182
000187	E	0.428870	0.360836	0.245075	0.3146	0.2783	0.2310	0.0990	0.3099	0.0685	0.4149
000188	I	0.470134	0.413440	0.251491	0.3053	0.3426	0.2320	0.0890	0.3359	0.0845	0.4118
000189	S	0.514662	0.426186	0.257905	0.2385	0.3426	0.2120	0.0870	0.3319	0.1088	0.4152
000190	Q	0.566561	0.451088	0.265189	0.2167	0.2783	0.2180	0.1040	0.3326	0.1309	0.4140
000191	E	0.634496	0.455418	0.274770	0.2041	0.2849	0.2440	0.1200	0.3496	0.1497	0.4158
000192	L	0.676410	0.424187	0.285344	0.1240	0.2541	0.2430	0.1260	0.3345	0.1763	0.4144
000193	A	0.675195	0.390074	0.297514	0.1921	0.3460	0.2240	0.1260	0.3542	0.1585	0.4118
000194	E	0.623511	0.375997	0.309118	0.2041	0.2645	0.2040	0.1010	0.3302	0.1441	0.4092
000195	S	0.612996	0.345321	0.321403	0.2963	0.2292	0.1920	0.0830	0.3329	0.1358	0.4059
000196	T	0.612694	0.305148	0.329865	0.2531	0.2645	0.1870	0.0760	0.3255	0.1360	0.4090
000197	V	0.629416	0.263079	0.334679	0.2041	0.2094	0.1840	0.0710	0.3041	0.1538	0.4176
000198	I	0.585991	0.248531	0.335742	0.2122	0.2034	0.1610	0.0570	0.2911	0.1424	0.4254
000199	A	0.573324	0.223522	0.334376	0.2167	0.2752	0.1510	0.0560	0.2957	0.1362	0.4337
000200	K	0.562987	0.209468	0.331695	0.2333	0.3019	0.1470	0.0600	0.2977	0.1330	0.4315
000201	V	0.550700	0.196093	0.328651	0.2080	0.2129	0.1450	0.0570	0.2736	0.1356	0.4218
000202	N	0.527942	0.196548	0.326131	0.2255	0.2129	0.1510	0.0550	0.2734	0.1254	0.4141
000203	G	0.546291	0.181604	0.323728	0.2041	0.2849	0.1470	0.0610	0.2812	0.1329	0.4002
000204	E	0.535477	0.183050	0.321213	0.2483	0.3215	0.1440	0.0610	0.2923	0.1269	0.3854
000205	L	0.549175	0.196174	0.319626	0.2385	0.3019	0.1590	0.0650	0.2940	0.1270	0.3692
000206	W	0.549576	0.212472	0.319695	0.2531	0.2988	0.1640	0.0700	0.2996	0.1232	0.3568
000207	D	0.573430	0.258933	0.321541	0.2483	0.2129	0.1700	0.0720	0.2975	0.1317	0.3567
000208	L	0.562087	0.325960	0.323931	0.3096	0.2884	0.1760	0.0740	0.3310	0.1153	0.3623
000209	D	0.519670	0.385546	0.326410	0.3005	0.2783	0.1800	0.0720	0.3318	0.1040	0.3675
000210	R	0.499240	0.436611	0.328258	0.3491	0.2193	0.2050	0.0690	0.3396	0.1062	0.3748
000211	P	0.461430	0.495020	0.330580	0.2865	0.2328	0.2450	0.0850	0.3419	0.1018	0.3705
000212	L	0.445369	0.536016	0.331514	0.2700	0.1914	0.2860	0.0900	0.3434	0.1150	0.3726
000213	E	0.497260	0.531529	0.330550	0.2748	0.1881	0.2260	0.0700	0.3413	0.1303	0.3766
000214	G	0.512636	0.555986	0.325351	0.1732	0.1969	0.2000	0.0590	0.3273	0.1547	0.3833
000215	D	0.537962	0.523651	0.318208	0.1667	0.1969	0.2050	0.0570	0.3247	0.1532	0.3905
000216	S	0.576208	0.513031	0.310107	0.2292	0.2884	0.2000	0.0450	0.3528	0.1416	0.3984
000217	S	0.611483	0.492537	0.303763	0.3311	0.3460	0.1950	0.0550	0.3800	0.1353	0.3976
000218	L	0.647824	0.472992	0.297380	0.3359	0.3426	0.1820	0.0520	0.3798	0.1470	0.3885
000219	E	0.650110	0.422933	0.290662	0.3885	0.3910	0.1600	0.0420	0.3839	0.1479	0.3791
000220	L	0.651714	0.399978	0.282339	0.3806	0.3149	0.1620	0.0420	0.3652	0.1496	0.3743
000221	L	0.627478	0.398912	0.271956	0.3762	0.2399	0.1700	0.0470	0.3474	0.1476	0.3724
000222	T	0.548889	0.394954	0.258417	0.2786	0.1323	0.1880	0.0490	0.3002	0.1377	0.3788
000223	F	0.471069	0.376131	0.244165	0.2820	0.2002	0.2400	0.0820	0.3023	0.0931	0.3830
000224	D	0.379061	0.368796	0.228410	0.1667	0.1791	0.2320	0.0690	0.2591	0.0847	0.3890
000225	N	0.292171	0.351401	0.213395	0.1532	0.1759	0.2350	0.0590	0.2369	0.0676	0.4031
000226	E	0.193299	0.331569	0.197986	0.1456	0.1424	0.1980	0.0540	0.2014	0.0628	0.4142
000227	E	0.123877	0.330110	0.186733	0.1456	0.1424	0.1420	0.0370	0.1785	0.0704	0.4335
000228	A	0.109918	0.317122	0.179229	0.1240	0.0909	0.1100	0.0210	0.1551	0.0775	0.4006
000229	Q	0.114221	0.319013	0.174797	0.1698	0.0929	0.0850	0.0150	0.1593	0.0794	0.3699
000230	A	0.143415	0.304360	0.171981	0.0991	0.0835	0.0730	0.0140	0.1459	0.0787	0.3448
000231	V	0.173653	0.271957	0.170178	0.0965	0.1476	0.0680	0.0170	0.1547	0.0649	0.3231
000232	Y	0.200805	0.233681	0.169096	0.1456	0.1914	0.0700	0.0200	0.1684	0.0517	0.3095
000233	W	0.194345	0.223995	0.168237	0.1635	0.1528	0.0680	0.0180	0.1617	0.0482	0.2949
000234	H	0.184875	0.201377	0.167945	0.2080	0.2715	0.0670	0.0150	0.1835	0.0612	0.2764
000235	S	0.184438	0.197848	0.167677	0.1349	0.1823	0.0740	0.0230	0.1569	0.0418	0.2658
000236	S	0.183209	0.208654	0.166883	0.1566	0.1115	0.0710	0.0200	0.1496	0.0460	0.2623
000237	A	0.166508	0.217945	0.164387	0.0832	0.0618	0.0810	0.0270	0.1291	0.0570	0.2571
000238	H	0.149597	0.225803	0.160459	0.0395	0.0555	0.0960	0.0360	0.1211	0.0645	0.2603
000239	I	0.105193	0.257010	0.155134	0.0268	0.0662	0.1100	0.0480	0.1201	0.0729	0.2713
000240	L	0.050227	0.292130	0.149455	0.0231	0.0631	0.1120	0.0490	0.1151	0.0894	0.2790
000241	G	0.003850	0.310157	0.144232	0.0274	0.0473	0.1080	0.0460	0.1068	0.1026	0.2814
000242	E	0.002000	0.331764	0.139585	0.0363	0.0414	0.1020	0.0370	0.1088	0.1095	0.2869
000243	A	0.003161	0.342647	0.136528	0.0336	0.0414	0.0940	0.0300	0.1086	0.1133	0.2809
000244	M	0.003784	0.289335	0.134320	0.0405	0.0765	0.0730	0.0230	0.1029	0.0923	0.2788
000245	E	0.005429	0.237879	0.133420	0.0226	0.0888	0.0600	0.0210	0.0914	0.0778	0.2783
000246	L	0.007775	0.208215	0.132982	0.0218	0.1070	0.0560	0.0180	0.0890	0.0691	0.2677
000247	Y	0.011423	0.175620	0.132533	0.0259	0.0662	0.0580	0.0190	0.0783	0.0580	0.2533
000248	Y	0.013066	0.149806	0.131573	0.0376	0.0888	0.0590	0.0200	0.0800	0.0489	0.2366
000249	G	0.013192	0.144250	0.130930	0.0245	0.0948	0.0510	0.0140	0.0765	0.0504	0.2210
000250	G	0.012828	0.143351	0.130639	0.0478	0.1476	0.0540	0.0130	0.0894	0.0530	0.2038
000251	H	0.012109	0.132463	0.130552	0.0789	0.1323	0.0560	0.0130	0.0904	0.0458	0.1895
000252	L	0.010927	0.134441	0.129820	0.0789	0.0851	0.0660	0.0190	0.0842	0.0415	0.1828
000253	C	0.010252	0.145199	0.129277	0.0363	0.0454	0.0630	0.0140	0.0716	0.0492	0.1762
000254	Y	0.008550	0.178560	0.128722	0.0268	0.0592	0.0570	0.0120	0.0765	0.0590	0.1775
000255	G	0.006391	0.206863	0.129260	0.0226	0.0592	0.0560	0.0110	0.0801	0.0686	0.1798
000256	P	0.002835	0.233256	0.130807	0.0212	0.0281	0.0600	0.0160	0.0793	0.0802	0.1862
000257	P	0.001267	0.238531	0.133578	0.0274	0.0287	0.0650	0.0210	0.0824	0.0814	0.1992
000258	I	0.001030	0.233462	0.136264	0.0274	0.0531	0.0600	0.0190	0.0852	0.0782	0.2132
000259	E	0.000960	0.208188	0.139357	0.0286	0.0948	0.0500	0.0190	0.0870	0.0703	0.2329
000260	N	0.001357	0.181955	0.143713	0.0316	0.0929	0.0500	0.0210	0.0835	0.0632	0.2506
000261	G	0.013519	0.153620	0.148230	0.0387	0.0799	0.0450	0.0150	0.0798	0.0539	0.2708
000262	F	0.024562	0.128994	0.152175	0.0405	0.0555	0.0390	0.0140	0.0735	0.0488	0.2908
000263	Y	0.040223	0.112168	0.155491	0.0542	0.0870	0.0390	0.0130	0.0814	0.0422	0.2991
000264	Y	0.046168	0.101619	0.158132	0.0554	0.1373	0.0450	0.0130	0.0906	0.0450	0.3033
000265	D	0.058158	0.098345	0.160493	0.1060	0.2064	0.0520	0.0140	0.1135	0.0548	0.3017
000266	M	0.063453	0.112108	0.162584	0.1117	0.2224	0.0660	0.0220	0.1231	0.0554	0.2952
000267	F	0.066959	0.139693	0.166840	0.0965	0.1349	0.0910	0.0410	0.1159	0.0340	0.2838
000268	I	0.074077	0.188769	0.173431	0.0884	0.1162	0.1110	0.0580	0.1253	0.0421	0.2640
000269	E	0.109126	0.229618	0.182730	0.0909	0.1528	0.1230	0.0670	0.1480	0.0471	0.2474
000270	D	0.168281	0.295602	0.193026	0.0789	0.0888	0.1600	0.0940	0.1641	0.0720	0.2236
000271	R	0.227372	0.338130	0.205087	0.0660	0.0929	0.1920	0.1140	0.1869	0.0897	0.2007
000272	A	0.290778	0.367547	0.217787	0.0405	0.1007	0.1920	0.1010	0.2016	0.1095	0.1811
000273	V	0.363399	0.408661	0.231391	0.0813	0.1137	0.1740	0.0810	0.2287	0.1215	0.1635
000274	S	0.432491	0.479166	0.243947	0.1349	0.1092	0.1740	0.0850	0.2622	0.1437	0.1522
000275	S	0.508301	0.497097	0.254496	0.1380	0.1643	0.1610	0.0760	0.2873	0.1566	0.1387
000276	T	0.550417	0.496678	0.263195	0.0909	0.1323	0.1460	0.0530	0.2799	0.1807	0.1255
000277	E	0.604501	0.486729	0.271044	0.1117	0.1070	0.1380	0.0480	0.2865	0.1942	0.1132
000278	L	0.572070	0.445078	0.279730	0.1532	0.1206	0.1260	0.0420	0.2827	0.1721	0.1038
000279	S	0.504087	0.381657	0.289129	0.1532	0.1731	0.0970	0.0230	0.2664	0.1416	0.0991
000280	A	0.441532	0.325817	0.298261	0.0884	0.1759	0.0840	0.0160	0.2357	0.1308	0.0931
000281	L	0.364438	0.289095	0.307628	0.0744	0.1611	0.0810	0.0150	0.2130	0.1132	0.0909
000282	E	0.295855	0.250504	0.316454	0.0813	0.1702	0.0860	0.0200	0.2001	0.0942	0.0879
000283	N	0.267361	0.219701	0.325056	0.0991	0.2164	0.1040	0.0260	0.2053	0.0817	0.0829
000284	I	0.202721	0.199332	0.331470	0.1456	0.1759	0.1140	0.0250	0.1948	0.0684	0.0786
000285	C	0.209660	0.209338	0.337581	0.1667	0.1942	0.1130	0.0220	0.2051	0.0679	0.0755
000286	K	0.192208	0.211434	0.344196	0.0935	0.1942	0.1120	0.0230	0.1913	0.0812	0.0779
000287	A	0.237565	0.231934	0.351099	0.0965	0.1275	0.1190	0.0260	0.1939	0.0891	0.0837
000288	I	0.254411	0.262164	0.357407	0.0858	0.1275	0.1240	0.0300	0.2018	0.0964	0.0920
000289	I	0.267029	0.285040	0.363029	0.0832	0.1399	0.1230	0.0340	0.2102	0.1008	0.0979
000290	K	0.280931	0.333297	0.368473	0.0813	0.1399	0.1210	0.0440	0.2209	0.1110	0.1006
000291	E	0.286270	0.391591	0.371936	0.0587	0.1583	0.1190	0.0520	0.2310	0.1266	0.1056
000292	K	0.256491	0.417478	0.374131	0.1041	0.2436	0.1260	0.0600	0.2537	0.1155	0.1074
000293	Q	0.297156	0.430461	0.376651	0.0965	0.1611	0.1420	0.0740	0.2506	0.1251	0.1127
000294	P	0.302085	0.461332	0.381042	0.0965	0.1028	0.1390	0.0740	0.2471	0.1427	0.1228
000295	F	0.292739	0.465072	0.385388	0.1018	0.1070	0.1510	0.0820	0.2506	0.1406	0.1376
000296	E	0.256573	0.460199	0.387868	0.0884	0.1823	0.1240	0.0630	0.2499	0.1353	0.1497
000297	R	0.241523	0.452149	0.387780	0.0587	0.1583	0.1260	0.0650	0.2374	0.1411	0.1564
000298	L	0.226637	0.446447	0.384726	0.0723	0.1092	0.1230	0.0580	0.2271	0.1423	0.1687
000299	E	0.216073	0.427339	0.379102	0.1041	0.1611	0.1010	0.0410	0.2314	0.1282	0.1855
000300	V	0.203398	0.397652	0.371500	0.0991	0.1554	0.0850	0.0270	0.2187	0.1237	0.2059
000301	S	0.182650	0.384182	0.363272	0.1018	0.1702	0.0590	0.0190	0.2102	0.1229	0.2347
000302	K	0.127465	0.357698	0.353296	0.0554	0.1501	0.0510	0.0200	0.1825	0.1274	0.2627
000303	E	0.078200	0.323440	0.341440	0.0587	0.0888	0.0480	0.0200	0.1565	0.1252	0.2983
000304	I	0.043883	0.294238	0.327979	0.0567	0.0799	0.0460	0.0190	0.1415	0.1209	0.3425
000305	L	0.031788	0.266582	0.315343	0.0274	0.0405	0.0430	0.0180	0.1208	0.1213	0.3793
000306	L	0.026674	0.225788	0.305412	0.0502	0.0780	0.0400	0.0160	0.1211	0.1059	0.3894
000307	E	0.021649	0.203381	0.297731	0.0231	0.0443	0.0400	0.0170	0.1050	0.1068	0.3976
000308	M	0.017242	0.187630	0.290604	0.0245	0.0281	0.0410	0.0180	0.0982	0.1042	0.4156
000309	F	0.014569	0.170642	0.282582	0.0252	0.0483	0.0440	0.0180	0.0976	0.0974	0.4132
000310	K	0.012438	0.166012	0.274031	0.0131	0.0483	0.0410	0.0160	0.0925	0.0963	0.3877
000311	Y	0.010457	0.171071	0.266582	0.0252	0.0676	0.0420	0.0160	0.0972	0.0920	0.3620
000312	N	0.002163	0.179973	0.259916	0.0252	0.0473	0.0390	0.0130	0.0922	0.0942	0.3267
000313	K	0.002006	0.180300	0.255035	0.0252	0.0531	0.0360	0.0120	0.0920	0.0927	0.2992
000314	F	0.001843	0.172652	0.252408	0.0144	0.0494	0.0390	0.0140	0.0883	0.0921	0.2700
000315	K	0.001876	0.176893	0.251512	0.0279	0.0646	0.0410	0.0180	0.0940	0.0896	0.2264
000316	C	0.002069	0.173301	0.251324	0.0425	0.1028	0.0460	0.0170	0.1031	0.0856	0.1905
000317	R	0.001160	0.168629	0.249481	0.0554	0.1583	0.0500	0.0190	0.1139	0.0851	0.1771
000318	I	0.003219	0.182215	0.247087	0.0542	0.1501	0.0570	0.0180	0.1157	0.0844	0.1648
000319	L	0.003977	0.211748	0.244898	0.0621	0.1298	0.0610	0.0140	0.1189	0.0860	0.1467
000320	N	0.004243	0.247254	0.242765	0.1060	0.1349	0.0680	0.0100	0.1338	0.0882	0.1350
000321	E	0.008414	0.276450	0.240409	0.0723	0.1399	0.0770	0.0240	0.1357	0.0953	0.1357
000322	K	0.010541	0.295242	0.237754	0.0744	0.1323	0.0830	0.0340	0.1389	0.0983	0.1387
000323	V	0.016159	0.307476	0.236092	0.0832	0.1251	0.0930	0.0450	0.1435	0.0985	0.1400
000324	N	0.025363	0.302681	0.235117	0.0395	0.1449	0.0880	0.0470	0.1392	0.1013	0.1377
000325	T	0.033721	0.276434	0.233656	0.0660	0.1643	0.0630	0.0300	0.1395	0.0919	0.1375
000326	A	0.037178	0.265199	0.233586	0.0813	0.1137	0.0510	0.0250	0.1303	0.0881	0.1483
000327	T	0.036117	0.237488	0.234452	0.1060	0.1823	0.0430	0.0210	0.1399	0.0832	0.1617
000328	T	0.035803	0.199778	0.236422	0.0723	0.1229	0.0410	0.0200	0.1181	0.0769	0.1690
000329	T	0.036814	0.176350	0.237350	0.1088	0.1115	0.0380	0.0170	0.1181	0.0716	0.1825
000330	V	0.033459	0.146016	0.237961	0.1150	0.1611	0.0350	0.0150	0.1214	0.0719	0.1963
000331	Y	0.031808	0.115000	0.237879	0.0567	0.1528	0.0360	0.0150	0.1050	0.0736	0.2063
000332	R	0.026924	0.102943	0.237634	0.0567	0.1583	0.0340	0.0120	0.1027	0.0752	0.2054
000333	C	0.018047	0.097000	0.237423	0.0554	0.1583	0.0400	0.0170	0.1011	0.0759	0.1997
000334	G	0.009599	0.086747	0.237661	0.1018	0.1554	0.0460	0.0200	0.1063	0.0742	0.2036
000335	P	0.006614	0.091463	0.238007	0.1018	0.1476	0.0550	0.0250	0.1067	0.0729	0.2124
000336	L	0.006609	0.105521	0.238638	0.0744	0.1399	0.0680	0.0320	0.1056	0.0719	0.2239
000337	I	0.007137	0.125714	0.239054	0.1018	0.1671	0.0790	0.0370	0.1200	0.0721	0.2269
000338	D	0.055216	0.150683	0.239326	0.0991	0.1643	0.0790	0.0320	0.1314	0.0614	0.2204
000339	L	0.062292	0.195856	0.239281	0.1018	0.1554	0.0920	0.0380	0.1411	0.0619	0.2163
000340	C	0.076841	0.236683	0.239462	0.1041	0.1028	0.1030	0.0440	0.1439	0.0673	0.2039
000341	K	0.161916	0.267041	0.239181	0.1456	0.1373	0.1070	0.0440	0.1764	0.0572	0.2049
000342	G	0.225697	0.270421	0.238137	0.1602	0.2164	0.1370	0.0540	0.2080	0.0456	0.2095
000343	P	0.235178	0.298679	0.236247	0.1456	0.1554	0.1370	0.0620	0.2014	0.0594	0.2189
000344	H	0.291175	0.310397	0.234369	0.2558	0.2292	0.1310	0.0620	0.2420	0.0575	0.2387
000345	V	0.360488	0.301999	0.231161	0.1921	0.1671	0.1090	0.0350	0.2269	0.0839	0.2526
000346	R	0.442725	0.354753	0.227525	0.1698	0.0851	0.1030	0.0340	0.2304	0.1302	0.2679
000347	H	0.493031	0.408068	0.221820	0.1766	0.1275	0.1200	0.0480	0.2579	0.1424	0.2869
000348	T	0.550694	0.421978	0.215332	0.1667	0.1969	0.1560	0.0720	0.2846	0.1487	0.3071
000349	G	0.541220	0.431845	0.208435	0.1766	0.1881	0.1600	0.0780	0.2844	0.1471	0.3333
000350	K	0.461170	0.420578	0.202109	0.2385	0.2575	0.1500	0.0620	0.2883	0.1136	0.3615
000351	I	0.400307	0.410838	0.197450	0.3535	0.3529	0.1480	0.0580	0.3105	0.1007	0.3966
000352	K	0.394435	0.400495	0.193795	0.3535	0.2752	0.1250	0.0470	0.2904	0.1032	0.4112
000353	T	0.338206	0.411082	0.191662	0.3578	0.1823	0.1220	0.0450	0.2671	0.1065	0.4322
000354	I	0.268081	0.389954	0.189029	0.2531	0.1731	0.1150	0.0430	0.2314	0.0873	0.4026
000355	K	0.184916	0.364311	0.185266	0.1805	0.1791	0.1040	0.0420	0.1996	0.0791	0.3884
000356	I	0.085286	0.339979	0.180601	0.2292	0.2470	0.1330	0.0710	0.2026	0.0823	0.3703
000357	F	0.019744	0.319342	0.175391	0.2255	0.2680	0.1530	0.0940	0.1935	0.0954	0.3684
000358	K	0.014217	0.298701	0.170977	0.2333	0.2817	0.1780	0.1110	0.1962	0.0942	0.3863
000359	N	0.008847	0.293990	0.168736	0.2657	0.2470	0.1980	0.1010	0.1970	0.0938	0.4039
000360	S	0.006031	0.329650	0.170286	0.2657	0.2575	0.1950	0.0850	0.2040	0.1024	0.4124
000361	S	0.011480	0.330641	0.174253	0.2385	0.2645	0.1850	0.0740	0.2008	0.0993	0.4258
000362	T	0.045052	0.337669	0.180310	0.3053	0.2609	0.2150	0.0840	0.2241	0.0956	0.4254
000363	Y	0.049402	0.402888	0.187146	0.3005	0.2817	0.2450	0.0790	0.2445	0.1088	0.4232
000364	W	0.070880	0.447279	0.195074	0.2385	0.2752	0.2630	0.0660	0.2483	0.1118	0.4120
000365	E	0.123296	0.477901	0.202927	0.3225	0.2783	0.2540	0.0710	0.2764	0.1096	0.3837
000366	G	0.182054	0.528910	0.209950	0.3146	0.1969	0.2430	0.0800	0.2793	0.1196	0.3716
000367	N	0.196579	0.529153	0.215765	0.3225	0.2680	0.2180	0.0810	0.2916	0.1142	0.3610
000368	P	0.213900	0.459820	0.222163	0.3263	0.2988	0.1910	0.0900	0.2854	0.0915	0.3615
000369	E	0.225598	0.438918	0.231329	0.3359	0.3019	0.1780	0.1040	0.2853	0.0861	0.3770
000370	M	0.274057	0.402185	0.242502	0.2865	0.1914	0.1570	0.0910	0.2589	0.0783	0.3953
000371	E	0.323440	0.374577	0.254706	0.2865	0.2164	0.1250	0.0650	0.2634	0.0795	0.4088
000372	T	0.395101	0.354544	0.267719	0.2209	0.2193	0.1130	0.0570	0.2618	0.0931	0.4257
000373	L	0.449130	0.349970	0.282169	0.2531	0.2292	0.0990	0.0430	0.2770	0.1077	0.4245
000374	Q	0.465142	0.333678	0.296969	0.3359	0.3053	0.0870	0.0300	0.3040	0.1118	0.4165
000375	R	0.459801	0.302721	0.310082	0.4149	0.3704	0.0810	0.0260	0.3231	0.1216	0.4074
000376	I	0.455089	0.318404	0.320171	0.4078	0.3249	0.0780	0.0220	0.3174	0.1186	0.3877
000377	Y	0.454035	0.322707	0.327301	0.3847	0.3215	0.0800	0.0230	0.3151	0.1151	0.3749
000378	G	0.456652	0.351284	0.332934	0.3578	0.3149	0.0850	0.0210	0.3164	0.1128	0.3655
000379	I	0.401729	0.377581	0.338801	0.3184	0.1914	0.1110	0.0300	0.2898	0.1042	0.3597
000380	S	0.323194	0.421547	0.344571	0.3263	0.1942	0.1320	0.0310	0.2903	0.0974	0.3614
000381	F	0.251906	0.412558	0.349578	0.2700	0.2193	0.1570	0.0370	0.2766	0.0838	0.3648
000382	P	0.178681	0.439522	0.355376	0.2748	0.1275	0.1940	0.0590	0.2616	0.1081	0.3760
000383	D	0.113439	0.454641	0.362620	0.2748	0.1349	0.3600	0.1830	0.2835	0.1242	0.3863
000384	N	0.083500	0.454444	0.372990	0.2657	0.2034	0.5150	0.2350	0.3159	0.1480	0.3948
000385	K	0.095275	0.465109	0.385639	0.2700	0.2034	0.5650	0.2390	0.3307	0.1588	0.3990
000386	M	0.164653	0.477346	0.400155	0.2820	0.1823	0.5360	0.1630	0.3404	0.1413	0.4014
000387	M	0.228191	0.496425	0.413266	0.3399	0.2436	0.4630	0.1210	0.3641	0.1028	0.4124
000388	R	0.331313	0.512098	0.423575	0.3939	0.3392	0.4130	0.1030	0.4022	0.0602	0.4308
000389	D	0.437328	0.537475	0.430704	0.3847	0.3392	0.4190	0.0990	0.4248	0.0604	0.4182
000390	W	0.543312	0.558092	0.435918	0.4379	0.4119	0.4600	0.1030	0.4745	0.0558	0.4000
000391	E	0.652019	0.579714	0.439300	0.4245	0.4087	0.4380	0.0930	0.4904	0.0917	0.3807
000392	K	0.759419	0.593776	0.442013	0.4967	0.5176	0.5430	0.1060	0.5587	0.1008	0.3611
000393	F	0.846931	0.629974	0.442676	0.4513	0.4901	0.5950	0.1340	0.5761	0.1399	0.3484
000394	Q	0.936291	0.649052	0.441497	0.4333	0.4186	0.5270	0.1350	0.5676	0.1827	0.3246
000395	E	0.958776	0.656194	0.438755	0.4282	0.4087	0.5090	0.1220	0.5666	0.1939	0.3021
000396	E	0.976801	0.671557	0.434786	0.3806	0.4119	0.5230	0.1250	0.5664	0.2070	0.2809
000397	A	0.957996	0.667066	0.430323	0.4116	0.4582	0.4980	0.1340	0.5705	0.1925	0.2593
000398	K	0.928071	0.658878	0.424043	0.4333	0.5098	0.4700	0.1550	0.5707	0.1778	0.2400
000399	N	0.862071	0.670115	0.415983	0.4556	0.5254	0.4690	0.1480	0.5663	0.1551	0.2301
000400	R	0.796079	0.676874	0.404428	0.4651	0.4476	0.4730	0.1460	0.5439	0.1421	0.2218
000401	D	0.721634	0.681559	0.390311	0.5583	0.4541	0.5080	0.1260	0.5523	0.1178	0.2190
000402	H	0.629598	0.694137	0.374695	0.4781	0.3460	0.5480	0.1280	0.5117	0.1264	0.2220
000403	R	0.530359	0.669491	0.358496	0.4037	0.2503	0.6480	0.1400	0.4767	0.1527	0.2314
000404	K	0.435861	0.633120	0.341519	0.4078	0.3460	0.6510	0.1660	0.4692	0.1267	0.2494
000405	I	0.354759	0.609592	0.324917	0.3053	0.3392	0.6030	0.1750	0.4228	0.1306	0.2777
000406	G	0.283421	0.583063	0.310191	0.2865	0.2541	0.5680	0.1700	0.3809	0.1386	0.2982
000407	K	0.215328	0.538847	0.298457	0.2865	0.2364	0.5500	0.1820	0.3542	0.1374	0.3185
000408	E	0.173785	0.481533	0.289911	0.2209	0.2849	0.4220	0.1110	0.3122	0.1077	0.3424
000409	Q	0.129731	0.426143	0.283540	0.2255	0.2918	0.2530	0.0670	0.2682	0.0885	0.3700
000410	E	0.093532	0.365036	0.277663	0.2602	0.2783	0.1660	0.0670	0.2401	0.0874	0.3926
000411	L	0.074656	0.302443	0.271923	0.2748	0.1942	0.1210	0.0450	0.2066	0.0846	0.4147
000412	F	0.063267	0.266920	0.266160	0.2657	0.1162	0.1130	0.0350	0.1818	0.0861	0.4337
000413	F	0.051804	0.220239	0.258605	0.1998	0.0676	0.0990	0.0280	0.1495	0.0798	0.4202
000414	F	0.044523	0.206009	0.248800	0.1416	0.0414	0.0980	0.0350	0.1301	0.0777	0.4145
000415	H	0.032001	0.213377	0.235167	0.0884	0.0483	0.0950	0.0370	0.1186	0.0780	0.4177
000416	D	0.021576	0.210029	0.219643	0.0744	0.0749	0.0930	0.0340	0.1157	0.0735	0.4240
000417	L	0.018182	0.212042	0.202240	0.0884	0.0749	0.0920	0.0330	0.1146	0.0698	0.4245
000418	S	0.017193	0.217560	0.186612	0.0813	0.0662	0.0760	0.0300	0.1075	0.0706	0.4261
000419	P	0.017281	0.220876	0.173664	0.0789	0.0327	0.0590	0.0250	0.0971	0.0747	0.4237
000420	G	0.017372	0.223809	0.163927	0.0542	0.0202	0.0500	0.0230	0.0882	0.0779	0.4183
000421	S	0.017216	0.212512	0.154770	0.0297	0.0119	0.0490	0.0250	0.0792	0.0766	0.4049
000422	C	0.015016	0.185371	0.144872	0.0304	0.0181	0.0400	0.0140	0.0722	0.0672	0.3884
000423	F	0.007448	0.155993	0.133394	0.0279	0.0320	0.0360	0.0100	0.0655	0.0571	0.3772
000424	F	0.004393	0.128027	0.121456	0.0441	0.0364	0.0340	0.0090	0.0613	0.0465	0.3730
000425	L	0.002355	0.102288	0.110197	0.0744	0.0690	0.0310	0.0090	0.0649	0.0379	0.3729
000426	P	0.003260	0.087061	0.099292	0.0425	0.0734	0.0300	0.0100	0.0560	0.0336	0.3781
000427	R	0.007893	0.075545	0.089939	0.0405	0.0372	0.0310	0.0110	0.0469	0.0277	0.3847
000428	G	0.013237	0.071161	0.081930	0.0744	0.0398	0.0290	0.0100	0.0516	0.0256	0.3835
000429	A	0.013920	0.065598	0.076027	0.0395	0.0405	0.0270	0.0120	0.0438	0.0212	0.3785
000430	F	0.015757	0.060608	0.070865	0.0173	0.0380	0.0320	0.0170	0.0392	0.0206	0.3861
000431	I	0.017422	0.063509	0.066170	0.0160	0.0405	0.0430	0.0210	0.0412	0.0197	0.4024
000432	Y	0.025283	0.069577	0.062381	0.0182	0.0235	0.0500	0.0200	0.0414	0.0201	0.4334
000433	N	0.029949	0.076274	0.059169	0.0363	0.0380	0.0470	0.0150	0.0477	0.0157	0.3944
000434	T	0.030049	0.081904	0.056264	0.0350	0.0719	0.0550	0.0170	0.0550	0.0184	0.3594
000435	L	0.029281	0.097080	0.052870	0.0502	0.1275	0.0760	0.0250	0.0722	0.0326	0.3278
000436	T	0.024897	0.113352	0.048383	0.0832	0.1881	0.1000	0.0330	0.0930	0.0520	0.2943
000437	D	0.020691	0.147749	0.043270	0.0587	0.0967	0.1240	0.0500	0.0819	0.0450	0.2680
000438	F	0.020965	0.207068	0.038310	0.0677	0.0985	0.1670	0.0700	0.0999	0.0671	0.2454
000439	I	0.038551	0.262264	0.033970	0.0363	0.1048	0.2040	0.0850	0.1134	0.0898	0.2158
000440	R	0.063371	0.309704	0.029766	0.0455	0.0851	0.2510	0.0950	0.1308	0.1085	0.1838
000441	E	0.081877	0.379485	0.025762	0.0858	0.0985	0.2700	0.1070	0.1568	0.1248	0.1618
000442	E	0.110574	0.400744	0.021676	0.0965	0.1399	0.2750	0.1200	0.1740	0.1264	0.1456
000443	Y	0.114451	0.381312	0.018129	0.1018	0.2436	0.2690	0.1180	0.1881	0.1216	0.1344
000444	H	0.121518	0.388394	0.015127	0.0991	0.2436	0.2260	0.1100	0.1823	0.1202	0.1251
000445	K	0.165198	0.411919	0.013651	0.1178	0.2064	0.2100	0.1010	0.1874	0.1203	0.1184
000446	R	0.187318	0.409171	0.012969	0.1921	0.1969	0.2240	0.1070	0.2037	0.1151	0.1173
000447	D	0.191610	0.409838	0.012323	0.1602	0.2034	0.2420	0.1180	0.2032	0.1173	0.1192
000448	F	0.172107	0.410904	0.011461	0.0991	0.1969	0.2420	0.1100	0.1887	0.1238	0.1202
000449	T	0.145382	0.401894	0.010047	0.1698	0.2918	0.2240	0.1110	0.2072	0.1221	0.1209
000450	E	0.119729	0.383677	0.008584	0.2333	0.2849	0.2240	0.1150	0.2090	0.1192	0.1226
000451	V	0.089190	0.370487	0.007166	0.2333	0.1823	0.2210	0.1090	0.1838	0.1146	0.1261
000452	L	0.100521	0.361481	0.006482	0.1602	0.1823	0.2160	0.1060	0.1712	0.1085	0.1285
000453	S	0.095133	0.337101	0.007139	0.0813	0.1554	0.1830	0.0870	0.1432	0.1033	0.1304
000454	P	0.051171	0.328181	0.008917	0.1456	0.2328	0.1740	0.0790	0.1567	0.1069	0.1358
000455	N	0.028019	0.318651	0.011163	0.1532	0.2436	0.1830	0.0800	0.1563	0.1097	0.1404
000456	M	0.022618	0.307093	0.013547	0.1566	0.2399	0.1790	0.0750	0.1531	0.1068	0.1459
000457	Y	0.022453	0.333346	0.016339	0.1698	0.1424	0.1860	0.0720	0.1450	0.1075	0.1448
000458	N	0.022375	0.401547	0.019919	0.1602	0.1501	0.1670	0.0680	0.1535	0.1270	0.1445
000459	S	0.021262	0.396969	0.023497	0.1635	0.2364	0.1620	0.0570	0.1672	0.1288	0.1490
000460	K	0.018058	0.396171	0.027272	0.1766	0.1501	0.1650	0.0530	0.1556	0.1251	0.1539
000461	L	0.002555	0.396632	0.031087	0.1532	0.1373	0.1840	0.0620	0.1509	0.1278	0.1593
000462	W	0.000591	0.371391	0.036005	0.1266	0.1942	0.1880	0.0600	0.1528	0.1213	0.1616
000463	E	0.000584	0.330975	0.041382	0.1844	0.2817	0.1620	0.0460	0.1669	0.1182	0.1653
000464	A	0.000362	0.358211	0.047588	0.2041	0.2470	0.1460	0.0420	0.1672	0.1203	0.1674
000465	S	0.000263	0.358432	0.053989	0.1766	0.1298	0.1370	0.0450	0.1427	0.1126	0.1672
000466	G	0.000227	0.329962	0.060307	0.1416	0.1251	0.1520	0.0410	0.1349	0.1018	0.1705
000467	H	0.000449	0.330045	0.067099	0.1088	0.0799	0.1430	0.0420	0.1215	0.1028	0.1711
000468	W	0.000609	0.326559	0.073148	0.1698	0.1449	0.1390	0.0380	0.1423	0.0997	0.1779
000469	Q	0.004670	0.306505	0.078813	0.1018	0.0888	0.1320	0.0430	0.1187	0.0924	0.1842
000470	H	0.006295	0.321520	0.083021	0.1088	0.0985	0.1440	0.0450	0.1271	0.0964	0.1876
000471	Y	0.006588	0.329814	0.086904	0.0813	0.1007	0.1540	0.0460	0.1265	0.1006	0.1936
000472	S	0.006811	0.335817	0.090550	0.1292	0.1554	0.1210	0.0300	0.1399	0.0994	0.2028
000473	E	0.006940	0.300711	0.095196	0.2209	0.2575	0.1080	0.0260	0.1649	0.1026	0.2156
000474	N	0.007073	0.286331	0.100882	0.2080	0.1476	0.1110	0.0240	0.1435	0.0876	0.2270
000475	M	0.009719	0.264623	0.107176	0.2333	0.1476	0.1270	0.0360	0.1482	0.0838	0.2451
000476	F	0.011978	0.261437	0.113142	0.1602	0.0967	0.1290	0.0380	0.1287	0.0747	0.2650
000477	T	0.015099	0.270501	0.118945	0.1416	0.0909	0.1080	0.0310	0.1242	0.0764	0.2824
000478	F	0.024892	0.280067	0.124794	0.1041	0.1092	0.1020	0.0280	0.1242	0.0767	0.3015
000479	E	0.039923	0.279390	0.130680	0.1732	0.1643	0.0930	0.0280	0.1468	0.0743	0.3163
000480	I	0.043123	0.280293	0.136223	0.1766	0.1643	0.1100	0.0440	0.1517	0.0720	0.3336
000481	E	0.044806	0.301283	0.141690	0.1602	0.1070	0.1020	0.0440	0.1429	0.0795	0.3424
000482	K	0.045064	0.286965	0.146659	0.2385	0.2002	0.0970	0.0440	0.1690	0.0824	0.3484
000483	D	0.046445	0.276468	0.151592	0.1602	0.2064	0.0960	0.0440	0.1562	0.0738	0.3482
000484	T	0.045421	0.269407	0.155837	0.1667	0.1914	0.0990	0.0430	0.1546	0.0703	0.3492
000485	F	0.044439	0.252450	0.160231	0.1698	0.1137	0.1020	0.0460	0.1405	0.0648	0.3499
000486	A	0.041227	0.266248	0.165378	0.1878	0.0888	0.0920	0.0410	0.1402	0.0748	0.3395
000487	L	0.027449	0.266845	0.170889	0.1878	0.1373	0.0860	0.0370	0.1461	0.0760	0.3267
000488	K	0.010848	0.276045	0.175887	0.1292	0.0704	0.0740	0.0300	0.1228	0.0856	0.3148
000489	P	0.007457	0.274682	0.179870	0.1732	0.1184	0.0650	0.0230	0.1364	0.0861	0.3094
000490	M	0.005668	0.262579	0.184542	0.1018	0.1048	0.0650	0.0200	0.1207	0.0828	0.3112
000491	N	0.005412	0.224166	0.189770	0.1240	0.1528	0.0500	0.0100	0.1243	0.0761	0.3070
000492	C	0.004285	0.204393	0.195317	0.1018	0.1643	0.0440	0.0110	0.1190	0.0756	0.3091
000493	P	0.005144	0.202980	0.199671	0.0935	0.1611	0.0400	0.0110	0.1171	0.0765	0.3133
000494	G	0.005069	0.185991	0.203180	0.1060	0.1528	0.0410	0.0100	0.1157	0.0729	0.3186
000495	H	0.006107	0.188659	0.205308	0.1018	0.0780	0.0430	0.0080	0.1038	0.0724	0.3218
000496	C	0.007156	0.185673	0.206502	0.1667	0.1449	0.0430	0.0100	0.1256	0.0743	0.3271
000497	L	0.007910	0.173596	0.208517	0.1088	0.1759	0.0430	0.0100	0.1197	0.0735	0.3400
000498	M	0.015488	0.175252	0.210801	0.1602	0.2129	0.0490	0.0110	0.1373	0.0771	0.3495
000499	F	0.024676	0.201957	0.214640	0.1667	0.2436	0.0610	0.0130	0.1520	0.0812	0.3577
000500	A	0.031690	0.228638	0.219059	0.1205	0.1528	0.0730	0.0220	0.1376	0.0717	0.3542
000501	H	0.054434	0.248636	0.225051	0.1732	0.1759	0.0860	0.0410	0.1606	0.0696	0.3458
000502	R	0.072487	0.288222	0.231761	0.1178	0.0909	0.1020	0.0550	0.1505	0.0802	0.3408
000503	P	0.095130	0.321265	0.238601	0.1921	0.1298	0.1110	0.0650	0.1813	0.0796	0.3445
000504	R	0.118587	0.342091	0.245629	0.1018	0.1184	0.1290	0.0930	0.1760	0.0883	0.3479
000505	S	0.140824	0.360775	0.252278	0.0858	0.0605	0.0940	0.0520	0.1657	0.1071	0.3519
000506	W	0.167007	0.379714	0.258468	0.0991	0.0646	0.0820	0.0440	0.1752	0.1122	0.3627
000507	R	0.243909	0.372513	0.262301	0.0965	0.0765	0.0710	0.0400	0.1872	0.1134	0.3705
000508	E	0.319464	0.341804	0.263926	0.1532	0.0765	0.0720	0.0440	0.2045	0.1097	0.3783
000509	M	0.336028	0.309297	0.262552	0.1349	0.0888	0.0660	0.0380	0.1996	0.1072	0.3943
000510	P	0.335300	0.259257	0.259716	0.1456	0.1583	0.0540	0.0250	0.2021	0.0924	0.4053
000511	I	0.328902	0.219263	0.256819	0.1602	0.1881	0.0450	0.0150	0.1997	0.0875	0.4188
000512	R	0.318465	0.198699	0.254094	0.1698	0.2094	0.0360	0.0100	0.1978	0.0864	0.4241
000513	F	0.310751	0.183532	0.251978	0.1766	0.1476	0.0380	0.0090	0.1847	0.0851	0.4304
000514	A	0.306256	0.165042	0.249285	0.1635	0.1251	0.0400	0.0080	0.1749	0.0853	0.4223
000515	D	0.289282	0.162905	0.246802	0.1060	0.1323	0.0470	0.0100	0.1640	0.0823	0.4078
000516	F	0.214990	0.172479	0.243861	0.1060	0.1399	0.0590	0.0140	0.1560	0.0628	0.3953
000517	G	0.137100	0.180596	0.240494	0.1844	0.1643	0.0720	0.0170	0.1631	0.0512	0.3722
000518	V	0.121645	0.187640	0.238138	0.1805	0.1611	0.0920	0.0210	0.1636	0.0470	0.3514
000519	L	0.107489	0.216217	0.237256	0.1088	0.1528	0.1090	0.0240	0.1552	0.0533	0.3276
000520	H	0.104257	0.264382	0.237121	0.1349	0.1229	0.1380	0.0330	0.1670	0.0607	0.2978
000521	R	0.103778	0.326417	0.236325	0.1266	0.1092	0.2050	0.0490	0.1845	0.0804	0.2739
000522	N	0.102345	0.374338	0.235055	0.1178	0.1611	0.2610	0.0620	0.2087	0.0938	0.2544
000523	E	0.098913	0.415722	0.233912	0.1178	0.1206	0.3000	0.0690	0.2145	0.1152	0.2423
000524	L	0.104167	0.465425	0.233604	0.1805	0.2034	0.3580	0.1020	0.2575	0.1199	0.2292
000525	S	0.110544	0.496865	0.233807	0.1456	0.2224	0.3190	0.1080	0.2547	0.1271	0.2178
000526	G	0.125116	0.497241	0.234838	0.1349	0.1275	0.3020	0.0830	0.2370	0.1335	0.2099
000527	T	0.139646	0.490706	0.236595	0.2080	0.2292	0.2420	0.0660	0.2577	0.1097	0.2012
000528	L	0.149103	0.458905	0.237848	0.1240	0.2364	0.2200	0.0750	0.2378	0.1080	0.1939
000529	S	0.154489	0.418425	0.238816	0.1732	0.3053	0.1990	0.0750	0.2483	0.0905	0.1844
000530	G	0.153938	0.386979	0.237568	0.2432	0.3910	0.1910	0.0710	0.2673	0.0910	0.1757
000531	L	0.150561	0.364662	0.235177	0.2657	0.3774	0.1950	0.0770	0.2647	0.0831	0.1697
000532	T	0.143131	0.334428	0.231399	0.2820	0.3774	0.1620	0.0600	0.2551	0.0854	0.1641
000533	R	0.135504	0.321766	0.227272	0.2432	0.2951	0.1560	0.0490	0.2298	0.0674	0.1586
000534	V	0.125697	0.341068	0.223094	0.2292	0.1791	0.1600	0.0640	0.2097	0.0687	0.1542
000535	R	0.115582	0.333240	0.217794	0.2385	0.1731	0.1750	0.0810	0.2089	0.0678	0.1542
000536	R	0.103666	0.336223	0.211548	0.1602	0.1823	0.1780	0.0830	0.1954	0.0710	0.1563
000537	F	0.095437	0.330285	0.204702	0.0884	0.1298	0.1930	0.0950	0.1735	0.0828	0.1604
000538	Q	0.090845	0.336424	0.199294	0.0858	0.1373	0.1610	0.0780	0.1685	0.0847	0.1629
000539	Q	0.092098	0.297345	0.196007	0.0884	0.2164	0.1310	0.0610	0.1702	0.0745	0.1687
000540	D	0.120146	0.271964	0.195746	0.0965	0.1554	0.1150	0.0510	0.1592	0.0598	0.1765
000541	D	0.149948	0.241431	0.197544	0.0909	0.1643	0.0830	0.0320	0.1545	0.0559	0.1851
000542	A	0.204541	0.194572	0.200227	0.0884	0.2503	0.0580	0.0210	0.1660	0.0686	0.1955
000543	H	0.246214	0.150959	0.203176	0.0965	0.2609	0.0480	0.0170	0.1676	0.0772	0.2035
000544	I	0.279063	0.133215	0.205760	0.1088	0.1914	0.0470	0.0140	0.1608	0.0746	0.2125
000545	F	0.300856	0.121936	0.208626	0.1732	0.2436	0.0470	0.0120	0.1825	0.0823	0.2185
000546	C	0.324036	0.117952	0.211373	0.1150	0.2541	0.0480	0.0100	0.1784	0.0938	0.2139
000547	T	0.335388	0.142778	0.214304	0.1150	0.1759	0.0490	0.0100	0.1721	0.0892	0.2125
000548	V	0.341069	0.180621	0.216961	0.1921	0.1969	0.0600	0.0150	0.1979	0.0818	0.2066
000549	E	0.321660	0.199915	0.218246	0.1150	0.1969	0.0590	0.0170	0.1851	0.0825	0.2064
000550	Q	0.318796	0.219217	0.218841	0.0660	0.1070	0.0670	0.0170	0.1662	0.0932	0.2001
000551	I	0.294185	0.259713	0.220532	0.0660	0.0631	0.0730	0.0220	0.1627	0.0978	0.2024
000552	E	0.254424	0.280157	0.223168	0.0350	0.0646	0.0800	0.0460	0.1562	0.0987	0.2072
000553	E	0.233448	0.271029	0.227515	0.0252	0.0734	0.0880	0.0600	0.1531	0.0938	0.2079
000554	E	0.224084	0.294268	0.230927	0.0274	0.0518	0.0930	0.0600	0.1535	0.1006	0.2102
000555	I	0.201946	0.289833	0.232846	0.0425	0.0463	0.0990	0.0590	0.1520	0.0949	0.2090
000556	K	0.186562	0.241988	0.231883	0.0441	0.0851	0.0970	0.0570	0.1478	0.0760	0.2096
000557	G	0.168524	0.199353	0.229371	0.0455	0.1424	0.0880	0.0480	0.1455	0.0629	0.2184
000558	C	0.150910	0.178436	0.225366	0.0455	0.0749	0.0720	0.0320	0.1246	0.0648	0.2240
000559	L	0.115977	0.142689	0.220331	0.0744	0.1115	0.0650	0.0260	0.1216	0.0513	0.2383
000560	Q	0.078338	0.111316	0.214149	0.0387	0.0543	0.0540	0.0180	0.0917	0.0595	0.2470
000561	F	0.069566	0.109850	0.209395	0.0395	0.0483	0.0470	0.0130	0.0872	0.0594	0.2671
000562	L	0.046268	0.113932	0.205143	0.0405	0.0405	0.0410	0.0090	0.0812	0.0614	0.2716
000563	Q	0.022974	0.115918	0.201972	0.0376	0.0398	0.0440	0.0130	0.0770	0.0634	0.2766
000564	S	0.012455	0.123317	0.199185	0.0194	0.0223	0.0510	0.0200	0.0712	0.0684	0.2868
000565	V	0.004798	0.151755	0.197347	0.0179	0.0214	0.0570	0.0270	0.0751	0.0733	0.3046
000566	Y	0.003270	0.153119	0.196293	0.0179	0.0205	0.0620	0.0290	0.0756	0.0734	0.3244
000567	S	0.000292	0.163468	0.195759	0.0200	0.0209	0.0660	0.0300	0.0777	0.0753	0.3429
000568	T	0.003245	0.173716	0.195358	0.0097	0.0209	0.0710	0.0270	0.0790	0.0780	0.3574
000569	F	0.007313	0.183947	0.193662	0.0212	0.0341	0.0830	0.0270	0.0873	0.0756	0.3728
000570	G	0.009395	0.178267	0.191341	0.0376	0.0690	0.0920	0.0250	0.0963	0.0677	0.3711
000571	F	0.010595	0.193580	0.191351	0.0336	0.0704	0.1050	0.0270	0.1007	0.0712	0.3718
000572	S	0.012203	0.223577	0.194913	0.0771	0.1373	0.1050	0.0210	0.1251	0.0709	0.3595
000573	F	0.024390	0.241594	0.199492	0.1416	0.1184	0.1220	0.0200	0.1412	0.0683	0.3524
000574	Q	0.033746	0.260185	0.203334	0.1456	0.0662	0.1570	0.0440	0.1443	0.0768	0.3409
000575	L	0.056715	0.285224	0.206679	0.0935	0.0690	0.2190	0.0620	0.1550	0.0861	0.3331
000576	N	0.108818	0.305447	0.212315	0.0935	0.1092	0.2460	0.0580	0.1791	0.0802	0.3189
000577	L	0.116934	0.326076	0.219703	0.1602	0.1162	0.2850	0.0860	0.2040	0.0805	0.3092
000578	S	0.140975	0.351707	0.229521	0.1766	0.1298	0.2600	0.0890	0.2147	0.0765	0.3016
000579	T	0.202676	0.371654	0.241041	0.1178	0.1028	0.2550	0.0930	0.2151	0.0904	0.2976
000580	R	0.284307	0.394831	0.254461	0.2041	0.1070	0.2430	0.0850	0.2480	0.0864	0.2989
000581	P	0.372103	0.417476	0.267309	0.1698	0.1115	0.2130	0.0800	0.2585	0.1079	0.3201
000582	E	0.447255	0.390232	0.277907	0.1766	0.2034	0.1830	0.0770	0.2797	0.1050	0.3370
000583	N	0.525627	0.377725	0.284386	0.1766	0.1791	0.1690	0.0740	0.2854	0.1310	0.3567
000584	F	0.590304	0.364458	0.287427	0.2748	0.2951	0.1780	0.0740	0.3316	0.1279	0.3814
000585	L	0.624775	0.337688	0.291383	0.2432	0.2783	0.1650	0.0720	0.3233	0.1447	0.4028
000586	G	0.700337	0.327187	0.297861	0.3535	0.3740	0.1460	0.0600	0.3664	0.1667	0.4157
000587	E	0.748426	0.332852	0.305574	0.3491	0.2783	0.1240	0.0410	0.3563	0.1902	0.4305
000588	I	0.748064	0.322806	0.311880	0.4556	0.3740	0.1350	0.0360	0.3912	0.1864	0.4253
000589	E	0.716746	0.306866	0.317192	0.3939	0.3872	0.1240	0.0290	0.3744	0.1771	0.4184
000590	M	0.688082	0.330375	0.324105	0.4203	0.3774	0.1280	0.0320	0.3780	0.1661	0.4172
000591	W	0.661483	0.373756	0.331696	0.4282	0.2951	0.1280	0.0270	0.3697	0.1603	0.4264
000592	N	0.643693	0.420141	0.338359	0.3939	0.2292	0.1280	0.0380	0.3589	0.1615	0.4130
000593	E	0.628057	0.456843	0.344963	0.3146	0.2258	0.1360	0.0360	0.3510	0.1588	0.3938
000594	A	0.617556	0.520221	0.350463	0.2748	0.1275	0.1310	0.0320	0.3369	0.1838	0.3771
000595	E	0.560201	0.560613	0.354950	0.3717	0.2193	0.1330	0.0340	0.3666	0.1589	0.3624
000596	K	0.484388	0.529732	0.358091	0.3847	0.3149	0.1560	0.0640	0.3713	0.1209	0.3503
000597	Q	0.421354	0.523336	0.360739	0.3806	0.3392	0.1710	0.0850	0.3660	0.1055	0.3452
000598	L	0.393232	0.523091	0.362431	0.3806	0.2292	0.1570	0.0800	0.3409	0.1186	0.3423
000599	Q	0.366774	0.493166	0.362418	0.4918	0.3053	0.1310	0.0670	0.3584	0.1229	0.3419
000600	N	0.311200	0.456443	0.362267	0.4078	0.2541	0.1250	0.0650	0.3195	0.1084	0.3432
000601	S	0.266853	0.437654	0.362174	0.4333	0.2988	0.1260	0.0690	0.3208	0.1075	0.3501
000602	L	0.197065	0.408513	0.359152	0.4703	0.4256	0.1580	0.0870	0.3364	0.1176	0.3609
000603	M	0.129382	0.371456	0.352070	0.4651	0.4149	0.1930	0.1030	0.3209	0.1199	0.3776
000604	D	0.101440	0.360962	0.343443	0.4781	0.4119	0.2030	0.0780	0.3165	0.1272	0.3885
000605	F	0.101367	0.378687	0.335212	0.5008	0.4441	0.2000	0.0720	0.3266	0.1377	0.3981
000606	G	0.101315	0.408405	0.327722	0.4918	0.4017	0.1810	0.0610	0.3187	0.1361	0.4001
000607	E	0.078667	0.423473	0.318586	0.4967	0.3019	0.1980	0.0550	0.3029	0.1376	0.4047
000608	P	0.044445	0.456370	0.308010	0.4458	0.2034	0.2100	0.0560	0.2780	0.1447	0.4117
000609	W	0.039343	0.459235	0.295039	0.4333	0.2884	0.2370	0.0540	0.2921	0.1383	0.4165
000610	K	0.014075	0.443660	0.280302	0.3311	0.3053	0.2340	0.0530	0.2681	0.1304	0.4130
000611	M	0.011796	0.442660	0.263891	0.3359	0.2884	0.2300	0.0590	0.2622	0.1306	0.4147
000612	N	0.003396	0.462433	0.247460	0.3717	0.2094	0.1870	0.0500	0.2469	0.1451	0.4076
000613	P	0.002105	0.448796	0.231709	0.4282	0.3053	0.1710	0.0460	0.2645	0.1534	0.4063
000614	G	0.003260	0.422329	0.219103	0.3885	0.2645	0.1660	0.0470	0.2439	0.1401	0.4049
000615	D	0.003834	0.413352	0.208039	0.3847	0.2470	0.1530	0.0460	0.2350	0.1386	0.4092
000616	G	0.003742	0.368509	0.196463	0.3717	0.2715	0.1530	0.0540	0.2274	0.1286	0.4099
000617	A	0.003946	0.324683	0.183091	0.3668	0.2645	0.1490	0.0580	0.2153	0.1207	0.4185
000618	F	0.004177	0.289444	0.171087	0.2786	0.2645	0.1440	0.0590	0.1920	0.1002	0.4225
000619	Y	0.011545	0.285638	0.161905	0.2385	0.2064	0.1230	0.0460	0.1712	0.0883	0.4122
000620	G	0.012028	0.276411	0.154909	0.3184	0.2224	0.1070	0.0380	0.1819	0.1035	0.4020
000621	P	0.012156	0.279000	0.147399	0.2913	0.2292	0.1070	0.0370	0.1776	0.0993	0.4004
000622	K	0.012135	0.263503	0.140182	0.2483	0.2609	0.1070	0.0360	0.1720	0.0939	0.3925
000623	I	0.010677	0.259687	0.133586	0.2483	0.1671	0.1160	0.0460	0.1559	0.0843	0.3942
000624	D	0.009779	0.273827	0.127027	0.2209	0.1399	0.1190	0.0500	0.1483	0.0833	0.3871
000625	I	0.009265	0.273889	0.121177	0.1495	0.1449	0.1240	0.0520	0.1372	0.0771	0.3820
000626	K	0.010205	0.291829	0.116148	0.1380	0.0870	0.1080	0.0420	0.1252	0.0847	0.3713
000627	I	0.011044	0.314298	0.111795	0.1532	0.0719	0.1060	0.0400	0.1281	0.0939	0.3713
000628	K	0.003619	0.304599	0.107717	0.1240	0.0870	0.1000	0.0390	0.1212	0.0906	0.3647
000629	D	0.003428	0.272489	0.104443	0.1456	0.0985	0.0950	0.0320	0.1199	0.0804	0.3629
000630	A	0.003274	0.247335	0.103157	0.1998	0.1671	0.0750	0.0170	0.1326	0.0814	0.3683
000631	I	0.003251	0.201141	0.102620	0.1322	0.1048	0.0630	0.0150	0.1011	0.0606	0.3742
000632	G	0.003268	0.157691	0.102084	0.1178	0.0948	0.0500	0.0130	0.0877	0.0493	0.3713
000633	R	0.003506	0.141644	0.101612	0.0701	0.0506	0.0430	0.0110	0.0684	0.0440	0.3714
000634	Y	0.003621	0.129530	0.102197	0.1117	0.0909	0.0430	0.0110	0.0801	0.0433	0.3715
000635	H	0.005321	0.111883	0.103485	0.0587	0.0494	0.0400	0.0110	0.0615	0.0366	0.3757
000636	Q	0.004782	0.102931	0.105323	0.1060	0.0967	0.0390	0.0100	0.0758	0.0394	0.3742
000637	C	0.005089	0.101552	0.107043	0.0587	0.0605	0.0380	0.0100	0.0618	0.0352	0.3736
000638	A	0.005328	0.101391	0.108164	0.1240	0.0985	0.0360	0.0090	0.0789	0.0429	0.3615
000639	T	0.005736	0.094774	0.109031	0.0701	0.0531	0.0340	0.0080	0.0611	0.0350	0.3541
000640	I	0.005725	0.103647	0.109429	0.0677	0.0518	0.0350	0.0070	0.0622	0.0365	0.3512
000641	Q	0.005761	0.102853	0.110054	0.0464	0.0364	0.0330	0.0080	0.0558	0.0379	0.3452
000642	L	0.005661	0.095021	0.110628	0.0789	0.0618	0.0350	0.0110	0.0646	0.0355	0.3339
000643	D	0.005448	0.089741	0.111612	0.0441	0.0334	0.0350	0.0110	0.0532	0.0362	0.3301
000644	F	0.003061	0.089138	0.112741	0.0414	0.0231	0.0400	0.0150	0.0516	0.0377	0.3222
000645	Q	0.003052	0.079577	0.113808	0.0425	0.0389	0.0500	0.0220	0.0546	0.0346	0.3039
000646	L	0.004376	0.074981	0.114841	0.0279	0.0398	0.0660	0.0270	0.0547	0.0357	0.2824
000647	P	0.006890	0.075971	0.115882	0.0259	0.0405	0.0800	0.0330	0.0575	0.0367	0.2670
000648	I	0.007366	0.074909	0.117381	0.0414	0.0690	0.1330	0.0650	0.0738	0.0426	0.2529
000649	R	0.008516	0.073786	0.119207	0.0526	0.0870	0.1950	0.0920	0.0894	0.0580	0.2418
000650	F	0.040739	0.080108	0.121166	0.0567	0.0909	0.2630	0.1240	0.1088	0.0736	0.2281
000651	N	0.135608	0.092488	0.122706	0.1018	0.1424	0.1730	0.0550	0.1280	0.0267	0.2067
000652	L	0.225981	0.117130	0.123691	0.0965	0.1298	0.1440	0.0380	0.1395	0.0412	0.1902
000653	T	0.316394	0.153633	0.124524	0.1566	0.2002	0.1760	0.0710	0.1878	0.0619	0.1787
000654	Y	0.386984	0.231659	0.125508	0.1532	0.2129	0.2130	0.0700	0.2206	0.0832	0.1681
000655	V	0.454035	0.328231	0.126237	0.2255	0.2541	0.2230	0.0880	0.2686	0.1019	0.1611
000656	S	0.519915	0.444298	0.126298	0.2531	0.1702	0.2570	0.0810	0.2951	0.1415	0.1585
000657	K	0.624666	0.563972	0.125557	0.2748	0.1702	0.3630	0.1240	0.3538	0.1869	0.1588
000658	D	0.726234	0.654806	0.124306	0.1602	0.1476	0.4960	0.1380	0.3848	0.2505	0.1578
000659	G	0.796685	0.700325	0.122551	0.1635	0.2164	0.6380	0.1760	0.4395	0.2773	0.1564
000660	D	0.805487	0.731046	0.120506	0.1566	0.1914	0.7130	0.1820	0.4530	0.2989	0.1564
000661	D	0.823601	0.754661	0.118389	0.2333	0.2164	0.7100	0.2060	0.4760	0.2908	0.1564
000662	K	0.841190	0.714703	0.116752	0.1998	0.1399	0.6720	0.2120	0.4473	0.3006	0.1594
000663	K	0.879591	0.648984	0.115685	0.2122	0.2129	0.5300	0.2020	0.4332	0.2749	0.1610
000664	R	0.912862	0.557379	0.115198	0.1456	0.2064	0.3960	0.1610	0.3889	0.2800	0.1615
000665	P	0.945634	0.429394	0.114574	0.2122	0.2364	0.2540	0.1360	0.3653	0.2758	0.1612
000666	V	0.938995	0.297596	0.113871	0.2865	0.3182	0.2060	0.1200	0.3602	0.2679	0.1585
000667	I	0.923641	0.191445	0.112900	0.2122	0.3215	0.1950	0.1090	0.3261	0.2741	0.1574
000668	I	0.857146	0.133367	0.111876	0.2080	0.2884	0.1850	0.1010	0.2973	0.2567	0.1562
000669	H	0.760833	0.120759	0.111117	0.1998	0.1969	0.1640	0.0840	0.2588	0.2270	0.1574
000670	R	0.664756	0.115745	0.110257	0.1667	0.1731	0.1680	0.0800	0.2331	0.1947	0.1577
000671	A	0.611026	0.109882	0.109532	0.1060	0.1048	0.1470	0.0680	0.1981	0.1853	0.1571
000672	I	0.543494	0.121435	0.108302	0.0858	0.0592	0.1360	0.0600	0.1756	0.1663	0.1586
000673	L	0.484756	0.134954	0.106927	0.0526	0.0605	0.1170	0.0460	0.1594	0.1484	0.1589
000674	G	0.437836	0.143030	0.105492	0.0308	0.0690	0.0980	0.0310	0.1474	0.1343	0.1605
000675	S	0.404077	0.158784	0.104317	0.0327	0.0734	0.0860	0.0250	0.1431	0.1226	0.1630
000676	V	0.391750	0.172461	0.103333	0.0268	0.0356	0.0850	0.0310	0.1358	0.1241	0.1650
000677	E	0.359427	0.164708	0.102084	0.0405	0.0543	0.0900	0.0450	0.1351	0.1079	0.1679
000678	R	0.359850	0.156833	0.100388	0.0350	0.0888	0.0890	0.0450	0.1384	0.1052	0.1694
000679	M	0.349192	0.157106	0.098343	0.0621	0.1399	0.0900	0.0470	0.1495	0.0947	0.1702
000680	I	0.294426	0.154788	0.096325	0.0643	0.0835	0.0870	0.0450	0.1301	0.0786	0.1649
000681	A	0.252394	0.152653	0.094274	0.0677	0.1007	0.0810	0.0400	0.1248	0.0629	0.1660
000682	I	0.208916	0.164596	0.092459	0.0464	0.0646	0.0690	0.0250	0.1077	0.0589	0.1673
000683	L	0.154140	0.183678	0.091229	0.0935	0.0605	0.0640	0.0210	0.1078	0.0458	0.1700
000684	S	0.089104	0.184973	0.090465	0.0832	0.0592	0.0660	0.0190	0.0954	0.0417	0.1784
000685	E	0.014086	0.167958	0.090072	0.0490	0.0592	0.0690	0.0150	0.0749	0.0475	0.1884
000686	N	0.010195	0.160752	0.090295	0.0279	0.0704	0.0780	0.0160	0.0729	0.0483	0.1985
000687	Y	0.002310	0.157782	0.091789	0.0441	0.1048	0.0700	0.0140	0.0784	0.0487	0.2129
000688	G	0.000557	0.156697	0.094692	0.0478	0.1048	0.0600	0.0130	0.0774	0.0490	0.2296
000689	G	0.000563	0.160386	0.098342	0.0455	0.0719	0.0580	0.0130	0.0725	0.0492	0.2470
000690	K	0.000653	0.169738	0.101776	0.0587	0.0719	0.0560	0.0140	0.0764	0.0514	0.2646
000691	W	0.000692	0.162306	0.104874	0.0607	0.0799	0.0530	0.0140	0.0769	0.0496	0.2951
000692	P	0.001898	0.143453	0.108048	0.0554	0.0581	0.0430	0.0110	0.0684	0.0457	0.3152
000693	F	0.004809	0.119173	0.111818	0.0567	0.1115	0.0420	0.0120	0.0744	0.0428	0.3361
000694	W	0.020207	0.095267	0.116394	0.0567	0.1229	0.0390	0.0110	0.0750	0.0389	0.3511
000695	L	0.023246	0.085178	0.121453	0.0660	0.1251	0.0370	0.0090	0.0763	0.0387	0.3440
000696	S	0.023408	0.083147	0.127237	0.0405	0.1323	0.0370	0.0080	0.0739	0.0436	0.3310
000697	P	0.023580	0.090131	0.132652	0.0414	0.1275	0.0380	0.0070	0.0755	0.0437	0.3176
000698	R	0.023839	0.090366	0.137699	0.0909	0.1399	0.0450	0.0100	0.0879	0.0432	0.3028
000699	Q	0.023893	0.096380	0.143150	0.0884	0.1501	0.0460	0.0090	0.0912	0.0462	0.2879
000700	V	0.027134	0.100090	0.149915	0.0587	0.1501	0.0490	0.0130	0.0891	0.0482	0.2745
000701	M	0.072397	0.120130	0.157591	0.0660	0.0948	0.0470	0.0130	0.0930	0.0370	0.2611
000702	V	0.124588	0.133243	0.164407	0.1117	0.1349	0.0480	0.0140	0.1195	0.0356	0.2346
000703	I	0.164547	0.140871	0.170824	0.0542	0.0690	0.0500	0.0150	0.1082	0.0516	0.2127
000704	P	0.203750	0.148517	0.176905	0.0858	0.1349	0.0490	0.0160	0.1332	0.0523	0.1906
000705	V	0.241724	0.154600	0.183278	0.0858	0.1501	0.0510	0.0170	0.1444	0.0624	0.1712
000706	G	0.253099	0.155972	0.188498	0.1495	0.2193	0.0510	0.0180	0.1696	0.0637	0.1612
000707	P	0.256934	0.150599	0.192727	0.1018	0.2193	0.0500	0.0150	0.1619	0.0702	0.1544
000708	T	0.275210	0.171267	0.196104	0.0909	0.2034	0.0520	0.0140	0.1647	0.0741	0.1471
000709	C	0.296147	0.214849	0.199105	0.0991	0.1206	0.0560	0.0160	0.1642	0.0808	0.1392
000710	E	0.280154	0.245058	0.201587	0.1018	0.0605	0.0580	0.0150	0.1578	0.0886	0.1320
000711	K	0.233681	0.260048	0.203179	0.0935	0.0948	0.0730	0.0250	0.1596	0.0749	0.1256
000712	Y	0.188738	0.268467	0.204291	0.0701	0.1251	0.0800	0.0290	0.1562	0.0708	0.1205
000713	A	0.156359	0.263858	0.204858	0.1205	0.1731	0.0950	0.0400	0.1689	0.0552	0.1220
000714	L	0.124664	0.240821	0.204095	0.1958	0.1528	0.0980	0.0340	0.1694	0.0489	0.1244
000715	Q	0.118591	0.259008	0.201397	0.1732	0.1092	0.0890	0.0230	0.1583	0.0593	0.1318
000716	V	0.126225	0.274914	0.197279	0.1602	0.1323	0.0910	0.0230	0.1637	0.0593	0.1444
000717	S	0.112233	0.300273	0.192811	0.1322	0.1399	0.0930	0.0250	0.1617	0.0692	0.1596
000718	S	0.099359	0.318016	0.188183	0.0965	0.0817	0.1050	0.0280	0.1482	0.0834	0.1778
000719	E	0.121976	0.345594	0.182976	0.1041	0.0817	0.1250	0.0310	0.1603	0.0884	0.1979
000720	F	0.175493	0.347093	0.177433	0.0935	0.0765	0.1570	0.0450	0.1713	0.0877	0.2209
000721	F	0.206609	0.368194	0.172680	0.0884	0.0734	0.1340	0.0310	0.1739	0.0982	0.2426
000722	E	0.235890	0.369057	0.168631	0.0526	0.0749	0.0990	0.0220	0.1667	0.1093	0.2628
000723	E	0.263468	0.357342	0.165271	0.1041	0.1229	0.0890	0.0260	0.1837	0.0965	0.2846
000724	G	0.283879	0.338844	0.161374	0.1150	0.0967	0.0870	0.0260	0.1805	0.0967	0.3026
000725	F	0.282905	0.307295	0.157155	0.1732	0.1583	0.0960	0.0230	0.1959	0.0745	0.3218
000726	M	0.279683	0.276959	0.152441	0.1117	0.0929	0.0880	0.0280	0.1669	0.0815	0.3304
000727	A	0.274558	0.272934	0.146686	0.1566	0.1449	0.0800	0.0290	0.1792	0.0713	0.3314
000728	D	0.265946	0.272644	0.140318	0.0935	0.1449	0.0940	0.0280	0.1686	0.0740	0.3283
000729	V	0.218818	0.266027	0.133268	0.0935	0.1449	0.1060	0.0260	0.1604	0.0619	0.3191
000730	D	0.178428	0.262129	0.125684	0.0789	0.0835	0.1220	0.0350	0.1417	0.0630	0.3084
000731	L	0.140373	0.273258	0.116850	0.1240	0.1501	0.1440	0.0460	0.1581	0.0528	0.2955
000732	D	0.108850	0.256902	0.107347	0.1240	0.2541	0.1420	0.0460	0.1656	0.0646	0.2829
000733	H	0.085343	0.248619	0.098868	0.1088	0.2129	0.1490	0.0560	0.1506	0.0608	0.2690
000734	S	0.077209	0.253250	0.091899	0.1018	0.2129	0.1740	0.0750	0.1518	0.0660	0.2531
000735	C	0.076363	0.278780	0.086032	0.0813	0.1449	0.1860	0.0780	0.1423	0.0728	0.2370
000736	T	0.070693	0.293624	0.080621	0.1456	0.2094	0.1950	0.0750	0.1658	0.0772	0.2252
000737	L	0.026216	0.339964	0.077204	0.1117	0.2503	0.1940	0.0690	0.1666	0.1069	0.2158
000738	N	0.010947	0.379916	0.075316	0.1178	0.1969	0.2020	0.0760	0.1638	0.1173	0.2030
000739	K	0.009818	0.399347	0.075233	0.1150	0.2034	0.1970	0.0680	0.1666	0.1238	0.1960
000740	K	0.008766	0.378293	0.076348	0.1178	0.1702	0.1910	0.0780	0.1571	0.1157	0.1928
000741	I	0.006262	0.372288	0.079330	0.1117	0.1070	0.1540	0.0610	0.1384	0.1137	0.1969
000742	R	0.003989	0.333379	0.083804	0.1150	0.1115	0.1150	0.0420	0.1271	0.1001	0.2038
000743	N	0.001602	0.269161	0.088200	0.0660	0.0734	0.1000	0.0380	0.0997	0.0820	0.2137
000744	A	0.001422	0.228049	0.091788	0.0455	0.0494	0.0840	0.0340	0.0833	0.0711	0.2291
000745	Q	0.001354	0.192708	0.094500	0.0316	0.0494	0.0630	0.0250	0.0720	0.0610	0.2485
000746	L	0.001807	0.140002	0.097436	0.0350	0.0835	0.0500	0.0160	0.0680	0.0449	0.2705
000747	A	0.004624	0.110359	0.100355	0.0350	0.0817	0.0430	0.0110	0.0625	0.0378	0.2866
000748	Q	0.019526	0.086965	0.103230	0.0643	0.1424	0.0370	0.0100	0.0756	0.0411	0.3023
000749	Y	0.020920	0.069098	0.105269	0.0660	0.1323	0.0370	0.0130	0.0718	0.0378	0.3238
000750	N	0.022385	0.060170	0.107287	0.0744	0.0817	0.0420	0.0130	0.0646	0.0275	0.3344
000751	F	0.023317	0.059192	0.109250	0.0813	0.0851	0.0560	0.0190	0.0691	0.0270	0.3468
000752	I	0.024011	0.059163	0.111301	0.0771	0.1501	0.0800	0.0260	0.0836	0.0396	0.3449
000753	L	0.025012	0.066148	0.113332	0.0813	0.1275	0.1120	0.0370	0.0875	0.0348	0.3381
000754	V	0.037104	0.094845	0.115288	0.0832	0.0799	0.1470	0.0480	0.0928	0.0336	0.3254
000755	V	0.048280	0.145333	0.118095	0.0858	0.1028	0.1900	0.0570	0.1150	0.0446	0.3093
000756	G	0.100792	0.194312	0.123292	0.0514	0.0646	0.2450	0.0650	0.1298	0.0691	0.2907
000757	E	0.145469	0.269670	0.131920	0.0884	0.1070	0.2580	0.0930	0.1667	0.0710	0.2760
000758	K	0.231152	0.331638	0.145231	0.0677	0.1298	0.2740	0.1230	0.1965	0.0904	0.2660
000759	E	0.336967	0.382662	0.162273	0.0660	0.1229	0.2850	0.1360	0.2259	0.1159	0.2575
000760	K	0.443253	0.415130	0.182147	0.1018	0.1969	0.2650	0.1100	0.2674	0.1241	0.2502
000761	I	0.549355	0.447122	0.203054	0.0991	0.1942	0.2390	0.0880	0.2886	0.1569	0.2468
000762	D	0.655705	0.423537	0.223686	0.1602	0.2918	0.1920	0.0690	0.3246	0.1709	0.2402
000763	N	0.747076	0.411691	0.243233	0.2292	0.2884	0.1900	0.0580	0.3516	0.1901	0.2389
000764	A	0.842259	0.389651	0.261398	0.3005	0.3667	0.1780	0.0430	0.3898	0.2139	0.2420
000765	V	0.870730	0.361959	0.276906	0.2657	0.4292	0.1290	0.0220	0.3889	0.2345	0.2518
000766	N	0.858576	0.341137	0.289730	0.3399	0.5055	0.1210	0.0310	0.4094	0.2301	0.2592
000767	V	0.794851	0.354561	0.299529	0.3456	0.4186	0.1300	0.0410	0.3905	0.2016	0.2650
000768	R	0.723438	0.377988	0.306917	0.3399	0.3286	0.1630	0.0830	0.3734	0.1704	0.2682
000769	T	0.641562	0.385507	0.313569	0.2602	0.2680	0.1890	0.0820	0.3430	0.1461	0.2747
000770	R	0.552121	0.405553	0.320197	0.1958	0.2609	0.1580	0.0450	0.3154	0.1331	0.2834
000771	D	0.473218	0.425034	0.327061	0.1532	0.2575	0.1450	0.0450	0.2968	0.1250	0.2915
000772	N	0.431366	0.402294	0.333778	0.2385	0.3182	0.1420	0.0450	0.3110	0.0977	0.3032
000773	K	0.375799	0.385119	0.339008	0.2432	0.2328	0.1600	0.0580	0.2894	0.0827	0.3163
000774	I	0.394529	0.367290	0.344445	0.2167	0.2258	0.1780	0.0600	0.2878	0.0835	0.3286
000775	H	0.373122	0.334600	0.349511	0.1698	0.2541	0.1920	0.0660	0.2789	0.0785	0.3371
000776	G	0.367627	0.295939	0.355950	0.2292	0.2436	0.2000	0.0640	0.2821	0.0631	0.3356
000777	E	0.349649	0.267793	0.362733	0.2292	0.2258	0.2160	0.0740	0.2752	0.0596	0.3405
000778	I	0.362080	0.222245	0.369501	0.2255	0.3053	0.2330	0.0840	0.2863	0.0628	0.3491
000779	L	0.382506	0.195824	0.375924	0.2209	0.2258	0.2290	0.0840	0.2716	0.0769	0.3566
000780	V	0.416542	0.217666	0.382733	0.2333	0.2193	0.2190	0.0830	0.2815	0.0843	0.3576
000781	T	0.426137	0.215902	0.390526	0.1667	0.2164	0.2110	0.0770	0.2711	0.0991	0.3555
000782	S	0.447583	0.240494	0.398234	0.1667	0.2129	0.1980	0.0680	0.2774	0.1061	0.3537
000783	A	0.414902	0.278747	0.406760	0.1635	0.2034	0.1950	0.0640	0.2771	0.1007	0.3488
000784	I	0.463593	0.326944	0.416593	0.1635	0.2094	0.2230	0.0770	0.3006	0.1109	0.3408
000785	D	0.527473	0.369283	0.428802	0.2483	0.2164	0.2420	0.0890	0.3387	0.1134	0.3332
000786	K	0.603460	0.423963	0.441955	0.2292	0.2258	0.3000	0.1330	0.3707	0.1343	0.3326
000787	L	0.649961	0.460611	0.451741	0.1566	0.2002	0.3490	0.1570	0.3779	0.1672	0.3371
000788	K	0.686984	0.477384	0.456581	0.1602	0.2002	0.3700	0.1750	0.3919	0.1777	0.3395
000789	N	0.693172	0.485703	0.454803	0.1958	0.2918	0.4650	0.2030	0.4310	0.1571	0.3383
000790	L	0.704659	0.500211	0.449441	0.2558	0.3426	0.5050	0.1920	0.4596	0.1409	0.3366
000791	R	0.724202	0.496664	0.441353	0.3096	0.3087	0.5160	0.1830	0.4661	0.1414	0.3364
000792	K	0.756625	0.483154	0.431730	0.2820	0.2988	0.5950	0.2060	0.4745	0.1652	0.3442
000793	T	0.751476	0.483254	0.421844	0.1921	0.2817	0.7730	0.0850	0.4839	0.2180	0.3528
000794	R	0.745241	0.503849	0.412471	0.2531	0.2849	0.8090	0.0910	0.5015	0.2124	0.3627
000795	T	0.738004	0.519526	0.404047	0.3847	0.3529	0.7610	0.0870	0.5267	0.1658	0.3752
000796	L	0.724315	0.538917	0.397667	0.4333	0.3215	0.7500	0.0910	0.5276	0.1615	0.3903
000797	N	0.727253	0.593777	0.393941	0.4749	0.3019	0.7690	0.0760	0.5434	0.1695	0.3958
000798	A	0.765301	0.604371	0.392977	0.5941	0.3807	0.8350	0.0690	0.5955	0.1701	0.3996
000799	E	0.780096	0.676067	0.393614	0.6374	0.3631	0.8710	0.0420	0.6203	0.1869	0.4037
000800	E	0.636535	0.721512	0.394183	0.6715	0.3149	0.8480	0.0550	0.5978	0.1854	0.4123
000801	A	0.702109	0.780929	0.393571	0.7772	0.4186	0.8520	0.0730	0.6541	0.1807	0.4268
000802	F	0.962240	0.800869	0.393034	0.8200	0.3948	0.8490	0.0860	0.7033	0.2247	0.4224