RESNUM	RES	VL-XT	VSL2B	VL3	IUPred-S	IUPred-L	PONDRFIT	FITERROR	MDP	MDPERROR	ANCHOR2
000001	M	0.795386	0.781784	0.653296	0.8283	0.4292	0.9810	0.0140	0.7449	0.1707	0.4310
000002	N	0.671063	0.753956	0.654977	0.7772	0.3599	0.9810	0.0120	0.6996	0.1854	0.4266
000003	L	0.695472	0.795486	0.656837	0.7458	0.3019	0.9570	0.0380	0.6920	0.1987	0.4261
000004	G	0.609241	0.743456	0.659931	0.6442	0.3321	0.9400	0.0280	0.6549	0.1806	0.4265
000005	D	0.677574	0.709484	0.660998	0.5412	0.3529	0.9230	0.0280	0.6441	0.1726	0.4263
000006	G	0.669043	0.674311	0.661016	0.4967	0.3740	0.8750	0.0450	0.6250	0.1568	0.4265
000007	L	0.634498	0.642333	0.659853	0.4513	0.3910	0.8210	0.0860	0.5999	0.1420	0.4287
000008	K	0.595029	0.626744	0.658639	0.4078	0.4087	0.7980	0.1120	0.5825	0.1385	0.4267
000009	L	0.569960	0.603676	0.658350	0.3630	0.3667	0.7430	0.1270	0.5509	0.1420	0.4252
000010	E	0.542778	0.615981	0.657337	0.3184	0.3249	0.6530	0.1120	0.5187	0.1443	0.4227
000011	T	0.468895	0.602197	0.656676	0.2080	0.2951	0.7360	0.1040	0.4944	0.1909	0.4232
000012	E	0.396552	0.584487	0.656456	0.1766	0.3053	0.5970	0.1350	0.4528	0.1736	0.4266
000013	L	0.326904	0.590183	0.657069	0.1266	0.3286	0.5160	0.1330	0.4242	0.1814	0.4318
000014	L	0.256414	0.571946	0.658738	0.1921	0.3117	0.4150	0.1340	0.4010	0.1675	0.4330
000015	D	0.179570	0.580669	0.660434	0.2255	0.3215	0.3690	0.1250	0.3894	0.1761	0.4313
000016	G	0.140949	0.566385	0.661482	0.1532	0.3356	0.3180	0.1110	0.3626	0.1943	0.4292
000017	K	0.103284	0.558735	0.660024	0.1532	0.3356	0.2660	0.0930	0.3462	0.2026	0.4263
000018	T	0.060837	0.544870	0.656428	0.2255	0.3910	0.2460	0.0850	0.3541	0.2014	0.4244
000019	K	0.011929	0.546969	0.652789	0.2333	0.3910	0.2360	0.0910	0.3454	0.2132	0.4208
000020	L	0.012790	0.537385	0.652832	0.3184	0.3872	0.2520	0.0920	0.3601	0.2049	0.4166
000021	I	0.013401	0.547406	0.655762	0.3184	0.3807	0.2460	0.0910	0.3603	0.2073	0.4128
000022	L	0.017725	0.551348	0.659862	0.2432	0.3460	0.2420	0.0900	0.3434	0.2120	0.4117
000023	S	0.022374	0.559416	0.661584	0.2385	0.3356	0.2440	0.0930	0.3436	0.2129	0.4134
000024	P	0.024833	0.576869	0.660417	0.2483	0.3840	0.2460	0.1010	0.3568	0.2143	0.4158
000025	Y	0.028944	0.595720	0.656312	0.3146	0.4369	0.2830	0.1020	0.3859	0.2093	0.4169
000026	E	0.034311	0.606984	0.651450	0.3005	0.4441	0.2810	0.1110	0.3863	0.2101	0.4176
000027	H	0.039774	0.622203	0.647393	0.3053	0.4476	0.3040	0.1280	0.3944	0.2084	0.4185
000028	K	0.047268	0.635041	0.645804	0.3005	0.4330	0.3200	0.1370	0.3969	0.2072	0.4213
000029	S	0.117309	0.643513	0.644691	0.3096	0.4369	0.3330	0.1520	0.4142	0.1879	0.4233
000030	K	0.164939	0.644762	0.646595	0.2748	0.3807	0.3360	0.1550	0.4080	0.1806	0.4259
000031	I	0.209917	0.653578	0.649029	0.3491	0.4149	0.3780	0.1440	0.4425	0.1607	0.4277
000032	S	0.271174	0.655507	0.652274	0.3535	0.4766	0.3720	0.1440	0.4635	0.1473	0.4284
000033	V	0.375373	0.640172	0.652039	0.3992	0.4292	0.4290	0.1380	0.4875	0.1137	0.4286
000034	K	0.480209	0.633307	0.650753	0.3992	0.4619	0.3960	0.1320	0.5036	0.1026	0.4294
000035	M	0.585046	0.624329	0.648199	0.2786	0.3774	0.4130	0.1190	0.4878	0.1387	0.4298
000036	G	0.689366	0.613190	0.648878	0.3939	0.4652	0.3900	0.1320	0.5335	0.1215	0.4312
000037	N	0.792533	0.606501	0.650555	0.3311	0.4507	0.3820	0.1350	0.5355	0.1618	0.4311
000038	K	0.830498	0.599370	0.654208	0.3491	0.4409	0.3660	0.1420	0.5400	0.1720	0.4311
000039	A	0.889706	0.580495	0.657095	0.3359	0.4409	0.4120	0.1830	0.5526	0.1847	0.4305
000040	K	0.948666	0.590285	0.660768	0.3399	0.4369	0.4700	0.2370	0.5744	0.1969	0.4309
000041	I	0.991864	0.590860	0.665508	0.3263	0.4541	0.5020	0.2590	0.5884	0.2093	0.4313
000042	A	0.992464	0.591968	0.671446	0.4078	0.4582	0.4490	0.2410	0.5951	0.1996	0.4323
000043	K	0.992224	0.575320	0.677128	0.4203	0.4051	0.4090	0.1940	0.5799	0.2100	0.4329
000044	C	0.992096	0.579660	0.682182	0.4282	0.4476	0.3770	0.1600	0.5845	0.2089	0.4335
000045	P	0.980606	0.600108	0.685783	0.3762	0.4507	0.3060	0.0940	0.5666	0.2252	0.4352
000046	L	0.968128	0.605178	0.690102	0.3885	0.4541	0.2760	0.0680	0.5636	0.2262	0.4377
000047	R	0.868273	0.619830	0.695713	0.3939	0.4619	0.2540	0.0690	0.5489	0.2031	0.4399
000048	T	0.769017	0.626763	0.704810	0.3847	0.4541	0.2390	0.0650	0.5297	0.1865	0.4409
000049	K	0.671176	0.642809	0.716113	0.3847	0.4507	0.2390	0.0710	0.5175	0.1724	0.4417
000050	T	0.563948	0.640674	0.727388	0.4116	0.3667	0.2480	0.0690	0.4931	0.1655	0.4416
000051	G	0.466357	0.673247	0.736110	0.3992	0.3053	0.2410	0.0640	0.4702	0.1811	0.4403
000052	H	0.365801	0.685307	0.742129	0.3668	0.3599	0.2570	0.0800	0.4628	0.1822	0.4405
000053	I	0.265133	0.698671	0.747608	0.3456	0.3774	0.2850	0.0990	0.4532	0.1949	0.4383
000054	L	0.167554	0.706608	0.753655	0.3359	0.3840	0.2870	0.1100	0.4391	0.2165	0.4316
000055	K	0.070183	0.711129	0.761682	0.4282	0.4864	0.2990	0.1320	0.4595	0.2358	0.4176
000056	S	0.060231	0.732539	0.771000	0.4037	0.3983	0.3180	0.1300	0.4472	0.2439	0.4027
000057	T	0.050140	0.740120	0.781748	0.4651	0.3983	0.3100	0.1110	0.4576	0.2504	0.3909
000058	Q	0.039209	0.751513	0.791883	0.4037	0.3872	0.3100	0.0890	0.4472	0.2589	0.3877
000059	D	0.037878	0.738950	0.801588	0.3762	0.3910	0.3230	0.1050	0.4448	0.2588	0.3870
000060	T	0.027263	0.742911	0.810206	0.3806	0.3910	0.3500	0.1210	0.4502	0.2622	0.3867
000061	C	0.021545	0.748498	0.816123	0.3847	0.4256	0.3590	0.1370	0.4593	0.2644	0.3867
000062	I	0.023372	0.769774	0.820487	0.3806	0.3840	0.3260	0.1350	0.4506	0.2727	0.3922
000063	G	0.031005	0.782967	0.824082	0.4037	0.3667	0.3250	0.1330	0.4555	0.2742	0.3964
000064	S	0.041426	0.801202	0.829974	0.4116	0.4256	0.3790	0.1470	0.4815	0.2695	0.4026
000065	E	0.051848	0.798388	0.836515	0.4651	0.4901	0.4210	0.1500	0.5106	0.2614	0.4105
000066	K	0.054883	0.806730	0.843717	0.4651	0.4864	0.5230	0.1700	0.5300	0.2604	0.4201
000067	L	0.054932	0.824179	0.849191	0.4651	0.4864	0.5920	0.1720	0.5453	0.2654	0.4280
000068	L	0.056977	0.837643	0.854766	0.4600	0.4979	0.6330	0.1470	0.5567	0.2696	0.4310
000069	Q	0.063729	0.849649	0.858614	0.4556	0.4725	0.6210	0.1380	0.5534	0.2712	0.4297
000070	K	0.061927	0.859559	0.862731	0.4651	0.4685	0.6160	0.1330	0.5556	0.2738	0.4295
000071	K	0.052133	0.866309	0.863403	0.4458	0.4725	0.6280	0.1020	0.5547	0.2796	0.4293
000072	P	0.048033	0.871209	0.862917	0.5253	0.5992	0.6700	0.0820	0.5961	0.2762	0.4292
000073	V	0.040558	0.873365	0.861570	0.5667	0.6906	0.7170	0.0780	0.6249	0.2815	0.4286
000074	G	0.035321	0.873783	0.862254	0.5762	0.7036	0.6950	0.0840	0.6244	0.2827	0.4282
000075	S	0.032447	0.875462	0.862708	0.5667	0.7036	0.6930	0.1010	0.6224	0.2842	0.4288
000076	E	0.032427	0.876410	0.862349	0.5583	0.6755	0.6660	0.1210	0.6118	0.2823	0.4295
000077	T	0.038665	0.878882	0.859838	0.5583	0.6712	0.6440	0.1470	0.6085	0.2795	0.4300
000078	S	0.073728	0.879109	0.856549	0.5941	0.6322	0.6420	0.1630	0.6129	0.2654	0.4307
000079	Q	0.077513	0.878852	0.852617	0.6174	0.7080	0.6460	0.1770	0.6300	0.2656	0.4317
000080	A	0.109570	0.877676	0.848808	0.5473	0.6991	0.6410	0.2010	0.6206	0.2554	0.4314
000081	K	0.127802	0.876249	0.844458	0.5549	0.6948	0.5790	0.1900	0.6128	0.2482	0.4291
000082	G	0.130517	0.874029	0.839159	0.5623	0.6948	0.5340	0.1900	0.6058	0.2474	0.4265
000083	E	0.124976	0.870829	0.833012	0.5173	0.6576	0.5290	0.1940	0.5887	0.2476	0.4253
000084	K	0.124627	0.865255	0.827532	0.5583	0.6427	0.5580	0.2030	0.5960	0.2427	0.4257
000085	N	0.123730	0.862458	0.823866	0.5623	0.5211	0.5720	0.2140	0.5775	0.2420	0.4283
000086	G	0.114300	0.858945	0.821036	0.5173	0.5211	0.5630	0.2080	0.5660	0.2447	0.4321
000087	M	0.070687	0.847690	0.818203	0.4078	0.5211	0.5530	0.2160	0.5364	0.2615	0.4375
000088	T	0.065129	0.838152	0.813906	0.4149	0.4220	0.5150	0.2410	0.5115	0.2629	0.4389
000089	F	0.032237	0.830715	0.807110	0.4203	0.3599	0.5460	0.2820	0.4995	0.2741	0.4389
000090	S	0.009717	0.821847	0.797720	0.3096	0.3599	0.5650	0.2720	0.4773	0.2857	0.4344
000091	S	0.003122	0.809869	0.787274	0.2913	0.3807	0.5660	0.2320	0.4730	0.2838	0.4278
000092	T	0.002534	0.800498	0.778207	0.3053	0.3872	0.5730	0.2000	0.4744	0.2790	0.4206
000093	K	0.001911	0.801440	0.769675	0.3096	0.2951	0.6150	0.1900	0.4655	0.2875	0.4135
000094	D	0.001642	0.794326	0.761697	0.3053	0.2292	0.6030	0.1790	0.4492	0.2915	0.4031
000095	L	0.001463	0.770295	0.752908	0.1958	0.2436	0.5690	0.1860	0.4222	0.2922	0.3957
000096	C	0.001370	0.754702	0.744606	0.1635	0.1759	0.5220	0.1930	0.3937	0.2956	0.3809
000097	K	0.001182	0.738550	0.735834	0.1602	0.1823	0.4480	0.2030	0.3776	0.2860	0.3771
000098	Q	0.000502	0.747562	0.727537	0.1266	0.1914	0.3950	0.1900	0.3648	0.2882	0.3733
000099	C	0.000503	0.738378	0.719940	0.1380	0.2034	0.3970	0.1750	0.3662	0.2819	0.3777
000100	I	0.000653	0.710092	0.714125	0.1878	0.2193	0.3820	0.1640	0.3689	0.2666	0.3900
000101	D	0.000739	0.693759	0.711182	0.1878	0.2193	0.3840	0.1710	0.3661	0.2625	0.4051
000102	K	0.001063	0.689250	0.711939	0.1416	0.2470	0.4370	0.1790	0.3713	0.2667	0.4232
000103	D	0.002193	0.683671	0.714124	0.1532	0.2328	0.4960	0.1740	0.3804	0.2687	0.4434
000104	C	0.006583	0.710800	0.714847	0.1805	0.2292	0.5610	0.1990	0.4004	0.2750	0.4649
000105	L	0.010839	0.717675	0.713486	0.1602	0.2503	0.5830	0.1760	0.4059	0.2780	0.4910
000106	H	0.014669	0.705374	0.712208	0.1844	0.3182	0.6290	0.1710	0.4274	0.2710	0.5041
000107	I	0.020578	0.718211	0.712287	0.3225	0.3983	0.6820	0.1550	0.4756	0.2562	0.5150
000108	Q	0.041219	0.730547	0.713425	0.3311	0.4051	0.6570	0.1620	0.4798	0.2480	0.5147
000109	K	0.062868	0.731098	0.714620	0.3146	0.3983	0.6700	0.1460	0.4820	0.2457	0.5134
000110	E	0.080342	0.725899	0.716916	0.4282	0.4940	0.6430	0.1140	0.5147	0.2230	0.5094
000111	I	0.120253	0.739495	0.719784	0.4749	0.5854	0.6750	0.1130	0.5525	0.2129	0.5007
000112	S	0.177061	0.736172	0.723758	0.4651	0.5951	0.6510	0.1000	0.5580	0.1928	0.4901
000113	P	0.251244	0.747934	0.728343	0.4825	0.5901	0.6660	0.0920	0.5777	0.1709	0.4784
000114	A	0.346033	0.757057	0.733142	0.4825	0.5296	0.7040	0.0870	0.5921	0.1506	0.4652
000115	T	0.427640	0.760179	0.737131	0.5846	0.6661	0.6800	0.0960	0.6426	0.1113	0.4511
000116	P	0.521217	0.761561	0.739783	0.5900	0.7369	0.6420	0.1210	0.6652	0.0884	0.4372
000117	N	0.608444	0.768156	0.741986	0.5992	0.7163	0.6960	0.1100	0.6883	0.0638	0.4267
000118	M	0.695762	0.772109	0.744007	0.6412	0.7331	0.7400	0.1050	0.7210	0.0421	0.4216
000119	Q	0.786820	0.772760	0.746505	0.6412	0.6712	0.7800	0.1340	0.7331	0.0564	0.4146
000120	K	0.856181	0.774279	0.751182	0.5900	0.6712	0.7880	0.1550	0.7385	0.0860	0.4117
000121	T	0.908566	0.778029	0.757806	0.5412	0.6576	0.7830	0.1700	0.7378	0.1143	0.4083
000122	R	0.939685	0.770245	0.765769	0.5992	0.7459	0.7720	0.1790	0.7655	0.0987	0.4070
000123	N	0.951395	0.761666	0.772410	0.6035	0.7459	0.7640	0.1920	0.7665	0.1010	0.4053
000124	T	0.976954	0.750270	0.778234	0.5762	0.7459	0.7660	0.1830	0.7656	0.1164	0.4049
000125	V	0.988392	0.739916	0.781377	0.6035	0.7916	0.7490	0.1810	0.7757	0.1134	0.4083
000126	N	0.991247	0.745634	0.783136	0.6474	0.7916	0.6600	0.1920	0.7699	0.1135	0.4114
000127	T	0.992371	0.735015	0.783193	0.6334	0.7547	0.6180	0.1970	0.7527	0.1232	0.4145
000128	S	0.994020	0.738312	0.782484	0.6374	0.7628	0.5800	0.1930	0.7492	0.1307	0.4215
000129	L	0.890592	0.742900	0.780374	0.6516	0.7080	0.6250	0.1880	0.7331	0.0876	0.4304
000130	V	0.786438	0.747373	0.777692	0.6604	0.6948	0.6380	0.2040	0.7174	0.0568	0.4398
000131	G	0.683223	0.761263	0.774732	0.5900	0.6755	0.6380	0.2000	0.6871	0.0648	0.4421
000132	K	0.598957	0.769497	0.770553	0.5900	0.6906	0.5840	0.1960	0.6673	0.0808	0.4477
000133	Q	0.521445	0.771057	0.764143	0.5473	0.6851	0.5630	0.1930	0.6419	0.1027	0.4506
000134	K	0.452256	0.765413	0.757835	0.5412	0.6576	0.5530	0.1870	0.6212	0.1158	0.4590
000135	P	0.365671	0.757923	0.753068	0.5583	0.6576	0.5240	0.1800	0.6028	0.1379	0.4727
000136	H	0.283029	0.751020	0.749880	0.5900	0.7163	0.4970	0.1470	0.5979	0.1683	0.4828
000137	K	0.188041	0.745074	0.746196	0.5900	0.6991	0.4800	0.1370	0.5748	0.1969	0.4905
000138	K	0.192508	0.737838	0.741145	0.6035	0.6322	0.4540	0.1320	0.5601	0.1906	0.4977
000139	H	0.188515	0.736368	0.734088	0.6079	0.5707	0.4530	0.1270	0.5484	0.1882	0.5097
000140	I	0.184191	0.730246	0.725661	0.5900	0.5211	0.4790	0.1190	0.5384	0.1843	0.5179
000141	T	0.158869	0.723140	0.715268	0.5802	0.5055	0.4380	0.0980	0.5202	0.1916	0.5237
000142	A	0.126195	0.709785	0.704028	0.5043	0.5055	0.4200	0.0980	0.4950	0.1965	0.5426
000143	E	0.085304	0.692664	0.691975	0.4333	0.5098	0.3730	0.1070	0.4644	0.2077	0.5523
000144	N	0.063069	0.671752	0.679886	0.4203	0.5139	0.3670	0.1180	0.4526	0.2096	0.5634
000145	M	0.040425	0.654633	0.669090	0.4149	0.5211	0.3510	0.1320	0.4418	0.2134	0.5744
000146	K	0.030653	0.640489	0.660264	0.3806	0.4330	0.3340	0.1530	0.4131	0.2109	0.5661
000147	S	0.025297	0.619773	0.653590	0.3668	0.4186	0.3020	0.1520	0.3977	0.2098	0.5632
000148	S	0.028727	0.607953	0.646807	0.3005	0.4256	0.2870	0.1480	0.3827	0.2096	0.5613
000149	L	0.032065	0.590704	0.639919	0.3005	0.3740	0.2720	0.1350	0.3683	0.2042	0.5560
000150	V	0.036179	0.558221	0.632660	0.2913	0.3053	0.2590	0.1240	0.3470	0.1981	0.5421
000151	C	0.040749	0.547520	0.624449	0.2963	0.3566	0.2480	0.1210	0.3523	0.1929	0.5320
000152	L	0.045584	0.552961	0.614525	0.2531	0.3566	0.2300	0.1110	0.3421	0.1946	0.5317
000153	T	0.053042	0.561414	0.602303	0.2602	0.3286	0.2100	0.0960	0.3359	0.1930	0.5186
000154	Q	0.053077	0.516140	0.589748	0.2531	0.3321	0.2150	0.0890	0.3266	0.1816	0.5132
000155	D	0.048619	0.523040	0.577424	0.1805	0.3249	0.2230	0.0950	0.3129	0.1870	0.5088
000156	Q	0.047848	0.525150	0.568223	0.1958	0.3356	0.2410	0.1080	0.3189	0.1825	0.5023
000157	L	0.045413	0.486690	0.561793	0.1878	0.3494	0.2460	0.1110	0.3129	0.1757	0.5019
000158	Q	0.083316	0.468149	0.557973	0.1805	0.3566	0.2450	0.1020	0.3152	0.1638	0.4934
000159	Q	0.121292	0.452829	0.555235	0.1805	0.3566	0.2650	0.1200	0.3219	0.1507	0.4878
000160	I	0.159269	0.484361	0.553809	0.2558	0.3566	0.2890	0.1320	0.3497	0.1346	0.4851
000161	L	0.214788	0.489424	0.551846	0.3146	0.3983	0.2670	0.1130	0.3727	0.1196	0.4846
000162	M	0.262785	0.517367	0.549093	0.3096	0.4409	0.2830	0.1180	0.3938	0.1141	0.4789
000163	T	0.317702	0.529236	0.544508	0.3806	0.4979	0.3270	0.1360	0.4327	0.0942	0.4695
000164	V	0.362046	0.551006	0.539918	0.3146	0.5098	0.3880	0.1210	0.4442	0.0927	0.4639
000165	N	0.424982	0.572884	0.533941	0.3005	0.5176	0.4270	0.0930	0.4628	0.0906	0.4575
000166	Q	0.487630	0.600893	0.527500	0.3096	0.5098	0.4700	0.0910	0.4842	0.0884	0.4516
000167	G	0.487712	0.630467	0.519876	0.3184	0.5017	0.5020	0.0820	0.4933	0.0915	0.4472
000168	N	0.507930	0.639407	0.512241	0.3806	0.5758	0.4990	0.0770	0.5191	0.0790	0.4438
000169	R	0.529005	0.645111	0.505788	0.3762	0.5493	0.5090	0.0760	0.5190	0.0792	0.4430
000170	S	0.530611	0.661131	0.502311	0.3847	0.5382	0.5240	0.1050	0.5235	0.0805	0.4414
000171	L	0.551003	0.670556	0.501078	0.4149	0.6089	0.5400	0.1330	0.5477	0.0803	0.4393
000172	S	0.557723	0.675811	0.500482	0.4749	0.6851	0.4890	0.1300	0.5639	0.0864	0.4358
000173	L	0.533257	0.688730	0.499551	0.4967	0.6043	0.5050	0.1440	0.5546	0.0704	0.4333
000174	T	0.477931	0.711975	0.498576	0.5084	0.6043	0.5190	0.1560	0.5533	0.0813	0.4305
000175	E	0.424230	0.720071	0.497748	0.5043	0.5901	0.5350	0.1520	0.5453	0.0924	0.4281
000176	N	0.382457	0.730506	0.496186	0.5043	0.5017	0.5380	0.1370	0.5255	0.1037	0.4279
000177	G	0.319494	0.743641	0.493301	0.4458	0.4409	0.5360	0.1340	0.4965	0.1289	0.4292
000178	K	0.256813	0.737742	0.489468	0.3847	0.4507	0.5070	0.1180	0.4710	0.1452	0.4320
000179	E	0.195132	0.732358	0.486154	0.3225	0.4369	0.5150	0.1250	0.4480	0.1666	0.4348
000180	A	0.119658	0.726966	0.483757	0.3225	0.3704	0.4990	0.1110	0.4204	0.1856	0.4375
000181	K	0.058385	0.704407	0.481969	0.3184	0.3704	0.4420	0.0840	0.3959	0.1938	0.4420
000182	S	0.038656	0.680369	0.481494	0.3225	0.4369	0.4090	0.0840	0.3948	0.1928	0.4475
000183	Q	0.027196	0.665177	0.483187	0.3184	0.4409	0.3760	0.0750	0.3851	0.1931	0.4550
000184	Y	0.016835	0.651816	0.486773	0.3992	0.5254	0.3580	0.0800	0.4063	0.1979	0.4646
000185	S	0.021845	0.616275	0.490137	0.4149	0.5254	0.3230	0.0900	0.3985	0.1914	0.4763
000186	L	0.023678	0.609314	0.492698	0.4333	0.5254	0.3330	0.0790	0.4028	0.1895	0.4885
000187	Y	0.024533	0.612061	0.493952	0.4203	0.5211	0.3340	0.0690	0.4011	0.1889	0.4969
000188	L	0.068396	0.634601	0.493985	0.4282	0.5342	0.3410	0.0640	0.4167	0.1800	0.4989
000189	N	0.080944	0.644538	0.493794	0.4333	0.4766	0.3630	0.0610	0.4154	0.1719	0.4927
000190	S	0.076489	0.644557	0.494504	0.4282	0.4541	0.4010	0.0690	0.4165	0.1710	0.4875
000191	I	0.076071	0.657738	0.496094	0.3939	0.4766	0.4290	0.0790	0.4216	0.1754	0.4862
000192	S	0.075483	0.670987	0.499248	0.3717	0.4220	0.4090	0.0650	0.4081	0.1778	0.4797
000193	N	0.073829	0.686529	0.503563	0.3762	0.3494	0.4220	0.0650	0.4019	0.1838	0.4762
000194	Q	0.073426	0.697667	0.510586	0.3146	0.3426	0.4000	0.0500	0.3898	0.1904	0.4798
000195	P	0.081009	0.699439	0.518933	0.3146	0.4051	0.3770	0.0450	0.3994	0.1886	0.4844
000196	K	0.086280	0.702404	0.528576	0.3053	0.4087	0.3780	0.0460	0.4015	0.1897	0.4883
000197	D	0.049168	0.703103	0.538201	0.3630	0.4685	0.3720	0.0590	0.4157	0.1997	0.4932
000198	E	0.049309	0.698838	0.548149	0.4149	0.5296	0.3630	0.0580	0.4340	0.2023	0.4994
000199	N	0.057464	0.694033	0.559422	0.4781	0.5382	0.3890	0.0560	0.4527	0.1991	0.5145
000200	I	0.071887	0.697434	0.570826	0.4556	0.5254	0.4080	0.0870	0.4548	0.1941	0.5361
000201	M	0.086191	0.672069	0.580398	0.4078	0.5254	0.3730	0.0950	0.4408	0.1878	0.5514
000202	G	0.121437	0.683117	0.588147	0.4825	0.5419	0.3930	0.1060	0.4683	0.1789	0.5579
000203	L	0.191102	0.685340	0.594797	0.4918	0.5807	0.4220	0.1080	0.4944	0.1587	0.5666
000204	F	0.193804	0.705972	0.602405	0.4333	0.5533	0.4230	0.0970	0.4853	0.1626	0.5674
000205	K	0.188133	0.702921	0.609255	0.4556	0.5533	0.3550	0.0730	0.4774	0.1699	0.5548
000206	K	0.182051	0.701497	0.616358	0.4037	0.5382	0.3790	0.0660	0.4701	0.1709	0.5405
000207	T	0.168759	0.694517	0.623305	0.4149	0.5342	0.3910	0.0540	0.4712	0.1722	0.5301
000208	E	0.161416	0.706001	0.631365	0.4078	0.5211	0.3880	0.0560	0.4692	0.1780	0.5202
000209	M	0.157301	0.708714	0.640131	0.3885	0.4652	0.4220	0.0740	0.4636	0.1791	0.5112
000210	V	0.153566	0.721095	0.649594	0.3847	0.3983	0.4310	0.0860	0.4564	0.1863	0.4970
000211	S	0.144622	0.712706	0.658061	0.4078	0.4652	0.3730	0.0830	0.4602	0.1884	0.4831
000212	S	0.154489	0.720381	0.666267	0.3806	0.4831	0.3350	0.0880	0.4567	0.1941	0.4717
000213	V	0.234698	0.735035	0.672501	0.3762	0.4901	0.3570	0.1060	0.4776	0.1771	0.4633
000214	P	0.326602	0.741920	0.677853	0.4379	0.5577	0.3600	0.1250	0.5171	0.1555	0.4523
000215	A	0.398831	0.746421	0.682320	0.5126	0.6712	0.3860	0.1240	0.5662	0.1417	0.4447
000216	E	0.471606	0.752510	0.687813	0.5229	0.6755	0.3920	0.1010	0.5838	0.1295	0.4396
000217	N	0.529649	0.760879	0.693549	0.5296	0.6755	0.3910	0.1030	0.5967	0.1251	0.4346
000218	K	0.598530	0.756388	0.700414	0.5296	0.6712	0.3730	0.0920	0.6049	0.1263	0.4307
000219	S	0.665895	0.760285	0.707703	0.5253	0.6712	0.3870	0.1040	0.6196	0.1260	0.4279
000220	V	0.687847	0.762467	0.715846	0.5296	0.5901	0.4140	0.1310	0.6166	0.1195	0.4245
000221	L	0.633685	0.761223	0.721556	0.5846	0.6620	0.3600	0.0830	0.6205	0.1299	0.4210
000222	N	0.572392	0.760631	0.725579	0.5084	0.6661	0.3020	0.0610	0.5891	0.1546	0.4129
000223	E	0.482295	0.765340	0.727503	0.5126	0.6620	0.2800	0.0630	0.5717	0.1665	0.4053
000224	H	0.433460	0.765695	0.727647	0.5667	0.6375	0.2680	0.0540	0.5665	0.1721	0.3970
000225	Q	0.424157	0.758776	0.727053	0.5253	0.5807	0.2690	0.0690	0.5475	0.1689	0.3905
000226	E	0.432321	0.753339	0.726731	0.5043	0.5211	0.3000	0.0930	0.5397	0.1587	0.3889
000227	T	0.379562	0.758098	0.728297	0.4879	0.5211	0.2890	0.0790	0.5274	0.1702	0.3917
000228	S	0.308070	0.751977	0.729477	0.4282	0.5211	0.2650	0.0750	0.5007	0.1887	0.3939
000229	K	0.269349	0.742167	0.729736	0.4513	0.5342	0.2660	0.0740	0.4988	0.1927	0.3952
000230	Q	0.239709	0.730773	0.728750	0.4458	0.4476	0.2630	0.0630	0.4759	0.1965	0.3970
000231	C	0.220409	0.725647	0.724955	0.4967	0.4901	0.2480	0.0650	0.4844	0.2007	0.4029
000232	E	0.224928	0.700757	0.719491	0.4879	0.5951	0.2170	0.0600	0.4909	0.2053	0.4091
000233	Q	0.200117	0.692565	0.711762	0.4749	0.5577	0.2140	0.0650	0.4751	0.2058	0.4195
000234	K	0.135447	0.693102	0.705428	0.4967	0.5620	0.2370	0.0730	0.4716	0.2163	0.4317
000235	I	0.067950	0.691026	0.697679	0.4781	0.4801	0.2880	0.0990	0.4505	0.2211	0.4447
000236	A	0.043814	0.679549	0.691022	0.4749	0.3948	0.2870	0.1050	0.4285	0.2248	0.4557
000237	I	0.040551	0.644766	0.683805	0.4245	0.3872	0.3180	0.1220	0.4165	0.2143	0.4661
000238	E	0.059011	0.650943	0.677428	0.3806	0.3872	0.2940	0.1300	0.4082	0.2112	0.4710
000239	N	0.106312	0.646767	0.668459	0.3847	0.3286	0.3380	0.1590	0.4122	0.1947	0.4762
000240	E	0.160353	0.658565	0.657394	0.3939	0.3392	0.3490	0.1880	0.4265	0.1792	0.4856
000241	W	0.220992	0.650086	0.644527	0.3311	0.3392	0.3740	0.1970	0.4266	0.1629	0.4982
000242	K	0.291435	0.631115	0.634465	0.4149	0.4017	0.3150	0.1630	0.4481	0.1377	0.5016
000243	P	0.354172	0.629064	0.625988	0.4078	0.4017	0.2690	0.1340	0.4479	0.1348	0.5045
000244	A	0.426648	0.642788	0.621605	0.3885	0.3392	0.2600	0.1200	0.4464	0.1411	0.5053
000245	D	0.472843	0.617599	0.618622	0.4078	0.3529	0.2570	0.1260	0.4545	0.1325	0.5021
000246	I	0.512725	0.613927	0.619804	0.3762	0.4087	0.2850	0.1230	0.4694	0.1236	0.4957
000247	F	0.527760	0.585449	0.622276	0.3992	0.4186	0.3020	0.0950	0.4759	0.1121	0.4841
000248	S	0.558801	0.611773	0.626654	0.4333	0.4831	0.3040	0.0830	0.5030	0.1117	0.4711
000249	T	0.572762	0.630245	0.629864	0.4245	0.4149	0.3690	0.1050	0.5069	0.1071	0.4614
000250	L	0.589415	0.655879	0.633406	0.4245	0.4087	0.4450	0.1090	0.5261	0.1025	0.4546
000251	G	0.604418	0.698712	0.635611	0.3630	0.3910	0.4190	0.1020	0.5187	0.1315	0.4447
000252	E	0.628954	0.723854	0.639390	0.4203	0.4652	0.4270	0.1010	0.5508	0.1180	0.4365
000253	R	0.625900	0.741553	0.642852	0.4203	0.4652	0.4710	0.0840	0.5612	0.1158	0.4319
000254	E	0.683321	0.747081	0.646760	0.3717	0.4220	0.5300	0.0960	0.5669	0.1371	0.4285
000255	C	0.751201	0.758426	0.651203	0.3762	0.4441	0.5920	0.1150	0.5955	0.1443	0.4276
000256	D	0.818919	0.772265	0.654669	0.3578	0.3494	0.5870	0.1260	0.5901	0.1833	0.4264
000257	R	0.849362	0.778224	0.657088	0.4078	0.4051	0.5740	0.1170	0.6120	0.1693	0.4257
000258	S	0.879834	0.778534	0.656521	0.3992	0.4766	0.5310	0.1080	0.6203	0.1689	0.4256
000259	S	0.904828	0.780111	0.656245	0.3762	0.4831	0.5330	0.0900	0.6222	0.1797	0.4270
000260	L	0.924701	0.782693	0.656158	0.3668	0.4186	0.5440	0.0660	0.6155	0.1962	0.4286
000261	E	0.945977	0.788490	0.656422	0.4116	0.4901	0.5300	0.0800	0.6371	0.1838	0.4292
000262	A	0.985924	0.787949	0.659441	0.3578	0.4901	0.5110	0.1110	0.6321	0.2082	0.4311
000263	K	0.987543	0.798583	0.665286	0.3491	0.4901	0.5210	0.0940	0.6352	0.2113	0.4320
000264	K	0.933535	0.808023	0.674103	0.3535	0.4476	0.5640	0.0720	0.6302	0.1999	0.4328
000265	A	0.903128	0.810207	0.682572	0.3578	0.4292	0.6110	0.0940	0.6324	0.1935	0.4335
000266	Q	0.879429	0.823456	0.691155	0.4037	0.4292	0.6080	0.1030	0.6391	0.1802	0.4336
000267	W	0.874635	0.833487	0.699621	0.3939	0.4119	0.6140	0.1110	0.6379	0.1868	0.4340
000268	R	0.852011	0.847645	0.708193	0.3630	0.4119	0.5160	0.1160	0.6165	0.1973	0.4337
000269	K	0.849554	0.855306	0.716108	0.3491	0.4051	0.4850	0.1250	0.6100	0.2060	0.4335
000270	E	0.845524	0.856611	0.725475	0.3311	0.4149	0.4470	0.1030	0.6034	0.2128	0.4331
000271	L	0.833870	0.854580	0.734926	0.3847	0.4685	0.4570	0.0790	0.6222	0.1910	0.4328
000272	D	0.814913	0.862185	0.745738	0.3762	0.4725	0.4200	0.0700	0.6152	0.1973	0.4323
000273	E	0.867358	0.871431	0.754555	0.3885	0.4330	0.4580	0.0740	0.6289	0.2069	0.4313
000274	Q	0.896362	0.883123	0.763139	0.3939	0.4369	0.4730	0.0840	0.6411	0.2120	0.4312
000275	V	0.879740	0.885805	0.769506	0.3535	0.4476	0.5190	0.0770	0.6425	0.2115	0.4310
000276	A	0.796618	0.894871	0.775220	0.3668	0.4541	0.5050	0.0660	0.6322	0.1978	0.4305
000277	L	0.747776	0.908304	0.778314	0.3491	0.3667	0.5590	0.0730	0.6182	0.2105	0.4302
000278	K	0.710532	0.919791	0.779370	0.4037	0.4619	0.5560	0.0600	0.6385	0.1814	0.4301
000279	K	0.672000	0.922089	0.778231	0.3578	0.4801	0.6390	0.0550	0.6416	0.1848	0.4316
000280	K	0.655054	0.926574	0.775878	0.3762	0.5176	0.6620	0.0810	0.6522	0.1756	0.4332
000281	E	0.647373	0.927725	0.773029	0.3806	0.4256	0.6710	0.0800	0.6376	0.1892	0.4332
000282	K	0.622032	0.926919	0.770638	0.4600	0.4831	0.6670	0.0810	0.6550	0.1613	0.4331
000283	E	0.597684	0.924162	0.768708	0.3939	0.4652	0.6400	0.0910	0.6316	0.1779	0.4325
000284	V	0.628174	0.918468	0.767674	0.3939	0.4582	0.6360	0.1050	0.6338	0.1767	0.4319
000285	S	0.706230	0.909822	0.764838	0.3630	0.4582	0.6030	0.1160	0.6342	0.1843	0.4319
000286	E	0.767643	0.898654	0.759959	0.3992	0.5055	0.6230	0.1120	0.6590	0.1692	0.4315
000287	K	0.775235	0.883840	0.751280	0.3992	0.5254	0.6410	0.0990	0.6627	0.1624	0.4316
000288	W	0.771385	0.871840	0.739006	0.4420	0.5951	0.6130	0.1000	0.6721	0.1394	0.4320
000289	N	0.708208	0.851492	0.724851	0.4600	0.5342	0.5370	0.1090	0.6360	0.1358	0.4320
000290	D	0.689274	0.840585	0.709737	0.4703	0.4801	0.5560	0.1120	0.6243	0.1339	0.4319
000291	P	0.666116	0.826382	0.695264	0.4149	0.4017	0.5550	0.1080	0.5931	0.1528	0.4320
000292	W	0.640101	0.811954	0.679840	0.3717	0.4017	0.6090	0.1160	0.5857	0.1545	0.4321
000293	K	0.591026	0.791112	0.665780	0.3053	0.3983	0.5580	0.1000	0.5516	0.1613	0.4313
000294	K	0.502774	0.773209	0.653285	0.3146	0.3983	0.5960	0.0970	0.5397	0.1542	0.4305
000295	S	0.410186	0.760357	0.643436	0.3578	0.4541	0.6250	0.1100	0.5418	0.1437	0.4300
000296	E	0.345307	0.752312	0.631300	0.3535	0.4017	0.5950	0.1190	0.5133	0.1549	0.4300
000297	S	0.288434	0.736650	0.618316	0.3717	0.3356	0.5590	0.1280	0.4849	0.1635	0.4322
000298	D	0.322488	0.726225	0.603985	0.3184	0.3529	0.4840	0.1450	0.4679	0.1540	0.4326
000299	K	0.352825	0.705310	0.591904	0.3184	0.4369	0.4070	0.1340	0.4688	0.1366	0.4299
000300	I	0.367128	0.675477	0.579805	0.3096	0.4220	0.4310	0.1070	0.4642	0.1253	0.4259
000301	I	0.381458	0.649720	0.566456	0.3184	0.4051	0.4470	0.1030	0.4614	0.1131	0.4231
000302	W	0.390586	0.616300	0.551555	0.2865	0.3807	0.4550	0.0980	0.4468	0.1103	0.4229
000303	E	0.392673	0.571862	0.535538	0.3359	0.4652	0.4090	0.1300	0.4518	0.0820	0.4258
000304	K	0.429596	0.556739	0.518872	0.3491	0.4256	0.3890	0.1090	0.4448	0.0717	0.4269
000305	H	0.438565	0.543663	0.502210	0.3630	0.3774	0.3740	0.1110	0.4331	0.0690	0.4274
000306	Q	0.478131	0.533559	0.486969	0.3053	0.3182	0.4030	0.1030	0.4208	0.0862	0.4283
000307	I	0.455097	0.529778	0.476381	0.2333	0.3215	0.4390	0.1220	0.4091	0.1006	0.4275
000308	L	0.405441	0.547534	0.467930	0.1698	0.3286	0.4220	0.1130	0.3903	0.1186	0.4301
000309	D	0.412763	0.543999	0.461249	0.1667	0.3460	0.3710	0.1230	0.3836	0.1163	0.4336
000310	Q	0.394086	0.537372	0.454827	0.1732	0.2783	0.3580	0.1150	0.3660	0.1176	0.4306
000311	S	0.387752	0.542670	0.450187	0.2700	0.3321	0.3320	0.1240	0.3858	0.0894	0.4289
000312	R	0.437264	0.533158	0.446257	0.2531	0.3774	0.3190	0.1270	0.3943	0.0911	0.4281
000313	E	0.476152	0.519490	0.442509	0.3311	0.4149	0.2330	0.0890	0.4028	0.0956	0.4301
000314	T	0.542241	0.503813	0.439669	0.3146	0.3983	0.2220	0.0760	0.4034	0.1092	0.4318
000315	V	0.583579	0.500703	0.437824	0.2558	0.4119	0.2210	0.0730	0.4018	0.1279	0.4266
000316	L	0.638686	0.491580	0.437301	0.2531	0.4119	0.2090	0.0680	0.4070	0.1441	0.4226
000317	L	0.682088	0.493190	0.436819	0.2531	0.3460	0.2010	0.0600	0.4021	0.1600	0.4205
000318	E	0.639288	0.470519	0.435753	0.3053	0.4087	0.1810	0.0550	0.4067	0.1417	0.4196
000319	H	0.591330	0.490102	0.436038	0.2963	0.4582	0.1700	0.0520	0.4070	0.1371	0.4159
000320	P	0.543373	0.504507	0.438606	0.3005	0.4369	0.1600	0.0480	0.3973	0.1303	0.4136
000321	F	0.521427	0.514432	0.444477	0.2748	0.3529	0.1610	0.0460	0.3782	0.1303	0.4134
000322	S	0.476558	0.516573	0.452706	0.2657	0.2988	0.1530	0.0380	0.3606	0.1304	0.4162
000323	A	0.439746	0.536518	0.463664	0.1921	0.3149	0.1570	0.0390	0.3506	0.1410	0.4178
000324	V	0.369982	0.529602	0.474862	0.1349	0.3149	0.1670	0.0360	0.3319	0.1456	0.4220
000325	K	0.288927	0.537957	0.484565	0.1349	0.2575	0.1790	0.0390	0.3138	0.1491	0.4278
000326	Q	0.205457	0.541351	0.492490	0.1766	0.3117	0.2080	0.0490	0.3227	0.1443	0.4324
000327	E	0.178166	0.516324	0.501810	0.1805	0.3599	0.2400	0.0680	0.3295	0.1406	0.4307
000328	L	0.228044	0.509664	0.511738	0.2531	0.4256	0.2670	0.0860	0.3658	0.1205	0.4280
000329	Q	0.275789	0.520098	0.521862	0.2385	0.3631	0.2520	0.0830	0.3619	0.1193	0.4250
000330	R	0.338097	0.508993	0.529665	0.2483	0.3631	0.2360	0.0800	0.3708	0.1144	0.4214
000331	K	0.404336	0.532510	0.535311	0.1456	0.3460	0.2320	0.0670	0.3659	0.1442	0.4193
000332	W	0.461097	0.560402	0.539127	0.2041	0.4330	0.2580	0.0730	0.4093	0.1341	0.4173
000333	I	0.554954	0.575346	0.544090	0.1998	0.4292	0.2630	0.0710	0.4277	0.1475	0.4171
000334	E	0.662857	0.570055	0.549334	0.2167	0.4441	0.2690	0.0770	0.4520	0.1617	0.4148
000335	E	0.770373	0.564458	0.555255	0.2700	0.4831	0.2840	0.0950	0.4878	0.1729	0.4155
000336	L	0.867929	0.588232	0.559241	0.2820	0.4864	0.2810	0.1200	0.5107	0.2008	0.4179
000337	N	0.918531	0.580976	0.562979	0.2558	0.4220	0.2660	0.1100	0.5010	0.2260	0.4198
000338	K	0.957541	0.630444	0.564536	0.2531	0.4220	0.2680	0.0790	0.5159	0.2415	0.4225
000339	Q	0.944281	0.663866	0.565097	0.2602	0.4901	0.2870	0.0790	0.5352	0.2323	0.4242
000340	I	0.885805	0.671928	0.564064	0.2531	0.4766	0.3200	0.0950	0.5286	0.2127	0.4249
000341	E	0.849753	0.686926	0.563660	0.2700	0.4292	0.3340	0.1040	0.5222	0.2016	0.4257
000342	D	0.842718	0.707487	0.564839	0.2748	0.3807	0.4050	0.1180	0.5293	0.1973	0.4263
000343	D	0.837072	0.715668	0.567996	0.3146	0.3910	0.4610	0.1400	0.5479	0.1820	0.4265
000344	R	0.809258	0.706066	0.569348	0.3359	0.4476	0.4310	0.1550	0.5498	0.1646	0.4276
000345	Q	0.758595	0.688050	0.567616	0.2700	0.4330	0.3800	0.1330	0.5163	0.1717	0.4295
000346	R	0.702758	0.686074	0.562635	0.2748	0.4330	0.3940	0.1180	0.5088	0.1558	0.4308
000347	K	0.663153	0.679694	0.558020	0.3359	0.5055	0.3620	0.0970	0.5174	0.1332	0.4320
000348	I	0.677908	0.677448	0.555388	0.3456	0.4979	0.3710	0.0790	0.5208	0.1318	0.4334
000349	E	0.740784	0.676058	0.556180	0.3578	0.5176	0.3220	0.0840	0.5284	0.1525	0.4325
000350	E	0.782979	0.672640	0.557935	0.3535	0.5211	0.3080	0.0760	0.5327	0.1661	0.4326
000351	K	0.745915	0.652539	0.558502	0.4282	0.5854	0.2870	0.0630	0.5429	0.1494	0.4332
000352	I	0.699217	0.657359	0.556486	0.4420	0.4801	0.3140	0.0630	0.5249	0.1306	0.4344
000353	I	0.619572	0.656391	0.553650	0.4420	0.4582	0.2710	0.0610	0.5001	0.1285	0.4354
000354	Y	0.564415	0.669190	0.550834	0.3359	0.4369	0.2820	0.0640	0.4732	0.1351	0.4363
000355	S	0.519707	0.681311	0.546196	0.3399	0.4541	0.2870	0.0460	0.4713	0.1315	0.4375
000356	K	0.469230	0.676994	0.537789	0.3146	0.3667	0.3110	0.0450	0.4461	0.1317	0.4393
000357	G	0.363896	0.674403	0.525179	0.3491	0.3840	0.3190	0.0270	0.4360	0.1251	0.4428
000358	E	0.255379	0.662634	0.512693	0.2913	0.3910	0.3150	0.0360	0.4046	0.1424	0.4459
000359	E	0.145777	0.660576	0.503708	0.3668	0.3872	0.3220	0.0680	0.3977	0.1584	0.4493
000360	H	0.079750	0.657949	0.498323	0.3717	0.3774	0.3170	0.0820	0.3837	0.1758	0.4553
000361	D	0.028002	0.632025	0.495315	0.3053	0.3704	0.2770	0.0810	0.3513	0.1880	0.4609
000362	R	0.031505	0.589613	0.494849	0.3005	0.3087	0.2660	0.0650	0.3318	0.1775	0.4679
000363	W	0.044361	0.588889	0.497506	0.3578	0.3910	0.2520	0.0590	0.3553	0.1748	0.4745
000364	A	0.057211	0.556248	0.500994	0.3359	0.4582	0.2460	0.0620	0.3591	0.1699	0.4810
000365	M	0.058338	0.538238	0.504204	0.4333	0.5342	0.2960	0.0960	0.3940	0.1715	0.4873
000366	H	0.057722	0.540357	0.505380	0.4333	0.5456	0.3240	0.0870	0.4011	0.1713	0.4886
000367	F	0.056530	0.581658	0.507239	0.4420	0.5533	0.3540	0.0810	0.4157	0.1772	0.4864
000368	D	0.056263	0.602441	0.509318	0.4458	0.5493	0.3660	0.0780	0.4215	0.1798	0.4817
000369	S	0.055529	0.629687	0.512579	0.4379	0.4801	0.3850	0.0730	0.4167	0.1782	0.4771
000370	L	0.049313	0.656163	0.517094	0.4556	0.3910	0.4370	0.0650	0.4177	0.1848	0.4725
000371	K	0.043084	0.681294	0.522974	0.3992	0.3807	0.4810	0.0660	0.4180	0.1943	0.4676
000372	S	0.026336	0.695367	0.529789	0.3184	0.3774	0.5510	0.0750	0.4164	0.2130	0.4666
000373	Y	0.006878	0.716784	0.534881	0.3184	0.3840	0.5400	0.0740	0.4169	0.2229	0.4677
000374	P	0.008590	0.726192	0.538282	0.4282	0.4725	0.4520	0.0620	0.4377	0.2156	0.4664
000375	G	0.071743	0.724338	0.542582	0.4420	0.4940	0.4220	0.0690	0.4495	0.1957	0.4639
000376	S	0.078270	0.732082	0.549070	0.4458	0.4979	0.4050	0.0580	0.4513	0.1966	0.4622
000377	Q	0.079426	0.754224	0.557514	0.4245	0.4979	0.4040	0.0510	0.4528	0.2027	0.4619
000378	S	0.080341	0.755763	0.566714	0.4781	0.6375	0.4070	0.0430	0.4876	0.2133	0.4620
000379	Q	0.079776	0.755370	0.575886	0.4781	0.6269	0.4610	0.0620	0.4961	0.2104	0.4652
000380	L	0.080084	0.761445	0.585942	0.5043	0.5456	0.5350	0.0900	0.5020	0.2063	0.4699
000381	F	0.080479	0.770682	0.597352	0.5900	0.5254	0.5380	0.1210	0.5170	0.2110	0.4695
000382	S	0.081606	0.772602	0.610520	0.5374	0.4652	0.5010	0.1290	0.4947	0.2098	0.4661
000383	Q	0.078889	0.774191	0.624537	0.4825	0.4149	0.4830	0.1250	0.4763	0.2131	0.4602
000384	S	0.018686	0.770897	0.636977	0.4651	0.4864	0.3960	0.0870	0.4624	0.2336	0.4561
000385	T	0.014433	0.770193	0.648463	0.3806	0.4901	0.3960	0.0870	0.4499	0.2384	0.4544
000386	H	0.031964	0.760324	0.661212	0.3762	0.4940	0.3890	0.0880	0.4522	0.2333	0.4542
000387	K	0.049780	0.767108	0.678495	0.4078	0.4979	0.3790	0.0910	0.4634	0.2313	0.4532
000388	Q	0.098813	0.779659	0.699486	0.4203	0.4979	0.3300	0.1040	0.4710	0.2270	0.4553
000389	P	0.144053	0.784876	0.720999	0.4149	0.5055	0.3010	0.0980	0.4786	0.2239	0.4581
000390	E	0.182386	0.782881	0.739582	0.4078	0.4409	0.2930	0.0930	0.4744	0.2195	0.4613
000391	Y	0.220205	0.779945	0.755850	0.4781	0.4901	0.3090	0.0910	0.5055	0.2078	0.4683
000392	F	0.262036	0.772168	0.770112	0.5008	0.5992	0.3160	0.0870	0.5367	0.1998	0.4771
000393	C	0.308892	0.770325	0.783864	0.4825	0.5382	0.3140	0.0750	0.5330	0.1914	0.4839
000394	V	0.355425	0.778833	0.797126	0.4918	0.5296	0.3240	0.0790	0.5461	0.1853	0.4969
000395	S	0.383741	0.784712	0.809333	0.4420	0.5342	0.3860	0.0950	0.5567	0.1772	0.5018
000396	P	0.412057	0.799175	0.822025	0.4513	0.4801	0.4180	0.0940	0.5638	0.1761	0.5064
000397	D	0.382026	0.817063	0.836515	0.4703	0.4051	0.4550	0.1070	0.5610	0.1903	0.5137
000398	T	0.367919	0.825005	0.852350	0.4379	0.4149	0.4900	0.1070	0.5647	0.1972	0.5169
000399	Q	0.402200	0.833829	0.866687	0.3456	0.4441	0.5130	0.1280	0.5675	0.2063	0.5179
000400	E	0.464597	0.833968	0.877188	0.3096	0.4149	0.5220	0.1380	0.5704	0.2119	0.5189
000401	L	0.523906	0.835351	0.884815	0.3146	0.4149	0.5310	0.1180	0.5841	0.2087	0.5180
000402	A	0.572499	0.822518	0.890997	0.3668	0.4901	0.4840	0.1160	0.6045	0.1892	0.5026
000403	D	0.614639	0.804153	0.896068	0.4245	0.5854	0.5240	0.1200	0.6415	0.1612	0.4858
000404	V	0.665422	0.809615	0.900377	0.5173	0.6755	0.5430	0.1000	0.6852	0.1359	0.4732
000405	S	0.718785	0.782872	0.901992	0.5667	0.6806	0.5360	0.0750	0.6979	0.1245	0.4503
000406	S	0.796924	0.793852	0.901258	0.5762	0.6851	0.5740	0.0890	0.7212	0.1208	0.4358
000407	V	0.862072	0.782124	0.898167	0.5043	0.6906	0.6220	0.0900	0.7265	0.1369	0.4220
000408	C	0.889908	0.779310	0.895154	0.4918	0.6755	0.6080	0.0920	0.7233	0.1469	0.4025
000409	T	0.887638	0.777545	0.892252	0.5229	0.6755	0.5810	0.0940	0.7228	0.1421	0.3912
000410	P	0.877891	0.778903	0.889510	0.5126	0.6806	0.6190	0.1200	0.7264	0.1364	0.3811
000411	T	0.875219	0.789496	0.885530	0.5043	0.6755	0.7000	0.1350	0.7384	0.1311	0.3692
000412	T	0.876611	0.790459	0.879680	0.5583	0.7672	0.6840	0.1400	0.7594	0.1121	0.3589
000413	G	0.872272	0.789121	0.871868	0.5900	0.7209	0.6840	0.1460	0.7548	0.1016	0.3602
000414	S	0.864800	0.794070	0.863066	0.5762	0.6948	0.6700	0.1550	0.7438	0.1059	0.3698
000415	Q	0.859444	0.791489	0.853686	0.5667	0.7459	0.6540	0.1480	0.7451	0.1058	0.3858
000416	V	0.857757	0.787809	0.843084	0.5412	0.7843	0.6400	0.1600	0.7424	0.1141	0.4061
000417	E	0.847543	0.781295	0.831293	0.5296	0.7163	0.6110	0.1730	0.7195	0.1159	0.4202
000418	P	0.837640	0.782776	0.817821	0.5992	0.7672	0.5800	0.1700	0.7308	0.1026	0.4401
000419	S	0.832269	0.778659	0.803745	0.6219	0.8462	0.5790	0.1780	0.7437	0.1041	0.4601
000420	E	0.825139	0.769457	0.790123	0.6219	0.7951	0.5810	0.1780	0.7304	0.0935	0.4791
000421	E	0.819367	0.752761	0.778255	0.6079	0.6991	0.5960	0.1750	0.7089	0.0837	0.5027
000422	E	0.814140	0.729975	0.766947	0.5583	0.6906	0.5630	0.1840	0.6871	0.0970	0.5333
000423	H	0.789770	0.708747	0.754989	0.5173	0.6712	0.5240	0.1800	0.6610	0.1059	0.5757
000424	I	0.716123	0.689582	0.742028	0.5008	0.6806	0.4540	0.1700	0.6305	0.1109	0.6123
000425	A	0.632147	0.678244	0.729531	0.4825	0.6806	0.3650	0.1440	0.5947	0.1286	0.6339
000426	K	0.550039	0.663807	0.718431	0.4825	0.6620	0.3300	0.1510	0.5678	0.1323	0.6481
000427	P	0.461188	0.646123	0.708315	0.5296	0.7163	0.3010	0.1510	0.5604	0.1481	0.6643
000428	I	0.371900	0.634194	0.699297	0.5173	0.7120	0.3040	0.1470	0.5398	0.1571	0.6816
000429	K	0.324749	0.620538	0.691138	0.4879	0.6906	0.2630	0.1280	0.5130	0.1700	0.6862
000430	D	0.295538	0.610720	0.684603	0.4918	0.5901	0.2630	0.1170	0.4894	0.1590	0.6944
000431	V	0.273792	0.602114	0.678141	0.4879	0.5211	0.2740	0.1010	0.4728	0.1531	0.7116
000432	V	0.271482	0.608263	0.671368	0.4116	0.5139	0.2650	0.0990	0.4570	0.1556	0.7278
000433	M	0.261895	0.612626	0.665114	0.3491	0.5098	0.2810	0.1110	0.4466	0.1582	0.7335
000434	A	0.254302	0.622422	0.659648	0.3359	0.4831	0.3060	0.1050	0.4436	0.1563	0.7144
000435	N	0.249368	0.629617	0.654312	0.4037	0.5456	0.2980	0.0790	0.4635	0.1568	0.7027
000436	S	0.250352	0.631074	0.650022	0.4149	0.5419	0.2930	0.0760	0.4635	0.1559	0.7001
000437	K	0.251606	0.635750	0.648007	0.4245	0.4940	0.2720	0.0740	0.4543	0.1567	0.7052
000438	K	0.211965	0.650098	0.648958	0.3806	0.4087	0.2760	0.0740	0.4294	0.1685	0.7233
000439	T	0.157511	0.655468	0.649962	0.3806	0.4725	0.2910	0.0790	0.4346	0.1811	0.7555
000440	N	0.092836	0.651166	0.650244	0.3225	0.5176	0.3090	0.0940	0.4238	0.2020	0.7912
000441	F	0.039408	0.633600	0.649689	0.3096	0.4940	0.3380	0.1000	0.4107	0.2110	0.8237
000442	L	0.100029	0.623506	0.650046	0.4078	0.5493	0.3280	0.1010	0.4432	0.1909	0.8417
000443	R	0.173406	0.612190	0.651849	0.4333	0.5419	0.3370	0.1080	0.4583	0.1657	0.8445
000444	S	0.225687	0.632375	0.655607	0.4513	0.5533	0.3560	0.1090	0.4790	0.1529	0.8563
000445	M	0.246981	0.609243	0.660921	0.3992	0.5707	0.3670	0.0960	0.4757	0.1478	0.8702
000446	T	0.265926	0.616912	0.668242	0.3885	0.5493	0.4060	0.1040	0.4825	0.1406	0.8711
000447	A	0.294904	0.657733	0.677466	0.3806	0.5620	0.4620	0.1090	0.5058	0.1401	0.8701
000448	L	0.332894	0.673521	0.687312	0.3939	0.5707	0.5210	0.0910	0.5299	0.1319	0.8647
000449	L	0.432999	0.690777	0.697410	0.3939	0.5758	0.5290	0.0880	0.5533	0.1159	0.8427
000450	D	0.497292	0.714633	0.706578	0.4037	0.5665	0.5810	0.0880	0.5783	0.1097	0.7984
000451	P	0.499332	0.735839	0.714532	0.4037	0.5533	0.6030	0.0810	0.5849	0.1162	0.7473
000452	A	0.501663	0.754469	0.720379	0.4651	0.6427	0.6490	0.0820	0.6222	0.1060	0.6864
000453	Q	0.520794	0.768041	0.725685	0.5253	0.7120	0.6630	0.0830	0.6525	0.0965	0.6165
000454	I	0.574040	0.781290	0.732022	0.5253	0.6531	0.7130	0.0720	0.6631	0.0897	0.5542
000455	E	0.661949	0.803205	0.740249	0.5229	0.6576	0.6940	0.0660	0.6801	0.0861	0.4798
000456	E	0.739586	0.817815	0.748768	0.4825	0.6906	0.7140	0.0640	0.6989	0.1044	0.4104
000457	R	0.807114	0.831238	0.756871	0.4749	0.6851	0.7640	0.0690	0.7199	0.1187	0.3726
000458	D	0.813359	0.845971	0.763687	0.5229	0.6906	0.7910	0.0690	0.7378	0.1074	0.3368
000459	R	0.844429	0.860637	0.768511	0.5846	0.7459	0.8240	0.0640	0.7714	0.0928	0.3060
000460	R	0.881285	0.871272	0.770989	0.6412	0.7415	0.8540	0.0630	0.7934	0.0855	0.2973
000461	R	0.909850	0.881953	0.771280	0.6412	0.7331	0.8590	0.0650	0.7995	0.0938	0.3116
000462	Q	0.942816	0.890888	0.771678	0.5549	0.6755	0.8460	0.0860	0.7804	0.1322	0.3307
000463	K	0.975156	0.902547	0.772772	0.5846	0.6906	0.8560	0.0900	0.7969	0.1312	0.3661
000464	Q	0.977045	0.913767	0.773568	0.5802	0.6183	0.8640	0.0880	0.7878	0.1469	0.4112
000465	L	0.979409	0.920731	0.773789	0.6516	0.6991	0.8660	0.0860	0.8151	0.1173	0.4682
000466	E	0.981933	0.928944	0.774198	0.6219	0.6991	0.8340	0.1060	0.8067	0.1246	0.5100
000467	H	0.984801	0.940193	0.775628	0.6124	0.6806	0.8330	0.1020	0.8044	0.1322	0.5536
000468	Q	0.987250	0.947602	0.776661	0.5900	0.6851	0.8390	0.1010	0.8043	0.1391	0.5696
000469	K	0.989699	0.952545	0.776149	0.5846	0.6576	0.8320	0.1020	0.7988	0.1458	0.5872
000470	A	0.989388	0.955980	0.775101	0.5583	0.6531	0.8280	0.1010	0.7933	0.1535	0.6040
000471	I	0.987917	0.962593	0.774425	0.5374	0.6482	0.8320	0.0970	0.7905	0.1607	0.5957
000472	T	0.980729	0.969535	0.774326	0.5296	0.6576	0.8320	0.0750	0.7907	0.1612	0.5548
000473	A	0.971526	0.975105	0.774335	0.5173	0.5807	0.8510	0.0620	0.7783	0.1773	0.5017
000474	Q	0.962526	0.980215	0.774414	0.5173	0.5992	0.8580	0.0570	0.7820	0.1738	0.4393
000475	V	0.961963	0.985215	0.773836	0.4781	0.6043	0.8530	0.0600	0.7761	0.1837	0.3781
000476	E	0.961384	0.989255	0.771632	0.5229	0.6806	0.8340	0.0640	0.7933	0.1605	0.3009
000477	E	0.961818	0.992087	0.767250	0.5253	0.6755	0.8590	0.0580	0.7968	0.1625	0.2485
000478	K	0.962150	0.993535	0.761719	0.4918	0.6482	0.8670	0.0470	0.7873	0.1764	0.2031
000479	R	0.964390	0.994462	0.756800	0.4825	0.6322	0.8830	0.0410	0.7856	0.1832	0.1702
000480	R	0.967801	0.995911	0.753038	0.4651	0.6322	0.8660	0.0400	0.7800	0.1875	0.1420
000481	K	0.972791	0.996950	0.750199	0.4458	0.6576	0.8410	0.0410	0.7774	0.1895	0.1183
000482	K	0.966923	0.997654	0.747400	0.4781	0.7369	0.8210	0.0580	0.7913	0.1719	0.1017
000483	Q	0.960106	0.998181	0.744667	0.4749	0.7331	0.8310	0.0810	0.7903	0.1725	0.0938
000484	L	0.955485	0.998546	0.742041	0.4651	0.7547	0.8490	0.0770	0.7942	0.1748	0.0888
000485	E	0.953317	0.998775	0.739557	0.4556	0.7628	0.8390	0.0680	0.7915	0.1769	0.0750
000486	E	0.939354	0.998902	0.737004	0.4918	0.8235	0.8080	0.1050	0.7998	0.1626	0.0642
000487	E	0.900066	0.999024	0.734916	0.5008	0.7595	0.8260	0.1030	0.7868	0.1553	0.0578
000488	Q	0.879549	0.999112	0.734147	0.5008	0.7459	0.8310	0.1220	0.7818	0.1537	0.0566
000489	R	0.866334	0.999154	0.735046	0.4749	0.6906	0.8300	0.1310	0.7660	0.1633	0.0557
000490	K	0.856250	0.999196	0.737373	0.4703	0.6851	0.8310	0.1160	0.7632	0.1640	0.0608
000491	K	0.859724	0.999188	0.740170	0.4556	0.6948	0.8000	0.1160	0.7583	0.1664	0.0708
000492	E	0.863198	0.999144	0.743014	0.4600	0.7120	0.7540	0.1120	0.7553	0.1635	0.0812
000493	E	0.854163	0.999088	0.745595	0.4703	0.7209	0.7430	0.1090	0.7556	0.1591	0.0933
000494	Q	0.841600	0.999000	0.747760	0.4651	0.7250	0.7670	0.0990	0.7575	0.1592	0.1091
000495	E	0.840119	0.998848	0.750117	0.4918	0.7951	0.7660	0.0950	0.7737	0.1504	0.1275
000496	E	0.860003	0.998728	0.752866	0.5043	0.7843	0.7540	0.0990	0.7757	0.1481	0.1594
000497	E	0.851736	0.998469	0.756123	0.5126	0.7843	0.7470	0.1060	0.7751	0.1448	0.2130
000498	L	0.850582	0.998045	0.759233	0.5173	0.7672	0.7760	0.1090	0.7780	0.1427	0.2791
000499	R	0.850435	0.997446	0.762166	0.5229	0.7718	0.7520	0.1180	0.7761	0.1411	0.3203
000500	L	0.849059	0.996584	0.765078	0.5173	0.7080	0.7550	0.1200	0.7651	0.1446	0.3596
000501	A	0.845127	0.995890	0.767849	0.5331	0.7250	0.7140	0.1330	0.7636	0.1400	0.3794
000502	Q	0.838273	0.995090	0.769397	0.5008	0.7369	0.7060	0.1530	0.7577	0.1484	0.3712
000503	E	0.820355	0.994089	0.769994	0.5008	0.7415	0.7310	0.1450	0.7596	0.1454	0.3658
000504	R	0.805927	0.993374	0.770391	0.5084	0.6620	0.7490	0.1350	0.7482	0.1466	0.3639
000505	E	0.779516	0.992654	0.771662	0.5229	0.5901	0.7290	0.1030	0.7310	0.1503	0.3730
000506	E	0.719858	0.992327	0.773624	0.4749	0.5758	0.7440	0.0830	0.7134	0.1624	0.3975
000507	M	0.634464	0.991852	0.776195	0.4333	0.5758	0.7290	0.0790	0.6901	0.1742	0.4229
000508	Q	0.546540	0.990949	0.778637	0.4282	0.5577	0.6860	0.0950	0.6647	0.1831	0.4026
000509	K	0.456315	0.989819	0.780553	0.4556	0.6375	0.6300	0.1190	0.6583	0.1862	0.3857
000510	Q	0.368412	0.988722	0.780868	0.4600	0.6375	0.6060	0.1130	0.6403	0.2036	0.3844
000511	Y	0.282825	0.986974	0.780222	0.4879	0.7120	0.6610	0.1060	0.6519	0.2219	0.3887
000512	E	0.209047	0.985057	0.778991	0.4781	0.7331	0.6490	0.1000	0.6388	0.2446	0.3796
000513	E	0.131123	0.983519	0.778162	0.4825	0.6531	0.6480	0.0920	0.6127	0.2635	0.3853
000514	D	0.070774	0.982120	0.777639	0.4825	0.6322	0.6780	0.1050	0.6038	0.2824	0.4049
000515	I	0.053685	0.980987	0.776800	0.4245	0.6375	0.7060	0.1300	0.5966	0.2939	0.4339
000516	L	0.046352	0.979187	0.775809	0.4116	0.5577	0.7010	0.1440	0.5786	0.2961	0.4383
000517	K	0.041801	0.977943	0.774513	0.4116	0.5419	0.7040	0.1340	0.5752	0.2974	0.4253
000518	Q	0.045362	0.976460	0.773232	0.3535	0.5533	0.7290	0.1270	0.5718	0.3039	0.4124
000519	K	0.043079	0.975024	0.771183	0.3535	0.5620	0.7290	0.1140	0.5722	0.3039	0.4247
000520	Q	0.039939	0.973567	0.768005	0.3762	0.5807	0.7260	0.1130	0.5774	0.3013	0.4358
000521	K	0.036068	0.972311	0.764125	0.3885	0.5139	0.7120	0.1070	0.5644	0.3002	0.4494
000522	E	0.033063	0.971110	0.760106	0.4420	0.5017	0.7170	0.1040	0.5708	0.2966	0.4725
000523	E	0.028692	0.970041	0.756967	0.3762	0.4979	0.7170	0.1090	0.5579	0.3032	0.5277
000524	I	0.071246	0.968344	0.754427	0.3184	0.4979	0.7290	0.1140	0.5565	0.2983	0.5800
000525	M	0.114134	0.965009	0.752247	0.2963	0.4801	0.7410	0.1170	0.5582	0.2911	0.6070
000526	T	0.185602	0.960374	0.749054	0.3535	0.5419	0.7860	0.0970	0.5961	0.2654	0.6158
000527	L	0.260578	0.956730	0.744817	0.3885	0.5992	0.8270	0.0730	0.6294	0.2430	0.6310
000528	K	0.344803	0.952437	0.740168	0.4037	0.5901	0.8120	0.0750	0.6405	0.2170	0.6356
000529	T	0.424653	0.948313	0.736306	0.4116	0.5901	0.8390	0.0600	0.6583	0.2012	0.6442
000530	N	0.462388	0.942605	0.733068	0.4078	0.6089	0.8780	0.0600	0.6721	0.1988	0.6441
000531	E	0.515564	0.939774	0.730587	0.4116	0.5382	0.8910	0.0620	0.6711	0.1971	0.6421
000532	L	0.559714	0.936910	0.728908	0.4149	0.5296	0.8980	0.0580	0.6779	0.1928	0.6467
000533	F	0.554400	0.930656	0.728296	0.3456	0.5254	0.9120	0.0520	0.6660	0.2119	0.6372
000534	Q	0.560859	0.926284	0.728511	0.3263	0.5176	0.9090	0.0520	0.6615	0.2157	0.6003
000535	T	0.570431	0.917302	0.727986	0.3992	0.5211	0.9180	0.0540	0.6757	0.1963	0.5682
000536	M	0.569606	0.900736	0.726114	0.4116	0.5211	0.9180	0.0610	0.6745	0.1901	0.5516
000537	Q	0.555891	0.893555	0.722665	0.3456	0.5254	0.9000	0.0730	0.6572	0.2017	0.5274
000538	R	0.514157	0.885359	0.719410	0.4037	0.6043	0.8950	0.0800	0.6704	0.1822	0.5079
000539	A	0.521866	0.873033	0.717204	0.4078	0.6183	0.8840	0.0880	0.6704	0.1745	0.4980
000540	Q	0.558261	0.860758	0.715842	0.4078	0.6089	0.8790	0.0750	0.6718	0.1669	0.4784
000541	E	0.600675	0.832459	0.715320	0.3992	0.5254	0.8990	0.0550	0.6621	0.1731	0.4641
000542	L	0.645832	0.854772	0.713795	0.4037	0.5139	0.9200	0.0380	0.6753	0.1799	0.4568
000543	A	0.680620	0.843885	0.710879	0.3847	0.5854	0.9090	0.0380	0.6858	0.1714	0.4370
000544	Q	0.704459	0.818509	0.705910	0.4458	0.6043	0.9120	0.0420	0.6985	0.1488	0.4182
000545	R	0.720323	0.818688	0.700378	0.4600	0.5807	0.9090	0.0450	0.6981	0.1471	0.4195
000546	L	0.745085	0.815190	0.694933	0.3847	0.5854	0.9010	0.0570	0.6877	0.1670	0.4208
000547	K	0.806012	0.806732	0.688554	0.3717	0.5854	0.8540	0.0850	0.6853	0.1663	0.4106
000548	Q	0.860971	0.781155	0.682268	0.3762	0.5854	0.8270	0.1100	0.6856	0.1662	0.4089
000549	E	0.874084	0.766086	0.675586	0.3762	0.6136	0.8070	0.1150	0.6855	0.1622	0.4076
000550	Q	0.896662	0.740068	0.668943	0.4037	0.6427	0.8210	0.1030	0.6956	0.1565	0.4123
000551	R	0.918870	0.718543	0.663346	0.4245	0.6375	0.8190	0.1060	0.6970	0.1547	0.4233
000552	I	0.931397	0.706433	0.658263	0.4379	0.6322	0.8130	0.1230	0.6965	0.1535	0.4326
000553	R	0.933928	0.678518	0.653837	0.5043	0.6991	0.7480	0.1610	0.7030	0.1277	0.4338
000554	E	0.934708	0.668909	0.648045	0.5253	0.6482	0.6810	0.1890	0.6843	0.1231	0.4421
000555	L	0.934247	0.680878	0.641431	0.5296	0.5665	0.6690	0.1680	0.6703	0.1299	0.4630
000556	A	0.922934	0.679059	0.634169	0.4703	0.5620	0.6250	0.1620	0.6490	0.1392	0.4774
000557	Q	0.905507	0.665145	0.626878	0.4703	0.6482	0.5580	0.1390	0.6457	0.1333	0.4851
000558	K	0.864644	0.657574	0.619650	0.4703	0.5854	0.5240	0.1410	0.6202	0.1253	0.5014
000559	G	0.826183	0.645780	0.611920	0.4749	0.5854	0.4840	0.1250	0.6046	0.1174	0.5263
000560	H	0.746489	0.627020	0.604697	0.4078	0.5176	0.5040	0.1320	0.5680	0.1072	0.5497
000561	D	0.650333	0.613676	0.598865	0.4149	0.5254	0.4920	0.1550	0.5492	0.0803	0.5650
000562	T	0.546496	0.604749	0.594537	0.3578	0.5296	0.4780	0.1510	0.5186	0.0832	0.5788
000563	S	0.488531	0.587847	0.589241	0.4420	0.5296	0.4280	0.1370	0.5108	0.0640	0.5921
000564	R	0.415930	0.591841	0.581026	0.4379	0.5419	0.4170	0.1380	0.4976	0.0759	0.6164
000565	L	0.365190	0.572686	0.570398	0.3668	0.5254	0.4220	0.1300	0.4704	0.0891	0.6381
000566	I	0.317459	0.563516	0.558848	0.4600	0.5992	0.3730	0.1080	0.4787	0.1046	0.6517
000567	K	0.311343	0.554659	0.548536	0.4600	0.5419	0.3230	0.0990	0.4565	0.1036	0.6567
000568	N	0.287929	0.543725	0.538920	0.4703	0.5493	0.3210	0.0960	0.4518	0.1080	0.6744
000569	L	0.292065	0.520915	0.528684	0.3939	0.5419	0.3380	0.0900	0.4359	0.0992	0.6891
000570	G	0.322161	0.487378	0.517961	0.3885	0.5419	0.3460	0.1010	0.4340	0.0855	0.6891
000571	V	0.328585	0.471760	0.508142	0.3456	0.5296	0.3930	0.1000	0.4294	0.0781	0.6893
000572	D	0.321339	0.467650	0.499657	0.3399	0.4652	0.4310	0.1280	0.4208	0.0670	0.6860
000573	T	0.368758	0.504737	0.493662	0.3399	0.4652	0.4720	0.1300	0.4407	0.0630	0.6888
000574	I	0.405332	0.520653	0.490601	0.2786	0.4725	0.5000	0.1050	0.4447	0.0825	0.6955
000575	Q	0.428532	0.533967	0.490838	0.2748	0.4766	0.5060	0.1040	0.4518	0.0853	0.6864
000576	M	0.449674	0.557271	0.492194	0.3359	0.5296	0.5180	0.0990	0.4805	0.0727	0.6796
000577	E	0.458994	0.596474	0.493406	0.4078	0.6136	0.5450	0.1110	0.5192	0.0733	0.6643
000578	Y	0.507612	0.617002	0.494951	0.4116	0.6322	0.6540	0.0690	0.5529	0.0876	0.6627
000579	N	0.555001	0.643611	0.495932	0.4149	0.6183	0.7070	0.0550	0.5725	0.0968	0.6410
000580	A	0.626021	0.665948	0.497083	0.4825	0.7036	0.7520	0.0500	0.6212	0.1004	0.6195
000581	S	0.679052	0.691288	0.498113	0.4781	0.7120	0.7850	0.0530	0.6406	0.1131	0.5987
000582	N	0.692950	0.712105	0.497536	0.5253	0.7036	0.8300	0.0560	0.6602	0.1147	0.5755
000583	I	0.706252	0.728280	0.496373	0.5331	0.6906	0.8650	0.0450	0.6700	0.1239	0.5687
000584	S	0.734471	0.743540	0.495694	0.4781	0.6906	0.8680	0.0560	0.6683	0.1392	0.5479
000585	N	0.749823	0.756422	0.497865	0.5473	0.7505	0.8760	0.0620	0.6963	0.1312	0.5220
000586	S	0.779788	0.762837	0.500463	0.5296	0.7289	0.8950	0.0410	0.6994	0.1401	0.5068
000587	R	0.784981	0.771311	0.503053	0.5374	0.7505	0.9010	0.0340	0.7081	0.1415	0.4965
000588	H	0.786207	0.777917	0.505854	0.5173	0.7369	0.9190	0.0380	0.7072	0.1492	0.4902
000589	D	0.789354	0.794419	0.508981	0.5846	0.7369	0.9170	0.0390	0.7219	0.1368	0.4701
000590	S	0.793351	0.800312	0.512653	0.5711	0.7120	0.9050	0.0420	0.7158	0.1361	0.4696
000591	D	0.794317	0.805923	0.515002	0.5374	0.7369	0.9050	0.0460	0.7157	0.1430	0.4756
000592	E	0.799592	0.811032	0.516598	0.5229	0.7369	0.8790	0.0590	0.7111	0.1415	0.4842
000593	I	0.795184	0.808022	0.516023	0.5229	0.7250	0.8740	0.0680	0.7068	0.1394	0.4938
000594	S	0.708889	0.799307	0.515240	0.5762	0.7843	0.8260	0.0780	0.7017	0.1172	0.4854
000595	G	0.645866	0.784250	0.516305	0.5667	0.7799	0.7910	0.1040	0.6807	0.1111	0.4799
000596	K	0.570170	0.777528	0.517934	0.5549	0.7628	0.7860	0.1120	0.6615	0.1151	0.4780
000597	M	0.497152	0.777245	0.519347	0.5549	0.7595	0.7520	0.1170	0.6433	0.1209	0.4751
000598	N	0.412739	0.763436	0.519948	0.5374	0.7672	0.7570	0.1440	0.6263	0.1418	0.4570
000599	T	0.361422	0.751780	0.521065	0.5253	0.7459	0.7270	0.1710	0.6053	0.1466	0.4459
000600	Y	0.334610	0.761882	0.523520	0.5229	0.7369	0.7330	0.1730	0.6021	0.1554	0.4431
000601	M	0.252208	0.774939	0.523331	0.5126	0.6851	0.7290	0.1700	0.5795	0.1762	0.4235
000602	N	0.178510	0.776554	0.520417	0.5126	0.6851	0.7220	0.1760	0.5659	0.1992	0.3945
000603	S	0.201171	0.776199	0.514376	0.4651	0.6661	0.7100	0.1770	0.5555	0.1916	0.3709
000604	T	0.203838	0.769916	0.507011	0.5374	0.7415	0.6950	0.1700	0.5758	0.1932	0.3457
000605	T	0.206626	0.758912	0.500553	0.5296	0.7459	0.7040	0.1680	0.5742	0.1928	0.3311
000606	S	0.215071	0.751039	0.495758	0.5296	0.6806	0.6990	0.1750	0.5619	0.1800	0.3209
000607	K	0.238550	0.751840	0.493735	0.5374	0.6991	0.7000	0.1650	0.5701	0.1748	0.3179
000608	K	0.200790	0.746487	0.493224	0.5008	0.6427	0.7130	0.1580	0.5495	0.1832	0.3170
000609	D	0.142771	0.727229	0.492103	0.4967	0.6322	0.6940	0.1650	0.5308	0.1952	0.3358
000610	T	0.134555	0.712335	0.490489	0.4556	0.5620	0.6810	0.1580	0.5059	0.1902	0.3495
000611	G	0.128628	0.691021	0.486290	0.5126	0.5493	0.6860	0.1540	0.5089	0.1876	0.3734
000612	V	0.137369	0.666126	0.482062	0.4781	0.5577	0.6650	0.1510	0.4977	0.1782	0.4184
000613	Q	0.148314	0.639931	0.478066	0.4116	0.5577	0.6280	0.1520	0.4772	0.1674	0.4568
000614	T	0.172238	0.624227	0.474202	0.4078	0.5382	0.5800	0.1260	0.4661	0.1489	0.4872
000615	D	0.167565	0.588365	0.468237	0.4078	0.5493	0.5100	0.1300	0.4485	0.1381	0.5235
000616	D	0.152982	0.567896	0.459673	0.3885	0.5493	0.4740	0.1360	0.4321	0.1382	0.5551
000617	L	0.165348	0.524671	0.451354	0.4078	0.5665	0.4350	0.1470	0.4251	0.1281	0.5833
000618	N	0.170029	0.514241	0.444091	0.4149	0.4801	0.3650	0.1330	0.3981	0.1123	0.5995
000619	I	0.180003	0.488510	0.437549	0.4203	0.4864	0.3540	0.1400	0.3945	0.1060	0.6160
000620	G	0.227264	0.445696	0.430713	0.3399	0.4801	0.3180	0.1350	0.3736	0.0870	0.6153
000621	I	0.225182	0.417877	0.423032	0.3535	0.4292	0.2920	0.1250	0.3569	0.0762	0.6171
000622	F	0.223100	0.420712	0.414870	0.3535	0.4186	0.2820	0.1190	0.3521	0.0760	0.6101
000623	T	0.218103	0.396508	0.406213	0.3225	0.4652	0.2590	0.1120	0.3446	0.0865	0.5910
000624	N	0.246963	0.434898	0.399455	0.2913	0.4652	0.3010	0.1460	0.3564	0.0808	0.5805
000625	A	0.276900	0.443576	0.395993	0.3184	0.4725	0.2850	0.1370	0.3653	0.0765	0.5751
000626	E	0.289241	0.460499	0.395867	0.3184	0.4149	0.2510	0.1060	0.3550	0.0739	0.5643
000627	S	0.312550	0.466974	0.400254	0.3263	0.4087	0.2440	0.0800	0.3598	0.0734	0.5601
000628	H	0.345529	0.477598	0.408551	0.3263	0.4725	0.2510	0.0740	0.3802	0.0814	0.5544
000629	C	0.374579	0.489404	0.419247	0.3225	0.3807	0.2880	0.0720	0.3791	0.0649	0.5464
000630	G	0.425612	0.492751	0.431140	0.3668	0.4330	0.2670	0.0660	0.4028	0.0707	0.5339
000631	S	0.474021	0.519598	0.442570	0.2820	0.4330	0.2720	0.0630	0.4038	0.0940	0.5292
000632	L	0.526335	0.524005	0.455278	0.3359	0.5211	0.2890	0.0570	0.4420	0.0956	0.5248
000633	M	0.562300	0.535069	0.468513	0.3992	0.6136	0.2650	0.0640	0.4740	0.1157	0.5154
000634	E	0.604246	0.543075	0.482766	0.4458	0.5456	0.2500	0.0690	0.4786	0.1139	0.5019
000635	R	0.659595	0.556133	0.498535	0.4651	0.5382	0.2540	0.0740	0.4952	0.1236	0.4917
000636	D	0.715840	0.569975	0.512666	0.4333	0.5382	0.2530	0.0910	0.5039	0.1404	0.4759
000637	I	0.758602	0.567239	0.525451	0.4203	0.5382	0.2420	0.1010	0.5087	0.1558	0.4662
000638	T	0.766707	0.565816	0.535253	0.3939	0.4831	0.2150	0.0860	0.4933	0.1679	0.4426
000639	N	0.764639	0.584296	0.543159	0.4078	0.4149	0.2130	0.0780	0.4880	0.1713	0.4295
000640	C	0.766817	0.584040	0.550522	0.4379	0.5017	0.2130	0.0750	0.5090	0.1666	0.4299
000641	S	0.749430	0.597450	0.557546	0.3939	0.5139	0.2050	0.0790	0.5029	0.1699	0.4429
000642	S	0.733896	0.612463	0.566054	0.3939	0.4369	0.2030	0.0690	0.4911	0.1705	0.4547
000643	P	0.655718	0.639461	0.574013	0.4703	0.4901	0.1850	0.0530	0.5025	0.1576	0.4764
000644	E	0.579253	0.642729	0.582546	0.4245	0.5017	0.2060	0.0540	0.4895	0.1442	0.5022
000645	I	0.492096	0.652329	0.591862	0.4116	0.4940	0.2220	0.0520	0.4774	0.1376	0.5347
000646	S	0.405032	0.666998	0.602369	0.4037	0.4831	0.2300	0.0540	0.4652	0.1429	0.5499
000647	A	0.341340	0.672970	0.613072	0.3847	0.4901	0.2740	0.0810	0.4628	0.1437	0.5653
000648	E	0.270282	0.693231	0.622403	0.4282	0.5456	0.3110	0.0830	0.4784	0.1556	0.5726
000649	L	0.194546	0.696304	0.630323	0.4333	0.5577	0.3660	0.0810	0.4797	0.1694	0.5895
000650	I	0.132689	0.723362	0.637103	0.4245	0.5533	0.3990	0.0820	0.4783	0.1913	0.5893
000651	G	0.074422	0.735939	0.644260	0.5173	0.5901	0.4310	0.0910	0.4989	0.2124	0.5706
000652	Q	0.069395	0.769286	0.652518	0.5229	0.5901	0.5250	0.0950	0.5215	0.2190	0.5525
000653	F	0.062205	0.799483	0.662260	0.4781	0.6043	0.5970	0.0880	0.5340	0.2315	0.5342
000654	S	0.061478	0.811425	0.672313	0.4282	0.5707	0.6210	0.1000	0.5275	0.2378	0.4915
000655	T	0.060668	0.830368	0.680642	0.4203	0.5620	0.7330	0.0960	0.5478	0.2535	0.4484
000656	K	0.037731	0.848533	0.685877	0.4825	0.6375	0.7660	0.0880	0.5764	0.2661	0.4080
000657	K	0.025467	0.858212	0.688768	0.4781	0.6183	0.7630	0.0820	0.5720	0.2714	0.3796
000658	N	0.016158	0.869172	0.690399	0.5043	0.6375	0.7550	0.0750	0.5787	0.2748	0.3578
000659	K	0.012205	0.878139	0.691889	0.4781	0.5665	0.7330	0.0610	0.5599	0.2755	0.3441
000660	Q	0.015490	0.883540	0.692830	0.5253	0.6427	0.7150	0.0730	0.5792	0.2735	0.3399
000661	E	0.020540	0.887962	0.692424	0.5229	0.7080	0.6650	0.0990	0.5829	0.2731	0.3435
000662	L	0.122737	0.889353	0.690927	0.5229	0.7163	0.6960	0.1440	0.6064	0.2409	0.3606
000663	T	0.199617	0.892301	0.690367	0.5173	0.7163	0.7150	0.1440	0.6218	0.2178	0.3583
000664	Q	0.280308	0.898454	0.691012	0.5667	0.8125	0.7590	0.1280	0.6679	0.2014	0.3584
000665	D	0.366054	0.902045	0.692988	0.5711	0.8162	0.7970	0.0990	0.6909	0.1786	0.3695
000666	K	0.453211	0.906963	0.693747	0.5802	0.7209	0.8180	0.0870	0.6954	0.1485	0.3837
000667	G	0.532077	0.904787	0.693940	0.6079	0.7369	0.8310	0.0740	0.7177	0.1260	0.3922
000668	A	0.599430	0.908883	0.692225	0.5253	0.7415	0.8580	0.0580	0.7208	0.1343	0.3976
000669	S	0.669040	0.909517	0.689468	0.5374	0.7415	0.8520	0.0610	0.7332	0.1222	0.3897
000670	L	0.723343	0.905651	0.686990	0.5412	0.6375	0.8520	0.0840	0.7245	0.1236	0.3774
000671	E	0.679173	0.903810	0.685683	0.5514	0.6375	0.8130	0.1230	0.7118	0.1156	0.3345
000672	K	0.659415	0.899319	0.685195	0.4556	0.6427	0.7990	0.1380	0.6901	0.1377	0.2982
000673	E	0.613721	0.892204	0.685535	0.5084	0.6227	0.7640	0.1580	0.6812	0.1220	0.2602
000674	N	0.595080	0.888398	0.686819	0.5253	0.6227	0.7440	0.1610	0.6770	0.1169	0.2511
000675	N	0.585739	0.870042	0.688908	0.4781	0.6089	0.7560	0.1470	0.6647	0.1260	0.2410
000676	R	0.582664	0.873673	0.690790	0.4651	0.5382	0.7730	0.1290	0.6539	0.1402	0.2352
000677	C	0.593424	0.872237	0.692546	0.4825	0.5456	0.7400	0.1500	0.6543	0.1299	0.2359
000678	N	0.594180	0.876638	0.694771	0.4420	0.5419	0.6730	0.1130	0.6371	0.1360	0.2425
000679	D	0.575792	0.874580	0.698433	0.4458	0.5707	0.6630	0.0810	0.6381	0.1327	0.2524
000680	Q	0.520772	0.885263	0.703764	0.4513	0.5707	0.6860	0.0980	0.6362	0.1419	0.2679
000681	C	0.479804	0.891172	0.709899	0.5173	0.6322	0.7170	0.0920	0.6579	0.1371	0.2824
000682	N	0.532578	0.883135	0.716580	0.5126	0.6427	0.7480	0.0870	0.6726	0.1279	0.3245
000683	Q	0.465335	0.870231	0.722689	0.5173	0.6269	0.7420	0.0950	0.6574	0.1380	0.3755
000684	F	0.387786	0.884452	0.728754	0.5253	0.6183	0.7870	0.0810	0.6552	0.1658	0.4470
000685	T	0.332602	0.881788	0.734518	0.5043	0.5992	0.7630	0.1050	0.6360	0.1812	0.4811
000686	R	0.329507	0.885243	0.741463	0.5008	0.5098	0.7820	0.0880	0.6249	0.1924	0.5208
000687	I	0.334938	0.887341	0.749548	0.4967	0.5342	0.7900	0.0880	0.6321	0.1915	0.5649
000688	E	0.394946	0.888113	0.757857	0.5331	0.6427	0.7450	0.1010	0.6603	0.1610	0.5832
000689	K	0.451862	0.882358	0.765732	0.5473	0.6322	0.7640	0.1000	0.6740	0.1456	0.6056
000690	Q	0.494201	0.885335	0.772942	0.5623	0.6620	0.7770	0.0980	0.6922	0.1341	0.6284
000691	T	0.498321	0.887750	0.779591	0.5583	0.6576	0.8010	0.0880	0.6971	0.1380	0.6509
000692	K	0.590261	0.887446	0.786008	0.6681	0.6531	0.8450	0.0790	0.7383	0.1080	0.6760
000693	H	0.674343	0.890189	0.792680	0.6650	0.6531	0.8440	0.0900	0.7532	0.0937	0.7019
000694	M	0.744271	0.894225	0.799286	0.5711	0.5665	0.8620	0.1010	0.7396	0.1297	0.7117
000695	K	0.775544	0.895982	0.805581	0.6293	0.6755	0.8540	0.1150	0.7727	0.0939	0.7008
000696	K	0.801304	0.898216	0.811199	0.5941	0.6755	0.8630	0.1100	0.7738	0.1060	0.7050
000697	Y	0.805506	0.899125	0.816950	0.5992	0.7080	0.8620	0.1190	0.7818	0.1007	0.7072
000698	P	0.844758	0.902553	0.823068	0.6412	0.7982	0.8410	0.1330	0.8085	0.0812	0.6876
000699	K	0.880364	0.907723	0.829691	0.6756	0.7916	0.8430	0.1410	0.8213	0.0748	0.6789
000700	R	0.894672	0.912345	0.836921	0.6906	0.7982	0.8500	0.1330	0.8305	0.0729	0.6653
000701	P	0.908846	0.920883	0.843951	0.6827	0.7120	0.8380	0.1350	0.8177	0.0908	0.6505
000702	D	0.932527	0.923648	0.851045	0.7034	0.6427	0.8530	0.1200	0.8177	0.1084	0.6461
000703	W	0.940315	0.928404	0.858071	0.6474	0.6806	0.8580	0.1200	0.8189	0.1143	0.6538
000704	N	0.941674	0.930963	0.865082	0.6124	0.6531	0.8270	0.1390	0.8050	0.1283	0.6461
000705	I	0.930056	0.931444	0.871001	0.6474	0.6620	0.8150	0.1310	0.8094	0.1164	0.6542
000706	N	0.923544	0.929643	0.875030	0.6334	0.6712	0.7950	0.1370	0.8046	0.1169	0.6560
000707	K	0.882386	0.924259	0.877857	0.6334	0.6755	0.7780	0.1300	0.7952	0.1095	0.6535
000708	P	0.832188	0.919078	0.881381	0.6650	0.6712	0.7540	0.1470	0.7872	0.0981	0.6514
000709	P	0.785304	0.917002	0.886035	0.6604	0.6712	0.7470	0.1530	0.7778	0.0977	0.6719
000710	K	0.697021	0.915033	0.890867	0.5941	0.6755	0.7540	0.1340	0.7545	0.1152	0.6931
000711	R	0.664546	0.908799	0.894966	0.6079	0.6806	0.7660	0.1330	0.7538	0.1145	0.7141
000712	Y	0.653372	0.909013	0.899279	0.5941	0.5807	0.7820	0.1170	0.7365	0.1353	0.7320
000713	I	0.650643	0.916752	0.903734	0.6124	0.5854	0.7670	0.1160	0.7394	0.1335	0.7404
000714	P	0.654327	0.920386	0.908517	0.6474	0.7036	0.7110	0.1230	0.7575	0.1134	0.7248
000715	A	0.630054	0.929353	0.912456	0.6557	0.6991	0.7150	0.1260	0.7570	0.1193	0.7191
000716	S	0.678501	0.931347	0.915508	0.7034	0.7718	0.7160	0.1250	0.7861	0.1012	0.6999
000717	E	0.741067	0.931974	0.917115	0.7079	0.7547	0.7450	0.1040	0.7996	0.0896	0.6940
000718	K	0.711123	0.932473	0.917905	0.7034	0.7595	0.7660	0.1040	0.7984	0.0926	0.6957
000719	Y	0.802830	0.934539	0.918733	0.6715	0.7289	0.7820	0.1160	0.8064	0.0947	0.6871
000720	P	0.837219	0.934273	0.919074	0.6412	0.6991	0.7710	0.1120	0.8002	0.1079	0.6591
000721	K	0.860108	0.933977	0.918810	0.6412	0.6427	0.8030	0.1100	0.8000	0.1195	0.6318
000722	Q	0.863591	0.935737	0.917935	0.6412	0.6427	0.8410	0.1010	0.8070	0.1209	0.6100
000723	L	0.873613	0.933778	0.916981	0.6412	0.7289	0.8590	0.1010	0.8255	0.1055	0.5919
000724	Q	0.909592	0.932406	0.916297	0.6827	0.7982	0.8210	0.1370	0.8433	0.0876	0.5600
000725	K	0.913551	0.930992	0.915418	0.6715	0.7628	0.8230	0.1460	0.8362	0.0948	0.5426
000726	Q	0.917550	0.926192	0.914228	0.6944	0.7755	0.8260	0.1310	0.8423	0.0861	0.5307
000727	R	0.998621	0.922283	0.912588	0.6715	0.7209	0.8260	0.1480	0.8420	0.1154	0.5180
000728	E	0.998295	0.920977	0.911021	0.6789	0.6576	0.8150	0.1560	0.8303	0.1264	0.5138
000729	E	0.994962	0.919557	0.910024	0.6219	0.6806	0.8160	0.1680	0.8238	0.1337	0.5292
000730	K	0.994862	0.914391	0.909331	0.6334	0.6991	0.8140	0.1760	0.8275	0.1269	0.5699
000731	K	0.994760	0.904176	0.908750	0.6293	0.6089	0.8290	0.1590	0.8124	0.1450	0.6295
000732	V	0.991530	0.887227	0.907983	0.5711	0.6089	0.8350	0.1510	0.8002	0.1560	0.6894
000733	R	0.988359	0.876889	0.906878	0.5043	0.5992	0.8100	0.1630	0.7809	0.1725	0.7249
000734	R	0.974919	0.881696	0.905617	0.5473	0.6851	0.7810	0.1700	0.7959	0.1448	0.7551
000735	Q	0.958441	0.869520	0.904332	0.5374	0.6948	0.7900	0.1640	0.7925	0.1418	0.7894
000736	M	0.903497	0.871613	0.903189	0.5374	0.7250	0.7850	0.1520	0.7875	0.1293	0.8190
000737	E	0.842807	0.868088	0.903028	0.5331	0.7209	0.7570	0.1520	0.7708	0.1234	0.8319
000738	L	0.795696	0.852672	0.901422	0.5583	0.7331	0.7600	0.1530	0.7668	0.1088	0.8531
000739	L	0.750424	0.844564	0.897546	0.5802	0.6712	0.7580	0.1470	0.7503	0.1047	0.8648
000740	H	0.705153	0.838578	0.889515	0.6124	0.6661	0.7630	0.1460	0.7458	0.0960	0.8650
000741	L	0.645808	0.837259	0.879898	0.5412	0.6806	0.7960	0.1430	0.7301	0.1180	0.8552
000742	V	0.574525	0.825979	0.869452	0.5331	0.6991	0.7760	0.1650	0.7130	0.1244	0.8325
000743	E	0.519688	0.836397	0.860333	0.6035	0.7547	0.7250	0.1870	0.7167	0.1212	0.7978
000744	K	0.451350	0.829259	0.853074	0.5992	0.7595	0.7000	0.1870	0.6987	0.1388	0.7719
000745	N	0.463432	0.824960	0.847854	0.5846	0.6851	0.7040	0.1690	0.6850	0.1327	0.7417
000746	N	0.483482	0.822523	0.843923	0.5802	0.6712	0.7150	0.1600	0.6861	0.1271	0.7193
000747	P	0.478472	0.813612	0.841367	0.5331	0.7120	0.6860	0.1650	0.6775	0.1336	0.6952
000748	G	0.467473	0.813057	0.839785	0.5412	0.7120	0.6840	0.1760	0.6763	0.1346	0.6818
000749	H	0.466757	0.810121	0.838046	0.6255	0.7036	0.6950	0.1490	0.6898	0.1228	0.6537
000750	L	0.434975	0.814268	0.835021	0.6715	0.6620	0.7360	0.1320	0.6923	0.1321	0.6306
000751	S	0.420229	0.810708	0.831073	0.5900	0.6576	0.7250	0.1370	0.6724	0.1400	0.6131
000752	Q	0.401674	0.808017	0.826750	0.5711	0.7209	0.7170	0.1530	0.6743	0.1473	0.6108
000753	N	0.450590	0.805003	0.821302	0.6293	0.7718	0.7570	0.1540	0.7059	0.1299	0.6246
000754	R	0.448950	0.800826	0.815395	0.6334	0.7843	0.7630	0.1680	0.7077	0.1302	0.6449
000755	G	0.466750	0.796663	0.809492	0.6293	0.7916	0.7720	0.1690	0.7109	0.1249	0.6686
000756	I	0.501273	0.789870	0.805039	0.6255	0.7799	0.7860	0.1700	0.7146	0.1131	0.6871
000757	S	0.537047	0.790697	0.801598	0.6334	0.7672	0.7110	0.2070	0.7068	0.0948	0.6868
000758	P	0.559752	0.790794	0.798995	0.6035	0.7415	0.6720	0.2180	0.6945	0.0907	0.6863
000759	E	0.630173	0.781149	0.797002	0.5900	0.7331	0.6130	0.2130	0.6908	0.0827	0.6831
000760	I	0.662556	0.778850	0.795404	0.5711	0.7163	0.6040	0.1970	0.6881	0.0836	0.6899
000761	F	0.678618	0.779214	0.793969	0.6293	0.7120	0.5740	0.1740	0.6946	0.0778	0.6884
000762	H	0.632618	0.787475	0.792963	0.6255	0.7209	0.4560	0.1090	0.6693	0.1158	0.6837
000763	S	0.597944	0.799463	0.792466	0.5549	0.5758	0.4900	0.1290	0.6351	0.1184	0.6659
000764	S	0.519658	0.808281	0.792633	0.5473	0.5707	0.4740	0.1190	0.6187	0.1319	0.6457
000765	H	0.430593	0.814635	0.792709	0.4556	0.5055	0.4990	0.1100	0.5831	0.1582	0.6301
000766	Q	0.341199	0.820686	0.793032	0.4651	0.4541	0.4580	0.1150	0.5554	0.1829	0.6086
000767	E	0.263983	0.825224	0.793881	0.4918	0.5098	0.4120	0.1120	0.5495	0.2004	0.5982
000768	T	0.222932	0.830470	0.794621	0.4379	0.5139	0.4510	0.1120	0.5418	0.2116	0.6072
000769	E	0.229509	0.830880	0.797150	0.4078	0.4940	0.4160	0.1060	0.5292	0.2166	0.6181
000770	S	0.239922	0.835737	0.800784	0.4037	0.4940	0.3890	0.0810	0.5272	0.2191	0.6367
000771	K	0.256826	0.834437	0.807335	0.4749	0.5665	0.3590	0.0730	0.5498	0.2143	0.6452
000772	L	0.272265	0.833762	0.814765	0.5374	0.7036	0.3560	0.0770	0.5863	0.2165	0.6552
000773	R	0.302447	0.844120	0.823130	0.5253	0.6136	0.3840	0.0840	0.5821	0.2035	0.6566
000774	W	0.327754	0.847519	0.830279	0.5412	0.6375	0.4650	0.1080	0.6082	0.1876	0.6740
000775	H	0.335635	0.854141	0.834753	0.4879	0.5620	0.4750	0.1230	0.5916	0.1910	0.6884
000776	L	0.326958	0.860044	0.836254	0.4918	0.5620	0.5370	0.1100	0.6023	0.1893	0.6967
000777	V	0.282673	0.871530	0.835678	0.4245	0.5493	0.5080	0.1070	0.5786	0.2118	0.6988
000778	K	0.230814	0.878207	0.833799	0.4420	0.4619	0.5390	0.1020	0.5643	0.2267	0.6890
000779	K	0.265024	0.884670	0.831946	0.4420	0.4582	0.5970	0.1040	0.5798	0.2197	0.6837
000780	E	0.235319	0.891136	0.831088	0.3806	0.4541	0.6020	0.1070	0.5657	0.2358	0.6770
000781	E	0.261177	0.896448	0.831810	0.3847	0.4619	0.5550	0.0980	0.5652	0.2297	0.6708
000782	E	0.301879	0.899322	0.833369	0.3847	0.4652	0.4920	0.1260	0.5628	0.2239	0.6711
000783	P	0.359530	0.898320	0.834449	0.4420	0.5176	0.5040	0.0970	0.5926	0.2010	0.6797
000784	L	0.438723	0.897328	0.835526	0.4458	0.5419	0.5510	0.0880	0.6183	0.1814	0.6988
000785	N	0.530391	0.891213	0.836107	0.5412	0.6712	0.5410	0.0910	0.6686	0.1467	0.6952
000786	I	0.625435	0.904283	0.835402	0.5473	0.6576	0.6150	0.0590	0.6975	0.1277	0.6924
000787	H	0.710866	0.909286	0.832715	0.5941	0.7505	0.6360	0.0650	0.7390	0.1082	0.6791
000788	S	0.712057	0.913881	0.828379	0.6374	0.7505	0.7070	0.0700	0.7581	0.0900	0.6635
000789	F	0.720944	0.918423	0.823332	0.6604	0.7799	0.7650	0.0620	0.7781	0.0806	0.6586
000790	S	0.662504	0.925162	0.817269	0.6174	0.7250	0.7770	0.0670	0.7541	0.1014	0.6312
000791	K	0.623881	0.931740	0.809795	0.6374	0.6576	0.8010	0.0680	0.7435	0.1126	0.6114
000792	E	0.580921	0.933392	0.801484	0.5992	0.6531	0.8350	0.0700	0.7338	0.1308	0.5952
000793	R	0.550097	0.932443	0.792363	0.5583	0.6620	0.8340	0.0680	0.7214	0.1424	0.5795
000794	S	0.533486	0.930533	0.784376	0.5412	0.6322	0.8410	0.0720	0.7105	0.1511	0.5604
000795	P	0.503291	0.929515	0.777369	0.6035	0.7080	0.7870	0.0710	0.7182	0.1369	0.5389
000796	S	0.519066	0.927855	0.770919	0.5941	0.7036	0.7940	0.0730	0.7183	0.1341	0.5309
000797	S	0.542427	0.924056	0.763312	0.6374	0.7843	0.7760	0.0790	0.7379	0.1206	0.5215
000798	P	0.627627	0.916339	0.754403	0.6412	0.7718	0.7450	0.0760	0.7426	0.0955	0.5209
000799	V	0.722601	0.914139	0.745486	0.6557	0.7843	0.7920	0.0640	0.7690	0.0789	0.5262
000800	P	0.791080	0.902951	0.736248	0.7111	0.8741	0.8050	0.0570	0.8034	0.0684	0.5171
000801	V	0.856995	0.898686	0.727396	0.7232	0.8792	0.8770	0.0510	0.8270	0.0730	0.5198
000802	V	0.906661	0.895133	0.718411	0.7275	0.8279	0.8830	0.0590	0.8265	0.0773	0.5073
000803	K	0.930385	0.900352	0.709870	0.7232	0.8343	0.8820	0.0640	0.8300	0.0852	0.4885
000804	N	0.960041	0.895652	0.701685	0.6789	0.7718	0.9000	0.0600	0.8181	0.1064	0.4751
000805	R	0.930343	0.905801	0.693598	0.6984	0.8050	0.8860	0.0720	0.8199	0.0956	0.4732
000806	T	0.917030	0.902202	0.685842	0.6412	0.7120	0.8910	0.0720	0.7915	0.1140	0.4704
000807	Q	0.896602	0.906331	0.678616	0.6650	0.7120	0.8850	0.0830	0.7906	0.1065	0.4772
000808	Q	0.866894	0.911416	0.671792	0.6174	0.7289	0.8850	0.0780	0.7802	0.1130	0.4841
000809	T	0.784994	0.912014	0.665875	0.5941	0.6991	0.8830	0.0690	0.7566	0.1147	0.4922
000810	Q	0.748259	0.908780	0.659290	0.6442	0.7547	0.8680	0.0650	0.7638	0.0978	0.5011
000811	N	0.728089	0.908477	0.652783	0.6219	0.6427	0.8800	0.0530	0.7389	0.1148	0.5201
000812	T	0.708391	0.905679	0.645876	0.6604	0.7120	0.8830	0.0440	0.7526	0.1033	0.5520
000813	L	0.683989	0.903418	0.638625	0.6442	0.7718	0.8880	0.0570	0.7549	0.1086	0.5919
000814	H	0.664113	0.899794	0.631149	0.6516	0.7843	0.8650	0.0660	0.7494	0.1065	0.6195
000815	L	0.633986	0.896482	0.623026	0.6557	0.7799	0.9010	0.0570	0.7483	0.1180	0.6337
000816	P	0.612802	0.887582	0.615615	0.6650	0.7120	0.8990	0.0550	0.7320	0.1188	0.6261
000817	L	0.606597	0.883924	0.609025	0.6681	0.6183	0.9150	0.0420	0.7169	0.1311	0.6311
000818	K	0.652994	0.884740	0.603857	0.5992	0.6043	0.9030	0.0410	0.7079	0.1326	0.6267
000819	N	0.658187	0.877295	0.599724	0.5229	0.5951	0.9180	0.0350	0.6952	0.1489	0.6252
000820	S	0.655303	0.875519	0.595640	0.5229	0.5901	0.9130	0.0390	0.6921	0.1484	0.6248
000821	S	0.664892	0.869045	0.589951	0.5084	0.5992	0.9150	0.0410	0.6911	0.1499	0.6257
000822	Y	0.683482	0.860326	0.583035	0.5008	0.5901	0.9090	0.0400	0.6877	0.1494	0.6256
000823	E	0.711949	0.852007	0.575954	0.5008	0.5901	0.8750	0.0650	0.6843	0.1411	0.6074
000824	R	0.738818	0.845364	0.570438	0.5583	0.6755	0.8700	0.0560	0.7098	0.1215	0.5883
000825	E	0.766606	0.833927	0.564814	0.5374	0.5758	0.8770	0.0530	0.6926	0.1376	0.5754
000826	N	0.787703	0.815487	0.556436	0.5900	0.6531	0.8890	0.0490	0.7153	0.1227	0.5745
000827	L	0.808801	0.783057	0.547717	0.4918	0.6089	0.8920	0.0530	0.6886	0.1469	0.5828
000828	I	0.825844	0.757423	0.537960	0.5331	0.6948	0.8710	0.0630	0.7033	0.1306	0.5747
000829	S	0.837414	0.741707	0.530802	0.5331	0.6043	0.8620	0.0680	0.6849	0.1360	0.5610
000830	G	0.845092	0.751217	0.521877	0.5296	0.5854	0.8650	0.0650	0.6830	0.1431	0.5528
000831	S	0.852444	0.744099	0.514497	0.4556	0.5951	0.8640	0.0690	0.6709	0.1592	0.5427
000832	N	0.837033	0.751736	0.508447	0.4513	0.5951	0.8300	0.1040	0.6623	0.1525	0.5325
000833	Q	0.809929	0.748441	0.506009	0.5229	0.6755	0.8150	0.1100	0.6796	0.1256	0.5236
000834	T	0.797501	0.751974	0.505558	0.5084	0.6806	0.8230	0.1290	0.6779	0.1287	0.5223
000835	E	0.790278	0.747820	0.505937	0.4967	0.5665	0.8340	0.1250	0.6569	0.1379	0.5255
000836	L	0.774674	0.759472	0.506754	0.4825	0.4864	0.8460	0.1180	0.6426	0.1532	0.5386
000837	S	0.761907	0.751910	0.508960	0.4116	0.5055	0.8250	0.1150	0.6275	0.1572	0.5449
000838	S	0.742376	0.738138	0.511056	0.4037	0.4979	0.7540	0.1200	0.6079	0.1412	0.5527
000839	G	0.720212	0.724891	0.513310	0.4918	0.5139	0.6840	0.1180	0.6080	0.1027	0.5746
000840	I	0.709271	0.706969	0.513272	0.4333	0.5098	0.6230	0.1370	0.5825	0.1045	0.6062
000841	S	0.720372	0.679914	0.513753	0.3717	0.5098	0.5400	0.1320	0.5559	0.1158	0.6260
000842	E	0.701621	0.661905	0.513503	0.3717	0.5254	0.4500	0.1190	0.5373	0.1143	0.6471
000843	S	0.625443	0.641839	0.514033	0.3668	0.5211	0.3610	0.1210	0.5051	0.1105	0.6659
000844	S	0.541911	0.609055	0.514213	0.3535	0.4441	0.3080	0.0900	0.4617	0.1054	0.6821
000845	H	0.464363	0.584337	0.515454	0.3762	0.3774	0.2850	0.0700	0.4338	0.0990	0.7019
000846	F	0.387317	0.575112	0.518522	0.3096	0.3087	0.2780	0.0630	0.3961	0.1128	0.7195
000847	I	0.313451	0.552327	0.521650	0.3359	0.3087	0.2370	0.0520	0.3782	0.1166	0.7297
000848	P	0.239035	0.558665	0.523342	0.2820	0.3215	0.2140	0.0500	0.3563	0.1352	0.7433
000849	Y	0.153411	0.558405	0.522881	0.2333	0.3529	0.2230	0.0540	0.3406	0.1534	0.7571
000850	V	0.069221	0.536696	0.521686	0.2558	0.3599	0.2300	0.0640	0.3288	0.1653	0.7554
000851	R	0.022787	0.512279	0.520836	0.3630	0.4119	0.2490	0.0780	0.3466	0.1717	0.7472
000852	T	0.015865	0.503769	0.523175	0.3885	0.4441	0.2910	0.1030	0.3610	0.1724	0.7444
000853	N	0.038625	0.518976	0.528108	0.3456	0.3774	0.3410	0.1260	0.3583	0.1621	0.7441
000854	E	0.087579	0.516132	0.535757	0.3847	0.3740	0.3610	0.1310	0.3765	0.1464	0.7523
000855	I	0.115845	0.523771	0.543514	0.3225	0.3807	0.3610	0.1290	0.3746	0.1418	0.7580
000856	Y	0.198799	0.508056	0.552001	0.3225	0.3983	0.3680	0.1210	0.3913	0.1168	0.7562
000857	Y	0.267538	0.493161	0.562201	0.3939	0.4801	0.3860	0.1200	0.4304	0.0946	0.7440
000858	L	0.358886	0.542354	0.573092	0.4967	0.5577	0.4230	0.1280	0.4919	0.0774	0.7289
000859	D	0.452471	0.596855	0.586457	0.4651	0.5296	0.4740	0.1340	0.5173	0.0579	0.7042
000860	P	0.475532	0.618941	0.599465	0.5173	0.6269	0.4920	0.1190	0.5550	0.0619	0.6776
000861	D	0.543249	0.643445	0.614893	0.5802	0.7331	0.5210	0.1130	0.6060	0.0700	0.6602
000862	A	0.605725	0.659815	0.629810	0.6035	0.7415	0.5950	0.1130	0.6392	0.0506	0.6421
000863	P	0.665438	0.692306	0.644268	0.6374	0.6576	0.6320	0.1030	0.6548	0.0202	0.6203
000864	L	0.745402	0.717177	0.654968	0.6442	0.6482	0.7030	0.0790	0.6855	0.0386	0.6004
000865	S	0.771001	0.737672	0.662929	0.5762	0.6531	0.6990	0.0820	0.6833	0.0628	0.5675
000866	G	0.811139	0.756451	0.668286	0.6442	0.7331	0.6920	0.0930	0.7175	0.0562	0.5349
000867	P	0.828060	0.768476	0.672515	0.6906	0.8125	0.6340	0.1240	0.7344	0.0728	0.5088
000868	S	0.844761	0.782069	0.674148	0.7458	0.8872	0.6780	0.1200	0.7686	0.0793	0.4872
000869	T	0.931064	0.786648	0.675447	0.8074	0.8681	0.7400	0.0990	0.8015	0.0828	0.4735
000870	Q	0.967533	0.798008	0.676512	0.8036	0.8623	0.7530	0.1100	0.8101	0.0902	0.4644
000871	D	0.987175	0.802967	0.679458	0.6870	0.8421	0.7440	0.1310	0.7905	0.1054	0.4579
000872	P	0.978931	0.815587	0.681521	0.6756	0.8235	0.7070	0.1740	0.7804	0.1070	0.4473
000873	Q	0.885428	0.817456	0.682983	0.7192	0.8375	0.6870	0.1770	0.7715	0.0788	0.4362
000874	Y	0.789586	0.816306	0.683183	0.6827	0.8162	0.6740	0.1840	0.7436	0.0644	0.4272
000875	Q	0.693972	0.812423	0.684152	0.7418	0.8162	0.6610	0.2010	0.7349	0.0611	0.4062
000876	N	0.598730	0.819912	0.684727	0.7573	0.7250	0.6750	0.2180	0.7101	0.0692	0.3978
000877	S	0.494164	0.824856	0.684971	0.7192	0.7415	0.6190	0.2280	0.6806	0.1038	0.4001
000878	Q	0.388940	0.828757	0.685469	0.6412	0.6991	0.5420	0.2210	0.6310	0.1374	0.4043
000879	D	0.291778	0.825681	0.688684	0.6516	0.7250	0.4970	0.1980	0.6133	0.1740	0.4116
000880	C	0.190550	0.833070	0.694330	0.6681	0.6136	0.4780	0.1710	0.5796	0.2034	0.4175
000881	G	0.103784	0.835179	0.701150	0.6681	0.5382	0.4710	0.1360	0.5530	0.2322	0.4263
000882	Q	0.099017	0.825193	0.707049	0.5583	0.5211	0.4820	0.1280	0.5322	0.2263	0.4380
000883	K	0.094672	0.828443	0.711247	0.4781	0.5098	0.4380	0.1100	0.5100	0.2312	0.4530
000884	R	0.088851	0.814076	0.714645	0.4749	0.5382	0.4330	0.0930	0.5106	0.2308	0.4755
000885	Q	0.085918	0.796665	0.717202	0.5374	0.5419	0.4350	0.0740	0.5190	0.2280	0.5011
000886	L	0.088504	0.816409	0.718891	0.5583	0.4685	0.5050	0.0910	0.5260	0.2301	0.5423
000887	F	0.098787	0.818939	0.718409	0.5008	0.4685	0.5370	0.1040	0.5237	0.2271	0.5766
000888	D	0.103449	0.823698	0.716393	0.4333	0.5055	0.5420	0.1250	0.5206	0.2282	0.5877
000889	S	0.125182	0.830340	0.712906	0.4245	0.5098	0.5660	0.1200	0.5281	0.2237	0.5962
000890	D	0.122088	0.827039	0.708406	0.4513	0.4801	0.6280	0.0880	0.5362	0.2253	0.6016
000891	C	0.121736	0.809866	0.703812	0.5514	0.5098	0.6850	0.0810	0.5637	0.2211	0.6141
000892	V	0.125602	0.791242	0.700298	0.5296	0.4979	0.6780	0.1000	0.5537	0.2161	0.6304
000893	R	0.156807	0.790015	0.698036	0.4513	0.5017	0.6570	0.1240	0.5425	0.2071	0.6381
000894	D	0.201706	0.786552	0.695422	0.4600	0.5055	0.6790	0.1150	0.5546	0.1936	0.6468
000895	P	0.251143	0.793898	0.693432	0.4651	0.5254	0.6660	0.0980	0.5659	0.1776	0.6471
000896	L	0.291256	0.792076	0.692600	0.4513	0.5176	0.7320	0.0960	0.5795	0.1754	0.6461
000897	L	0.321181	0.796715	0.694054	0.5008	0.5951	0.7230	0.1100	0.6051	0.1582	0.6325
000898	N	0.348351	0.794489	0.696045	0.5514	0.7163	0.6970	0.1320	0.6340	0.1465	0.6100
000899	P	0.441601	0.787776	0.699246	0.5473	0.6661	0.7060	0.1270	0.6413	0.1142	0.5948
000900	N	0.493765	0.798296	0.703020	0.5473	0.5758	0.7640	0.1240	0.6471	0.1142	0.5798
000901	M	0.516176	0.797767	0.707563	0.5043	0.4864	0.8050	0.1280	0.6363	0.1379	0.5712
000902	V	0.503212	0.797300	0.711855	0.5253	0.5758	0.8040	0.1500	0.6529	0.1236	0.5542
000903	K	0.514628	0.789823	0.716462	0.5043	0.6482	0.7410	0.1540	0.6524	0.1093	0.5302
000904	N	0.523988	0.780710	0.721519	0.5043	0.5665	0.7580	0.1700	0.6424	0.1137	0.5123
000905	R	0.570141	0.790956	0.726804	0.5008	0.5419	0.7710	0.1610	0.6503	0.1160	0.5002
000906	D	0.624385	0.781269	0.731432	0.3806	0.5176	0.7690	0.1620	0.6340	0.1456	0.4915
000907	R	0.665961	0.774097	0.736059	0.4458	0.5176	0.7170	0.1750	0.6427	0.1200	0.4801
000908	Q	0.653199	0.772096	0.739933	0.5084	0.5807	0.6760	0.1700	0.6551	0.0898	0.4760
000909	Q	0.679093	0.762885	0.744007	0.4333	0.5758	0.6500	0.1740	0.6408	0.1113	0.4767
000910	A	0.683191	0.766350	0.747329	0.3847	0.5382	0.6670	0.1680	0.6311	0.1324	0.4778
000911	I	0.747541	0.778912	0.750636	0.3847	0.4619	0.6620	0.1470	0.6310	0.1527	0.4779
000912	L	0.722553	0.792751	0.753383	0.4078	0.4119	0.6240	0.1350	0.6187	0.1562	0.4762
000913	K	0.720007	0.797717	0.756684	0.4078	0.4725	0.5610	0.1370	0.6193	0.1475	0.4756
000914	G	0.629958	0.786630	0.760077	0.3399	0.4725	0.4830	0.1140	0.5787	0.1613	0.4775
000915	L	0.541070	0.782297	0.763479	0.3399	0.4652	0.5060	0.1000	0.5664	0.1588	0.4788
000916	S	0.481141	0.788670	0.765490	0.3311	0.4619	0.5000	0.0930	0.5548	0.1664	0.4732
000917	E	0.432387	0.811216	0.767029	0.3311	0.4541	0.4460	0.0820	0.5404	0.1809	0.4683
000918	L	0.399579	0.818070	0.769053	0.3263	0.3948	0.4420	0.0840	0.5249	0.1935	0.4660
000919	R	0.416263	0.825804	0.772485	0.3263	0.3983	0.4180	0.0820	0.5262	0.1960	0.4599
000920	Q	0.397590	0.825610	0.776875	0.2432	0.3910	0.4660	0.0780	0.5167	0.2123	0.4537
000921	G	0.432694	0.837571	0.781556	0.2820	0.4087	0.5270	0.1060	0.5449	0.2009	0.4487
000922	L	0.445357	0.859722	0.785048	0.3630	0.4149	0.5700	0.1300	0.5731	0.1882	0.4454
000923	L	0.508859	0.882578	0.786623	0.4379	0.4119	0.6350	0.1220	0.6105	0.1757	0.4419
000924	Q	0.575508	0.890368	0.786658	0.3578	0.4541	0.6400	0.1100	0.6173	0.1823	0.4390
000925	K	0.616332	0.902853	0.786920	0.2748	0.3872	0.6610	0.0890	0.6049	0.2166	0.4386
000926	Q	0.623953	0.909589	0.787460	0.3939	0.4256	0.6660	0.0670	0.6345	0.1834	0.4414
000927	K	0.644800	0.917978	0.787401	0.3096	0.4409	0.7070	0.0540	0.6346	0.2050	0.4490
000928	E	0.668351	0.922568	0.786316	0.2820	0.4409	0.7200	0.0550	0.6367	0.2146	0.4564
000929	L	0.681730	0.922722	0.785367	0.3717	0.5139	0.7850	0.0530	0.6767	0.1842	0.4619
000930	E	0.682320	0.919760	0.784917	0.3762	0.5296	0.7610	0.0650	0.6756	0.1779	0.4644
000931	S	0.679504	0.916004	0.785359	0.3806	0.5382	0.7870	0.0680	0.6810	0.1770	0.4674
000932	S	0.687712	0.918583	0.786468	0.3847	0.5296	0.7870	0.0820	0.6823	0.1777	0.4695
000933	L	0.699203	0.932916	0.787431	0.4600	0.4979	0.8110	0.0830	0.6981	0.1696	0.4702
000934	L	0.707630	0.931044	0.787881	0.5229	0.5707	0.8090	0.0760	0.7215	0.1404	0.4702
000935	P	0.736264	0.936076	0.787572	0.4420	0.5577	0.8090	0.0720	0.7114	0.1646	0.4695
000936	L	0.759474	0.938826	0.787271	0.4556	0.5665	0.8470	0.0630	0.7257	0.1650	0.4665
000937	A	0.783425	0.949240	0.787320	0.4513	0.4619	0.8580	0.0570	0.7152	0.1910	0.4608
000938	E	0.807772	0.953136	0.787477	0.4556	0.4619	0.8540	0.0710	0.7199	0.1919	0.4554
000939	N	0.839021	0.952856	0.788552	0.3847	0.4292	0.9670	0.0390	0.7269	0.2348	0.4505
000940	Q	0.870134	0.954267	0.789558	0.5043	0.4831	0.9840	0.0180	0.7643	0.2013	0.4464
000941	E	0.891470	0.959664	0.790367	0.5331	0.4507	0.9820	0.0230	0.7679	0.2059	0.4458
000942	E	0.914504	0.964897	0.790158	0.5711	0.4330	0.9820	0.0230	0.7760	0.2070	0.4472
000943	S	0.927626	0.965914	0.789749	0.6124	0.4119	0.9900	0.0090	0.7830	0.2098	0.4516
000944	F	0.915431	0.967051	0.789414	0.7192	0.4725	0.9880	0.0120	0.8086	0.1780	0.4514
000945	G	0.938421	0.968832	0.789242	0.8283	0.5493	0.9830	0.0200	0.8429	0.1495	0.4506
000946	S	0.983240	0.971389	0.788828	0.8283	0.4725	0.9760	0.0290	0.8368	0.1799	0.4515
000947	S	0.906456	0.973523	0.788792	0.9141	0.5620	0.9690	0.0350	0.8522	0.1433	0.4540
000948	F	0.612956	0.974279	0.788655	0.9491	0.5854	0.9430	0.0720	0.8089	0.1601	0.4597