RESNUM	RES	VL-XT	VSL2B	VL3	IUPred-S	IUPred-L	PONDRFIT	FITERROR	MDP	MDPERROR	ANCHOR2
000001	M	0.894144	0.780947	0.207723	0.9162	0.1791	0.9740	0.0190	0.6586	0.3340	0.2863
000002	A	0.856893	0.852736	0.209419	0.8242	0.2094	0.9370	0.0390	0.6484	0.3123	0.2667
000003	E	0.801456	0.817414	0.212711	0.7232	0.2645	0.9130	0.0400	0.6221	0.2771	0.2467
000004	A	0.805904	0.784786	0.215182	0.6715	0.1791	0.8870	0.0490	0.5906	0.2855	0.2340
000005	V	0.718181	0.726837	0.216892	0.6442	0.1162	0.8940	0.0660	0.5527	0.2845	0.2257
000006	E	0.655290	0.621767	0.217698	0.5296	0.0765	0.8900	0.0600	0.4986	0.2742	0.2239
000007	R	0.596430	0.527900	0.219727	0.4149	0.0405	0.8210	0.0680	0.4368	0.2537	0.2125
000008	T	0.538748	0.455867	0.222124	0.3053	0.0506	0.7970	0.0870	0.3950	0.2389	0.2137
000009	D	0.469828	0.389140	0.224131	0.1766	0.0662	0.7150	0.0970	0.3402	0.2141	0.2136
000010	E	0.389875	0.330003	0.225010	0.1322	0.0380	0.6760	0.0750	0.2985	0.2052	0.2162
000011	L	0.320333	0.295505	0.224561	0.1060	0.0494	0.4990	0.0960	0.2491	0.1476	0.2236
000012	V	0.280506	0.251005	0.223460	0.0771	0.0676	0.4540	0.0870	0.2256	0.1310	0.2264
000013	R	0.238626	0.211057	0.221516	0.0935	0.0851	0.3720	0.0730	0.2036	0.0967	0.2429
000014	E	0.193018	0.204027	0.219118	0.0884	0.0463	0.2790	0.0430	0.1716	0.0795	0.2662
000015	Y	0.165681	0.171929	0.216594	0.1060	0.0555	0.2000	0.0260	0.1526	0.0555	0.2880
000016	L	0.139943	0.138701	0.212938	0.0991	0.0909	0.1230	0.0190	0.1341	0.0398	0.2997
000017	L	0.119188	0.140579	0.208347	0.0813	0.0494	0.0930	0.0160	0.1152	0.0506	0.3004
000018	F	0.109270	0.154199	0.203554	0.0935	0.0531	0.1030	0.0250	0.1194	0.0479	0.2917
000019	R	0.106979	0.150862	0.199215	0.0502	0.0424	0.1230	0.0280	0.1122	0.0547	0.2717
000020	G	0.102980	0.160517	0.195574	0.0502	0.0443	0.1360	0.0400	0.1149	0.0553	0.2584
000021	F	0.093949	0.178444	0.191784	0.0405	0.0244	0.1560	0.0560	0.1141	0.0655	0.2444
000022	T	0.089026	0.185585	0.188603	0.0701	0.0398	0.1710	0.0730	0.1241	0.0598	0.2224
000023	H	0.105644	0.188662	0.186195	0.0567	0.0506	0.1750	0.0630	0.1271	0.0589	0.2014
000024	T	0.159717	0.214782	0.183960	0.0587	0.0543	0.1810	0.0540	0.1421	0.0626	0.1755
000025	L	0.249520	0.231960	0.181949	0.0425	0.0494	0.2000	0.0500	0.1593	0.0830	0.1503
000026	R	0.261734	0.250712	0.179128	0.0723	0.0888	0.1880	0.0490	0.1734	0.0723	0.1274
000027	Q	0.314222	0.296539	0.178056	0.1088	0.1424	0.1980	0.0610	0.2064	0.0755	0.1137
000028	L	0.399049	0.352592	0.178441	0.1698	0.2164	0.2370	0.0680	0.2589	0.0867	0.1043
000029	D	0.488515	0.393184	0.179804	0.2483	0.2164	0.2920	0.0720	0.3030	0.1067	0.0978
000030	A	0.593953	0.432939	0.180298	0.2657	0.2164	0.3310	0.0860	0.3367	0.1411	0.0930
000031	E	0.695114	0.479578	0.179423	0.1635	0.1554	0.3690	0.1220	0.3404	0.1989	0.0852
000032	I	0.778516	0.491088	0.176932	0.2432	0.2680	0.3850	0.1290	0.3904	0.2013	0.0773
000033	K	0.799455	0.485841	0.172870	0.1698	0.2609	0.3920	0.1280	0.3801	0.2193	0.0735
000034	A	0.783174	0.543701	0.167466	0.1732	0.1759	0.4210	0.1380	0.3773	0.2311	0.0706
000035	D	0.844481	0.601039	0.162921	0.1698	0.1229	0.4790	0.1410	0.3967	0.2678	0.0692
000036	K	0.862915	0.586780	0.158244	0.1635	0.1942	0.4400	0.1430	0.4009	0.2606	0.0679
000037	E	0.847180	0.569867	0.153736	0.1240	0.2064	0.3710	0.1400	0.3787	0.2586	0.0672
000038	K	0.817741	0.551647	0.147472	0.1205	0.1323	0.3160	0.1320	0.3476	0.2587	0.0648
000039	G	0.789341	0.483451	0.140863	0.1921	0.2094	0.2700	0.1180	0.3476	0.2257	0.0629
000040	F	0.733532	0.400529	0.134296	0.1117	0.2129	0.2520	0.1190	0.3074	0.2124	0.0606
000041	R	0.669976	0.347350	0.128639	0.1349	0.1643	0.1990	0.0850	0.2740	0.1916	0.0587
000042	V	0.587820	0.328570	0.123617	0.1349	0.1251	0.1540	0.0510	0.2423	0.1703	0.0589
000043	D	0.511014	0.285707	0.119093	0.1349	0.2064	0.1320	0.0390	0.2316	0.1375	0.0605
000044	K	0.427609	0.253187	0.115128	0.1150	0.1528	0.1320	0.0350	0.1993	0.1124	0.0602
000045	I	0.348118	0.247128	0.111845	0.1456	0.1137	0.1450	0.0420	0.1852	0.0857	0.0596
000046	V	0.267393	0.240979	0.109003	0.0909	0.1137	0.1200	0.0330	0.1569	0.0697	0.0601
000047	D	0.201761	0.216882	0.106457	0.0526	0.0690	0.1090	0.0280	0.1259	0.0623	0.0607
000048	Q	0.123154	0.219959	0.103778	0.0502	0.0531	0.0940	0.0180	0.1074	0.0568	0.0614
000049	L	0.073404	0.214018	0.101014	0.0274	0.0454	0.0790	0.0170	0.0901	0.0603	0.0629
000050	Q	0.027240	0.190920	0.098450	0.0212	0.0258	0.0630	0.0120	0.0711	0.0601	0.0635
000051	Q	0.025358	0.174139	0.096305	0.0350	0.0518	0.0570	0.0100	0.0732	0.0503	0.0636
000052	L	0.018343	0.172532	0.094192	0.0173	0.0555	0.0560	0.0130	0.0690	0.0531	0.0642
000053	M	0.017640	0.152863	0.091731	0.0297	0.0494	0.0550	0.0140	0.0661	0.0452	0.0643
000054	Q	0.015511	0.146088	0.088545	0.0297	0.0231	0.0550	0.0150	0.0596	0.0457	0.0639
000055	V	0.013642	0.149763	0.085344	0.0167	0.0231	0.0530	0.0130	0.0569	0.0484	0.0627
000056	Y	0.010342	0.134051	0.082192	0.0128	0.0227	0.0490	0.0080	0.0519	0.0443	0.0638
000057	D	0.009497	0.118232	0.078763	0.0231	0.0198	0.0440	0.0100	0.0490	0.0383	0.0654
000058	L	0.006339	0.109944	0.073866	0.0121	0.0205	0.0440	0.0110	0.0444	0.0370	0.0676
000059	A	0.006338	0.099980	0.067630	0.0061	0.0191	0.0420	0.0130	0.0403	0.0344	0.0708
000060	A	0.007319	0.087979	0.061806	0.0118	0.0300	0.0400	0.0150	0.0398	0.0281	0.0743
000061	L	0.018174	0.096495	0.057031	0.0102	0.0174	0.0400	0.0140	0.0399	0.0299	0.0782
000062	R	0.028412	0.104156	0.053334	0.0090	0.0096	0.0420	0.0150	0.0412	0.0324	0.0842
000063	D	0.044805	0.105552	0.049773	0.0086	0.0136	0.0470	0.0160	0.0449	0.0316	0.0898
000064	Y	0.061176	0.109234	0.046234	0.0053	0.0165	0.0530	0.0180	0.0486	0.0336	0.0962
000065	W	0.077365	0.118838	0.042824	0.0049	0.0102	0.0590	0.0220	0.0522	0.0392	0.0989
000066	S	0.079676	0.128820	0.039015	0.0078	0.0146	0.0540	0.0200	0.0540	0.0412	0.1057
000067	Y	0.115624	0.142880	0.035274	0.0062	0.0244	0.0660	0.0230	0.0650	0.0494	0.1073
000068	L	0.158949	0.163847	0.031583	0.0061	0.0143	0.0840	0.0310	0.0765	0.0650	0.1028
000069	E	0.166004	0.182007	0.028545	0.0102	0.0141	0.0920	0.0280	0.0821	0.0705	0.0968
000070	R	0.163360	0.183134	0.026005	0.0067	0.0160	0.1100	0.0340	0.0842	0.0716	0.0915
000071	R	0.171170	0.188966	0.024553	0.0042	0.0214	0.1300	0.0400	0.0900	0.0756	0.0862
000072	L	0.184291	0.191350	0.024251	0.0081	0.0372	0.1470	0.0540	0.0987	0.0772	0.0840
000073	F	0.193894	0.204860	0.025310	0.0102	0.0223	0.1560	0.0560	0.1021	0.0842	0.0816
000074	S	0.274040	0.231210	0.027008	0.0097	0.0205	0.1550	0.0570	0.1195	0.1065	0.0774
000075	R	0.366658	0.255381	0.027975	0.0084	0.0334	0.1790	0.0620	0.1452	0.1337	0.0740
000076	L	0.435376	0.267063	0.027231	0.0200	0.0398	0.1820	0.0580	0.1619	0.1524	0.0737
000077	E	0.438471	0.264464	0.024709	0.0182	0.0398	0.1600	0.0560	0.1576	0.1535	0.0724
000078	D	0.432011	0.252084	0.021893	0.0160	0.0719	0.1580	0.0570	0.1586	0.1472	0.0734
000079	I	0.451406	0.245517	0.019578	0.0350	0.1206	0.1620	0.0610	0.1723	0.1462	0.0780
000080	Y	0.461250	0.244027	0.017539	0.0336	0.0662	0.1740	0.0550	0.1660	0.1543	0.0846
000081	R	0.437241	0.243809	0.015492	0.0350	0.0327	0.1850	0.0480	0.1582	0.1512	0.0878
000082	P	0.411357	0.260009	0.013276	0.0194	0.0327	0.1880	0.0380	0.1542	0.1479	0.0901
000083	T	0.314816	0.266862	0.011180	0.0218	0.0275	0.1980	0.0400	0.1400	0.1247	0.0873
000084	I	0.217085	0.265805	0.008975	0.0490	0.0341	0.1970	0.0420	0.1287	0.1008	0.0834
000085	H	0.110595	0.272538	0.007147	0.0279	0.0214	0.1790	0.0550	0.1031	0.0966	0.0826
000086	K	0.063300	0.277204	0.005568	0.0167	0.0153	0.1520	0.0480	0.0883	0.0980	0.0802
000087	L	0.061636	0.261105	0.004438	0.0226	0.0157	0.1340	0.0440	0.0832	0.0905	0.0781
000088	K	0.033719	0.242473	0.003416	0.0124	0.0151	0.0950	0.0240	0.0671	0.0841	0.0766
000089	T	0.005801	0.201695	0.002266	0.0079	0.0097	0.0850	0.0230	0.0521	0.0729	0.0748
000090	S	0.000293	0.163410	0.001572	0.0167	0.0153	0.0850	0.0300	0.0471	0.0594	0.0731
000091	L	0.000180	0.114791	0.000710	0.0160	0.0258	0.0790	0.0280	0.0395	0.0429	0.0715
000092	F	0.000064	0.080311	-0.000557	0.0182	0.0294	0.0660	0.0240	0.0322	0.0309	0.0717
000093	R	0.000088	0.059716	-0.002991	0.0131	0.0235	0.0490	0.0190	0.0237	0.0235	0.0736
000094	F	0.000135	0.053451	-0.005967	0.0141	0.0253	0.0440	0.0170	0.0218	0.0216	0.0783
000095	Y	0.000496	0.042068	-0.008977	0.0304	0.0473	0.0450	0.0160	0.0261	0.0223	0.0849
000096	L	0.002205	0.049477	-0.011751	0.0350	0.0483	0.0550	0.0150	0.0298	0.0255	0.0897
000097	V	0.002594	0.056578	-0.014301	0.0376	0.0414	0.0800	0.0300	0.0341	0.0318	0.0957
000098	Y	0.002777	0.070753	-0.016013	0.0660	0.0749	0.1460	0.0730	0.0573	0.0528	0.1017
000099	T	0.003318	0.090894	-0.016716	0.0542	0.0835	0.1820	0.0980	0.0661	0.0648	0.1064
000100	I	0.003327	0.132704	-0.016393	0.0567	0.0389	0.1850	0.0960	0.0667	0.0709	0.1114
000101	Q	0.003360	0.204506	-0.015515	0.0607	0.0202	0.2100	0.1040	0.0806	0.0925	0.1176
000102	T	0.003843	0.274819	-0.014247	0.0587	0.0281	0.3110	0.1140	0.1104	0.1315	0.1239
000103	N	0.004724	0.343460	-0.012038	0.0621	0.0568	0.5020	0.1190	0.1596	0.1936	0.1315
000104	R	0.017570	0.426794	-0.009092	0.0502	0.0605	0.4380	0.1190	0.1641	0.1912	0.1358
000105	N	0.058160	0.478809	-0.003047	0.0858	0.1028	0.3900	0.1420	0.1855	0.1810	0.1412
000106	D	0.101634	0.522361	0.006130	0.1380	0.1671	0.3640	0.1540	0.2166	0.1739	0.1447
000107	K	0.152883	0.530303	0.018156	0.1844	0.2575	0.3380	0.1470	0.2469	0.1601	0.1480
000108	A	0.203771	0.541688	0.030082	0.2531	0.2399	0.2900	0.1280	0.2598	0.1510	0.1535
000109	Q	0.255432	0.522370	0.041651	0.3399	0.3321	0.2730	0.1220	0.2940	0.1422	0.1579
000110	E	0.333298	0.470606	0.051914	0.2657	0.3426	0.2430	0.1110	0.2846	0.1268	0.1627
000111	F	0.337454	0.414816	0.060619	0.3668	0.4369	0.2320	0.0990	0.3082	0.1286	0.1705
000112	F	0.337068	0.401689	0.067408	0.3630	0.4051	0.2130	0.1000	0.2980	0.1213	0.1753
000113	A	0.324404	0.403325	0.073254	0.3847	0.4119	0.2140	0.0950	0.3019	0.1223	0.1755
000114	K	0.282133	0.411863	0.078704	0.3491	0.2884	0.2360	0.0900	0.2744	0.1037	0.1729
000115	Q	0.238275	0.431614	0.083039	0.3717	0.2918	0.2200	0.0600	0.2727	0.1121	0.1746
000116	A	0.186846	0.426357	0.086283	0.2913	0.2849	0.2130	0.0870	0.2482	0.1050	0.1731
000117	T	0.135413	0.425061	0.089158	0.2820	0.1759	0.1950	0.0710	0.2171	0.1101	0.1715
000118	E	0.083739	0.430340	0.092543	0.3005	0.1007	0.1950	0.0680	0.2004	0.1279	0.1731
000119	L	0.005813	0.420162	0.096341	0.2657	0.0817	0.1810	0.0560	0.1751	0.1366	0.1721
000120	Q	0.001147	0.382755	0.100405	0.1958	0.0463	0.1520	0.0330	0.1464	0.1235	0.1718
000121	N	0.000617	0.369316	0.104002	0.1416	0.0518	0.1280	0.0310	0.1326	0.1161	0.1692
000122	Q	0.000090	0.328443	0.107913	0.1566	0.0543	0.1140	0.0310	0.1268	0.1028	0.1650
000123	A	0.000084	0.262330	0.111767	0.2700	0.0676	0.0960	0.0290	0.1346	0.0994	0.1616
000124	E	0.000204	0.209783	0.116299	0.2167	0.0967	0.0740	0.0260	0.1189	0.0758	0.1587
000125	W	0.000214	0.169446	0.120868	0.1532	0.0967	0.0570	0.0170	0.0996	0.0576	0.1564
000126	K	0.000235	0.140086	0.125402	0.1732	0.1115	0.0470	0.0120	0.0996	0.0584	0.1502
000127	D	0.000266	0.113230	0.129598	0.1878	0.1373	0.0400	0.0090	0.1014	0.0628	0.1461
000128	W	0.000298	0.105195	0.133727	0.2209	0.1399	0.0370	0.0070	0.1062	0.0719	0.1431
000129	F	0.000304	0.102415	0.137216	0.2167	0.1449	0.0390	0.0080	0.1068	0.0712	0.1358
000130	V	0.000299	0.089800	0.139624	0.2913	0.2470	0.0550	0.0160	0.1371	0.1030	0.1299
000131	L	0.000288	0.117148	0.140985	0.2820	0.2470	0.0750	0.0250	0.1437	0.0965	0.1259
000132	P	0.000261	0.133602	0.140999	0.3096	0.1349	0.0810	0.0330	0.1334	0.0927	0.1246
000133	F	0.000154	0.165529	0.139797	0.2963	0.1137	0.1090	0.0440	0.1374	0.0878	0.1237
000134	L	0.000146	0.225517	0.136418	0.2122	0.1349	0.1450	0.0510	0.1424	0.0732	0.1257
000135	P	0.002314	0.298161	0.131966	0.1698	0.0765	0.1800	0.0620	0.1431	0.0917	0.1295
000136	S	0.005729	0.388044	0.124318	0.2292	0.0749	0.2540	0.1150	0.1793	0.1262	0.1317
000137	P	0.005898	0.462197	0.114922	0.1416	0.0749	0.3080	0.1440	0.1846	0.1543	0.1375
000138	D	0.006182	0.486197	0.104302	0.0701	0.0676	0.3550	0.1810	0.1816	0.1757	0.1400
000139	T	0.007422	0.513756	0.095635	0.1041	0.1323	0.3550	0.1740	0.2014	0.1752	0.1390
000140	N	0.009767	0.528325	0.087308	0.1349	0.1298	0.3110	0.1320	0.2002	0.1723	0.1382
000141	P	0.011549	0.477511	0.079554	0.1998	0.1583	0.2620	0.0990	0.1982	0.1487	0.1415
000142	T	0.012313	0.405698	0.072274	0.1766	0.2470	0.2160	0.0700	0.1884	0.1265	0.1430
000143	F	0.012765	0.341365	0.066616	0.1178	0.2224	0.1740	0.0490	0.1558	0.1073	0.1474
000144	A	0.010928	0.273500	0.061905	0.1921	0.2224	0.1200	0.0290	0.1467	0.0915	0.1511
000145	T	0.007526	0.205777	0.058141	0.2700	0.2224	0.0890	0.0220	0.1421	0.0956	0.1541
000146	Y	0.007355	0.158268	0.056304	0.1380	0.1424	0.0680	0.0260	0.0950	0.0548	0.1592
000147	F	0.007095	0.139807	0.055932	0.0884	0.1424	0.0690	0.0320	0.0838	0.0474	0.1691
000148	S	0.005855	0.125080	0.055810	0.0425	0.0765	0.0640	0.0260	0.0617	0.0360	0.1752
000149	R	0.003509	0.119434	0.054728	0.0395	0.0704	0.0590	0.0200	0.0578	0.0348	0.1861
000150	Q	0.001742	0.106377	0.052595	0.0212	0.0749	0.0560	0.0190	0.0522	0.0341	0.2029
000151	W	0.000975	0.096193	0.050442	0.0167	0.0341	0.0630	0.0260	0.0436	0.0311	0.2242
000152	A	0.000527	0.097920	0.048566	0.0131	0.0181	0.0560	0.0170	0.0390	0.0327	0.2321
000153	D	0.000206	0.099929	0.047354	0.0070	0.0174	0.0510	0.0140	0.0371	0.0339	0.2376
000154	T	0.000200	0.085141	0.047453	0.0078	0.0223	0.0480	0.0190	0.0351	0.0287	0.2321
000155	F	0.000187	0.079756	0.049155	0.0086	0.0168	0.0490	0.0230	0.0339	0.0278	0.2250
000156	I	0.000161	0.070991	0.052156	0.0055	0.0099	0.0450	0.0150	0.0306	0.0267	0.2144
000157	V	0.000162	0.064083	0.056062	0.0061	0.0151	0.0440	0.0120	0.0308	0.0248	0.2003
000158	S	0.000190	0.060749	0.060105	0.0061	0.0181	0.0430	0.0110	0.0314	0.0246	0.1834
000159	L	0.000220	0.065475	0.064336	0.0067	0.0157	0.0430	0.0100	0.0326	0.0265	0.1700
000160	H	0.000240	0.061731	0.068607	0.0033	0.0191	0.0430	0.0100	0.0326	0.0269	0.1598
000161	N	0.000259	0.061639	0.074317	0.0015	0.0133	0.0410	0.0100	0.0321	0.0290	0.1509
000162	F	0.000267	0.065288	0.081345	0.0062	0.0281	0.0430	0.0110	0.0374	0.0294	0.1407
000163	L	0.000277	0.066790	0.089050	0.0044	0.0231	0.0410	0.0100	0.0374	0.0322	0.1374
000164	S	0.000289	0.064670	0.095706	0.0055	0.0143	0.0390	0.0080	0.0365	0.0343	0.1354
000165	V	0.000311	0.068790	0.101383	0.0029	0.0100	0.0410	0.0090	0.0374	0.0374	0.1388
000166	L	0.000341	0.066944	0.105883	0.0035	0.0181	0.0450	0.0120	0.0399	0.0376	0.1493
000167	F	0.000917	0.058149	0.111034	0.0033	0.0160	0.0500	0.0140	0.0399	0.0386	0.1625
000168	Q	0.001047	0.052653	0.116818	0.0069	0.0244	0.0570	0.0160	0.0432	0.0391	0.1813
000169	C	0.001424	0.050503	0.124777	0.0028	0.0223	0.0810	0.0250	0.0472	0.0445	0.2070
000170	M	0.003392	0.045390	0.132951	0.0069	0.0380	0.1160	0.0430	0.0571	0.0501	0.2383
000171	P	0.004854	0.046344	0.141552	0.0062	0.0240	0.1330	0.0480	0.0593	0.0569	0.2639
000172	V	0.006712	0.048946	0.150262	0.0069	0.0231	0.1580	0.0640	0.0656	0.0641	0.2843
000173	P	0.009699	0.051018	0.159350	0.0069	0.0443	0.1660	0.0830	0.0729	0.0655	0.3041
000174	V	0.014905	0.052867	0.168805	0.0121	0.0765	0.2150	0.1030	0.0901	0.0765	0.3189
000175	I	0.020100	0.067228	0.178614	0.0118	0.0870	0.2330	0.1020	0.0996	0.0809	0.3372
000176	L	0.079782	0.078690	0.189067	0.0226	0.1298	0.2060	0.0800	0.1176	0.0646	0.3475
000177	N	0.161570	0.100132	0.201134	0.0425	0.1424	0.1930	0.0790	0.1401	0.0550	0.3429
000178	F	0.238015	0.133140	0.214157	0.0813	0.2436	0.1720	0.0600	0.1803	0.0586	0.3375
000179	D	0.323743	0.154695	0.229096	0.0490	0.2503	0.1660	0.0560	0.1954	0.0862	0.3199
000180	A	0.404308	0.175266	0.245230	0.0909	0.3392	0.1960	0.0620	0.2418	0.1042	0.2976
000181	E	0.482972	0.225229	0.263062	0.1240	0.3872	0.2250	0.0630	0.2847	0.1177	0.2730
000182	C	0.558925	0.291393	0.282501	0.1060	0.3704	0.2780	0.0990	0.3145	0.1349	0.2545
000183	Q	0.636502	0.341590	0.303508	0.1698	0.3774	0.2710	0.1250	0.3500	0.1436	0.2437
000184	R	0.718393	0.419662	0.325264	0.1456	0.2817	0.2880	0.1290	0.3632	0.1781	0.2384
000185	T	0.747010	0.484805	0.346522	0.1566	0.3426	0.3070	0.1260	0.3975	0.1833	0.2416
000186	N	0.752143	0.515065	0.366450	0.1805	0.4292	0.3090	0.1260	0.4253	0.1788	0.2417
000187	Q	0.762383	0.531810	0.385349	0.2531	0.5017	0.3200	0.1270	0.4590	0.1665	0.2455
000188	V	0.745486	0.559983	0.403039	0.2483	0.4186	0.3230	0.1340	0.4498	0.1630	0.2563
000189	Q	0.744404	0.576576	0.420955	0.3491	0.4369	0.3150	0.1340	0.4739	0.1464	0.2697
000190	E	0.744377	0.584318	0.438923	0.2657	0.4051	0.2800	0.1210	0.4530	0.1682	0.2922
000191	E	0.753753	0.602020	0.457940	0.2531	0.3631	0.2460	0.1070	0.4459	0.1841	0.3174
000192	N	0.757727	0.611901	0.476533	0.2292	0.3566	0.2490	0.1010	0.4468	0.1913	0.3444
000193	E	0.755138	0.598244	0.495012	0.2748	0.4186	0.2480	0.0910	0.4650	0.1771	0.3669
000194	V	0.752155	0.600500	0.513535	0.2748	0.4220	0.2760	0.0990	0.4731	0.1716	0.3868
000195	L	0.750199	0.595868	0.532878	0.2700	0.3529	0.2680	0.0800	0.4616	0.1791	0.4029
000196	R	0.749465	0.617600	0.552517	0.2786	0.3566	0.2440	0.0520	0.4665	0.1858	0.4132
000197	Q	0.753738	0.622234	0.572157	0.2041	0.3392	0.2430	0.0440	0.4557	0.2050	0.4227
000198	K	0.747853	0.663767	0.590011	0.2292	0.2680	0.2350	0.0390	0.4557	0.2167	0.4302
000199	L	0.753832	0.673118	0.606543	0.2963	0.3286	0.2270	0.0330	0.4809	0.2038	0.4323
000200	F	0.741875	0.645341	0.620547	0.2385	0.3182	0.2310	0.0320	0.4660	0.2085	0.4315
000201	A	0.735992	0.650947	0.634212	0.2255	0.3182	0.2480	0.0390	0.4687	0.2093	0.4327
000202	L	0.741589	0.632740	0.647062	0.2122	0.3182	0.2580	0.0510	0.4684	0.2105	0.4345
000203	Q	0.720500	0.677483	0.659646	0.2122	0.3117	0.2680	0.0470	0.4749	0.2137	0.4359
000204	A	0.697661	0.655280	0.672948	0.2122	0.3087	0.2930	0.0590	0.4733	0.2046	0.4366
000205	E	0.694849	0.699456	0.688154	0.2820	0.3983	0.3080	0.0760	0.5118	0.1858	0.4354
000206	I	0.705620	0.762720	0.705035	0.3578	0.4801	0.3440	0.0860	0.5592	0.1719	0.4336
000207	H	0.722836	0.786841	0.721755	0.4116	0.4940	0.3580	0.0900	0.5825	0.1675	0.4310
000208	R	0.726663	0.801839	0.736152	0.4203	0.5017	0.4220	0.1030	0.6014	0.1576	0.4253
000209	L	0.741407	0.841974	0.748993	0.4420	0.5176	0.4510	0.1200	0.6238	0.1588	0.4188
000210	K	0.751640	0.861038	0.759256	0.5173	0.5758	0.4600	0.1420	0.6543	0.1448	0.4080
000211	K	0.750321	0.868610	0.768606	0.5762	0.6136	0.5230	0.1710	0.6834	0.1211	0.3994
000212	E	0.759967	0.874165	0.776964	0.5667	0.5620	0.5820	0.1920	0.6870	0.1221	0.3954
000213	E	0.771852	0.874931	0.784775	0.5583	0.6620	0.6090	0.1820	0.7101	0.1097	0.3930
000214	Q	0.770194	0.874719	0.790907	0.5043	0.6620	0.6290	0.1660	0.7052	0.1214	0.3917
000215	Q	0.745926	0.874833	0.795472	0.5253	0.6806	0.6070	0.1360	0.7048	0.1164	0.3912
000216	P	0.663919	0.871238	0.799512	0.5296	0.5758	0.5980	0.0920	0.6730	0.1232	0.3939
000217	E	0.606915	0.866454	0.803360	0.5900	0.7120	0.5910	0.0990	0.6950	0.1087	0.3980
000218	E	0.597024	0.859729	0.806856	0.5126	0.7459	0.5570	0.1080	0.6799	0.1308	0.4051
000219	E	0.586303	0.850443	0.809780	0.5549	0.6482	0.5460	0.1200	0.6659	0.1213	0.4149
000220	E	0.579238	0.839013	0.811862	0.6442	0.6661	0.5040	0.1210	0.6741	0.1191	0.4279
000221	A	0.586528	0.816378	0.813398	0.5941	0.6661	0.4900	0.1470	0.6611	0.1201	0.4449
000222	L	0.602195	0.786628	0.813272	0.5514	0.6906	0.4730	0.1690	0.6529	0.1226	0.4589
000223	V	0.604578	0.753510	0.811157	0.5514	0.6531	0.4160	0.1570	0.6316	0.1299	0.4676
000224	Q	0.627416	0.731290	0.806433	0.5514	0.6576	0.4330	0.1480	0.6346	0.1203	0.4768
000225	H	0.696050	0.741146	0.798158	0.5296	0.6531	0.4870	0.1730	0.6508	0.1107	0.4880
000226	K	0.736540	0.747855	0.787519	0.5412	0.5577	0.5050	0.1630	0.6459	0.1136	0.4973
000227	L	0.729132	0.740535	0.776379	0.5043	0.5296	0.4970	0.1470	0.6296	0.1204	0.5111
000228	P	0.712344	0.729391	0.767596	0.4420	0.5342	0.4490	0.1440	0.6057	0.1350	0.5230
000229	P	0.704433	0.703108	0.760881	0.4420	0.5176	0.4210	0.1390	0.5915	0.1359	0.5355
000230	Y	0.702694	0.703287	0.754789	0.4556	0.5139	0.4270	0.1550	0.5929	0.1311	0.5444
000231	V	0.686027	0.702645	0.749075	0.4513	0.4369	0.3980	0.1580	0.5707	0.1440	0.5471
000232	S	0.660849	0.700795	0.744014	0.4879	0.4409	0.3910	0.1720	0.5708	0.1361	0.5523
000233	N	0.639795	0.721952	0.739797	0.4781	0.4940	0.4050	0.1730	0.5797	0.1277	0.5611
000234	M	0.636986	0.728682	0.735613	0.5084	0.4940	0.3930	0.1330	0.5828	0.1271	0.5831
000235	D	0.600094	0.730478	0.732118	0.4749	0.4051	0.3960	0.1130	0.5565	0.1404	0.5975
000236	R	0.553716	0.723723	0.728340	0.4037	0.3983	0.4340	0.1030	0.5403	0.1410	0.6059
000237	L	0.525877	0.750656	0.724854	0.3456	0.4087	0.4620	0.0990	0.5363	0.1526	0.6168
000238	G	0.498398	0.758553	0.721256	0.4078	0.4801	0.4410	0.0930	0.5512	0.1369	0.6169
000239	D	0.451174	0.764117	0.718831	0.3885	0.4582	0.4560	0.0960	0.5395	0.1454	0.6194
000240	S	0.416184	0.771624	0.717188	0.3630	0.4119	0.5240	0.1070	0.5339	0.1571	0.6216
000241	E	0.395837	0.773424	0.716123	0.4333	0.4901	0.5410	0.1190	0.5582	0.1403	0.6273
000242	L	0.393551	0.778868	0.714781	0.4556	0.4831	0.5270	0.1350	0.5589	0.1399	0.6409
000243	A	0.413040	0.781630	0.712851	0.4458	0.4864	0.4320	0.1130	0.5452	0.1459	0.6546
000244	M	0.464916	0.783906	0.710102	0.3762	0.4766	0.4500	0.0830	0.5436	0.1489	0.6612
000245	V	0.516688	0.786871	0.707597	0.3885	0.4901	0.4850	0.0660	0.5624	0.1385	0.6517
000246	C	0.580137	0.784018	0.706105	0.3806	0.5098	0.4590	0.0630	0.5700	0.1392	0.6430
000247	S	0.548481	0.795488	0.705574	0.3847	0.5098	0.4230	0.0500	0.5611	0.1465	0.6379
000248	Q	0.517489	0.807546	0.705940	0.4749	0.5254	0.4330	0.0650	0.5775	0.1335	0.6272
000249	R	0.484854	0.815442	0.707441	0.4781	0.5254	0.5120	0.0790	0.5872	0.1280	0.6242
000250	N	0.455014	0.825488	0.710121	0.4037	0.4256	0.5910	0.0920	0.5684	0.1565	0.6233
000251	A	0.397984	0.833464	0.713392	0.4078	0.3774	0.5760	0.0720	0.5509	0.1736	0.6334
000252	S	0.305467	0.844275	0.716634	0.3263	0.3667	0.5580	0.0580	0.5196	0.2051	0.6439
000253	L	0.258203	0.851807	0.720493	0.3630	0.4292	0.5690	0.0550	0.5319	0.2055	0.6512
000254	S	0.209542	0.859186	0.725745	0.3939	0.3948	0.5290	0.0710	0.5187	0.2181	0.6493
000255	Q	0.151863	0.867456	0.733308	0.4203	0.3599	0.5800	0.0650	0.5187	0.2384	0.6604
000256	S	0.181811	0.877728	0.744682	0.4420	0.4476	0.6290	0.0580	0.5538	0.2270	0.6928
000257	P	0.220116	0.891840	0.759193	0.4600	0.5419	0.6120	0.0630	0.5808	0.2144	0.7310
000258	R	0.267573	0.908319	0.774503	0.4879	0.5456	0.6500	0.0620	0.6057	0.2057	0.7671
000259	V	0.323809	0.919006	0.787942	0.4879	0.5342	0.6940	0.0600	0.6246	0.1982	0.8005
000260	G	0.411919	0.926073	0.800097	0.4781	0.5254	0.7070	0.0700	0.6414	0.1841	0.8258
000261	F	0.476756	0.940470	0.812455	0.4781	0.5139	0.7520	0.0680	0.6622	0.1818	0.8483
000262	L	0.477704	0.951964	0.824851	0.5173	0.5707	0.7200	0.0660	0.6771	0.1712	0.8587
000263	S	0.489642	0.959392	0.836275	0.5173	0.5707	0.6950	0.0810	0.6781	0.1719	0.8610
000264	S	0.490590	0.964099	0.847298	0.6079	0.6576	0.7500	0.0830	0.7195	0.1559	0.8615
000265	L	0.508092	0.969527	0.858839	0.6079	0.5951	0.7780	0.0840	0.7196	0.1623	0.8688
000266	L	0.544918	0.976630	0.870092	0.6124	0.5901	0.7880	0.0920	0.7304	0.1589	0.8697
000267	P	0.568847	0.981076	0.880291	0.5762	0.6375	0.7890	0.0960	0.7387	0.1564	0.8540
000268	Q	0.614263	0.983784	0.889000	0.5473	0.5807	0.8130	0.0860	0.7380	0.1660	0.8352
000269	S	0.632884	0.986240	0.896885	0.5667	0.5854	0.8340	0.0720	0.7504	0.1627	0.8154
000270	K	0.675702	0.987889	0.903780	0.6079	0.6661	0.8360	0.0550	0.7795	0.1385	0.7931
000271	K	0.744004	0.989154	0.909949	0.6255	0.7036	0.8380	0.0460	0.8017	0.1239	0.7745
000272	S	0.812375	0.990681	0.916260	0.6906	0.8313	0.8340	0.0470	0.8459	0.0926	0.7572
000273	P	0.880816	0.991926	0.922787	0.7573	0.8853	0.8410	0.0520	0.8798	0.0719	0.7529
000274	S	0.929590	0.992893	0.929666	0.7869	0.9057	0.8460	0.0580	0.8985	0.0659	0.7533
000275	R	0.963560	0.993876	0.936435	0.8074	0.9126	0.8540	0.0610	0.9113	0.0636	0.7572
000276	L	0.997646	0.994704	0.942947	0.8650	0.9415	0.8590	0.0670	0.9334	0.0553	0.7535
000277	S	0.998115	0.995973	0.948649	0.9141	0.9634	0.8410	0.0760	0.9435	0.0541	0.7336
000278	P	0.998335	0.996741	0.953298	0.9009	0.9457	0.8470	0.0810	0.9404	0.0532	0.7287
000279	A	0.998592	0.997147	0.957236	0.8920	0.9396	0.8480	0.0880	0.9388	0.0543	0.7251
000280	Q	0.985060	0.997262	0.960449	0.8857	0.9381	0.8230	0.1190	0.9315	0.0606	0.7119
000281	G	0.967045	0.997361	0.963335	0.8823	0.9457	0.8000	0.1440	0.9260	0.0662	0.7005
000282	P	0.949272	0.997396	0.965949	0.8781	0.9488	0.7520	0.1800	0.9152	0.0814	0.6828
000283	P	0.941896	0.997266	0.968542	0.8857	0.9106	0.7350	0.1960	0.9065	0.0848	0.6546
000284	Q	0.931748	0.997065	0.971076	0.8626	0.8942	0.7280	0.2130	0.8974	0.0882	0.6384
000285	P	0.906743	0.996869	0.973425	0.8311	0.8991	0.6990	0.2280	0.8844	0.0987	0.6323
000286	Q	0.842279	0.996709	0.975035	0.8200	0.9057	0.6750	0.2350	0.8691	0.1078	0.6237
000287	S	0.779718	0.996482	0.975785	0.8556	0.9381	0.6550	0.2290	0.8668	0.1199	0.6236
000288	S	0.689653	0.996221	0.975691	0.8713	0.9396	0.6590	0.2180	0.8552	0.1340	0.6495
000289	A	0.598837	0.995965	0.975062	0.8521	0.9211	0.6460	0.2020	0.8316	0.1552	0.6723
000290	K	0.512435	0.995415	0.973598	0.8650	0.9308	0.6350	0.1800	0.8187	0.1814	0.6809
000291	K	0.425227	0.994909	0.971246	0.8424	0.9249	0.6490	0.1700	0.8013	0.2033	0.6981
000292	E	0.326293	0.994457	0.968336	0.8391	0.9308	0.6590	0.1680	0.7864	0.2338	0.7129
000293	S	0.230333	0.993611	0.965643	0.8074	0.9308	0.6910	0.1610	0.7697	0.2624	0.7359
000294	F	0.147974	0.992313	0.963490	0.7951	0.9151	0.7570	0.1320	0.7619	0.2873	0.7652
000295	G	0.108349	0.991145	0.961679	0.8036	0.9106	0.7500	0.1500	0.7543	0.3009	0.7520
000296	G	0.073220	0.990049	0.959910	0.7724	0.8942	0.7570	0.1600	0.7412	0.3111	0.7321
000297	Q	0.061504	0.988751	0.957559	0.7501	0.8828	0.7670	0.1620	0.7346	0.3137	0.7107
000298	G	0.064284	0.986595	0.954729	0.7573	0.8792	0.7910	0.1590	0.7389	0.3125	0.6972
000299	T	0.073703	0.984052	0.951537	0.7458	0.8920	0.8020	0.1600	0.7416	0.3096	0.6758
000300	K	0.075729	0.982564	0.948562	0.7573	0.9039	0.8020	0.1670	0.7449	0.3094	0.6594
000301	G	0.156717	0.980750	0.945841	0.7573	0.9039	0.8040	0.1720	0.7581	0.2798	0.6545
000302	K	0.242763	0.978833	0.943319	0.7573	0.9057	0.8110	0.1670	0.7732	0.2490	0.6387
000303	D	0.329951	0.976845	0.940896	0.7540	0.8681	0.8300	0.1590	0.7833	0.2153	0.6219
000304	P	0.396858	0.975073	0.938906	0.7540	0.8235	0.8490	0.1440	0.7896	0.1901	0.6284
000305	T	0.453179	0.973533	0.937246	0.7605	0.8872	0.8600	0.1370	0.8120	0.1738	0.6544
000306	S	0.513591	0.971937	0.935786	0.7317	0.8872	0.8630	0.1370	0.8172	0.1552	0.7137
000307	G	0.566384	0.970829	0.933909	0.7275	0.8421	0.8600	0.1380	0.8168	0.1358	0.7700
000308	A	0.588376	0.968998	0.931286	0.7111	0.8162	0.8760	0.1160	0.8153	0.1311	0.8334
000309	K	0.667429	0.965449	0.928220	0.6789	0.8125	0.8740	0.1060	0.8212	0.1148	0.8754
000310	D	0.663887	0.962839	0.925113	0.6715	0.8125	0.8650	0.1000	0.8168	0.1154	0.9070
000311	G	0.588856	0.960181	0.922230	0.6715	0.8279	0.8540	0.1060	0.8040	0.1324	0.9302
000312	K	0.521230	0.956378	0.919074	0.6715	0.8198	0.8500	0.1150	0.7897	0.1501	0.9455
000313	S	0.464896	0.951444	0.915886	0.6756	0.8313	0.8420	0.1250	0.7801	0.1656	0.9589
000314	L	0.403201	0.946612	0.912439	0.6650	0.7163	0.8350	0.1300	0.7465	0.1830	0.9695
000315	L	0.345525	0.943920	0.908956	0.6412	0.6806	0.7860	0.1370	0.7177	0.1992	0.9749
000316	S	0.295780	0.939289	0.904870	0.5711	0.6851	0.7580	0.1400	0.6924	0.2170	0.9744
000317	G	0.273127	0.934703	0.899945	0.5711	0.6991	0.7810	0.1200	0.6932	0.2237	0.9730
000318	L	0.212093	0.930580	0.894587	0.5762	0.6906	0.8120	0.0880	0.6861	0.2436	0.9719
000319	A	0.142268	0.927571	0.889890	0.5941	0.7163	0.8470	0.0610	0.6861	0.2679	0.9638
000320	T	0.135481	0.927755	0.887369	0.5941	0.7250	0.8860	0.0570	0.6927	0.2745	0.9514
000321	G	0.136662	0.925220	0.886558	0.5992	0.7080	0.9140	0.0460	0.6949	0.2765	0.9370
000322	E	0.142788	0.922755	0.886361	0.5992	0.6269	0.9240	0.0390	0.6837	0.2766	0.9173
000323	S	0.155788	0.921675	0.886109	0.6035	0.6531	0.9350	0.0350	0.6925	0.2727	0.9063
000324	G	0.181110	0.921226	0.885845	0.5623	0.6712	0.9160	0.0550	0.6895	0.2640	0.8935
000325	W	0.232469	0.924090	0.886094	0.6035	0.7369	0.9170	0.0710	0.7167	0.2448	0.8779
000326	S	0.315429	0.923942	0.886283	0.6334	0.7951	0.8900	0.1020	0.7406	0.2130	0.8511
000327	Q	0.400254	0.924750	0.886445	0.6374	0.7916	0.8920	0.1080	0.7555	0.1853	0.8366
000328	H	0.498671	0.924006	0.886189	0.6374	0.7951	0.8990	0.1090	0.7733	0.1557	0.8196
000329	R	0.600412	0.925451	0.885902	0.6650	0.8462	0.8980	0.1170	0.8034	0.1244	0.7902
000330	Q	0.686114	0.926781	0.885893	0.6827	0.8530	0.9020	0.1150	0.8228	0.1003	0.7768
000331	R	0.772620	0.928154	0.886239	0.6827	0.8596	0.9050	0.1120	0.8391	0.0855	0.7698
000332	R	0.854739	0.930170	0.886858	0.6715	0.8013	0.9180	0.0960	0.8437	0.0879	0.7606
000333	L	0.920039	0.931174	0.886969	0.6789	0.7036	0.9450	0.0560	0.8443	0.1099	0.7735
000334	Q	0.958864	0.933323	0.886919	0.6604	0.7036	0.9550	0.0390	0.8496	0.1214	0.7690
000335	D	0.964392	0.934651	0.886323	0.6293	0.7036	0.9440	0.0520	0.8438	0.1293	0.7677
000336	H	0.940244	0.934945	0.885971	0.6984	0.8013	0.9360	0.0610	0.8661	0.0893	0.7642
000337	G	0.905542	0.935714	0.885985	0.6984	0.8050	0.9370	0.0500	0.8613	0.0852	0.7665
000338	K	0.861003	0.936762	0.887095	0.6906	0.7951	0.9190	0.0580	0.8482	0.0839	0.7654
000339	E	0.830000	0.937770	0.889413	0.6906	0.7951	0.8820	0.0930	0.8375	0.0797	0.7707
000340	R	0.787691	0.940253	0.892454	0.6906	0.6906	0.8610	0.1130	0.8105	0.0961	0.7844
000341	K	0.727947	0.942391	0.895816	0.6984	0.6576	0.8450	0.1120	0.7945	0.1057	0.7951
000342	E	0.645267	0.943989	0.899160	0.6124	0.6661	0.8350	0.0970	0.7670	0.1306	0.8178
000343	L	0.589705	0.946075	0.902648	0.6035	0.6620	0.8300	0.0820	0.7557	0.1431	0.8387
000344	F	0.531280	0.941349	0.906003	0.6474	0.7163	0.7840	0.0870	0.7544	0.1423	0.8268
000345	S	0.522194	0.945816	0.909680	0.6293	0.7369	0.7550	0.0900	0.7499	0.1475	0.7896
000346	T	0.511061	0.950825	0.913682	0.6174	0.7331	0.7220	0.0980	0.7414	0.1541	0.7454
000347	T	0.467117	0.949787	0.918446	0.6334	0.7036	0.7380	0.0970	0.7350	0.1648	0.6974
000348	T	0.471049	0.954104	0.924081	0.6374	0.6948	0.7370	0.0910	0.7364	0.1656	0.6638
000349	S	0.471378	0.960903	0.930300	0.6334	0.7036	0.7340	0.0890	0.7389	0.1683	0.6327
000350	Q	0.514303	0.965788	0.936235	0.6255	0.7250	0.7350	0.0980	0.7503	0.1598	0.5977
000351	C	0.590011	0.969853	0.941055	0.6293	0.7369	0.7580	0.1000	0.7708	0.1430	0.5615
000352	A	0.631852	0.973361	0.945251	0.6557	0.7250	0.7360	0.0870	0.7779	0.1335	0.5321
000353	E	0.678320	0.975539	0.949833	0.6604	0.7250	0.7440	0.1060	0.7889	0.1262	0.4832
000354	K	0.694599	0.977659	0.954566	0.6681	0.8125	0.7100	0.1110	0.8029	0.1240	0.4332
000355	K	0.721533	0.978800	0.958866	0.7079	0.8013	0.6870	0.0970	0.8093	0.1184	0.4232
000356	P	0.786638	0.980040	0.962260	0.7232	0.8343	0.6910	0.0860	0.8296	0.1100	0.4518
000357	E	0.790516	0.980742	0.965471	0.6412	0.8375	0.7100	0.0930	0.8209	0.1240	0.4797
000358	A	0.817667	0.981380	0.968775	0.6604	0.7799	0.7360	0.1030	0.8240	0.1170	0.5085
000359	S	0.829717	0.982600	0.972587	0.6715	0.7881	0.7260	0.1020	0.8284	0.1165	0.5380
000360	G	0.828321	0.983574	0.976551	0.6557	0.7916	0.7300	0.0950	0.8277	0.1203	0.5725
000361	P	0.841839	0.984525	0.980107	0.6474	0.7916	0.7180	0.1100	0.8273	0.1250	0.6008
000362	E	0.856141	0.984344	0.982789	0.7388	0.8966	0.7350	0.1100	0.8655	0.1018	0.6247
000363	A	0.865448	0.983377	0.984627	0.7540	0.8713	0.7540	0.1160	0.8688	0.0939	0.6460
000364	E	0.873539	0.982288	0.986279	0.7644	0.8741	0.7340	0.1390	0.8691	0.0964	0.6689
000365	P	0.883166	0.980888	0.987975	0.7342	0.8966	0.7080	0.1390	0.8651	0.1094	0.6934
000366	C	0.892621	0.979362	0.989843	0.7605	0.8596	0.7130	0.1490	0.8659	0.1027	0.7089
000367	P	0.894086	0.977238	0.991517	0.7573	0.8343	0.6770	0.1380	0.8552	0.1132	0.7434
000368	E	0.891969	0.974580	0.992597	0.7147	0.8235	0.6980	0.1290	0.8493	0.1152	0.7733
000369	L	0.892690	0.969832	0.992518	0.7317	0.8198	0.7390	0.1430	0.8576	0.1027	0.7987
000370	H	0.885627	0.965578	0.991645	0.7192	0.8235	0.7240	0.1510	0.8516	0.1067	0.8037
000371	T	0.878238	0.962263	0.990335	0.6984	0.8125	0.7350	0.1340	0.8460	0.1086	0.8009
000372	E	0.870255	0.960826	0.988687	0.6870	0.7672	0.7440	0.1340	0.8363	0.1122	0.8001
000373	P	0.868472	0.957561	0.986573	0.6789	0.7595	0.7310	0.1320	0.8304	0.1153	0.8038
000374	V	0.868439	0.951386	0.984637	0.6789	0.8050	0.7370	0.1340	0.8376	0.1094	0.8069
000375	E	0.872050	0.950736	0.983077	0.6715	0.8050	0.7450	0.1520	0.8379	0.1098	0.7996
000376	P	0.875962	0.947258	0.981614	0.6715	0.7799	0.7710	0.1470	0.8379	0.1077	0.7902
000377	L	0.879071	0.941963	0.978975	0.7688	0.8655	0.8120	0.1470	0.8744	0.0715	0.7832
000378	T	0.885460	0.935731	0.973980	0.7573	0.8421	0.8130	0.1550	0.8680	0.0731	0.7488
000379	R	0.891593	0.927492	0.967798	0.7501	0.7843	0.8150	0.1490	0.8560	0.0784	0.7149
000380	A	0.892509	0.920776	0.959455	0.7688	0.8343	0.8160	0.1480	0.8654	0.0650	0.6918
000381	S	0.899903	0.907621	0.948993	0.7192	0.8565	0.7890	0.1590	0.8535	0.0779	0.6688
000382	S	0.894544	0.892288	0.935992	0.7079	0.8623	0.7820	0.1530	0.8459	0.0775	0.6483
000383	A	0.881054	0.879620	0.923374	0.7111	0.8596	0.8010	0.1640	0.8426	0.0691	0.6271
000384	G	0.866374	0.870742	0.912259	0.7079	0.8596	0.7850	0.1840	0.8337	0.0677	0.5921
000385	P	0.846359	0.861915	0.903187	0.7573	0.8235	0.7750	0.1890	0.8280	0.0499	0.5538
000386	E	0.839814	0.856331	0.894853	0.7605	0.7415	0.7890	0.1760	0.8136	0.0544	0.5410
000387	G	0.831778	0.850061	0.886184	0.6870	0.6482	0.7840	0.1700	0.7812	0.0865	0.5370
000388	G	0.824695	0.837203	0.876123	0.6827	0.6427	0.7910	0.1600	0.7758	0.0845	0.5374
000389	G	0.820893	0.824928	0.865112	0.6412	0.6427	0.7890	0.1610	0.7640	0.0891	0.5572
000390	V	0.811261	0.810271	0.852686	0.6035	0.6576	0.7800	0.1580	0.7525	0.0902	0.5734
000391	R	0.811531	0.793326	0.838085	0.6219	0.6906	0.7540	0.1680	0.7516	0.0746	0.5720
000392	P	0.821069	0.771605	0.820165	0.6293	0.7080	0.6790	0.1940	0.7381	0.0719	0.5807
000393	E	0.825362	0.738867	0.801000	0.6293	0.6043	0.6680	0.1890	0.7111	0.0836	0.5878
000394	Q	0.831806	0.714152	0.781430	0.6474	0.6269	0.6160	0.1830	0.7029	0.0810	0.5941
000395	P	0.826965	0.686697	0.762400	0.5667	0.6375	0.5240	0.1760	0.6674	0.1052	0.6047
000396	F	0.822311	0.626074	0.742173	0.5514	0.6043	0.4790	0.1640	0.6375	0.1148	0.6121
000397	I	0.816132	0.601465	0.720146	0.5412	0.5951	0.4540	0.1600	0.6214	0.1177	0.6048
000398	V	0.802065	0.547508	0.695454	0.5296	0.5901	0.4440	0.1670	0.6015	0.1169	0.5891
000399	L	0.780013	0.539634	0.668737	0.5173	0.5807	0.5170	0.2210	0.6005	0.0957	0.5688
000400	G	0.734160	0.568482	0.641148	0.5126	0.4979	0.5300	0.2240	0.5807	0.0831	0.5426
000401	Q	0.703108	0.572024	0.613166	0.5667	0.5296	0.5330	0.1950	0.5863	0.0592	0.5215
000402	E	0.660666	0.572876	0.585429	0.5084	0.5382	0.5520	0.1640	0.5695	0.0476	0.5093
000403	E	0.629820	0.579296	0.557855	0.4556	0.4017	0.5320	0.2230	0.5260	0.0765	0.4983
000404	Y	0.584607	0.603720	0.530888	0.4333	0.3872	0.5560	0.2050	0.5160	0.0792	0.4879
000405	G	0.549941	0.625017	0.504333	0.3359	0.3286	0.5490	0.1630	0.4821	0.1117	0.4766
000406	E	0.525703	0.612642	0.477988	0.3005	0.3117	0.5440	0.1200	0.4620	0.1171	0.4665
000407	H	0.504387	0.628840	0.451398	0.3005	0.2918	0.4990	0.1280	0.4460	0.1188	0.4579
000408	H	0.475228	0.589987	0.425674	0.3491	0.3494	0.3720	0.1040	0.4270	0.0856	0.4501
000409	S	0.445324	0.499070	0.402625	0.2963	0.3948	0.2970	0.0700	0.3891	0.0737	0.4439
000410	S	0.392965	0.462451	0.381697	0.3491	0.4476	0.2460	0.0730	0.3800	0.0711	0.4385
000411	I	0.358832	0.416484	0.364038	0.3456	0.4441	0.2160	0.0730	0.3575	0.0721	0.4324
000412	M	0.312023	0.383085	0.348407	0.3225	0.3840	0.1900	0.0630	0.3233	0.0656	0.4256
000413	H	0.275601	0.361989	0.334950	0.3096	0.3529	0.2010	0.0620	0.3060	0.0550	0.4205
000414	C	0.229030	0.359189	0.320643	0.2432	0.3392	0.2150	0.0730	0.2844	0.0569	0.4176
000415	R	0.176081	0.334512	0.304840	0.2865	0.3529	0.2030	0.0720	0.2763	0.0653	0.4162
000416	V	0.125676	0.314414	0.287522	0.2820	0.3599	0.2110	0.0760	0.2634	0.0759	0.4162
000417	D	0.091317	0.307615	0.269518	0.1998	0.2988	0.1780	0.0580	0.2241	0.0764	0.4181
000418	C	0.081504	0.309079	0.251644	0.2041	0.3053	0.1580	0.0540	0.2183	0.0811	0.4228
000419	S	0.097344	0.305983	0.234987	0.1602	0.3019	0.1460	0.0540	0.2077	0.0791	0.4277
000420	G	0.112516	0.319039	0.218684	0.1532	0.2575	0.1470	0.0550	0.2013	0.0712	0.4326
000421	R	0.175197	0.319180	0.203762	0.1495	0.1942	0.1470	0.0560	0.1981	0.0580	0.4297
000422	R	0.173736	0.313721	0.189805	0.1566	0.2503	0.1230	0.0360	0.2012	0.0634	0.4251
000423	V	0.169627	0.297641	0.178597	0.1240	0.2164	0.1080	0.0270	0.1824	0.0626	0.4230
000424	A	0.159279	0.310233	0.167793	0.1266	0.1449	0.0960	0.0200	0.1674	0.0680	0.4220
000425	S	0.151150	0.289379	0.157640	0.1380	0.2292	0.0840	0.0210	0.1750	0.0664	0.4222
000426	L	0.144833	0.255656	0.147485	0.0935	0.1528	0.0800	0.0200	0.1458	0.0565	0.4219
000427	D	0.138458	0.226411	0.139032	0.1349	0.2002	0.0740	0.0180	0.1522	0.0492	0.4191
000428	V	0.113163	0.205979	0.132527	0.0677	0.2129	0.0650	0.0180	0.1329	0.0591	0.4155
000429	D	0.085051	0.168287	0.128576	0.1205	0.2436	0.0600	0.0170	0.1343	0.0596	0.4129
000430	G	0.012988	0.147222	0.126542	0.1349	0.2258	0.0580	0.0190	0.1175	0.0677	0.4102
000431	V	0.008260	0.137836	0.125737	0.0884	0.2328	0.0600	0.0200	0.1089	0.0700	0.4116
000432	I	0.005044	0.122606	0.125571	0.0813	0.2399	0.0650	0.0230	0.1065	0.0720	0.4105
000433	K	0.004703	0.115234	0.125418	0.0884	0.2364	0.0680	0.0230	0.1063	0.0701	0.4064
000434	V	0.003256	0.113353	0.125616	0.1205	0.2609	0.0700	0.0230	0.1156	0.0774	0.4031
000435	W	0.003088	0.121070	0.126072	0.1416	0.2783	0.0770	0.0270	0.1245	0.0826	0.4016
000436	S	0.011386	0.123604	0.126508	0.1178	0.2783	0.0770	0.0290	0.1224	0.0804	0.3948
000437	F	0.023726	0.132005	0.126742	0.1698	0.2680	0.0950	0.0350	0.1358	0.0742	0.3875
000438	N	0.064926	0.168861	0.126816	0.1667	0.2541	0.1070	0.0330	0.1480	0.0593	0.3812
000439	P	0.104445	0.191714	0.126743	0.1349	0.2988	0.1140	0.0340	0.1617	0.0673	0.3783
000440	I	0.126215	0.243511	0.127775	0.1322	0.2849	0.1550	0.0500	0.1783	0.0626	0.3738
000441	M	0.171664	0.332682	0.129054	0.1292	0.3087	0.2030	0.0700	0.2124	0.0810	0.3665
000442	Q	0.230619	0.409147	0.130195	0.1698	0.2918	0.2820	0.0950	0.2522	0.0906	0.3499
000443	T	0.237496	0.481534	0.130445	0.2657	0.2951	0.3900	0.1180	0.3000	0.1117	0.3389
000444	K	0.307110	0.545088	0.130522	0.1805	0.2988	0.4400	0.1150	0.3169	0.1419	0.3324
000445	A	0.369212	0.586386	0.131843	0.1602	0.2817	0.4680	0.1040	0.3330	0.1617	0.3246
000446	S	0.403290	0.609449	0.134080	0.2255	0.3740	0.4790	0.1110	0.3709	0.1565	0.3184
000447	S	0.410481	0.623058	0.138256	0.1456	0.2918	0.4650	0.1470	0.3457	0.1738	0.3162
000448	I	0.462646	0.670585	0.144869	0.2385	0.3566	0.4210	0.1260	0.3824	0.1677	0.3202
000449	S	0.500202	0.630594	0.152596	0.1566	0.3529	0.3720	0.1280	0.3608	0.1720	0.3252
000450	K	0.560879	0.625530	0.160157	0.1150	0.3215	0.3420	0.1050	0.3542	0.1882	0.3288
000451	S	0.539339	0.584788	0.165280	0.1667	0.3910	0.3220	0.0990	0.3616	0.1635	0.3346
000452	P	0.557934	0.520022	0.168575	0.1844	0.4256	0.2710	0.0710	0.3546	0.1551	0.3433
000453	L	0.501198	0.434855	0.171280	0.1844	0.4149	0.2180	0.0620	0.3207	0.1329	0.3564
000454	L	0.437303	0.386198	0.173989	0.1844	0.3392	0.1970	0.0640	0.2863	0.1053	0.3638
000455	S	0.402234	0.355671	0.176532	0.1844	0.2752	0.1770	0.0540	0.2618	0.0905	0.3684
000456	L	0.365284	0.323102	0.177660	0.1532	0.2292	0.1640	0.0520	0.2355	0.0814	0.3762
000457	E	0.276263	0.302365	0.177630	0.1060	0.1671	0.1470	0.0390	0.1960	0.0701	0.3826
000458	W	0.218321	0.293091	0.177195	0.0677	0.1702	0.1440	0.0450	0.1784	0.0687	0.3930
000459	A	0.113034	0.275392	0.176711	0.0771	0.2292	0.1210	0.0390	0.1655	0.0692	0.3922
000460	T	0.076880	0.261117	0.176222	0.0789	0.2328	0.1270	0.0360	0.1588	0.0712	0.3905
000461	K	0.052766	0.253099	0.176290	0.0789	0.1852	0.1270	0.0400	0.1455	0.0677	0.3869
000462	R	0.053114	0.252632	0.176645	0.0789	0.1881	0.1230	0.0340	0.1454	0.0680	0.3834
000463	D	0.059724	0.237200	0.178297	0.0441	0.1671	0.1090	0.0230	0.1326	0.0682	0.3786
000464	R	0.059817	0.227317	0.181260	0.0771	0.1759	0.1010	0.0200	0.1371	0.0612	0.3734
000465	L	0.080700	0.224318	0.185422	0.1322	0.2364	0.0960	0.0260	0.1591	0.0603	0.3714
000466	L	0.110151	0.221814	0.188967	0.0909	0.1731	0.0890	0.0260	0.1457	0.0514	0.3682
000467	L	0.140534	0.224448	0.190978	0.1495	0.1554	0.0770	0.0180	0.1563	0.0455	0.3625
000468	L	0.154607	0.241940	0.192048	0.0858	0.1528	0.0670	0.0160	0.1491	0.0595	0.3549
000469	G	0.182191	0.239508	0.193266	0.0884	0.2328	0.0560	0.0170	0.1653	0.0696	0.3411
000470	S	0.212217	0.230904	0.194897	0.1060	0.2715	0.0560	0.0130	0.1787	0.0741	0.3336
000471	G	0.204455	0.234529	0.195108	0.1060	0.2399	0.0550	0.0110	0.1725	0.0685	0.3273
000472	V	0.196694	0.225719	0.194256	0.1088	0.2399	0.0550	0.0090	0.1701	0.0662	0.3235
000473	G	0.187793	0.220752	0.192994	0.0858	0.2364	0.0590	0.0110	0.1638	0.0671	0.3172
000474	T	0.188034	0.231325	0.191596	0.0832	0.2292	0.0660	0.0160	0.1649	0.0662	0.3119
000475	V	0.189234	0.245309	0.189514	0.0813	0.1611	0.0790	0.0200	0.1576	0.0601	0.3058
000476	R	0.187993	0.251624	0.185154	0.1266	0.1449	0.1070	0.0330	0.1672	0.0477	0.3004
000477	L	0.190246	0.259297	0.179778	0.1150	0.2164	0.1440	0.0420	0.1841	0.0468	0.2889
000478	Y	0.176387	0.276270	0.171997	0.1060	0.2034	0.1680	0.0510	0.1837	0.0507	0.2747
000479	D	0.171391	0.284719	0.161825	0.1698	0.2817	0.1500	0.0440	0.2032	0.0570	0.2611
000480	T	0.189322	0.302479	0.150966	0.1041	0.2002	0.1810	0.0570	0.1880	0.0602	0.2473
000481	E	0.208155	0.335346	0.141089	0.1018	0.2094	0.1730	0.0520	0.1948	0.0732	0.2343
000482	A	0.247348	0.344364	0.135309	0.0587	0.2193	0.1600	0.0470	0.1941	0.0904	0.2177
000483	K	0.256608	0.344430	0.133627	0.0884	0.2849	0.1110	0.0300	0.2032	0.0966	0.2021
000484	K	0.265838	0.326521	0.135334	0.0965	0.2503	0.0910	0.0310	0.1942	0.0908	0.1869
000485	N	0.303901	0.317382	0.139427	0.0909	0.2783	0.0920	0.0340	0.2037	0.0982	0.1777
000486	L	0.337098	0.292792	0.144633	0.1150	0.3356	0.0880	0.0290	0.2189	0.1053	0.1731
000487	C	0.362912	0.279027	0.150849	0.1349	0.2541	0.0840	0.0240	0.2109	0.0959	0.1669
000488	E	0.341209	0.276178	0.156736	0.2167	0.2503	0.0800	0.0230	0.2202	0.0841	0.1730
000489	I	0.318598	0.264049	0.161153	0.2292	0.3321	0.1040	0.0560	0.2348	0.0816	0.1841
000490	N	0.296481	0.259640	0.165071	0.1667	0.2436	0.0990	0.0530	0.2051	0.0672	0.1971
000491	I	0.266520	0.264251	0.168793	0.1698	0.2129	0.0910	0.0340	0.1956	0.0610	0.2209
000492	N	0.236559	0.269385	0.173429	0.1088	0.1206	0.0740	0.0130	0.1638	0.0701	0.2477
000493	D	0.217922	0.264450	0.178981	0.1117	0.1373	0.0730	0.0160	0.1638	0.0646	0.2755
000494	N	0.213095	0.259418	0.184267	0.0542	0.1611	0.0730	0.0180	0.1574	0.0731	0.3011
000495	M	0.224631	0.254426	0.188168	0.0542	0.1702	0.0720	0.0190	0.1606	0.0740	0.3341
000496	P	0.186656	0.252147	0.192186	0.0660	0.1611	0.0710	0.0190	0.1548	0.0670	0.3511
000497	R	0.183650	0.255486	0.197813	0.1088	0.2002	0.0680	0.0170	0.1691	0.0622	0.3602
000498	I	0.182781	0.264196	0.205705	0.1698	0.2884	0.0670	0.0180	0.1963	0.0716	0.3711
000499	L	0.180929	0.276614	0.213595	0.1322	0.1731	0.0670	0.0210	0.1740	0.0649	0.3692
000500	S	0.170679	0.287839	0.221188	0.2080	0.1942	0.0690	0.0230	0.1919	0.0656	0.3657
000501	L	0.160487	0.296777	0.228087	0.1416	0.1137	0.0800	0.0300	0.1701	0.0726	0.3646
000502	A	0.138161	0.311595	0.234417	0.1635	0.1702	0.0930	0.0380	0.1852	0.0705	0.3449
000503	C	0.075979	0.330125	0.242374	0.1060	0.1399	0.1080	0.0440	0.1671	0.0899	0.3248
000504	S	0.025435	0.361308	0.252599	0.1018	0.1115	0.1320	0.0480	0.1640	0.1108	0.3162
000505	P	0.033203	0.379687	0.265407	0.0832	0.0888	0.1410	0.0460	0.1652	0.1202	0.3102
000506	N	0.052902	0.411784	0.278586	0.0813	0.1251	0.1470	0.0510	0.1827	0.1248	0.3007
000507	G	0.073865	0.426613	0.291456	0.0554	0.1028	0.1350	0.0530	0.1809	0.1342	0.3032
000508	A	0.116300	0.434550	0.303602	0.0643	0.0631	0.1350	0.0530	0.1862	0.1372	0.3088
000509	S	0.145459	0.471563	0.311898	0.1018	0.1048	0.1600	0.0540	0.2160	0.1342	0.3186
000510	F	0.187676	0.451595	0.316575	0.0991	0.1528	0.1690	0.0540	0.2295	0.1191	0.3294
000511	V	0.187067	0.453871	0.317618	0.0991	0.1643	0.1750	0.0530	0.2328	0.1184	0.3318
000512	C	0.186186	0.434856	0.317649	0.1495	0.1759	0.1770	0.0520	0.2402	0.1026	0.3272
000513	S	0.175550	0.451873	0.316604	0.1878	0.2094	0.2000	0.0590	0.2568	0.0987	0.3393
000514	A	0.166102	0.440058	0.313170	0.2292	0.2034	0.2760	0.0840	0.2714	0.0892	0.3535
000515	A	0.149936	0.424529	0.308793	0.2432	0.2034	0.3070	0.0780	0.2728	0.0878	0.3656
000516	A	0.130815	0.438332	0.303949	0.1416	0.1528	0.3170	0.0710	0.2474	0.1142	0.3758
000517	P	0.104845	0.456852	0.302232	0.1456	0.1702	0.3640	0.0620	0.2573	0.1269	0.3865
000518	S	0.111108	0.484589	0.301723	0.1240	0.1791	0.4070	0.0670	0.2679	0.1418	0.3928
000519	L	0.126427	0.506617	0.303602	0.1766	0.1349	0.4070	0.0600	0.2758	0.1433	0.4020
000520	T	0.175660	0.534171	0.305546	0.1844	0.1373	0.3810	0.0630	0.2864	0.1388	0.4027
000521	S	0.226902	0.542073	0.309378	0.1921	0.2224	0.4130	0.0780	0.3176	0.1242	0.4053
000522	Q	0.277038	0.544119	0.312425	0.2531	0.2783	0.3950	0.0800	0.3434	0.1006	0.4156
000523	V	0.329909	0.536610	0.314011	0.3359	0.3704	0.3700	0.0850	0.3761	0.0747	0.4294
000524	D	0.344990	0.519631	0.314388	0.3311	0.3392	0.3410	0.0870	0.3651	0.0698	0.4326
000525	F	0.371418	0.521049	0.315321	0.3717	0.3774	0.3470	0.1150	0.3840	0.0648	0.4314
000526	S	0.407708	0.534108	0.318493	0.3806	0.4186	0.3160	0.1210	0.3959	0.0734	0.4256
000527	A	0.415177	0.542462	0.318840	0.4149	0.3910	0.3060	0.1120	0.3980	0.0777	0.4169
000528	P	0.377570	0.541811	0.316559	0.4078	0.3910	0.3130	0.1090	0.3912	0.0763	0.4098
000529	D	0.339534	0.546338	0.310485	0.3456	0.3910	0.3420	0.1260	0.3792	0.0784	0.4041
000530	I	0.297548	0.538137	0.305008	0.4556	0.4766	0.3600	0.1420	0.4054	0.0904	0.3922
000531	G	0.247162	0.548029	0.299037	0.4651	0.3910	0.3090	0.1020	0.3766	0.1039	0.3844
000532	S	0.202925	0.535707	0.293931	0.4749	0.3215	0.3200	0.0900	0.3582	0.1127	0.3811
000533	K	0.188105	0.540423	0.288391	0.3885	0.2364	0.3400	0.0880	0.3303	0.1143	0.3838
000534	G	0.172584	0.525883	0.280546	0.3885	0.2064	0.3280	0.0980	0.3169	0.1178	0.3926
000535	M	0.124976	0.509884	0.268811	0.3146	0.2064	0.3200	0.1010	0.2907	0.1187	0.4150
000536	N	0.113529	0.458720	0.254889	0.3359	0.3149	0.2530	0.0790	0.2884	0.1040	0.4317
000537	Q	0.196894	0.405579	0.241240	0.3535	0.3149	0.2080	0.0760	0.2866	0.0772	0.4094
000538	V	0.289252	0.351864	0.228824	0.3847	0.3494	0.1800	0.0730	0.2973	0.0730	0.3847
000539	P	0.381119	0.306387	0.216685	0.3578	0.2849	0.1220	0.0540	0.2782	0.0874	0.3644
000540	G	0.403035	0.256562	0.207919	0.3399	0.2715	0.1100	0.0440	0.2649	0.0931	0.3440
000541	R	0.414234	0.237720	0.202767	0.3847	0.3631	0.0870	0.0310	0.2815	0.1162	0.3206
000542	L	0.408805	0.218380	0.201113	0.3847	0.3740	0.0840	0.0230	0.2785	0.1189	0.3003
000543	L	0.395802	0.215932	0.199884	0.3992	0.3019	0.0910	0.0260	0.2672	0.1107	0.2870
000544	L	0.389808	0.217602	0.198194	0.4149	0.3149	0.0990	0.0270	0.2724	0.1113	0.2805
000545	W	0.357017	0.241774	0.196432	0.3263	0.2129	0.1080	0.0280	0.2404	0.0829	0.2823
000546	D	0.252317	0.270821	0.194228	0.3668	0.2470	0.1080	0.0300	0.2399	0.0782	0.2995
000547	T	0.148570	0.289918	0.191055	0.2748	0.1671	0.1400	0.0500	0.2019	0.0593	0.3164
000548	K	0.046961	0.315821	0.184986	0.2657	0.1671	0.1570	0.0440	0.1895	0.0853	0.3323
000549	T	0.024803	0.333193	0.177789	0.2432	0.2470	0.1950	0.0610	0.2035	0.0939	0.3464
000550	M	0.004177	0.352521	0.169674	0.2122	0.2364	0.1870	0.0660	0.1936	0.1032	0.3568
000551	K	0.004299	0.379236	0.162912	0.2432	0.2680	0.1770	0.0650	0.2058	0.1145	0.3716
000552	Q	0.032064	0.411871	0.154705	0.2531	0.1881	0.1940	0.0710	0.2057	0.1140	0.3829
000553	Q	0.034153	0.428039	0.146952	0.3578	0.2292	0.2410	0.0990	0.2395	0.1293	0.3907
000554	L	0.036284	0.405999	0.139341	0.3359	0.2224	0.2560	0.1090	0.2327	0.1216	0.3934
000555	Q	0.043340	0.405953	0.131877	0.3668	0.3087	0.2480	0.1040	0.2507	0.1279	0.3949
000556	F	0.044493	0.368915	0.123190	0.3359	0.3117	0.2350	0.0940	0.2366	0.1175	0.3920
000557	S	0.046085	0.352123	0.112513	0.3225	0.3053	0.2070	0.0860	0.2243	0.1134	0.3901
000558	L	0.048334	0.314923	0.103209	0.2531	0.2715	0.1810	0.0770	0.1954	0.0946	0.3875
000559	D	0.050091	0.307448	0.095588	0.2483	0.1791	0.1260	0.0450	0.1677	0.0885	0.3909
000560	P	0.051947	0.288473	0.091532	0.2167	0.1823	0.1110	0.0430	0.1570	0.0805	0.3931
000561	E	0.027618	0.250257	0.088527	0.1698	0.2129	0.0980	0.0350	0.1411	0.0769	0.4035
000562	P	0.027326	0.208909	0.087155	0.1698	0.2258	0.0900	0.0330	0.1348	0.0717	0.4126
000563	I	0.029607	0.183502	0.085608	0.1532	0.2164	0.0770	0.0230	0.1242	0.0652	0.4314
000564	A	0.024422	0.169929	0.085170	0.1416	0.2164	0.0590	0.0180	0.1161	0.0661	0.4128
000565	I	0.026433	0.152456	0.084958	0.2122	0.2164	0.0560	0.0180	0.1247	0.0740	0.3844
000566	N	0.026288	0.157475	0.085465	0.2041	0.1424	0.0520	0.0180	0.1113	0.0621	0.3581
000567	C	0.024661	0.152357	0.086234	0.2041	0.1791	0.0520	0.0160	0.1164	0.0663	0.3380
000568	T	0.022957	0.147920	0.086745	0.1349	0.1852	0.0500	0.0130	0.1046	0.0567	0.3289
000569	A	0.020616	0.140898	0.086930	0.1456	0.2575	0.0530	0.0110	0.1175	0.0768	0.3204
000570	F	0.016784	0.146084	0.086324	0.1349	0.2164	0.0540	0.0110	0.1091	0.0654	0.3135
000571	N	0.014717	0.166403	0.085826	0.1117	0.1671	0.0570	0.0160	0.1004	0.0554	0.2971
000572	H	0.010077	0.186965	0.084645	0.0832	0.1611	0.0630	0.0210	0.0981	0.0595	0.2866
000573	N	0.008002	0.222599	0.083057	0.0526	0.1399	0.0670	0.0210	0.0955	0.0690	0.2768
000574	G	0.004275	0.245959	0.080699	0.1018	0.1554	0.0660	0.0180	0.1090	0.0759	0.2729
000575	N	0.002678	0.257866	0.078645	0.1150	0.1206	0.0750	0.0220	0.1083	0.0771	0.2741
000576	L	0.002581	0.246652	0.076944	0.1380	0.1852	0.0770	0.0210	0.1210	0.0797	0.2856
000577	L	0.003212	0.244325	0.075221	0.0832	0.1184	0.0650	0.0150	0.0982	0.0738	0.2942
000578	V	0.004486	0.226814	0.073298	0.1266	0.1115	0.0580	0.0170	0.1000	0.0690	0.2971
000579	T	0.006855	0.210750	0.071412	0.0771	0.1184	0.0560	0.0200	0.0901	0.0632	0.3009
000580	G	0.008237	0.185324	0.070669	0.0490	0.1092	0.0550	0.0170	0.0796	0.0559	0.3079
000581	A	0.019664	0.157496	0.070257	0.0884	0.1969	0.0560	0.0130	0.0981	0.0607	0.3188
000582	A	0.024190	0.143202	0.070085	0.0621	0.1969	0.0550	0.0130	0.0920	0.0591	0.3352
000583	D	0.030876	0.127132	0.069473	0.0701	0.1942	0.0570	0.0130	0.0916	0.0542	0.3503
000584	G	0.041085	0.122486	0.069102	0.0771	0.2034	0.0550	0.0100	0.0947	0.0547	0.3619
000585	V	0.055801	0.132117	0.068631	0.0677	0.1298	0.0550	0.0090	0.0848	0.0331	0.3771
000586	I	0.056020	0.136671	0.068332	0.0771	0.1028	0.0560	0.0100	0.0828	0.0289	0.3815
000587	R	0.058892	0.135496	0.068033	0.0789	0.1251	0.0610	0.0110	0.0880	0.0307	0.3738
000588	L	0.060581	0.143776	0.067996	0.1060	0.1823	0.0730	0.0160	0.1056	0.0444	0.3719
000589	F	0.062060	0.149925	0.068298	0.1150	0.1554	0.0840	0.0220	0.1058	0.0372	0.3672
000590	D	0.051246	0.162193	0.068755	0.1178	0.1554	0.0830	0.0230	0.1064	0.0422	0.3609
000591	M	0.047308	0.167937	0.068452	0.0643	0.1323	0.0990	0.0270	0.0966	0.0421	0.3478
000592	Q	0.045961	0.197391	0.067535	0.0744	0.1528	0.1020	0.0320	0.1068	0.0527	0.3310
000593	Q	0.041743	0.211720	0.066339	0.0701	0.1137	0.1170	0.0400	0.1035	0.0552	0.3173
000594	H	0.026450	0.235988	0.065868	0.0621	0.1048	0.1200	0.0350	0.1025	0.0669	0.3055
000595	E	0.025660	0.252632	0.065148	0.0376	0.1162	0.1250	0.0350	0.1037	0.0761	0.2960
000596	C	0.025515	0.271267	0.064027	0.0542	0.1162	0.1380	0.0410	0.1116	0.0808	0.2820
000597	A	0.037724	0.284413	0.062326	0.1041	0.1092	0.1330	0.0530	0.1218	0.0792	0.2805
000598	M	0.037024	0.280367	0.060432	0.0701	0.1048	0.1390	0.0570	0.1153	0.0807	0.2837
000599	S	0.039233	0.258402	0.059060	0.0677	0.1137	0.1300	0.0520	0.1113	0.0728	0.2825
000600	W	0.038751	0.235949	0.057874	0.1240	0.2129	0.1250	0.0490	0.1325	0.0726	0.2869
000601	R	0.033351	0.208862	0.057099	0.0789	0.1162	0.1040	0.0360	0.0997	0.0561	0.2826
000602	A	0.027456	0.192176	0.056055	0.1150	0.1424	0.1010	0.0300	0.1056	0.0540	0.2854
000603	H	0.027826	0.196004	0.055397	0.0587	0.0817	0.0970	0.0240	0.0861	0.0537	0.2914
000604	Y	0.027787	0.217417	0.055127	0.0542	0.0817	0.1060	0.0250	0.0904	0.0618	0.2955
000605	G	0.024177	0.216905	0.055356	0.0336	0.0948	0.1060	0.0320	0.0885	0.0647	0.3007
000606	E	0.007872	0.248663	0.056378	0.0308	0.0888	0.1100	0.0350	0.0905	0.0785	0.3117
000607	V	0.006576	0.274004	0.058076	0.0554	0.1528	0.1320	0.0290	0.1131	0.0871	0.3197
000608	Y	0.004399	0.304279	0.060986	0.0677	0.1298	0.1520	0.0410	0.1199	0.0955	0.3176
000609	S	0.004969	0.309793	0.064288	0.0935	0.1007	0.1440	0.0350	0.1196	0.0949	0.3159
000610	V	0.006187	0.343302	0.067993	0.0643	0.1007	0.1540	0.0420	0.1228	0.1081	0.3190
000611	E	0.009195	0.354259	0.070537	0.0677	0.1048	0.1730	0.0470	0.1299	0.1116	0.3175
000612	F	0.011815	0.363175	0.072989	0.0723	0.1028	0.2020	0.0570	0.1375	0.1158	0.3224
000613	S	0.013005	0.375437	0.075142	0.0542	0.1349	0.2100	0.0650	0.1437	0.1211	0.3173
000614	Y	0.014133	0.394968	0.077750	0.0567	0.1449	0.2260	0.0760	0.1523	0.1279	0.3126
000615	D	0.016779	0.404825	0.080173	0.1060	0.2193	0.2160	0.0810	0.1738	0.1260	0.3105
000616	E	0.018200	0.404686	0.082377	0.1178	0.2164	0.2090	0.0830	0.1748	0.1239	0.3040
000617	N	0.018008	0.374987	0.084395	0.1041	0.1184	0.1930	0.0630	0.1489	0.1135	0.2887
000618	T	0.017300	0.373662	0.085594	0.1380	0.1070	0.1710	0.0520	0.1487	0.1112	0.2830
000619	V	0.016141	0.341065	0.086191	0.1456	0.1759	0.1550	0.0450	0.1533	0.0993	0.2853
000620	Y	0.013009	0.316810	0.085933	0.1018	0.1137	0.1460	0.0400	0.1296	0.0930	0.2842
000621	S	0.009939	0.312593	0.084763	0.1602	0.1643	0.1280	0.0310	0.1433	0.0921	0.2827
000622	I	0.008176	0.297290	0.082822	0.0858	0.0948	0.1430	0.0350	0.1186	0.0891	0.2833
000623	G	0.006574	0.275267	0.080346	0.1495	0.1611	0.1260	0.0320	0.1331	0.0818	0.2832
000624	E	0.003792	0.259750	0.077732	0.1018	0.1583	0.1170	0.0330	0.1198	0.0781	0.2894
000625	D	0.001391	0.254332	0.074675	0.1566	0.2328	0.0930	0.0290	0.1354	0.0890	0.2897
000626	G	0.000822	0.229197	0.071855	0.1349	0.2193	0.0800	0.0230	0.1227	0.0817	0.2846
000627	K	0.000813	0.210961	0.070347	0.1266	0.1373	0.0720	0.0150	0.1031	0.0656	0.2820
000628	F	0.000598	0.203483	0.069821	0.1240	0.1251	0.0660	0.0090	0.0982	0.0630	0.2883
000629	I	0.000504	0.194629	0.069737	0.0832	0.0870	0.0650	0.0170	0.0833	0.0574	0.2822
000630	Q	0.000352	0.183650	0.068863	0.1117	0.1206	0.0660	0.0210	0.0919	0.0566	0.2689
000631	W	0.000309	0.169492	0.068295	0.1292	0.2064	0.0840	0.0270	0.1095	0.0679	0.2563
000632	N	0.000326	0.177322	0.068073	0.1292	0.1349	0.1050	0.0360	0.1024	0.0563	0.2432
000633	I	0.000350	0.184611	0.068832	0.2041	0.1969	0.1150	0.0390	0.1283	0.0749	0.2335
000634	H	0.000355	0.215390	0.071393	0.1349	0.1349	0.1160	0.0390	0.1122	0.0657	0.2222
000635	K	0.000653	0.263144	0.074972	0.1266	0.1399	0.1210	0.0320	0.1210	0.0787	0.2136
000636	S	0.001125	0.313218	0.080048	0.0771	0.1275	0.1640	0.0370	0.1271	0.0971	0.2116
000637	G	0.001661	0.379868	0.084282	0.0935	0.1373	0.2510	0.0780	0.1579	0.1240	0.2128
000638	L	0.036736	0.441725	0.088897	0.1018	0.1184	0.2810	0.0860	0.1780	0.1398	0.2158
000639	K	0.039527	0.497119	0.093246	0.1667	0.2002	0.2890	0.0820	0.2144	0.1490	0.2120
000640	V	0.042897	0.544684	0.098513	0.1921	0.2752	0.3050	0.0740	0.2430	0.1630	0.2157
000641	S	0.046469	0.583012	0.103988	0.1732	0.2951	0.2950	0.0670	0.2494	0.1749	0.2188
000642	E	0.086686	0.598315	0.109762	0.2700	0.2783	0.2910	0.0560	0.2724	0.1671	0.2237
000643	Y	0.121296	0.589583	0.115348	0.2963	0.2129	0.2910	0.0480	0.2710	0.1594	0.2297
000644	S	0.125598	0.579423	0.120243	0.2820	0.2164	0.2760	0.0410	0.2666	0.1538	0.2324
000645	L	0.136675	0.541447	0.124106	0.2385	0.2164	0.2750	0.0490	0.2554	0.1387	0.2416
000646	P	0.195223	0.523288	0.125989	0.1878	0.2193	0.2550	0.0580	0.2511	0.1277	0.2454
000647	S	0.169108	0.512140	0.126458	0.1921	0.1449	0.2760	0.0890	0.2369	0.1320	0.2461
000648	D	0.168366	0.487715	0.125507	0.1921	0.1449	0.2800	0.0880	0.2332	0.1240	0.2515
000649	A	0.165986	0.460749	0.124692	0.1878	0.2064	0.2340	0.0500	0.2300	0.1086	0.2516
000650	T	0.166918	0.436597	0.124203	0.1958	0.1373	0.2020	0.0340	0.2104	0.1050	0.2544
000651	G	0.129391	0.407770	0.123729	0.2558	0.1823	0.1740	0.0320	0.2121	0.0976	0.2585
000652	P	0.098824	0.379637	0.123299	0.1844	0.1914	0.1400	0.0310	0.1863	0.0923	0.2641
000653	F	0.098271	0.334683	0.123135	0.1698	0.1298	0.1390	0.0400	0.1657	0.0785	0.2686
000654	V	0.092624	0.314382	0.123348	0.2602	0.2129	0.1200	0.0400	0.1872	0.0814	0.2707
000655	L	0.044846	0.293732	0.122891	0.1998	0.1643	0.1240	0.0430	0.1583	0.0768	0.2696
000656	S	0.048487	0.282330	0.121470	0.2913	0.2645	0.1430	0.0470	0.1918	0.0924	0.2612
000657	G	0.052335	0.286647	0.119157	0.1998	0.2364	0.1580	0.0540	0.1754	0.0767	0.2570
000658	Y	0.051702	0.301084	0.116016	0.2292	0.2364	0.1700	0.0520	0.1840	0.0825	0.2564
000659	S	0.047382	0.321416	0.112840	0.2209	0.2292	0.1660	0.0510	0.1829	0.0879	0.2467
000660	G	0.044874	0.362984	0.110108	0.2531	0.1881	0.1820	0.0520	0.1903	0.1012	0.2411
000661	Y	0.042244	0.422497	0.108736	0.2602	0.1070	0.1920	0.0580	0.1888	0.1254	0.2416
000662	K	0.040865	0.432211	0.107906	0.1921	0.0909	0.1880	0.0580	0.1753	0.1266	0.2411
000663	Q	0.040586	0.422483	0.108090	0.1041	0.0389	0.2130	0.0740	0.1545	0.1331	0.2445
000664	V	0.034924	0.401678	0.108152	0.1349	0.0817	0.1820	0.0570	0.1572	0.1183	0.2519
000665	Q	0.037903	0.342055	0.106734	0.1117	0.1115	0.1460	0.0530	0.1426	0.0948	0.2615
000666	V	0.036753	0.270806	0.104259	0.1698	0.1852	0.1160	0.0390	0.1472	0.0733	0.2750
000667	P	0.040955	0.245155	0.100538	0.1732	0.1852	0.0850	0.0250	0.1383	0.0690	0.2925
000668	R	0.051959	0.228545	0.097293	0.1805	0.1942	0.0760	0.0190	0.1380	0.0660	0.3064
000669	G	0.064565	0.202599	0.092708	0.2531	0.1942	0.0700	0.0130	0.1462	0.0734	0.3152
000670	R	0.072065	0.203396	0.087208	0.2558	0.1643	0.0680	0.0120	0.1419	0.0713	0.3357
000671	L	0.080157	0.204825	0.080552	0.1844	0.1115	0.0750	0.0220	0.1227	0.0525	0.3593
000672	F	0.084978	0.208686	0.073430	0.2255	0.1791	0.0880	0.0280	0.1433	0.0627	0.3754
000673	A	0.090674	0.223714	0.066566	0.1602	0.1137	0.1010	0.0300	0.1260	0.0521	0.3821
000674	F	0.085028	0.245705	0.059388	0.1456	0.1048	0.1030	0.0240	0.1240	0.0602	0.3763
000675	D	0.087728	0.259762	0.052783	0.1205	0.1229	0.1000	0.0270	0.1239	0.0651	0.3612
000676	S	0.088900	0.258467	0.046696	0.1088	0.1162	0.0950	0.0260	0.1189	0.0662	0.3431
000677	E	0.079122	0.264191	0.043133	0.1266	0.1554	0.0930	0.0240	0.1270	0.0708	0.3240
000678	G	0.066544	0.257771	0.041534	0.1041	0.1323	0.0960	0.0270	0.1164	0.0694	0.3008
000679	N	0.057926	0.236616	0.042251	0.0991	0.0967	0.0920	0.0250	0.1041	0.0629	0.2804
000680	Y	0.047309	0.247762	0.043793	0.1018	0.0618	0.0870	0.0210	0.0982	0.0700	0.2689
000681	M	0.038642	0.237027	0.045143	0.0660	0.0349	0.0750	0.0190	0.0828	0.0705	0.2526
000682	L	0.029421	0.213627	0.046107	0.0660	0.0543	0.0670	0.0190	0.0795	0.0613	0.2290
000683	T	0.020805	0.193779	0.046510	0.0677	0.0662	0.0690	0.0230	0.0773	0.0548	0.2014
000684	C	0.014673	0.178755	0.046962	0.0832	0.0765	0.0730	0.0250	0.0788	0.0503	0.1830
000685	S	0.009026	0.147672	0.047445	0.0884	0.1424	0.0710	0.0260	0.0844	0.0493	0.1753
000686	A	0.007655	0.132283	0.048685	0.0789	0.1399	0.0690	0.0240	0.0794	0.0459	0.1696
000687	T	0.007805	0.141492	0.050668	0.0771	0.1583	0.0660	0.0210	0.0836	0.0518	0.1649
000688	G	0.009865	0.148011	0.053357	0.0744	0.1399	0.0720	0.0190	0.0829	0.0481	0.1631
000689	G	0.015737	0.153878	0.056307	0.0884	0.1028	0.0830	0.0200	0.0833	0.0422	0.1640
000690	V	0.015319	0.185414	0.059115	0.0813	0.0618	0.1080	0.0350	0.0851	0.0527	0.1703
000691	I	0.016629	0.203558	0.061546	0.0965	0.1184	0.1320	0.0440	0.1047	0.0583	0.1741
000692	Y	0.018800	0.219208	0.063799	0.0771	0.1449	0.1420	0.0460	0.1110	0.0654	0.1774
000693	K	0.019392	0.258483	0.066268	0.1322	0.1349	0.1630	0.0550	0.1290	0.0751	0.1848
000694	L	0.021585	0.314060	0.068695	0.1349	0.0870	0.2120	0.0540	0.1397	0.0978	0.1917
000695	G	0.023808	0.323082	0.071090	0.1060	0.1424	0.2210	0.0560	0.1479	0.0993	0.1963
000696	G	0.024398	0.339072	0.073988	0.0643	0.0948	0.2500	0.0580	0.1411	0.1134	0.1981
000697	D	0.041959	0.378237	0.077948	0.0832	0.1115	0.2580	0.0550	0.1585	0.1199	0.2071
000698	E	0.063825	0.395909	0.083299	0.0526	0.1092	0.2770	0.0510	0.1636	0.1281	0.2130
000699	K	0.120238	0.391083	0.089634	0.0526	0.1070	0.2620	0.0480	0.1705	0.1184	0.2125
000700	V	0.183964	0.411511	0.096681	0.0514	0.1115	0.2200	0.0420	0.1792	0.1179	0.2141
000701	L	0.250544	0.425857	0.103034	0.0660	0.1275	0.1900	0.0560	0.1938	0.1198	0.2059
000702	E	0.316724	0.380350	0.107984	0.1041	0.2094	0.1660	0.0600	0.2142	0.1031	0.1909
000703	S	0.375716	0.349885	0.111228	0.1322	0.2436	0.1570	0.0510	0.2283	0.1039	0.1780
000704	C	0.434707	0.336829	0.113619	0.1602	0.1969	0.1460	0.0380	0.2314	0.1153	0.1705
000705	L	0.434105	0.290495	0.116147	0.1805	0.2715	0.1240	0.0280	0.2361	0.1106	0.1820
000706	S	0.414813	0.271983	0.119147	0.1380	0.2164	0.1030	0.0220	0.2106	0.1086	0.1880
000707	L	0.387863	0.290481	0.122579	0.1380	0.2292	0.1000	0.0190	0.2113	0.1029	0.1965
000708	G	0.331873	0.285631	0.125531	0.0991	0.1449	0.0970	0.0200	0.1807	0.0929	0.1948
000709	G	0.268040	0.270813	0.127458	0.0884	0.1275	0.1090	0.0400	0.1652	0.0749	0.2095
000710	H	0.198495	0.256820	0.128144	0.0621	0.1349	0.1050	0.0360	0.1476	0.0635	0.2326
000711	R	0.130928	0.248018	0.127999	0.0884	0.1528	0.0860	0.0220	0.1390	0.0543	0.2533
000712	A	0.071089	0.223890	0.128084	0.1292	0.1852	0.0730	0.0180	0.1352	0.0553	0.2778
000713	P	0.010660	0.214224	0.128923	0.0991	0.1759	0.0670	0.0180	0.1160	0.0673	0.3204
000714	V	0.010577	0.213355	0.130928	0.0813	0.1092	0.0660	0.0180	0.1020	0.0624	0.3611
000715	V	0.010065	0.222126	0.133498	0.1766	0.1731	0.0590	0.0140	0.1291	0.0729	0.3723
000716	T	0.009230	0.204821	0.136517	0.1416	0.2436	0.0570	0.0130	0.1321	0.0802	0.3553
000717	V	0.007561	0.197993	0.139623	0.1380	0.1611	0.0580	0.0130	0.1171	0.0644	0.3474
000718	D	0.004518	0.192931	0.143013	0.1921	0.1643	0.0570	0.0140	0.1256	0.0709	0.3184
000719	W	0.004358	0.179426	0.146600	0.1041	0.1671	0.0550	0.0120	0.1094	0.0628	0.3011
000720	S	0.003895	0.160391	0.150593	0.0660	0.1424	0.0480	0.0100	0.0953	0.0591	0.2532
000721	T	0.002627	0.165206	0.154994	0.0723	0.1449	0.0470	0.0110	0.0979	0.0609	0.2082
000722	A	0.001928	0.170806	0.160144	0.0587	0.1162	0.0490	0.0140	0.0928	0.0613	0.1721
000723	M	0.001714	0.184042	0.165494	0.0771	0.1449	0.0530	0.0180	0.1044	0.0654	0.1462
000724	D	0.001707	0.186994	0.173453	0.0526	0.1229	0.0530	0.0180	0.0985	0.0678	0.1147
000725	C	0.001788	0.215872	0.182743	0.0723	0.1583	0.0550	0.0190	0.1143	0.0762	0.0906
000726	G	0.003175	0.228801	0.193477	0.0991	0.1373	0.0580	0.0210	0.1199	0.0769	0.0829
000727	T	0.003882	0.241003	0.203060	0.0991	0.1323	0.0630	0.0240	0.1238	0.0803	0.0807
000728	C	0.004090	0.240014	0.211404	0.0884	0.1206	0.0770	0.0350	0.1236	0.0806	0.0781
000729	L	0.004330	0.249148	0.218289	0.0813	0.1162	0.0860	0.0390	0.1258	0.0839	0.0859
000730	T	0.020869	0.240065	0.223861	0.0723	0.1852	0.1000	0.0470	0.1403	0.0811	0.0895
000731	A	0.040072	0.270888	0.229051	0.0660	0.1298	0.1270	0.0650	0.1438	0.0824	0.1000
000732	S	0.060336	0.314695	0.232798	0.0621	0.0851	0.1550	0.0740	0.1517	0.0948	0.1151
000733	M	0.076693	0.344384	0.235412	0.0514	0.0851	0.1810	0.0620	0.1623	0.1036	0.1346
000734	D	0.101740	0.371816	0.237336	0.0414	0.1028	0.2240	0.0550	0.1799	0.1105	0.1481
000735	G	0.131085	0.400989	0.239997	0.0327	0.0948	0.2570	0.0610	0.1928	0.1216	0.1697
000736	K	0.155525	0.411181	0.242832	0.0607	0.1323	0.3030	0.0720	0.2176	0.1163	0.1947
000737	I	0.177913	0.400049	0.245504	0.0607	0.1323	0.3710	0.0750	0.2313	0.1225	0.2142
000738	K	0.203439	0.386242	0.248360	0.0490	0.1092	0.5470	0.1330	0.2572	0.1678	0.2296
000739	L	0.213213	0.373857	0.251767	0.1380	0.1611	0.5310	0.0910	0.2781	0.1361	0.2506
000740	T	0.221705	0.382610	0.256603	0.2483	0.2094	0.5320	0.0990	0.3084	0.1148	0.2542
000741	T	0.234197	0.408741	0.262477	0.3005	0.1823	0.5350	0.0840	0.3205	0.1183	0.2702
000742	L	0.250580	0.463208	0.269610	0.3806	0.1881	0.4980	0.1030	0.3417	0.1139	0.2937
000743	L	0.255374	0.565423	0.277240	0.4203	0.1643	0.5720	0.1330	0.3757	0.1556	0.3004
000744	A	0.250624	0.666402	0.285716	0.4967	0.1759	0.6220	0.1440	0.4161	0.1886	0.2976
000745	H	0.295525	0.726530	0.294859	0.5514	0.1349	0.7070	0.1000	0.4517	0.2236	0.3039
000746	K	0.295752	0.726745	0.304822	0.5992	0.1070	0.7610	0.0580	0.4657	0.2437	0.3108
000747	A	0.270279	0.790943	0.309920	0.6474	0.0835	0.7970	0.0670	0.4831	0.2754	0.3171