RESNUM	RES	VL-XT	VSL2B	VL3	IUPred-S	IUPred-L	PONDRFIT	FITERROR	MDP	MDPERROR	ANCHOR2
000001	M	0.259838	0.710273	0.123688	0.7724	0.1528	0.8210	0.0990	0.4734	0.2992	0.1703
000002	A	0.299246	0.661436	0.122073	0.7275	0.2399	0.7300	0.0880	0.4633	0.2495	0.1617
000003	A	0.330379	0.600091	0.118672	0.6174	0.1881	0.6550	0.0600	0.4182	0.2157	0.1568
000004	I	0.368110	0.498971	0.115325	0.6035	0.2193	0.4470	0.1080	0.3754	0.1656	0.1519
000005	L	0.385719	0.405078	0.112019	0.4749	0.1323	0.3630	0.0950	0.3121	0.1387	0.1507
000006	L	0.417867	0.316640	0.108982	0.4282	0.1731	0.4360	0.1010	0.3134	0.1295	0.1421
000007	T	0.425564	0.261750	0.106258	0.2657	0.2094	0.5200	0.1650	0.2982	0.1371	0.1321
000008	T	0.441277	0.251018	0.103984	0.2167	0.1791	0.4830	0.1160	0.2792	0.1374	0.1214
000009	R	0.444582	0.255568	0.103484	0.1766	0.2002	0.5040	0.1180	0.2807	0.1449	0.1100
000010	P	0.436445	0.267074	0.104431	0.0858	0.1731	0.5600	0.1170	0.2711	0.1743	0.0988
000011	K	0.379181	0.302641	0.106153	0.0643	0.1323	0.5030	0.1060	0.2479	0.1594	0.0883
000012	V	0.341637	0.351657	0.107472	0.0502	0.0929	0.4920	0.1200	0.2393	0.1641	0.0784
000013	P	0.315080	0.368061	0.108050	0.0376	0.1115	0.4610	0.1170	0.2336	0.1558	0.0712
000014	V	0.270847	0.366311	0.107997	0.0212	0.1275	0.4190	0.1090	0.2188	0.1439	0.0637
000015	S	0.210054	0.364047	0.106738	0.0336	0.1942	0.3720	0.0940	0.2134	0.1238	0.0593
000016	F	0.169136	0.336620	0.102977	0.0514	0.2752	0.3220	0.0850	0.2095	0.1088	0.0538
000017	E	0.116727	0.295199	0.098401	0.0858	0.2541	0.2470	0.0700	0.1828	0.0843	0.0530
000018	D	0.072611	0.269196	0.093338	0.0884	0.2503	0.2030	0.0750	0.1628	0.0807	0.0517
000019	V	0.027966	0.239601	0.089386	0.0414	0.1823	0.1610	0.0720	0.1237	0.0768	0.0519
000020	S	0.026848	0.206485	0.085277	0.0441	0.1275	0.1080	0.0400	0.0997	0.0589	0.0548
000021	V	0.024834	0.171136	0.080929	0.0200	0.1137	0.0800	0.0270	0.0818	0.0517	0.0579
000022	Y	0.001322	0.152687	0.075428	0.0109	0.0749	0.0760	0.0250	0.0653	0.0500	0.0621
000023	F	0.001476	0.138929	0.069453	0.0212	0.1092	0.0830	0.0280	0.0705	0.0475	0.0677
000024	T	0.001298	0.143318	0.063370	0.0082	0.0967	0.0710	0.0160	0.0639	0.0491	0.0762
000025	K	0.001281	0.151812	0.058312	0.0141	0.1349	0.0640	0.0190	0.0707	0.0562	0.0850
000026	T	0.002166	0.161064	0.053635	0.0144	0.0985	0.0620	0.0190	0.0653	0.0532	0.0919
000027	E	0.006574	0.173238	0.049311	0.0336	0.1206	0.0550	0.0150	0.0731	0.0565	0.0981
000028	W	0.010999	0.167078	0.045647	0.0212	0.0690	0.0500	0.0100	0.0607	0.0512	0.1032
000029	K	0.022050	0.170288	0.043202	0.0099	0.0676	0.0450	0.0120	0.0597	0.0527	0.1131
000030	L	0.066555	0.160909	0.041534	0.0094	0.0967	0.0520	0.0150	0.0712	0.0479	0.1225
000031	L	0.132996	0.161712	0.040736	0.0094	0.0704	0.0590	0.0160	0.0791	0.0525	0.1303
000032	D	0.161262	0.156312	0.040307	0.0167	0.0835	0.0590	0.0170	0.0862	0.0551	0.1358
000033	L	0.165889	0.154190	0.042200	0.0173	0.0909	0.0590	0.0170	0.0882	0.0554	0.1401
000034	R	0.167641	0.162725	0.045668	0.0304	0.1643	0.0600	0.0160	0.1051	0.0604	0.1459
000035	Q	0.171632	0.160587	0.050839	0.0144	0.1731	0.0550	0.0150	0.1043	0.0656	0.1483
000036	K	0.169070	0.162518	0.056798	0.0144	0.1137	0.0560	0.0120	0.0955	0.0575	0.1544
000037	V	0.167123	0.164863	0.062041	0.0157	0.1115	0.0590	0.0110	0.0968	0.0563	0.1607
000038	L	0.163468	0.166899	0.066095	0.0082	0.1092	0.0660	0.0090	0.0967	0.0566	0.1695
000039	Y	0.120032	0.164104	0.067242	0.0200	0.1323	0.0700	0.0140	0.0955	0.0480	0.1776
000040	K	0.056379	0.180748	0.066044	0.0194	0.0985	0.0690	0.0200	0.0818	0.0500	0.1826
000041	R	0.027511	0.188856	0.062697	0.0182	0.1449	0.0920	0.0220	0.0890	0.0614	0.1883
000042	V	0.022865	0.187286	0.058672	0.0212	0.1476	0.0970	0.0160	0.0891	0.0620	0.1964
000043	M	0.021122	0.212896	0.055177	0.0212	0.1449	0.0830	0.0180	0.0897	0.0694	0.2077
000044	L	0.016275	0.228558	0.052910	0.0200	0.1298	0.0730	0.0160	0.0868	0.0738	0.2161
000045	E	0.014352	0.237929	0.051191	0.0226	0.1275	0.0750	0.0160	0.0881	0.0767	0.2236
000046	N	0.012044	0.239186	0.050530	0.0094	0.0719	0.0900	0.0200	0.0788	0.0774	0.2310
000047	Y	0.005150	0.247962	0.050401	0.0097	0.0704	0.1040	0.0230	0.0813	0.0819	0.2375
000048	S	0.004022	0.227540	0.050915	0.0083	0.0985	0.1030	0.0270	0.0820	0.0757	0.2458
000049	H	0.001196	0.218839	0.051893	0.0160	0.1702	0.0970	0.0230	0.0924	0.0794	0.2534
000050	L	0.001301	0.223752	0.053099	0.0327	0.2575	0.1120	0.0260	0.1135	0.0963	0.2628
000051	V	0.001511	0.245830	0.054762	0.0395	0.1942	0.1120	0.0340	0.1081	0.0869	0.2718
000052	S	0.001532	0.282777	0.056984	0.0387	0.1323	0.1280	0.0420	0.1067	0.0915	0.2829
000053	L	0.001632	0.335716	0.059978	0.0387	0.1759	0.1630	0.0420	0.1292	0.1120	0.2962
000054	G	0.002312	0.354856	0.063312	0.0304	0.2034	0.1750	0.0460	0.1383	0.1213	0.3085
000055	F	0.002661	0.362484	0.066518	0.0554	0.2034	0.2180	0.0700	0.1514	0.1226	0.3215
000056	S	0.027884	0.397464	0.069601	0.0607	0.2034	0.2360	0.0850	0.1659	0.1287	0.3361
000057	F	0.063871	0.412029	0.072539	0.0327	0.1969	0.2730	0.0950	0.1752	0.1350	0.3493
000058	S	0.115528	0.403796	0.075306	0.0660	0.2783	0.2530	0.0890	0.1987	0.1232	0.3597
000059	K	0.116843	0.411590	0.077500	0.0621	0.2884	0.2390	0.0820	0.1993	0.1259	0.3699
000060	P	0.118323	0.415351	0.079496	0.0677	0.2783	0.2220	0.0730	0.1968	0.1236	0.3792
000061	H	0.119823	0.413907	0.081787	0.1292	0.3740	0.2670	0.0970	0.2310	0.1292	0.3869
000062	L	0.146127	0.405287	0.084986	0.1921	0.3392	0.2880	0.1170	0.2426	0.1115	0.3948
000063	I	0.160456	0.448015	0.088816	0.2255	0.2849	0.2930	0.1210	0.2502	0.1132	0.4003
000064	S	0.217005	0.451380	0.091039	0.2432	0.3286	0.2980	0.1370	0.2715	0.1100	0.4040
000065	Q	0.248102	0.468996	0.091626	0.1805	0.3321	0.3020	0.1370	0.2705	0.1189	0.4101
000066	L	0.256218	0.464167	0.090738	0.2657	0.3494	0.2960	0.1310	0.2871	0.1120	0.4169
000067	E	0.208765	0.448959	0.089959	0.2657	0.3807	0.2400	0.0940	0.2723	0.1164	0.4216
000068	R	0.213980	0.388464	0.092817	0.3053	0.4801	0.1900	0.0690	0.2784	0.1291	0.4272
000069	G	0.221901	0.369766	0.098792	0.3399	0.4831	0.1510	0.0610	0.2774	0.1328	0.4324
000070	E	0.233916	0.335467	0.109390	0.3399	0.3910	0.1210	0.0490	0.2552	0.1093	0.4323
000071	G	0.219185	0.309184	0.122366	0.3146	0.3356	0.1040	0.0410	0.2341	0.0933	0.4289
000072	P	0.211783	0.284663	0.137023	0.2483	0.3286	0.1090	0.0510	0.2198	0.0776	0.4274
000073	W	0.161953	0.263129	0.151611	0.3225	0.3740	0.1140	0.0540	0.2312	0.0954	0.4291
000074	V	0.106013	0.239306	0.164349	0.4037	0.4476	0.1020	0.0420	0.2438	0.1369	0.4333
000075	A	0.062539	0.229514	0.175985	0.3885	0.3807	0.0990	0.0310	0.2227	0.1263	0.4401
000076	D	0.058918	0.230516	0.187274	0.3885	0.3840	0.1020	0.0260	0.2252	0.1266	0.4493
000077	I	0.054352	0.243225	0.198297	0.4245	0.3807	0.1090	0.0300	0.2351	0.1335	0.4623
000078	P	0.046486	0.268685	0.212883	0.4149	0.3704	0.1080	0.0300	0.2368	0.1317	0.4787
000079	R	0.033881	0.275978	0.232020	0.3806	0.3740	0.1220	0.0370	0.2364	0.1261	0.4968
000080	T	0.028341	0.293109	0.256122	0.3847	0.3774	0.1380	0.0400	0.2462	0.1277	0.5159
000081	W	0.028367	0.313698	0.282495	0.3806	0.3704	0.1680	0.0490	0.2573	0.1239	0.5366
000082	A	0.028570	0.363065	0.309968	0.3806	0.3774	0.1710	0.0540	0.2718	0.1304	0.5521
000083	T	0.045916	0.390071	0.337758	0.3491	0.3426	0.1800	0.0520	0.2742	0.1216	0.5650
000084	A	0.076318	0.437922	0.365018	0.4513	0.4330	0.1970	0.0640	0.3267	0.1416	0.5788
000085	G	0.097824	0.463222	0.391556	0.5126	0.4940	0.2480	0.0850	0.3679	0.1493	0.5876
000086	L	0.123814	0.510058	0.418704	0.5331	0.5176	0.3370	0.1080	0.4067	0.1437	0.5941
000087	H	0.153242	0.542466	0.446690	0.5331	0.5098	0.4090	0.1220	0.4324	0.1335	0.5929
000088	I	0.230216	0.598157	0.475915	0.5992	0.5951	0.5020	0.1510	0.5000	0.1303	0.5825
000089	G	0.278664	0.632748	0.505337	0.5623	0.5577	0.5050	0.1560	0.5070	0.1107	0.5645
000090	D	0.340209	0.670404	0.534548	0.5667	0.5620	0.5560	0.1550	0.5384	0.0987	0.5408
000091	R	0.406855	0.706419	0.562980	0.5667	0.5577	0.6280	0.1470	0.5715	0.0902	0.5131
000092	T	0.461617	0.736127	0.590674	0.6557	0.6948	0.6860	0.1420	0.6375	0.0902	0.4790
000093	Q	0.523804	0.757915	0.617276	0.6715	0.7209	0.7140	0.1190	0.6675	0.0778	0.4576
000094	S	0.596346	0.774048	0.643086	0.6870	0.7209	0.7080	0.1170	0.6882	0.0567	0.4405
000095	K	0.676838	0.792440	0.668386	0.6984	0.7505	0.7170	0.0960	0.7173	0.0431	0.4224
000096	T	0.754210	0.815109	0.693828	0.6944	0.7595	0.7520	0.0820	0.7448	0.0417	0.4094
000097	S	0.786353	0.833061	0.719163	0.7605	0.7595	0.7560	0.0750	0.7691	0.0347	0.3998
000098	T	0.838587	0.849554	0.743632	0.7688	0.7843	0.7710	0.0790	0.7927	0.0384	0.4078
000099	S	0.878800	0.863935	0.765273	0.7772	0.8565	0.8030	0.0750	0.8242	0.0442	0.4276
000100	T	0.914043	0.873312	0.784743	0.8074	0.8313	0.8240	0.0680	0.8392	0.0429	0.4533
000101	Q	0.949771	0.884144	0.802263	0.8074	0.8313	0.8360	0.0660	0.8519	0.0512	0.4900
000102	K	0.966778	0.893848	0.818379	0.7912	0.8530	0.8340	0.0780	0.8596	0.0573	0.5314
000103	H	0.981294	0.899382	0.833998	0.8001	0.8596	0.8390	0.0870	0.8689	0.0585	0.5796
000104	S	0.974575	0.908755	0.849813	0.8200	0.8530	0.8410	0.0910	0.8746	0.0522	0.6111
000105	G	0.969456	0.918667	0.867406	0.8311	0.8565	0.8440	0.0980	0.8812	0.0481	0.6397
000106	R	0.959726	0.928326	0.885689	0.8350	0.8565	0.8550	0.1100	0.8866	0.0441	0.6666
000107	Q	0.953414	0.937565	0.904422	0.8424	0.8623	0.8520	0.1160	0.8920	0.0427	0.6908
000108	L	0.943481	0.949205	0.923397	0.8457	0.8655	0.8520	0.1190	0.8966	0.0432	0.7131
000109	P	0.939098	0.956745	0.938905	0.8556	0.8681	0.8350	0.1270	0.8990	0.0473	0.7115
000110	G	0.939263	0.960934	0.949768	0.8595	0.8530	0.8440	0.1200	0.9010	0.0496	0.6977
000111	A	0.937930	0.963978	0.955548	0.8677	0.8313	0.8480	0.1150	0.9007	0.0534	0.6844
000112	D	0.936197	0.969107	0.959247	0.8457	0.8279	0.8380	0.1240	0.8960	0.0599	0.6599
000113	P	0.941735	0.971696	0.961673	0.8311	0.8235	0.8390	0.1290	0.8948	0.0643	0.6319
000114	Q	0.945673	0.973607	0.963553	0.8350	0.8125	0.8520	0.1300	0.8970	0.0654	0.5961
000115	G	0.952845	0.975919	0.965824	0.8424	0.7595	0.8600	0.1250	0.8927	0.0788	0.5725
000116	G	0.957010	0.977813	0.968700	0.8424	0.6755	0.8780	0.1080	0.8832	0.1053	0.5578
000117	K	0.961329	0.979790	0.971109	0.7951	0.6806	0.8850	0.1060	0.8788	0.1094	0.5602
000118	E	0.960664	0.980249	0.972199	0.7540	0.6755	0.8890	0.1070	0.8720	0.1172	0.5633
000119	G	0.960755	0.980258	0.971874	0.8074	0.7628	0.8950	0.1050	0.8963	0.0843	0.5754
000120	Q	0.949917	0.979891	0.970856	0.7817	0.7036	0.9010	0.1020	0.8812	0.1036	0.6028
000121	A	0.941511	0.979471	0.969625	0.7724	0.7120	0.9000	0.1050	0.8791	0.1016	0.6440
000122	A	0.932283	0.978534	0.968136	0.7644	0.7415	0.8960	0.1090	0.8801	0.0940	0.6710
000123	R	0.926540	0.977814	0.966968	0.7688	0.6482	0.8920	0.1090	0.8634	0.1182	0.6896
000124	S	0.928242	0.975951	0.965878	0.7317	0.6136	0.8910	0.1020	0.8511	0.1336	0.7114
000125	S	0.932430	0.974497	0.964503	0.6827	0.6183	0.8930	0.1030	0.8442	0.1407	0.7321
000126	V	0.937110	0.972194	0.962478	0.6756	0.6089	0.8940	0.1020	0.8417	0.1445	0.7447
000127	L	0.941406	0.970226	0.960493	0.6756	0.6043	0.8940	0.1010	0.8411	0.1456	0.7418
000128	Q	0.942397	0.968756	0.958749	0.6715	0.5758	0.8960	0.0990	0.8355	0.1540	0.7188
000129	R	0.954413	0.969201	0.957222	0.6681	0.5419	0.8960	0.0970	0.8311	0.1656	0.7017
000130	G	0.965749	0.968142	0.955091	0.6412	0.5456	0.9060	0.0890	0.8303	0.1710	0.6786
000131	A	0.978188	0.965962	0.953048	0.5992	0.5665	0.9130	0.0860	0.8292	0.1756	0.6543
000132	Q	0.986487	0.965424	0.950895	0.6124	0.6089	0.9150	0.0850	0.8398	0.1634	0.6214
000133	G	0.987561	0.963963	0.949152	0.6604	0.6375	0.9300	0.0690	0.8547	0.1467	0.5970
000134	L	0.989200	0.963556	0.946973	0.6412	0.6661	0.9350	0.0610	0.8571	0.1450	0.5775
000135	G	0.991460	0.960449	0.944770	0.6334	0.6755	0.9240	0.0690	0.8550	0.1437	0.5484
000136	Q	0.991601	0.956846	0.941588	0.6557	0.6806	0.9350	0.0640	0.8602	0.1372	0.5221
000137	S	0.990236	0.950603	0.936330	0.6906	0.7209	0.9260	0.0750	0.8691	0.1175	0.4995
000138	S	0.988591	0.938909	0.928505	0.7147	0.8050	0.9160	0.0770	0.8819	0.0929	0.4853
000139	A	0.982397	0.929521	0.920267	0.6715	0.7982	0.9050	0.0750	0.8678	0.1037	0.4762
000140	A	0.937871	0.921690	0.913312	0.6557	0.7982	0.8830	0.0920	0.8517	0.0987	0.4623
000141	G	0.916223	0.915917	0.907587	0.6650	0.6991	0.8720	0.1080	0.8293	0.1056	0.4488
000142	P	0.892677	0.908837	0.902104	0.6984	0.6427	0.8430	0.1170	0.8146	0.1053	0.4404
000143	Q	0.815976	0.901902	0.896719	0.6255	0.4901	0.8300	0.1450	0.7600	0.1515	0.4379
000144	G	0.732655	0.894415	0.890868	0.5762	0.5017	0.7800	0.1540	0.7293	0.1479	0.4298
000145	P	0.632412	0.882615	0.883946	0.5173	0.5901	0.7060	0.1490	0.7020	0.1398	0.4237
000146	K	0.532243	0.870752	0.875199	0.5331	0.4582	0.6930	0.1560	0.6604	0.1658	0.4210
000147	G	0.424247	0.858577	0.865653	0.5473	0.4507	0.6640	0.1590	0.6351	0.1780	0.4150
000148	A	0.320635	0.843721	0.855452	0.4420	0.4582	0.6270	0.1650	0.5912	0.2033	0.4110
000149	E	0.262333	0.829286	0.845108	0.4333	0.4409	0.5030	0.1610	0.5524	0.2143	0.4077
000150	K	0.183511	0.800009	0.834012	0.4651	0.3774	0.4530	0.1780	0.5188	0.2302	0.4085
000151	R	0.107868	0.765796	0.822240	0.4651	0.3948	0.4400	0.1870	0.4993	0.2395	0.4122
000152	Y	0.080700	0.732565	0.809413	0.4037	0.3983	0.4500	0.1670	0.4791	0.2398	0.4176
000153	L	0.055127	0.723286	0.795400	0.3717	0.3704	0.3630	0.1290	0.4465	0.2483	0.4234
000154	C	0.047640	0.699297	0.780194	0.3762	0.3566	0.2970	0.1200	0.4261	0.2474	0.4288
000155	Q	0.041813	0.672391	0.764538	0.3847	0.3631	0.2740	0.1330	0.4167	0.2419	0.4307
000156	Q	0.044426	0.657468	0.749131	0.3535	0.2783	0.3150	0.1680	0.3997	0.2376	0.4223
000157	C	0.047772	0.692285	0.734057	0.3399	0.2224	0.3700	0.1710	0.4010	0.2440	0.4147
000158	G	0.040230	0.686919	0.719131	0.2820	0.2193	0.3640	0.1810	0.3853	0.2450	0.4115
000159	K	0.031167	0.661455	0.704171	0.2657	0.2470	0.3940	0.1900	0.3840	0.2369	0.4115
000160	A	0.020477	0.655798	0.688514	0.2700	0.2470	0.4090	0.2160	0.3819	0.2349	0.4146
000161	F	0.014654	0.650333	0.672930	0.2483	0.1914	0.4550	0.2250	0.3721	0.2417	0.4203
000162	S	0.013691	0.651189	0.657876	0.2385	0.1399	0.4270	0.2220	0.3546	0.2453	0.4257
000163	R	0.014156	0.636603	0.643679	0.2385	0.2164	0.4100	0.2360	0.3600	0.2290	0.4314
000164	S	0.032027	0.627883	0.629563	0.2255	0.2715	0.4300	0.2130	0.3693	0.2169	0.4181
000165	S	0.054541	0.615842	0.615145	0.3146	0.3840	0.3750	0.1700	0.3933	0.1915	0.3996
000166	N	0.055925	0.599456	0.601259	0.2963	0.3807	0.3660	0.1530	0.3833	0.1868	0.3853
000167	L	0.061055	0.592671	0.588636	0.2700	0.3704	0.3700	0.1660	0.3754	0.1838	0.3682
000168	I	0.074264	0.575780	0.578124	0.3668	0.5176	0.3380	0.1580	0.4085	0.1766	0.3539
000169	K	0.092001	0.567854	0.569304	0.3806	0.4330	0.2980	0.1560	0.3901	0.1648	0.3474
000170	H	0.111451	0.562094	0.560467	0.4078	0.4087	0.3020	0.1620	0.3920	0.1553	0.3419
000171	R	0.115585	0.534198	0.551026	0.3491	0.3019	0.3340	0.1670	0.3644	0.1475	0.3387
000172	I	0.118141	0.510438	0.540671	0.3939	0.4087	0.3470	0.1690	0.3865	0.1374	0.3478
000173	I	0.098195	0.501661	0.531022	0.2913	0.4186	0.2950	0.1500	0.3560	0.1473	0.3644
000174	H	0.073174	0.505285	0.520701	0.3096	0.2849	0.2660	0.1520	0.3265	0.1525	0.3978
000175	S	0.068033	0.522726	0.510805	0.3005	0.2884	0.2590	0.1380	0.3249	0.1560	0.4166
000176	G	0.075758	0.530039	0.500804	0.1998	0.2918	0.2310	0.1140	0.3048	0.1624	0.3618
000177	E	0.109578	0.532407	0.493535	0.2041	0.2292	0.1920	0.0900	0.2934	0.1599	0.3110
000178	K	0.117424	0.533338	0.490011	0.2657	0.2129	0.1840	0.0770	0.3006	0.1560	0.2676
000179	P	0.104678	0.524563	0.490648	0.2531	0.2783	0.1560	0.0510	0.3012	0.1572	0.2335
000180	Y	0.110813	0.495034	0.493293	0.1732	0.2849	0.1690	0.0590	0.2877	0.1548	0.2073
000181	A	0.118354	0.478199	0.495312	0.1805	0.2752	0.1300	0.0450	0.2795	0.1551	0.1822
000182	C	0.123430	0.464337	0.495324	0.1766	0.1914	0.1150	0.0410	0.2611	0.1572	0.1577
000183	P	0.148424	0.471819	0.494338	0.2432	0.2292	0.1080	0.0420	0.2824	0.1492	0.1530
000184	E	0.151152	0.482991	0.493449	0.2292	0.2292	0.1140	0.0450	0.2833	0.1506	0.1544
000185	C	0.146027	0.488274	0.495198	0.2167	0.1671	0.1330	0.0580	0.2743	0.1559	0.1653
000186	G	0.109121	0.476809	0.498862	0.1667	0.1759	0.1330	0.0590	0.2601	0.1626	0.2018
000187	K	0.092779	0.457957	0.504079	0.1266	0.1852	0.1480	0.0680	0.2525	0.1645	0.2444
000188	L	0.092943	0.445400	0.507196	0.1292	0.1852	0.1600	0.0800	0.2533	0.1612	0.2931
000189	F	0.095263	0.457371	0.508484	0.1117	0.1914	0.1670	0.0850	0.2551	0.1649	0.3393
000190	R	0.095159	0.460965	0.508687	0.0991	0.1251	0.1720	0.0930	0.2435	0.1730	0.3800
000191	R	0.100956	0.487050	0.510542	0.1566	0.1942	0.1700	0.0880	0.2699	0.1644	0.4234
000192	S	0.102123	0.501830	0.511691	0.1322	0.2064	0.1640	0.0760	0.2697	0.1706	0.4013
000193	F	0.131156	0.469064	0.510600	0.1998	0.3321	0.1500	0.0610	0.2988	0.1500	0.3590
000194	A	0.140274	0.440372	0.508066	0.1732	0.3087	0.1390	0.0480	0.2849	0.1468	0.3452
000195	L	0.148865	0.457988	0.505974	0.1698	0.3053	0.1340	0.0550	0.2870	0.1493	0.3370
000196	L	0.166313	0.464526	0.504720	0.2657	0.4619	0.1380	0.0560	0.3336	0.1492	0.3370
000197	E	0.200251	0.492876	0.501924	0.2700	0.3807	0.1380	0.0510	0.3305	0.1391	0.3572
000198	H	0.253778	0.497564	0.499578	0.2913	0.3566	0.1540	0.0560	0.3421	0.1258	0.3747
000199	Q	0.287309	0.509088	0.499828	0.2786	0.2715	0.1950	0.0690	0.3403	0.1199	0.3929
000200	R	0.343563	0.512829	0.503156	0.3359	0.3704	0.2440	0.0880	0.3849	0.0954	0.4234
000201	I	0.355648	0.529676	0.507956	0.2333	0.3667	0.2460	0.0990	0.3732	0.1146	0.4130
000202	H	0.370773	0.553862	0.511149	0.2657	0.2193	0.2380	0.0920	0.3599	0.1317	0.3717
000203	S	0.383659	0.583820	0.513160	0.2657	0.2164	0.2250	0.0730	0.3646	0.1424	0.3138
000204	G	0.370972	0.589980	0.512474	0.2385	0.2988	0.2100	0.0530	0.3701	0.1394	0.2580
000205	E	0.386393	0.591309	0.510973	0.2657	0.3182	0.1800	0.0470	0.3754	0.1406	0.2152
000206	K	0.391967	0.594035	0.509533	0.3263	0.2884	0.1640	0.0340	0.3791	0.1418	0.1804
000207	P	0.341904	0.588054	0.510313	0.3847	0.3460	0.1690	0.0390	0.3901	0.1333	0.1535
000208	Y	0.319915	0.565358	0.510068	0.2963	0.3494	0.1910	0.0520	0.3720	0.1280	0.1324
000209	A	0.276027	0.542556	0.505172	0.3053	0.3356	0.1450	0.0420	0.3516	0.1359	0.1123
000210	C	0.250610	0.510163	0.494593	0.3005	0.3215	0.1190	0.0420	0.3328	0.1361	0.0924
000211	P	0.204813	0.510003	0.481794	0.3005	0.3215	0.0980	0.0280	0.3195	0.1444	0.0855
000212	E	0.175136	0.503469	0.470554	0.3630	0.3149	0.1140	0.0230	0.3235	0.1424	0.0797
000213	C	0.169455	0.508899	0.462696	0.3668	0.2470	0.1530	0.0550	0.3180	0.1378	0.0800
000214	S	0.127257	0.506236	0.457534	0.3146	0.2541	0.1510	0.0490	0.3018	0.1424	0.0950
000215	K	0.080904	0.491517	0.453953	0.2748	0.2609	0.1900	0.0530	0.2919	0.1428	0.1135
000216	T	0.064589	0.493997	0.447951	0.2748	0.2645	0.2130	0.0640	0.2931	0.1439	0.1362
000217	F	0.043168	0.488546	0.439462	0.2531	0.2164	0.2390	0.0710	0.2799	0.1480	0.1630
000218	T	0.020487	0.482168	0.429217	0.2333	0.1476	0.2210	0.0610	0.2556	0.1582	0.1917
000219	R	0.008217	0.485851	0.421248	0.2531	0.2193	0.1730	0.0450	0.2601	0.1579	0.2306
000220	S	0.010984	0.483818	0.415181	0.2167	0.2364	0.1710	0.0420	0.2556	0.1563	0.2755
000221	S	0.015847	0.472289	0.409668	0.3005	0.3740	0.1390	0.0390	0.2852	0.1595	0.3291
000222	N	0.016751	0.457212	0.403844	0.2700	0.3529	0.1280	0.0260	0.2714	0.1550	0.3698
000223	L	0.018117	0.453470	0.400302	0.2602	0.3566	0.1260	0.0340	0.2692	0.1540	0.4137
000224	I	0.019013	0.440108	0.399395	0.3668	0.5254	0.1170	0.0350	0.3113	0.1809	0.4213
000225	K	0.020407	0.446666	0.399199	0.3668	0.4330	0.1130	0.0530	0.2966	0.1666	0.4219
000226	H	0.024908	0.440511	0.398100	0.3939	0.4087	0.1190	0.0650	0.2976	0.1624	0.4171
000227	Q	0.024896	0.420599	0.397383	0.3005	0.2541	0.1220	0.0700	0.2533	0.1416	0.4103
000228	V	0.024646	0.391700	0.397806	0.3630	0.3392	0.1200	0.0650	0.2727	0.1456	0.4250
000229	I	0.021259	0.377680	0.397537	0.2657	0.3392	0.1050	0.0540	0.2511	0.1411	0.4230
000230	H	0.016801	0.376030	0.393688	0.2657	0.1852	0.0890	0.0380	0.2210	0.1393	0.3892
000231	S	0.015363	0.383865	0.387227	0.2602	0.1881	0.0880	0.0340	0.2204	0.1395	0.3332
000232	G	0.015810	0.385943	0.379307	0.1635	0.1942	0.0900	0.0390	0.2047	0.1379	0.2805
000233	E	0.024209	0.382497	0.373283	0.1667	0.1373	0.0850	0.0340	0.1948	0.1369	0.2352
000234	R	0.033236	0.377363	0.370941	0.2209	0.1206	0.0950	0.0440	0.2030	0.1330	0.2008
000235	P	0.037264	0.360639	0.373372	0.1958	0.1702	0.0820	0.0330	0.2032	0.1272	0.1767
000236	F	0.047518	0.324884	0.378885	0.1292	0.1731	0.0800	0.0280	0.1889	0.1226	0.1605
000237	A	0.058154	0.316887	0.383105	0.1380	0.1611	0.0680	0.0230	0.1875	0.1220	0.1394
000238	C	0.066765	0.304726	0.384157	0.1292	0.0948	0.0670	0.0240	0.1744	0.1242	0.1166
000239	G	0.080183	0.319235	0.383804	0.1766	0.1092	0.0640	0.0240	0.1889	0.1217	0.1175
000240	D	0.087347	0.316491	0.384882	0.1532	0.1070	0.0660	0.0260	0.1859	0.1211	0.1231
000241	C	0.087067	0.324613	0.389696	0.1456	0.0690	0.0790	0.0350	0.1825	0.1273	0.1379
000242	G	0.082622	0.315331	0.396700	0.1041	0.0734	0.0790	0.0330	0.1753	0.1303	0.1882
000243	K	0.077375	0.291449	0.404995	0.0723	0.0765	0.0990	0.0470	0.1702	0.1303	0.2496
000244	L	0.071473	0.298257	0.410537	0.0723	0.0646	0.1160	0.0620	0.1723	0.1338	0.3261
000245	F	0.068980	0.294235	0.414335	0.0621	0.0646	0.1350	0.0770	0.1732	0.1349	0.3971
000246	R	0.066342	0.300641	0.417715	0.0441	0.0414	0.1390	0.0800	0.1682	0.1429	0.4122
000247	R	0.068876	0.328319	0.423280	0.0771	0.0749	0.1470	0.0810	0.1865	0.1391	0.3558
000248	S	0.081759	0.345026	0.430472	0.0607	0.0835	0.1630	0.0850	0.1940	0.1428	0.2988
000249	F	0.102500	0.352856	0.437745	0.1018	0.1881	0.1610	0.0830	0.2240	0.1273	0.2468
000250	A	0.116946	0.339178	0.446899	0.0991	0.1914	0.1460	0.0650	0.2233	0.1272	0.2334
000251	L	0.128096	0.371314	0.457453	0.0965	0.1942	0.1440	0.0560	0.2319	0.1345	0.2277
000252	L	0.140389	0.391567	0.469242	0.1732	0.3631	0.1480	0.0570	0.2810	0.1313	0.2313
000253	E	0.158792	0.431357	0.479510	0.1732	0.2884	0.1460	0.0620	0.2795	0.1334	0.2613
000254	H	0.218472	0.468006	0.489792	0.1921	0.2645	0.1690	0.0660	0.3004	0.1296	0.2882
000255	A	0.259088	0.489370	0.501831	0.1878	0.1791	0.1950	0.0710	0.3021	0.1393	0.3158
000256	R	0.322092	0.501697	0.516074	0.2558	0.2817	0.2200	0.0790	0.3496	0.1167	0.3613
000257	V	0.373595	0.523401	0.530949	0.1635	0.2783	0.2170	0.0860	0.3477	0.1420	0.4049
000258	H	0.427469	0.552617	0.544369	0.1878	0.1349	0.2200	0.0890	0.3446	0.1703	0.4069
000259	S	0.482569	0.583535	0.557096	0.1844	0.1373	0.2440	0.1000	0.3648	0.1815	0.3300
000260	G	0.507032	0.597393	0.569177	0.1698	0.2164	0.2410	0.1030	0.3835	0.1776	0.2611
000261	E	0.527219	0.609281	0.581184	0.1958	0.2164	0.1980	0.0820	0.3880	0.1862	0.2129
000262	R	0.546205	0.611498	0.593611	0.2602	0.1942	0.1860	0.0710	0.3987	0.1876	0.1793
000263	P	0.537338	0.609210	0.606611	0.3053	0.2470	0.1840	0.0650	0.4149	0.1747	0.1562
000264	Y	0.551357	0.589051	0.619551	0.2255	0.2503	0.1920	0.0700	0.4046	0.1839	0.1407
000265	A	0.540799	0.573061	0.628079	0.2483	0.2436	0.1760	0.0690	0.4016	0.1824	0.1255
000266	C	0.515529	0.552766	0.632221	0.2820	0.2575	0.1680	0.0660	0.4013	0.1726	0.1089
000267	P	0.512442	0.573974	0.633023	0.2865	0.2575	0.1680	0.0670	0.4053	0.1751	0.1085
000268	E	0.483571	0.580104	0.633282	0.3535	0.2436	0.1900	0.0820	0.4140	0.1650	0.1082
000269	C	0.478202	0.594141	0.634879	0.3717	0.1881	0.2060	0.0910	0.4121	0.1740	0.1154
000270	G	0.473696	0.601165	0.638406	0.3311	0.1942	0.2120	0.0960	0.4084	0.1755	0.1456
000271	K	0.468253	0.597667	0.643981	0.2963	0.2034	0.2480	0.1150	0.4095	0.1710	0.1798
000272	A	0.435678	0.607895	0.646203	0.2913	0.2094	0.2720	0.1300	0.4104	0.1678	0.2194
000273	F	0.410741	0.604735	0.644387	0.2865	0.2094	0.2930	0.1270	0.4081	0.1644	0.2596
000274	S	0.379643	0.582441	0.639863	0.2657	0.1942	0.2930	0.1280	0.3924	0.1647	0.2934
000275	R	0.359601	0.608156	0.638176	0.3399	0.2817	0.2860	0.1210	0.4189	0.1473	0.3298
000276	S	0.360572	0.630060	0.638392	0.3535	0.3053	0.2800	0.1000	0.4281	0.1483	0.3667
000277	S	0.403007	0.629273	0.639751	0.4556	0.4582	0.2530	0.0930	0.4731	0.1329	0.4065
000278	N	0.414583	0.633203	0.642174	0.4379	0.4409	0.2500	0.0880	0.4697	0.1353	0.4295
000279	L	0.428369	0.660696	0.646262	0.4282	0.4441	0.2530	0.0950	0.4768	0.1404	0.4163
000280	I	0.464410	0.665942	0.651616	0.5331	0.6576	0.2360	0.0890	0.5348	0.1527	0.4066
000281	E	0.506902	0.671248	0.654498	0.5412	0.5533	0.2210	0.0730	0.5247	0.1483	0.4193
000282	H	0.543039	0.666862	0.655399	0.5667	0.5296	0.2280	0.0720	0.5317	0.1454	0.4259
000283	Q	0.557641	0.654672	0.655993	0.5229	0.4017	0.2640	0.1030	0.5095	0.1396	0.4326
000284	R	0.565624	0.647199	0.657743	0.5762	0.4940	0.2760	0.1080	0.5361	0.1285	0.4189
000285	T	0.517602	0.645140	0.659699	0.4651	0.5139	0.2320	0.0980	0.5056	0.1413	0.4064
000286	H	0.474994	0.648999	0.659098	0.4651	0.3631	0.2310	0.0880	0.4736	0.1508	0.3955
000287	R	0.449214	0.652416	0.657189	0.4825	0.3494	0.2630	0.0820	0.4757	0.1449	0.3719
000288	G	0.404722	0.653248	0.654479	0.3668	0.3599	0.2680	0.0900	0.4513	0.1490	0.3498
000289	E	0.337809	0.650647	0.652103	0.3491	0.3321	0.2430	0.0950	0.4274	0.1621	0.3340
000290	K	0.272033	0.644292	0.650020	0.4078	0.3117	0.2430	0.1020	0.4215	0.1675	0.3232
000291	P	0.197508	0.630923	0.648652	0.4245	0.3704	0.1880	0.0640	0.4100	0.1835	0.3184
000292	Y	0.150001	0.604469	0.648522	0.3535	0.3704	0.1890	0.0640	0.3861	0.1881	0.3177
000293	A	0.109125	0.584170	0.646605	0.3630	0.3182	0.1610	0.0500	0.3637	0.1985	0.3141
000294	C	0.077288	0.559016	0.642721	0.3578	0.3053	0.1560	0.0440	0.3497	0.2014	0.3087
000295	G	0.034956	0.569788	0.636602	0.3005	0.3117	0.1530	0.0440	0.3345	0.2125	0.3162
000296	Q	0.013211	0.564641	0.632270	0.3146	0.2575	0.1630	0.0580	0.3242	0.2160	0.3248
000297	C	0.010197	0.570759	0.631170	0.3263	0.1969	0.1740	0.0740	0.3183	0.2206	0.3361
000298	A	0.004898	0.567194	0.634587	0.2700	0.2002	0.1850	0.0930	0.3103	0.2213	0.3648
000299	K	0.001304	0.552092	0.641853	0.2432	0.2129	0.2180	0.1170	0.3115	0.2185	0.3923
000300	A	0.001248	0.574363	0.649977	0.2385	0.2224	0.2410	0.1230	0.3213	0.2227	0.4187
000301	F	0.001664	0.584233	0.657095	0.2255	0.2258	0.2820	0.1450	0.3294	0.2249	0.4273
000302	K	0.002068	0.594288	0.663013	0.2041	0.2002	0.2920	0.1500	0.3259	0.2318	0.4136
000303	G	0.003123	0.613512	0.671908	0.2820	0.2918	0.3080	0.1640	0.3617	0.2245	0.4048
000304	V	0.006685	0.636750	0.684651	0.3005	0.3053	0.3240	0.1630	0.3762	0.2284	0.3970
000305	S	0.012510	0.630918	0.699411	0.4116	0.4476	0.2960	0.1430	0.4164	0.2253	0.3948
000306	Q	0.014337	0.642707	0.714273	0.4078	0.4507	0.3010	0.1330	0.4218	0.2295	0.4011
000307	L	0.016158	0.659231	0.729079	0.3847	0.4476	0.3490	0.1280	0.4310	0.2317	0.4071
000308	I	0.017857	0.674756	0.743834	0.4879	0.6482	0.3750	0.1190	0.4913	0.2449	0.4117
000309	H	0.025373	0.706863	0.756605	0.5173	0.5620	0.3900	0.1270	0.4930	0.2415	0.4163
000310	H	0.046090	0.733953	0.767444	0.5374	0.5382	0.4220	0.1230	0.5075	0.2384	0.4219
000311	Q	0.061799	0.748725	0.777685	0.4781	0.4186	0.4500	0.1330	0.4892	0.2380	0.4229
000312	R	0.076132	0.760421	0.788491	0.5331	0.5176	0.4690	0.1320	0.5241	0.2344	0.4246
000313	S	0.091734	0.772468	0.799928	0.4149	0.5176	0.3970	0.1220	0.4990	0.2412	0.4265
000314	H	0.109498	0.785922	0.810680	0.4333	0.3807	0.3830	0.1220	0.4839	0.2455	0.4298
000315	S	0.122352	0.793628	0.820978	0.4781	0.4256	0.3650	0.1310	0.5009	0.2436	0.4330
000316	G	0.147586	0.800637	0.829501	0.3668	0.4369	0.3520	0.1420	0.4889	0.2470	0.4279
000317	E	0.174219	0.805445	0.837505	0.3630	0.4051	0.3070	0.1340	0.4821	0.2504	0.4241
000318	R	0.234421	0.801894	0.844299	0.4149	0.3840	0.3020	0.1310	0.4970	0.2380	0.4218
000319	P	0.242203	0.797707	0.851117	0.4379	0.4441	0.3000	0.1320	0.5122	0.2325	0.4209
000320	F	0.254550	0.784825	0.858299	0.3717	0.4369	0.3490	0.1340	0.5093	0.2282	0.4213
000321	A	0.268005	0.782277	0.864980	0.3806	0.4330	0.3350	0.1390	0.5107	0.2280	0.4217
000322	C	0.277693	0.757917	0.870506	0.3668	0.4149	0.3320	0.1400	0.5032	0.2260	0.4207
000323	R	0.282849	0.786555	0.874958	0.3630	0.4087	0.3380	0.1380	0.5090	0.2319	0.4187
000324	E	0.291380	0.798273	0.881440	0.3668	0.3566	0.3790	0.1470	0.5122	0.2346	0.4184
000325	C	0.287532	0.813136	0.890644	0.3668	0.3426	0.3890	0.1530	0.5150	0.2413	0.4197
000326	G	0.348981	0.819301	0.902206	0.3184	0.3599	0.3820	0.1600	0.5219	0.2415	0.4228
000327	K	0.380447	0.814481	0.913886	0.3263	0.3704	0.4150	0.1650	0.5368	0.2347	0.4263
000328	A	0.449480	0.824842	0.922340	0.3491	0.3774	0.4370	0.1650	0.5601	0.2260	0.4292
000329	F	0.521575	0.837511	0.926803	0.3311	0.3774	0.4980	0.1690	0.5820	0.2235	0.4323
000330	R	0.529544	0.843335	0.928766	0.2963	0.3149	0.5110	0.1550	0.5706	0.2410	0.4335
000331	G	0.537514	0.850361	0.930998	0.3762	0.4087	0.5420	0.1420	0.6076	0.2105	0.4321
000332	R	0.611894	0.855005	0.932844	0.3456	0.4220	0.6140	0.1340	0.6302	0.2110	0.4333
000333	S	0.693394	0.848024	0.932521	0.4420	0.5665	0.6230	0.1300	0.6843	0.1658	0.4373
000334	G	0.720807	0.843274	0.930916	0.4333	0.5577	0.6870	0.1250	0.6955	0.1662	0.4429
000335	L	0.677678	0.851973	0.928425	0.4282	0.5665	0.7420	0.1660	0.6991	0.1679	0.4507
000336	S	0.651952	0.845809	0.925579	0.5296	0.7672	0.7520	0.1610	0.7453	0.1280	0.4563
000337	Q	0.634692	0.843244	0.921162	0.5331	0.6712	0.7590	0.1630	0.7271	0.1301	0.4589
000338	H	0.606328	0.839358	0.915865	0.5549	0.6661	0.7590	0.1490	0.7236	0.1272	0.4634
000339	R	0.638947	0.830277	0.910242	0.4967	0.5211	0.7710	0.1400	0.6947	0.1544	0.4626
000340	R	0.668962	0.821400	0.905326	0.5549	0.6227	0.7710	0.1140	0.7240	0.1200	0.4585
000341	V	0.640625	0.815065	0.900958	0.4420	0.6136	0.7240	0.1410	0.6893	0.1478	0.4550
000342	H	0.616433	0.809337	0.896471	0.4458	0.4619	0.6600	0.1630	0.6483	0.1655	0.4486
000343	S	0.606138	0.805019	0.892162	0.4379	0.4582	0.6710	0.1330	0.6451	0.1667	0.4320
000344	G	0.600411	0.801500	0.886442	0.3225	0.4685	0.6660	0.1530	0.6242	0.1905	0.4141
000345	E	0.593056	0.791482	0.879073	0.3263	0.4507	0.6070	0.1560	0.6079	0.1877	0.3925
000346	K	0.578397	0.778083	0.871187	0.3847	0.4330	0.6030	0.1700	0.6080	0.1730	0.3719
000347	P	0.556858	0.768453	0.864865	0.3630	0.4409	0.5530	0.1940	0.5912	0.1749	0.3545
000348	Y	0.542997	0.754815	0.860078	0.2748	0.4330	0.5600	0.1840	0.5710	0.1937	0.3344
000349	E	0.532593	0.738628	0.854897	0.2820	0.4292	0.4690	0.1990	0.5510	0.1923	0.3096
000350	C	0.470411	0.714504	0.848395	0.2913	0.4087	0.4120	0.1690	0.5241	0.1934	0.2913
000351	S	0.398577	0.704802	0.841326	0.3005	0.4051	0.3240	0.1480	0.4958	0.2034	0.2879
000352	D	0.359062	0.696004	0.834295	0.3311	0.3983	0.3010	0.1400	0.4867	0.2030	0.2846
000353	C	0.319460	0.691221	0.829261	0.3456	0.3117	0.2930	0.1320	0.4651	0.2130	0.2929
000354	G	0.254066	0.670935	0.825656	0.2963	0.3215	0.2880	0.1330	0.4428	0.2215	0.3324
000355	K	0.189196	0.658509	0.823582	0.2385	0.3356	0.3240	0.1390	0.4282	0.2317	0.3810
000356	A	0.138492	0.655665	0.821125	0.2531	0.3494	0.3690	0.1380	0.4312	0.2346	0.4408
000357	F	0.083302	0.655717	0.819377	0.2483	0.3249	0.4350	0.1230	0.4277	0.2473	0.5003
000358	G	0.027210	0.649582	0.818585	0.2333	0.2645	0.4470	0.1590	0.4067	0.2660	0.5509
000359	R	0.016897	0.657973	0.820215	0.2865	0.3599	0.4440	0.1330	0.4309	0.2584	0.6129
000360	R	0.068568	0.668379	0.822665	0.2531	0.3599	0.4420	0.1240	0.4358	0.2509	0.6811
000361	A	0.132985	0.664156	0.824858	0.3762	0.4725	0.4600	0.1370	0.4884	0.2176	0.7423
000362	N	0.142001	0.671225	0.826353	0.3668	0.4864	0.4940	0.1390	0.4979	0.2168	0.7872
000363	L	0.206356	0.671055	0.828828	0.3456	0.4940	0.5740	0.1430	0.5200	0.2044	0.8338
000364	F	0.295376	0.675606	0.832945	0.4703	0.6906	0.5510	0.1370	0.5859	0.1727	0.8597
000365	K	0.395075	0.682647	0.836618	0.4825	0.6661	0.5140	0.1270	0.5961	0.1474	0.8637
000366	H	0.418137	0.686674	0.839871	0.5008	0.6661	0.5710	0.1010	0.6138	0.1366	0.8688
000367	Q	0.422828	0.687837	0.843362	0.4879	0.6661	0.6340	0.0790	0.6237	0.1373	0.8652
000368	A	0.443986	0.693583	0.848725	0.5667	0.7595	0.6840	0.0950	0.6660	0.1306	0.8659
000369	V	0.483582	0.704931	0.855314	0.5473	0.7595	0.6570	0.1280	0.6679	0.1248	0.8665
000370	H	0.518303	0.719572	0.861860	0.5412	0.7331	0.6850	0.1240	0.6765	0.1175	0.8604
000371	G	0.616957	0.739776	0.867408	0.5374	0.7331	0.7200	0.1180	0.7024	0.1036	0.8471
000372	A	0.635234	0.764279	0.871733	0.5412	0.7672	0.7480	0.1290	0.7212	0.1058	0.8351
000373	R	0.643765	0.780250	0.875648	0.5549	0.6991	0.7690	0.1400	0.7204	0.1031	0.8213
000374	R	0.643308	0.792392	0.879584	0.6219	0.7459	0.7930	0.1470	0.7460	0.0896	0.8087
000375	P	0.722238	0.802626	0.884808	0.6474	0.8279	0.8140	0.1460	0.7832	0.0773	0.8035
000376	A	0.821756	0.814943	0.891720	0.6255	0.8462	0.8400	0.1380	0.8066	0.0847	0.8107
000377	K	0.906306	0.828711	0.899148	0.6255	0.8313	0.8530	0.1280	0.8240	0.0938	0.8098
000378	A	0.915758	0.836407	0.905415	0.6293	0.8125	0.8800	0.1140	0.8298	0.0967	0.8103
000379	E	0.925458	0.846446	0.910636	0.6474	0.8343	0.8950	0.0940	0.8431	0.0934	0.8027
000380	T	0.926674	0.857297	0.916604	0.6906	0.8713	0.9030	0.0780	0.8610	0.0800	0.8069
000381	A	0.953917	0.868425	0.924211	0.6944	0.8765	0.9000	0.0750	0.8696	0.0834	0.8190
000382	R	0.964532	0.879898	0.932475	0.7034	0.8765	0.8880	0.0820	0.8741	0.0826	0.8285
000383	R	0.974656	0.893593	0.941336	0.7458	0.8853	0.8850	0.0860	0.8876	0.0714	0.8333
000384	L	0.982841	0.908562	0.948956	0.7388	0.8655	0.9040	0.0660	0.8915	0.0776	0.8381
000385	A	0.988844	0.917918	0.955886	0.7317	0.8162	0.9030	0.0650	0.8856	0.0870	0.8234
000386	G	0.991426	0.928006	0.961047	0.6944	0.7799	0.9020	0.0750	0.8760	0.1050	0.8080
000387	P	0.992860	0.936441	0.965824	0.6906	0.7799	0.9050	0.0740	0.8784	0.1078	0.7941
000388	G	0.994163	0.944201	0.969097	0.6756	0.7799	0.9190	0.0620	0.8802	0.1143	0.7948
000389	S	0.994632	0.949910	0.971066	0.6870	0.7951	0.9250	0.0550	0.8870	0.1099	0.7997
000390	T	0.994854	0.953708	0.972112	0.6984	0.8198	0.9310	0.0550	0.8949	0.1040	0.8111
000391	G	0.996305	0.957390	0.973438	0.6944	0.8462	0.9300	0.0530	0.8997	0.1033	0.8179
000392	P	0.997754	0.963134	0.975603	0.7317	0.8655	0.9210	0.0570	0.9092	0.0901	0.8239
000393	G	0.998221	0.968867	0.977622	0.7342	0.8765	0.9190	0.0610	0.9123	0.0893	0.8396
000394	S	0.998665	0.973085	0.979127	0.7317	0.8681	0.9090	0.0690	0.9100	0.0914	0.8569
000395	A	0.999105	0.977521	0.980316	0.7817	0.9081	0.9000	0.0740	0.9244	0.0739	0.8739
000396	V	0.999289	0.982314	0.981847	0.8001	0.9081	0.9040	0.0740	0.9293	0.0686	0.8930
000397	A	0.999369	0.987209	0.983109	0.8118	0.9013	0.9050	0.0740	0.9313	0.0662	0.9058
000398	A	0.999439	0.991388	0.982998	0.7817	0.8920	0.9080	0.0760	0.9259	0.0766	0.9146
000399	T	0.998824	0.994283	0.981494	0.7688	0.9081	0.9110	0.0760	0.9271	0.0799	0.9166
000400	S	0.998606	0.995939	0.978693	0.7869	0.9081	0.9200	0.0680	0.9313	0.0736	0.9173
000401	P	0.998617	0.996690	0.976380	0.7951	0.9126	0.9190	0.0680	0.9330	0.0706	0.9178
000402	P	0.998650	0.997295	0.974811	0.7869	0.9269	0.9190	0.0620	0.9340	0.0727	0.9198
000403	R	0.998705	0.997824	0.974238	0.7912	0.9106	0.9380	0.0440	0.9351	0.0717	0.9208
000404	P	0.998733	0.998259	0.973641	0.8001	0.9168	0.9500	0.0350	0.9395	0.0685	0.9182
000405	S	0.998700	0.998631	0.972812	0.8001	0.9230	0.9570	0.0290	0.9417	0.0684	0.9177
000406	T	0.998663	0.998792	0.971883	0.8283	0.9269	0.9650	0.0250	0.9483	0.0589	0.9177
000407	A	0.998676	0.998889	0.971014	0.8713	0.9488	0.9960	0.0040	0.9642	0.0454	0.9221
000408	A	0.999381	0.998976	0.970200	0.9068	0.9577	0.9900	0.0130	0.9705	0.0323	0.9245
000409	R	0.999648	0.999037	0.969388	0.9348	0.9664	0.9720	0.0460	0.9736	0.0220	0.9231
000410	P	0.999689	0.999107	0.968544	0.9491	0.9677	0.9610	0.0660	0.9742	0.0189	0.9209
000411	S	0.999712	0.999188	0.967638	0.9653	0.9711	0.9950	0.0070	0.9829	0.0151	0.9215
000412	R	0.999749	0.999298	0.966483	0.9731	0.9649	0.9910	0.0110	0.9825	0.0148	0.9233
000413	P	0.999960	0.999402	0.965269	0.9782	0.9534	0.9880	0.0160	0.9807	0.0171	0.9230
000414	S	0.999980	0.999478	0.964028	0.9836	0.9519	0.9790	0.0250	0.9797	0.0175	0.9229
000415	R	0.999984	0.999543	0.962717	0.9899	0.9346	0.9570	0.0500	0.9739	0.0243	0.9255
000416	R	0.999990	0.999584	0.962014	0.9960	0.9396	0.9370	0.0700	0.9724	0.0273	0.9252