RESNUM	RES	VL-XT	VSL2B	VL3	IUPred-S	IUPred-L	PONDRFIT	FITERROR	MDP	MDPERROR	ANCHOR2
000001	M	0.998660	0.711355	0.633023	0.9760	0.9230	0.9970	0.0040	0.8732	0.1461	0.4463
000002	D	0.996255	0.749214	0.627865	0.9665	0.9151	0.9980	0.0030	0.8754	0.1394	0.4387
000003	R	0.995585	0.747729	0.618333	0.9553	0.9168	0.9980	0.0030	0.8719	0.1413	0.4309
000004	P	0.990167	0.702848	0.610663	0.9280	0.8713	0.9820	0.0230	0.8476	0.1430	0.4265
000005	G	0.989284	0.685762	0.606065	0.9103	0.8765	0.9770	0.0270	0.8408	0.1448	0.4286
000006	P	0.973106	0.672925	0.604571	0.8457	0.8235	0.9580	0.0400	0.8129	0.1359	0.4310
000007	G	0.952263	0.708188	0.603298	0.8074	0.7163	0.9620	0.0200	0.7916	0.1312	0.4383
000008	S	0.916599	0.707354	0.601019	0.7317	0.7289	0.9680	0.0170	0.7757	0.1267	0.4510
000009	A	0.866411	0.675218	0.596729	0.6174	0.6183	0.9690	0.0190	0.7239	0.1423	0.4632
000010	R	0.787494	0.633018	0.589402	0.5846	0.6322	0.9450	0.0410	0.6953	0.1305	0.4687
000011	P	0.733504	0.598762	0.580433	0.4651	0.5901	0.9250	0.0750	0.6488	0.1458	0.4776
000012	G	0.668438	0.559915	0.571035	0.4918	0.6183	0.9440	0.0570	0.6423	0.1455	0.4922
000013	R	0.660439	0.502013	0.564156	0.4379	0.5139	0.9470	0.0620	0.6042	0.1675	0.5061
000014	T	0.651791	0.458462	0.557901	0.4420	0.5211	0.9360	0.0810	0.5945	0.1675	0.5276
000015	V	0.655791	0.416909	0.551142	0.3491	0.4507	0.9200	0.1060	0.5572	0.1896	0.5482
000016	H	0.676028	0.329744	0.539342	0.3578	0.4441	0.9060	0.1210	0.5422	0.1997	0.5624
000017	V	0.707654	0.309370	0.524051	0.3005	0.4256	0.9030	0.1220	0.5283	0.2171	0.5736
000018	W	0.751580	0.317138	0.505410	0.2913	0.4256	0.8930	0.1250	0.5307	0.2216	0.5770
000019	G	0.824613	0.337531	0.490413	0.2865	0.4256	0.7790	0.1710	0.5239	0.2070	0.5712
000020	Y	0.852851	0.291409	0.478802	0.3096	0.4441	0.7430	0.1990	0.5200	0.2100	0.5605
000021	R	0.897225	0.317265	0.470926	0.3053	0.3872	0.5590	0.1940	0.4895	0.2023	0.5524
000022	V	0.871721	0.325996	0.462636	0.2963	0.3740	0.4400	0.1930	0.4618	0.1924	0.5485
000023	E	0.845245	0.327149	0.455760	0.2292	0.3948	0.3350	0.1490	0.4311	0.1976	0.5356
000024	W	0.824519	0.352490	0.449227	0.2558	0.3910	0.3210	0.1270	0.4324	0.1851	0.5322
000025	K	0.805825	0.360395	0.442809	0.2657	0.3840	0.3030	0.1220	0.4270	0.1786	0.5181
000026	V	0.809394	0.373881	0.434077	0.3096	0.3392	0.3130	0.1220	0.4298	0.1749	0.4981
000027	R	0.815546	0.389311	0.426758	0.3005	0.3215	0.3420	0.1390	0.4326	0.1763	0.4782
000028	N	0.820108	0.408301	0.422845	0.2657	0.3667	0.3640	0.1400	0.4414	0.1767	0.4636
000029	G	0.843421	0.419630	0.424392	0.3263	0.4476	0.3780	0.1200	0.4732	0.1701	0.4561
000030	R	0.858700	0.438677	0.428052	0.3263	0.4476	0.4030	0.1160	0.4838	0.1724	0.4516
000031	K	0.888853	0.453469	0.432626	0.3939	0.5342	0.4060	0.1120	0.5182	0.1718	0.4512
000032	L	0.840905	0.462721	0.438910	0.4078	0.4725	0.4700	0.0950	0.5154	0.1472	0.4480
000033	Q	0.851469	0.478188	0.447521	0.4333	0.5211	0.4480	0.1160	0.5300	0.1466	0.4416
000034	P	0.848697	0.493421	0.457647	0.3806	0.5296	0.4220	0.1070	0.5221	0.1537	0.4404
000035	S	0.849048	0.497671	0.465435	0.4749	0.5342	0.4320	0.1080	0.5421	0.1407	0.4373
000036	E	0.848395	0.495039	0.469746	0.4749	0.5342	0.4350	0.1270	0.5429	0.1398	0.4407
000037	W	0.843135	0.483535	0.471086	0.4379	0.5807	0.4890	0.1480	0.5509	0.1377	0.4476
000038	A	0.842822	0.472471	0.472596	0.4513	0.5807	0.4250	0.1520	0.5408	0.1435	0.4520
000039	G	0.847480	0.470030	0.476397	0.4379	0.4801	0.3900	0.1350	0.5169	0.1511	0.4523
000040	R	0.852447	0.475259	0.481593	0.4333	0.4801	0.4270	0.1320	0.5250	0.1481	0.4533
000041	G	0.937449	0.457216	0.488433	0.3630	0.4831	0.4370	0.1460	0.5277	0.1879	0.4550
000042	D	0.959626	0.454513	0.497120	0.3668	0.4864	0.4510	0.1500	0.5359	0.1941	0.4555
000043	L	0.979191	0.453207	0.509228	0.4149	0.5456	0.4700	0.1430	0.5621	0.1910	0.4567
000044	G	0.979253	0.451622	0.522439	0.4078	0.5176	0.4790	0.1480	0.5596	0.1917	0.4571
000045	G	0.980557	0.458048	0.535774	0.3806	0.4940	0.4950	0.1560	0.5573	0.1952	0.4574
000046	F	0.988155	0.476329	0.549548	0.3630	0.4582	0.5600	0.1750	0.5659	0.1997	0.4577
000047	K	0.964726	0.507683	0.565189	0.3806	0.4685	0.5360	0.1600	0.5705	0.1858	0.4553
000048	R	0.966572	0.503679	0.583053	0.4037	0.5665	0.5930	0.1860	0.6027	0.1749	0.4520
000049	R	0.965989	0.542033	0.602687	0.4282	0.5951	0.6360	0.1930	0.6284	0.1650	0.4499
000050	W	0.966135	0.558337	0.623498	0.4245	0.4901	0.6690	0.1890	0.6219	0.1737	0.4483
000051	K	0.966339	0.597716	0.644945	0.4420	0.4901	0.6320	0.1940	0.6289	0.1680	0.4459
000052	D	0.969220	0.610781	0.667140	0.3578	0.4801	0.6570	0.2030	0.6237	0.1888	0.4423
000053	T	0.969723	0.645626	0.688830	0.3806	0.4801	0.6190	0.1980	0.6307	0.1843	0.4398
000054	R	0.970245	0.654474	0.707587	0.4420	0.5382	0.6070	0.1800	0.6533	0.1650	0.4363
000055	A	0.970764	0.682682	0.723772	0.4379	0.5254	0.6610	0.1990	0.6669	0.1675	0.4348
000056	T	0.997198	0.698550	0.737755	0.4203	0.4766	0.6910	0.2080	0.6702	0.1883	0.4318
000057	V	0.996627	0.728344	0.752120	0.5043	0.5577	0.6890	0.1990	0.7047	0.1581	0.4314
000058	G	0.932688	0.744491	0.765014	0.4420	0.4864	0.6420	0.1880	0.6688	0.1683	0.4310
000059	T	0.864030	0.766099	0.775799	0.4420	0.4441	0.6240	0.1880	0.6526	0.1640	0.4329
000060	T	0.796194	0.779150	0.781766	0.3885	0.4507	0.6500	0.1570	0.6411	0.1649	0.4371
000061	F	0.729590	0.775977	0.784222	0.4203	0.5382	0.6530	0.1480	0.6502	0.1326	0.4418
000062	R	0.647418	0.773772	0.783622	0.4203	0.4652	0.6460	0.1260	0.6227	0.1388	0.4423
000063	R	0.568250	0.786602	0.781699	0.4245	0.4582	0.6480	0.1270	0.6113	0.1422	0.4463
000064	R	0.488220	0.791326	0.779737	0.3578	0.4582	0.6420	0.1390	0.5861	0.1637	0.4497
000065	S	0.411031	0.790375	0.779421	0.3535	0.3774	0.6250	0.1360	0.5561	0.1842	0.4537
000066	R	0.336132	0.784549	0.782992	0.3762	0.4119	0.5910	0.1590	0.5471	0.1853	0.4608
000067	V	0.335278	0.787583	0.788988	0.2865	0.3494	0.5600	0.1630	0.5180	0.2095	0.4678
000068	S	0.356883	0.793917	0.796146	0.3668	0.4087	0.5120	0.1290	0.5390	0.1878	0.4713
000069	L	0.357321	0.793899	0.801003	0.2963	0.3983	0.5080	0.1250	0.5258	0.2022	0.4758
000070	V	0.368662	0.808376	0.803416	0.3184	0.3948	0.4870	0.1240	0.5301	0.2013	0.4767
000071	G	0.409666	0.803183	0.804939	0.3096	0.3840	0.4620	0.1300	0.5289	0.1997	0.4738
000072	E	0.420253	0.823650	0.807426	0.3847	0.4619	0.4690	0.1310	0.5611	0.1821	0.4715
000073	L	0.412726	0.830337	0.809339	0.3762	0.4685	0.4940	0.1170	0.5652	0.1841	0.4726
000074	S	0.417711	0.857573	0.808747	0.3668	0.4801	0.5100	0.1020	0.5735	0.1896	0.4692
000075	K	0.421246	0.865633	0.805697	0.3668	0.4864	0.5770	0.1030	0.5872	0.1878	0.4665
000076	F	0.440557	0.880976	0.802658	0.3762	0.4864	0.6300	0.1010	0.6028	0.1868	0.4643
000077	P	0.406213	0.899632	0.799951	0.3806	0.4864	0.6220	0.0870	0.5991	0.1953	0.4589
000078	L	0.389836	0.905116	0.797388	0.4333	0.5254	0.6920	0.0650	0.6239	0.1891	0.4521
000079	P	0.338805	0.912141	0.793882	0.4379	0.5254	0.6430	0.0590	0.6085	0.1985	0.4441
000080	S	0.278375	0.917370	0.789903	0.4825	0.5017	0.6540	0.0650	0.6041	0.2108	0.4352
000081	D	0.242489	0.923175	0.785815	0.5296	0.5296	0.6510	0.0600	0.6103	0.2155	0.4296
000082	S	0.226339	0.927151	0.781356	0.4513	0.5211	0.6470	0.0610	0.5924	0.2272	0.4268
000083	S	0.281856	0.928651	0.776679	0.4282	0.5296	0.6740	0.0780	0.6032	0.2162	0.4245
000084	G	0.251245	0.929332	0.771765	0.4918	0.5901	0.6820	0.0710	0.6194	0.2144	0.4219
000085	G	0.189225	0.930405	0.768378	0.5008	0.5211	0.6790	0.0660	0.5982	0.2340	0.4222
000086	K	0.161570	0.929538	0.766258	0.4781	0.5017	0.6810	0.0500	0.5863	0.2444	0.4244
000087	S	0.135903	0.928450	0.766006	0.5229	0.4979	0.7030	0.0580	0.5924	0.2508	0.4272
000088	S	0.143584	0.926967	0.766000	0.4749	0.3807	0.6830	0.0660	0.5625	0.2598	0.4344
000089	S	0.143610	0.921909	0.766248	0.4749	0.4409	0.6750	0.0950	0.5705	0.2520	0.4401
000090	S	0.148922	0.916879	0.766204	0.3578	0.4330	0.6600	0.1030	0.5472	0.2598	0.4481
000091	F	0.152216	0.911944	0.764753	0.3717	0.4369	0.6500	0.1170	0.5480	0.2549	0.4565
000092	A	0.074359	0.910196	0.762406	0.3885	0.4409	0.5800	0.1380	0.5261	0.2697	0.4585
000093	R	0.076395	0.904357	0.758585	0.3992	0.4652	0.5990	0.1340	0.5338	0.2659	0.4584
000094	G	0.075184	0.892820	0.755541	0.3992	0.4801	0.5600	0.1110	0.5271	0.2613	0.4582
000095	A	0.074440	0.885721	0.751638	0.4203	0.4940	0.5230	0.0870	0.5249	0.2570	0.4569
000096	L	0.073788	0.869239	0.746189	0.4116	0.4831	0.5290	0.0740	0.5189	0.2535	0.4554
000097	A	0.062039	0.825901	0.737128	0.4245	0.3840	0.5120	0.0870	0.4910	0.2494	0.4503
000098	W	0.059370	0.849628	0.725073	0.4282	0.3740	0.5950	0.1220	0.5053	0.2572	0.4412
000099	C	0.054151	0.821352	0.711702	0.3225	0.3631	0.5670	0.1280	0.4734	0.2574	0.4296
000100	R	0.048468	0.833150	0.699775	0.3053	0.3494	0.5900	0.1230	0.4709	0.2640	0.4211
000101	Q	0.036695	0.846860	0.690837	0.2913	0.3529	0.6280	0.1190	0.4744	0.2736	0.4134
000102	R	0.033742	0.835335	0.684925	0.3399	0.4369	0.6380	0.1230	0.4949	0.2623	0.4047
000103	N	0.044215	0.827878	0.683407	0.3578	0.4582	0.6520	0.1240	0.5039	0.2562	0.3990
000104	P	0.060906	0.830522	0.685756	0.3578	0.4409	0.6300	0.1140	0.5010	0.2507	0.3969
000105	N	0.120917	0.831766	0.690356	0.3578	0.4330	0.6520	0.1100	0.5143	0.2369	0.3941
000106	P	0.224663	0.826536	0.694131	0.3630	0.4507	0.6890	0.0930	0.5413	0.2108	0.3928
000107	S	0.324369	0.835826	0.696649	0.4078	0.5055	0.7270	0.0950	0.5829	0.1832	0.3950
000108	C	0.417892	0.828076	0.699405	0.4333	0.4582	0.7770	0.0710	0.6023	0.1705	0.3988
000109	A	0.513185	0.835364	0.701530	0.5008	0.5807	0.7780	0.0650	0.6516	0.1286	0.4097
000110	A	0.599512	0.826988	0.703328	0.5331	0.7120	0.7850	0.0630	0.6933	0.1010	0.4172
000111	A	0.675651	0.821709	0.703108	0.5412	0.7120	0.8030	0.0560	0.7094	0.0920	0.4217
000112	E	0.747885	0.821274	0.700875	0.5374	0.6948	0.7500	0.0820	0.7088	0.0871	0.4255
000113	T	0.758106	0.816362	0.694472	0.5296	0.5620	0.7870	0.0930	0.6913	0.1097	0.4286
000114	G	0.780792	0.808057	0.684504	0.5412	0.5493	0.7880	0.1250	0.6919	0.1108	0.4302
000115	A	0.765535	0.793901	0.673516	0.3717	0.5342	0.7610	0.1260	0.6500	0.1515	0.4317
000116	R	0.749035	0.791168	0.664169	0.3762	0.4330	0.7460	0.1180	0.6267	0.1623	0.4325
000117	T	0.738670	0.786797	0.654459	0.3491	0.4119	0.7320	0.1110	0.6121	0.1693	0.4333
000118	S	0.738412	0.776765	0.642321	0.2820	0.3599	0.7230	0.1410	0.5870	0.1936	0.4334
000119	L	0.742563	0.756249	0.626930	0.3992	0.4619	0.6730	0.1530	0.6099	0.1351	0.4333
000120	P	0.750279	0.738839	0.611311	0.3578	0.4831	0.6080	0.1380	0.5916	0.1378	0.4321
000121	K	0.770885	0.731357	0.596394	0.3806	0.4149	0.6400	0.1310	0.5890	0.1470	0.4306
000122	E	0.846660	0.735223	0.584078	0.3939	0.3740	0.5940	0.1450	0.5880	0.1694	0.4290
000123	R	0.856102	0.704621	0.573765	0.3311	0.3740	0.5690	0.1500	0.5681	0.1805	0.4286
000124	C	0.856486	0.662248	0.567633	0.2748	0.3740	0.5550	0.1530	0.5483	0.1887	0.4273
000125	R	0.857921	0.647887	0.561884	0.2531	0.3667	0.5070	0.1330	0.5324	0.1942	0.4283
000126	G	0.862537	0.637976	0.557053	0.2748	0.4051	0.4840	0.0910	0.5370	0.1851	0.4304
000127	W	0.853060	0.657888	0.551829	0.2531	0.4087	0.5780	0.1090	0.5503	0.1881	0.4335
000128	R	0.769323	0.656268	0.547181	0.2602	0.4256	0.5500	0.1120	0.5347	0.1620	0.4316
000129	L	0.763477	0.684541	0.543454	0.2333	0.4369	0.5110	0.1220	0.5288	0.1711	0.4292
000130	G	0.743266	0.690138	0.539500	0.3005	0.5055	0.4220	0.0890	0.5335	0.1506	0.4289
000131	N	0.736134	0.660034	0.535583	0.2820	0.3740	0.4320	0.0770	0.5033	0.1584	0.4276
000132	W	0.711538	0.678297	0.531232	0.2786	0.3910	0.5210	0.0940	0.5187	0.1510	0.4278
000133	L	0.686165	0.674806	0.525164	0.1766	0.3910	0.5390	0.1190	0.4987	0.1750	0.4307
000134	H	0.599238	0.665826	0.515531	0.1805	0.3321	0.5080	0.1030	0.4669	0.1640	0.4299
000135	K	0.510918	0.642415	0.500603	0.3146	0.4541	0.4560	0.0730	0.4797	0.0969	0.4242
000136	H	0.426583	0.646359	0.483200	0.2432	0.4409	0.4170	0.0790	0.4429	0.1182	0.4150
000137	P	0.428162	0.635382	0.468699	0.2558	0.3249	0.3740	0.0710	0.4145	0.1203	0.4062
000138	H	0.370850	0.638532	0.459014	0.3005	0.3249	0.3770	0.0720	0.4118	0.1129	0.3943
000139	P	0.301637	0.641428	0.453044	0.1602	0.2715	0.3560	0.0550	0.3640	0.1522	0.3851
000140	N	0.220390	0.624920	0.449194	0.1292	0.3460	0.3530	0.0640	0.3537	0.1586	0.3752
000141	T	0.182580	0.598414	0.447049	0.0832	0.3599	0.3480	0.0420	0.3365	0.1680	0.3629
000142	C	0.121830	0.589761	0.446166	0.0935	0.2951	0.3360	0.0480	0.3136	0.1731	0.3496
000143	P	0.120994	0.563483	0.446657	0.1495	0.3215	0.3210	0.0610	0.3206	0.1549	0.3444
000144	R	0.116691	0.534352	0.449526	0.1416	0.3807	0.3130	0.0940	0.3227	0.1525	0.3501
000145	L	0.130547	0.530403	0.455674	0.1178	0.3840	0.2620	0.0940	0.3134	0.1564	0.3615
000146	P	0.132938	0.556920	0.462728	0.1178	0.3840	0.2190	0.0810	0.3123	0.1665	0.3676
000147	A	0.118182	0.548124	0.468294	0.1322	0.3872	0.2110	0.0690	0.3108	0.1663	0.3776
000148	C	0.120582	0.527207	0.473101	0.1292	0.3667	0.1760	0.0510	0.2989	0.1647	0.3863
000149	W	0.156684	0.520224	0.478067	0.1456	0.3704	0.1800	0.0500	0.3085	0.1547	0.4057
000150	L	0.154905	0.539918	0.485000	0.1349	0.3087	0.1690	0.0490	0.2988	0.1619	0.4184
000151	P	0.160607	0.515227	0.490470	0.1416	0.3182	0.1610	0.0390	0.2979	0.1564	0.4257
000152	P	0.182103	0.500481	0.495306	0.0991	0.3182	0.1630	0.0430	0.2931	0.1588	0.4329
000153	I	0.189402	0.496604	0.499191	0.1878	0.3704	0.1660	0.0450	0.3183	0.1437	0.4241
000154	L	0.175009	0.496141	0.506180	0.1766	0.3087	0.1710	0.0500	0.3055	0.1463	0.4225
000155	T	0.178171	0.525470	0.514607	0.1380	0.3249	0.1780	0.0550	0.3098	0.1597	0.4274
000156	E	0.231324	0.538170	0.525840	0.1495	0.3286	0.1830	0.0570	0.3261	0.1557	0.4335
000157	R	0.287453	0.572702	0.536986	0.1495	0.2575	0.1850	0.0520	0.3315	0.1645	0.4300
000158	G	0.309880	0.606256	0.549804	0.1205	0.2575	0.1950	0.0550	0.3399	0.1788	0.4234
000159	E	0.337543	0.607370	0.564281	0.1844	0.2436	0.1910	0.0590	0.3546	0.1714	0.4131
000160	R	0.399294	0.618888	0.581952	0.2558	0.2436	0.2120	0.0670	0.3852	0.1635	0.4113
000161	V	0.445508	0.623346	0.601859	0.2432	0.3149	0.2300	0.0710	0.4098	0.1596	0.4046
000162	P	0.497812	0.620430	0.622116	0.1602	0.2988	0.2250	0.0760	0.4040	0.1852	0.4025
000163	K	0.562218	0.658557	0.637932	0.1635	0.2752	0.2590	0.0870	0.4260	0.1988	0.3971
000164	L	0.569033	0.664495	0.650816	0.2167	0.3356	0.3360	0.1070	0.4622	0.1732	0.3941
000165	V	0.532810	0.667332	0.661080	0.2786	0.4087	0.3120	0.1140	0.4767	0.1552	0.3950
000166	P	0.491883	0.652991	0.674264	0.2786	0.4087	0.3960	0.1340	0.4838	0.1416	0.3989
000167	L	0.455507	0.669076	0.688592	0.3005	0.4149	0.5620	0.0970	0.5152	0.1389	0.3986
000168	L	0.425795	0.636711	0.700996	0.2913	0.4087	0.5880	0.1370	0.5085	0.1436	0.4076
000169	A	0.395828	0.677903	0.709727	0.3005	0.3840	0.7270	0.0880	0.5326	0.1756	0.4255
000170	C	0.381492	0.662232	0.714369	0.3456	0.3631	0.7660	0.0810	0.5388	0.1782	0.4184
000171	Y	0.377075	0.713364	0.717443	0.3806	0.3392	0.7520	0.0850	0.5466	0.1819	0.4052
000172	P	0.415964	0.742142	0.718545	0.4825	0.3631	0.6900	0.0930	0.5686	0.1528	0.3915
000173	K	0.502168	0.760808	0.720218	0.5126	0.3149	0.7370	0.0680	0.5913	0.1619	0.3874
000174	S	0.583454	0.783057	0.721977	0.5514	0.2817	0.7810	0.0840	0.6170	0.1747	0.3789
000175	K	0.513406	0.800279	0.726126	0.6516	0.3286	0.8350	0.1150	0.6425	0.1752	0.3682
000176	P	0.980288	0.797912	0.730651	0.7418	0.3599	0.8370	0.1140	0.7413	0.1893	0.3590
000177	K	0.999139	0.818869	0.736341	0.7688	0.2988	0.8660	0.0580	0.7479	0.2177	0.3558
000178	D	0.997796	0.811334	0.739071	0.8626	0.3599	0.8840	0.0710	0.7758	0.2017	0.3471