RESNUM	RES	VL-XT	VSL2B	VL3	IUPred-S	IUPred-L	PONDRFIT	FITERROR	MDP	MDPERROR	ANCHOR2
000001	M	0.390622	0.789911	0.161844	0.6516	0.0380	0.9430	0.0210	0.4689	0.3286	0.1877
000002	R	0.068614	0.740820	0.163509	0.6174	0.0248	0.8690	0.0310	0.3868	0.3399	0.1765
000003	E	0.399909	0.640581	0.164235	0.4781	0.0389	0.8320	0.0660	0.3983	0.2700	0.1700
000004	L	0.312455	0.532287	0.164184	0.3456	0.0263	0.6780	0.1200	0.3159	0.2183	0.1634
000005	V	0.180710	0.396942	0.163952	0.3005	0.0223	0.5480	0.1180	0.2415	0.1730	0.1608
000006	N	0.140170	0.277229	0.163460	0.1732	0.0240	0.5200	0.0800	0.1890	0.1568	0.1577
000007	I	0.134376	0.174192	0.164812	0.0884	0.0160	0.4640	0.0920	0.1462	0.1431	0.1441
000008	P	0.104569	0.108024	0.171213	0.0526	0.0205	0.4480	0.1150	0.1223	0.1438	0.1456
000009	L	0.075847	0.067059	0.174305	0.0194	0.0263	0.3360	0.1380	0.0875	0.1143	0.1462
000010	V	0.055812	0.046005	0.177000	0.0141	0.0356	0.1840	0.0730	0.0559	0.0745	0.1476
000011	H	0.038815	0.039959	0.180135	0.0102	0.0518	0.2160	0.0920	0.0595	0.0841	0.1559
000012	I	0.035890	0.040316	0.183918	0.0150	0.0618	0.1400	0.0650	0.0488	0.0684	0.1643
000013	L	0.033619	0.048100	0.187471	0.0173	0.0372	0.2040	0.0820	0.0567	0.0830	0.1801
000014	T	0.032714	0.057137	0.191321	0.0144	0.0389	0.1660	0.0500	0.0516	0.0760	0.1964
000015	L	0.030970	0.068917	0.194798	0.0141	0.0618	0.1440	0.0300	0.0534	0.0715	0.2138
000016	V	0.030284	0.092400	0.198051	0.0308	0.0765	0.1700	0.0290	0.0667	0.0722	0.2279
000017	A	0.017023	0.122819	0.204387	0.0286	0.0851	0.2090	0.0510	0.0771	0.0834	0.2417
000018	F	0.012928	0.175228	0.212098	0.0455	0.0985	0.2910	0.0810	0.1039	0.1029	0.2536
000019	S	0.014580	0.255082	0.219280	0.0455	0.0494	0.3440	0.0980	0.1181	0.1296	0.2513
000020	G	0.017223	0.329080	0.227282	0.0490	0.0870	0.4220	0.1050	0.1508	0.1548	0.2428
000021	T	0.025819	0.389355	0.236406	0.0455	0.1323	0.4530	0.1070	0.1744	0.1675	0.2352
000022	E	0.038262	0.436846	0.248586	0.0455	0.1528	0.4570	0.1100	0.1885	0.1741	0.2234
000023	K	0.049764	0.464638	0.264990	0.0813	0.1554	0.5190	0.1290	0.2117	0.1860	0.2074
000024	L	0.099791	0.510821	0.280078	0.1532	0.2436	0.5470	0.1510	0.2590	0.1749	0.1919
000025	P	0.171016	0.488068	0.295577	0.0965	0.2436	0.4310	0.1140	0.2383	0.1457	0.1765
000026	K	0.223964	0.477791	0.306772	0.1732	0.2575	0.4060	0.1070	0.2565	0.1169	0.1648
000027	A	0.266675	0.442087	0.317987	0.2483	0.3321	0.3490	0.0980	0.2731	0.0822	0.1557
000028	P	0.341403	0.386732	0.325306	0.2041	0.3321	0.2930	0.0900	0.2595	0.0782	0.1495
000029	V	0.416131	0.324831	0.331708	0.3263	0.3566	0.2980	0.0930	0.2869	0.0667	0.1444
000030	I	0.493301	0.304326	0.338519	0.2913	0.2918	0.2690	0.0820	0.2749	0.0942	0.1441
000031	T	0.569755	0.279971	0.342816	0.2209	0.3117	0.2480	0.0700	0.2717	0.1283	0.1502
000032	T	0.642183	0.254375	0.347449	0.1667	0.3215	0.2440	0.0690	0.2715	0.1621	0.1573
000033	P	0.677142	0.261948	0.353304	0.1635	0.2399	0.2430	0.0800	0.2642	0.1778	0.1650
000034	L	0.691148	0.265545	0.358544	0.1805	0.2164	0.2590	0.0790	0.2688	0.1812	0.1735
000035	E	0.704394	0.246650	0.364335	0.2080	0.3019	0.2580	0.0830	0.2865	0.1777	0.1822
000036	T	0.731499	0.258071	0.369208	0.1635	0.1823	0.2680	0.0760	0.2673	0.2016	0.1899
000037	V	0.726560	0.275221	0.374823	0.1732	0.1611	0.2900	0.0690	0.2709	0.2002	0.1977
000038	D	0.729567	0.258652	0.379161	0.1322	0.1206	0.3410	0.0900	0.2636	0.2138	0.2119
000039	A	0.727388	0.245897	0.377385	0.0935	0.0870	0.3630	0.0890	0.2528	0.2258	0.2279
000040	L	0.680484	0.241480	0.376537	0.1088	0.0870	0.3520	0.0780	0.2450	0.2090	0.2448
000041	V	0.657678	0.213555	0.373949	0.1602	0.1528	0.3080	0.0640	0.2486	0.1847	0.2568
000042	E	0.632436	0.173758	0.371999	0.1041	0.1476	0.2610	0.0490	0.2198	0.1897	0.2684
000043	E	0.616147	0.160118	0.367899	0.1150	0.0870	0.2360	0.0480	0.2025	0.1926	0.2782
000044	V	0.625964	0.147331	0.364394	0.0991	0.0870	0.2030	0.0500	0.1937	0.1994	0.2905
000045	A	0.627814	0.118850	0.359188	0.0965	0.1424	0.1710	0.0490	0.1927	0.1978	0.3081
000046	T	0.630855	0.108358	0.353679	0.0991	0.1476	0.1590	0.0590	0.1908	0.1993	0.3242
000047	F	0.594135	0.110867	0.348503	0.0991	0.1528	0.1480	0.0640	0.1842	0.1871	0.3409
000048	M	0.559069	0.116741	0.339855	0.1698	0.1399	0.1240	0.0560	0.1849	0.1706	0.3557
000049	C	0.565818	0.131375	0.328710	0.1667	0.1298	0.1070	0.0370	0.1835	0.1727	0.3595
000050	A	0.510944	0.155642	0.319469	0.1240	0.0985	0.0980	0.0350	0.1645	0.1605	0.3529
000051	V	0.453372	0.194822	0.309980	0.1732	0.1583	0.0980	0.0370	0.1796	0.1286	0.3569
000052	E	0.385223	0.212953	0.299891	0.1495	0.2193	0.1080	0.0320	0.1792	0.1046	0.3648
000053	S	0.308938	0.251265	0.286766	0.1322	0.2094	0.1300	0.0400	0.1720	0.0846	0.3642
000054	Y	0.240287	0.294096	0.269041	0.1150	0.1914	0.1980	0.0720	0.1731	0.0738	0.3623
000055	P	0.164652	0.332521	0.252594	0.1635	0.1759	0.1840	0.0690	0.1702	0.0747	0.3491
000056	Q	0.122006	0.371195	0.237177	0.1766	0.1449	0.2020	0.0690	0.1695	0.0906	0.3338
000057	P	0.072722	0.408944	0.226564	0.1150	0.0888	0.1670	0.0560	0.1420	0.1207	0.3275
000058	E	0.024345	0.389332	0.215033	0.1240	0.1501	0.1480	0.0520	0.1393	0.1168	0.3229
000059	I	0.016231	0.350658	0.208033	0.0909	0.1184	0.1390	0.0490	0.1191	0.1105	0.3118
000060	S	0.014616	0.295924	0.202425	0.1178	0.1137	0.1030	0.0300	0.1075	0.0943	0.3048
000061	W	0.014353	0.232108	0.195565	0.0858	0.1424	0.0910	0.0240	0.0944	0.0796	0.3120
000062	T	0.014554	0.176746	0.189201	0.0813	0.2002	0.0690	0.0200	0.0903	0.0770	0.3016
000063	R	0.010447	0.146048	0.183016	0.0789	0.1852	0.0570	0.0180	0.0795	0.0726	0.2906
000064	N	0.051089	0.134297	0.176552	0.0771	0.1206	0.0470	0.0150	0.0716	0.0554	0.2845
000065	K	0.090556	0.114650	0.170199	0.1205	0.1881	0.0410	0.0140	0.0924	0.0565	0.2885
000066	I	0.140503	0.098446	0.164063	0.0621	0.1070	0.0360	0.0110	0.0740	0.0514	0.3043
000067	L	0.185408	0.105771	0.157611	0.0643	0.1048	0.0330	0.0100	0.0822	0.0580	0.3181
000068	I	0.236923	0.103659	0.149462	0.0316	0.1007	0.0340	0.0100	0.0845	0.0746	0.3170
000069	K	0.279963	0.105788	0.141604	0.0286	0.0967	0.0360	0.0100	0.0911	0.0870	0.3149
000070	L	0.282197	0.109838	0.137047	0.0526	0.1528	0.0410	0.0090	0.1065	0.0828	0.3221
000071	F	0.284852	0.119413	0.133708	0.0514	0.1611	0.0480	0.0120	0.1108	0.0826	0.3212
000072	D	0.287934	0.118435	0.131201	0.0935	0.1643	0.0510	0.0120	0.1193	0.0773	0.3008
000073	T	0.250006	0.138971	0.127168	0.0965	0.1048	0.0580	0.0120	0.1081	0.0633	0.2899
000074	R	0.215391	0.169968	0.124155	0.0607	0.1092	0.0890	0.0330	0.1073	0.0554	0.2830
000075	Y	0.173101	0.187331	0.122340	0.0376	0.0631	0.1170	0.0490	0.0963	0.0575	0.2785
000076	S	0.149397	0.228906	0.122073	0.0376	0.0405	0.1260	0.0540	0.0971	0.0687	0.2684
000077	I	0.118451	0.275275	0.125161	0.0387	0.0676	0.1150	0.0380	0.1025	0.0775	0.2599
000078	R	0.126051	0.295609	0.126611	0.0387	0.0719	0.1010	0.0300	0.1056	0.0843	0.2526
000079	E	0.174458	0.310941	0.128021	0.0660	0.1275	0.0860	0.0200	0.1275	0.0830	0.2554
000080	N	0.210839	0.306203	0.130442	0.0464	0.1399	0.0760	0.0160	0.1298	0.0891	0.2568
000081	G	0.269030	0.278185	0.135305	0.0884	0.2002	0.0650	0.0150	0.1502	0.0859	0.2619
000082	Q	0.334051	0.230301	0.138087	0.1495	0.3087	0.0610	0.0200	0.1807	0.0995	0.2728
000083	L	0.373270	0.209581	0.141057	0.1380	0.3053	0.0680	0.0270	0.1824	0.1073	0.2981
000084	L	0.395930	0.187956	0.145078	0.1532	0.2988	0.0870	0.0380	0.1871	0.1073	0.3200
000085	T	0.384759	0.195115	0.147310	0.1698	0.2193	0.1020	0.0390	0.1784	0.0926	0.3330
000086	I	0.368226	0.223133	0.149573	0.2385	0.2224	0.1170	0.0390	0.1950	0.0832	0.3489
000087	L	0.320160	0.262156	0.150975	0.1698	0.1528	0.1180	0.0370	0.1705	0.0755	0.3636
000088	S	0.271429	0.291370	0.150866	0.1805	0.1554	0.1330	0.0420	0.1719	0.0664	0.3698
000089	V	0.234298	0.326484	0.151902	0.1205	0.1583	0.1430	0.0440	0.1638	0.0752	0.3780
000090	E	0.178763	0.343331	0.151225	0.0660	0.1251	0.1310	0.0300	0.1407	0.0899	0.3797
000091	D	0.118090	0.341802	0.150262	0.0643	0.1251	0.1200	0.0260	0.1282	0.0916	0.3831
000092	S	0.081190	0.325314	0.154183	0.0514	0.1323	0.0830	0.0130	0.1122	0.0941	0.3758
000093	D	0.067588	0.319295	0.157956	0.0502	0.1275	0.0760	0.0230	0.1068	0.0947	0.3632
000094	D	0.082563	0.280782	0.160467	0.0832	0.1399	0.0740	0.0290	0.1100	0.0768	0.3423
000095	G	0.093446	0.243260	0.162342	0.1292	0.2002	0.0630	0.0230	0.1214	0.0671	0.3246
000096	I	0.125823	0.201337	0.164929	0.0965	0.1942	0.0560	0.0190	0.1123	0.0592	0.3115
000097	Y	0.148626	0.162240	0.164794	0.1495	0.2436	0.0490	0.0130	0.1255	0.0630	0.2907
000098	C	0.154910	0.136810	0.164675	0.2122	0.2575	0.0470	0.0080	0.1347	0.0709	0.2667
000099	C	0.155764	0.140906	0.166325	0.1766	0.2715	0.0500	0.0130	0.1324	0.0706	0.2477
000100	T	0.151258	0.142089	0.168212	0.1805	0.3286	0.0670	0.0230	0.1449	0.0834	0.2293
000101	A	0.143102	0.162059	0.168933	0.1766	0.2292	0.0860	0.0350	0.1328	0.0512	0.2130
000102	N	0.127301	0.200775	0.171694	0.1732	0.2164	0.0990	0.0370	0.1362	0.0495	0.1919
000103	N	0.102384	0.225504	0.178239	0.0991	0.1942	0.1200	0.0520	0.1235	0.0569	0.1769
000104	G	0.089419	0.265020	0.184396	0.0884	0.1251	0.1280	0.0570	0.1160	0.0690	0.1682
000105	V	0.061092	0.318803	0.190584	0.0660	0.1206	0.1060	0.0370	0.1120	0.0946	0.1667
000106	G	0.050572	0.345289	0.196941	0.0455	0.0851	0.0990	0.0270	0.1043	0.1106	0.1646
000107	G	0.070949	0.353400	0.202094	0.0723	0.1323	0.1150	0.0260	0.1240	0.1036	0.1672
000108	A	0.078173	0.360757	0.203050	0.0771	0.1731	0.1300	0.0430	0.1365	0.1025	0.1726
000109	V	0.083879	0.352915	0.204884	0.1240	0.2436	0.1480	0.0570	0.1588	0.0948	0.1877
000110	E	0.092044	0.315569	0.207720	0.1635	0.3460	0.1470	0.0500	0.1774	0.0973	0.1981
000111	S	0.110410	0.300813	0.211225	0.1667	0.3356	0.1470	0.0430	0.1767	0.0887	0.2091
000112	C	0.144925	0.286002	0.212537	0.2167	0.2884	0.1510	0.0420	0.1811	0.0671	0.2171
000113	G	0.192133	0.274287	0.216611	0.2167	0.2849	0.1640	0.0410	0.1886	0.0560	0.2391
000114	A	0.217677	0.262654	0.224123	0.1602	0.2783	0.1870	0.0440	0.1842	0.0552	0.2617
000115	L	0.235108	0.279992	0.235535	0.1635	0.3053	0.2130	0.0650	0.1995	0.0602	0.2832
000116	Q	0.238548	0.300735	0.249184	0.2292	0.3872	0.2490	0.0870	0.2341	0.0688	0.2958
000117	V	0.334724	0.322783	0.259453	0.2558	0.3117	0.2670	0.0900	0.2487	0.0538	0.3127
000118	K	0.435637	0.371079	0.272676	0.2820	0.3215	0.2680	0.0850	0.2797	0.0760	0.3253
000119	M	0.537019	0.403514	0.277152	0.2483	0.2918	0.2610	0.0870	0.2902	0.1129	0.3361
000120	K	0.597893	0.414530	0.280243	0.3096	0.3460	0.1990	0.0670	0.3112	0.1340	0.3362
000121	P	0.644350	0.429278	0.288943	0.2385	0.2503	0.1560	0.0520	0.2864	0.1679	0.3417
000122	K	0.677535	0.452825	0.297383	0.2385	0.1791	0.1320	0.0470	0.2800	0.1924	0.3514
000123	I	0.749974	0.442633	0.302112	0.2786	0.2752	0.1160	0.0250	0.3104	0.2044	0.3692
000124	T	0.823972	0.435068	0.306496	0.2167	0.2715	0.0990	0.0230	0.3076	0.2367	0.3731
000125	R	0.871890	0.413431	0.314827	0.2531	0.2224	0.0930	0.0220	0.3090	0.2533	0.3756
000126	P	0.832984	0.389390	0.317800	0.3184	0.2951	0.0850	0.0200	0.3202	0.2322	0.3793
000127	P	0.755624	0.355946	0.320014	0.2483	0.2609	0.0840	0.0210	0.2842	0.2123	0.3870
000128	I	0.654994	0.341173	0.323235	0.3184	0.2609	0.0860	0.0190	0.2769	0.1769	0.3940
000129	N	0.580641	0.342763	0.332163	0.2963	0.1942	0.0810	0.0170	0.2492	0.1627	0.4004
000130	V	0.507010	0.350361	0.342739	0.2700	0.2436	0.0820	0.0160	0.2422	0.1404	0.4152
000131	K	0.433797	0.329549	0.352785	0.2167	0.1611	0.0910	0.0210	0.2054	0.1319	0.4301
000132	I	0.338340	0.339248	0.356634	0.2167	0.1449	0.1040	0.0270	0.1905	0.1168	0.4217
000133	I	0.236732	0.342102	0.356132	0.1805	0.1528	0.1230	0.0280	0.1725	0.1077	0.4135
000134	E	0.161204	0.336472	0.353612	0.2531	0.1942	0.1460	0.0290	0.1818	0.1004	0.4137
000135	G	0.093807	0.344170	0.350539	0.2558	0.1881	0.1650	0.0340	0.1744	0.1105	0.4051
000136	L	0.069375	0.362558	0.349808	0.2209	0.1942	0.1960	0.0590	0.1738	0.1159	0.3953
000137	K	0.075303	0.337655	0.347277	0.2041	0.1914	0.2280	0.0820	0.1727	0.1092	0.3928
000138	A	0.093463	0.328268	0.348464	0.1844	0.1671	0.2650	0.1050	0.1730	0.1079	0.3906
000139	V	0.133847	0.321928	0.357909	0.2748	0.2645	0.2600	0.1020	0.2092	0.0917	0.3894
000140	L	0.171024	0.327676	0.363874	0.2748	0.2541	0.2420	0.0920	0.2117	0.0866	0.3914
000141	P	0.262211	0.341731	0.371943	0.3578	0.2541	0.2130	0.0600	0.2382	0.0860	0.4022
000142	C	0.361849	0.370273	0.376101	0.3535	0.2575	0.2030	0.0640	0.2576	0.0911	0.4093
000143	T	0.464659	0.404248	0.376296	0.3578	0.2575	0.1850	0.0630	0.2781	0.1124	0.4168
000144	T	0.535557	0.447362	0.377348	0.4282	0.2609	0.1820	0.0630	0.3090	0.1341	0.4148
000145	M	0.613444	0.476034	0.374515	0.3491	0.2470	0.2040	0.0610	0.3150	0.1508	0.4088
000146	G	0.700286	0.500680	0.368345	0.2786	0.2470	0.2310	0.0760	0.3263	0.1778	0.4134
000147	N	0.779016	0.507632	0.362470	0.3456	0.3286	0.2720	0.0870	0.3721	0.1810	0.4188
000148	P	0.818736	0.524237	0.365026	0.3456	0.3321	0.2690	0.0910	0.3817	0.1949	0.4189
000149	K	0.842637	0.524926	0.364809	0.3762	0.3840	0.2470	0.0960	0.3958	0.2000	0.4185
000150	P	0.810539	0.531058	0.374160	0.4379	0.3667	0.2290	0.0950	0.3959	0.1919	0.4182
000151	S	0.787808	0.541117	0.386621	0.5229	0.4476	0.2190	0.0700	0.4197	0.1840	0.4102
000152	V	0.781396	0.531030	0.394919	0.4379	0.4369	0.2220	0.0710	0.4015	0.1808	0.3979
000153	S	0.797360	0.511419	0.396576	0.4825	0.5493	0.2060	0.0660	0.4244	0.1890	0.3910
000154	W	0.802969	0.508774	0.398694	0.4918	0.5419	0.2180	0.0580	0.4272	0.1871	0.3863
000155	I	0.764097	0.508014	0.396248	0.4918	0.5382	0.2220	0.0570	0.4206	0.1754	0.3944
000156	K	0.680892	0.508913	0.387708	0.5126	0.4831	0.2190	0.0590	0.4007	0.1542	0.4054
000157	G	0.644290	0.526271	0.382895	0.5126	0.4582	0.2220	0.0570	0.3939	0.1461	0.4107
000158	D	0.626296	0.556169	0.382023	0.4556	0.3910	0.2270	0.0560	0.3760	0.1437	0.4145
000159	S	0.617100	0.532159	0.381988	0.4116	0.2988	0.2460	0.0540	0.3509	0.1426	0.4184
000160	P	0.595221	0.530592	0.387877	0.3630	0.3117	0.2350	0.0590	0.3393	0.1394	0.4206
000161	L	0.581478	0.520560	0.393433	0.2865	0.2884	0.2410	0.0640	0.3197	0.1429	0.4228
000162	R	0.575458	0.515343	0.396891	0.2820	0.2884	0.2470	0.0680	0.3181	0.1406	0.4328
000163	E	0.544068	0.504794	0.403702	0.3491	0.3426	0.2310	0.0720	0.3286	0.1246	0.4213
000164	N	0.532191	0.505020	0.412564	0.3456	0.2715	0.2330	0.0740	0.3146	0.1307	0.4119
000165	S	0.576546	0.491332	0.414633	0.4282	0.3529	0.2240	0.0790	0.3455	0.1298	0.4073
000166	R	0.578884	0.468168	0.419125	0.4282	0.3529	0.2050	0.0650	0.3388	0.1335	0.4098
000167	I	0.573157	0.452456	0.426175	0.4245	0.3599	0.2100	0.0610	0.3366	0.1303	0.4126
000168	A	0.583765	0.423960	0.427904	0.3491	0.3704	0.1970	0.0550	0.3208	0.1353	0.4165
000169	V	0.611382	0.415722	0.424785	0.3456	0.3019	0.2110	0.0650	0.3142	0.1430	0.4169
000170	L	0.600881	0.419438	0.417107	0.3491	0.3117	0.2120	0.0690	0.3155	0.1381	0.4159
000171	E	0.593617	0.419300	0.411120	0.2700	0.2849	0.1930	0.0660	0.2935	0.1474	0.4093
000172	S	0.609163	0.399818	0.400857	0.3399	0.3704	0.1790	0.0670	0.3163	0.1428	0.4048
000173	G	0.632041	0.392502	0.395082	0.3399	0.3774	0.1610	0.0570	0.3171	0.1525	0.4029
000174	S	0.641596	0.373135	0.395224	0.3311	0.3321	0.1470	0.0490	0.3042	0.1596	0.4045
000175	L	0.662512	0.352771	0.392977	0.3359	0.3215	0.1530	0.0540	0.3043	0.1647	0.4061
000176	R	0.680143	0.355637	0.386987	0.3005	0.3321	0.1420	0.0440	0.3017	0.1732	0.4006
000177	I	0.675740	0.373643	0.377896	0.2963	0.2503	0.1290	0.0310	0.2875	0.1793	0.3931
000178	H	0.616607	0.394716	0.370134	0.3578	0.3321	0.1360	0.0330	0.3062	0.1530	0.3877
000179	N	0.565720	0.413035	0.355645	0.3005	0.2609	0.1660	0.0410	0.2844	0.1387	0.3775
000180	V	0.511482	0.447360	0.340255	0.3491	0.2609	0.1730	0.0460	0.2902	0.1254	0.3726
000181	Q	0.459231	0.488547	0.327431	0.3359	0.3053	0.1740	0.0530	0.2938	0.1174	0.3669
000182	K	0.408007	0.488289	0.310372	0.2657	0.2918	0.1630	0.0390	0.2694	0.1160	0.3651
000183	E	0.339385	0.468939	0.293321	0.2255	0.3019	0.1490	0.0440	0.2475	0.1101	0.3610
000184	D	0.272161	0.469735	0.283656	0.2209	0.3019	0.1370	0.0460	0.2337	0.1109	0.3572
000185	A	0.223111	0.408427	0.274279	0.2255	0.2292	0.1190	0.0390	0.2009	0.0974	0.3520
000186	G	0.158493	0.351292	0.271044	0.2963	0.3053	0.1050	0.0400	0.2027	0.0980	0.3467
000187	Q	0.134648	0.319203	0.270012	0.2167	0.3053	0.0940	0.0350	0.1784	0.0956	0.3449
000188	Y	0.108638	0.268418	0.268068	0.2913	0.3566	0.0790	0.0210	0.1840	0.1096	0.3462
000189	R	0.088030	0.239427	0.262362	0.2820	0.2715	0.0760	0.0190	0.1595	0.0971	0.3432
000190	C	0.064980	0.232982	0.256300	0.2483	0.2609	0.0840	0.0280	0.1484	0.0936	0.3471
000191	V	0.045195	0.229853	0.240241	0.2292	0.3149	0.0850	0.0320	0.1507	0.1024	0.3447
000192	A	0.042022	0.248090	0.221989	0.2209	0.2541	0.0980	0.0460	0.1439	0.0890	0.3426
000193	K	0.033822	0.278380	0.204665	0.2167	0.2002	0.1040	0.0510	0.1389	0.0874	0.3402
000194	N	0.018761	0.299556	0.192174	0.1635	0.1881	0.1240	0.0620	0.1324	0.0900	0.3397
000195	S	0.018006	0.306975	0.178664	0.1088	0.1206	0.1210	0.0550	0.1126	0.0924	0.3408
000196	L	0.012717	0.325262	0.170855	0.1266	0.1501	0.1070	0.0390	0.1203	0.0977	0.3436
000197	G	0.011832	0.319771	0.162641	0.0789	0.1115	0.1010	0.0380	0.1039	0.0994	0.3404
000198	T	0.008674	0.308244	0.149730	0.0832	0.1162	0.1170	0.0570	0.1055	0.0941	0.3392
000199	A	0.008952	0.307605	0.141055	0.0858	0.1323	0.1360	0.0610	0.1117	0.0926	0.3355
000200	Y	0.011494	0.317731	0.135267	0.0884	0.0749	0.1470	0.0660	0.1066	0.0978	0.3358
000201	S	0.013757	0.291897	0.127168	0.0884	0.1137	0.1480	0.0820	0.1093	0.0864	0.3343
000202	K	0.032456	0.272677	0.121644	0.0723	0.1583	0.1600	0.0890	0.1160	0.0788	0.3359
000203	V	0.059362	0.259077	0.119137	0.0701	0.1251	0.1530	0.0740	0.1110	0.0686	0.3403
000204	V	0.093895	0.240698	0.115114	0.0723	0.0835	0.1310	0.0570	0.1036	0.0594	0.3445
000205	K	0.163786	0.205539	0.108685	0.0414	0.0817	0.0940	0.0440	0.0977	0.0571	0.3494
000206	L	0.236781	0.185042	0.104529	0.0245	0.0719	0.0770	0.0310	0.0992	0.0743	0.3562
000207	E	0.319899	0.169552	0.103945	0.0414	0.1275	0.0610	0.0170	0.1199	0.0934	0.3615
000208	V	0.399771	0.138408	0.105381	0.0316	0.1349	0.0550	0.0200	0.1266	0.1221	0.3725
000209	E	0.468324	0.111747	0.105436	0.0387	0.1298	0.0420	0.0150	0.1318	0.1478	0.3826
000210	V	0.541658	0.103467	0.106588	0.0502	0.1528	0.0360	0.0100	0.1474	0.1736	0.3929
000211	F	0.578014	0.101162	0.110119	0.0789	0.2364	0.0400	0.0120	0.1724	0.1843	0.4042
000212	A	0.593688	0.113010	0.111470	0.0744	0.1852	0.0400	0.0090	0.1678	0.1883	0.4046
000213	R	0.609230	0.138927	0.113329	0.0744	0.1914	0.0520	0.0120	0.1777	0.1908	0.4054
000214	I	0.552454	0.177114	0.114152	0.0660	0.1583	0.0800	0.0260	0.1722	0.1673	0.4028
000215	L	0.492583	0.216702	0.112393	0.1018	0.2064	0.1010	0.0330	0.1864	0.1385	0.4020
000216	R	0.412472	0.259643	0.109860	0.0542	0.2064	0.1140	0.0450	0.1745	0.1205	0.3930
000217	A	0.334317	0.310693	0.106741	0.0909	0.1914	0.1380	0.0450	0.1776	0.0971	0.3798
000218	P	0.261696	0.368152	0.103994	0.0858	0.1349	0.1430	0.0440	0.1656	0.1015	0.3736
000219	E	0.185366	0.371356	0.104615	0.0744	0.1852	0.1480	0.0470	0.1607	0.0969	0.3688
000220	S	0.130524	0.382827	0.105289	0.0464	0.1184	0.1310	0.0440	0.1349	0.1084	0.3638
000221	H	0.088360	0.394006	0.107639	0.0723	0.1643	0.1110	0.0400	0.1383	0.1115	0.3622
000222	N	0.037510	0.360212	0.110835	0.0858	0.1643	0.1120	0.0420	0.1267	0.1049	0.3589
000223	V	0.024937	0.322171	0.114672	0.1088	0.1914	0.1090	0.0360	0.1261	0.0946	0.3712
000224	T	0.012160	0.303464	0.120364	0.0744	0.1611	0.0920	0.0240	0.1072	0.0931	0.3808
000225	F	0.009488	0.281975	0.122835	0.1266	0.2292	0.0800	0.0140	0.1212	0.0928	0.3913
000226	G	0.006789	0.235107	0.126279	0.1602	0.2988	0.0710	0.0140	0.1286	0.0996	0.3949
000227	S	0.004364	0.204182	0.129634	0.1602	0.2164	0.0730	0.0230	0.1098	0.0771	0.4048
000228	F	0.003405	0.163130	0.133184	0.1921	0.2645	0.0770	0.0250	0.1166	0.0861	0.4166
000229	V	0.003156	0.132515	0.135428	0.1178	0.1914	0.0660	0.0200	0.0852	0.0635	0.4162
000230	T	0.002771	0.103764	0.137893	0.1266	0.2034	0.0630	0.0190	0.0832	0.0666	0.4118
000231	L	0.002045	0.095835	0.140063	0.0935	0.2064	0.0690	0.0300	0.0778	0.0668	0.4074
000232	H	0.001803	0.099089	0.143107	0.1117	0.1373	0.0730	0.0400	0.0705	0.0532	0.3996
000233	C	0.001532	0.103011	0.145790	0.1088	0.1349	0.0960	0.0470	0.0740	0.0527	0.3867
000234	T	0.001224	0.117202	0.147125	0.1178	0.1184	0.1100	0.0420	0.0774	0.0526	0.3644
000235	A	0.004018	0.146085	0.148107	0.1150	0.0734	0.1310	0.0480	0.0783	0.0565	0.3528
000236	T	0.008462	0.153149	0.149181	0.1349	0.1373	0.1530	0.0600	0.0978	0.0573	0.3429
000237	G	0.012969	0.154267	0.147983	0.0858	0.1449	0.1430	0.0530	0.0902	0.0566	0.3378
000238	I	0.019231	0.149265	0.147139	0.0965	0.1476	0.1390	0.0530	0.0920	0.0532	0.3299
000239	P	0.043106	0.147766	0.145779	0.1602	0.2399	0.1090	0.0450	0.1167	0.0637	0.3213
000240	V	0.130613	0.127117	0.144188	0.2255	0.2680	0.1160	0.0540	0.1446	0.0620	0.3157
000241	P	0.221528	0.127918	0.142900	0.2209	0.2064	0.0960	0.0410	0.1454	0.0548	0.3125
000242	T	0.319454	0.125132	0.140065	0.2700	0.2783	0.0920	0.0340	0.1809	0.0906	0.3101
000243	I	0.407196	0.122957	0.136597	0.1958	0.2645	0.0920	0.0290	0.1805	0.1093	0.3088
000244	T	0.490707	0.129500	0.134878	0.2558	0.3529	0.0840	0.0240	0.2188	0.1452	0.3119
000245	W	0.556867	0.159753	0.131646	0.2558	0.3460	0.1010	0.0260	0.2366	0.1582	0.3186
000246	I	0.610265	0.204900	0.130289	0.2963	0.2951	0.1000	0.0340	0.2511	0.1695	0.3084
000247	E	0.661946	0.261507	0.128721	0.2963	0.2988	0.1100	0.0440	0.2715	0.1827	0.3003
000248	N	0.649347	0.310182	0.128191	0.2122	0.3149	0.1510	0.0620	0.2730	0.1752	0.2907
000249	G	0.584706	0.363239	0.126918	0.2913	0.3872	0.1910	0.0850	0.3028	0.1494	0.2862
000250	N	0.550331	0.411222	0.124820	0.2786	0.3019	0.2500	0.0850	0.2986	0.1348	0.2802
000251	A	0.502093	0.471760	0.123511	0.3359	0.3566	0.3330	0.0810	0.3332	0.1240	0.2803
000252	V	0.502434	0.522073	0.122631	0.2385	0.3392	0.3730	0.0920	0.3292	0.1415	0.2774
000253	S	0.507488	0.593360	0.120649	0.2385	0.3392	0.4000	0.1250	0.3464	0.1594	0.2728
000254	S	0.527473	0.643100	0.118850	0.3184	0.3566	0.4030	0.1370	0.3748	0.1659	0.2714
000255	G	0.549801	0.689346	0.116214	0.3263	0.2752	0.4190	0.1540	0.3767	0.1872	0.2734
000256	S	0.562688	0.676546	0.116796	0.3359	0.3631	0.4530	0.1530	0.3986	0.1788	0.2778
000257	I	0.623773	0.659944	0.116481	0.3399	0.4330	0.5020	0.1400	0.4264	0.1838	0.2905
000258	Q	0.665065	0.671231	0.118144	0.3263	0.4220	0.5410	0.1570	0.4375	0.1965	0.2961
000259	E	0.638443	0.650444	0.118276	0.3263	0.3356	0.5470	0.1250	0.4164	0.1935	0.3047
000260	S	0.611730	0.621661	0.119021	0.3225	0.3426	0.5480	0.1440	0.4078	0.1835	0.3132
000261	V	0.543909	0.593102	0.121877	0.2531	0.2609	0.5030	0.1430	0.3591	0.1765	0.3236
000262	K	0.487745	0.553009	0.123785	0.2963	0.1914	0.4410	0.1100	0.3282	0.1582	0.3321
000263	D	0.436901	0.484637	0.124697	0.3053	0.1731	0.4050	0.1250	0.3008	0.1357	0.3560
000264	R	0.405672	0.407491	0.125577	0.2292	0.1823	0.3550	0.1270	0.2633	0.1127	0.3875
000265	V	0.374735	0.337948	0.127441	0.1635	0.1823	0.2990	0.1220	0.2263	0.0962	0.4123
000266	I	0.308976	0.268597	0.129497	0.1566	0.2034	0.2040	0.0840	0.1903	0.0651	0.4299
000267	D	0.249846	0.230331	0.132170	0.1532	0.2064	0.1430	0.0520	0.1638	0.0503	0.4267
000268	S	0.221773	0.186306	0.134012	0.2558	0.2064	0.1250	0.0460	0.1659	0.0515	0.4176
000269	R	0.200306	0.158822	0.136863	0.2483	0.1323	0.1080	0.0350	0.1413	0.0524	0.3980
000270	L	0.180250	0.136520	0.138536	0.1667	0.1275	0.0970	0.0320	0.1180	0.0355	0.3788
000271	Q	0.145052	0.124140	0.139915	0.1060	0.0719	0.0820	0.0240	0.0882	0.0361	0.3662
000272	L	0.105312	0.119524	0.140238	0.1566	0.0631	0.0650	0.0170	0.0850	0.0421	0.3554
000273	F	0.056256	0.115801	0.141301	0.1150	0.0531	0.0580	0.0150	0.0664	0.0424	0.3468
000274	I	0.016361	0.111289	0.142304	0.0643	0.0506	0.0580	0.0140	0.0500	0.0477	0.3594
000275	T	0.009713	0.113563	0.143403	0.0514	0.0531	0.0570	0.0120	0.0474	0.0502	0.3839
000276	K	0.004676	0.118098	0.147345	0.0723	0.0749	0.0560	0.0170	0.0543	0.0516	0.4069
000277	P	0.002485	0.110489	0.150081	0.1150	0.1229	0.0600	0.0200	0.0684	0.0548	0.4273
000278	G	0.000849	0.103856	0.152939	0.1088	0.1137	0.0620	0.0220	0.0649	0.0543	0.4258
000279	L	0.000555	0.110581	0.158772	0.1088	0.1275	0.0560	0.0140	0.0672	0.0580	0.4104
000280	Y	0.000507	0.125276	0.168491	0.1088	0.1229	0.0590	0.0150	0.0695	0.0608	0.3846
000281	T	0.000444	0.143381	0.174649	0.1667	0.1048	0.0660	0.0160	0.0802	0.0678	0.3526
000282	C	0.000401	0.169323	0.178028	0.1602	0.1007	0.0750	0.0210	0.0842	0.0698	0.3348
000283	I	0.000339	0.192554	0.179684	0.1495	0.1528	0.1020	0.0330	0.0996	0.0710	0.3185
000284	A	0.000283	0.220546	0.181418	0.2122	0.2129	0.1420	0.0450	0.1313	0.0826	0.2948
000285	T	0.000271	0.270281	0.182053	0.2700	0.2849	0.2030	0.0580	0.1713	0.1023	0.2796
000286	N	0.000287	0.334147	0.185393	0.2432	0.2541	0.2380	0.0800	0.1783	0.1077	0.2725
000287	K	0.000751	0.397426	0.187209	0.2432	0.2292	0.2940	0.1150	0.1940	0.1241	0.2680
000288	H	0.001316	0.461420	0.192169	0.1766	0.1791	0.3420	0.1590	0.1935	0.1480	0.2639
000289	G	0.002194	0.525891	0.195356	0.1566	0.1852	0.3610	0.1740	0.2052	0.1689	0.2534
000290	E	0.003362	0.594326	0.197887	0.1958	0.1791	0.3650	0.1740	0.2229	0.1869	0.2449
000291	K	0.004509	0.630416	0.201650	0.2657	0.2541	0.3710	0.1750	0.2543	0.1916	0.2423
000292	F	0.004613	0.612257	0.203411	0.2122	0.1759	0.3870	0.1620	0.2320	0.1935	0.2443
000293	S	0.004763	0.607516	0.201942	0.2748	0.2399	0.3240	0.1180	0.2418	0.1823	0.2342
000294	T	0.004914	0.583766	0.199336	0.2865	0.3356	0.2680	0.0880	0.2465	0.1753	0.2236
000295	A	0.005231	0.539957	0.196870	0.2865	0.2884	0.2310	0.0950	0.2251	0.1613	0.2209
000296	K	0.005106	0.471845	0.194656	0.3005	0.2783	0.1980	0.0830	0.2090	0.1439	0.2298
000297	A	0.006962	0.402937	0.191172	0.2531	0.2645	0.1600	0.0610	0.1812	0.1239	0.2394
000298	A	0.006561	0.363308	0.189404	0.2558	0.2884	0.1350	0.0510	0.1748	0.1191	0.2454
000299	A	0.019027	0.332756	0.187356	0.2483	0.2918	0.1290	0.0570	0.1702	0.1096	0.2504
000300	T	0.039639	0.305454	0.183806	0.2786	0.2884	0.1300	0.0550	0.1736	0.1013	0.2575
000301	I	0.063797	0.286913	0.180525	0.2748	0.2849	0.1580	0.0660	0.1781	0.0876	0.2651
000302	S	0.066786	0.307368	0.177569	0.2700	0.2951	0.1770	0.0690	0.1860	0.0895	0.2711
000303	I	0.066770	0.318613	0.174860	0.3535	0.3910	0.2040	0.0790	0.2224	0.1167	0.2769
000304	A	0.066578	0.344992	0.170891	0.3578	0.3948	0.2010	0.0650	0.2276	0.1215	0.2827
000305	E	0.066408	0.388229	0.166417	0.3578	0.3019	0.2120	0.0670	0.2210	0.1156	0.2870
000306	W	0.064031	0.455081	0.161216	0.3847	0.2193	0.2650	0.0990	0.2314	0.1340	0.2924
000307	S	0.063932	0.529418	0.154612	0.3053	0.1969	0.2930	0.1220	0.2314	0.1490	0.2656
000308	K	0.050955	0.559911	0.149407	0.2483	0.2258	0.3130	0.1320	0.2329	0.1600	0.2412
000309	P	0.030273	0.602756	0.145398	0.2385	0.1731	0.3230	0.1250	0.2279	0.1819	0.2212
000310	Q	0.007251	0.601449	0.139542	0.2700	0.1969	0.3380	0.1360	0.2357	0.1864	0.2028
000311	K	0.004536	0.582474	0.130593	0.1958	0.1914	0.3490	0.1390	0.2206	0.1843	0.1885
000312	D	0.004575	0.576106	0.129631	0.2531	0.2849	0.3210	0.1270	0.2399	0.1776	0.1756
000313	N	0.005043	0.568354	0.132220	0.2483	0.2328	0.2930	0.1220	0.2247	0.1733	0.1628
000314	K	0.005192	0.490457	0.136752	0.3184	0.1969	0.2550	0.0990	0.2109	0.1525	0.1536
000315	G	0.005752	0.420159	0.137560	0.2913	0.2328	0.1820	0.0420	0.1886	0.1305	0.1442
000316	Y	0.005592	0.356616	0.137226	0.1998	0.1914	0.1290	0.0470	0.1470	0.1073	0.1360
000317	C	0.004987	0.284233	0.133231	0.2531	0.2094	0.1040	0.0500	0.1426	0.0977	0.1282
000318	A	0.004507	0.228631	0.127159	0.2209	0.1501	0.0930	0.0490	0.1163	0.0794	0.1382
000319	Q	0.003448	0.191722	0.119431	0.1732	0.1349	0.0850	0.0410	0.0981	0.0650	0.1513
000320	Y	0.003104	0.172081	0.112276	0.1060	0.1162	0.0790	0.0300	0.0795	0.0541	0.1658
000321	R	0.003414	0.160921	0.106673	0.0858	0.1206	0.0650	0.0210	0.0726	0.0521	0.1777
000322	G	0.002824	0.146528	0.100461	0.0832	0.1070	0.0600	0.0210	0.0666	0.0475	0.1906
000323	E	0.002707	0.137799	0.095024	0.0858	0.0631	0.0540	0.0200	0.0573	0.0442	0.2070
000324	V	0.003157	0.131272	0.093227	0.0701	0.0414	0.0490	0.0190	0.0491	0.0434	0.2270
000325	C	0.003949	0.124133	0.092278	0.0478	0.0235	0.0430	0.0150	0.0403	0.0436	0.2429
000326	N	0.005289	0.119772	0.092055	0.0350	0.0160	0.0440	0.0210	0.0366	0.0437	0.2777
000327	A	0.006075	0.114541	0.092738	0.0336	0.0269	0.0480	0.0260	0.0381	0.0410	0.3214
000328	V	0.006147	0.105168	0.095184	0.0376	0.0568	0.0450	0.0210	0.0419	0.0374	0.3656
000329	L	0.006844	0.098616	0.094739	0.0490	0.0662	0.0490	0.0220	0.0450	0.0349	0.3936
000330	A	0.006407	0.100761	0.095404	0.0464	0.0372	0.0560	0.0230	0.0411	0.0365	0.4088
000331	K	0.009467	0.109018	0.096382	0.0789	0.0543	0.0620	0.0270	0.0522	0.0361	0.4207
000332	D	0.042095	0.109291	0.097690	0.0464	0.0581	0.0620	0.0290	0.0530	0.0301	0.4270
000333	A	0.074309	0.106847	0.100104	0.0395	0.0676	0.0620	0.0300	0.0584	0.0283	0.4097
000334	L	0.107880	0.107207	0.103398	0.0395	0.0676	0.0670	0.0330	0.0649	0.0310	0.3960
000335	V	0.151213	0.111193	0.107189	0.0643	0.1048	0.0770	0.0360	0.0847	0.0330	0.3939
000336	F	0.194545	0.114482	0.113655	0.1205	0.1671	0.0840	0.0260	0.1135	0.0415	0.3988
000337	L	0.229776	0.139316	0.120758	0.1292	0.1643	0.0830	0.0160	0.1243	0.0495	0.4298
000338	N	0.289882	0.169416	0.127704	0.1266	0.2034	0.1180	0.0280	0.1511	0.0640	0.3903
000339	T	0.346217	0.205369	0.133892	0.1698	0.1881	0.1710	0.0630	0.1801	0.0714	0.3525
000340	S	0.399276	0.266942	0.139976	0.2483	0.1881	0.2200	0.0860	0.2204	0.0841	0.3282
000341	Y	0.430719	0.327487	0.143858	0.1921	0.1643	0.2600	0.0920	0.2291	0.1034	0.3206
000342	A	0.416609	0.398185	0.149842	0.1322	0.1671	0.2820	0.0800	0.2327	0.1190	0.3132
000343	D	0.428342	0.475775	0.149858	0.0813	0.1611	0.3200	0.1070	0.2445	0.1503	0.3018
000344	P	0.445461	0.556109	0.148821	0.0935	0.1611	0.3310	0.1140	0.2645	0.1710	0.2885
000345	E	0.454001	0.590491	0.146539	0.1380	0.1501	0.3080	0.1100	0.2734	0.1751	0.2777
000346	E	0.437799	0.577479	0.149140	0.1532	0.2064	0.2320	0.0550	0.2677	0.1618	0.2835
000347	A	0.389788	0.517129	0.156035	0.1495	0.3182	0.1800	0.0500	0.2591	0.1391	0.2916
000348	Q	0.396482	0.473051	0.165108	0.2167	0.3182	0.1300	0.0450	0.2558	0.1268	0.3078
000349	E	0.408258	0.391211	0.177604	0.2333	0.3087	0.0930	0.0240	0.2392	0.1166	0.3399
000350	L	0.410230	0.294399	0.187205	0.1602	0.2470	0.0850	0.0210	0.1994	0.1085	0.3661
000351	L	0.442527	0.213664	0.194465	0.1495	0.2002	0.0770	0.0200	0.1805	0.1169	0.3793
000352	V	0.399233	0.167027	0.200092	0.1667	0.2783	0.0710	0.0150	0.1805	0.1081	0.3759
000353	H	0.338424	0.139439	0.206690	0.1495	0.3249	0.0720	0.0170	0.1707	0.1036	0.3682
000354	T	0.286984	0.127539	0.212932	0.1380	0.2609	0.0790	0.0220	0.1488	0.0829	0.3587
000355	A	0.269406	0.135073	0.218416	0.1380	0.1323	0.0740	0.0150	0.1247	0.0738	0.3494
000356	W	0.257354	0.150084	0.224598	0.0909	0.1229	0.0690	0.0120	0.1150	0.0778	0.3075
000357	N	0.196982	0.163225	0.230396	0.0387	0.1275	0.0670	0.0150	0.0989	0.0780	0.2453
000358	E	0.133326	0.184558	0.234870	0.0455	0.1275	0.0710	0.0200	0.0936	0.0751	0.1965
000359	L	0.070668	0.188707	0.240895	0.0502	0.1048	0.0850	0.0350	0.0832	0.0793	0.1536
000360	K	0.022974	0.179602	0.246059	0.0376	0.1048	0.0960	0.0490	0.0736	0.0879	0.1144
000361	V	0.021199	0.168678	0.252750	0.0502	0.1373	0.1000	0.0400	0.0795	0.0875	0.0871
000362	V	0.021372	0.182853	0.259409	0.0935	0.1424	0.1000	0.0380	0.0900	0.0865	0.0670
000363	S	0.034755	0.184006	0.268312	0.1178	0.1349	0.1010	0.0370	0.0955	0.0851	0.0531
000364	P	0.043570	0.181702	0.274701	0.0771	0.0662	0.0990	0.0320	0.0779	0.0924	0.0430
000365	V	0.042993	0.192684	0.280717	0.0455	0.0676	0.1010	0.0340	0.0750	0.0990	0.0319
000366	C	0.040703	0.196538	0.287012	0.0182	0.0780	0.0960	0.0320	0.0715	0.1053	0.0234
000367	R	0.052038	0.187753	0.290660	0.0336	0.0851	0.0830	0.0320	0.0735	0.1020	0.0224
000368	P	0.054931	0.200676	0.295979	0.0297	0.0433	0.0740	0.0290	0.0672	0.1098	0.0235
000369	A	0.063248	0.201555	0.301764	0.0141	0.0424	0.0690	0.0240	0.0651	0.1139	0.0252
000370	A	0.077583	0.181698	0.307460	0.0137	0.0734	0.0650	0.0200	0.0685	0.1103	0.0270
000371	E	0.086351	0.168016	0.313036	0.0141	0.0364	0.0600	0.0170	0.0608	0.1144	0.0297
000372	A	0.081121	0.155839	0.318046	0.0259	0.0494	0.0590	0.0160	0.0619	0.1127	0.0288
000373	L	0.092394	0.121241	0.321517	0.0087	0.0799	0.0590	0.0160	0.0602	0.1126	0.0282
000374	L	0.112472	0.105532	0.326975	0.0090	0.0835	0.0530	0.0160	0.0606	0.1147	0.0269
000375	C	0.124167	0.097468	0.333014	0.0086	0.0531	0.0500	0.0170	0.0555	0.1195	0.0248
000376	N	0.128682	0.098415	0.339333	0.0131	0.0555	0.0560	0.0190	0.0586	0.1207	0.0287
000377	H	0.136047	0.091563	0.343845	0.0182	0.1298	0.0610	0.0180	0.0728	0.1184	0.0340
000378	I	0.125808	0.098703	0.346130	0.0118	0.1323	0.0630	0.0190	0.0719	0.1199	0.0341
000379	F	0.111346	0.117136	0.347728	0.0118	0.1323	0.0760	0.0290	0.0748	0.1189	0.0336
000380	Q	0.101880	0.139675	0.348219	0.0141	0.1028	0.0900	0.0340	0.0747	0.1187	0.0298
000381	E	0.092709	0.188531	0.349997	0.0212	0.1323	0.0960	0.0380	0.0885	0.1190	0.0273
000382	C	0.116139	0.226384	0.354493	0.0099	0.0780	0.1030	0.0420	0.0889	0.1270	0.0244
000383	S	0.138440	0.252151	0.360332	0.0144	0.0443	0.1130	0.0480	0.0937	0.1337	0.0275
000384	P	0.156411	0.256988	0.363699	0.0141	0.0690	0.1200	0.0490	0.1027	0.1317	0.0266
000385	G	0.165687	0.252852	0.365939	0.0081	0.1137	0.1250	0.0480	0.1109	0.1284	0.0270
000386	V	0.210886	0.229420	0.368535	0.0245	0.1373	0.1190	0.0470	0.1202	0.1233	0.0288
000387	V	0.259277	0.214090	0.369206	0.0274	0.0662	0.1130	0.0470	0.1133	0.1333	0.0264
000388	P	0.262269	0.210645	0.366698	0.0157	0.0433	0.0920	0.0390	0.1039	0.1397	0.0200
000389	T	0.317957	0.197051	0.363992	0.0082	0.0592	0.0820	0.0350	0.1107	0.1464	0.0160
000390	P	0.354525	0.173994	0.359947	0.0086	0.0780	0.0730	0.0310	0.1147	0.1503	0.0128
000391	I	0.318892	0.145097	0.358466	0.0078	0.0734	0.0760	0.0390	0.1036	0.1437	0.0113
000392	P	0.278219	0.115089	0.354922	0.0042	0.0734	0.0750	0.0370	0.0909	0.1375	0.0101
000393	I	0.251061	0.090644	0.351678	0.0157	0.0985	0.0760	0.0350	0.0886	0.1299	0.0094
000394	C	0.222284	0.080099	0.346636	0.0167	0.0543	0.0680	0.0270	0.0735	0.1294	0.0081
000395	R	0.167240	0.072032	0.343233	0.0084	0.0235	0.0660	0.0220	0.0562	0.1281	0.0097
000396	E	0.117037	0.066035	0.339914	0.0052	0.0202	0.0700	0.0200	0.0464	0.1255	0.0097
000397	Y	0.112900	0.061997	0.336091	0.0029	0.0258	0.0710	0.0200	0.0457	0.1238	0.0097
000398	C	0.056667	0.052174	0.333316	0.0042	0.0405	0.0640	0.0140	0.0363	0.1229	0.0100
000399	L	0.019255	0.047007	0.331276	0.0037	0.0202	0.0630	0.0120	0.0255	0.1264	0.0140
000400	A	0.009819	0.062204	0.329546	0.0042	0.0136	0.0620	0.0150	0.0253	0.1265	0.0191
000401	V	0.009770	0.068659	0.328964	0.0013	0.0096	0.0620	0.0170	0.0252	0.1269	0.0262
000402	K	0.007262	0.070982	0.324639	0.0013	0.0113	0.0620	0.0170	0.0254	0.1252	0.0358
000403	E	0.006672	0.076331	0.324413	0.0008	0.0111	0.0630	0.0170	0.0264	0.1251	0.0507
000404	L	0.002698	0.078933	0.324956	0.0010	0.0178	0.0670	0.0180	0.0279	0.1251	0.0693
000405	F	0.004538	0.080414	0.326354	0.0061	0.0341	0.0680	0.0210	0.0322	0.1235	0.0882
000406	C	0.007976	0.090866	0.328965	0.0069	0.0356	0.0690	0.0260	0.0350	0.1240	0.0920
000407	A	0.010085	0.104966	0.326784	0.0062	0.0300	0.0790	0.0380	0.0383	0.1233	0.1279
000408	K	0.010777	0.129267	0.323719	0.0116	0.0531	0.0840	0.0380	0.0482	0.1201	0.1706
000409	E	0.021777	0.155470	0.319591	0.0308	0.1070	0.0880	0.0370	0.0671	0.1132	0.2211
000410	W	0.022994	0.181418	0.315410	0.0464	0.1028	0.1150	0.0530	0.0781	0.1103	0.2517
000411	L	0.041968	0.209424	0.312320	0.0554	0.0676	0.1400	0.0670	0.0858	0.1101	0.2815
000412	V	0.097499	0.236474	0.310555	0.0542	0.0948	0.1500	0.0670	0.1055	0.1033	0.2989
000413	M	0.162227	0.284724	0.308076	0.0308	0.0929	0.2010	0.0770	0.1286	0.1109	0.3097
000414	E	0.218415	0.332789	0.304986	0.0274	0.0929	0.1970	0.0620	0.1447	0.1195	0.3037
000415	E	0.280115	0.372517	0.300632	0.0441	0.1137	0.2180	0.0600	0.1714	0.1229	0.2986
000416	K	0.320503	0.409963	0.305428	0.0813	0.1881	0.2370	0.0760	0.2062	0.1164	0.3051
000417	T	0.399655	0.425025	0.312477	0.1456	0.2224	0.2320	0.0880	0.2375	0.1124	0.3171
000418	H	0.474687	0.453874	0.322071	0.1566	0.1823	0.2120	0.0710	0.2465	0.1380	0.3041
000419	R	0.560799	0.481345	0.334203	0.1060	0.1791	0.1990	0.0650	0.2543	0.1745	0.3067
000420	G	0.626446	0.500535	0.340221	0.0643	0.1206	0.1740	0.0600	0.2476	0.2126	0.3128
000421	L	0.653826	0.508319	0.342847	0.1205	0.2129	0.1640	0.0640	0.2766	0.2007	0.3278
000422	Y	0.644311	0.493475	0.344306	0.1349	0.2988	0.1240	0.0540	0.2826	0.1943	0.3291
000423	R	0.640353	0.486184	0.348705	0.1998	0.2470	0.1080	0.0400	0.2802	0.1889	0.3390
000424	S	0.640736	0.459874	0.353167	0.2385	0.2752	0.1100	0.0370	0.2874	0.1794	0.3380
000425	E	0.676650	0.435908	0.355746	0.1566	0.2541	0.1010	0.0290	0.2707	0.2006	0.3453
000426	M	0.664746	0.394785	0.361511	0.1566	0.1702	0.1010	0.0300	0.2479	0.2018	0.3523
000427	H	0.631534	0.376217	0.368105	0.1635	0.1881	0.0990	0.0300	0.2431	0.1890	0.3564
000428	L	0.546764	0.377203	0.373119	0.1178	0.1759	0.0960	0.0270	0.2189	0.1749	0.3606
000429	L	0.483839	0.388350	0.380517	0.1532	0.1554	0.1020	0.0280	0.2139	0.1584	0.3474
000430	S	0.415773	0.433673	0.387036	0.1698	0.1528	0.1090	0.0250	0.2135	0.1506	0.3227
000431	V	0.371358	0.477294	0.390928	0.1456	0.0909	0.1070	0.0290	0.1987	0.1669	0.3013
000432	P	0.321403	0.511980	0.393849	0.1998	0.1476	0.1100	0.0290	0.2150	0.1567	0.2741
000433	E	0.256728	0.526133	0.401824	0.1878	0.2470	0.1170	0.0320	0.2225	0.1519	0.2626
000434	C	0.179992	0.536887	0.410043	0.1998	0.2503	0.1270	0.0400	0.2156	0.1590	0.2506
000435	S	0.114201	0.540383	0.419165	0.2167	0.2292	0.1300	0.0450	0.2050	0.1698	0.2610
000436	K	0.063337	0.534204	0.428027	0.2122	0.1229	0.1370	0.0480	0.1783	0.1862	0.2757
000437	L	0.061943	0.528026	0.437877	0.2255	0.1275	0.1420	0.0500	0.1809	0.1858	0.2854
000438	P	0.042076	0.527433	0.448480	0.1732	0.1323	0.1420	0.0450	0.1695	0.1934	0.2919
000439	S	0.027818	0.518268	0.459804	0.2167	0.1323	0.1690	0.0430	0.1773	0.1924	0.3016
000440	M	0.017263	0.507127	0.467967	0.2913	0.2064	0.1920	0.0570	0.2023	0.1852	0.3255
000441	H	0.013707	0.539302	0.476867	0.2292	0.2064	0.1980	0.0490	0.1978	0.1956	0.3437
000442	W	0.013206	0.555118	0.482966	0.3053	0.1942	0.2080	0.0540	0.2127	0.1996	0.3596
000443	D	0.011875	0.566372	0.489065	0.2748	0.1881	0.1720	0.0500	0.2022	0.2072	0.3824
000444	P	0.014214	0.572662	0.495165	0.2167	0.1070	0.1580	0.0410	0.1781	0.2198	0.4024
000445	T	0.013969	0.538669	0.501874	0.3146	0.2002	0.1590	0.0430	0.2044	0.2044	0.4254
000446	A	0.011463	0.553585	0.513619	0.2333	0.2064	0.1580	0.0430	0.1938	0.2113	0.4307
000447	C	0.009387	0.540189	0.519201	0.2333	0.2193	0.1640	0.0420	0.1944	0.2091	0.4251
000448	A	0.009199	0.518955	0.525671	0.3005	0.3019	0.1700	0.0490	0.2168	0.2026	0.4113
000449	R	0.013875	0.549092	0.530339	0.2913	0.2129	0.1870	0.0500	0.2090	0.2099	0.4007
000450	L	0.016245	0.567231	0.533886	0.2963	0.2193	0.2140	0.0650	0.2188	0.2112	0.3894
000451	P	0.018856	0.611814	0.542507	0.2786	0.2541	0.2310	0.0640	0.2324	0.2192	0.3912
000452	H	0.021659	0.650216	0.554082	0.2913	0.1583	0.2720	0.0600	0.2323	0.2356	0.3860
000453	L	0.020268	0.688961	0.565274	0.4078	0.2645	0.3330	0.0660	0.2858	0.2341	0.3790
000454	D	0.033964	0.710836	0.574312	0.3225	0.2715	0.3930	0.0670	0.2886	0.2370	0.3851
000455	Y	0.053961	0.729935	0.584909	0.3263	0.2224	0.4300	0.0590	0.2938	0.2440	0.3935
000456	N	0.053996	0.748253	0.597707	0.3456	0.2224	0.4150	0.0680	0.2976	0.2498	0.4037
000457	K	0.054236	0.768236	0.604883	0.3456	0.2470	0.4520	0.0590	0.3112	0.2537	0.4131
000458	E	0.049785	0.780562	0.611420	0.4245	0.3529	0.4520	0.0540	0.3432	0.2476	0.4216
000459	N	0.047467	0.799632	0.619773	0.4379	0.3807	0.5440	0.0640	0.3682	0.2543	0.4305
000460	L	0.049653	0.815446	0.624582	0.4282	0.3983	0.5880	0.0580	0.3799	0.2596	0.4191
000461	K	0.047170	0.826129	0.628810	0.4879	0.4685	0.5510	0.0540	0.3968	0.2574	0.3984
000462	T	0.054413	0.838263	0.638239	0.4879	0.3910	0.5940	0.0660	0.3943	0.2648	0.3832
000463	F	0.049156	0.852712	0.649105	0.4918	0.4087	0.5550	0.0740	0.3929	0.2682	0.3683
000464	P	0.056214	0.865749	0.656689	0.4918	0.4017	0.5180	0.0660	0.3888	0.2699	0.3507
000465	P	0.112096	0.876994	0.662885	0.4967	0.4087	0.6420	0.0650	0.4227	0.2628	0.3414
000466	M	0.182094	0.881406	0.667346	0.5126	0.5176	0.7050	0.0820	0.4664	0.2433	0.3340
000467	T	0.277944	0.885031	0.671082	0.5296	0.4330	0.7080	0.0770	0.4723	0.2266	0.3224
000468	S	0.386229	0.888530	0.672119	0.5296	0.4507	0.6780	0.0730	0.4888	0.2011	0.3117
000469	S	0.490953	0.896673	0.676730	0.4556	0.4292	0.6360	0.0950	0.4848	0.1972	0.3012
000470	K	0.601319	0.896252	0.681174	0.4703	0.4186	0.5950	0.1270	0.4970	0.1918	0.2926
000471	P	0.701992	0.902247	0.689080	0.5084	0.4901	0.6080	0.1070	0.5352	0.1800	0.2817
000472	S	0.799424	0.913191	0.694986	0.4967	0.4864	0.7290	0.0720	0.5709	0.1926	0.2765
000473	V	0.880831	0.927957	0.701717	0.4918	0.4766	0.7860	0.0810	0.5939	0.2109	0.2723
000474	D	0.932439	0.930389	0.705843	0.5549	0.5992	0.7410	0.1080	0.6263	0.1877	0.2630
000475	I	0.969486	0.929879	0.706006	0.5296	0.4541	0.7980	0.0920	0.6136	0.2243	0.2538
000476	P	0.982188	0.933254	0.707073	0.5043	0.4330	0.7390	0.1440	0.5987	0.2334	0.2429
000477	N	0.983962	0.933288	0.700509	0.4203	0.4051	0.8420	0.0820	0.5975	0.2585	0.2324
000478	L	0.983893	0.930931	0.690022	0.4149	0.3983	0.8670	0.0620	0.5992	0.2622	0.2288
000479	P	0.982661	0.926855	0.678400	0.3399	0.4220	0.8520	0.0690	0.5873	0.2704	0.2204
000480	S	0.982078	0.922033	0.666665	0.3359	0.4330	0.8740	0.0480	0.5912	0.2702	0.2145
000481	S	0.984584	0.915947	0.655067	0.3578	0.3426	0.8900	0.0450	0.5818	0.2833	0.2090
000482	S	0.985961	0.907574	0.640850	0.3311	0.3182	0.8970	0.0460	0.5732	0.2929	0.2050
000483	S	0.986487	0.896475	0.627095	0.2432	0.2918	0.9200	0.0490	0.5563	0.3178	0.2018
000484	S	0.984455	0.886877	0.613680	0.2865	0.3529	0.9110	0.0580	0.5702	0.2936	0.2018
000485	S	0.984838	0.877444	0.598659	0.2292	0.2849	0.9170	0.0590	0.5488	0.3183	0.2050
000486	F	0.977339	0.863014	0.581114	0.2786	0.2884	0.9230	0.0640	0.5551	0.3047	0.2147
000487	S	0.966595	0.845142	0.562647	0.1805	0.1881	0.9040	0.0860	0.5141	0.3382	0.2256
000488	V	0.955852	0.818214	0.545924	0.1178	0.1759	0.8690	0.0990	0.4894	0.3438	0.2411
000489	S	0.944480	0.774223	0.528809	0.1018	0.1702	0.8140	0.1200	0.4674	0.3335	0.2495
000490	P	0.836322	0.729395	0.512008	0.0884	0.1275	0.7680	0.1470	0.4250	0.3133	0.2652
000491	T	0.727255	0.688123	0.495420	0.0526	0.1298	0.7080	0.1600	0.3843	0.2892	0.2893
000492	Y	0.619520	0.642187	0.478705	0.0441	0.1298	0.7110	0.1530	0.3578	0.2706	0.3138
000493	S	0.514344	0.591651	0.460623	0.0441	0.0704	0.6440	0.1310	0.3108	0.2526	0.3364
000494	M	0.405165	0.531347	0.441909	0.0441	0.0605	0.6500	0.1360	0.2819	0.2395	0.3636
000495	T	0.302172	0.481295	0.424225	0.0226	0.0372	0.5790	0.0880	0.2371	0.2243	0.3794
000496	V	0.203207	0.429671	0.404284	0.0173	0.0202	0.5600	0.1010	0.2051	0.2182	0.4007
000497	I	0.104201	0.408697	0.384024	0.0218	0.0269	0.5490	0.1100	0.1852	0.2162	0.4164
000498	I	0.005176	0.392321	0.365181	0.0102	0.0184	0.5020	0.1120	0.1548	0.2174	0.4277
000499	S	0.003147	0.349768	0.346889	0.0109	0.0171	0.4920	0.1170	0.1455	0.2070	0.4336
000500	I	0.001860	0.293287	0.327986	0.0069	0.0181	0.5000	0.1520	0.1366	0.2008	0.4176
000501	M	0.001401	0.282927	0.310272	0.0027	0.0108	0.4550	0.1800	0.1254	0.1875	0.4106
000502	S	0.000907	0.231395	0.292740	0.0026	0.0109	0.3930	0.1800	0.1065	0.1651	0.4205
000503	S	0.000657	0.178144	0.275076	0.0026	0.0178	0.3490	0.1720	0.0913	0.1467	0.4288
000504	F	0.000449	0.157599	0.256897	0.0027	0.0127	0.2740	0.1130	0.0747	0.1255	0.4336
000505	A	0.000370	0.154575	0.241631	0.0035	0.0100	0.2090	0.0760	0.0629	0.1095	0.4253
000506	I	0.000353	0.142859	0.229482	0.0012	0.0076	0.2010	0.0800	0.0588	0.1046	0.4221
000507	F	0.000501	0.124946	0.216106	0.0010	0.0073	0.2120	0.0970	0.0577	0.1021	0.4166
000508	V	0.000574	0.122316	0.207801	0.0013	0.0097	0.2840	0.1600	0.0696	0.1160	0.4135
000509	L	0.000647	0.113903	0.201498	0.0026	0.0143	0.4980	0.2300	0.1049	0.1796	0.4120
000510	L	0.000825	0.107773	0.194090	0.0028	0.0148	0.8160	0.1610	0.1570	0.2904	0.4088
000511	T	0.015837	0.102617	0.186645	0.0055	0.0235	0.9400	0.0730	0.1813	0.3331	0.3992
000512	I	0.030711	0.089178	0.181745	0.0070	0.0313	0.9530	0.0630	0.1852	0.3363	0.3957
000513	T	0.079815	0.073446	0.182958	0.0074	0.0168	0.9380	0.0860	0.1859	0.3291	0.3993
000514	T	0.149957	0.064310	0.184364	0.0078	0.0171	0.9490	0.0680	0.1980	0.3298	0.3977
000515	L	0.248347	0.057159	0.187851	0.0081	0.0349	0.9600	0.0520	0.2181	0.3305	0.3971
000516	Y	0.347629	0.058508	0.194248	0.0099	0.0405	0.9720	0.0350	0.2381	0.3357	0.3917
000517	C	0.450649	0.075621	0.202789	0.0182	0.0676	0.9740	0.0300	0.2643	0.3358	0.3879
000518	C	0.553744	0.099209	0.215989	0.0387	0.1323	0.8940	0.0760	0.2863	0.3071	0.3771
000519	R	0.658350	0.141354	0.225891	0.0587	0.1914	0.4670	0.1860	0.2528	0.2101	0.3625
000520	R	0.747186	0.204694	0.237102	0.1060	0.2575	0.3710	0.1260	0.2811	0.2099	0.3468
000521	R	0.836170	0.289223	0.252407	0.1732	0.3019	0.4100	0.1330	0.3352	0.2210	0.3300
000522	K	0.890927	0.393203	0.271064	0.1805	0.2680	0.5050	0.1360	0.3729	0.2396	0.3111
000523	Q	0.928633	0.481768	0.291426	0.2483	0.2884	0.6120	0.1500	0.4266	0.2445	0.2899
000524	W	0.939258	0.606852	0.311007	0.2292	0.2884	0.6540	0.1580	0.4530	0.2575	0.2712
000525	K	0.949440	0.683884	0.326912	0.1805	0.2094	0.5280	0.1380	0.4252	0.2794	0.2605
000526	N	0.956812	0.726880	0.339414	0.2748	0.2849	0.4780	0.1510	0.4535	0.2589	0.2489
000527	K	0.964243	0.723201	0.350692	0.2963	0.3807	0.4090	0.1350	0.4623	0.2482	0.2413
000528	K	0.925038	0.655338	0.361558	0.3491	0.3807	0.2960	0.0900	0.4343	0.2325	0.2333
000529	R	0.835228	0.605326	0.372399	0.4037	0.4801	0.2390	0.0750	0.4272	0.2000	0.2289
000530	E	0.741852	0.585389	0.387397	0.3225	0.4685	0.2090	0.0870	0.3878	0.1858	0.2248
000531	S	0.652280	0.526716	0.400925	0.3456	0.4831	0.1920	0.0700	0.3667	0.1596	0.2216
000532	A	0.614018	0.491721	0.415268	0.3535	0.4017	0.2000	0.0720	0.3435	0.1439	0.2201
000533	A	0.594773	0.460295	0.427696	0.3491	0.3249	0.2100	0.0600	0.3232	0.1396	0.2245
000534	V	0.561808	0.429542	0.441190	0.2820	0.2364	0.2120	0.0490	0.2870	0.1459	0.2332
000535	T	0.509713	0.404636	0.452955	0.3184	0.3631	0.2130	0.0470	0.3015	0.1216	0.2451
000536	L	0.477556	0.391634	0.464996	0.2483	0.3667	0.2170	0.0560	0.2835	0.1257	0.2526
000537	T	0.462040	0.397243	0.477027	0.2531	0.2783	0.2090	0.0470	0.2666	0.1312	0.2609
000538	T	0.508556	0.418228	0.490418	0.2558	0.2783	0.2160	0.0450	0.2795	0.1419	0.2704
000539	L	0.560024	0.456577	0.504949	0.1844	0.3053	0.2170	0.0500	0.2872	0.1665	0.2808
000540	P	0.603060	0.463661	0.519762	0.1844	0.3117	0.2040	0.0450	0.2945	0.1804	0.2909
000541	S	0.603431	0.506495	0.535150	0.2080	0.3182	0.2140	0.0430	0.3083	0.1812	0.3037
000542	E	0.561517	0.533014	0.550107	0.2122	0.2884	0.2240	0.0550	0.3032	0.1804	0.3183
000543	L	0.546626	0.570804	0.562668	0.2700	0.2224	0.2280	0.0630	0.3062	0.1862	0.3401
000544	L	0.565940	0.580342	0.574207	0.2602	0.2645	0.2300	0.0820	0.3168	0.1877	0.3590
000545	L	0.552909	0.550365	0.585187	0.2432	0.3286	0.2310	0.1070	0.3177	0.1799	0.3698
000546	D	0.568278	0.565267	0.590748	0.2602	0.2849	0.2250	0.0970	0.3172	0.1881	0.3767
000547	R	0.545402	0.563225	0.592885	0.3359	0.3807	0.2530	0.1060	0.3463	0.1620	0.3885
000548	L	0.513954	0.550077	0.593515	0.2865	0.2951	0.2490	0.0760	0.3158	0.1717	0.3996
000549	H	0.494842	0.580960	0.591102	0.3146	0.2129	0.2530	0.0850	0.3093	0.1827	0.4104
000550	P	0.460267	0.578931	0.590294	0.3096	0.2064	0.2620	0.0960	0.3028	0.1801	0.4253
000551	N	0.447774	0.554394	0.583918	0.2122	0.1969	0.2910	0.1010	0.2837	0.1840	0.4214
000552	P	0.421380	0.530653	0.572921	0.1416	0.2224	0.3040	0.1100	0.2700	0.1837	0.3992
000553	M	0.417239	0.521236	0.559008	0.1532	0.2064	0.3500	0.1430	0.2747	0.1766	0.3769
000554	Y	0.431879	0.500985	0.541254	0.2333	0.2002	0.3870	0.1570	0.2922	0.1560	0.3669
000555	Q	0.434657	0.501861	0.521060	0.3096	0.1969	0.3490	0.1600	0.2986	0.1428	0.3579
000556	R	0.473379	0.441286	0.502433	0.2963	0.2680	0.3420	0.1550	0.3035	0.1226	0.3410
000557	M	0.519287	0.403015	0.486291	0.1998	0.1759	0.3190	0.1410	0.2694	0.1545	0.3198
000558	P	0.566340	0.385028	0.472094	0.1998	0.1881	0.2590	0.1300	0.2664	0.1617	0.3042
000559	L	0.592634	0.331081	0.457700	0.1878	0.1702	0.2630	0.1360	0.2575	0.1685	0.2879
000560	L	0.616311	0.302309	0.444695	0.1878	0.1942	0.2710	0.1420	0.2620	0.1687	0.2777
000561	L	0.627640	0.300230	0.427391	0.1088	0.1731	0.2720	0.1300	0.2469	0.1851	0.2773
000562	N	0.633401	0.313160	0.409640	0.1205	0.1731	0.2610	0.1240	0.2501	0.1822	0.2875
000563	P	0.592980	0.336534	0.391217	0.1041	0.1611	0.2600	0.1110	0.2425	0.1732	0.3008
000564	K	0.556583	0.345312	0.374898	0.1266	0.1229	0.2690	0.1100	0.2367	0.1630	0.3158
000565	L	0.528999	0.359145	0.357331	0.1921	0.2094	0.2620	0.1090	0.2586	0.1290	0.3308
000566	L	0.503781	0.354048	0.344278	0.1088	0.1229	0.2320	0.0860	0.2203	0.1504	0.3489
000567	S	0.470383	0.359496	0.333695	0.1150	0.0799	0.2080	0.0810	0.2054	0.1496	0.3803
000568	L	0.470616	0.357347	0.321379	0.0909	0.1048	0.2130	0.0870	0.2061	0.1470	0.4183
000569	E	0.480533	0.355589	0.305851	0.0464	0.0967	0.1840	0.0720	0.1939	0.1593	0.4077
000570	Y	0.497228	0.340729	0.289295	0.0771	0.0888	0.1690	0.0670	0.1954	0.1566	0.3689
000571	P	0.487590	0.343749	0.272564	0.1322	0.1373	0.1390	0.0450	0.2067	0.1396	0.3355
000572	R	0.494649	0.323450	0.254823	0.1205	0.2193	0.1260	0.0330	0.2141	0.1347	0.3081
000573	N	0.518650	0.301307	0.238404	0.1178	0.2064	0.1270	0.0320	0.2119	0.1407	0.2899
000574	N	0.504031	0.303011	0.223469	0.1060	0.1554	0.1150	0.0280	0.1972	0.1431	0.2722
000575	I	0.489075	0.288405	0.206137	0.1041	0.0799	0.1070	0.0240	0.1780	0.1472	0.2552
000576	E	0.449621	0.268022	0.189029	0.1349	0.1275	0.0990	0.0260	0.1798	0.1238	0.2499
000577	Y	0.404158	0.251361	0.175597	0.1292	0.1942	0.0990	0.0350	0.1796	0.1040	0.2465
000578	V	0.350340	0.255571	0.163872	0.1266	0.1399	0.0800	0.0190	0.1587	0.0946	0.2477
000579	R	0.302091	0.240778	0.153500	0.1958	0.1162	0.0890	0.0220	0.1573	0.0772	0.2517
000580	D	0.247555	0.229930	0.142730	0.1322	0.1115	0.0820	0.0140	0.1338	0.0651	0.2624
000581	I	0.217361	0.234534	0.135304	0.1266	0.1554	0.0730	0.0100	0.1344	0.0595	0.2685
000582	G	0.179332	0.234937	0.131147	0.1178	0.1373	0.0680	0.0100	0.1229	0.0564	0.2777
000583	E	0.159443	0.230139	0.128209	0.0935	0.1137	0.0660	0.0110	0.1105	0.0567	0.2871
000584	G	0.137129	0.227295	0.126418	0.0884	0.1206	0.0710	0.0160	0.1073	0.0541	0.2931
000585	A	0.140287	0.220578	0.126127	0.0660	0.1115	0.0700	0.0170	0.1013	0.0558	0.3013
000586	F	0.137607	0.207843	0.127455	0.1380	0.1206	0.0630	0.0150	0.1111	0.0474	0.3083
000587	G	0.148939	0.217978	0.134083	0.1322	0.0676	0.0600	0.0160	0.1044	0.0575	0.3062
000588	R	0.169128	0.215636	0.139591	0.1416	0.1399	0.0600	0.0170	0.1211	0.0517	0.3084
000589	V	0.171400	0.207708	0.143283	0.1416	0.1184	0.0610	0.0180	0.1168	0.0511	0.3123
000590	F	0.163615	0.209539	0.147482	0.1667	0.1275	0.0640	0.0200	0.1220	0.0507	0.3157
000591	Q	0.154349	0.209757	0.151157	0.0935	0.1373	0.0600	0.0180	0.1091	0.0539	0.3141
000592	A	0.147831	0.209008	0.156517	0.1698	0.1229	0.0620	0.0190	0.1186	0.0521	0.3156
000593	R	0.145544	0.226776	0.164327	0.1998	0.1298	0.0620	0.0210	0.1273	0.0593	0.3190
000594	A	0.139699	0.228037	0.170065	0.1240	0.0948	0.0690	0.0250	0.1092	0.0589	0.3262
000595	P	0.128344	0.232712	0.177832	0.1240	0.0646	0.0680	0.0230	0.1029	0.0662	0.3397
000596	G	0.105293	0.252512	0.189279	0.1178	0.0662	0.0700	0.0220	0.1019	0.0741	0.3472
000597	L	0.084148	0.254724	0.200661	0.1322	0.0929	0.0800	0.0260	0.1073	0.0737	0.3546
000598	L	0.070426	0.248767	0.206567	0.1117	0.0948	0.0830	0.0260	0.1015	0.0755	0.3572
000599	P	0.090109	0.255157	0.217503	0.0701	0.0734	0.0940	0.0290	0.0971	0.0825	0.3530
000600	Y	0.096186	0.253467	0.229545	0.1088	0.0704	0.1200	0.0390	0.1082	0.0791	0.3465
000601	E	0.103030	0.249201	0.241964	0.1380	0.1399	0.1330	0.0420	0.1272	0.0694	0.3446
000602	P	0.103666	0.236228	0.255878	0.0813	0.1449	0.1370	0.0410	0.1173	0.0775	0.3415
000603	F	0.105314	0.209027	0.266352	0.1018	0.1881	0.1420	0.0420	0.1244	0.0737	0.3371
000604	T	0.122390	0.208805	0.277095	0.1205	0.1583	0.1390	0.0320	0.1248	0.0725	0.3285
000605	M	0.143812	0.206547	0.285618	0.1635	0.1881	0.1450	0.0230	0.1411	0.0682	0.3131
000606	V	0.149101	0.256176	0.297666	0.1178	0.1399	0.1480	0.0220	0.1352	0.0834	0.2944
000607	A	0.223101	0.275038	0.304295	0.1205	0.1528	0.1670	0.0270	0.1565	0.0834	0.2790
000608	V	0.269338	0.311635	0.307866	0.1495	0.1852	0.2060	0.0320	0.1870	0.0803	0.2675
000609	K	0.293695	0.363647	0.312361	0.2292	0.2715	0.2270	0.0590	0.2309	0.0706	0.2608
000610	M	0.346179	0.422665	0.316219	0.1635	0.2164	0.2740	0.0750	0.2371	0.0998	0.2601
000611	L	0.415637	0.480528	0.318905	0.2558	0.3249	0.2770	0.0870	0.2922	0.0949	0.2555
000612	K	0.492553	0.521183	0.320370	0.1998	0.2002	0.2960	0.0940	0.2849	0.1383	0.2476
000613	E	0.562848	0.559909	0.323064	0.1878	0.1881	0.3230	0.0990	0.3035	0.1635	0.2425
000614	E	0.627771	0.598729	0.326237	0.1732	0.3019	0.3720	0.1230	0.3455	0.1715	0.2362
000615	A	0.697124	0.607061	0.328775	0.1732	0.3117	0.3870	0.1120	0.3626	0.1879	0.2291
000616	S	0.710335	0.598200	0.331147	0.2122	0.3182	0.3900	0.1030	0.3714	0.1809	0.2305
000617	A	0.726433	0.593494	0.335337	0.3053	0.3494	0.4220	0.0980	0.3994	0.1636	0.2298
000618	D	0.785027	0.586171	0.334558	0.2963	0.3053	0.4060	0.1310	0.3965	0.1867	0.2304
000619	M	0.814151	0.577426	0.333525	0.3359	0.3286	0.3330	0.1010	0.3982	0.1925	0.2253
000620	Q	0.815196	0.549328	0.332613	0.2602	0.2951	0.3110	0.0860	0.3718	0.2048	0.2213
000621	A	0.771735	0.525139	0.332974	0.2700	0.3494	0.2620	0.0790	0.3630	0.1886	0.2134
000622	D	0.737261	0.506351	0.329597	0.3005	0.3117	0.2610	0.0800	0.3528	0.1755	0.2144
000623	F	0.696779	0.487417	0.324954	0.3184	0.3249	0.2950	0.0910	0.3537	0.1538	0.2117
000624	Q	0.649606	0.454524	0.319854	0.1921	0.3215	0.2880	0.1030	0.3177	0.1557	0.2114
000625	R	0.598847	0.426350	0.314681	0.1878	0.3321	0.2830	0.0930	0.3046	0.1393	0.2110
000626	E	0.559760	0.394686	0.307716	0.2209	0.3774	0.2440	0.0720	0.2994	0.1240	0.2123
000627	A	0.505413	0.357023	0.298824	0.2483	0.2884	0.2300	0.0580	0.2715	0.1044	0.2041
000628	A	0.445102	0.319553	0.287828	0.2786	0.2541	0.2100	0.0430	0.2513	0.0876	0.1990
000629	L	0.400470	0.301131	0.278435	0.1766	0.2436	0.2050	0.0520	0.2210	0.0863	0.1947
000630	M	0.418491	0.283480	0.267727	0.1532	0.2064	0.1970	0.0660	0.2097	0.0964	0.1905
000631	A	0.403886	0.280727	0.258712	0.1380	0.1323	0.1750	0.0530	0.1884	0.1047	0.1889
000632	E	0.379243	0.276261	0.249165	0.1060	0.1528	0.1580	0.0400	0.1787	0.1009	0.1929
000633	F	0.338594	0.264097	0.237286	0.0526	0.0985	0.1540	0.0390	0.1512	0.1063	0.1886
000634	D	0.299543	0.252991	0.227952	0.0991	0.1092	0.1390	0.0420	0.1499	0.0851	0.1863
000635	N	0.248383	0.236653	0.218451	0.0542	0.0835	0.1240	0.0380	0.1245	0.0850	0.1751
000636	P	0.206512	0.204011	0.209856	0.0297	0.0543	0.1110	0.0260	0.1009	0.0827	0.1668
000637	N	0.171945	0.173472	0.199675	0.0182	0.0473	0.1070	0.0300	0.0863	0.0757	0.1583
000638	I	0.134299	0.146306	0.193067	0.0131	0.0581	0.1070	0.0440	0.0764	0.0672	0.1545
000639	V	0.071575	0.124852	0.189112	0.0167	0.0835	0.0960	0.0420	0.0655	0.0612	0.1523
000640	K	0.031952	0.105390	0.183988	0.0304	0.1007	0.0940	0.0430	0.0604	0.0602	0.1501
000641	L	0.007498	0.096419	0.180261	0.0464	0.0734	0.0900	0.0410	0.0523	0.0609	0.1535
000642	L	0.006746	0.090843	0.176672	0.0425	0.0543	0.0810	0.0340	0.0459	0.0605	0.1455
000643	G	0.005574	0.079960	0.174412	0.0157	0.0294	0.0680	0.0260	0.0332	0.0638	0.1372
000644	V	0.005028	0.074376	0.171487	0.0179	0.0294	0.0610	0.0200	0.0313	0.0623	0.1378
000645	C	0.003659	0.071371	0.166839	0.0084	0.0306	0.0520	0.0150	0.0277	0.0617	0.1402
000646	A	0.002279	0.068483	0.161883	0.0038	0.0168	0.0490	0.0150	0.0234	0.0616	0.1541
000647	V	0.001779	0.073956	0.157212	0.0034	0.0119	0.0480	0.0170	0.0232	0.0607	0.1692
000648	G	0.001665	0.078736	0.151164	0.0012	0.0097	0.0460	0.0180	0.0229	0.0594	0.1899
000649	K	0.000581	0.075305	0.146757	0.0026	0.0096	0.0430	0.0170	0.0219	0.0576	0.2145
000650	P	0.000371	0.068380	0.145809	0.0031	0.0125	0.0430	0.0170	0.0211	0.0564	0.2363
000651	M	0.000478	0.066215	0.144975	0.0010	0.0134	0.0420	0.0140	0.0205	0.0561	0.2555
000652	C	0.000860	0.059032	0.142792	0.0029	0.0133	0.0400	0.0120	0.0194	0.0546	0.2724
000653	L	0.001093	0.056207	0.142659	0.0069	0.0209	0.0410	0.0110	0.0210	0.0533	0.3146
000654	L	0.001576	0.061431	0.140836	0.0033	0.0235	0.0460	0.0140	0.0226	0.0530	0.3456
000655	F	0.002170	0.067224	0.141244	0.0067	0.0184	0.0540	0.0200	0.0247	0.0534	0.3626
000656	E	0.004069	0.074838	0.143477	0.0137	0.0198	0.0540	0.0190	0.0278	0.0534	0.3728
000657	Y	0.005512	0.077893	0.146661	0.0083	0.0240	0.0640	0.0200	0.0299	0.0550	0.3735
000658	M	0.007937	0.083085	0.149014	0.0086	0.0356	0.0680	0.0190	0.0338	0.0550	0.3804
000659	A	0.012214	0.096583	0.155453	0.0090	0.0269	0.0740	0.0200	0.0364	0.0586	0.3746
000660	Y	0.018108	0.133070	0.167441	0.0090	0.0269	0.0970	0.0290	0.0473	0.0671	0.3706
000661	G	0.025001	0.173846	0.183870	0.0066	0.0263	0.1150	0.0390	0.0578	0.0789	0.3731
000662	D	0.043206	0.224240	0.197172	0.0086	0.0349	0.1310	0.0470	0.0737	0.0893	0.3789
000663	L	0.050687	0.277965	0.215215	0.0259	0.0662	0.1380	0.0450	0.0931	0.0984	0.3792
000664	N	0.062545	0.320777	0.233872	0.0414	0.0719	0.1370	0.0390	0.1055	0.1087	0.3632
000665	E	0.076130	0.350093	0.253287	0.0723	0.0662	0.1480	0.0450	0.1188	0.1149	0.3612
000666	F	0.084638	0.376960	0.277001	0.0991	0.1275	0.1670	0.0520	0.1426	0.1148	0.3410
000667	L	0.096246	0.388629	0.301637	0.0425	0.0704	0.1570	0.0380	0.1257	0.1365	0.3209
000668	R	0.111050	0.397248	0.325045	0.0789	0.1229	0.1680	0.0380	0.1464	0.1302	0.2987
000669	S	0.113011	0.417144	0.350338	0.0643	0.1528	0.2030	0.0530	0.1583	0.1395	0.2721
000670	M	0.122178	0.439537	0.376153	0.0832	0.1791	0.2420	0.0710	0.1776	0.1438	0.2531
000671	S	0.121004	0.459625	0.400240	0.1322	0.2817	0.2620	0.0750	0.2095	0.1419	0.2291
000672	P	0.115712	0.501918	0.425544	0.1380	0.2064	0.2630	0.0790	0.2041	0.1599	0.2075
000673	H	0.140328	0.540273	0.452507	0.1495	0.1914	0.2810	0.0810	0.2170	0.1708	0.1891
000674	T	0.191329	0.567926	0.477231	0.1698	0.2224	0.2930	0.0760	0.2407	0.1701	0.1732
000675	V	0.248352	0.591556	0.501606	0.1732	0.2129	0.2840	0.0760	0.2517	0.1764	0.1617
000676	C	0.301294	0.619851	0.525426	0.1416	0.1671	0.2800	0.0730	0.2517	0.1971	0.1496
000677	S	0.363729	0.634039	0.547031	0.2483	0.2849	0.3050	0.0850	0.3059	0.1698	0.1600
000678	L	0.448336	0.649209	0.565640	0.2913	0.2988	0.3340	0.0820	0.3369	0.1663	0.1728
000679	S	0.503434	0.662060	0.584257	0.3005	0.2918	0.3170	0.0900	0.3459	0.1767	0.1879
000680	H	0.592052	0.669560	0.598076	0.2432	0.2918	0.3310	0.0990	0.3546	0.1966	0.2053
000681	S	0.698858	0.671288	0.611232	0.2865	0.3599	0.3120	0.0940	0.3880	0.2015	0.2223
000682	D	0.772559	0.692522	0.628176	0.2913	0.3566	0.3490	0.1140	0.4104	0.2156	0.2438
000683	L	0.817063	0.712080	0.644777	0.2913	0.3566	0.4140	0.1530	0.4319	0.2228	0.2596
000684	S	0.861064	0.739496	0.662349	0.3053	0.3807	0.4410	0.1510	0.4545	0.2301	0.2716
000685	M	0.904844	0.763361	0.679243	0.3263	0.3948	0.4920	0.1500	0.4802	0.2349	0.2855
000686	R	0.933857	0.779851	0.690136	0.4149	0.3774	0.5190	0.1640	0.5042	0.2308	0.2946
000687	A	0.951470	0.777703	0.696607	0.5549	0.4652	0.5120	0.1730	0.5435	0.2050	0.3062
000688	Q	0.990103	0.784520	0.701703	0.4879	0.3774	0.5660	0.1740	0.5344	0.2331	0.3040
000689	V	0.994733	0.793895	0.711372	0.5514	0.4220	0.6480	0.1560	0.5684	0.2165	0.2904
000690	S	0.994220	0.795384	0.713458	0.4333	0.4441	0.6650	0.1320	0.5553	0.2290	0.2750
000691	S	0.985813	0.792112	0.709375	0.4203	0.4541	0.6580	0.0900	0.5517	0.2270	0.2605
000692	P	0.976570	0.786464	0.697446	0.4282	0.3740	0.7030	0.0730	0.5447	0.2366	0.2473
000693	G	0.967326	0.780067	0.686711	0.4245	0.2715	0.7880	0.0630	0.5385	0.2616	0.2377
000694	P	0.959427	0.754588	0.672718	0.4203	0.2645	0.7780	0.0780	0.5296	0.2582	0.2246
000695	P	0.944287	0.734473	0.659508	0.3225	0.2292	0.7720	0.0840	0.5004	0.2757	0.2144
000696	P	0.935566	0.698638	0.644728	0.2786	0.2752	0.6630	0.1290	0.4751	0.2597	0.2039
000697	L	0.920408	0.661023	0.623889	0.2432	0.2849	0.6130	0.1320	0.4537	0.2542	0.1964
000698	S	0.899010	0.620217	0.601831	0.2820	0.2541	0.5620	0.1430	0.4362	0.2409	0.1834
000699	C	0.854788	0.580692	0.580028	0.2748	0.2064	0.5370	0.1280	0.4089	0.2356	0.1705
000700	A	0.811135	0.510470	0.557446	0.2700	0.2364	0.4980	0.1270	0.3877	0.2130	0.1716
000701	E	0.739771	0.470369	0.534132	0.2333	0.2364	0.4250	0.1400	0.3508	0.1965	0.1737
000702	Q	0.644017	0.400796	0.513494	0.1958	0.1914	0.3870	0.1410	0.3032	0.1830	0.1736
000703	L	0.544958	0.320945	0.489281	0.1766	0.1424	0.3470	0.1290	0.2554	0.1685	0.1785
000704	C	0.496667	0.290507	0.463886	0.1532	0.0851	0.3110	0.1300	0.2228	0.1680	0.1779
000705	I	0.434500	0.291030	0.439551	0.1150	0.0424	0.2910	0.1260	0.1956	0.1657	0.1927
000706	A	0.403767	0.297521	0.416757	0.0587	0.0356	0.2720	0.1050	0.1780	0.1662	0.2099
000707	R	0.346082	0.290068	0.395005	0.0308	0.0356	0.2530	0.0900	0.1592	0.1571	0.2293
000708	Q	0.282940	0.245988	0.374492	0.0514	0.0605	0.2310	0.0740	0.1454	0.1323	0.2470
000709	V	0.225116	0.238716	0.356337	0.0542	0.0592	0.1980	0.0640	0.1292	0.1211	0.2723
000710	A	0.199967	0.226194	0.337846	0.1117	0.0506	0.1710	0.0650	0.1265	0.1064	0.2951
000711	A	0.214801	0.220711	0.322748	0.1322	0.0405	0.1420	0.0630	0.1250	0.1031	0.3126
000712	G	0.231604	0.221654	0.306887	0.0643	0.0349	0.1020	0.0380	0.1091	0.1113	0.3345
000713	M	0.205112	0.222197	0.288522	0.0376	0.0320	0.0860	0.0270	0.0972	0.1094	0.3650
000714	A	0.178908	0.231286	0.270485	0.0542	0.0605	0.0810	0.0290	0.1009	0.0967	0.3830
000715	Y	0.134759	0.251580	0.251229	0.0991	0.0618	0.0920	0.0400	0.1065	0.0867	0.4114
000716	L	0.125008	0.272654	0.231868	0.1495	0.0851	0.1410	0.0670	0.1289	0.0750	0.4256
000717	S	0.138582	0.289144	0.216406	0.1041	0.1092	0.1700	0.0760	0.1351	0.0744	0.4329
000718	E	0.150387	0.304857	0.204916	0.0771	0.1092	0.1600	0.0630	0.1336	0.0808	0.4249
000719	R	0.155807	0.309929	0.192937	0.0701	0.1070	0.1500	0.0590	0.1322	0.0823	0.4139
000720	K	0.146018	0.293078	0.175322	0.1060	0.0851	0.1240	0.0520	0.1258	0.0741	0.4101
000721	F	0.143664	0.285075	0.161435	0.1292	0.0631	0.1320	0.0550	0.1255	0.0719	0.4112
000722	V	0.146133	0.272642	0.149942	0.1060	0.0518	0.1350	0.0620	0.1186	0.0711	0.4211
000723	H	0.159583	0.252947	0.141183	0.0607	0.0506	0.1260	0.0560	0.1083	0.0713	0.4301
000724	R	0.161944	0.229958	0.133122	0.0478	0.0780	0.1060	0.0410	0.1039	0.0632	0.4005
000725	D	0.149198	0.214599	0.122868	0.0542	0.1028	0.0930	0.0290	0.1023	0.0542	0.3774
000726	L	0.136159	0.189377	0.110653	0.0935	0.1298	0.0790	0.0130	0.1046	0.0400	0.3430
000727	A	0.125069	0.175289	0.100886	0.1416	0.1449	0.0690	0.0150	0.1094	0.0378	0.3044
000728	T	0.118834	0.177878	0.093038	0.1088	0.1028	0.0670	0.0170	0.0959	0.0372	0.2730
000729	R	0.122119	0.171510	0.085955	0.0701	0.0888	0.0680	0.0190	0.0868	0.0389	0.2427
000730	N	0.113017	0.162360	0.079005	0.0478	0.0518	0.0650	0.0170	0.0733	0.0423	0.2135
000731	C	0.096845	0.156730	0.072490	0.0478	0.0414	0.0560	0.0120	0.0665	0.0412	0.1926
000732	L	0.071030	0.141811	0.066075	0.0542	0.0948	0.0480	0.0130	0.0683	0.0335	0.1845
000733	V	0.051024	0.126855	0.059421	0.0677	0.0690	0.0440	0.0130	0.0597	0.0289	0.1736
000734	G	0.046949	0.128977	0.053284	0.0744	0.0704	0.0430	0.0130	0.0606	0.0304	0.1641
000735	E	0.049625	0.123239	0.048015	0.0387	0.0414	0.0440	0.0120	0.0494	0.0307	0.1587
000736	N	0.049518	0.113139	0.043784	0.0363	0.0372	0.0440	0.0120	0.0467	0.0278	0.1546
000737	M	0.046142	0.105599	0.039477	0.0387	0.0618	0.0410	0.0100	0.0489	0.0246	0.1572
000738	V	0.038372	0.108087	0.034508	0.0502	0.0835	0.0390	0.0100	0.0532	0.0280	0.1593
000739	V	0.040078	0.110018	0.030517	0.0490	0.0463	0.0430	0.0130	0.0480	0.0266	0.1595
000740	K	0.055465	0.125241	0.026648	0.0490	0.0258	0.0450	0.0150	0.0501	0.0338	0.1585
000741	I	0.056927	0.135130	0.021768	0.0279	0.0240	0.0600	0.0200	0.0506	0.0394	0.1594
000742	A	0.054476	0.134933	0.017710	0.0252	0.0356	0.0540	0.0200	0.0507	0.0389	0.1576
000743	D	0.049634	0.133340	0.013051	0.0441	0.0662	0.0590	0.0200	0.0587	0.0365	0.1516
000744	F	0.044828	0.135958	0.007665	0.0526	0.0555	0.0760	0.0280	0.0608	0.0388	0.1481
000745	G	0.043363	0.148509	0.002172	0.0607	0.0320	0.0820	0.0330	0.0611	0.0460	0.1420
000746	L	0.042683	0.159106	-0.003915	0.0327	0.0281	0.0950	0.0400	0.0596	0.0535	0.1370
000747	S	0.036422	0.182293	-0.007714	0.0173	0.0218	0.0950	0.0460	0.0588	0.0640	0.1308
000748	R	0.025815	0.198284	-0.010658	0.0245	0.0313	0.1110	0.0430	0.0652	0.0706	0.1223
000749	N	0.003772	0.207751	-0.013304	0.0286	0.0531	0.1220	0.0430	0.0691	0.0763	0.1152
000750	I	0.001593	0.218875	-0.015549	0.0425	0.0835	0.1420	0.0560	0.0814	0.0815	0.1103
000751	Y	0.005626	0.242148	-0.016278	0.0464	0.0929	0.1500	0.0670	0.0895	0.0885	0.1057
000752	S	0.007888	0.276963	-0.016977	0.0789	0.1275	0.1610	0.0780	0.1088	0.0986	0.1017
000753	A	0.015920	0.303407	-0.018905	0.1060	0.0985	0.1900	0.0960	0.1190	0.1075	0.0976
000754	D	0.016321	0.339357	-0.020400	0.0832	0.1007	0.2080	0.1130	0.1245	0.1211	0.0941
000755	Y	0.016088	0.366824	-0.020446	0.0991	0.1229	0.2320	0.1250	0.1394	0.1310	0.0893
000756	Y	0.016069	0.422465	-0.019723	0.1150	0.1251	0.2440	0.1190	0.1538	0.1482	0.0854
000757	K	0.016786	0.439442	-0.017078	0.1178	0.1092	0.2440	0.1130	0.1546	0.1533	0.0807
000758	A	0.035082	0.467935	-0.014034	0.1117	0.0870	0.2610	0.1060	0.1605	0.1626	0.0785
000759	N	0.053340	0.453143	-0.010473	0.0587	0.0985	0.2630	0.0950	0.1545	0.1585	0.0761
000760	E	0.062395	0.433384	-0.006323	0.0425	0.1048	0.2420	0.0910	0.1476	0.1497	0.0739
000761	N	0.061976	0.381491	-0.001822	0.0832	0.1791	0.2240	0.0860	0.1550	0.1259	0.0700
000762	D	0.055786	0.330475	0.002451	0.1532	0.2645	0.1860	0.0750	0.1650	0.1127	0.0682
000763	A	0.076031	0.276866	0.006649	0.1602	0.1914	0.1620	0.0620	0.1444	0.0856	0.0644
000764	I	0.097317	0.254496	0.010858	0.1844	0.1323	0.1460	0.0580	0.1357	0.0749	0.0616
000765	P	0.107738	0.240456	0.015891	0.1088	0.0719	0.1100	0.0440	0.1066	0.0675	0.0590
000766	I	0.117508	0.214431	0.019594	0.1088	0.1298	0.0950	0.0380	0.1109	0.0573	0.0582
000767	R	0.105705	0.186740	0.023450	0.1041	0.2034	0.0810	0.0280	0.1135	0.0616	0.0584
000768	W	0.097943	0.172135	0.026215	0.1041	0.1298	0.0860	0.0280	0.0983	0.0444	0.0580
000769	M	0.099293	0.166743	0.028657	0.1150	0.1611	0.0880	0.0290	0.1050	0.0469	0.0554
000770	P	0.109866	0.178967	0.030221	0.0607	0.1611	0.0800	0.0240	0.0984	0.0532	0.0559
000771	P	0.121304	0.191164	0.031946	0.0554	0.1583	0.0680	0.0070	0.0990	0.0576	0.0580
000772	E	0.102080	0.205518	0.034299	0.0554	0.1501	0.0670	0.0080	0.0966	0.0595	0.0634
000773	S	0.082647	0.206427	0.037270	0.0567	0.1501	0.0750	0.0150	0.0951	0.0589	0.0660
000774	I	0.071998	0.224693	0.041069	0.0677	0.1275	0.0820	0.0150	0.0956	0.0608	0.0713
000775	F	0.061842	0.244269	0.046161	0.1266	0.1137	0.0940	0.0200	0.1067	0.0648	0.0784
000776	Y	0.055540	0.260857	0.050829	0.0701	0.0835	0.1040	0.0270	0.0956	0.0728	0.0851
000777	N	0.044966	0.255381	0.055668	0.0567	0.0780	0.1060	0.0330	0.0903	0.0731	0.0906
000778	R	0.030570	0.265004	0.059082	0.0478	0.0780	0.1070	0.0290	0.0880	0.0791	0.0973
000779	Y	0.018133	0.236053	0.061981	0.0478	0.1028	0.1050	0.0350	0.0850	0.0706	0.1059
000780	T	0.004835	0.217130	0.064524	0.0677	0.0929	0.0980	0.0350	0.0801	0.0650	0.1176
000781	T	0.003389	0.215201	0.066418	0.0363	0.0494	0.0910	0.0360	0.0659	0.0683	0.1260
000782	E	0.001410	0.220796	0.068575	0.0182	0.0227	0.0730	0.0270	0.0561	0.0743	0.1330
000783	S	0.001382	0.203906	0.071281	0.0084	0.0227	0.0600	0.0200	0.0494	0.0697	0.1326
000784	D	0.000801	0.181106	0.074540	0.0035	0.0148	0.0500	0.0160	0.0416	0.0638	0.1392
000785	V	0.000353	0.143325	0.077790	0.0082	0.0127	0.0440	0.0150	0.0347	0.0518	0.1398
000786	W	0.000136	0.095943	0.080432	0.0081	0.0218	0.0440	0.0160	0.0283	0.0382	0.1381
000787	A	0.000050	0.055544	0.083195	0.0078	0.0218	0.0370	0.0120	0.0204	0.0317	0.1391
000788	Y	0.000054	0.035569	0.085813	0.0075	0.0202	0.0330	0.0090	0.0161	0.0313	0.1413
000789	G	0.000049	0.027653	0.087697	0.0038	0.0133	0.0280	0.0080	0.0121	0.0327	0.1398
000790	V	0.000043	0.019006	0.089138	0.0081	0.0218	0.0250	0.0080	0.0123	0.0326	0.1376
000791	V	0.000038	0.016255	0.089334	0.0037	0.0231	0.0230	0.0080	0.0111	0.0332	0.1323
000792	L	0.000018	0.018759	0.089387	0.0038	0.0136	0.0240	0.0080	0.0100	0.0335	0.1234
000793	W	0.000012	0.022066	0.089806	0.0040	0.0088	0.0260	0.0090	0.0101	0.0339	0.1102
000794	E	0.000011	0.027386	0.090957	0.0013	0.0089	0.0270	0.0080	0.0108	0.0346	0.0997
000795	I	0.000042	0.032144	0.093316	0.0007	0.0071	0.0320	0.0090	0.0120	0.0359	0.0860
000796	F	0.000422	0.040869	0.094696	0.0010	0.0078	0.0370	0.0120	0.0146	0.0367	0.0744
000797	S	0.000799	0.049634	0.096114	0.0021	0.0108	0.0420	0.0140	0.0175	0.0373	0.0630
000798	Y	0.001135	0.059495	0.094994	0.0013	0.0136	0.0510	0.0160	0.0211	0.0380	0.0500
000799	G	0.001441	0.092926	0.094778	0.0035	0.0240	0.0610	0.0190	0.0305	0.0420	0.0410
000800	L	0.002067	0.123275	0.094053	0.0040	0.0171	0.0760	0.0180	0.0371	0.0498	0.0347
000801	Q	0.002347	0.167580	0.092590	0.0081	0.0153	0.0860	0.0230	0.0466	0.0615	0.0295
000802	P	0.002609	0.207210	0.092079	0.0079	0.0134	0.1030	0.0310	0.0557	0.0746	0.0257
000803	Y	0.003046	0.225694	0.093301	0.0079	0.0130	0.1500	0.0460	0.0665	0.0849	0.0239
000804	Y	0.003390	0.223125	0.094757	0.0090	0.0163	0.1730	0.0500	0.0709	0.0872	0.0234
000805	G	0.004035	0.218853	0.095879	0.0042	0.0146	0.1690	0.0500	0.0684	0.0862	0.0237
000806	M	0.004287	0.205323	0.095768	0.0052	0.0240	0.1760	0.0510	0.0692	0.0827	0.0245
000807	A	0.004585	0.198146	0.096459	0.0086	0.0473	0.1280	0.0400	0.0644	0.0706	0.0273
000808	H	0.005059	0.200412	0.096934	0.0099	0.0518	0.0850	0.0270	0.0586	0.0677	0.0309
000809	E	0.004577	0.196408	0.099140	0.0218	0.0543	0.0560	0.0210	0.0555	0.0652	0.0375
000810	E	0.007180	0.192699	0.102861	0.0226	0.0327	0.0440	0.0180	0.0499	0.0660	0.0436
000811	V	0.050388	0.169860	0.106068	0.0245	0.0555	0.0380	0.0150	0.0563	0.0528	0.0490
000812	I	0.090789	0.138305	0.110745	0.0124	0.0300	0.0340	0.0140	0.0509	0.0500	0.0544
000813	Y	0.109814	0.124912	0.115648	0.0109	0.0300	0.0330	0.0130	0.0514	0.0506	0.0565
000814	Y	0.137971	0.109299	0.119104	0.0094	0.0592	0.0350	0.0120	0.0584	0.0509	0.0556
000815	V	0.170886	0.099580	0.121011	0.0231	0.1092	0.0390	0.0110	0.0737	0.0538	0.0548
000816	R	0.203801	0.104590	0.120750	0.0259	0.0646	0.0380	0.0070	0.0729	0.0631	0.0530
000817	D	0.219466	0.119005	0.120875	0.0387	0.0985	0.0430	0.0070	0.0865	0.0636	0.0498
000818	G	0.220576	0.120398	0.120623	0.0252	0.0817	0.0470	0.0100	0.0825	0.0665	0.0433
000819	N	0.219757	0.137180	0.120804	0.0363	0.0967	0.0490	0.0120	0.0898	0.0642	0.0377
000820	I	0.196435	0.154960	0.121860	0.0200	0.0518	0.0560	0.0140	0.0798	0.0658	0.0331
000821	L	0.202985	0.180341	0.123189	0.0194	0.0263	0.0630	0.0150	0.0821	0.0746	0.0295
000822	S	0.224977	0.199796	0.127233	0.0179	0.0405	0.0740	0.0150	0.0928	0.0804	0.0262
000823	C	0.239217	0.217184	0.130083	0.0194	0.0405	0.0860	0.0210	0.1004	0.0858	0.0234
000824	P	0.220613	0.227731	0.133133	0.0363	0.0494	0.0790	0.0260	0.1021	0.0800	0.0236
000825	E	0.187222	0.222576	0.137869	0.0387	0.0835	0.0740	0.0320	0.1010	0.0689	0.0252
000826	N	0.171033	0.212314	0.142736	0.0478	0.0719	0.0690	0.0310	0.0953	0.0648	0.0259
000827	C	0.169974	0.205576	0.148105	0.0502	0.0424	0.0620	0.0290	0.0884	0.0686	0.0276
000828	P	0.168104	0.190405	0.152203	0.0268	0.0202	0.0600	0.0290	0.0775	0.0738	0.0294
000829	V	0.148237	0.165537	0.158585	0.0102	0.0198	0.0590	0.0310	0.0671	0.0709	0.0325
000830	E	0.102138	0.147605	0.162624	0.0059	0.0181	0.0500	0.0250	0.0540	0.0664	0.0364
000831	L	0.062703	0.122071	0.166394	0.0099	0.0181	0.0460	0.0190	0.0431	0.0627	0.0390
000832	Y	0.019825	0.094022	0.171352	0.0182	0.0313	0.0460	0.0170	0.0348	0.0616	0.0425
000833	N	0.005960	0.073268	0.175134	0.0099	0.0258	0.0430	0.0150	0.0263	0.0650	0.0462
000834	L	0.011749	0.067040	0.176969	0.0286	0.0494	0.0430	0.0140	0.0333	0.0614	0.0514
000835	M	0.012366	0.071126	0.178387	0.0194	0.0424	0.0450	0.0130	0.0317	0.0631	0.0540
000836	R	0.013294	0.070993	0.179831	0.0194	0.0414	0.0470	0.0130	0.0320	0.0635	0.0544
000837	L	0.013458	0.073937	0.182103	0.0179	0.0380	0.0480	0.0110	0.0319	0.0648	0.0559
000838	C	0.013543	0.103112	0.186383	0.0441	0.0327	0.0530	0.0140	0.0411	0.0657	0.0545
000839	W	0.012636	0.144286	0.191236	0.0395	0.0306	0.0650	0.0180	0.0488	0.0724	0.0606
000840	S	0.015390	0.182712	0.196026	0.0327	0.0443	0.0740	0.0200	0.0581	0.0790	0.0670
000841	K	0.019639	0.235686	0.199071	0.0316	0.0240	0.0850	0.0270	0.0659	0.0931	0.0732
000842	L	0.022373	0.296147	0.201553	0.0554	0.0364	0.1100	0.0450	0.0867	0.1043	0.0818
000843	P	0.017098	0.326859	0.204232	0.0587	0.0618	0.1190	0.0500	0.0973	0.1109	0.0870
000844	A	0.027520	0.357384	0.206550	0.0526	0.0356	0.1500	0.0760	0.1038	0.1225	0.0946
000845	D	0.047089	0.408838	0.220081	0.0884	0.0364	0.1660	0.0840	0.1245	0.1334	0.1050
000846	R	0.068970	0.420359	0.231813	0.0723	0.0581	0.1850	0.0880	0.1341	0.1341	0.1183
000847	P	0.104395	0.420578	0.243890	0.0490	0.0568	0.1500	0.0660	0.1302	0.1356	0.1368
000848	S	0.123894	0.429223	0.258785	0.0832	0.0704	0.1300	0.0510	0.1394	0.1332	0.1584
000849	F	0.140117	0.408243	0.271804	0.1667	0.0704	0.1170	0.0480	0.1504	0.1219	0.1923
000850	T	0.159769	0.353832	0.286354	0.2385	0.1528	0.0870	0.0300	0.1654	0.1015	0.1893
000851	S	0.180925	0.321615	0.301090	0.1566	0.1501	0.0850	0.0220	0.1491	0.0984	0.1825
000852	I	0.205467	0.313801	0.311924	0.1635	0.1275	0.0890	0.0240	0.1500	0.1004	0.1756
000853	H	0.225693	0.290290	0.319955	0.2255	0.2129	0.0880	0.0300	0.1737	0.0907	0.1669
000854	R	0.244677	0.266472	0.325945	0.1805	0.1969	0.1000	0.0400	0.1648	0.0896	0.1642
000855	I	0.282329	0.260931	0.329882	0.2122	0.2399	0.1170	0.0520	0.1854	0.0859	0.1624
000856	L	0.304384	0.277076	0.331820	0.2122	0.1671	0.1460	0.0650	0.1844	0.0888	0.1525
000857	E	0.348700	0.287901	0.332064	0.2292	0.1702	0.1710	0.0870	0.2011	0.0905	0.1379
000858	R	0.381409	0.304277	0.331622	0.1635	0.1137	0.2070	0.0960	0.1950	0.1104	0.1243
000859	M	0.405983	0.339342	0.333422	0.1635	0.1137	0.2600	0.1250	0.2137	0.1167	0.1148
000860	C	0.412390	0.341707	0.334018	0.1921	0.1823	0.6540	0.0810	0.2970	0.1673	0.0968
000861	E	0.431360	0.380586	0.337745	0.2333	0.1501	0.6740	0.0950	0.3116	0.1750	0.1034
000862	R	0.471742	0.466688	0.343471	0.2748	0.1298	0.7070	0.1030	0.3417	0.1895	0.1114
000863	A	0.488465	0.523819	0.350031	0.3992	0.1852	0.6950	0.0680	0.3819	0.1681	0.1229
000864	E	0.474967	0.573514	0.357652	0.4651	0.1759	0.7000	0.0580	0.3982	0.1747	0.1350
000865	G	0.453390	0.625877	0.367469	0.5229	0.1554	0.6980	0.0850	0.4093	0.1877	0.1390
000866	T	0.647133	0.693073	0.377608	0.6334	0.2224	0.7560	0.0630	0.4920	0.1999	0.1419
000867	V	0.507585	0.771413	0.389352	0.7388	0.3149	0.8000	0.0770	0.5221	0.2030	0.1487
000868	S	0.417547	0.752574	0.402184	0.7724	0.2503	0.8440	0.0540	0.5062	0.2345	0.1610
000869	V	0.326448	0.776720	0.412236	0.8242	0.2258	0.8690	0.0330	0.5038	0.2671	0.1777