RESNUM	RES	VL-XT	VSL2B	VL3	IUPred-S	IUPred-L	PONDRFIT	FITERROR	MDP	MDPERROR	ANCHOR2
000001	M	0.995671	0.890358	0.869829	0.9917	0.9362	0.9980	0.0020	0.9469	0.0520	0.9654
000002	E	0.988761	0.893140	0.871567	0.9843	0.9381	0.9990	0.0010	0.9458	0.0491	0.9609
000003	A	0.981756	0.893833	0.875030	0.9824	0.9547	0.9990	0.0020	0.9477	0.0469	0.9565
000004	P	0.968627	0.896951	0.878615	0.9746	0.9657	0.9910	0.0120	0.9460	0.0423	0.9538
000005	A	0.969388	0.897901	0.881624	0.9684	0.9081	0.9930	0.0080	0.9365	0.0421	0.9519
000006	S	0.966069	0.899827	0.884290	0.9640	0.9106	0.9870	0.0120	0.9353	0.0385	0.9524
000007	A	0.950423	0.901820	0.885656	0.9280	0.8162	0.9800	0.0140	0.9104	0.0522	0.9515
000008	Q	0.935654	0.902598	0.885760	0.9103	0.8313	0.9800	0.0150	0.9076	0.0454	0.9535
000009	T	0.900074	0.902344	0.883796	0.8488	0.7415	0.9760	0.0150	0.8755	0.0710	0.9529
000010	P	0.857084	0.901032	0.881281	0.8200	0.7881	0.9600	0.0230	0.8680	0.0557	0.9561
000011	H	0.796634	0.900017	0.878670	0.7388	0.8198	0.9520	0.0310	0.8477	0.0706	0.9617
000012	P	0.746450	0.900521	0.877223	0.7951	0.7755	0.9310	0.0460	0.8376	0.0686	0.9670
000013	H	0.703598	0.896781	0.876441	0.8036	0.6712	0.9160	0.0640	0.8113	0.0947	0.9749
000014	E	0.671705	0.889883	0.876273	0.7912	0.7209	0.8860	0.0950	0.8060	0.0855	0.9819
000015	P	0.639811	0.885691	0.875758	0.7317	0.6906	0.8640	0.1110	0.7813	0.0978	0.9861
000016	I	0.624155	0.880776	0.874875	0.7458	0.7459	0.8570	0.1120	0.7880	0.0924	0.9894
000017	S	0.602997	0.887831	0.872872	0.7418	0.7755	0.8330	0.1180	0.7857	0.0963	0.9909
000018	F	0.613923	0.892987	0.871300	0.7817	0.8279	0.8320	0.1150	0.8033	0.0917	0.9923
000019	G	0.630509	0.893619	0.872063	0.7772	0.8279	0.8120	0.1250	0.8021	0.0857	0.9924
000020	I	0.676653	0.898561	0.874963	0.8118	0.8162	0.7860	0.1370	0.8106	0.0713	0.9928
000021	D	0.704121	0.905477	0.878503	0.8074	0.7628	0.7720	0.1180	0.8050	0.0690	0.9924
000022	Q	0.675925	0.917091	0.879954	0.8036	0.7799	0.7890	0.1190	0.8076	0.0771	0.9911
000023	I	0.646100	0.921272	0.880096	0.7573	0.7250	0.8270	0.1130	0.7927	0.0937	0.9892
000024	L	0.622527	0.925833	0.878975	0.7688	0.7415	0.8260	0.1200	0.7939	0.0987	0.9859
000025	N	0.641686	0.930057	0.877521	0.7317	0.7163	0.8380	0.1120	0.7892	0.1003	0.9791
000026	S	0.666248	0.931646	0.875463	0.7275	0.6948	0.8620	0.1000	0.7930	0.1006	0.9712
000027	P	0.686904	0.938119	0.872919	0.7644	0.8085	0.8620	0.0960	0.8221	0.0811	0.9602
000028	D	0.714349	0.941704	0.869879	0.7605	0.8343	0.8740	0.0940	0.8325	0.0755	0.9485
000029	Q	0.732957	0.942747	0.866983	0.8242	0.9106	0.8800	0.0960	0.8596	0.0674	0.9310
000030	D	0.760590	0.945799	0.864177	0.8424	0.8894	0.8860	0.0970	0.8648	0.0563	0.9121
000031	S	0.836260	0.946871	0.861771	0.8781	0.9362	0.8950	0.0890	0.8924	0.0391	0.8836
000032	A	0.901301	0.948648	0.859359	0.8350	0.8493	0.9070	0.0790	0.8834	0.0392	0.8518
000033	P	0.960277	0.949837	0.856925	0.8074	0.7547	0.9100	0.0750	0.8732	0.0747	0.8179
000034	A	0.973377	0.950668	0.853983	0.7772	0.8421	0.9170	0.0670	0.8857	0.0678	0.7939
000035	P	0.986736	0.950360	0.850710	0.7688	0.8942	0.9300	0.0530	0.8967	0.0713	0.7724
000036	R	0.994188	0.949893	0.847429	0.7688	0.9039	0.9450	0.0360	0.9015	0.0745	0.7640
000037	G	0.994844	0.949297	0.844208	0.7688	0.9190	0.9480	0.0360	0.9040	0.0756	0.7522
000038	P	0.996448	0.948397	0.841628	0.7644	0.9081	0.9490	0.0410	0.9013	0.0773	0.7411
000039	D	0.998164	0.949443	0.839863	0.7644	0.8942	0.9430	0.0500	0.8981	0.0774	0.7298
000040	G	0.998729	0.948694	0.839062	0.7342	0.8792	0.9310	0.0500	0.8884	0.0855	0.7156
000041	A	0.999158	0.945036	0.838409	0.7111	0.8765	0.9070	0.0730	0.8795	0.0908	0.7037
000042	S	0.999307	0.946755	0.837001	0.7111	0.8828	0.8980	0.0840	0.8791	0.0907	0.6942
000043	Y	0.999575	0.940409	0.833640	0.7501	0.8792	0.9150	0.0690	0.8864	0.0796	0.6860
000044	L	0.999589	0.940560	0.828203	0.7275	0.8713	0.8990	0.0820	0.8776	0.0859	0.6795
000045	G	0.999558	0.937415	0.821235	0.7147	0.7982	0.8960	0.0820	0.8612	0.0941	0.6556
000046	G	0.999544	0.927482	0.814159	0.6984	0.8013	0.8940	0.0930	0.8558	0.0972	0.6321
000047	P	0.999513	0.927522	0.806340	0.6255	0.7951	0.8790	0.0960	0.8388	0.1182	0.6081
000048	P	0.999496	0.914264	0.799405	0.6412	0.7080	0.8740	0.0940	0.8227	0.1217	0.5846
000049	G	0.997975	0.912632	0.793337	0.6174	0.7080	0.8680	0.1060	0.8162	0.1270	0.5667
000050	G	0.996578	0.906581	0.789281	0.5331	0.6427	0.8610	0.1120	0.7882	0.1576	0.5487
000051	R	0.996193	0.907009	0.786070	0.5514	0.6322	0.8450	0.1150	0.7864	0.1533	0.5371
000052	P	0.994770	0.900100	0.780120	0.5412	0.5419	0.8340	0.1070	0.7653	0.1712	0.5270
000053	G	0.993344	0.887928	0.770355	0.5374	0.5139	0.8200	0.0920	0.7538	0.1753	0.5275
000054	A	0.989224	0.878304	0.755242	0.5253	0.6427	0.8250	0.0980	0.7692	0.1522	0.5297
000055	T	0.985095	0.861502	0.738784	0.5331	0.6482	0.8010	0.0790	0.7612	0.1455	0.5324
000056	Y	0.883920	0.847212	0.721508	0.5253	0.6482	0.8140	0.0880	0.7401	0.1242	0.5486
000057	P	0.808213	0.826808	0.702950	0.4556	0.6043	0.7760	0.0970	0.6956	0.1306	0.5661
000058	S	0.756069	0.791395	0.682837	0.4282	0.6043	0.7250	0.0840	0.6646	0.1211	0.5809
000059	L	0.690045	0.771398	0.662198	0.3630	0.4685	0.7560	0.1270	0.6184	0.1511	0.5936
000060	P	0.623106	0.748589	0.642610	0.3806	0.4801	0.6120	0.0900	0.5812	0.1190	0.6012
000061	A	0.564265	0.730584	0.626025	0.2963	0.4940	0.5730	0.0870	0.5473	0.1333	0.6118
000062	S	0.467420	0.717397	0.610872	0.3053	0.4652	0.5120	0.1060	0.5131	0.1284	0.6244
000063	F	0.418868	0.692039	0.596478	0.3005	0.4476	0.4850	0.0900	0.4901	0.1258	0.6363
000064	A	0.349884	0.666295	0.580466	0.2700	0.4409	0.3970	0.1200	0.4507	0.1349	0.6408
000065	G	0.370896	0.663804	0.563887	0.2963	0.3740	0.3720	0.1120	0.4401	0.1290	0.6409
000066	L	0.366425	0.634389	0.548528	0.2865	0.3631	0.3660	0.1070	0.4275	0.1218	0.6375
000067	G	0.334485	0.627746	0.534888	0.2748	0.4051	0.3470	0.0920	0.4206	0.1227	0.6221
000068	A	0.308356	0.622799	0.523513	0.2531	0.3948	0.3360	0.0800	0.4064	0.1283	0.6091
000069	P	0.278125	0.619353	0.514510	0.1878	0.3321	0.3360	0.0770	0.3780	0.1454	0.5965
000070	F	0.297404	0.612197	0.507760	0.2432	0.3983	0.3490	0.0760	0.4013	0.1254	0.5869
000071	E	0.354688	0.609940	0.503394	0.1532	0.3117	0.3110	0.0780	0.3740	0.1469	0.5761
000072	D	0.366416	0.612690	0.499664	0.1805	0.3149	0.3190	0.0940	0.3823	0.1392	0.5648
000073	A	0.403693	0.607564	0.497610	0.1292	0.3392	0.3430	0.1030	0.3867	0.1482	0.5471
000074	G	0.431919	0.602679	0.496219	0.1602	0.4087	0.3280	0.1020	0.4047	0.1378	0.5304
000075	S	0.449182	0.603233	0.497187	0.2080	0.4369	0.3410	0.1050	0.4226	0.1237	0.5174
000076	Y	0.453636	0.604422	0.499689	0.1805	0.3774	0.3610	0.1020	0.4128	0.1315	0.5051
000077	S	0.536942	0.604656	0.504525	0.2483	0.3667	0.3180	0.0910	0.4299	0.1272	0.4970
000078	V	0.629575	0.598374	0.510829	0.1844	0.3667	0.3480	0.1090	0.4397	0.1556	0.4918
000079	N	0.662564	0.602404	0.517207	0.1602	0.3356	0.3580	0.1020	0.4393	0.1722	0.4861
000080	L	0.688111	0.603003	0.522479	0.1495	0.3356	0.3590	0.1020	0.4430	0.1811	0.4831
000081	S	0.722207	0.594173	0.526936	0.1602	0.4017	0.3670	0.1020	0.4620	0.1794	0.4766
000082	L	0.732433	0.601422	0.532014	0.1566	0.3910	0.3640	0.1010	0.4630	0.1850	0.4713
000083	A	0.774444	0.597776	0.541120	0.1178	0.3774	0.3560	0.1080	0.4607	0.2079	0.4643
000084	P	0.823932	0.595200	0.554512	0.1456	0.4220	0.3290	0.0890	0.4783	0.2141	0.4594
000085	A	0.896644	0.620821	0.572740	0.1532	0.3494	0.3600	0.0930	0.4921	0.2379	0.4550
000086	G	0.893943	0.636673	0.591886	0.1635	0.3740	0.3820	0.1110	0.5071	0.2327	0.4518
000087	V	0.896585	0.655278	0.611268	0.1766	0.4685	0.3950	0.0870	0.5339	0.2249	0.4479
000088	I	0.903013	0.664225	0.631256	0.1878	0.4476	0.3910	0.0780	0.5375	0.2274	0.4435
000089	R	0.918114	0.683209	0.651939	0.2602	0.4476	0.3590	0.0590	0.5534	0.2215	0.4402
000090	V	0.924342	0.700168	0.672783	0.2255	0.4582	0.4050	0.0760	0.5643	0.2278	0.4372
000091	P	0.949323	0.700630	0.690467	0.2333	0.5493	0.3660	0.0640	0.5815	0.2346	0.4332
000092	A	0.958858	0.717324	0.703808	0.2531	0.5807	0.4140	0.1100	0.6047	0.2267	0.4313
000093	H	0.971802	0.710996	0.715057	0.3359	0.5758	0.4440	0.1080	0.6257	0.2059	0.4296
000094	R	0.979613	0.744807	0.727144	0.3806	0.6375	0.4780	0.1220	0.6579	0.1939	0.4293
000095	P	0.992423	0.751782	0.742541	0.2820	0.6043	0.5100	0.1080	0.6471	0.2211	0.4283
000096	L	0.994622	0.788294	0.759097	0.3263	0.6043	0.5450	0.1170	0.6695	0.2104	0.4277
000097	P	0.996041	0.798132	0.774914	0.3263	0.5139	0.4930	0.1110	0.6503	0.2256	0.4257
000098	G	0.996231	0.816062	0.788914	0.3717	0.6089	0.5660	0.1210	0.6912	0.2012	0.4257
000099	A	0.996785	0.826220	0.800306	0.3847	0.6712	0.6050	0.1070	0.7140	0.1924	0.4253
000100	V	0.997361	0.833992	0.808322	0.3847	0.6227	0.6120	0.1020	0.7098	0.1961	0.4247
000101	P	0.997665	0.852546	0.813420	0.4245	0.7250	0.5550	0.1270	0.7281	0.1904	0.4251
000102	P	0.997984	0.856618	0.815977	0.3762	0.6948	0.6080	0.1140	0.7250	0.1985	0.4256
000103	P	0.998477	0.864178	0.817352	0.4203	0.6482	0.5910	0.1130	0.7233	0.1912	0.4260
000104	L	0.998440	0.860896	0.817144	0.4116	0.6755	0.6320	0.1160	0.7326	0.1874	0.4267
000105	P	0.998471	0.853876	0.816881	0.3456	0.6712	0.6430	0.1250	0.7215	0.2055	0.4271
000106	S	0.998385	0.846345	0.814816	0.3456	0.5665	0.6700	0.1330	0.7069	0.2112	0.4278
000107	A	0.998351	0.856737	0.809571	0.4245	0.6482	0.6620	0.1200	0.7332	0.1821	0.4285
000108	L	0.998217	0.843377	0.798347	0.3491	0.6136	0.6390	0.1340	0.7069	0.2054	0.4293
000109	P	0.997843	0.828156	0.783359	0.3456	0.5254	0.5540	0.1130	0.6725	0.2179	0.4289
000110	A	0.997298	0.821960	0.765274	0.3762	0.5577	0.5650	0.1190	0.6806	0.2035	0.4296
000111	M	0.991785	0.813277	0.746707	0.3762	0.6375	0.5130	0.1060	0.6798	0.2006	0.4305
000112	P	0.986252	0.792540	0.726097	0.3630	0.5211	0.4820	0.1500	0.6452	0.2106	0.4309
000113	S	0.942230	0.787950	0.705306	0.3535	0.5098	0.5090	0.1600	0.6347	0.1973	0.4322
000114	V	0.899569	0.776969	0.682171	0.2748	0.3910	0.5470	0.1390	0.5952	0.2160	0.4334
000115	P	0.826334	0.737493	0.658192	0.3578	0.4831	0.4490	0.1500	0.5854	0.1670	0.4352
000116	T	0.741789	0.714676	0.633230	0.2558	0.3631	0.5060	0.1410	0.5357	0.1794	0.4375
000117	V	0.669830	0.715853	0.608953	0.2748	0.3392	0.4630	0.1270	0.5120	0.1655	0.4399
000118	S	0.574392	0.693522	0.584368	0.2209	0.3704	0.5030	0.1360	0.4912	0.1551	0.4425
000119	S	0.469552	0.684131	0.559682	0.2432	0.4292	0.4260	0.1060	0.4686	0.1348	0.4446
000120	L	0.365213	0.646146	0.535471	0.2432	0.4051	0.3870	0.0940	0.4304	0.1287	0.4480
000121	G	0.260873	0.633517	0.512273	0.2657	0.4330	0.3330	0.0680	0.4064	0.1353	0.4501
000122	G	0.194362	0.601785	0.490618	0.2963	0.4685	0.3410	0.0630	0.3988	0.1355	0.4518
000123	L	0.128337	0.591405	0.469330	0.2865	0.3529	0.3890	0.0640	0.3696	0.1443	0.4541
000124	N	0.109759	0.563590	0.447496	0.2913	0.3053	0.4220	0.0890	0.3566	0.1433	0.4566
000125	F	0.095520	0.532585	0.424803	0.2657	0.3599	0.4170	0.0900	0.3493	0.1387	0.4595
000126	P	0.067334	0.488618	0.400906	0.1878	0.3494	0.3610	0.0830	0.3092	0.1403	0.4630
000127	W	0.064986	0.493143	0.377289	0.1844	0.3460	0.4460	0.1040	0.3187	0.1490	0.4670
000128	M	0.071720	0.440161	0.353761	0.2531	0.3117	0.4160	0.0920	0.3078	0.1226	0.4724
000129	E	0.082457	0.432247	0.332281	0.2602	0.3215	0.4120	0.0990	0.3067	0.1156	0.4773
000130	S	0.095394	0.428802	0.314787	0.1805	0.3019	0.3820	0.0940	0.2839	0.1141	0.4821
000131	S	0.106927	0.437432	0.301416	0.2531	0.3426	0.3120	0.0990	0.2923	0.1000	0.4894
000132	R	0.121431	0.423066	0.293958	0.2209	0.3149	0.2960	0.0980	0.2784	0.0920	0.4943
000133	R	0.119123	0.426032	0.291584	0.1958	0.2918	0.3040	0.1160	0.2714	0.0955	0.4998
000134	F	0.123912	0.429992	0.294915	0.2385	0.2884	0.2970	0.1260	0.2787	0.0905	0.5062
000135	V	0.130020	0.442647	0.300553	0.2167	0.2849	0.2370	0.1000	0.2686	0.0953	0.5113
000136	K	0.123483	0.437705	0.307079	0.2531	0.3983	0.2080	0.0910	0.2880	0.1077	0.5141
000137	D	0.116613	0.433405	0.313051	0.2333	0.2817	0.2090	0.0880	0.2644	0.0976	0.5175
000138	R	0.142911	0.422357	0.319835	0.3399	0.3807	0.2130	0.0840	0.3032	0.0963	0.5163
000139	F	0.167009	0.418160	0.330449	0.3053	0.3529	0.2240	0.0990	0.2997	0.0828	0.5185
000140	T	0.158855	0.406489	0.345007	0.3005	0.3460	0.1950	0.0800	0.2920	0.0876	0.5186
000141	A	0.147405	0.410901	0.363055	0.2483	0.3529	0.1680	0.0640	0.2817	0.1004	0.5164
000142	A	0.135310	0.424650	0.380696	0.2558	0.3599	0.1600	0.0620	0.2860	0.1104	0.5115
000143	A	0.126074	0.405582	0.396986	0.2657	0.2817	0.1480	0.0480	0.2706	0.1083	0.5078
000144	A	0.111948	0.415352	0.411949	0.2748	0.2817	0.1550	0.0490	0.2751	0.1151	0.5020
000145	L	0.106402	0.444667	0.426766	0.3053	0.3807	0.1660	0.0600	0.3049	0.1284	0.4975
000146	T	0.106074	0.420045	0.442749	0.3762	0.4582	0.1730	0.0620	0.3294	0.1379	0.4914
000147	P	0.077379	0.422987	0.460070	0.3806	0.3667	0.2210	0.0780	0.3215	0.1321	0.4889
000148	F	0.048542	0.420601	0.479531	0.4037	0.3704	0.2800	0.1100	0.3339	0.1410	0.4881
000149	T	0.062420	0.397760	0.501426	0.3225	0.3774	0.3940	0.1920	0.3425	0.1360	0.4821
000150	V	0.089754	0.400441	0.525090	0.4245	0.4766	0.4710	0.2240	0.3979	0.1434	0.4753
000151	T	0.102751	0.426759	0.550092	0.4245	0.4725	0.5130	0.2030	0.4149	0.1465	0.4696
000152	R	0.177465	0.461000	0.575300	0.4556	0.5254	0.5260	0.1670	0.4535	0.1301	0.4642
000153	R	0.282671	0.505487	0.602054	0.4781	0.5854	0.5000	0.1670	0.4923	0.1042	0.4585
000154	I	0.391588	0.570498	0.629690	0.5253	0.6183	0.5150	0.1600	0.5418	0.0795	0.4549
000155	G	0.497566	0.598368	0.658833	0.5711	0.6531	0.4610	0.1430	0.5733	0.0739	0.4505
000156	H	0.599274	0.636896	0.686745	0.6374	0.7369	0.4890	0.1290	0.6310	0.0770	0.4461
000157	P	0.701128	0.672035	0.713740	0.6442	0.7331	0.5550	0.1110	0.6699	0.0588	0.4421
000158	Y	0.794618	0.719774	0.738660	0.6334	0.7331	0.6870	0.0640	0.7178	0.0494	0.4383
000159	Q	0.872661	0.743602	0.762918	0.7034	0.8421	0.6840	0.0470	0.7681	0.0687	0.4340
000160	N	0.964113	0.761000	0.785620	0.7275	0.8421	0.7550	0.0690	0.8058	0.0791	0.4314
000161	R	0.992653	0.783104	0.805506	0.7869	0.8872	0.7910	0.0770	0.8411	0.0766	0.4286
000162	T	0.995573	0.801502	0.821921	0.7869	0.7916	0.8120	0.1050	0.8349	0.0728	0.4257
000163	P	0.996867	0.820061	0.832653	0.7772	0.7843	0.8160	0.1420	0.8378	0.0738	0.4244
000164	P	0.996386	0.835487	0.838764	0.7034	0.7799	0.8200	0.1590	0.8290	0.0880	0.4236
000165	K	0.994638	0.833890	0.840858	0.7573	0.8013	0.8110	0.1700	0.8399	0.0743	0.4240
000166	R	0.994318	0.828000	0.841951	0.7644	0.8085	0.8030	0.1670	0.8401	0.0731	0.4257
000167	K	0.993858	0.831077	0.843173	0.7079	0.7080	0.7910	0.1760	0.8125	0.0970	0.4276
000168	K	0.992494	0.827796	0.845907	0.6984	0.5758	0.7840	0.1720	0.7875	0.1290	0.4314
000169	P	0.994421	0.827533	0.849844	0.7079	0.7036	0.7370	0.2010	0.8034	0.1022	0.4352
000170	R	0.994583	0.809836	0.852630	0.6293	0.5901	0.7230	0.2080	0.7666	0.1373	0.4381
000171	T	0.994772	0.787574	0.851991	0.6124	0.5807	0.6880	0.2220	0.7525	0.1433	0.4416
000172	S	0.993756	0.762292	0.847497	0.5473	0.5807	0.6680	0.2210	0.7333	0.1548	0.4443
000173	F	0.993098	0.717802	0.841551	0.5331	0.5758	0.6570	0.2130	0.7197	0.1576	0.4479
000174	S	0.964621	0.706682	0.835829	0.5173	0.4441	0.6620	0.1830	0.6883	0.1770	0.4486
000175	R	0.934712	0.679053	0.829915	0.5008	0.4220	0.6520	0.1660	0.6698	0.1761	0.4525
000176	V	0.896815	0.686406	0.824739	0.4149	0.4220	0.6140	0.1730	0.6432	0.1830	0.4561
000177	Q	0.803490	0.661689	0.816359	0.4203	0.4292	0.5110	0.1690	0.6070	0.1639	0.4576
000178	I	0.708555	0.627959	0.804593	0.4245	0.4292	0.5100	0.1760	0.5841	0.1420	0.4598
000179	C	0.613541	0.661725	0.787485	0.4203	0.3426	0.5010	0.1950	0.5545	0.1500	0.4595
000180	E	0.547922	0.636568	0.767436	0.3992	0.2541	0.4970	0.2090	0.5171	0.1640	0.4601
000181	L	0.508094	0.659913	0.746149	0.3053	0.2328	0.5260	0.2100	0.4964	0.1808	0.4656
000182	E	0.468266	0.648238	0.724748	0.2385	0.2258	0.4780	0.2190	0.4639	0.1870	0.4699
000183	K	0.461040	0.582183	0.705238	0.2080	0.2094	0.4740	0.2270	0.4399	0.1822	0.4761
000184	R	0.453010	0.531247	0.688192	0.2748	0.3117	0.5000	0.2430	0.4598	0.1385	0.4823
000185	F	0.452666	0.563669	0.671115	0.2432	0.3149	0.5130	0.2310	0.4597	0.1451	0.4861
000186	H	0.520227	0.572442	0.654179	0.2255	0.2951	0.4820	0.2210	0.4582	0.1509	0.4845
000187	R	0.608130	0.589371	0.637111	0.2913	0.3321	0.4730	0.2280	0.4886	0.1355	0.4806
000188	Q	0.698923	0.594742	0.622074	0.2432	0.2575	0.4620	0.1980	0.4797	0.1766	0.4780
000189	K	0.740281	0.606795	0.607717	0.2820	0.3117	0.4660	0.1710	0.5024	0.1658	0.4771
000190	Y	0.756889	0.603731	0.593589	0.2820	0.3840	0.4910	0.1480	0.5186	0.1552	0.4728
000191	L	0.695398	0.594579	0.580278	0.2786	0.3740	0.4250	0.1040	0.4913	0.1435	0.4672
000192	A	0.682693	0.589985	0.567315	0.3456	0.3740	0.3890	0.0910	0.4914	0.1275	0.4571
000193	S	0.707719	0.593051	0.555299	0.3535	0.3704	0.3910	0.1110	0.4952	0.1322	0.4499
000194	A	0.648187	0.589835	0.542915	0.2786	0.3460	0.3310	0.0870	0.4561	0.1424	0.4466
000195	E	0.577531	0.587013	0.532031	0.2657	0.3460	0.2870	0.0800	0.4326	0.1361	0.4462
000196	R	0.501400	0.581063	0.521398	0.3184	0.4476	0.2780	0.0840	0.4412	0.1092	0.4452
000197	A	0.422026	0.580437	0.512742	0.3005	0.4186	0.2810	0.0840	0.4193	0.1063	0.4436
000198	A	0.372208	0.579199	0.504487	0.2786	0.4256	0.3080	0.0940	0.4114	0.1055	0.4422
000199	L	0.326002	0.583604	0.496913	0.2558	0.3599	0.3290	0.0990	0.3918	0.1123	0.4438
000200	A	0.319867	0.591900	0.490165	0.2558	0.3566	0.3310	0.0790	0.3909	0.1142	0.4385
000201	K	0.261562	0.590433	0.484735	0.2820	0.4441	0.3470	0.0810	0.4016	0.1164	0.4369
000202	S	0.171294	0.594941	0.482124	0.3578	0.4087	0.3740	0.0800	0.3982	0.1288	0.4371
000203	L	0.166021	0.599904	0.482295	0.3847	0.3321	0.4630	0.0920	0.4047	0.1355	0.4374
000204	K	0.222977	0.607215	0.485732	0.3146	0.3426	0.5270	0.1070	0.4167	0.1333	0.4381
000205	M	0.264801	0.610075	0.491524	0.2748	0.3774	0.6410	0.1210	0.4432	0.1493	0.4414
000206	T	0.335209	0.610125	0.498287	0.2820	0.3704	0.6320	0.1190	0.4547	0.1346	0.4433
000207	D	0.365625	0.628784	0.504657	0.2820	0.3667	0.6330	0.0950	0.4635	0.1352	0.4428
000208	A	0.428120	0.633766	0.512961	0.3096	0.3872	0.5960	0.1000	0.4780	0.1144	0.4420
000209	Q	0.531277	0.659349	0.523362	0.3311	0.4087	0.5780	0.1060	0.5053	0.1078	0.4407
000210	V	0.634820	0.680781	0.536115	0.4078	0.3740	0.6010	0.1150	0.5391	0.1137	0.4401
000211	K	0.733266	0.683288	0.549324	0.4379	0.3910	0.5600	0.1140	0.5591	0.1217	0.4397
000212	T	0.831664	0.712766	0.561646	0.3491	0.3910	0.6240	0.1220	0.5784	0.1694	0.4393
000213	W	0.870424	0.711819	0.573166	0.3535	0.4017	0.6920	0.0920	0.6004	0.1802	0.4389
000214	F	0.908897	0.729140	0.582219	0.4203	0.4725	0.6950	0.0940	0.6346	0.1647	0.4365
000215	Q	0.921813	0.727601	0.589239	0.4203	0.4507	0.6920	0.1090	0.6336	0.1714	0.4316
000216	N	0.965515	0.758597	0.596148	0.4420	0.4766	0.7850	0.0900	0.6706	0.1840	0.4283
000217	R	0.973529	0.781386	0.602277	0.4282	0.4766	0.8090	0.0750	0.6785	0.1932	0.4259
000218	R	0.976270	0.772443	0.609014	0.4282	0.4725	0.8580	0.0620	0.6860	0.1996	0.4230
000219	T	0.981025	0.786651	0.615438	0.4420	0.4901	0.8690	0.0570	0.6974	0.1970	0.4192
000220	K	0.983651	0.804068	0.623870	0.4379	0.4652	0.8800	0.0470	0.6992	0.2055	0.4162
000221	W	0.987981	0.838929	0.633063	0.4879	0.5254	0.8900	0.0350	0.7273	0.1888	0.4138
000222	R	0.989713	0.851980	0.641169	0.4703	0.5254	0.9020	0.0200	0.7302	0.1955	0.4094
000223	R	0.991918	0.861969	0.647272	0.4651	0.5296	0.9070	0.0200	0.7338	0.1976	0.4052
000224	Q	0.991450	0.870958	0.652449	0.5331	0.6712	0.8960	0.0360	0.7692	0.1606	0.3994
000225	T	0.984457	0.881141	0.657887	0.6079	0.7672	0.9090	0.0370	0.8013	0.1359	0.3944
000226	A	0.977548	0.883550	0.662948	0.6124	0.7505	0.9140	0.0440	0.8001	0.1341	0.3932
000227	E	0.920106	0.892056	0.667128	0.5941	0.7369	0.9200	0.0540	0.7884	0.1295	0.3914
000228	E	0.883366	0.897230	0.669701	0.6035	0.6531	0.9070	0.0610	0.7690	0.1286	0.3915
000229	R	0.859771	0.899508	0.670774	0.6035	0.6269	0.8960	0.0680	0.7595	0.1279	0.3934
000230	E	0.840326	0.898320	0.671366	0.5412	0.5419	0.8780	0.0730	0.7285	0.1510	0.3975
000231	A	0.819564	0.896980	0.672040	0.5253	0.5456	0.8820	0.0650	0.7236	0.1517	0.4039
000232	E	0.796973	0.893733	0.673362	0.5473	0.5951	0.8430	0.0830	0.7249	0.1283	0.4093
000233	R	0.774383	0.885690	0.673229	0.5549	0.5992	0.8180	0.0860	0.7175	0.1183	0.4176
000234	Q	0.715568	0.873913	0.671500	0.5008	0.6136	0.7450	0.0870	0.6868	0.1151	0.4249
000235	Q	0.635944	0.856523	0.667267	0.5043	0.6089	0.6970	0.1310	0.6616	0.1060	0.4337
000236	A	0.642561	0.844536	0.663155	0.5008	0.5854	0.6360	0.1080	0.6454	0.1037	0.4428
000237	S	0.588127	0.834813	0.659630	0.5296	0.5017	0.5460	0.0970	0.6099	0.1124	0.4506
000238	R	0.517676	0.805774	0.657766	0.5126	0.5055	0.4960	0.0720	0.5826	0.1140	0.4611
000239	L	0.427921	0.770041	0.656223	0.4420	0.5098	0.4550	0.0690	0.5435	0.1269	0.4701
000240	M	0.340295	0.729479	0.655054	0.4458	0.5017	0.4690	0.0800	0.5236	0.1309	0.4749
000241	L	0.255032	0.746888	0.652351	0.4513	0.4330	0.5340	0.0870	0.5120	0.1588	0.4752
000242	Q	0.168707	0.754075	0.647983	0.4749	0.4685	0.5040	0.0680	0.5030	0.1816	0.4743
000243	L	0.125031	0.750590	0.643627	0.3992	0.4725	0.5220	0.0670	0.4855	0.1976	0.4746
000244	Q	0.102622	0.777040	0.641339	0.4078	0.4652	0.4810	0.0690	0.4792	0.2090	0.4745
000245	H	0.050098	0.802210	0.642071	0.4203	0.3910	0.5080	0.0820	0.4689	0.2332	0.4729
000246	D	0.047692	0.804787	0.643528	0.4116	0.3872	0.5530	0.0720	0.4747	0.2372	0.4696
000247	A	0.042891	0.780750	0.645693	0.3399	0.4369	0.5920	0.0670	0.4730	0.2390	0.4651
000248	F	0.045968	0.785783	0.647552	0.3456	0.4441	0.6410	0.0820	0.4849	0.2432	0.4602
000249	Q	0.046068	0.793242	0.649081	0.3885	0.4725	0.5980	0.0790	0.4913	0.2369	0.4537
000250	K	0.045465	0.800353	0.649268	0.4600	0.4725	0.6080	0.0940	0.5059	0.2355	0.4488
000251	S	0.045697	0.800390	0.647438	0.5084	0.4149	0.6260	0.1000	0.5071	0.2385	0.4460
000252	L	0.049197	0.802543	0.643431	0.4879	0.4149	0.5970	0.1060	0.4991	0.2352	0.4448
000253	N	0.049146	0.789809	0.639568	0.4078	0.4186	0.6090	0.1280	0.4856	0.2354	0.4436
000254	D	0.045207	0.771522	0.637219	0.3806	0.5017	0.5780	0.1500	0.4858	0.2304	0.4424
000255	S	0.028963	0.762877	0.635836	0.3668	0.4901	0.5440	0.1710	0.4715	0.2325	0.4406
000256	I	0.020156	0.754819	0.633614	0.3762	0.4766	0.5690	0.1770	0.4718	0.2341	0.4373
000257	Q	0.017007	0.735737	0.630004	0.3630	0.4017	0.5310	0.1840	0.4463	0.2302	0.4333
000258	P	0.015731	0.715766	0.626169	0.3847	0.3249	0.4910	0.1720	0.4264	0.2268	0.4305
000259	D	0.015267	0.703294	0.621510	0.3939	0.3948	0.4850	0.1780	0.4357	0.2194	0.4275
000260	P	0.014355	0.669053	0.616294	0.3005	0.3182	0.4360	0.1570	0.3924	0.2181	0.4230
000261	L	0.009850	0.610713	0.611582	0.2786	0.3182	0.3900	0.1500	0.3698	0.2071	0.4184
000262	C	0.008604	0.587335	0.607365	0.1921	0.3356	0.3310	0.1360	0.3436	0.2099	0.4150
000263	L	0.007677	0.551715	0.602918	0.2786	0.3286	0.2740	0.1300	0.3406	0.1969	0.4108
000264	H	0.006826	0.531147	0.597452	0.2786	0.3149	0.2190	0.1160	0.3246	0.1964	0.4066
000265	N	0.009077	0.502891	0.590660	0.1844	0.3426	0.2050	0.1070	0.3058	0.1976	0.4033
000266	S	0.011293	0.477581	0.584313	0.1921	0.2470	0.1820	0.0820	0.2824	0.1925	0.3994
000267	S	0.012810	0.475960	0.578057	0.3005	0.3182	0.1530	0.0630	0.3065	0.1881	0.3957
000268	L	0.017467	0.431240	0.573447	0.2041	0.3182	0.1540	0.0640	0.2832	0.1830	0.3926
000269	F	0.023967	0.428632	0.570537	0.1844	0.2951	0.1630	0.0710	0.2776	0.1803	0.3922
000270	A	0.032192	0.439398	0.569604	0.1878	0.2884	0.1740	0.0810	0.2819	0.1782	0.3937
000271	L	0.055253	0.454697	0.569221	0.1698	0.2541	0.1940	0.0940	0.2829	0.1755	0.3974
000272	Q	0.079363	0.470171	0.569247	0.2432	0.3182	0.1990	0.0990	0.3132	0.1647	0.4043
000273	N	0.093773	0.459681	0.570416	0.3146	0.3321	0.2150	0.1050	0.3309	0.1549	0.4094
000274	L	0.149443	0.484730	0.574453	0.3885	0.4330	0.2570	0.1230	0.3812	0.1413	0.4139
000275	Q	0.203951	0.493412	0.580287	0.3225	0.4051	0.2820	0.1390	0.3813	0.1274	0.4184
000276	P	0.275388	0.525486	0.583553	0.3456	0.3356	0.3300	0.1440	0.3993	0.1132	0.4206
000277	W	0.339177	0.557100	0.582887	0.3146	0.3392	0.3870	0.1320	0.4199	0.1085	0.4245
000278	E	0.426091	0.576733	0.578844	0.2483	0.3392	0.3750	0.1440	0.4240	0.1210	0.4292
000279	E	0.521432	0.574742	0.575053	0.3184	0.3392	0.4310	0.1510	0.4600	0.1046	0.4327
000280	D	0.600393	0.593992	0.571479	0.3939	0.3807	0.5100	0.1590	0.5085	0.0905	0.4299
000281	S	0.658720	0.595968	0.567797	0.3456	0.3872	0.5500	0.1430	0.5176	0.1127	0.4282
000282	S	0.705846	0.582610	0.564867	0.3578	0.4441	0.7680	0.0870	0.5706	0.1407	0.4286
000283	K	0.702210	0.579328	0.563419	0.3885	0.4220	0.7930	0.0840	0.5747	0.1426	0.4315
000284	V	0.694254	0.593265	0.561563	0.4282	0.3872	0.7910	0.0760	0.5758	0.1402	0.4321
000285	P	0.663083	0.596117	0.558533	0.5473	0.4507	0.7500	0.0760	0.5942	0.0940	0.4274
000286	A	0.641011	0.640972	0.554592	0.5762	0.4292	0.7380	0.0820	0.5967	0.0951	0.4224
000287	V	0.578128	0.638244	0.552492	0.5900	0.3599	0.7420	0.0770	0.5767	0.1145	0.4212
000288	T	0.448417	0.673754	0.551039	0.7111	0.4766	0.7940	0.0740	0.6091	0.1261	0.4193
000289	S	0.382883	0.731534	0.549567	0.7317	0.4476	0.8260	0.0600	0.6116	0.1623	0.4163
000290	L	0.430275	0.748435	0.548062	0.7573	0.4119	0.8140	0.0550	0.6184	0.1620	0.4106
000291	V	0.281619	0.788674	0.547218	0.7817	0.3704	0.8830	0.0550	0.6088	0.2255	0.4078