RESNUM	RES	VL-XT	VSL2B	VL3	IUPred-S	IUPred-L	PONDRFIT	FITERROR	MDP	MDPERROR	ANCHOR2
000001	M	0.842936	0.651389	0.453074	0.7573	0.1449	0.9600	0.0210	0.6350	0.2701	0.4132
000002	T	0.815519	0.680510	0.449832	0.6516	0.1092	0.9230	0.0420	0.6050	0.2656	0.4164
000003	P	0.686068	0.645214	0.441289	0.6174	0.1399	0.9100	0.0280	0.5734	0.2376	0.4173
000004	A	0.593822	0.571149	0.430388	0.5043	0.1115	0.8570	0.0690	0.5113	0.2221	0.4184
000005	L	0.549782	0.510032	0.417789	0.4600	0.1476	0.7680	0.1080	0.4755	0.1840	0.4182
000006	T	0.493812	0.448543	0.405897	0.3359	0.2002	0.5810	0.1480	0.4108	0.1205	0.4189
000007	A	0.429733	0.413273	0.394320	0.2963	0.2292	0.5340	0.0890	0.3828	0.0976	0.4207
000008	L	0.381855	0.331725	0.384057	0.2700	0.2680	0.4520	0.1210	0.3480	0.0659	0.4230
000009	L	0.344751	0.234881	0.374875	0.2255	0.2918	0.4650	0.0820	0.3229	0.0834	0.4275
000010	C	0.321779	0.254044	0.366509	0.1878	0.2645	0.4800	0.0990	0.3124	0.0933	0.4324
000011	L	0.290093	0.210024	0.358303	0.1566	0.3019	0.5570	0.0750	0.3123	0.1272	0.4287
000012	G	0.246475	0.232434	0.350191	0.1266	0.3087	0.5470	0.0970	0.3018	0.1297	0.4223
000013	L	0.206623	0.273085	0.342195	0.1349	0.3087	0.5430	0.1280	0.3015	0.1276	0.4180
000014	S	0.167032	0.331587	0.334886	0.0965	0.3087	0.5300	0.1230	0.2947	0.1378	0.4114
000015	L	0.131906	0.332808	0.328132	0.1205	0.2399	0.6280	0.1600	0.2969	0.1702	0.4056
000016	G	0.110187	0.373635	0.319821	0.1921	0.3182	0.6430	0.1560	0.3262	0.1671	0.4015
000017	P	0.095216	0.382749	0.310036	0.1178	0.3117	0.6110	0.1420	0.3048	0.1727	0.3974
000018	R	0.075800	0.400037	0.300234	0.1566	0.3494	0.5880	0.1160	0.3117	0.1660	0.3935
000019	T	0.056710	0.431882	0.291075	0.2122	0.4149	0.4770	0.1640	0.3139	0.1459	0.3917
000020	R	0.044876	0.452325	0.282026	0.3096	0.4186	0.4510	0.1620	0.3264	0.1423	0.3919
000021	V	0.049534	0.467405	0.275121	0.3762	0.4087	0.3570	0.1360	0.3222	0.1349	0.3987
000022	Q	0.059753	0.483823	0.268229	0.3762	0.4476	0.3100	0.1400	0.3242	0.1394	0.4075
000023	A	0.073854	0.471817	0.261474	0.3146	0.4582	0.2950	0.1270	0.3124	0.1332	0.4207
000024	G	0.076012	0.451646	0.249731	0.3578	0.5456	0.2940	0.1260	0.3292	0.1496	0.4324
000025	P	0.074869	0.433388	0.236051	0.3668	0.5533	0.2660	0.1110	0.3217	0.1525	0.4231
000026	F	0.067053	0.403407	0.221127	0.4749	0.6269	0.2290	0.0710	0.3371	0.1850	0.4114
000027	P	0.059758	0.387227	0.210674	0.4781	0.5577	0.1760	0.0630	0.3116	0.1761	0.4067
000028	K	0.055662	0.392458	0.205016	0.4556	0.4619	0.1610	0.0660	0.2886	0.1561	0.3992
000029	P	0.057857	0.389103	0.203962	0.4037	0.4619	0.1350	0.0500	0.2752	0.1507	0.3901
000030	T	0.067485	0.367487	0.202466	0.3456	0.3566	0.1420	0.0680	0.2469	0.1166	0.3841
000031	L	0.063901	0.345336	0.202233	0.3456	0.3631	0.1420	0.0710	0.2437	0.1150	0.3769
000032	W	0.052089	0.325626	0.202399	0.3491	0.4087	0.1420	0.0670	0.2466	0.1250	0.3794
000033	A	0.140003	0.304391	0.204272	0.3456	0.4119	0.1410	0.0670	0.2579	0.1033	0.3888
000034	E	0.164763	0.300785	0.206537	0.3762	0.3840	0.1310	0.0510	0.2606	0.0992	0.3986
000035	P	0.167523	0.316313	0.209057	0.3939	0.3872	0.1380	0.0550	0.2686	0.1024	0.4075
000036	G	0.168916	0.315313	0.212411	0.3184	0.3019	0.1320	0.0480	0.2415	0.0742	0.4164
000037	S	0.169257	0.313497	0.217973	0.4149	0.2951	0.1200	0.0330	0.2552	0.0979	0.4244
000038	V	0.178327	0.324469	0.227974	0.3491	0.1881	0.1180	0.0350	0.2310	0.0817	0.4318
000039	I	0.213359	0.313972	0.239587	0.2820	0.2034	0.1160	0.0420	0.2280	0.0630	0.4413
000040	S	0.214693	0.303578	0.251013	0.2080	0.1881	0.1120	0.0390	0.2129	0.0585	0.4496
000041	W	0.261588	0.309462	0.261716	0.2255	0.1791	0.1100	0.0330	0.2245	0.0649	0.4589
000042	G	0.196892	0.306722	0.273554	0.3096	0.2470	0.1070	0.0220	0.2401	0.0708	0.4627
000043	S	0.172202	0.292149	0.287634	0.3717	0.3599	0.1090	0.0240	0.2654	0.0954	0.4658
000044	P	0.164352	0.323911	0.303883	0.4149	0.3566	0.1100	0.0310	0.2790	0.1070	0.4687
000045	V	0.161755	0.299503	0.321565	0.4149	0.3566	0.1160	0.0370	0.2784	0.1056	0.4741
000046	T	0.158225	0.329251	0.340896	0.3762	0.3529	0.1230	0.0390	0.2800	0.1002	0.4787
000047	I	0.143467	0.361783	0.359544	0.3885	0.2575	0.1290	0.0390	0.2734	0.1052	0.4804
000048	W	0.099230	0.366970	0.378154	0.3992	0.2645	0.1440	0.0440	0.2754	0.1173	0.4794
000049	C	0.127560	0.379812	0.392324	0.3847	0.2470	0.1580	0.0430	0.2815	0.1101	0.4710
000050	Q	0.111333	0.409371	0.406110	0.4333	0.3149	0.1760	0.0530	0.3085	0.1237	0.4689
000051	G	0.111666	0.431189	0.419363	0.3806	0.3149	0.2110	0.0750	0.3114	0.1161	0.4686
000052	S	0.153814	0.468342	0.434362	0.4458	0.4256	0.2250	0.0820	0.3589	0.1222	0.4659
000053	Q	0.217339	0.478747	0.450517	0.4333	0.4256	0.2480	0.0880	0.3756	0.1028	0.4664
000054	E	0.291166	0.519160	0.468434	0.4420	0.4256	0.2910	0.0910	0.4063	0.0863	0.4666
000055	A	0.378191	0.554561	0.489347	0.4282	0.4256	0.3480	0.1080	0.4374	0.0684	0.4660
000056	Q	0.470517	0.590330	0.511098	0.4918	0.4901	0.4100	0.1210	0.4940	0.0534	0.4588
000057	E	0.558335	0.615208	0.533302	0.5084	0.5098	0.4340	0.1180	0.5266	0.0548	0.4509
000058	Y	0.614010	0.646966	0.555156	0.5623	0.5176	0.4650	0.1150	0.5602	0.0596	0.4439
000059	R	0.672812	0.667612	0.576872	0.6516	0.6576	0.4700	0.1230	0.6161	0.0727	0.4412
000060	L	0.738170	0.680488	0.597693	0.6516	0.7755	0.4860	0.1260	0.6550	0.0947	0.4436
000061	H	0.783879	0.699255	0.618086	0.6474	0.7718	0.4690	0.1270	0.6648	0.1063	0.4369
000062	K	0.812492	0.717619	0.635701	0.6412	0.7799	0.4800	0.1410	0.6778	0.1098	0.4285
000063	E	0.831410	0.727570	0.652292	0.6442	0.8085	0.5160	0.1270	0.6967	0.1072	0.4211
000064	G	0.837611	0.742680	0.667179	0.6334	0.7209	0.5960	0.1060	0.6996	0.0792	0.4134
000065	S	0.842617	0.760579	0.682749	0.6474	0.7209	0.6200	0.0940	0.7123	0.0742	0.4095
000066	P	0.843517	0.787546	0.698113	0.6255	0.7755	0.5770	0.1220	0.7179	0.0938	0.4055
000067	E	0.846280	0.791937	0.713115	0.6124	0.7595	0.5890	0.1250	0.7187	0.0927	0.4047
000068	P	0.859307	0.806669	0.725251	0.6255	0.7505	0.5670	0.1320	0.7224	0.1001	0.4046
000069	L	0.861677	0.800929	0.732709	0.6870	0.8530	0.5400	0.1250	0.7459	0.1110	0.4042
000070	D	0.864969	0.799563	0.735348	0.6944	0.8279	0.5110	0.1390	0.7389	0.1164	0.3975
000071	R	0.865286	0.802253	0.734993	0.7458	0.8872	0.4870	0.1290	0.7538	0.1317	0.3895
000072	N	0.865532	0.795373	0.732268	0.7317	0.7982	0.5100	0.1270	0.7388	0.1120	0.3864
000073	N	0.864325	0.789985	0.728466	0.7388	0.7951	0.5240	0.1400	0.7400	0.1064	0.3910
000074	P	0.842114	0.787207	0.724223	0.6715	0.6906	0.5230	0.1400	0.7064	0.1003	0.3987
000075	L	0.811371	0.789593	0.719547	0.6650	0.7163	0.5790	0.1730	0.7134	0.0774	0.4114
000076	E	0.807968	0.784328	0.714745	0.6293	0.7163	0.5300	0.1790	0.6971	0.0941	0.4163
000077	P	0.783594	0.782197	0.707560	0.6219	0.6482	0.5570	0.1880	0.6835	0.0829	0.4206
000078	K	0.734503	0.777298	0.700932	0.6124	0.6322	0.5910	0.1900	0.6747	0.0677	0.4271
000079	N	0.686953	0.773526	0.692779	0.5623	0.6269	0.5940	0.2090	0.6561	0.0702	0.4341
000080	K	0.643954	0.763423	0.686707	0.6174	0.7120	0.5730	0.1950	0.6662	0.0625	0.4423
000081	A	0.619587	0.754701	0.678321	0.6079	0.6948	0.5170	0.2120	0.6454	0.0753	0.4567
000082	R	0.599310	0.745330	0.667256	0.6035	0.6620	0.4300	0.1600	0.6178	0.0972	0.4710
000083	F	0.582116	0.720302	0.651385	0.5900	0.6576	0.4490	0.1500	0.6085	0.0848	0.4867
000084	S	0.541556	0.708744	0.633101	0.5623	0.6482	0.3890	0.1150	0.5804	0.1020	0.4926
000085	I	0.457629	0.694280	0.612961	0.5374	0.5017	0.4660	0.1410	0.5451	0.0843	0.4965
000086	P	0.384894	0.677216	0.591901	0.5802	0.5758	0.4020	0.1030	0.5353	0.1061	0.4936
000087	S	0.343527	0.667094	0.569972	0.5008	0.4582	0.4280	0.0820	0.4946	0.1033	0.4969
000088	M	0.302665	0.651639	0.550650	0.4825	0.4330	0.4440	0.0870	0.4774	0.1075	0.4992
000089	T	0.255331	0.643571	0.532682	0.4149	0.3426	0.5500	0.1470	0.4566	0.1321	0.4974
000090	E	0.217413	0.628819	0.517238	0.4149	0.2436	0.5590	0.1440	0.4302	0.1549	0.4946
000091	H	0.170303	0.618319	0.502009	0.3311	0.2399	0.5770	0.1240	0.4064	0.1694	0.4903
000092	H	0.113165	0.612607	0.486603	0.2700	0.2575	0.5280	0.0960	0.3780	0.1759	0.4830
000093	A	0.090671	0.599512	0.469585	0.2657	0.2328	0.4200	0.0920	0.3463	0.1680	0.4751
000094	G	0.083261	0.590521	0.450774	0.3311	0.3286	0.3520	0.1110	0.3560	0.1526	0.4665
000095	R	0.077250	0.579409	0.432454	0.3053	0.2258	0.3580	0.1130	0.3297	0.1575	0.4617
000096	Y	0.075246	0.557220	0.416792	0.3399	0.2951	0.3270	0.1030	0.3352	0.1445	0.4581
000097	R	0.070346	0.536564	0.403495	0.2080	0.2849	0.2950	0.0890	0.2997	0.1461	0.4552
000098	C	0.074267	0.509072	0.391751	0.2080	0.3053	0.2760	0.0910	0.2942	0.1366	0.4522
000099	H	0.049555	0.462707	0.379871	0.2531	0.3286	0.2650	0.0960	0.2898	0.1286	0.4486
000100	Y	0.029872	0.480687	0.369083	0.2602	0.3356	0.3090	0.0860	0.2974	0.1374	0.4443
000101	Y	0.034242	0.494171	0.362735	0.2531	0.3392	0.3260	0.0870	0.3015	0.1394	0.4398
000102	S	0.035690	0.519330	0.361738	0.2700	0.2783	0.3400	0.0800	0.3009	0.1442	0.4362
000103	S	0.066026	0.533520	0.365409	0.2913	0.2884	0.3670	0.0780	0.3186	0.1392	0.4338
000104	A	0.077783	0.555066	0.370779	0.2531	0.2752	0.3760	0.0810	0.3179	0.1450	0.4321
000105	G	0.125204	0.584189	0.376394	0.2657	0.2224	0.4440	0.0540	0.3362	0.1511	0.4312
000106	W	0.194924	0.599362	0.382462	0.2255	0.1881	0.5020	0.0610	0.3487	0.1592	0.4303
000107	S	0.259703	0.617826	0.387617	0.2558	0.2817	0.4900	0.0740	0.3821	0.1343	0.4299
000108	E	0.358011	0.633022	0.391792	0.2167	0.2849	0.4700	0.0890	0.3924	0.1339	0.4299
000109	P	0.428511	0.637437	0.394124	0.2748	0.3566	0.4050	0.1060	0.4162	0.1105	0.4300
000110	S	0.508099	0.628546	0.397204	0.2700	0.2680	0.4090	0.1160	0.4135	0.1273	0.4296
000111	D	0.590648	0.614185	0.403744	0.3146	0.3529	0.4220	0.1140	0.4497	0.1136	0.4284
000112	P	0.623684	0.605296	0.414764	0.3096	0.4409	0.3750	0.1110	0.4615	0.1156	0.4264
000113	L	0.713138	0.588450	0.429215	0.3053	0.4619	0.3870	0.1150	0.4808	0.1343	0.4224
000114	E	0.763562	0.582047	0.443555	0.3053	0.4725	0.3670	0.1220	0.4891	0.1499	0.4218
000115	M	0.798575	0.556529	0.455760	0.3491	0.4292	0.4160	0.1350	0.5008	0.1467	0.4218
000116	V	0.833588	0.581258	0.466317	0.3491	0.4220	0.4030	0.1330	0.5093	0.1616	0.4205
000117	M	0.834637	0.552740	0.473228	0.4149	0.5139	0.3540	0.1070	0.5240	0.1531	0.4221
000118	T	0.868228	0.535650	0.478160	0.4149	0.4476	0.3400	0.1100	0.5141	0.1691	0.4244
000119	G	0.889040	0.541867	0.477303	0.3762	0.4541	0.3550	0.1080	0.5156	0.1782	0.4233
000120	A	0.911713	0.530954	0.474853	0.3096	0.4292	0.3960	0.1350	0.5087	0.1927	0.4219
000121	Y	0.956593	0.541905	0.470588	0.3263	0.4541	0.4300	0.1250	0.5299	0.2012	0.4228
000122	S	0.962753	0.571384	0.467121	0.3146	0.3948	0.3920	0.0950	0.5171	0.2144	0.4233
000123	K	0.971496	0.589175	0.465102	0.3225	0.3286	0.4370	0.0960	0.5190	0.2214	0.4222
000124	P	0.975362	0.592975	0.465027	0.3225	0.3704	0.4690	0.1030	0.5326	0.2155	0.4205
000125	T	0.979222	0.594042	0.466736	0.2558	0.3529	0.4890	0.1130	0.5230	0.2302	0.4151
000126	L	0.983032	0.582870	0.470720	0.2602	0.3910	0.4900	0.1160	0.5297	0.2255	0.4100
000127	S	0.983194	0.574278	0.473922	0.3146	0.4441	0.4370	0.1120	0.5379	0.2131	0.4084
000128	A	0.987404	0.555644	0.477120	0.3491	0.4901	0.4270	0.1040	0.5477	0.2064	0.4061
000129	L	0.989335	0.554426	0.478472	0.3456	0.4507	0.4100	0.1090	0.5380	0.2116	0.4047
000130	P	0.985993	0.554821	0.480812	0.3535	0.4507	0.3610	0.0940	0.5312	0.2148	0.4066
000131	S	0.978072	0.553292	0.482571	0.3491	0.4051	0.3500	0.0820	0.5196	0.2175	0.4086
000132	P	0.973056	0.546389	0.481684	0.4333	0.5017	0.3350	0.0720	0.5453	0.2023	0.4089
000133	V	0.971021	0.527525	0.478493	0.3806	0.4149	0.3440	0.0720	0.5195	0.2108	0.4094
000134	V	0.965954	0.514366	0.474776	0.3992	0.4220	0.3060	0.0620	0.5137	0.2124	0.4129
000135	A	0.961707	0.506968	0.471825	0.3005	0.3983	0.2740	0.0740	0.4855	0.2288	0.4185
000136	S	0.958682	0.498963	0.466865	0.3053	0.4087	0.2350	0.0810	0.4789	0.2329	0.4239
000137	G	0.941602	0.486783	0.458481	0.3578	0.4685	0.2150	0.0830	0.4881	0.2230	0.4287
000138	G	0.893328	0.466262	0.449493	0.3717	0.4801	0.1860	0.0700	0.4746	0.2120	0.4311
000139	N	0.787487	0.451648	0.445126	0.4037	0.4119	0.1680	0.0590	0.4447	0.1810	0.4324
000140	M	0.685937	0.444947	0.446741	0.4651	0.4801	0.1570	0.0590	0.4466	0.1543	0.4327
000141	T	0.581097	0.440510	0.449849	0.3717	0.4582	0.1470	0.0610	0.4081	0.1321	0.4331
000142	L	0.473239	0.435717	0.449929	0.3806	0.3667	0.1480	0.0620	0.3756	0.1086	0.4330
000143	R	0.368299	0.453857	0.444920	0.3668	0.3019	0.1520	0.0590	0.3480	0.1016	0.4327
000144	C	0.262694	0.463448	0.437218	0.3399	0.2884	0.1540	0.0550	0.3243	0.1052	0.4327
000145	G	0.155877	0.460016	0.429084	0.3491	0.3019	0.1590	0.0520	0.3091	0.1190	0.4320
000146	S	0.065644	0.455248	0.423675	0.3225	0.3215	0.1550	0.0410	0.2906	0.1389	0.4311
000147	Q	0.006084	0.445049	0.420229	0.2913	0.3392	0.1470	0.0390	0.2748	0.1545	0.4300
000148	K	0.007304	0.419611	0.420191	0.3053	0.3356	0.1490	0.0450	0.2728	0.1495	0.4286
000149	G	0.008525	0.393774	0.423368	0.3184	0.3460	0.1490	0.0480	0.2732	0.1471	0.4275
000150	Y	0.008454	0.367301	0.429784	0.3146	0.3321	0.1520	0.0500	0.2673	0.1433	0.4265
000151	H	0.018372	0.339218	0.436359	0.3630	0.3774	0.1600	0.0500	0.2824	0.1456	0.4246
000152	H	0.027252	0.367223	0.440495	0.3630	0.3117	0.1770	0.0520	0.2811	0.1389	0.4224
000153	F	0.031065	0.354707	0.443159	0.4333	0.3948	0.2130	0.0660	0.3116	0.1468	0.4205
000154	V	0.043488	0.380555	0.444948	0.3456	0.3910	0.2290	0.0700	0.3058	0.1345	0.4198
000155	L	0.079160	0.417918	0.449408	0.4556	0.4864	0.2430	0.0920	0.3552	0.1466	0.4182
000156	M	0.115282	0.472436	0.452194	0.4600	0.4119	0.2600	0.1030	0.3619	0.1315	0.4178
000157	K	0.170548	0.506030	0.452123	0.4556	0.4292	0.2640	0.1160	0.3796	0.1201	0.4178
000158	E	0.226674	0.512555	0.448003	0.3762	0.4119	0.2860	0.1260	0.3769	0.0962	0.4186
000159	G	0.284155	0.516427	0.444457	0.3806	0.4256	0.3260	0.1150	0.3962	0.0768	0.4206
000160	E	0.352381	0.518680	0.442674	0.3762	0.4330	0.3090	0.1140	0.4053	0.0683	0.4241
000161	H	0.425532	0.519930	0.440151	0.4781	0.4507	0.2840	0.0700	0.4330	0.0734	0.4285
000162	Q	0.508187	0.543914	0.435414	0.4918	0.4476	0.2790	0.0770	0.4510	0.0851	0.4325
000163	L	0.558199	0.561066	0.428900	0.4078	0.4476	0.2620	0.0740	0.4442	0.1013	0.4313
000164	P	0.567622	0.576497	0.420012	0.4781	0.5533	0.2240	0.0650	0.4699	0.1231	0.4237
000165	R	0.550633	0.578359	0.408519	0.5253	0.6227	0.2980	0.1000	0.4972	0.1107	0.4182
000166	T	0.509459	0.587114	0.393883	0.5802	0.5665	0.3640	0.1310	0.5002	0.0897	0.4126
000167	L	0.453256	0.621679	0.378939	0.6124	0.6322	0.4060	0.1490	0.5175	0.1070	0.4116
000168	D	0.398695	0.636873	0.365700	0.5043	0.5992	0.4100	0.1360	0.4857	0.1032	0.4092
000169	S	0.322734	0.650184	0.352125	0.5043	0.4979	0.4170	0.1360	0.4573	0.1095	0.4078
000170	Q	0.244159	0.627621	0.335436	0.4781	0.3948	0.4090	0.1060	0.4149	0.1191	0.4109
000171	Q	0.161041	0.570531	0.313682	0.4078	0.4017	0.4140	0.0910	0.3781	0.1232	0.4160
000172	L	0.099327	0.517190	0.290953	0.3263	0.3529	0.3960	0.0870	0.3304	0.1256	0.4204
000173	H	0.052478	0.487177	0.268553	0.3359	0.3426	0.3250	0.0810	0.3019	0.1297	0.4211
000174	S	0.034492	0.432143	0.249251	0.3456	0.4292	0.2550	0.1130	0.2909	0.1359	0.4236
000175	R	0.020147	0.379212	0.231439	0.3184	0.3529	0.2510	0.1250	0.2588	0.1188	0.4301
000176	G	0.019211	0.345376	0.216499	0.3311	0.3566	0.2430	0.1150	0.2519	0.1165	0.4299
000177	F	0.016875	0.305848	0.202509	0.2657	0.3740	0.2180	0.1050	0.2304	0.1111	0.4223
000178	Q	0.014578	0.258627	0.189557	0.3263	0.4369	0.1940	0.0950	0.2366	0.1304	0.4212
000179	A	0.011439	0.230310	0.177308	0.3399	0.4220	0.1590	0.0680	0.2233	0.1319	0.4187
000180	L	0.008174	0.224134	0.164729	0.3263	0.4330	0.1430	0.0530	0.2166	0.1357	0.4206
000181	F	0.007496	0.225407	0.152631	0.2786	0.3117	0.1390	0.0390	0.1857	0.1010	0.4307
000182	P	0.006595	0.247256	0.141310	0.2531	0.3053	0.1260	0.0420	0.1799	0.1001	0.4204
000183	V	0.004113	0.261258	0.131817	0.2209	0.2715	0.1220	0.0450	0.1685	0.0936	0.4073
000184	G	0.002860	0.277500	0.123195	0.2292	0.2783	0.1120	0.0430	0.1705	0.1003	0.3949
000185	P	0.002320	0.277757	0.114186	0.1456	0.1969	0.1130	0.0480	0.1416	0.0843	0.3803
000186	V	0.001535	0.293919	0.102641	0.1495	0.1251	0.1110	0.0470	0.1306	0.0865	0.3690
000187	T	0.001367	0.291960	0.091241	0.1018	0.0734	0.0920	0.0290	0.1086	0.0885	0.3547
000188	P	0.000896	0.264509	0.079647	0.1088	0.0817	0.0690	0.0200	0.1008	0.0803	0.3439
000189	S	0.000544	0.238795	0.070834	0.0554	0.0443	0.0650	0.0200	0.0791	0.0750	0.3383
000190	H	0.000246	0.212755	0.061121	0.0387	0.0531	0.0610	0.0200	0.0711	0.0667	0.3346
000191	R	0.000158	0.164991	0.051479	0.0304	0.0870	0.0580	0.0200	0.0653	0.0518	0.3342
000192	W	0.000088	0.126052	0.042282	0.0502	0.1554	0.0550	0.0190	0.0715	0.0528	0.3368
000193	R	0.000038	0.107368	0.035077	0.0441	0.1554	0.0470	0.0200	0.0649	0.0514	0.3436
000194	F	0.000037	0.089187	0.030395	0.0660	0.1206	0.0450	0.0180	0.0586	0.0393	0.3475
000195	T	0.000036	0.078927	0.027726	0.0677	0.0851	0.0410	0.0160	0.0501	0.0302	0.3515
000196	C	0.000035	0.071929	0.026725	0.0304	0.0380	0.0400	0.0130	0.0344	0.0212	0.3576
000197	Y	0.000029	0.058832	0.027347	0.0316	0.0531	0.0390	0.0130	0.0350	0.0192	0.3618
000198	Y	0.000025	0.052427	0.029560	0.0141	0.0506	0.0410	0.0140	0.0313	0.0191	0.3668
000199	Y	0.000012	0.051650	0.032666	0.0121	0.0518	0.0490	0.0150	0.0329	0.0204	0.3681
000200	Y	0.000010	0.055924	0.036282	0.0102	0.0518	0.0660	0.0160	0.0367	0.0241	0.3650
000201	T	0.000012	0.069497	0.040501	0.0141	0.0581	0.0900	0.0280	0.0454	0.0312	0.3598
000202	N	0.000011	0.098358	0.046008	0.0141	0.0646	0.1000	0.0390	0.0539	0.0382	0.3547
000203	T	0.000012	0.126009	0.053225	0.0316	0.0817	0.1130	0.0510	0.0676	0.0442	0.3491
000204	P	0.000035	0.156136	0.063683	0.0350	0.0870	0.1010	0.0390	0.0737	0.0495	0.3433
000205	W	0.000369	0.177363	0.077946	0.0387	0.1007	0.1190	0.0390	0.0857	0.0567	0.3381
000206	V	0.008818	0.222874	0.095145	0.0395	0.0662	0.1420	0.0430	0.0958	0.0706	0.3335
000207	W	0.026062	0.240522	0.113213	0.0387	0.1298	0.1910	0.0720	0.1232	0.0764	0.3271
000208	S	0.054289	0.262948	0.131347	0.0425	0.1942	0.2100	0.0800	0.1493	0.0811	0.3185
000209	H	0.064813	0.299070	0.147718	0.0858	0.2783	0.2540	0.0940	0.1883	0.0932	0.3108
000210	P	0.073328	0.337160	0.164237	0.1416	0.3087	0.2610	0.0790	0.2143	0.0947	0.3057
000211	S	0.081845	0.373147	0.181712	0.2209	0.3872	0.3080	0.0980	0.2588	0.1085	0.3057
000212	D	0.159046	0.400822	0.203427	0.1602	0.3872	0.3430	0.1150	0.2756	0.1039	0.3086
000213	P	0.227186	0.488280	0.226604	0.1602	0.3740	0.3490	0.1390	0.3041	0.1106	0.3064
000214	L	0.331331	0.511206	0.250665	0.1602	0.3948	0.3980	0.1650	0.3411	0.1126	0.3053
000215	E	0.423666	0.530514	0.272508	0.1456	0.3667	0.3780	0.1620	0.3528	0.1203	0.2992
000216	I	0.507895	0.550745	0.292196	0.2700	0.4017	0.4120	0.1630	0.4057	0.1023	0.2926
000217	L	0.572217	0.550196	0.309361	0.3263	0.3872	0.3690	0.1320	0.4190	0.1039	0.2911
000218	P	0.649725	0.530723	0.323318	0.3717	0.4979	0.3330	0.1180	0.4510	0.1187	0.2921
000219	S	0.743538	0.526552	0.334836	0.3053	0.4292	0.3450	0.1220	0.4474	0.1514	0.2970
000220	G	0.812922	0.543520	0.343057	0.3311	0.4409	0.3720	0.1230	0.4739	0.1677	0.3066
000221	V	0.813618	0.542176	0.351222	0.2432	0.4149	0.3440	0.1030	0.4515	0.1852	0.3136
000222	S	0.848417	0.552796	0.360197	0.2657	0.4476	0.3230	0.1050	0.4662	0.1941	0.3177
000223	R	0.852518	0.566243	0.370098	0.2602	0.3774	0.3050	0.1100	0.4552	0.2017	0.3201
000224	K	0.861421	0.599030	0.379844	0.2786	0.2884	0.3180	0.0980	0.4543	0.2118	0.3279
000225	P	0.868726	0.564532	0.388848	0.2913	0.3286	0.3460	0.1190	0.4646	0.2007	0.3412
000226	S	0.884953	0.526198	0.399058	0.2122	0.3392	0.3400	0.1450	0.4503	0.2154	0.3603
000227	L	0.903600	0.469196	0.409903	0.2483	0.4149	0.3170	0.1340	0.4605	0.2108	0.3812
000228	L	0.909130	0.401141	0.419005	0.3535	0.4940	0.2690	0.1050	0.4744	0.2059	0.3952
000229	T	0.934238	0.353395	0.424498	0.3359	0.4652	0.2480	0.0880	0.4602	0.2229	0.4025
000230	L	0.964254	0.354511	0.426500	0.3491	0.4017	0.2530	0.0860	0.4581	0.2328	0.4084
000231	Q	0.964056	0.383172	0.427576	0.3456	0.4017	0.2420	0.0710	0.4606	0.2328	0.4117
000232	G	0.951735	0.379793	0.428844	0.3311	0.3872	0.2370	0.0580	0.4526	0.2311	0.4172
000233	P	0.938307	0.390538	0.431241	0.3311	0.4017	0.2390	0.0510	0.4554	0.2247	0.4262
000234	V	0.905150	0.388371	0.434329	0.2558	0.3149	0.2440	0.0480	0.4237	0.2257	0.4331
000235	L	0.880324	0.387038	0.437020	0.2748	0.3182	0.2360	0.0540	0.4223	0.2154	0.4287
000236	A	0.862517	0.399062	0.438130	0.1844	0.2918	0.2210	0.0650	0.3995	0.2256	0.4303
000237	P	0.852173	0.420522	0.438038	0.1878	0.3117	0.1940	0.0590	0.4007	0.2242	0.4334
000238	G	0.844118	0.443933	0.435775	0.2602	0.3215	0.1720	0.0530	0.4130	0.2148	0.4330
000239	Q	0.813752	0.428671	0.432759	0.3456	0.3948	0.1550	0.0400	0.4285	0.1963	0.4329
000240	S	0.712373	0.420409	0.430501	0.2748	0.3053	0.1340	0.0280	0.3795	0.1789	0.4279
000241	L	0.617497	0.410260	0.429591	0.3578	0.3840	0.1140	0.0240	0.3855	0.1477	0.4214
000242	T	0.522621	0.405165	0.428017	0.2700	0.3774	0.1090	0.0240	0.3520	0.1318	0.4179
000243	L	0.447907	0.397807	0.421528	0.2748	0.2783	0.1190	0.0350	0.3232	0.1133	0.4149
000244	Q	0.364000	0.383815	0.411140	0.2483	0.1969	0.1220	0.0370	0.2878	0.1060	0.4123
000245	C	0.275754	0.382253	0.396379	0.2432	0.1852	0.1200	0.0270	0.2671	0.0992	0.4091
000246	G	0.178908	0.357363	0.381477	0.2602	0.1671	0.1220	0.0230	0.2445	0.0975	0.4042
000247	S	0.086978	0.362890	0.367107	0.2385	0.1852	0.1270	0.0260	0.2280	0.1076	0.3978
000248	D	0.020333	0.359964	0.356012	0.1532	0.1791	0.1390	0.0270	0.2013	0.1215	0.3921
000249	V	0.025296	0.331417	0.349494	0.1495	0.1791	0.1500	0.0340	0.1974	0.1123	0.3880
000250	G	0.025418	0.312756	0.347389	0.1566	0.1852	0.1520	0.0380	0.1965	0.1075	0.3864
000251	Y	0.025031	0.290869	0.349123	0.1566	0.1881	0.1560	0.0420	0.1944	0.1040	0.3859
000252	N	0.026599	0.303054	0.351570	0.2432	0.2715	0.1540	0.0460	0.2249	0.1073	0.3880
000253	R	0.033848	0.282028	0.353622	0.2531	0.1731	0.1720	0.0480	0.2112	0.1013	0.3850
000254	F	0.041312	0.281487	0.356388	0.3535	0.1702	0.1930	0.0600	0.2326	0.1114	0.3810
000255	V	0.051113	0.309032	0.360319	0.2657	0.1702	0.1880	0.0600	0.2241	0.1014	0.3790
000256	L	0.059832	0.296283	0.367220	0.2748	0.2470	0.1760	0.0590	0.2369	0.0975	0.3767
000257	Y	0.060500	0.333030	0.375029	0.2786	0.2715	0.1740	0.0590	0.2488	0.1045	0.3788
000258	K	0.078478	0.389667	0.382637	0.2786	0.2783	0.2110	0.0550	0.2697	0.1059	0.3811
000259	E	0.101691	0.425036	0.391752	0.2913	0.2680	0.2570	0.0760	0.2891	0.1046	0.3820
000260	G	0.133896	0.451258	0.403549	0.3630	0.3321	0.3030	0.1130	0.3311	0.1003	0.3834
000261	E	0.201761	0.478868	0.418494	0.3762	0.3529	0.2950	0.1140	0.3539	0.0884	0.3840
000262	R	0.262832	0.495044	0.434885	0.4703	0.4476	0.3170	0.0960	0.4046	0.0847	0.3852
000263	D	0.330836	0.517171	0.451060	0.4918	0.4087	0.3520	0.0970	0.4253	0.0684	0.3866
000264	F	0.402736	0.541136	0.466057	0.5008	0.4149	0.3550	0.0930	0.4468	0.0626	0.3912
000265	L	0.462602	0.561379	0.477378	0.5331	0.4409	0.3320	0.0980	0.4679	0.0734	0.4007
000266	Q	0.497591	0.580292	0.484671	0.5900	0.4901	0.2950	0.1030	0.4897	0.0967	0.4097
000267	R	0.492289	0.597529	0.488554	0.5846	0.5854	0.3540	0.1360	0.5170	0.0854	0.4174
000268	P	0.474681	0.612723	0.490551	0.6557	0.6620	0.4030	0.1330	0.5498	0.0987	0.4231
000269	G	0.443722	0.627892	0.494511	0.6681	0.6851	0.4650	0.1510	0.5641	0.0988	0.4279
000270	Q	0.374284	0.658925	0.499141	0.6293	0.5296	0.4790	0.1240	0.5283	0.0951	0.4330
000271	Q	0.383165	0.679448	0.504202	0.6334	0.5296	0.4800	0.1290	0.5349	0.0980	0.4319
000272	P	0.392118	0.685158	0.506087	0.5549	0.4369	0.3850	0.0940	0.4933	0.1049	0.4295
000273	Q	0.402743	0.675568	0.506814	0.5514	0.4369	0.3910	0.1060	0.4941	0.0988	0.4279
000274	A	0.439360	0.653435	0.507383	0.4781	0.4441	0.3650	0.1000	0.4813	0.0884	0.4272
000275	G	0.499753	0.635209	0.509290	0.5514	0.4901	0.3370	0.1060	0.5039	0.0889	0.4273
000276	L	0.586832	0.601317	0.514440	0.6442	0.5665	0.3330	0.1040	0.5410	0.1009	0.4306
000277	S	0.686127	0.575810	0.520359	0.5802	0.5854	0.2700	0.1040	0.5363	0.1288	0.4325
000278	Q	0.790573	0.534297	0.526958	0.5762	0.5758	0.2510	0.1000	0.5425	0.1575	0.4332
000279	A	0.891821	0.530636	0.529811	0.5711	0.5577	0.2540	0.0900	0.5558	0.1852	0.4313
000280	N	0.911674	0.551879	0.529570	0.5711	0.5577	0.2390	0.0820	0.5602	0.1948	0.4300
000281	F	0.904826	0.539253	0.525595	0.5583	0.5493	0.2790	0.0790	0.5594	0.1824	0.4280
000282	T	0.828522	0.587435	0.519409	0.5473	0.5493	0.2660	0.0800	0.5496	0.1637	0.4290
000283	L	0.745663	0.585165	0.511297	0.5173	0.4292	0.2810	0.0810	0.5117	0.1414	0.4299
000284	G	0.657013	0.597998	0.502056	0.5253	0.4220	0.2770	0.0880	0.4969	0.1230	0.4323
000285	P	0.567081	0.603501	0.491098	0.4781	0.3667	0.2880	0.0910	0.4658	0.1090	0.4334
000286	V	0.466728	0.618167	0.479355	0.4879	0.2783	0.3170	0.0950	0.4413	0.1136	0.4313
000287	S	0.366092	0.618832	0.465779	0.4781	0.3529	0.3240	0.1100	0.4343	0.1003	0.4294
000288	P	0.359755	0.613122	0.451276	0.3885	0.3321	0.2990	0.1040	0.4073	0.1035	0.4286
000289	S	0.365012	0.607463	0.436126	0.3762	0.3215	0.3460	0.1120	0.4086	0.0956	0.4279
000290	N	0.395655	0.595478	0.419804	0.3668	0.3599	0.3620	0.1110	0.4166	0.0828	0.4277
000291	G	0.487173	0.579973	0.402991	0.3535	0.2783	0.3610	0.0810	0.4105	0.0982	0.4277
000292	G	0.474698	0.563135	0.385523	0.4116	0.3740	0.3610	0.0730	0.4284	0.0705	0.4286
000293	Q	0.495135	0.530539	0.366930	0.3399	0.3631	0.3240	0.0690	0.4033	0.0794	0.4305
000294	Y	0.501883	0.481762	0.347136	0.3939	0.4541	0.2970	0.0680	0.4126	0.0737	0.4326
000295	R	0.518746	0.445226	0.326566	0.3885	0.3494	0.2300	0.0540	0.3764	0.0911	0.4321
000296	C	0.535610	0.432233	0.307452	0.3762	0.3215	0.2150	0.0420	0.3647	0.1012	0.4279
000297	Y	0.455274	0.381920	0.290595	0.3399	0.3529	0.2210	0.0350	0.3402	0.0729	0.4228
000298	G	0.384915	0.382811	0.275102	0.3399	0.3840	0.2400	0.0530	0.3345	0.0575	0.4182
000299	A	0.288602	0.370902	0.260140	0.2786	0.3566	0.2960	0.0930	0.3084	0.0408	0.4132
000300	H	0.191074	0.380417	0.244633	0.3005	0.3807	0.3330	0.0920	0.3051	0.0693	0.4087
000301	N	0.189658	0.395168	0.230063	0.2913	0.3948	0.3880	0.1260	0.3148	0.0833	0.4055
000302	L	0.155505	0.432835	0.217823	0.3096	0.3215	0.3620	0.1060	0.2998	0.0910	0.4015
000303	S	0.172702	0.473132	0.209187	0.3311	0.3321	0.3440	0.0920	0.3103	0.0981	0.4014
000304	S	0.203056	0.509700	0.203132	0.2483	0.2470	0.3510	0.0840	0.2938	0.1085	0.4011
000305	E	0.233410	0.557774	0.198889	0.3263	0.2715	0.3820	0.0850	0.3283	0.1187	0.4004
000306	W	0.275159	0.569853	0.195710	0.2558	0.2328	0.4490	0.1040	0.3298	0.1340	0.3991
000307	S	0.305388	0.509668	0.192669	0.2748	0.2918	0.3980	0.0890	0.3287	0.1007	0.3996
000308	A	0.343744	0.504027	0.189612	0.3184	0.3807	0.3900	0.0950	0.3545	0.0939	0.4000
000309	P	0.401863	0.485718	0.185610	0.2913	0.3872	0.3610	0.0970	0.3521	0.0940	0.4009
000310	S	0.443413	0.433075	0.182177	0.3225	0.3356	0.3640	0.1020	0.3468	0.0865	0.4026
000311	D	0.465326	0.408517	0.182433	0.3456	0.2541	0.3680	0.1020	0.3374	0.0943	0.4021
000312	P	0.450697	0.370109	0.184613	0.2700	0.2609	0.3160	0.1130	0.3086	0.0848	0.4044
000313	L	0.496572	0.323693	0.188234	0.2602	0.3356	0.2700	0.1050	0.3125	0.0953	0.4068
000314	N	0.542447	0.279446	0.189776	0.2820	0.2849	0.2450	0.0990	0.3039	0.1117	0.4104
000315	I	0.584369	0.245018	0.190912	0.2820	0.2849	0.2410	0.0920	0.3048	0.1289	0.4105
000316	L	0.601833	0.211475	0.192081	0.1998	0.2034	0.2310	0.0980	0.2733	0.1474	0.4129
000317	M	0.642965	0.206837	0.193086	0.2820	0.2988	0.2010	0.0920	0.3042	0.1569	0.4170
000318	A	0.677484	0.169880	0.193997	0.2041	0.2752	0.1520	0.0720	0.2787	0.1825	0.4213
000319	G	0.727775	0.146596	0.194325	0.2333	0.3117	0.1310	0.0610	0.2907	0.2043	0.4264
000320	Q	0.809173	0.145853	0.194754	0.1844	0.3087	0.1370	0.0650	0.2967	0.2359	0.4311
000321	I	0.889441	0.159474	0.196116	0.1878	0.3149	0.1520	0.0650	0.3166	0.2618	0.4334
000322	Y	0.899073	0.189648	0.197338	0.1958	0.3249	0.1500	0.0670	0.3262	0.2618	0.4261
000323	D	0.910444	0.227210	0.198684	0.1766	0.3053	0.1540	0.0730	0.3288	0.2645	0.4223
000324	T	0.921885	0.272261	0.200609	0.2700	0.3182	0.1870	0.0750	0.3617	0.2544	0.4135
000325	V	0.952293	0.321108	0.203674	0.2602	0.2849	0.2110	0.0810	0.3721	0.2626	0.4088
000326	S	0.970097	0.347284	0.206767	0.2531	0.3599	0.2300	0.0830	0.3945	0.2637	0.3991
000327	L	0.975479	0.387557	0.209331	0.2700	0.4256	0.2500	0.0670	0.4196	0.2600	0.3904
000328	S	0.982117	0.454037	0.210930	0.3053	0.4801	0.2830	0.0710	0.4525	0.2550	0.3786
000329	A	0.983278	0.496738	0.212769	0.3359	0.5211	0.3300	0.0790	0.4799	0.2483	0.3728
000330	Q	0.985496	0.540609	0.214659	0.3578	0.4652	0.4280	0.0850	0.4987	0.2399	0.3655
000331	P	0.965567	0.600319	0.215820	0.3456	0.4582	0.4130	0.0850	0.4997	0.2383	0.3595
000332	G	0.953671	0.601534	0.215051	0.3535	0.4725	0.4060	0.1160	0.5004	0.2339	0.3529
000333	P	0.941703	0.600412	0.211088	0.4282	0.4979	0.4500	0.1200	0.5215	0.2212	0.3517
000334	T	0.908172	0.570325	0.204539	0.3359	0.3872	0.4290	0.1430	0.4726	0.2232	0.3530
000335	V	0.815890	0.533740	0.195542	0.2602	0.3983	0.4030	0.1460	0.4344	0.2021	0.3614
000336	A	0.726672	0.489547	0.184527	0.2602	0.4507	0.3180	0.1150	0.4049	0.1779	0.3660
000337	S	0.616887	0.445073	0.172269	0.2748	0.3494	0.2430	0.0880	0.3502	0.1466	0.3721
000338	G	0.507868	0.401402	0.159182	0.3535	0.3149	0.2020	0.0820	0.3231	0.1175	0.3818
000339	E	0.399934	0.333099	0.147247	0.2700	0.3286	0.1770	0.0770	0.2760	0.0892	0.3968
000340	N	0.311093	0.260498	0.136970	0.2122	0.2575	0.1600	0.0650	0.2231	0.0603	0.4081
000341	V	0.212478	0.206339	0.128683	0.2209	0.2680	0.1360	0.0530	0.1954	0.0489	0.4252
000342	T	0.113863	0.148106	0.118768	0.1205	0.2470	0.1010	0.0330	0.1416	0.0492	0.4254
000343	L	0.037302	0.082466	0.109191	0.1266	0.1554	0.0940	0.0320	0.1008	0.0368	0.4084
000344	L	0.019764	0.060493	0.100067	0.1060	0.0948	0.0990	0.0430	0.0801	0.0308	0.3945
000345	C	0.000281	0.052366	0.094511	0.0660	0.0605	0.1370	0.1120	0.0685	0.0416	0.3837
000346	Q	0.000109	0.043668	0.090326	0.0701	0.0870	0.1050	0.0620	0.0660	0.0351	0.3747
000347	S	0.000069	0.039007	0.087334	0.0542	0.0985	0.0710	0.0270	0.0583	0.0326	0.3662
000348	W	0.000033	0.039502	0.084947	0.0554	0.1137	0.0650	0.0190	0.0598	0.0355	0.3563
000349	W	0.000024	0.038309	0.082994	0.0554	0.1137	0.0650	0.0180	0.0592	0.0354	0.3527
000350	Q	0.000020	0.043060	0.080548	0.0526	0.0851	0.0610	0.0150	0.0538	0.0282	0.3542
000351	F	0.000020	0.050620	0.077912	0.0542	0.0662	0.0710	0.0170	0.0533	0.0256	0.3550
000352	D	0.000023	0.061602	0.074792	0.0701	0.0909	0.0730	0.0200	0.0617	0.0289	0.3616
000353	T	0.000067	0.068804	0.072579	0.0567	0.1028	0.0660	0.0170	0.0611	0.0308	0.3716
000354	F	0.000096	0.090700	0.071953	0.0832	0.1671	0.0830	0.0230	0.0827	0.0485	0.3819
000355	L	0.000858	0.137725	0.072757	0.1495	0.1554	0.0930	0.0240	0.1016	0.0541	0.3951
000356	L	0.010317	0.195108	0.075496	0.2292	0.2364	0.1350	0.0360	0.1470	0.0827	0.4087
000357	T	0.019630	0.266275	0.080108	0.1495	0.1583	0.1830	0.0630	0.1427	0.0777	0.4240
000358	K	0.039904	0.316531	0.085468	0.1495	0.1611	0.2430	0.0820	0.1658	0.0924	0.4330
000359	E	0.049703	0.362571	0.092493	0.1566	0.2541	0.2810	0.1100	0.1994	0.1095	0.4243
000360	G	0.059630	0.388931	0.099529	0.2385	0.3182	0.3290	0.1260	0.2390	0.1214	0.4142
000361	A	0.105183	0.414433	0.107348	0.2209	0.2164	0.3200	0.1050	0.2306	0.1102	0.4109
000362	A	0.154653	0.440552	0.114851	0.2700	0.3149	0.3200	0.1180	0.2691	0.1087	0.4082
000363	H	0.204667	0.436718	0.122555	0.1732	0.2680	0.3000	0.1210	0.2509	0.1015	0.4087
000364	P	0.257704	0.473221	0.130111	0.1698	0.2609	0.2580	0.1190	0.2583	0.1084	0.4137
000365	P	0.330256	0.469390	0.136639	0.2122	0.3566	0.2550	0.1180	0.2933	0.1072	0.4188
000366	L	0.402953	0.455380	0.143102	0.2700	0.3321	0.2420	0.1060	0.3076	0.1035	0.4276
000367	R	0.393077	0.453813	0.150685	0.3456	0.4119	0.2270	0.0940	0.3304	0.1073	0.4322
000368	L	0.401155	0.454030	0.159953	0.2558	0.3774	0.2160	0.0980	0.3106	0.1064	0.4310
000369	R	0.409697	0.431207	0.169600	0.2748	0.3948	0.1760	0.1020	0.3094	0.1085	0.4315
000370	S	0.400195	0.414366	0.178032	0.2255	0.2680	0.1500	0.0750	0.2726	0.1022	0.4236
000371	M	0.386738	0.387058	0.184647	0.2333	0.2918	0.1580	0.0810	0.2736	0.0902	0.4209
000372	Y	0.354500	0.355492	0.190216	0.1805	0.2817	0.1600	0.0790	0.2538	0.0811	0.4100
000373	G	0.327046	0.338146	0.196883	0.2292	0.3053	0.1720	0.0970	0.2614	0.0650	0.4003
000374	A	0.266466	0.359872	0.205008	0.1998	0.3321	0.1710	0.0970	0.2558	0.0703	0.3892
000375	H	0.220912	0.394129	0.214396	0.1732	0.2503	0.1630	0.0840	0.2360	0.0766	0.3756
000376	K	0.214465	0.424291	0.224462	0.1698	0.2292	0.1600	0.0700	0.2370	0.0878	0.3660
000377	Y	0.198964	0.448524	0.236397	0.1921	0.3019	0.1450	0.0520	0.2538	0.0993	0.3574
000378	Q	0.183199	0.480580	0.249351	0.1921	0.2680	0.1450	0.0520	0.2531	0.1097	0.3546
000379	A	0.164784	0.486054	0.264167	0.2657	0.3426	0.1600	0.0560	0.2805	0.1114	0.3543
000380	E	0.130914	0.477319	0.278518	0.2333	0.3087	0.1720	0.0540	0.2669	0.1116	0.3577
000381	F	0.125927	0.481713	0.293285	0.2333	0.3182	0.1990	0.0660	0.2753	0.1115	0.3628
000382	P	0.104931	0.491398	0.307784	0.2531	0.3599	0.1970	0.0660	0.2856	0.1225	0.3668
000383	M	0.086868	0.499362	0.323548	0.3456	0.3631	0.2300	0.0920	0.3081	0.1267	0.3745
000384	S	0.078098	0.517326	0.340619	0.3456	0.3631	0.2320	0.1060	0.3127	0.1341	0.3806
000385	P	0.108870	0.519506	0.356437	0.2963	0.3149	0.2390	0.1060	0.3058	0.1236	0.3894
000386	V	0.111982	0.526519	0.371921	0.3146	0.2328	0.2550	0.1000	0.3021	0.1282	0.3978
000387	T	0.115383	0.534816	0.385468	0.2333	0.2364	0.2330	0.0960	0.2897	0.1347	0.4036
000388	S	0.206707	0.525826	0.398776	0.2483	0.3215	0.2050	0.0730	0.3177	0.1152	0.4103
000389	A	0.308728	0.523526	0.411312	0.2255	0.2224	0.1930	0.0690	0.3140	0.1186	0.4168
000390	H	0.404621	0.520135	0.422117	0.2602	0.2470	0.1890	0.0630	0.3405	0.1164	0.4219
000391	A	0.498200	0.512491	0.432126	0.1766	0.2258	0.1970	0.0720	0.3404	0.1434	0.4261
000392	G	0.538783	0.526363	0.441110	0.2558	0.3494	0.1880	0.0630	0.3832	0.1314	0.4294
000393	T	0.543336	0.542450	0.451591	0.2333	0.3494	0.1860	0.0600	0.3844	0.1403	0.4315
000394	Y	0.561733	0.547273	0.463425	0.2820	0.3872	0.1970	0.0630	0.4065	0.1334	0.4323
000395	R	0.567000	0.557216	0.476731	0.3053	0.3249	0.2090	0.0560	0.4067	0.1350	0.4332
000396	C	0.597335	0.579545	0.491808	0.2820	0.2292	0.2480	0.0800	0.4046	0.1558	0.4336
000397	Y	0.576009	0.597793	0.507875	0.2963	0.2849	0.2670	0.0900	0.4216	0.1419	0.4312
000398	G	0.547407	0.616754	0.524051	0.2531	0.2817	0.2530	0.0690	0.4127	0.1529	0.4301
000399	S	0.533288	0.657326	0.539832	0.2483	0.3117	0.2720	0.0730	0.4271	0.1561	0.4303
000400	Y	0.510205	0.678240	0.556575	0.2786	0.3392	0.2900	0.0680	0.4421	0.1495	0.4313
000401	S	0.556886	0.696188	0.575362	0.3005	0.3566	0.2920	0.0690	0.4629	0.1543	0.4331
000402	S	0.591688	0.727278	0.596819	0.3263	0.4119	0.2940	0.0770	0.4913	0.1579	0.4353
000403	N	0.630332	0.755905	0.619985	0.3491	0.3356	0.3420	0.0800	0.5055	0.1690	0.4375
000404	P	0.719693	0.776500	0.642704	0.3630	0.3460	0.3720	0.0890	0.5366	0.1807	0.4400
000405	H	0.785509	0.791233	0.664051	0.3992	0.3667	0.4510	0.1110	0.5763	0.1773	0.4426
000406	L	0.797987	0.806636	0.683924	0.4116	0.3087	0.5610	0.1110	0.5950	0.1874	0.4469
000407	L	0.815725	0.819831	0.702666	0.4513	0.3249	0.5350	0.1040	0.6083	0.1857	0.4500
000408	S	0.814476	0.832662	0.719083	0.4918	0.4119	0.4830	0.0920	0.6255	0.1689	0.4507
000409	H	0.828052	0.842287	0.733726	0.4458	0.4087	0.4850	0.0860	0.6240	0.1820	0.4509
000410	P	0.829766	0.854662	0.745999	0.4458	0.4149	0.4750	0.0880	0.6277	0.1862	0.4492
000411	S	0.848927	0.861066	0.758125	0.5253	0.5055	0.5410	0.0940	0.6732	0.1533	0.4477
000412	E	0.858385	0.873301	0.770007	0.5253	0.5139	0.5670	0.1100	0.6846	0.1536	0.4460
000413	P	0.859490	0.885095	0.782373	0.5296	0.5211	0.5850	0.1150	0.6938	0.1530	0.4430
000414	L	0.866005	0.895086	0.793649	0.5331	0.5017	0.6290	0.0850	0.7031	0.1563	0.4405
000415	E	0.875452	0.894736	0.802697	0.5253	0.4725	0.5970	0.0910	0.6946	0.1693	0.4373
000416	L	0.892515	0.877451	0.809761	0.5253	0.4017	0.6450	0.0880	0.6920	0.1838	0.4347
000417	V	0.908839	0.886666	0.813449	0.5667	0.5017	0.6540	0.0770	0.7218	0.1569	0.4329
000418	V	0.929587	0.869513	0.813856	0.5514	0.6269	0.6380	0.0810	0.7382	0.1396	0.4325
000419	S	0.948226	0.866591	0.810879	0.5711	0.6375	0.6520	0.0740	0.7477	0.1359	0.4337
000420	G	0.972949	0.866676	0.806024	0.5900	0.6427	0.7110	0.0660	0.7648	0.1315	0.4323
000421	H	0.982738	0.862986	0.799312	0.5802	0.6427	0.7260	0.0770	0.7656	0.1347	0.4300
000422	S	0.992339	0.855954	0.790951	0.5846	0.6851	0.7460	0.0780	0.7759	0.1286	0.4272
000423	G	0.994468	0.855640	0.781484	0.5900	0.6620	0.7540	0.0920	0.7729	0.1305	0.4227
000424	G	0.995784	0.859289	0.770360	0.5992	0.6322	0.7880	0.0740	0.7742	0.1338	0.4176
000425	S	0.996305	0.852292	0.756460	0.6412	0.7628	0.8490	0.0460	0.8097	0.1093	0.4115
000426	S	0.997630	0.846212	0.740878	0.6293	0.7459	0.8640	0.0520	0.8039	0.1160	0.4068
000427	L	0.998492	0.839076	0.723785	0.6827	0.7547	0.8700	0.0730	0.8115	0.1054	0.4041
000428	P	0.998542	0.816079	0.706063	0.7192	0.8198	0.8470	0.1020	0.8177	0.0964	0.4019
000429	P	0.998695	0.800735	0.686867	0.6557	0.8765	0.8740	0.0870	0.8154	0.1176	0.4008
000430	T	0.998743	0.796246	0.666511	0.6557	0.8013	0.9000	0.0790	0.8032	0.1212	0.4000
000431	G	0.998914	0.768952	0.644683	0.6516	0.7209	0.9190	0.0750	0.7841	0.1327	0.3992
000432	P	0.998731	0.756225	0.621658	0.5549	0.7331	0.9180	0.0770	0.7638	0.1549	0.3998
000433	P	0.998417	0.745210	0.597228	0.4458	0.6712	0.9130	0.0810	0.7284	0.1860	0.4008
000434	S	0.998206	0.711449	0.571882	0.4556	0.5758	0.9000	0.0930	0.7022	0.1918	0.4028
000435	T	0.997680	0.675197	0.545645	0.3630	0.4831	0.8540	0.1380	0.6531	0.2176	0.4074
000436	P	0.994491	0.609131	0.519585	0.2558	0.4940	0.7920	0.1970	0.6108	0.2338	0.4108
000437	G	0.991383	0.543065	0.494279	0.1566	0.4409	0.7240	0.2490	0.5583	0.2564	0.4148
000438	L	0.912526	0.474840	0.469254	0.2167	0.5098	0.6210	0.2490	0.5341	0.2081	0.4185
000439	G	0.814302	0.392664	0.444307	0.1240	0.4256	0.5780	0.2590	0.4631	0.2074	0.4205
000440	R	0.706953	0.343483	0.419064	0.1117	0.3740	0.4910	0.2240	0.4076	0.1777	0.4221
000441	Y	0.597625	0.275124	0.393952	0.0607	0.2715	0.4500	0.1830	0.3415	0.1675	0.4236
000442	L	0.487842	0.223849	0.369390	0.0478	0.2193	0.3760	0.1310	0.2873	0.1419	0.4257
000443	E	0.377274	0.194548	0.345659	0.0182	0.1424	0.3190	0.1120	0.2329	0.1270	0.4263
000444	V	0.266883	0.155397	0.322407	0.0086	0.0870	0.3180	0.1200	0.1930	0.1187	0.4285
000445	L	0.159121	0.151334	0.298970	0.0044	0.0618	0.3360	0.1220	0.1685	0.1180	0.4315
000446	I	0.051235	0.121863	0.275744	0.0013	0.0327	0.4120	0.0970	0.1492	0.1478	0.4332
000447	G	0.019014	0.115056	0.254000	0.0007	0.0198	0.5020	0.1230	0.1517	0.1790	0.4312
000448	V	0.006190	0.120562	0.235541	0.0004	0.0143	0.5060	0.1230	0.1472	0.1810	0.4288
000449	S	0.002555	0.122801	0.221164	0.0004	0.0151	0.4750	0.1170	0.1395	0.1699	0.4262
000450	V	0.001168	0.104443	0.209723	0.0002	0.0096	0.4440	0.1170	0.1283	0.1601	0.4236
000451	A	0.000398	0.095044	0.201810	0.0001	0.0080	0.3450	0.0950	0.1084	0.1281	0.4216
000452	F	0.000285	0.081013	0.196456	0.0001	0.0086	0.2650	0.0960	0.0919	0.1039	0.4213
000453	V	0.000253	0.072429	0.193985	0.0001	0.0088	0.1990	0.0600	0.0791	0.0866	0.4218
000454	L	0.000283	0.076815	0.191677	0.0001	0.0085	0.1750	0.0570	0.0754	0.0809	0.4241
000455	L	0.000338	0.086018	0.190335	0.0001	0.0102	0.1760	0.0610	0.0771	0.0805	0.4290
000456	L	0.000432	0.065066	0.191138	0.0001	0.0148	0.2400	0.1310	0.0853	0.0957	0.4319
000457	F	0.000550	0.060716	0.195762	0.0002	0.0227	0.4590	0.2820	0.1231	0.1643	0.4341
000458	L	0.000647	0.071523	0.205068	0.0002	0.0227	0.6970	0.2860	0.1662	0.2476	0.4337
000459	L	0.002193	0.064252	0.217917	0.0003	0.0313	0.8480	0.1950	0.1939	0.3015	0.4313
000460	L	0.003910	0.059824	0.234313	0.0003	0.0306	0.8820	0.1920	0.2018	0.3143	0.4273
000461	F	0.006245	0.074836	0.252682	0.0004	0.0454	0.8840	0.1950	0.2105	0.3127	0.4257
000462	L	0.026229	0.108275	0.273355	0.0005	0.0518	0.8810	0.2010	0.2235	0.3071	0.4263
000463	L	0.051766	0.153329	0.295238	0.0009	0.0985	0.8720	0.1990	0.2454	0.2952	0.4302
000464	L	0.159952	0.214409	0.318620	0.0024	0.1323	0.8580	0.2100	0.2809	0.2747	0.4340
000465	R	0.270591	0.294859	0.343299	0.0055	0.1942	0.8490	0.2090	0.3262	0.2574	0.4381
000466	R	0.381271	0.394331	0.369455	0.0097	0.2645	0.8240	0.1510	0.3739	0.2407	0.4413
000467	Q	0.492186	0.499613	0.396237	0.0194	0.3182	0.7550	0.1610	0.4135	0.2218	0.4420
000468	R	0.601658	0.596651	0.423038	0.0464	0.4087	0.7970	0.1410	0.4788	0.2327	0.4414
000469	H	0.710957	0.678201	0.449996	0.0909	0.4766	0.8360	0.1120	0.5405	0.2415	0.4392
000470	S	0.819665	0.730354	0.476914	0.1698	0.5620	0.8700	0.0810	0.6048	0.2380	0.4351
000471	K	0.910716	0.773226	0.503955	0.2786	0.5176	0.8900	0.0470	0.6457	0.2301	0.4290
000472	H	0.996113	0.753507	0.530927	0.3939	0.6620	0.8930	0.0390	0.7049	0.2047	0.4220
000473	R	0.998361	0.750314	0.557315	0.4203	0.7331	0.8700	0.0340	0.7216	0.1903	0.4126
000474	T	0.998148	0.757969	0.582472	0.5473	0.8343	0.8560	0.0400	0.7628	0.1572	0.4031
000475	S	0.983149	0.757023	0.606208	0.6557	0.8741	0.8430	0.0520	0.7866	0.1291	0.3941
000476	D	0.965257	0.764885	0.629206	0.6906	0.8765	0.8420	0.0440	0.7947	0.1134	0.3870
000477	Q	0.945883	0.754696	0.651564	0.6906	0.8596	0.8310	0.0610	0.7889	0.1009	0.3802
000478	R	0.886131	0.774202	0.672858	0.6984	0.8279	0.8160	0.0750	0.7792	0.0742	0.3754
000479	K	0.837617	0.778239	0.692367	0.7034	0.8421	0.7780	0.1030	0.7719	0.0582	0.3727
000480	T	0.820855	0.785370	0.710070	0.6984	0.8421	0.7530	0.1320	0.7684	0.0532	0.3685
000481	D	0.804561	0.793916	0.726359	0.6984	0.8565	0.7580	0.1310	0.7729	0.0522	0.3660
000482	F	0.788284	0.795244	0.741078	0.6944	0.8853	0.7530	0.1430	0.7762	0.0590	0.3635
000483	Q	0.774082	0.801457	0.754825	0.6984	0.8765	0.7000	0.1700	0.7676	0.0613	0.3623
000484	R	0.772155	0.799305	0.767136	0.7317	0.8872	0.6880	0.1850	0.7742	0.0615	0.3665
000485	P	0.767972	0.808925	0.779490	0.7317	0.8828	0.6760	0.1820	0.7744	0.0640	0.3753
000486	A	0.726737	0.824197	0.791620	0.7342	0.8872	0.6990	0.1670	0.7771	0.0647	0.3781
000487	G	0.726049	0.829260	0.804570	0.7458	0.8235	0.7220	0.1430	0.7752	0.0452	0.3810
000488	A	0.718010	0.859470	0.816156	0.7418	0.7415	0.7390	0.1360	0.7694	0.0506	0.3927
000489	A	0.715474	0.878083	0.824883	0.7111	0.7415	0.7280	0.1350	0.7665	0.0628	0.4103
000490	E	0.715561	0.887950	0.829672	0.6715	0.7459	0.7100	0.1430	0.7601	0.0750	0.4212
000491	T	0.717433	0.894001	0.831518	0.6650	0.7369	0.7110	0.1580	0.7593	0.0783	0.4365
000492	E	0.714153	0.897776	0.831289	0.6650	0.7209	0.7340	0.1660	0.7605	0.0789	0.4573
000493	P	0.708230	0.897640	0.829796	0.7388	0.8623	0.7580	0.1650	0.7992	0.0686	0.4879
000494	K	0.704550	0.897805	0.827846	0.7232	0.8313	0.7720	0.1680	0.7928	0.0668	0.5172
000495	D	0.739884	0.898865	0.825582	0.7540	0.8125	0.7760	0.1510	0.8012	0.0530	0.5585
000496	R	0.782265	0.895550	0.822750	0.7034	0.7951	0.7950	0.1470	0.7989	0.0568	0.6088
000497	G	0.820709	0.892596	0.818839	0.6944	0.7595	0.8050	0.1390	0.7985	0.0608	0.6724
000498	L	0.821869	0.886292	0.814038	0.6944	0.7672	0.8240	0.1180	0.8013	0.0590	0.7413
000499	L	0.809220	0.879513	0.808521	0.6604	0.8013	0.8160	0.1200	0.7959	0.0660	0.7824
000500	R	0.782587	0.878083	0.802507	0.6789	0.8343	0.7950	0.1340	0.7952	0.0607	0.7977
000501	R	0.733556	0.874474	0.797096	0.6944	0.8343	0.7940	0.1380	0.7879	0.0598	0.8162
000502	S	0.701265	0.872335	0.792611	0.7079	0.7672	0.7840	0.1350	0.7709	0.0574	0.8346
000503	S	0.692329	0.873999	0.789062	0.7147	0.6620	0.7670	0.1430	0.7499	0.0701	0.8590
000504	P	0.689532	0.871292	0.786065	0.6474	0.5992	0.7660	0.1390	0.7265	0.0912	0.8843
000505	A	0.678205	0.872419	0.783805	0.6174	0.5854	0.7670	0.1480	0.7173	0.0999	0.9065
000506	A	0.670357	0.871806	0.782834	0.6035	0.5055	0.7750	0.1340	0.7015	0.1225	0.9205
000507	D	0.665764	0.871384	0.783132	0.5941	0.5017	0.7800	0.1310	0.6993	0.1254	0.9300
000508	V	0.670769	0.869868	0.784332	0.5473	0.5139	0.7910	0.1320	0.6961	0.1310	0.9358
000509	Q	0.685280	0.866308	0.786191	0.5711	0.5901	0.7450	0.1340	0.7074	0.1046	0.9370
000510	E	0.726105	0.862846	0.788638	0.6293	0.6906	0.7240	0.1120	0.7369	0.0737	0.9408
000511	E	0.754872	0.855684	0.791776	0.6334	0.6948	0.7370	0.1020	0.7445	0.0702	0.9495
000512	N	0.759648	0.847627	0.795244	0.6474	0.7163	0.7490	0.0880	0.7525	0.0623	0.9576
000513	L	0.763045	0.844631	0.798790	0.6474	0.7331	0.7580	0.0980	0.7576	0.0606	0.9639
000514	Y	0.761046	0.842196	0.802518	0.6557	0.7289	0.7450	0.0940	0.7559	0.0585	0.9640
000515	A	0.759952	0.849341	0.806738	0.6412	0.6183	0.7400	0.0820	0.7359	0.0829	0.9578
000516	A	0.758554	0.842701	0.810809	0.6516	0.6661	0.7570	0.0900	0.7478	0.0696	0.9490
000517	V	0.753890	0.853567	0.814666	0.6334	0.6089	0.7780	0.0980	0.7404	0.0901	0.9361
000518	K	0.749113	0.864154	0.817711	0.6374	0.6136	0.7680	0.1110	0.7417	0.0902	0.9227
000519	D	0.750006	0.873109	0.821105	0.6374	0.6851	0.7910	0.1060	0.7596	0.0798	0.9118
000520	T	0.750807	0.880761	0.824536	0.6374	0.6851	0.8110	0.1040	0.7649	0.0836	0.9014
000521	Q	0.766452	0.885684	0.828878	0.6293	0.6661	0.8200	0.1000	0.7661	0.0912	0.8916
000522	S	0.783575	0.892775	0.833690	0.6334	0.6948	0.8380	0.1010	0.7793	0.0892	0.8791
000523	E	0.811945	0.897814	0.839542	0.6293	0.6851	0.8470	0.1010	0.7851	0.0953	0.8639
000524	D	0.837663	0.902567	0.845404	0.6870	0.7755	0.8430	0.0980	0.8152	0.0681	0.8507
000525	R	0.860941	0.905753	0.850999	0.7317	0.8623	0.8680	0.0880	0.8467	0.0542	0.8445
000526	V	0.886343	0.908250	0.855980	0.7540	0.8853	0.8780	0.0860	0.8613	0.0504	0.8503
000527	E	0.914285	0.912219	0.860622	0.7688	0.9168	0.8700	0.0870	0.8738	0.0519	0.8535
000528	L	0.935464	0.915785	0.865118	0.8242	0.9488	0.8870	0.0750	0.8960	0.0427	0.8642
000529	D	0.952273	0.918951	0.869698	0.8521	0.9415	0.8670	0.0830	0.9002	0.0390	0.8612
000530	S	0.945781	0.923512	0.874090	0.8556	0.9039	0.8680	0.0820	0.8951	0.0321	0.8568
000531	Q	0.935507	0.926605	0.878455	0.8488	0.9039	0.8710	0.0900	0.8940	0.0309	0.8597
000532	S	0.925105	0.929309	0.881728	0.8074	0.8343	0.8720	0.0990	0.8749	0.0442	0.8593
000533	P	0.907963	0.932017	0.884240	0.8074	0.8162	0.8520	0.1190	0.8666	0.0458	0.8676
000534	H	0.881631	0.932723	0.885929	0.7501	0.8375	0.8530	0.1290	0.8568	0.0563	0.8796
000535	D	0.869287	0.932847	0.887553	0.7232	0.7628	0.8510	0.1320	0.8378	0.0724	0.8861
000536	E	0.866699	0.931426	0.888974	0.7540	0.7628	0.8500	0.1310	0.8423	0.0644	0.8970
000537	D	0.866284	0.929250	0.890094	0.7540	0.8279	0.8450	0.1320	0.8521	0.0545	0.9046
000538	P	0.867175	0.925846	0.890669	0.7275	0.8125	0.8270	0.1310	0.8417	0.0636	0.9161
000539	Q	0.868173	0.923905	0.891302	0.7688	0.8681	0.8290	0.1280	0.8582	0.0491	0.9248
000540	A	0.863934	0.920129	0.892345	0.7540	0.8853	0.8280	0.1290	0.8573	0.0540	0.9383
000541	V	0.858268	0.916734	0.893728	0.7540	0.8792	0.8300	0.1290	0.8554	0.0528	0.9462
000542	T	0.861778	0.915885	0.894998	0.7644	0.8681	0.8320	0.1290	0.8562	0.0488	0.9464
000543	Y	0.883640	0.925225	0.896031	0.7573	0.8792	0.8430	0.1270	0.8640	0.0536	0.9468
000544	A	0.898729	0.930380	0.896872	0.7275	0.8375	0.8420	0.1230	0.8555	0.0659	0.9391
000545	P	0.904829	0.940967	0.897825	0.7317	0.8162	0.8390	0.1280	0.8550	0.0692	0.9296
000546	V	0.909156	0.945439	0.899055	0.6984	0.8013	0.8550	0.1270	0.8514	0.0820	0.9230
000547	K	0.917146	0.949291	0.901574	0.6827	0.8235	0.8470	0.1320	0.8535	0.0872	0.9089
000548	H	0.936756	0.953326	0.905047	0.6756	0.8462	0.8470	0.1250	0.8607	0.0922	0.9025
000549	S	0.958763	0.955748	0.908809	0.6827	0.8162	0.8540	0.1100	0.8626	0.0954	0.8928
000550	S	0.977820	0.956709	0.911206	0.6906	0.8050	0.8500	0.1040	0.8652	0.0979	0.8818
000551	P	0.991273	0.957160	0.912391	0.7034	0.7755	0.8410	0.1070	0.8634	0.1011	0.8686
000552	R	0.977627	0.957910	0.912728	0.7342	0.8343	0.8390	0.1060	0.8759	0.0833	0.8662
000553	R	0.957847	0.958444	0.912527	0.6984	0.8421	0.8340	0.1060	0.8672	0.0902	0.8787
000554	E	0.928867	0.958572	0.911679	0.7418	0.9057	0.8310	0.1050	0.8796	0.0727	0.8946
000555	M	0.904083	0.958614	0.910356	0.7573	0.8681	0.8430	0.1070	0.8735	0.0633	0.9138
000556	A	0.882999	0.958541	0.908940	0.7418	0.7916	0.8440	0.1100	0.8546	0.0723	0.9278
000557	S	0.858403	0.958389	0.907806	0.7275	0.8623	0.8450	0.1150	0.8599	0.0704	0.9402
000558	P	0.808863	0.957890	0.907059	0.7111	0.8713	0.8430	0.1210	0.8498	0.0779	0.9532
000559	P	0.780484	0.957507	0.906251	0.7232	0.8565	0.8490	0.1210	0.8455	0.0770	0.9593
000560	S	0.763156	0.956216	0.904835	0.7275	0.8713	0.8580	0.1200	0.8468	0.0788	0.9628
000561	S	0.763280	0.954522	0.902996	0.7147	0.8655	0.8600	0.1210	0.8435	0.0813	0.9669
000562	L	0.770409	0.953994	0.901177	0.7034	0.8530	0.8590	0.1240	0.8401	0.0824	0.9698
000563	S	0.791226	0.950787	0.899205	0.7034	0.8125	0.8480	0.1240	0.8341	0.0790	0.9679
000564	G	0.798436	0.946266	0.896457	0.7232	0.8343	0.8460	0.1210	0.8408	0.0706	0.9666
000565	E	0.798495	0.941239	0.892738	0.6715	0.8375	0.8410	0.1280	0.8305	0.0843	0.9636
000566	F	0.797945	0.934669	0.888083	0.6944	0.8681	0.8570	0.1250	0.8400	0.0767	0.9614
000567	L	0.820218	0.928273	0.882773	0.7147	0.8741	0.8630	0.1190	0.8471	0.0672	0.9563
000568	D	0.816860	0.919076	0.876438	0.7275	0.8853	0.8720	0.1110	0.8495	0.0623	0.9423
000569	T	0.825055	0.909856	0.869583	0.6906	0.8462	0.8900	0.0950	0.8386	0.0717	0.9229
000570	K	0.831311	0.911171	0.861553	0.6715	0.8313	0.9000	0.0850	0.8345	0.0790	0.9095
000571	D	0.830967	0.906383	0.853407	0.6516	0.8343	0.9040	0.0850	0.8301	0.0853	0.9036
000572	R	0.808528	0.911198	0.845317	0.6604	0.8493	0.9140	0.0850	0.8315	0.0852	0.8925
000573	Q	0.810775	0.910129	0.837975	0.6906	0.8792	0.9150	0.0840	0.8407	0.0767	0.8834
000574	V	0.824786	0.915566	0.831721	0.7034	0.8681	0.9310	0.0700	0.8457	0.0747	0.8860
000575	E	0.838441	0.917054	0.826618	0.6756	0.8530	0.9380	0.0620	0.8414	0.0846	0.8820
000576	E	0.855186	0.917596	0.822605	0.6516	0.8421	0.9330	0.0690	0.8370	0.0919	0.8850
000577	D	0.877345	0.918033	0.819229	0.6827	0.9106	0.9290	0.0750	0.8562	0.0857	0.8884
000578	R	0.878339	0.916344	0.815917	0.7111	0.9287	0.9350	0.0690	0.8642	0.0794	0.8951
000579	Q	0.885152	0.915480	0.812609	0.7111	0.9211	0.9410	0.0610	0.8644	0.0799	0.9148
000580	M	0.892487	0.914434	0.808966	0.6906	0.9269	0.9500	0.0520	0.8639	0.0892	0.9325
000581	D	0.915570	0.912844	0.805534	0.7034	0.9415	0.9500	0.0490	0.8714	0.0888	0.9365
000582	T	0.917599	0.911545	0.802538	0.6944	0.9057	0.9550	0.0400	0.8645	0.0892	0.9373
000583	E	0.903696	0.910316	0.800517	0.7147	0.9126	0.9480	0.0440	0.8650	0.0811	0.9420
000584	A	0.891844	0.908813	0.799265	0.6604	0.8565	0.9430	0.0490	0.8432	0.0932	0.9456
000585	A	0.876994	0.906856	0.798762	0.7034	0.8792	0.9410	0.0500	0.8510	0.0787	0.9475
000586	A	0.863941	0.905081	0.798590	0.6474	0.8792	0.9420	0.0540	0.8394	0.0962	0.9497
000587	S	0.844479	0.904796	0.798818	0.6293	0.8198	0.9300	0.0680	0.8211	0.0971	0.9475
000588	E	0.825891	0.904311	0.799022	0.6255	0.8162	0.9210	0.0730	0.8152	0.0961	0.9488
000589	A	0.800669	0.902667	0.798727	0.6035	0.8235	0.9020	0.0860	0.8052	0.1000	0.9526
000590	S	0.769791	0.899057	0.798359	0.6035	0.7547	0.8870	0.0970	0.7854	0.0981	0.9522
000591	Q	0.721622	0.897595	0.798488	0.6293	0.7755	0.8780	0.1020	0.7835	0.0912	0.9551
000592	D	0.686398	0.896214	0.799164	0.5762	0.6948	0.8710	0.1020	0.7539	0.1122	0.9607
000593	V	0.653661	0.895284	0.799255	0.5802	0.6755	0.8630	0.0960	0.7444	0.1153	0.9675
000594	T	0.614294	0.885201	0.798672	0.5296	0.6482	0.8460	0.0980	0.7203	0.1303	0.9699
000595	Y	0.572144	0.875103	0.797254	0.5514	0.6427	0.8460	0.0960	0.7140	0.1303	0.9714
000596	A	0.552051	0.862584	0.795472	0.5623	0.6427	0.8380	0.0960	0.7088	0.1279	0.9697
000597	Q	0.534449	0.871775	0.793726	0.5667	0.6620	0.8440	0.0930	0.7120	0.1321	0.9679
000598	L	0.535957	0.871322	0.793426	0.5473	0.6851	0.8420	0.0920	0.7126	0.1341	0.9667
000599	H	0.560240	0.871785	0.795211	0.5331	0.7036	0.8200	0.1090	0.7140	0.1286	0.9590
000600	S	0.613721	0.862760	0.799567	0.5623	0.7547	0.8130	0.1080	0.7344	0.1092	0.9470
000601	L	0.655995	0.862081	0.806242	0.5900	0.7916	0.8120	0.1090	0.7530	0.0964	0.9350
000602	T	0.700521	0.868736	0.813981	0.6124	0.7755	0.8290	0.0940	0.7666	0.0863	0.9131
000603	L	0.749909	0.873458	0.821918	0.6293	0.7718	0.8620	0.0770	0.7847	0.0824	0.8872
000604	R	0.800581	0.879826	0.829452	0.6681	0.8375	0.8790	0.0670	0.8157	0.0716	0.8375
000605	R	0.838476	0.895091	0.836561	0.6789	0.8421	0.8720	0.0710	0.8272	0.0696	0.7901
000606	K	0.870707	0.898198	0.842944	0.7342	0.9057	0.8560	0.0870	0.8513	0.0568	0.7449
000607	A	0.886585	0.901677	0.848406	0.7458	0.9308	0.8640	0.0820	0.8629	0.0586	0.7257
000608	T	0.889016	0.905688	0.853447	0.7458	0.9396	0.8700	0.0700	0.8672	0.0607	0.7007
000609	E	0.885823	0.908325	0.858343	0.8001	0.9577	0.8680	0.0630	0.8797	0.0481	0.6812
000610	P	0.888476	0.911354	0.863144	0.8118	0.9593	0.8610	0.0580	0.8824	0.0459	0.6825
000611	P	0.889961	0.913867	0.868175	0.7869	0.9693	0.8520	0.0590	0.8800	0.0560	0.6886
000612	P	0.897814	0.916324	0.873305	0.8350	0.9792	0.8550	0.0570	0.8927	0.0470	0.6892
000613	S	0.907597	0.918968	0.878515	0.8521	0.9664	0.8610	0.0590	0.8974	0.0389	0.7001
000614	Q	0.915930	0.921239	0.882910	0.8857	0.9606	0.8460	0.0700	0.9021	0.0360	0.7157
000615	E	0.922567	0.921848	0.886453	0.8521	0.9593	0.8360	0.0870	0.8964	0.0428	0.7544
000616	G	0.934361	0.920891	0.888190	0.8036	0.9649	0.8310	0.1040	0.8905	0.0570	0.7851
000617	E	0.940833	0.918672	0.888752	0.8074	0.9519	0.8180	0.1250	0.8876	0.0566	0.8059
000618	P	0.942740	0.914681	0.888050	0.8391	0.9534	0.8090	0.1610	0.8912	0.0525	0.8270
000619	P	0.919880	0.904914	0.887215	0.8118	0.9249	0.8030	0.1770	0.8753	0.0496	0.8529
000620	A	0.878524	0.893891	0.886619	0.7912	0.9190	0.8330	0.1480	0.8671	0.0425	0.8772
000621	E	0.810079	0.870074	0.886341	0.7342	0.8942	0.8350	0.1350	0.8384	0.0549	0.8982
000622	P	0.730214	0.837219	0.886147	0.7147	0.8713	0.9380	0.0360	0.8295	0.0814	0.9163
000623	S	0.639968	0.826852	0.886116	0.7275	0.8343	0.9210	0.0940	0.8059	0.0953	0.9354
000624	I	0.541518	0.854059	0.887091	0.7644	0.8313	0.9290	0.0790	0.8012	0.1266	0.9536
000625	Y	0.436967	0.845794	0.889896	0.7869	0.8050	0.9030	0.1140	0.7779	0.1580	0.9657
000626	A	0.339586	0.878643	0.895474	0.8118	0.7755	0.9220	0.0760	0.7705	0.1991	0.9736
000627	T	0.262911	0.890433	0.903875	0.8457	0.7505	0.9500	0.0510	0.7673	0.2339	0.9781
000628	L	0.085808	0.899999	0.914325	0.8650	0.7080	0.9730	0.0250	0.7410	0.3041	0.9826
000629	A	0.039838	0.918997	0.924331	0.8746	0.6227	0.9750	0.0220	0.7260	0.3272	0.9855
000630	I	0.072791	0.926097	0.933347	0.8886	0.5342	0.9620	0.0320	0.7195	0.3236	0.9878
000631	H	0.223823	0.927976	0.937243	0.9257	0.5211	0.9540	0.0480	0.7482	0.2794	0.9893