RESNUM	RES	VL-XT	VSL2B	VL3	IUPred-S	IUPred-L	PONDRFIT	FITERROR	MDP	MDPERROR	ANCHOR2
000001	M	0.996698	0.742239	0.262523	0.8001	0.0506	0.9750	0.0180	0.5941	0.3598	0.1338
000002	M	0.959285	0.738114	0.254917	0.7724	0.0690	0.9520	0.0210	0.5818	0.3440	0.1444
000003	D	0.960457	0.757293	0.248261	0.7342	0.0690	0.9310	0.0360	0.5753	0.3407	0.1616
000004	S	0.860219	0.674925	0.245285	0.6906	0.0506	0.8880	0.0480	0.5274	0.3152	0.1791
000005	P	0.747225	0.556313	0.239803	0.6255	0.0646	0.8920	0.0420	0.4810	0.2881	0.1937
000006	F	0.679067	0.465768	0.232621	0.5296	0.0424	0.8050	0.0930	0.4203	0.2605	0.2062
000007	L	0.597519	0.380596	0.225077	0.4879	0.0543	0.5950	0.1360	0.3526	0.2013	0.2319
000008	E	0.516577	0.303677	0.220753	0.3717	0.0780	0.6440	0.1150	0.3189	0.1894	0.2689
000009	L	0.447868	0.269257	0.215695	0.3263	0.1007	0.6410	0.1160	0.2976	0.1770	0.3019
000010	W	0.394629	0.249258	0.208025	0.2963	0.0690	0.6420	0.0950	0.2752	0.1812	0.3470
000011	Q	0.328637	0.247891	0.199392	0.2657	0.0851	0.7660	0.1430	0.2823	0.2174	0.4096
000012	S	0.276530	0.245891	0.191399	0.2209	0.0592	0.7490	0.1110	0.2586	0.2186	0.3971
000013	K	0.260103	0.263407	0.185110	0.2531	0.0749	0.6990	0.0830	0.2583	0.1970	0.3451
000014	A	0.253392	0.258947	0.178978	0.1698	0.0749	0.6410	0.0760	0.2330	0.1822	0.3064
000015	V	0.234394	0.258811	0.172739	0.1667	0.0765	0.5750	0.0740	0.2186	0.1602	0.2749
000016	S	0.247939	0.289606	0.172311	0.1495	0.0765	0.4920	0.1240	0.2092	0.1356	0.2437
000017	I	0.296277	0.323131	0.164694	0.2080	0.1528	0.4550	0.1270	0.2391	0.1085	0.2179
000018	R	0.321314	0.338746	0.157729	0.3096	0.2436	0.3700	0.1060	0.2639	0.0752	0.1999
000019	E	0.324426	0.362353	0.150324	0.2963	0.2224	0.3310	0.1080	0.2561	0.0770	0.1885
000020	Q	0.334345	0.397427	0.144257	0.3847	0.2224	0.3210	0.0910	0.2766	0.0931	0.1728
000021	L	0.347574	0.419871	0.136524	0.4825	0.2436	0.3150	0.1030	0.3014	0.1152	0.1617
000022	G	0.334612	0.421806	0.129672	0.3847	0.1528	0.2820	0.0860	0.2627	0.1122	0.1562
000023	L	0.314672	0.451551	0.119871	0.3263	0.1643	0.2910	0.0970	0.2580	0.1113	0.1504
000024	G	0.329131	0.480097	0.111673	0.2483	0.1611	0.3150	0.1030	0.2555	0.1218	0.1453
000025	D	0.331486	0.498125	0.100747	0.2786	0.1643	0.3540	0.0950	0.2711	0.1307	0.1396
000026	R	0.291138	0.506563	0.085856	0.3311	0.2164	0.3820	0.1140	0.2879	0.1320	0.1288
000027	P	0.259041	0.507625	0.077665	0.2913	0.2292	0.3370	0.1310	0.2707	0.1292	0.1184
000028	N	0.253217	0.495317	0.071447	0.3535	0.3087	0.3220	0.1390	0.2887	0.1270	0.1058
000029	D	0.252091	0.487326	0.067779	0.3535	0.3149	0.3200	0.1400	0.2880	0.1262	0.0950
000030	S	0.271444	0.479960	0.065320	0.3359	0.2328	0.3210	0.1440	0.2735	0.1250	0.0839
000031	Y	0.268344	0.473952	0.061242	0.3184	0.1449	0.3260	0.1350	0.2553	0.1334	0.0746
000032	C	0.275062	0.469877	0.059806	0.3096	0.2328	0.3310	0.1300	0.2697	0.1231	0.0662
000033	Y	0.237114	0.476155	0.057294	0.2122	0.2328	0.3480	0.1300	0.2511	0.1289	0.0579
000034	N	0.196218	0.486450	0.055640	0.2865	0.2541	0.3450	0.1060	0.2614	0.1323	0.0513
000035	S	0.162507	0.504382	0.052838	0.2820	0.2575	0.3320	0.0790	0.2564	0.1403	0.0448
000036	A	0.142787	0.484993	0.053442	0.1805	0.1424	0.2940	0.0710	0.2074	0.1399	0.0397
000037	K	0.123128	0.465718	0.055727	0.1766	0.1476	0.2530	0.0600	0.1943	0.1316	0.0363
000038	N	0.107733	0.443137	0.056658	0.0723	0.1275	0.2200	0.0560	0.1618	0.1327	0.0334
000039	S	0.077662	0.412347	0.056825	0.0677	0.0704	0.2050	0.0720	0.1388	0.1287	0.0316
000040	T	0.070907	0.367953	0.058476	0.0607	0.0799	0.2010	0.0800	0.1301	0.1137	0.0292
000041	V	0.043479	0.322993	0.063209	0.0304	0.0851	0.1750	0.0720	0.1095	0.1027	0.0275
000042	L	0.046706	0.283647	0.069066	0.0607	0.0948	0.1470	0.0550	0.1056	0.0821	0.0269
000043	Q	0.047418	0.256591	0.074052	0.0858	0.0851	0.1200	0.0410	0.0992	0.0694	0.0273
000044	G	0.047938	0.218835	0.079017	0.0771	0.0851	0.1040	0.0450	0.0889	0.0564	0.0279
000045	V	0.048753	0.178045	0.084261	0.0363	0.0454	0.0970	0.0450	0.0675	0.0503	0.0279
000046	T	0.048738	0.163661	0.091203	0.0150	0.0506	0.0870	0.0430	0.0609	0.0492	0.0289
000047	F	0.045777	0.141079	0.092774	0.0087	0.0380	0.0820	0.0420	0.0526	0.0456	0.0294
000048	G	0.033098	0.119681	0.095458	0.0097	0.0380	0.0760	0.0350	0.0461	0.0415	0.0300
000049	G	0.015331	0.099365	0.100624	0.0053	0.0205	0.0710	0.0320	0.0353	0.0432	0.0302
000050	I	0.005838	0.088625	0.106884	0.0052	0.0113	0.0830	0.0420	0.0323	0.0468	0.0302
000051	P	0.002529	0.078256	0.113029	0.0029	0.0078	0.0880	0.0460	0.0299	0.0493	0.0317
000052	T	0.001788	0.066608	0.119636	0.0015	0.0065	0.0930	0.0450	0.0283	0.0515	0.0325
000053	V	0.001224	0.052749	0.125968	0.0012	0.0064	0.0980	0.0400	0.0266	0.0538	0.0334
000054	L	0.000331	0.041362	0.132012	0.0006	0.0047	0.0990	0.0360	0.0243	0.0562	0.0344
000055	L	0.000207	0.030662	0.138122	0.0003	0.0036	0.0980	0.0330	0.0222	0.0587	0.0365
000056	I	0.000172	0.024685	0.142649	0.0003	0.0035	0.1000	0.0340	0.0214	0.0606	0.0402
000057	D	0.000143	0.021643	0.147125	0.0002	0.0024	0.0910	0.0280	0.0192	0.0612	0.0444
000058	V	0.000123	0.016475	0.151372	0.0002	0.0033	0.0860	0.0210	0.0177	0.0624	0.0492
000059	S	0.000153	0.013254	0.155152	0.0001	0.0025	0.0850	0.0220	0.0169	0.0640	0.0548
000060	C	0.000491	0.010944	0.158464	0.0001	0.0017	0.0870	0.0250	0.0167	0.0656	0.0611
000061	F	0.000999	0.008537	0.161141	0.0001	0.0024	0.0910	0.0280	0.0172	0.0671	0.0687
000062	L	0.001084	0.007182	0.162603	0.0001	0.0021	0.0910	0.0290	0.0170	0.0678	0.0756
000063	F	0.001675	0.006941	0.162409	0.0001	0.0020	0.0890	0.0280	0.0166	0.0674	0.0834
000064	L	0.001747	0.008095	0.162834	0.0001	0.0017	0.0840	0.0260	0.0160	0.0670	0.0898
000065	I	0.001858	0.008706	0.162338	0.0001	0.0016	0.0800	0.0210	0.0154	0.0664	0.0959
000066	L	0.003279	0.010197	0.160850	0.0001	0.0023	0.0710	0.0210	0.0145	0.0647	0.1002
000067	V	0.005742	0.012045	0.158831	0.0001	0.0023	0.0640	0.0210	0.0140	0.0630	0.1049
000068	F	0.009399	0.015117	0.156792	0.0001	0.0023	0.0620	0.0230	0.0148	0.0616	0.1079
000069	S	0.012756	0.018122	0.158724	0.0001	0.0027	0.0570	0.0230	0.0151	0.0616	0.1102
000070	I	0.016838	0.022820	0.161037	0.0001	0.0021	0.0570	0.0250	0.0165	0.0620	0.1104
000071	I	0.024548	0.032409	0.165261	0.0002	0.0025	0.0570	0.0280	0.0195	0.0626	0.1089
000072	R	0.044607	0.043175	0.167293	0.0002	0.0027	0.0630	0.0350	0.0257	0.0623	0.1061
000073	R	0.067322	0.054482	0.173209	0.0003	0.0030	0.0660	0.0340	0.0318	0.0642	0.1012
000074	R	0.096460	0.064481	0.181582	0.0003	0.0042	0.0700	0.0360	0.0393	0.0681	0.0970
000075	F	0.133156	0.069970	0.189282	0.0004	0.0059	0.0830	0.0400	0.0488	0.0738	0.0931
000076	W	0.154369	0.081012	0.197634	0.0007	0.0070	0.1020	0.0520	0.0575	0.0789	0.0885
000077	D	0.176174	0.092042	0.207519	0.0022	0.0100	0.1030	0.0550	0.0640	0.0839	0.0795
000078	Y	0.239547	0.105393	0.215302	0.0035	0.0136	0.1120	0.0440	0.0791	0.0967	0.0707
000079	G	0.257268	0.107298	0.222110	0.0087	0.0294	0.1170	0.0330	0.0866	0.0985	0.0623
000080	R	0.263551	0.124413	0.229449	0.0087	0.0300	0.1410	0.0430	0.0946	0.1011	0.0551
000081	I	0.256978	0.146808	0.234291	0.0226	0.0518	0.1700	0.0540	0.1081	0.0948	0.0490
000082	A	0.249456	0.198901	0.243491	0.0455	0.0443	0.1700	0.0550	0.1180	0.0939	0.0437
000083	L	0.242564	0.273210	0.250176	0.0464	0.0483	0.2310	0.0820	0.1402	0.1046	0.0392
000084	V	0.232839	0.364463	0.260168	0.0304	0.0483	0.3330	0.0780	0.1681	0.1364	0.0366
000085	S	0.241890	0.455353	0.266704	0.0363	0.0269	0.4730	0.0920	0.2057	0.1825	0.0343
000086	E	0.250555	0.543990	0.269339	0.0723	0.0568	0.5830	0.1330	0.2511	0.2105	0.0316
000087	A	0.247268	0.597224	0.277144	0.0935	0.1048	0.6750	0.1200	0.2864	0.2308	0.0287
000088	D	0.296990	0.647059	0.285905	0.0884	0.1007	0.7360	0.1110	0.3116	0.2543	0.0273
000089	S	0.356151	0.684978	0.294160	0.1566	0.1643	0.7570	0.1140	0.3532	0.2419	0.0260
000090	E	0.420684	0.740261	0.307842	0.1495	0.1554	0.7820	0.0910	0.3747	0.2598	0.0248
000091	S	0.487308	0.765846	0.322042	0.1602	0.1554	0.7770	0.0850	0.3909	0.2621	0.0231
000092	R	0.538950	0.782700	0.334461	0.2432	0.2399	0.7650	0.0840	0.4283	0.2345	0.0216
000093	F	0.534126	0.804218	0.346833	0.2786	0.2817	0.7400	0.0890	0.4397	0.2203	0.0210
000094	Q	0.542949	0.811504	0.355919	0.3847	0.3807	0.6540	0.0830	0.4623	0.1776	0.0207
000095	R	0.554010	0.814001	0.366360	0.4781	0.4652	0.6210	0.0820	0.4887	0.1545	0.0203
000096	L	0.563625	0.819825	0.370362	0.4918	0.3426	0.5830	0.1070	0.4667	0.1697	0.0208
000097	S	0.529143	0.811941	0.375289	0.4967	0.3426	0.5230	0.1390	0.4506	0.1641	0.0225
000098	S	0.491767	0.801028	0.380342	0.4458	0.3910	0.5350	0.1540	0.4441	0.1554	0.0251
000099	T	0.461533	0.802601	0.388021	0.4556	0.3983	0.5770	0.1910	0.4491	0.1569	0.0280
000100	S	0.443609	0.806040	0.394600	0.4513	0.3053	0.6430	0.2130	0.4415	0.1799	0.0314
000101	S	0.440362	0.808348	0.400195	0.4651	0.2849	0.6780	0.1980	0.4461	0.1886	0.0348
000102	S	0.432171	0.789681	0.403953	0.3939	0.2094	0.6980	0.1950	0.4204	0.2077	0.0403
000103	G	0.405990	0.800902	0.408536	0.4203	0.1449	0.6820	0.1710	0.4090	0.2228	0.0474
000104	Q	0.371899	0.772096	0.408420	0.4245	0.2849	0.6420	0.1500	0.4159	0.1813	0.0540
000105	Q	0.306484	0.731502	0.406847	0.3311	0.1731	0.6200	0.1320	0.3603	0.2025	0.0621
000106	D	0.273769	0.677057	0.404945	0.3885	0.1048	0.5320	0.1100	0.3294	0.1936	0.0719
000107	F	0.238733	0.593080	0.402315	0.3762	0.1791	0.4770	0.1100	0.3107	0.1542	0.0786
000108	E	0.192524	0.500176	0.397028	0.2963	0.1554	0.3710	0.1670	0.2526	0.1361	0.0832
000109	N	0.129621	0.409260	0.392530	0.2963	0.0929	0.2920	0.1480	0.2033	0.1368	0.0861
000110	E	0.059414	0.319857	0.388857	0.2700	0.0405	0.2300	0.1200	0.1533	0.1439	0.0894
000111	L	0.045523	0.232743	0.385671	0.2041	0.0414	0.1630	0.1020	0.1145	0.1342	0.0912
000112	G	0.031611	0.181804	0.386077	0.1349	0.0235	0.1260	0.0810	0.0829	0.1369	0.0948
000113	C	0.021954	0.158642	0.381890	0.1240	0.0231	0.1010	0.0590	0.0715	0.1369	0.0933
000114	C	0.015377	0.153554	0.379696	0.0660	0.0240	0.0860	0.0460	0.0576	0.1395	0.0884
000115	P	0.010589	0.167509	0.374908	0.0514	0.0240	0.0700	0.0330	0.0539	0.1408	0.0847
000116	W	0.010633	0.119601	0.373292	0.0526	0.0240	0.0690	0.0360	0.0459	0.1384	0.0794
000117	L	0.008458	0.090740	0.374590	0.0514	0.0136	0.0620	0.0330	0.0376	0.1406	0.0706
000118	T	0.007387	0.083181	0.373000	0.0884	0.0157	0.0500	0.0250	0.0408	0.1392	0.0647
000119	A	0.006835	0.070489	0.369654	0.0425	0.0157	0.0470	0.0180	0.0304	0.1402	0.0581
000120	I	0.005403	0.061469	0.365300	0.0194	0.0090	0.0450	0.0150	0.0235	0.1410	0.0530
000121	F	0.004751	0.056790	0.355868	0.0194	0.0065	0.0460	0.0170	0.0223	0.1376	0.0486
000122	R	0.003695	0.060066	0.345426	0.0144	0.0091	0.0470	0.0180	0.0223	0.1335	0.0430
000123	L	0.003981	0.067907	0.336765	0.0062	0.0096	0.0480	0.0180	0.0227	0.1305	0.0379
000124	H	0.005551	0.081591	0.331263	0.0097	0.0141	0.0500	0.0170	0.0268	0.1272	0.0360
000125	D	0.004982	0.091044	0.329356	0.0218	0.0181	0.0520	0.0180	0.0313	0.1250	0.0352
000126	D	0.005164	0.104480	0.326288	0.0157	0.0096	0.0510	0.0160	0.0309	0.1254	0.0330
000127	Q	0.005579	0.119272	0.330400	0.0212	0.0151	0.0510	0.0220	0.0353	0.1264	0.0302
000128	I	0.005994	0.125303	0.335298	0.0157	0.0153	0.0560	0.0280	0.0363	0.1287	0.0285
000129	L	0.006024	0.140563	0.338737	0.0121	0.0095	0.0580	0.0290	0.0376	0.1317	0.0263
000130	E	0.005945	0.142630	0.338173	0.0069	0.0105	0.0570	0.0290	0.0372	0.1321	0.0247
000131	W	0.006249	0.137786	0.336484	0.0037	0.0095	0.0630	0.0320	0.0367	0.1314	0.0225
000132	C	0.005220	0.133914	0.333340	0.0070	0.0174	0.0600	0.0320	0.0373	0.1290	0.0197
000133	G	0.003828	0.127123	0.329709	0.0026	0.0174	0.0590	0.0310	0.0350	0.1280	0.0198
000134	E	0.003590	0.109976	0.325987	0.0055	0.0281	0.0570	0.0290	0.0341	0.1247	0.0192
000135	D	0.003474	0.105869	0.323258	0.0062	0.0174	0.0600	0.0310	0.0322	0.1243	0.0165
000136	A	0.003129	0.101679	0.320064	0.0042	0.0105	0.0670	0.0350	0.0311	0.1236	0.0133
000137	I	0.002716	0.093114	0.316578	0.0010	0.0066	0.0700	0.0370	0.0289	0.1228	0.0108
000138	H	0.002787	0.099606	0.310932	0.0006	0.0049	0.0740	0.0410	0.0304	0.1209	0.0092
000139	Y	0.002528	0.100424	0.306095	0.0005	0.0048	0.0850	0.0480	0.0322	0.1191	0.0079
000140	L	0.002388	0.095459	0.302232	0.0005	0.0052	0.0920	0.0510	0.0326	0.1175	0.0068
000141	S	0.001739	0.090095	0.297143	0.0002	0.0040	0.0890	0.0440	0.0308	0.1157	0.0060
000142	F	0.001510	0.079560	0.290182	0.0002	0.0045	0.0880	0.0390	0.0290	0.1129	0.0053
000143	Q	0.001449	0.065072	0.281077	0.0003	0.0057	0.0820	0.0250	0.0257	0.1092	0.0049
000144	R	0.001392	0.049012	0.272006	0.0002	0.0039	0.0780	0.0230	0.0221	0.1061	0.0042
000145	H	0.001329	0.039134	0.263060	0.0002	0.0028	0.0790	0.0200	0.0204	0.1031	0.0037
000146	I	0.001345	0.030645	0.252666	0.0001	0.0027	0.0810	0.0200	0.0194	0.0995	0.0033
000147	I	0.001204	0.023590	0.243010	0.0001	0.0023	0.0830	0.0190	0.0183	0.0962	0.0032
000148	F	0.000733	0.020122	0.234779	0.0001	0.0024	0.0900	0.0220	0.0188	0.0936	0.0032
000149	L	0.000152	0.020570	0.226653	0.0001	0.0019	0.1000	0.0320	0.0205	0.0913	0.0032
000150	L	0.000141	0.017964	0.220328	0.0001	0.0019	0.1030	0.0320	0.0205	0.0893	0.0031
000151	V	0.000140	0.016123	0.216633	0.0001	0.0020	0.0990	0.0300	0.0195	0.0878	0.0029
000152	V	0.000136	0.016602	0.211155	0.0001	0.0023	0.0920	0.0280	0.0186	0.0851	0.0027
000153	V	0.000140	0.015072	0.205286	0.0001	0.0026	0.0890	0.0280	0.0179	0.0828	0.0025
000154	S	0.000158	0.015706	0.200334	0.0001	0.0027	0.0910	0.0280	0.0182	0.0810	0.0023
000155	F	0.000184	0.017655	0.192629	0.0001	0.0021	0.0910	0.0300	0.0184	0.0780	0.0021
000156	L	0.000209	0.020211	0.185663	0.0001	0.0021	0.0900	0.0330	0.0188	0.0752	0.0019
000157	S	0.000241	0.021675	0.178842	0.0001	0.0028	0.0920	0.0370	0.0195	0.0727	0.0018
000158	L	0.000297	0.025722	0.171599	0.0001	0.0038	0.1050	0.0420	0.0224	0.0711	0.0017
000159	C	0.000358	0.031328	0.162647	0.0002	0.0042	0.1180	0.0460	0.0257	0.0696	0.0017
000160	V	0.000631	0.034995	0.154593	0.0005	0.0044	0.1250	0.0500	0.0276	0.0679	0.0016
000161	I	0.001047	0.044421	0.147205	0.0005	0.0059	0.1330	0.0510	0.0308	0.0665	0.0015
000162	L	0.001842	0.058015	0.139791	0.0004	0.0073	0.1280	0.0490	0.0327	0.0632	0.0015
000163	P	0.005199	0.071006	0.134756	0.0007	0.0097	0.1100	0.0450	0.0328	0.0580	0.0017
000164	V	0.005365	0.088177	0.129566	0.0010	0.0157	0.1120	0.0360	0.0370	0.0570	0.0018
000165	N	0.005881	0.127017	0.123523	0.0010	0.0105	0.1310	0.0420	0.0458	0.0641	0.0020
000166	L	0.013098	0.176961	0.117480	0.0062	0.0191	0.1880	0.0630	0.0672	0.0796	0.0023
000167	S	0.022005	0.237718	0.111773	0.0074	0.0171	0.1930	0.0630	0.0796	0.0925	0.0028
000168	G	0.034141	0.320989	0.105748	0.0074	0.0178	0.2460	0.0880	0.1044	0.1217	0.0032
000169	D	0.046389	0.380417	0.101719	0.0074	0.0300	0.3170	0.1270	0.1302	0.1474	0.0036
000170	L	0.054166	0.445004	0.096615	0.0109	0.0543	0.3720	0.1520	0.1561	0.1710	0.0039
000171	L	0.063374	0.501826	0.093110	0.0218	0.0870	0.4010	0.1600	0.1792	0.1860	0.0047
000172	D	0.067096	0.550467	0.090644	0.0441	0.0909	0.3990	0.1650	0.1918	0.1954	0.0064
000173	K	0.077599	0.557969	0.089180	0.0935	0.1323	0.3760	0.1530	0.2062	0.1830	0.0076
000174	D	0.085504	0.544892	0.089133	0.0350	0.1206	0.3350	0.1230	0.1869	0.1814	0.0082
000175	P	0.086129	0.486036	0.088332	0.0490	0.1092	0.2650	0.0780	0.1659	0.1536	0.0092
000176	Y	0.084757	0.420119	0.087957	0.0490	0.1048	0.2150	0.0580	0.1456	0.1279	0.0088
000177	S	0.083232	0.345697	0.087066	0.0502	0.1791	0.1720	0.0570	0.1384	0.0993	0.0089
000178	F	0.081389	0.281711	0.085613	0.0542	0.1881	0.1570	0.0570	0.1270	0.0792	0.0086
000179	G	0.080797	0.260521	0.083277	0.0526	0.1969	0.1360	0.0450	0.1211	0.0743	0.0095
000180	R	0.072365	0.253929	0.080282	0.0502	0.1969	0.1190	0.0330	0.1155	0.0744	0.0105
000181	T	0.065478	0.247074	0.076679	0.1088	0.2002	0.1130	0.0300	0.1224	0.0673	0.0115
000182	T	0.054822	0.259138	0.072372	0.1998	0.2034	0.1130	0.0340	0.1384	0.0759	0.0114
000183	I	0.046440	0.263309	0.071750	0.1150	0.1137	0.1170	0.0380	0.1092	0.0698	0.0102
000184	A	0.038596	0.274726	0.072412	0.0621	0.0690	0.1230	0.0410	0.0946	0.0802	0.0103
000185	N	0.031027	0.277519	0.071768	0.0304	0.0618	0.1260	0.0460	0.0879	0.0865	0.0107
000186	L	0.020378	0.275269	0.072570	0.0109	0.0531	0.1270	0.0550	0.0811	0.0906	0.0110
000187	Q	0.009702	0.263141	0.072611	0.0200	0.0518	0.1170	0.0520	0.0770	0.0863	0.0131
000188	T	0.002097	0.258896	0.072926	0.0182	0.0258	0.1060	0.0550	0.0685	0.0880	0.0148
000189	D	0.000509	0.231824	0.070614	0.0226	0.0443	0.0800	0.0310	0.0632	0.0761	0.0164
000190	N	0.000292	0.200810	0.068897	0.0099	0.0294	0.0660	0.0230	0.0511	0.0680	0.0167
000191	D	0.000232	0.164662	0.067445	0.0084	0.0181	0.0530	0.0160	0.0408	0.0569	0.0169
000192	L	0.000147	0.118862	0.065848	0.0055	0.0115	0.0470	0.0160	0.0305	0.0433	0.0171
000193	L	0.000104	0.077603	0.064804	0.0026	0.0082	0.0380	0.0120	0.0212	0.0325	0.0189
000194	W	0.000061	0.043895	0.062302	0.0029	0.0074	0.0380	0.0110	0.0153	0.0257	0.0221
000195	L	0.000023	0.027993	0.060153	0.0013	0.0062	0.0370	0.0120	0.0120	0.0240	0.0254
000196	H	0.000011	0.018471	0.060265	0.0007	0.0060	0.0350	0.0120	0.0101	0.0239	0.0303
000197	T	0.000004	0.012352	0.061975	0.0008	0.0064	0.0310	0.0100	0.0085	0.0243	0.0365
000198	I	0.000005	0.009783	0.063266	0.0007	0.0062	0.0300	0.0090	0.0078	0.0248	0.0416
000199	F	0.000006	0.008305	0.064840	0.0005	0.0044	0.0300	0.0090	0.0072	0.0257	0.0503
000200	A	0.000008	0.008328	0.067522	0.0005	0.0038	0.0310	0.0090	0.0072	0.0268	0.0619
000201	V	0.000020	0.009020	0.070113	0.0002	0.0037	0.0340	0.0110	0.0078	0.0280	0.0774
000202	I	0.000038	0.009469	0.071460	0.0002	0.0035	0.0370	0.0120	0.0084	0.0288	0.0965
000203	Y	0.000069	0.009655	0.072484	0.0003	0.0044	0.0400	0.0140	0.0091	0.0294	0.1209
000204	L	0.000093	0.012109	0.072088	0.0005	0.0057	0.0430	0.0140	0.0103	0.0293	0.1415
000205	F	0.000103	0.018144	0.073836	0.0008	0.0081	0.0510	0.0170	0.0130	0.0303	0.1576
000206	L	0.000104	0.027111	0.077626	0.0021	0.0108	0.0640	0.0220	0.0174	0.0329	0.1680
000207	T	0.000103	0.041454	0.081397	0.0026	0.0080	0.0870	0.0360	0.0232	0.0387	0.1717
000208	V	0.000103	0.068599	0.085789	0.0027	0.0078	0.1320	0.0560	0.0351	0.0517	0.1746
000209	G	0.000222	0.090933	0.091535	0.0026	0.0079	0.1710	0.0600	0.0454	0.0648	0.1762
000210	F	0.000914	0.118628	0.097747	0.0066	0.0119	0.2610	0.0880	0.0665	0.0934	0.1737
000211	M	0.001600	0.150855	0.107050	0.0038	0.0151	0.3270	0.1180	0.0830	0.1170	0.1680
000212	R	0.004747	0.197171	0.118996	0.0074	0.0235	0.3230	0.0980	0.0927	0.1187	0.1599
000213	H	0.033117	0.244941	0.128562	0.0150	0.0433	0.3080	0.0990	0.1075	0.1139	0.1537
000214	H	0.088420	0.324496	0.139616	0.0308	0.0424	0.3200	0.1050	0.1344	0.1239	0.1456
000215	T	0.148384	0.398866	0.149832	0.0607	0.0483	0.3100	0.1000	0.1611	0.1303	0.1403
000216	Q	0.198212	0.479768	0.162056	0.0660	0.0985	0.3240	0.0930	0.1944	0.1443	0.1374
000217	S	0.248038	0.544596	0.172453	0.0858	0.1583	0.3590	0.0920	0.2325	0.1550	0.1362
000218	I	0.289239	0.607598	0.180930	0.0884	0.1583	0.3860	0.0830	0.2549	0.1757	0.1365
000219	K	0.303854	0.633593	0.188019	0.1456	0.1449	0.3890	0.0640	0.2696	0.1759	0.1362
000220	Y	0.328801	0.645266	0.195239	0.1416	0.0749	0.3840	0.0740	0.2624	0.1915	0.1364
000221	K	0.352206	0.626464	0.203303	0.1878	0.0909	0.3220	0.0750	0.2633	0.1743	0.1316
000222	E	0.362033	0.570655	0.209546	0.1635	0.1162	0.2390	0.0740	0.2420	0.1557	0.1248
000223	E	0.368928	0.465721	0.214727	0.1240	0.1162	0.1580	0.0550	0.2054	0.1363	0.1180
000224	N	0.371054	0.367088	0.222613	0.1349	0.0719	0.1100	0.0480	0.1759	0.1249	0.1097
000225	L	0.388691	0.268903	0.228070	0.1532	0.0888	0.0810	0.0290	0.1635	0.1144	0.1012
000226	V	0.376639	0.189403	0.234971	0.1060	0.0870	0.0700	0.0260	0.1382	0.1134	0.0931
000227	R	0.437753	0.143792	0.238968	0.1240	0.0888	0.0820	0.0390	0.1461	0.1301	0.0863
000228	R	0.469951	0.129501	0.239852	0.1205	0.0749	0.0860	0.0420	0.1468	0.1431	0.0794
000229	T	0.487334	0.113519	0.238964	0.2080	0.1275	0.0820	0.0370	0.1697	0.1413	0.0729
000230	L	0.515215	0.104771	0.238404	0.1766	0.1275	0.0810	0.0280	0.1675	0.1522	0.0671
000231	F	0.518952	0.112659	0.237151	0.2558	0.2094	0.0760	0.0170	0.1955	0.1479	0.0622
000232	I	0.501929	0.141772	0.236133	0.2483	0.2164	0.0800	0.0120	0.1980	0.1378	0.0592
000233	T	0.484017	0.175414	0.234996	0.2483	0.1476	0.1030	0.0420	0.1931	0.1291	0.0587
000234	G	0.438629	0.219417	0.234279	0.2385	0.1449	0.1290	0.0520	0.1950	0.1082	0.0592
000235	L	0.422929	0.256145	0.235132	0.1732	0.1349	0.1570	0.0740	0.1906	0.1039	0.0603
000236	P	0.341732	0.306704	0.233044	0.2602	0.2034	0.1480	0.0500	0.2100	0.0749	0.0627
000237	R	0.316950	0.367668	0.229716	0.3311	0.1643	0.2410	0.0500	0.2369	0.0793	0.0667
000238	D	0.305908	0.450667	0.227055	0.3225	0.1671	0.3590	0.0980	0.2676	0.0985	0.0717
000239	A	0.292073	0.513815	0.224627	0.2167	0.1731	0.4120	0.0910	0.2680	0.1260	0.0793
000240	R	0.290743	0.597583	0.222642	0.2122	0.1476	0.4420	0.1050	0.2816	0.1591	0.0880
000241	K	0.275570	0.656490	0.220631	0.2820	0.1528	0.4280	0.1110	0.2992	0.1697	0.0976
000242	E	0.288086	0.674190	0.215892	0.3225	0.2817	0.4040	0.1120	0.3284	0.1537	0.1129
000243	T	0.311875	0.650568	0.209805	0.3096	0.3740	0.3860	0.1160	0.3386	0.1408	0.1315
000244	V	0.348777	0.612682	0.205322	0.3359	0.2645	0.3540	0.1220	0.3194	0.1319	0.1498
000245	E	0.386516	0.560016	0.200533	0.3225	0.2817	0.3210	0.1220	0.3120	0.1159	0.1619
000246	S	0.418238	0.480574	0.198770	0.2700	0.3087	0.3000	0.1140	0.2962	0.0994	0.1745
000247	H	0.438482	0.422873	0.194432	0.2432	0.2258	0.2570	0.0980	0.2645	0.1019	0.1903
000248	F	0.448511	0.369983	0.188028	0.1921	0.2328	0.2160	0.0790	0.2432	0.1039	0.2037
000249	R	0.418371	0.307169	0.183527	0.1416	0.1731	0.1890	0.0790	0.2049	0.1015	0.2077
000250	D	0.389576	0.274606	0.178833	0.1667	0.2094	0.1770	0.0870	0.2028	0.0843	0.2106
000251	A	0.334570	0.247785	0.173354	0.1292	0.1476	0.1620	0.0830	0.1702	0.0767	0.2131
000252	Y	0.289259	0.217711	0.167136	0.1349	0.0851	0.1320	0.0520	0.1431	0.0719	0.2217
000253	P	0.230664	0.190496	0.161271	0.0884	0.0473	0.0890	0.0260	0.1076	0.0698	0.2029
000254	T	0.171873	0.173529	0.159135	0.0425	0.0506	0.0690	0.0190	0.0846	0.0636	0.1921
000255	C	0.118262	0.139295	0.155687	0.0414	0.0531	0.0600	0.0120	0.0687	0.0517	0.1832
000256	E	0.066089	0.110358	0.153568	0.0414	0.0405	0.0580	0.0120	0.0528	0.0482	0.1901
000257	V	0.015437	0.092521	0.152578	0.0268	0.0398	0.0600	0.0150	0.0391	0.0530	0.2000
000258	V	0.004952	0.084951	0.156430	0.0212	0.0258	0.0650	0.0230	0.0336	0.0573	0.1999
000259	D	0.003737	0.073886	0.159907	0.0414	0.0320	0.0670	0.0330	0.0363	0.0559	0.2032
000260	V	0.002046	0.065569	0.166401	0.0268	0.0202	0.0630	0.0330	0.0295	0.0605	0.2208
000261	Q	0.001496	0.058764	0.172358	0.0144	0.0134	0.0540	0.0280	0.0237	0.0645	0.2392
000262	L	0.001118	0.058516	0.176689	0.0116	0.0093	0.0470	0.0240	0.0213	0.0669	0.2700
000263	C	0.000938	0.062901	0.181278	0.0118	0.0127	0.0430	0.0180	0.0220	0.0685	0.2576
000264	Y	0.000480	0.056759	0.184380	0.0038	0.0120	0.0450	0.0180	0.0196	0.0705	0.2748
000265	N	0.000865	0.063623	0.189282	0.0040	0.0115	0.0470	0.0210	0.0212	0.0725	0.2732
000266	V	0.000962	0.076981	0.195018	0.0094	0.0194	0.0550	0.0230	0.0270	0.0737	0.2693
000267	A	0.006758	0.080538	0.203830	0.0087	0.0174	0.0650	0.0320	0.0298	0.0767	0.2473
000268	K	0.012930	0.076090	0.214910	0.0124	0.0244	0.0650	0.0270	0.0318	0.0789	0.2186
000269	L	0.019102	0.074646	0.225110	0.0179	0.0380	0.0700	0.0260	0.0365	0.0804	0.1964
000270	I	0.026958	0.094055	0.239107	0.0160	0.0349	0.0840	0.0300	0.0427	0.0856	0.1655
000271	Y	0.034810	0.122990	0.251971	0.0259	0.0506	0.1010	0.0300	0.0558	0.0879	0.1262
000272	L	0.040409	0.197292	0.261018	0.0259	0.0300	0.1350	0.0350	0.0714	0.1005	0.0898
000273	C	0.046011	0.302002	0.272137	0.0414	0.0483	0.1880	0.0430	0.1043	0.1189	0.0582
000274	K	0.051520	0.395856	0.279129	0.0526	0.0555	0.2780	0.0690	0.1390	0.1455	0.0495
000275	E	0.051536	0.489941	0.288294	0.0744	0.0555	0.3820	0.1230	0.1756	0.1799	0.0424
000276	K	0.045883	0.580972	0.299234	0.0464	0.0518	0.4930	0.1820	0.2029	0.2266	0.0393
000277	K	0.039865	0.655802	0.309374	0.0425	0.0799	0.5270	0.1850	0.2242	0.2493	0.0366
000278	K	0.042207	0.656388	0.320467	0.0490	0.0605	0.5350	0.1850	0.2239	0.2528	0.0357
000279	T	0.043456	0.655111	0.335357	0.0514	0.0646	0.4900	0.1780	0.2175	0.2453	0.0378
000280	E	0.046497	0.643538	0.348280	0.0514	0.0719	0.3760	0.1580	0.1983	0.2284	0.0399
000281	K	0.041229	0.599701	0.362367	0.0771	0.1115	0.2210	0.0900	0.1750	0.2037	0.0458
000282	S	0.070882	0.550859	0.370505	0.0789	0.1702	0.1340	0.0440	0.1674	0.1856	0.0563
000283	L	0.067169	0.475980	0.379770	0.1178	0.2399	0.1170	0.0520	0.1697	0.1627	0.0728
000284	T	0.067448	0.396478	0.389233	0.1998	0.3529	0.1020	0.0450	0.1865	0.1497	0.0902
000285	Y	0.068240	0.333973	0.394831	0.1958	0.3599	0.0840	0.0290	0.1736	0.1467	0.0958
000286	Y	0.069012	0.304731	0.397613	0.1805	0.3494	0.0790	0.0250	0.1638	0.1446	0.0940
000287	T	0.076481	0.287775	0.401442	0.1844	0.2849	0.0830	0.0330	0.1528	0.1349	0.0861
000288	N	0.083357	0.306160	0.401338	0.1805	0.2193	0.0990	0.0480	0.1480	0.1303	0.0831
000289	L	0.097758	0.328674	0.397464	0.1416	0.2364	0.1040	0.0560	0.1513	0.1320	0.0855
000290	Q	0.104871	0.334632	0.395480	0.1150	0.2609	0.0970	0.0560	0.1521	0.1360	0.0793
000291	V	0.078779	0.341112	0.392641	0.1117	0.2399	0.0870	0.0430	0.1431	0.1409	0.0762
000292	K	0.140779	0.361057	0.391830	0.1322	0.2715	0.0970	0.0550	0.1671	0.1328	0.0683
000293	T	0.142812	0.368249	0.391784	0.1178	0.1643	0.1030	0.0680	0.1493	0.1355	0.0623
000294	G	0.142647	0.368198	0.392888	0.1998	0.2292	0.1120	0.0790	0.1753	0.1246	0.0501
000295	Q	0.142015	0.366146	0.394360	0.0909	0.2328	0.1150	0.0880	0.1578	0.1364	0.0431
000296	R	0.126202	0.354839	0.394109	0.1292	0.2193	0.1160	0.0910	0.1575	0.1306	0.0388
000297	T	0.110540	0.350162	0.392639	0.1844	0.1823	0.1060	0.0800	0.1556	0.1291	0.0386
000298	L	0.085561	0.339109	0.390765	0.1266	0.1007	0.0960	0.0600	0.1246	0.1413	0.0378
000299	I	0.078255	0.324644	0.385110	0.0542	0.0443	0.0880	0.0480	0.0982	0.1522	0.0320
000300	N	0.068869	0.313272	0.380398	0.0425	0.0765	0.0810	0.0450	0.0971	0.1480	0.0227
000301	P	0.004676	0.290567	0.372078	0.0167	0.0543	0.0770	0.0470	0.0738	0.1551	0.0172
000302	K	0.002752	0.247716	0.366294	0.0286	0.0518	0.0770	0.0460	0.0680	0.1457	0.0135
000303	P	0.001985	0.216670	0.364552	0.0194	0.0543	0.0740	0.0480	0.0611	0.1424	0.0119
000304	C	0.001725	0.184625	0.361615	0.0121	0.0244	0.0750	0.0470	0.0496	0.1417	0.0106
000305	G	0.001724	0.137272	0.361605	0.0131	0.0263	0.0690	0.0400	0.0412	0.1386	0.0115
000306	Q	0.001770	0.110445	0.359478	0.0052	0.0163	0.0570	0.0250	0.0317	0.1391	0.0122
000307	F	0.001625	0.089926	0.351363	0.0055	0.0171	0.0520	0.0220	0.0278	0.1357	0.0139
000308	C	0.001586	0.077944	0.342944	0.0029	0.0174	0.0480	0.0180	0.0247	0.1328	0.0140
000309	C	0.001462	0.072911	0.334819	0.0053	0.0227	0.0450	0.0160	0.0245	0.1291	0.0161
000310	C	0.001413	0.070411	0.325652	0.0078	0.0227	0.0440	0.0160	0.0243	0.1252	0.0206
000311	E	0.000917	0.057771	0.319317	0.0069	0.0209	0.0410	0.0170	0.0213	0.1233	0.0319
000312	V	0.000929	0.047999	0.312149	0.0033	0.0123	0.0400	0.0170	0.0175	0.1217	0.0488
000313	L	0.000914	0.056888	0.313983	0.0040	0.0090	0.0410	0.0170	0.0187	0.1223	0.0692
000314	G	0.000801	0.071436	0.312973	0.0013	0.0083	0.0430	0.0160	0.0209	0.1220	0.0894
000315	C	0.000592	0.082735	0.310355	0.0038	0.0133	0.0500	0.0180	0.0251	0.1201	0.1134
000316	E	0.002063	0.111906	0.307878	0.0040	0.0115	0.0550	0.0200	0.0307	0.1196	0.1456
000317	W	0.005523	0.128738	0.304310	0.0037	0.0109	0.0700	0.0250	0.0364	0.1184	0.1903
000318	E	0.006627	0.138361	0.301317	0.0061	0.0181	0.0810	0.0320	0.0417	0.1164	0.2216
000319	D	0.009544	0.147848	0.299640	0.0131	0.0356	0.0950	0.0400	0.0502	0.1133	0.2693
000320	A	0.023116	0.156302	0.299823	0.0350	0.0463	0.0990	0.0450	0.0600	0.1084	0.3058
000321	I	0.032234	0.157638	0.301813	0.0744	0.0618	0.1000	0.0470	0.0709	0.1027	0.3352
000322	S	0.051995	0.158554	0.301347	0.0455	0.0618	0.1030	0.0480	0.0702	0.1028	0.3402
000323	Y	0.071719	0.173396	0.304705	0.0414	0.0835	0.1200	0.0580	0.0816	0.1011	0.3431
000324	Y	0.145833	0.194906	0.306086	0.0723	0.0799	0.1470	0.0720	0.1066	0.0936	0.3450
000325	T	0.218457	0.222080	0.304466	0.0643	0.0799	0.1660	0.0640	0.1251	0.0981	0.3561
000326	R	0.295963	0.239947	0.305002	0.1088	0.1702	0.1930	0.0690	0.1680	0.0861	0.3674
000327	M	0.371654	0.285911	0.305619	0.1060	0.1702	0.2070	0.0670	0.1900	0.1027	0.3634
000328	K	0.446854	0.307556	0.303648	0.1732	0.2645	0.1910	0.0550	0.2305	0.1033	0.3428
000329	D	0.509306	0.321679	0.300429	0.1805	0.2503	0.1960	0.0650	0.2429	0.1202	0.3411
000330	R	0.578743	0.345198	0.301629	0.1878	0.2292	0.2080	0.0730	0.2581	0.1418	0.3335
000331	L	0.644122	0.374651	0.302184	0.1998	0.1969	0.2360	0.0850	0.2753	0.1633	0.3258
000332	L	0.712757	0.416500	0.300510	0.2531	0.2645	0.2820	0.1100	0.3215	0.1693	0.3120
000333	E	0.727459	0.461293	0.294367	0.1805	0.2783	0.2990	0.1080	0.3244	0.1851	0.2887
000334	R	0.742469	0.513595	0.286356	0.2602	0.3566	0.3480	0.1020	0.3702	0.1727	0.2684
000335	I	0.744107	0.544620	0.277264	0.3359	0.4652	0.4160	0.1070	0.4177	0.1588	0.2501
000336	T	0.753100	0.557933	0.269180	0.3456	0.3807	0.4510	0.1260	0.4148	0.1650	0.2236
000337	E	0.759014	0.598122	0.263413	0.3992	0.3840	0.4890	0.1370	0.4383	0.1664	0.2071
000338	E	0.768038	0.620561	0.259787	0.3535	0.3807	0.4940	0.1640	0.4362	0.1773	0.1918
000339	E	0.776791	0.620049	0.253298	0.3717	0.3566	0.4850	0.1980	0.4350	0.1811	0.1920
000340	R	0.733807	0.594154	0.246868	0.3311	0.2470	0.4520	0.1940	0.3930	0.1855	0.1923
000341	H	0.715027	0.581502	0.242187	0.3263	0.1914	0.4070	0.1320	0.3702	0.1894	0.2045
000342	V	0.715521	0.559672	0.237707	0.3225	0.2609	0.3440	0.1040	0.3671	0.1775	0.2248
000343	Q	0.714866	0.501415	0.232441	0.3311	0.2292	0.2990	0.0960	0.3459	0.1776	0.2429
000344	D	0.714146	0.452911	0.225235	0.3146	0.2193	0.2410	0.0860	0.3237	0.1810	0.2850
000345	Q	0.683852	0.410369	0.219359	0.2385	0.2328	0.1650	0.0610	0.2884	0.1811	0.3249
000346	P	0.608682	0.342606	0.217677	0.3096	0.3019	0.1250	0.0480	0.2814	0.1530	0.3760
000347	L	0.529400	0.283168	0.220169	0.3184	0.2918	0.1040	0.0340	0.2545	0.1326	0.4336
000348	G	0.445693	0.244084	0.229086	0.3005	0.2470	0.0820	0.0170	0.2199	0.1140	0.3955
000349	M	0.406526	0.204008	0.236677	0.2963	0.2094	0.0800	0.0120	0.1993	0.1066	0.3507
000350	A	0.338364	0.193754	0.244514	0.2558	0.1969	0.0780	0.0120	0.1771	0.0888	0.3296
000351	F	0.248958	0.196281	0.248262	0.2432	0.1275	0.0820	0.0140	0.1496	0.0771	0.3177
000352	V	0.160461	0.230135	0.249597	0.2432	0.0888	0.0860	0.0190	0.1347	0.0809	0.3236
000353	T	0.078479	0.261980	0.253832	0.2385	0.0780	0.0870	0.0210	0.1241	0.0953	0.3327
000354	F	0.022959	0.295624	0.255114	0.1878	0.0749	0.0870	0.0180	0.1113	0.1082	0.3242
000355	Q	0.014109	0.316023	0.257289	0.1380	0.0765	0.0820	0.0200	0.1045	0.1145	0.3385
000356	E	0.008334	0.320896	0.258927	0.1322	0.0389	0.0830	0.0300	0.0973	0.1217	0.3460
000357	K	0.004717	0.324282	0.262289	0.1240	0.0356	0.0940	0.0450	0.0971	0.1238	0.3485
000358	S	0.001713	0.321678	0.271258	0.1205	0.0494	0.0980	0.0490	0.0986	0.1237	0.3489
000359	M	0.000245	0.320265	0.284153	0.1240	0.0248	0.0990	0.0500	0.0947	0.1300	0.3367
000360	A	0.000190	0.308345	0.293404	0.1178	0.0300	0.0860	0.0420	0.0905	0.1299	0.3505
000361	T	0.000076	0.271541	0.297767	0.0660	0.0188	0.0740	0.0400	0.0717	0.1285	0.3608
000362	Y	0.000083	0.271439	0.296153	0.1088	0.0349	0.0580	0.0240	0.0788	0.1251	0.3758
000363	I	0.000071	0.292053	0.295025	0.0813	0.0483	0.0450	0.0160	0.0778	0.1298	0.3906
000364	L	0.000062	0.292970	0.292860	0.0832	0.0294	0.0430	0.0180	0.0748	0.1316	0.4217
000365	K	0.000061	0.253119	0.291201	0.1380	0.0592	0.0430	0.0200	0.0822	0.1189	0.3988
000366	D	0.000064	0.285363	0.289654	0.0965	0.0300	0.0460	0.0200	0.0763	0.1281	0.3633
000367	F	0.000068	0.264208	0.287986	0.0909	0.0269	0.0600	0.0220	0.0737	0.1227	0.3129
000368	N	0.000072	0.257698	0.288558	0.0455	0.0281	0.0660	0.0280	0.0662	0.1241	0.2468
000369	A	0.000252	0.242011	0.295329	0.0414	0.0327	0.0840	0.0340	0.0667	0.1221	0.1913
000370	C	0.000571	0.241693	0.307670	0.0490	0.0463	0.0880	0.0310	0.0709	0.1235	0.1380
000371	K	0.001152	0.251968	0.313328	0.0607	0.0581	0.0800	0.0270	0.0753	0.1251	0.1107
000372	C	0.002449	0.278677	0.317575	0.0744	0.0676	0.0950	0.0190	0.0864	0.1278	0.0896
000373	Q	0.003864	0.339882	0.319373	0.1178	0.1092	0.1560	0.0460	0.1212	0.1306	0.0780
000374	S	0.016730	0.368360	0.324753	0.1698	0.1583	0.2450	0.0820	0.1597	0.1282	0.0695
000375	L	0.041508	0.409907	0.331584	0.2167	0.2129	0.3100	0.0700	0.1985	0.1291	0.0644
000376	Q	0.059430	0.471421	0.335942	0.2167	0.2094	0.3600	0.1000	0.2195	0.1429	0.0578
000377	C	0.094745	0.554886	0.338969	0.1766	0.2002	0.4020	0.1480	0.2381	0.1649	0.0504
000378	K	0.166745	0.641920	0.336848	0.2531	0.3182	0.4270	0.1470	0.3012	0.1602	0.0484
000379	G	0.262344	0.692796	0.330617	0.2483	0.2258	0.4360	0.1360	0.3110	0.1710	0.0502
000380	E	0.333132	0.732041	0.323589	0.2865	0.1643	0.4160	0.1150	0.3220	0.1840	0.0511
000381	P	0.336935	0.759098	0.315934	0.3456	0.2715	0.4000	0.1180	0.3521	0.1713	0.0525
000382	Q	0.344254	0.715437	0.310339	0.2700	0.2680	0.3730	0.1030	0.3285	0.1630	0.0512
000383	P	0.337124	0.707706	0.303516	0.3806	0.3740	0.3320	0.1060	0.3553	0.1465	0.0506
000384	S	0.334312	0.691311	0.296669	0.3762	0.2680	0.3470	0.1190	0.3362	0.1495	0.0467
000385	S	0.330114	0.668472	0.288078	0.3762	0.2783	0.3650	0.1170	0.3363	0.1405	0.0452
000386	H	0.307016	0.685077	0.280226	0.3806	0.2918	0.3730	0.1030	0.3395	0.1467	0.0442
000387	S	0.236146	0.674917	0.275186	0.3717	0.2884	0.3630	0.1020	0.3224	0.1523	0.0466
000388	R	0.141409	0.678393	0.268008	0.4282	0.2849	0.2980	0.0780	0.3051	0.1747	0.0497
000389	E	0.072308	0.654236	0.254985	0.4333	0.2609	0.2420	0.0620	0.2770	0.1874	0.0513
000390	L	0.084360	0.571546	0.241842	0.3535	0.2292	0.2230	0.0610	0.2435	0.1558	0.0524
000391	Y	0.090964	0.489766	0.231231	0.3263	0.2224	0.2190	0.0800	0.2247	0.1282	0.0539
000392	T	0.093512	0.411915	0.222696	0.2748	0.2224	0.1630	0.0660	0.1943	0.1054	0.0579
000393	S	0.076071	0.329792	0.220147	0.2748	0.2364	0.1170	0.0630	0.1723	0.0949	0.0632
000394	K	0.062398	0.250838	0.220401	0.2700	0.2224	0.0900	0.0460	0.1492	0.0879	0.0703
000395	W	0.050175	0.199371	0.222270	0.2786	0.1554	0.0820	0.0380	0.1276	0.0873	0.0800
000396	T	0.048859	0.173557	0.224524	0.2820	0.0948	0.0760	0.0330	0.1126	0.0919	0.0842
000397	V	0.047663	0.155656	0.227798	0.2209	0.0543	0.0710	0.0320	0.0915	0.0848	0.0853
000398	T	0.045384	0.153966	0.230970	0.1732	0.0555	0.0660	0.0310	0.0824	0.0794	0.0876
000399	F	0.028233	0.143212	0.229927	0.1117	0.0592	0.0590	0.0260	0.0670	0.0775	0.0902
000400	A	0.012895	0.143738	0.220903	0.1018	0.0300	0.0540	0.0220	0.0570	0.0807	0.0896
000401	A	0.004616	0.151027	0.207987	0.1349	0.0494	0.0490	0.0190	0.0649	0.0784	0.0880
000402	D	0.000214	0.148506	0.201403	0.1060	0.0531	0.0500	0.0220	0.0597	0.0750	0.0852
000403	P	0.000674	0.158014	0.194795	0.1060	0.0543	0.0530	0.0290	0.0621	0.0738	0.0811
000404	E	0.000726	0.159585	0.190377	0.0514	0.0581	0.0530	0.0300	0.0539	0.0738	0.0758
000405	D	0.000755	0.157342	0.184205	0.0526	0.0327	0.0540	0.0300	0.0496	0.0735	0.0697
000406	I	0.000847	0.138218	0.179819	0.0813	0.0631	0.0560	0.0290	0.0565	0.0654	0.0623
000407	C	0.000939	0.132386	0.179444	0.0405	0.0306	0.0540	0.0260	0.0430	0.0691	0.0568
000408	W	0.001218	0.116861	0.177652	0.0514	0.0235	0.0550	0.0260	0.0414	0.0664	0.0595
000409	K	0.001582	0.109477	0.177447	0.0327	0.0141	0.0530	0.0250	0.0351	0.0679	0.0593
000410	N	0.001795	0.094061	0.176728	0.0336	0.0263	0.0540	0.0260	0.0350	0.0647	0.0600
000411	L	0.004430	0.076675	0.177732	0.0157	0.0168	0.0560	0.0290	0.0282	0.0662	0.0640
000412	S	0.025270	0.062756	0.177715	0.0194	0.0123	0.0520	0.0260	0.0286	0.0636	0.0708
000413	I	0.025876	0.046516	0.178186	0.0102	0.0119	0.0530	0.0270	0.0246	0.0649	0.0796
000414	Q	0.028516	0.039144	0.179515	0.0035	0.0076	0.0570	0.0300	0.0226	0.0667	0.0890
000415	G	0.028842	0.036592	0.179398	0.0035	0.0076	0.0610	0.0330	0.0228	0.0668	0.1002
000416	L	0.028763	0.033444	0.180021	0.0010	0.0051	0.0650	0.0370	0.0221	0.0679	0.1103
000417	R	0.028494	0.028031	0.181096	0.0028	0.0066	0.0650	0.0370	0.0219	0.0682	0.1220
000418	W	0.028149	0.023160	0.181897	0.0013	0.0066	0.0720	0.0420	0.0218	0.0693	0.1361
000419	W	0.027941	0.019371	0.181176	0.0033	0.0062	0.0650	0.0340	0.0203	0.0688	0.1285
000420	L	0.025182	0.015462	0.182547	0.0009	0.0047	0.0560	0.0250	0.0171	0.0700	0.1159
000421	Q	0.003825	0.013881	0.182012	0.0006	0.0046	0.0540	0.0220	0.0128	0.0714	0.0988
000422	W	0.003166	0.012656	0.181932	0.0006	0.0046	0.0590	0.0240	0.0133	0.0717	0.0825
000423	L	0.000498	0.013149	0.182588	0.0006	0.0033	0.0600	0.0250	0.0128	0.0723	0.0612
000424	G	0.000079	0.013082	0.181442	0.0006	0.0029	0.0640	0.0260	0.0135	0.0722	0.0449
000425	I	0.000060	0.014215	0.177733	0.0003	0.0022	0.0700	0.0270	0.0145	0.0711	0.0311
000426	N	0.000057	0.015649	0.175113	0.0002	0.0022	0.0740	0.0230	0.0153	0.0702	0.0209
000427	F	0.000046	0.015524	0.174005	0.0002	0.0028	0.0760	0.0230	0.0158	0.0699	0.0145
000428	T	0.000042	0.017248	0.172856	0.0002	0.0031	0.0720	0.0170	0.0154	0.0690	0.0103
000429	L	0.000058	0.019136	0.170451	0.0003	0.0041	0.0620	0.0150	0.0143	0.0673	0.0075
000430	F	0.000088	0.020701	0.168062	0.0005	0.0044	0.0590	0.0160	0.0141	0.0661	0.0059
000431	L	0.000116	0.026553	0.164815	0.0008	0.0044	0.0530	0.0160	0.0142	0.0644	0.0048
000432	G	0.000150	0.030299	0.162493	0.0005	0.0032	0.0520	0.0160	0.0143	0.0634	0.0041
000433	L	0.000202	0.032634	0.161299	0.0004	0.0042	0.0530	0.0160	0.0151	0.0628	0.0032
000434	F	0.000235	0.033919	0.160612	0.0004	0.0056	0.0550	0.0180	0.0159	0.0625	0.0028
000435	F	0.000239	0.041434	0.159116	0.0004	0.0048	0.0620	0.0200	0.0181	0.0621	0.0025
000436	L	0.000248	0.054689	0.158199	0.0007	0.0065	0.0720	0.0240	0.0224	0.0622	0.0024
000437	T	0.000278	0.076705	0.155895	0.0006	0.0061	0.0770	0.0230	0.0269	0.0626	0.0025
000438	T	0.000307	0.098661	0.151909	0.0010	0.0060	0.0870	0.0230	0.0321	0.0638	0.0026
000439	P	0.000293	0.123021	0.147725	0.0010	0.0061	0.0790	0.0170	0.0350	0.0654	0.0025
000440	S	0.000299	0.138477	0.144685	0.0010	0.0065	0.0860	0.0190	0.0388	0.0675	0.0023
000441	I	0.000445	0.155643	0.142435	0.0035	0.0099	0.1070	0.0220	0.0460	0.0709	0.0021
000442	I	0.001691	0.173758	0.139856	0.0040	0.0151	0.1320	0.0310	0.0544	0.0757	0.0020
000443	L	0.003763	0.195348	0.138443	0.0037	0.0168	0.1400	0.0360	0.0599	0.0807	0.0021
000444	S	0.005064	0.222158	0.138300	0.0086	0.0171	0.1530	0.0370	0.0676	0.0876	0.0026
000445	T	0.006349	0.261790	0.139131	0.0268	0.0313	0.1980	0.0360	0.0873	0.0989	0.0030
000446	M	0.007029	0.263963	0.141017	0.0259	0.0543	0.2260	0.0360	0.0963	0.1014	0.0031
000447	D	0.007921	0.275202	0.141547	0.0490	0.0531	0.2250	0.0450	0.1018	0.1008	0.0034
000448	K	0.008847	0.301871	0.141372	0.0376	0.0555	0.2140	0.0450	0.1031	0.1071	0.0032
000449	F	0.009755	0.313898	0.139349	0.0160	0.0592	0.2250	0.0450	0.1041	0.1145	0.0029
000450	N	0.011640	0.305188	0.137857	0.0124	0.0581	0.2150	0.0410	0.1004	0.1110	0.0031
000451	V	0.011964	0.323254	0.134229	0.0128	0.0327	0.1940	0.0420	0.0958	0.1160	0.0034
000452	T	0.010002	0.338463	0.130770	0.0363	0.0320	0.1780	0.0350	0.0992	0.1161	0.0039
000453	K	0.008706	0.305770	0.127496	0.0363	0.0543	0.1660	0.0410	0.0952	0.1025	0.0039
000454	P	0.007445	0.268654	0.123669	0.0405	0.1048	0.1400	0.0430	0.0936	0.0857	0.0036
000455	I	0.006798	0.259106	0.122003	0.0405	0.0483	0.1230	0.0370	0.0796	0.0853	0.0032
000456	H	0.006148	0.239383	0.122627	0.0425	0.0218	0.0940	0.0190	0.0673	0.0815	0.0030
000457	A	0.005411	0.217209	0.123253	0.0286	0.0334	0.0810	0.0130	0.0610	0.0748	0.0029
000458	L	0.004647	0.214511	0.122630	0.0109	0.0327	0.0740	0.0120	0.0560	0.0765	0.0029
000459	N	0.002619	0.232450	0.121326	0.0137	0.0181	0.0650	0.0120	0.0554	0.0834	0.0033
000460	N	0.001070	0.215781	0.120010	0.0327	0.0214	0.0630	0.0140	0.0557	0.0758	0.0035
000461	P	0.000949	0.201121	0.117448	0.0150	0.0119	0.0510	0.0160	0.0467	0.0744	0.0034
000462	I	0.000959	0.177012	0.116563	0.0167	0.0101	0.0450	0.0150	0.0416	0.0674	0.0030
000463	I	0.000954	0.155576	0.115541	0.0083	0.0097	0.0380	0.0110	0.0354	0.0625	0.0027
000464	S	0.000913	0.118850	0.112099	0.0038	0.0064	0.0340	0.0100	0.0274	0.0537	0.0027
000465	Q	0.000651	0.096801	0.109802	0.0028	0.0057	0.0340	0.0120	0.0234	0.0487	0.0027
000466	F	0.000485	0.074355	0.109784	0.0031	0.0068	0.0350	0.0120	0.0200	0.0449	0.0026
000467	F	0.000351	0.061943	0.108773	0.0035	0.0052	0.0330	0.0100	0.0174	0.0432	0.0024
000468	P	0.000343	0.054105	0.106967	0.0037	0.0044	0.0310	0.0100	0.0155	0.0420	0.0023
000469	T	0.000302	0.055078	0.104297	0.0042	0.0062	0.0310	0.0100	0.0161	0.0408	0.0020
000470	L	0.000285	0.049595	0.102124	0.0013	0.0059	0.0300	0.0090	0.0145	0.0400	0.0016
000471	L	0.000254	0.047841	0.100031	0.0022	0.0042	0.0290	0.0090	0.0140	0.0392	0.0015
000472	L	0.000216	0.057043	0.097277	0.0013	0.0031	0.0300	0.0090	0.0153	0.0393	0.0014
000473	W	0.000186	0.063771	0.095955	0.0013	0.0029	0.0330	0.0090	0.0168	0.0396	0.0014
000474	S	0.000182	0.065275	0.093831	0.0021	0.0027	0.0340	0.0090	0.0173	0.0391	0.0013
000475	F	0.000146	0.068969	0.091645	0.0008	0.0027	0.0370	0.0090	0.0182	0.0391	0.0011
000476	S	0.000103	0.071860	0.090339	0.0004	0.0027	0.0360	0.0090	0.0185	0.0392	0.0011
000477	A	0.000079	0.072346	0.088652	0.0007	0.0029	0.0360	0.0090	0.0187	0.0387	0.0011
000478	L	0.000052	0.079267	0.087209	0.0022	0.0031	0.0390	0.0090	0.0205	0.0393	0.0010
000479	L	0.000047	0.094408	0.086606	0.0006	0.0031	0.0420	0.0120	0.0233	0.0426	0.0009
000480	P	0.000058	0.097819	0.087956	0.0004	0.0029	0.0450	0.0130	0.0244	0.0438	0.0009
000481	S	0.000060	0.108899	0.091317	0.0007	0.0038	0.0550	0.0190	0.0280	0.0472	0.0009
000482	I	0.000288	0.111878	0.095747	0.0010	0.0036	0.0730	0.0310	0.0317	0.0500	0.0009
000483	V	0.000420	0.115488	0.100672	0.0028	0.0049	0.0760	0.0310	0.0332	0.0515	0.0009
000484	Y	0.000514	0.110969	0.104731	0.0026	0.0069	0.0820	0.0320	0.0339	0.0519	0.0009
000485	Y	0.000699	0.133846	0.108429	0.0026	0.0068	0.0980	0.0350	0.0404	0.0590	0.0010
000486	S	0.001119	0.151112	0.110828	0.0066	0.0108	0.1190	0.0470	0.0481	0.0644	0.0012
000487	T	0.001209	0.171630	0.113081	0.0062	0.0125	0.1440	0.0600	0.0560	0.0728	0.0014
000488	L	0.001274	0.209146	0.113899	0.0078	0.0163	0.1700	0.0630	0.0675	0.0850	0.0017
000489	L	0.001390	0.271149	0.114128	0.0173	0.0306	0.2060	0.0720	0.0878	0.1034	0.0022
000490	E	0.001578	0.331555	0.115265	0.0376	0.0306	0.2210	0.0650	0.1037	0.1197	0.0032
000491	S	0.001580	0.410813	0.118700	0.0308	0.0191	0.2460	0.0630	0.1181	0.1490	0.0038
000492	H	0.003647	0.468092	0.123951	0.0131	0.0151	0.2920	0.0720	0.1319	0.1746	0.0047
000493	W	0.003672	0.502925	0.128809	0.0194	0.0281	0.3460	0.0770	0.1501	0.1901	0.0058
000494	T	0.003565	0.534549	0.132190	0.0231	0.0473	0.3700	0.0750	0.1631	0.2000	0.0076
000495	K	0.003164	0.588150	0.135460	0.0464	0.0568	0.3860	0.0740	0.1801	0.2142	0.0094
000496	S	0.003092	0.617382	0.137271	0.0909	0.0581	0.3750	0.0730	0.1908	0.2167	0.0103
000497	G	0.003036	0.625081	0.137721	0.0502	0.0306	0.3370	0.0800	0.1743	0.2222	0.0104
000498	E	0.002910	0.582946	0.137913	0.0231	0.0141	0.2560	0.0890	0.1465	0.2065	0.0096
000499	N	0.002721	0.521298	0.139022	0.0245	0.0143	0.1690	0.0490	0.1220	0.1813	0.0078
000500	Q	0.002509	0.409955	0.141071	0.0226	0.0148	0.0970	0.0260	0.0911	0.1429	0.0056
000501	I	0.000296	0.284577	0.143423	0.0082	0.0076	0.0830	0.0270	0.0640	0.1046	0.0035
000502	M	0.000203	0.190226	0.145696	0.0038	0.0066	0.0670	0.0230	0.0447	0.0785	0.0025
000503	M	0.000134	0.136895	0.147867	0.0012	0.0054	0.0560	0.0220	0.0333	0.0674	0.0018
000504	T	0.000131	0.082151	0.148815	0.0029	0.0055	0.0540	0.0250	0.0242	0.0594	0.0012
000505	K	0.000118	0.050144	0.151749	0.0010	0.0039	0.0530	0.0310	0.0181	0.0591	0.0008
000506	V	0.000115	0.031259	0.154146	0.0006	0.0028	0.0510	0.0320	0.0144	0.0602	0.0005
000507	Y	0.000122	0.021252	0.155664	0.0004	0.0032	0.0470	0.0270	0.0121	0.0610	0.0003
000508	I	0.000128	0.014692	0.156128	0.0002	0.0031	0.0520	0.0300	0.0117	0.0617	0.0002
000509	F	0.000115	0.010031	0.155874	0.0002	0.0021	0.0690	0.0380	0.0135	0.0630	0.0002
000510	L	0.000111	0.007913	0.156771	0.0002	0.0020	0.0730	0.0260	0.0139	0.0639	0.0002
000511	I	0.000087	0.007127	0.158579	0.0001	0.0013	0.0770	0.0210	0.0143	0.0650	0.0002
000512	F	0.000089	0.007210	0.158810	0.0002	0.0019	0.0790	0.0190	0.0147	0.0652	0.0002
000513	M	0.000075	0.008753	0.158683	0.0002	0.0023	0.0770	0.0160	0.0148	0.0649	0.0002
000514	V	0.000088	0.011981	0.157129	0.0002	0.0018	0.0720	0.0160	0.0143	0.0636	0.0002
000515	L	0.000099	0.021493	0.157439	0.0002	0.0019	0.0700	0.0170	0.0157	0.0630	0.0003
000516	I	0.000209	0.034132	0.158211	0.0001	0.0012	0.0680	0.0170	0.0173	0.0627	0.0003
000517	L	0.000230	0.055664	0.158085	0.0002	0.0009	0.0650	0.0180	0.0203	0.0625	0.0004
000518	P	0.000252	0.078236	0.157976	0.0002	0.0008	0.0620	0.0190	0.0235	0.0634	0.0006
000519	S	0.000271	0.094582	0.158530	0.0002	0.0013	0.0640	0.0210	0.0267	0.0651	0.0007
000520	L	0.000314	0.104586	0.158986	0.0002	0.0014	0.0660	0.0220	0.0287	0.0664	0.0008
000521	G	0.000314	0.115357	0.157693	0.0003	0.0014	0.0660	0.0210	0.0306	0.0674	0.0009
000522	L	0.000327	0.111899	0.154148	0.0003	0.0013	0.0690	0.0220	0.0305	0.0659	0.0010
000523	T	0.000337	0.103446	0.148952	0.0003	0.0021	0.0690	0.0220	0.0291	0.0630	0.0011
000524	S	0.000378	0.093126	0.142596	0.0002	0.0025	0.0640	0.0170	0.0266	0.0595	0.0011
000525	L	0.000576	0.078896	0.137424	0.0003	0.0033	0.0660	0.0230	0.0249	0.0562	0.0012
000526	D	0.000781	0.061024	0.134525	0.0005	0.0044	0.0690	0.0280	0.0226	0.0539	0.0014
000527	F	0.001249	0.047207	0.131743	0.0008	0.0059	0.0710	0.0300	0.0211	0.0524	0.0016
000528	F	0.001513	0.041031	0.127673	0.0022	0.0090	0.0740	0.0320	0.0212	0.0506	0.0019
000529	F	0.005611	0.044974	0.124019	0.0010	0.0070	0.0720	0.0300	0.0218	0.0491	0.0023
000530	R	0.008793	0.053861	0.120476	0.0013	0.0070	0.0740	0.0310	0.0241	0.0478	0.0030
000531	W	0.014627	0.073769	0.117868	0.0035	0.0070	0.1190	0.0410	0.0364	0.0538	0.0037
000532	L	0.018990	0.117693	0.114797	0.0031	0.0071	0.1700	0.0510	0.0528	0.0677	0.0038
000533	F	0.020841	0.166278	0.110978	0.0037	0.0071	0.2170	0.0460	0.0692	0.0852	0.0044
000534	D	0.022434	0.240339	0.108169	0.0034	0.0075	0.2500	0.0480	0.0873	0.1065	0.0048
000535	K	0.024545	0.327172	0.106007	0.0010	0.0062	0.2840	0.0490	0.1071	0.1341	0.0054
000536	T	0.029063	0.403925	0.103944	0.0055	0.0067	0.3290	0.0460	0.1290	0.1615	0.0061
000537	S	0.032954	0.455689	0.101830	0.0028	0.0044	0.3420	0.0490	0.1396	0.1782	0.0058
000538	S	0.060987	0.475613	0.099715	0.0042	0.0047	0.3350	0.0540	0.1467	0.1796	0.0051
000539	E	0.098897	0.461463	0.098242	0.0049	0.0078	0.3460	0.0740	0.1531	0.1738	0.0040
000540	A	0.165339	0.408490	0.097145	0.0055	0.0141	0.3300	0.0970	0.1538	0.1531	0.0029
000541	S	0.202739	0.348397	0.095886	0.0074	0.0143	0.2870	0.1210	0.1433	0.1314	0.0022
000542	I	0.217229	0.281715	0.093241	0.0150	0.0269	0.2130	0.0890	0.1257	0.1028	0.0018
000543	R	0.230185	0.225963	0.091272	0.0405	0.0398	0.1270	0.0530	0.1106	0.0798	0.0017
000544	L	0.241004	0.165944	0.090458	0.0935	0.0380	0.0760	0.0200	0.1025	0.0687	0.0015
000545	E	0.240916	0.130664	0.090477	0.0677	0.0157	0.0490	0.0090	0.0840	0.0742	0.0015
000546	C	0.238316	0.099229	0.088294	0.0350	0.0104	0.0460	0.0100	0.0715	0.0759	0.0014
000547	V	0.207222	0.074196	0.086137	0.0160	0.0107	0.0460	0.0080	0.0591	0.0674	0.0011
000548	F	0.166931	0.065641	0.084271	0.0086	0.0073	0.0480	0.0070	0.0494	0.0559	0.0011
000549	L	0.096218	0.069955	0.081678	0.0087	0.0057	0.0450	0.0110	0.0376	0.0373	0.0012
000550	P	0.054592	0.074935	0.079934	0.0037	0.0038	0.0420	0.0110	0.0298	0.0333	0.0015
000551	D	0.038279	0.075703	0.079212	0.0027	0.0038	0.0490	0.0170	0.0282	0.0332	0.0018
000552	Q	0.023419	0.075819	0.078382	0.0009	0.0038	0.0560	0.0220	0.0267	0.0345	0.0020
000553	G	0.010276	0.068131	0.078442	0.0013	0.0046	0.0630	0.0260	0.0245	0.0352	0.0022
000554	A	0.005377	0.058670	0.079594	0.0021	0.0030	0.0650	0.0270	0.0224	0.0354	0.0022
000555	F	0.003879	0.052119	0.081757	0.0035	0.0030	0.0680	0.0280	0.0217	0.0357	0.0022
000556	F	0.002934	0.048480	0.083837	0.0008	0.0027	0.0620	0.0230	0.0196	0.0359	0.0022
000557	V	0.003305	0.044898	0.085575	0.0007	0.0035	0.0520	0.0160	0.0174	0.0348	0.0023
000558	N	0.001866	0.044470	0.087581	0.0010	0.0045	0.0460	0.0120	0.0163	0.0350	0.0028
000559	Y	0.001772	0.042548	0.090058	0.0035	0.0055	0.0420	0.0100	0.0159	0.0350	0.0031
000560	V	0.002209	0.039805	0.092552	0.0081	0.0084	0.0390	0.0090	0.0162	0.0347	0.0034
000561	I	0.002541	0.043679	0.094609	0.0038	0.0055	0.0390	0.0100	0.0157	0.0364	0.0036
000562	A	0.003707	0.056941	0.095984	0.0042	0.0039	0.0370	0.0090	0.0176	0.0379	0.0040
000563	S	0.009053	0.068787	0.098921	0.0012	0.0038	0.0380	0.0090	0.0202	0.0401	0.0045
000564	A	0.013261	0.075989	0.102837	0.0007	0.0027	0.0420	0.0080	0.0225	0.0422	0.0053
000565	F	0.015701	0.092919	0.107366	0.0008	0.0035	0.0500	0.0100	0.0272	0.0460	0.0063
000566	I	0.015836	0.111655	0.111666	0.0008	0.0051	0.0620	0.0130	0.0325	0.0507	0.0076
000567	G	0.017746	0.138490	0.114326	0.0034	0.0057	0.0640	0.0140	0.0383	0.0566	0.0093
000568	N	0.021134	0.170523	0.115854	0.0069	0.0053	0.0650	0.0160	0.0448	0.0643	0.0108
000569	G	0.021545	0.189634	0.117829	0.0029	0.0037	0.0600	0.0160	0.0463	0.0709	0.0116
000570	M	0.023689	0.185209	0.118706	0.0029	0.0037	0.0590	0.0140	0.0458	0.0696	0.0119
000571	E	0.025049	0.178062	0.120511	0.0029	0.0049	0.0560	0.0130	0.0446	0.0676	0.0114
000572	L	0.022712	0.159212	0.119904	0.0031	0.0045	0.0560	0.0130	0.0409	0.0627	0.0105
000573	L	0.023010	0.130491	0.119306	0.0052	0.0052	0.0500	0.0130	0.0357	0.0551	0.0095
000574	R	0.024589	0.110746	0.118720	0.0013	0.0044	0.0420	0.0110	0.0305	0.0515	0.0088
000575	L	0.025234	0.102668	0.116814	0.0031	0.0036	0.0360	0.0100	0.0284	0.0494	0.0076
000576	P	0.024904	0.089673	0.113053	0.0061	0.0045	0.0300	0.0090	0.0259	0.0457	0.0064
000577	G	0.023101	0.069348	0.110770	0.0069	0.0054	0.0290	0.0090	0.0224	0.0420	0.0050
000578	L	0.022406	0.053571	0.107374	0.0052	0.0055	0.0300	0.0100	0.0194	0.0396	0.0036
000579	I	0.020776	0.046189	0.105825	0.0034	0.0054	0.0310	0.0110	0.0177	0.0390	0.0029
000580	L	0.026817	0.039489	0.103748	0.0035	0.0047	0.0360	0.0150	0.0184	0.0377	0.0024
000581	Y	0.032369	0.036800	0.102068	0.0067	0.0049	0.0490	0.0280	0.0216	0.0366	0.0021
000582	T	0.039201	0.040028	0.100017	0.0038	0.0047	0.0540	0.0300	0.0236	0.0365	0.0020
000583	F	0.041537	0.043450	0.098175	0.0067	0.0067	0.0680	0.0360	0.0277	0.0363	0.0018
000584	R	0.061558	0.052551	0.095911	0.0137	0.0099	0.0690	0.0300	0.0345	0.0343	0.0019
000585	M	0.089432	0.075224	0.092673	0.0131	0.0102	0.0950	0.0350	0.0471	0.0397	0.0019
000586	I	0.124349	0.119358	0.091129	0.0304	0.0109	0.1260	0.0540	0.0686	0.0489	0.0022
000587	M	0.171193	0.188223	0.090219	0.0245	0.0101	0.1700	0.0730	0.0941	0.0736	0.0024
000588	A	0.211771	0.243104	0.089110	0.0121	0.0105	0.2400	0.0900	0.1196	0.1022	0.0030
000589	K	0.221073	0.321706	0.087436	0.0268	0.0194	0.2800	0.0770	0.1448	0.1213	0.0041
000590	T	0.255552	0.386694	0.085350	0.0502	0.0398	0.3310	0.0910	0.1772	0.1397	0.0052
000591	A	0.247519	0.432050	0.084122	0.0935	0.0581	0.3320	0.1030	0.1939	0.1410	0.0063
000592	A	0.269419	0.477509	0.081709	0.1602	0.0463	0.3400	0.1130	0.2156	0.1509	0.0076
000593	D	0.256540	0.543491	0.079538	0.1178	0.0463	0.3570	0.1110	0.2202	0.1757	0.0090
000594	R	0.236562	0.568311	0.076224	0.1088	0.0518	0.3940	0.0980	0.2266	0.1880	0.0103
000595	R	0.209605	0.595187	0.073903	0.1041	0.0592	0.4080	0.0930	0.2294	0.1979	0.0098
000596	N	0.175036	0.609788	0.071704	0.0677	0.0334	0.4140	0.0810	0.2167	0.2129	0.0092
000597	V	0.137702	0.594242	0.069086	0.1292	0.0676	0.4220	0.0710	0.2250	0.2004	0.0081
000598	K	0.123909	0.554489	0.066735	0.0858	0.0749	0.4090	0.0720	0.2080	0.1915	0.0075
000599	Q	0.081084	0.515114	0.065368	0.1060	0.0662	0.3740	0.0730	0.1903	0.1776	0.0064
000600	N	0.077739	0.463040	0.064139	0.0771	0.0306	0.3390	0.0820	0.1646	0.1647	0.0050
000601	Q	0.049345	0.401625	0.065823	0.0514	0.0214	0.2510	0.0640	0.1291	0.1397	0.0038
000602	A	0.040239	0.329661	0.069001	0.0350	0.0146	0.1960	0.0760	0.1026	0.1138	0.0028
000603	F	0.030618	0.284086	0.072989	0.0336	0.0134	0.1740	0.0700	0.0893	0.0981	0.0021
000604	Q	0.020996	0.233731	0.077993	0.0173	0.0082	0.1350	0.0510	0.0692	0.0818	0.0016
000605	Y	0.008482	0.189433	0.082856	0.0109	0.0061	0.1110	0.0440	0.0542	0.0690	0.0011
000606	E	0.004386	0.156342	0.088631	0.0052	0.0046	0.0820	0.0310	0.0420	0.0591	0.0010
000607	F	0.000290	0.125091	0.096474	0.0022	0.0028	0.0740	0.0360	0.0340	0.0530	0.0008
000608	G	0.000050	0.082100	0.103966	0.0022	0.0038	0.0650	0.0350	0.0255	0.0458	0.0006
000609	A	0.000005	0.056593	0.112988	0.0007	0.0029	0.0500	0.0240	0.0183	0.0453	0.0005
000610	M	0.000002	0.036727	0.121620	0.0007	0.0020	0.0480	0.0240	0.0145	0.0476	0.0004
000611	Y	0.000002	0.022157	0.132186	0.0004	0.0014	0.0630	0.0420	0.0145	0.0530	0.0003
000612	A	0.000002	0.015509	0.140723	0.0002	0.0012	0.0740	0.0510	0.0152	0.0576	0.0003
000613	W	0.000002	0.012102	0.148892	0.0002	0.0009	0.0830	0.0530	0.0161	0.0618	0.0003
000614	M	0.000002	0.009825	0.157176	0.0003	0.0015	0.0880	0.0490	0.0166	0.0654	0.0003
000615	L	0.000002	0.007749	0.166126	0.0002	0.0009	0.0850	0.0390	0.0157	0.0686	0.0003
000616	C	0.000002	0.006846	0.174808	0.0002	0.0015	0.0820	0.0320	0.0151	0.0715	0.0003
000617	V	0.000002	0.006992	0.182996	0.0001	0.0009	0.0800	0.0290	0.0146	0.0745	0.0003
000618	F	0.000005	0.007156	0.190256	0.0002	0.0017	0.0850	0.0320	0.0157	0.0775	0.0003
000619	T	0.000014	0.008182	0.195768	0.0002	0.0013	0.0890	0.0320	0.0164	0.0798	0.0004
000620	V	0.000023	0.010139	0.201610	0.0002	0.0010	0.0940	0.0330	0.0176	0.0823	0.0004
000621	I	0.000034	0.012290	0.207704	0.0002	0.0011	0.1020	0.0340	0.0192	0.0851	0.0005
000622	V	0.000044	0.014700	0.211756	0.0001	0.0017	0.1020	0.0340	0.0198	0.0864	0.0005
000623	A	0.000065	0.018829	0.216723	0.0001	0.0013	0.1050	0.0350	0.0208	0.0882	0.0006
000624	Y	0.000066	0.026208	0.221678	0.0002	0.0019	0.1100	0.0380	0.0231	0.0900	0.0007
000625	S	0.000080	0.029186	0.226963	0.0001	0.0016	0.1090	0.0400	0.0234	0.0917	0.0008
000626	I	0.000087	0.032702	0.230429	0.0002	0.0017	0.1090	0.0410	0.0239	0.0927	0.0009
000627	T	0.000088	0.037071	0.230925	0.0002	0.0015	0.1070	0.0390	0.0243	0.0925	0.0009
000628	C	0.000082	0.038359	0.232408	0.0002	0.0014	0.1030	0.0370	0.0238	0.0927	0.0009
000629	P	0.000074	0.035240	0.233542	0.0002	0.0016	0.1010	0.0360	0.0230	0.0932	0.0008
000630	I	0.000066	0.035570	0.236184	0.0001	0.0011	0.1060	0.0390	0.0239	0.0946	0.0006
000631	I	0.000092	0.032587	0.238835	0.0001	0.0015	0.1020	0.0380	0.0228	0.0954	0.0004
000632	A	0.000079	0.028115	0.239652	0.0001	0.0021	0.0930	0.0400	0.0207	0.0953	0.0004
000633	P	0.000116	0.024747	0.238200	0.0001	0.0023	0.0860	0.0390	0.0188	0.0945	0.0003
000634	F	0.000125	0.023978	0.235920	0.0002	0.0021	0.0810	0.0350	0.0180	0.0935	0.0002
000635	G	0.000194	0.021319	0.232652	0.0002	0.0032	0.0720	0.0300	0.0161	0.0919	0.0002
000636	L	0.000215	0.020852	0.228184	0.0001	0.0033	0.0600	0.0210	0.0141	0.0899	0.0001
000637	I	0.000215	0.023107	0.222031	0.0003	0.0044	0.0540	0.0160	0.0137	0.0872	0.0001
000638	Y	0.000215	0.026832	0.215889	0.0003	0.0045	0.0490	0.0150	0.0135	0.0845	0.0001
000639	I	0.000214	0.032154	0.209997	0.0004	0.0044	0.0450	0.0140	0.0136	0.0820	0.0001
000640	L	0.000178	0.051061	0.203059	0.0004	0.0030	0.0400	0.0130	0.0158	0.0791	0.0001
000641	L	0.000170	0.067325	0.197129	0.0004	0.0027	0.0370	0.0110	0.0179	0.0772	0.0001
000642	K	0.000131	0.082715	0.189794	0.0004	0.0031	0.0350	0.0120	0.0203	0.0752	0.0001
000643	H	0.000108	0.098971	0.184087	0.0003	0.0025	0.0370	0.0120	0.0231	0.0745	0.0001
000644	M	0.000033	0.112992	0.179606	0.0002	0.0016	0.0400	0.0130	0.0259	0.0746	0.0001
000645	V	0.000009	0.116399	0.174448	0.0002	0.0027	0.0430	0.0140	0.0271	0.0730	0.0000
000646	D	0.000023	0.119848	0.168747	0.0001	0.0025	0.0430	0.0130	0.0275	0.0717	0.0001
000647	R	0.000047	0.127232	0.164454	0.0003	0.0034	0.0410	0.0140	0.0287	0.0714	0.0000
000648	H	0.000094	0.122966	0.158807	0.0004	0.0035	0.0460	0.0200	0.0288	0.0687	0.0000
000649	N	0.000139	0.108134	0.152872	0.0007	0.0052	0.0490	0.0250	0.0272	0.0642	0.0000
000650	L	0.000184	0.090456	0.147524	0.0007	0.0073	0.0540	0.0280	0.0254	0.0599	0.0000
000651	Y	0.000192	0.078732	0.141702	0.0021	0.0105	0.0520	0.0270	0.0239	0.0561	0.0000
000652	F	0.000203	0.065464	0.135601	0.0067	0.0105	0.0520	0.0260	0.0224	0.0523	0.0000
000653	V	0.000206	0.066390	0.131239	0.0062	0.0102	0.0540	0.0240	0.0228	0.0509	0.0000
000654	Y	0.000207	0.072734	0.126956	0.0022	0.0067	0.0810	0.0330	0.0272	0.0528	0.0000
000655	L	0.000191	0.095333	0.123158	0.0034	0.0072	0.0870	0.0320	0.0322	0.0544	0.0000
000656	P	0.000169	0.123499	0.118889	0.0026	0.0083	0.0910	0.0280	0.0375	0.0582	0.0000
000657	A	0.000126	0.156363	0.116220	0.0010	0.0062	0.0960	0.0270	0.0433	0.0657	0.0000
000658	K	0.000094	0.201602	0.115792	0.0008	0.0064	0.0850	0.0220	0.0489	0.0770	0.0001
000659	L	0.000148	0.239975	0.114406	0.0005	0.0067	0.0870	0.0250	0.0558	0.0884	0.0001
000660	E	0.000271	0.262047	0.114584	0.0005	0.0057	0.0800	0.0250	0.0581	0.0955	0.0001
000661	K	0.002159	0.268242	0.113543	0.0009	0.0058	0.0870	0.0340	0.0607	0.0971	0.0001
000662	G	0.004102	0.254983	0.111634	0.0013	0.0073	0.1150	0.0590	0.0638	0.0932	0.0001
000663	I	0.005088	0.212182	0.110788	0.0013	0.0101	0.1530	0.0860	0.0637	0.0842	0.0001
000664	H	0.005535	0.178882	0.109191	0.0026	0.0168	0.1360	0.0750	0.0567	0.0720	0.0001
000665	F	0.005930	0.157960	0.108982	0.0037	0.0181	0.1180	0.0530	0.0507	0.0642	0.0001
000666	A	0.006053	0.148783	0.108113	0.0118	0.0191	0.0900	0.0350	0.0460	0.0576	0.0001
000667	A	0.006049	0.144779	0.108110	0.0038	0.0107	0.0850	0.0300	0.0417	0.0586	0.0001
000668	V	0.005962	0.148004	0.108731	0.0022	0.0089	0.0770	0.0180	0.0403	0.0595	0.0000
000669	N	0.005833	0.150095	0.108470	0.0008	0.0059	0.0640	0.0130	0.0378	0.0601	0.0000
000670	Q	0.003933	0.132033	0.107965	0.0009	0.0059	0.0570	0.0160	0.0332	0.0556	0.0000
000671	A	0.001987	0.108769	0.108302	0.0004	0.0041	0.0540	0.0190	0.0283	0.0510	0.0000
000672	L	0.001001	0.083597	0.107159	0.0003	0.0031	0.0530	0.0200	0.0236	0.0465	0.0000
000673	A	0.000551	0.061575	0.107185	0.0001	0.0021	0.0500	0.0160	0.0191	0.0438	0.0000
000674	A	0.000153	0.040579	0.107078	0.0002	0.0019	0.0510	0.0160	0.0156	0.0426	0.0000
000675	P	0.000028	0.028184	0.106836	0.0001	0.0020	0.0490	0.0170	0.0131	0.0423	0.0000
000676	I	0.000020	0.015619	0.108374	0.0001	0.0021	0.0480	0.0170	0.0110	0.0432	0.0000
000677	L	0.000009	0.010696	0.110206	0.0001	0.0017	0.0490	0.0180	0.0103	0.0443	0.0000
000678	C	0.000009	0.007529	0.111994	0.0001	0.0021	0.0470	0.0170	0.0094	0.0450	0.0000
000679	L	0.000009	0.005090	0.114836	0.0001	0.0019	0.0460	0.0170	0.0088	0.0462	0.0000
000680	F	0.000010	0.004230	0.117756	0.0001	0.0018	0.0460	0.0160	0.0088	0.0475	0.0000
000681	W	0.000009	0.003998	0.121869	0.0001	0.0015	0.0480	0.0150	0.0089	0.0492	0.0000
000682	L	0.000010	0.004264	0.125178	0.0001	0.0017	0.0460	0.0140	0.0087	0.0503	0.0000
000683	Y	0.000010	0.005253	0.128945	0.0001	0.0021	0.0470	0.0130	0.0090	0.0517	0.0000
000684	F	0.000009	0.008122	0.132186	0.0001	0.0026	0.0440	0.0110	0.0092	0.0526	0.0000
000685	F	0.000008	0.011583	0.135074	0.0001	0.0026	0.0460	0.0130	0.0101	0.0535	0.0000
000686	S	0.000007	0.017784	0.137793	0.0001	0.0025	0.0440	0.0140	0.0106	0.0541	0.0000
000687	F	0.000006	0.032998	0.140775	0.0001	0.0025	0.0480	0.0170	0.0140	0.0550	0.0000
000688	L	0.000008	0.055078	0.142753	0.0001	0.0023	0.0540	0.0170	0.0186	0.0562	0.0001
000689	R	0.000011	0.082047	0.145091	0.0001	0.0032	0.0640	0.0190	0.0249	0.0591	0.0001
000690	L	0.000038	0.114694	0.148439	0.0001	0.0028	0.0800	0.0250	0.0330	0.0650	0.0002
000691	G	0.000077	0.166661	0.151717	0.0001	0.0032	0.0980	0.0320	0.0447	0.0762	0.0003
000692	M	0.000125	0.187219	0.154642	0.0001	0.0035	0.1220	0.0470	0.0521	0.0830	0.0004
000693	K	0.000169	0.199592	0.157001	0.0001	0.0035	0.1250	0.0550	0.0547	0.0866	0.0006
000694	A	0.000226	0.195380	0.159062	0.0001	0.0036	0.1230	0.0510	0.0537	0.0858	0.0009
000695	P	0.000283	0.174932	0.161775	0.0001	0.0039	0.1040	0.0360	0.0472	0.0806	0.0011
000696	A	0.000327	0.127584	0.164581	0.0001	0.0057	0.1000	0.0340	0.0389	0.0724	0.0014
000697	T	0.000351	0.098371	0.168048	0.0001	0.0044	0.0870	0.0290	0.0317	0.0693	0.0016
000698	L	0.000364	0.069943	0.171483	0.0001	0.0047	0.0790	0.0250	0.0257	0.0680	0.0018
000699	F	0.000352	0.047109	0.174785	0.0001	0.0050	0.0790	0.0260	0.0219	0.0689	0.0020
000700	T	0.000324	0.033496	0.178764	0.0001	0.0037	0.0830	0.0310	0.0201	0.0711	0.0022
000701	F	0.000287	0.024459	0.182072	0.0001	0.0037	0.0920	0.0370	0.0200	0.0736	0.0024
000702	L	0.000245	0.018794	0.184679	0.0001	0.0033	0.0950	0.0350	0.0195	0.0752	0.0025
000703	V	0.000189	0.012738	0.187809	0.0001	0.0038	0.1030	0.0370	0.0200	0.0776	0.0027
000704	L	0.000134	0.010325	0.189362	0.0001	0.0039	0.1080	0.0380	0.0204	0.0790	0.0030
000705	L	0.000091	0.010063	0.192497	0.0001	0.0033	0.1090	0.0360	0.0204	0.0803	0.0035
000706	L	0.000065	0.010127	0.194250	0.0001	0.0021	0.1120	0.0370	0.0208	0.0814	0.0039
000707	T	0.000049	0.011201	0.197082	0.0001	0.0024	0.1220	0.0430	0.0226	0.0835	0.0044
000708	I	0.000033	0.012009	0.199630	0.0001	0.0017	0.1310	0.0500	0.0241	0.0856	0.0047
000709	L	0.000022	0.013465	0.202695	0.0001	0.0015	0.1300	0.0480	0.0242	0.0865	0.0051
000710	V	0.000013	0.013591	0.205461	0.0001	0.0023	0.1190	0.0390	0.0224	0.0859	0.0055
000711	C	0.000013	0.013924	0.209690	0.0001	0.0023	0.1120	0.0390	0.0214	0.0866	0.0056
000712	L	0.000015	0.017310	0.215770	0.0001	0.0025	0.1040	0.0400	0.0206	0.0877	0.0064
000713	A	0.000019	0.021304	0.225137	0.0001	0.0034	0.0930	0.0370	0.0197	0.0901	0.0073
000714	H	0.000018	0.027667	0.236935	0.0001	0.0044	0.0870	0.0340	0.0199	0.0937	0.0085
000715	T	0.000017	0.037700	0.250480	0.0002	0.0045	0.0870	0.0300	0.0216	0.0985	0.0098
000716	C	0.000016	0.057250	0.270912	0.0005	0.0062	0.0990	0.0390	0.0271	0.1059	0.0107
000717	F	0.000017	0.074802	0.287836	0.0006	0.0061	0.1170	0.0510	0.0330	0.1129	0.0129
000718	G	0.000031	0.106377	0.303033	0.0007	0.0060	0.1340	0.0610	0.0411	0.1197	0.0159
000719	C	0.000075	0.129710	0.322163	0.0007	0.0085	0.1620	0.0710	0.0503	0.1288	0.0193
000720	F	0.000117	0.153604	0.339280	0.0013	0.0136	0.1990	0.0800	0.0612	0.1380	0.0253
000721	K	0.000220	0.185483	0.349821	0.0040	0.0227	0.2300	0.0990	0.0737	0.1449	0.0348
000722	H	0.000776	0.200415	0.357885	0.0118	0.0518	0.2720	0.1110	0.0894	0.1488	0.0481
000723	L	0.001102	0.233473	0.369678	0.0286	0.0734	0.3180	0.1160	0.1091	0.1563	0.0633
000724	S	0.001827	0.275770	0.382311	0.0425	0.0929	0.3360	0.1210	0.1249	0.1616	0.0822
000725	P	0.002687	0.337234	0.395414	0.0414	0.1028	0.3870	0.1500	0.1452	0.1784	0.1041
000726	L	0.009231	0.434725	0.410524	0.0441	0.1007	0.5010	0.1860	0.1817	0.2136	0.1295
000727	N	0.024992	0.528685	0.426616	0.1060	0.1731	0.5830	0.1650	0.2360	0.2265	0.1579
000728	Y	0.077547	0.601630	0.445004	0.1921	0.2849	0.7050	0.1390	0.3102	0.2337	0.1843
000729	K	0.138730	0.680290	0.463424	0.1921	0.3087	0.7020	0.1480	0.3370	0.2340	0.2128
000730	T	0.199022	0.735529	0.481520	0.3225	0.3740	0.7550	0.1380	0.3977	0.2216	0.2464
000731	E	0.254464	0.762419	0.497243	0.4458	0.5254	0.7680	0.1430	0.4593	0.1979	0.2716
000732	E	0.310142	0.765181	0.513555	0.4333	0.4864	0.7600	0.1460	0.4591	0.1874	0.2896
000733	P	0.382425	0.772769	0.531651	0.4703	0.4901	0.6970	0.1490	0.4687	0.1614	0.3044
000734	A	0.463414	0.772183	0.553185	0.5331	0.5456	0.6500	0.1790	0.4941	0.1356	0.3188
000735	S	0.556877	0.776680	0.575005	0.5374	0.5901	0.5720	0.1750	0.5055	0.1249	0.3358
000736	D	0.645821	0.784568	0.595496	0.4918	0.5901	0.5390	0.2010	0.5086	0.1357	0.3512
000737	K	0.699543	0.800718	0.615508	0.5992	0.7505	0.4720	0.2050	0.5536	0.1493	0.3619
000738	G	0.733151	0.803861	0.632936	0.6293	0.5707	0.4570	0.1600	0.5324	0.1531	0.3745
000739	S	0.764980	0.771815	0.649786	0.7317	0.7250	0.4550	0.1350	0.5748	0.1539	0.3907
000740	E	0.801204	0.775127	0.667347	0.6870	0.7547	0.4890	0.0980	0.5846	0.1520	0.4041
000741	A	0.838611	0.764544	0.684211	0.6944	0.6136	0.4480	0.1030	0.5599	0.1676	0.4142
000742	E	0.854834	0.762869	0.697917	0.7111	0.4979	0.4300	0.1300	0.5427	0.1885	0.4246
000743	A	0.858038	0.755274	0.710153	0.6474	0.5055	0.4460	0.1510	0.5354	0.1845	0.4321
000744	H	0.849218	0.749416	0.719790	0.5846	0.4831	0.3880	0.1480	0.5090	0.1997	0.4214
000745	M	0.835686	0.744647	0.723135	0.6442	0.4292	0.3820	0.1460	0.5060	0.2054	0.4132
000746	P	0.813623	0.738420	0.721350	0.6474	0.3529	0.3900	0.1460	0.4904	0.2133	0.4076
000747	P	0.782226	0.713782	0.714322	0.5900	0.3494	0.4100	0.1680	0.4742	0.2013	0.4001
000748	P	0.764645	0.702364	0.704358	0.5473	0.3494	0.3660	0.1760	0.4549	0.2029	0.3943
000749	F	0.747064	0.686455	0.698896	0.5549	0.2680	0.3690	0.1570	0.4376	0.2134	0.3909
000750	T	0.705969	0.657475	0.690128	0.5623	0.2364	0.3420	0.1290	0.4173	0.2140	0.3902
000751	P	0.684031	0.654969	0.684979	0.5008	0.2094	0.3370	0.1280	0.3977	0.2162	0.3883
000752	Y	0.665183	0.631497	0.678459	0.5043	0.2715	0.3570	0.1520	0.4049	0.1932	0.3859
000753	V	0.611131	0.594908	0.673217	0.4967	0.2575	0.3410	0.1400	0.3836	0.1875	0.3842
000754	P	0.550980	0.621372	0.662226	0.5374	0.2988	0.3210	0.1160	0.3883	0.1782	0.3833
000755	R	0.497759	0.602365	0.659706	0.5473	0.2645	0.3440	0.1010	0.3761	0.1776	0.3818
000756	I	0.540470	0.577437	0.652898	0.5762	0.2224	0.3900	0.1000	0.3843	0.1811	0.3802
000757	L	0.572624	0.573289	0.639997	0.5296	0.1942	0.3940	0.1090	0.3774	0.1837	0.3786
000758	N	0.599079	0.604774	0.629507	0.4420	0.1942	0.4000	0.0980	0.3733	0.1860	0.3811
000759	G	0.650685	0.642178	0.623345	0.4245	0.1791	0.4150	0.0930	0.3852	0.1992	0.3790
000760	L	0.690707	0.656778	0.616692	0.5126	0.3019	0.4200	0.1100	0.4304	0.1718	0.3767
000761	A	0.726270	0.652909	0.609030	0.5173	0.3087	0.3990	0.1290	0.4341	0.1769	0.3761
000762	S	0.795092	0.653001	0.607168	0.4967	0.2918	0.4150	0.1150	0.4419	0.1927	0.3734
000763	E	0.872903	0.668155	0.607249	0.5549	0.4017	0.4480	0.0890	0.4909	0.1848	0.3724
000764	R	0.952225	0.678169	0.607058	0.6079	0.4831	0.5010	0.0980	0.5371	0.1855	0.3741
000765	T	0.956464	0.689336	0.599674	0.5802	0.4582	0.5320	0.1140	0.5361	0.1881	0.3761
000766	A	0.958756	0.703239	0.593858	0.5802	0.3494	0.5820	0.1070	0.5289	0.2070	0.3773
000767	L	0.966542	0.715598	0.587698	0.6293	0.4441	0.6380	0.1080	0.5655	0.1861	0.3793
000768	S	0.971408	0.718370	0.580401	0.5992	0.4979	0.6100	0.1320	0.5661	0.1804	0.3843
000769	P	0.965823	0.720584	0.576034	0.5941	0.3983	0.6270	0.1200	0.5510	0.1968	0.3886
000770	Q	0.970067	0.734887	0.575099	0.5549	0.3983	0.6930	0.0880	0.5585	0.2019	0.3914
000771	Q	0.972798	0.729088	0.573113	0.5374	0.5017	0.7590	0.1060	0.5833	0.1882	0.3920
000772	Q	0.972638	0.721810	0.571775	0.5762	0.4476	0.7750	0.1290	0.5821	0.1946	0.3926
000773	Q	0.969442	0.722038	0.574139	0.5762	0.4507	0.6840	0.1730	0.5670	0.1885	0.3924
000774	Q	0.968852	0.709037	0.575017	0.4967	0.4256	0.6600	0.1660	0.5433	0.1996	0.3923
000775	Q	0.969304	0.698583	0.575031	0.4879	0.4256	0.6660	0.1590	0.5413	0.2004	0.3912
000776	T	0.968879	0.694112	0.576932	0.4879	0.3356	0.6430	0.1590	0.5216	0.2173	0.3898
000777	Y	0.959259	0.672594	0.579792	0.5043	0.4017	0.6020	0.1700	0.5233	0.1987	0.3881
000778	G	0.943836	0.632346	0.578841	0.5043	0.4864	0.5470	0.1690	0.5190	0.1821	0.3852
000779	A	0.921779	0.592895	0.580662	0.5374	0.5055	0.5270	0.1660	0.5141	0.1720	0.3796
000780	I	0.897046	0.613527	0.576898	0.5084	0.3704	0.5200	0.1700	0.4850	0.1869	0.3779
000781	H	0.879585	0.600144	0.570301	0.5008	0.2951	0.4940	0.1890	0.4616	0.1983	0.3807
000782	N	0.861719	0.568533	0.560826	0.4078	0.2575	0.5240	0.1850	0.4366	0.2058	0.3858
000783	I	0.841215	0.606186	0.564092	0.3491	0.2575	0.5090	0.1490	0.4272	0.2097	0.3885
000784	S	0.832157	0.636009	0.567218	0.3146	0.2436	0.4660	0.1240	0.4153	0.2190	0.3948
000785	G	0.826366	0.621643	0.573172	0.3053	0.2064	0.4850	0.1220	0.4075	0.2257	0.4007
000786	T	0.826256	0.621770	0.576563	0.3053	0.2034	0.5170	0.1290	0.4123	0.2267	0.4063
000787	I	0.843975	0.647557	0.586392	0.2748	0.2002	0.5100	0.1350	0.4128	0.2398	0.4123
000788	P	0.867167	0.672432	0.601641	0.3399	0.2951	0.4440	0.1360	0.4364	0.2228	0.4202
000789	G	0.890452	0.685129	0.618091	0.3311	0.2328	0.4870	0.1010	0.4377	0.2431	0.4273
000790	Q	0.866742	0.690760	0.626022	0.3668	0.2399	0.5540	0.0700	0.4530	0.2312	0.4324
000791	C	0.845689	0.705916	0.634706	0.3762	0.3019	0.6030	0.0700	0.4722	0.2145	0.4329
000792	L	0.824985	0.711589	0.645052	0.3225	0.2783	0.6060	0.0640	0.4571	0.2264	0.4336
000793	A	0.805243	0.707432	0.645534	0.2820	0.2918	0.6150	0.0920	0.4503	0.2276	0.4336
000794	Q	0.773107	0.709201	0.643971	0.3146	0.3840	0.6720	0.0810	0.4755	0.2018	0.4337
000795	S	0.763714	0.714255	0.640625	0.3399	0.4119	0.7430	0.0790	0.4954	0.1971	0.4322
000796	A	0.749356	0.718143	0.641037	0.3399	0.3872	0.7880	0.0580	0.4970	0.2059	0.4301
000797	T	0.733960	0.722224	0.639755	0.3668	0.3774	0.8240	0.0410	0.5041	0.2066	0.4284
000798	G	0.718470	0.732420	0.638371	0.3939	0.4476	0.8980	0.0460	0.5317	0.2028	0.4256
000799	S	0.751037	0.733070	0.639516	0.3939	0.3983	0.9260	0.0350	0.5337	0.2198	0.4205
000800	V	0.783713	0.734721	0.637796	0.4379	0.3807	0.9240	0.0440	0.5435	0.2182	0.4149
000801	A	0.811256	0.741256	0.632236	0.4781	0.3460	0.9210	0.0280	0.5496	0.2222	0.4102
000802	A	0.836547	0.755251	0.625952	0.6035	0.4619	0.9410	0.0140	0.5997	0.1899	0.4058
000803	A	0.873717	0.777865	0.619039	0.6906	0.5456	0.9360	0.0230	0.6372	0.1714	0.4041
000804	P	0.908287	0.800233	0.608543	0.7540	0.5807	0.9420	0.0250	0.6642	0.1700	0.4009
000805	Q	0.865225	0.821723	0.598171	0.8001	0.5456	0.9470	0.0360	0.6633	0.1748	0.3983
000806	E	0.954314	0.843691	0.589525	0.8311	0.5382	0.9600	0.0300	0.6878	0.1923	0.3948
000807	A	0.969347	0.853275	0.583388	0.8920	0.5758	0.9480	0.0440	0.7064	0.1896	0.3934