RESNUM	RES	VL-XT	VSL2B	VL3	IUPred-S	IUPred-L	PONDRFIT	FITERROR	MDP	MDPERROR	ANCHOR2
000001	M	0.325027	0.600468	0.382910	0.1698	0.0107	0.7910	0.1530	0.3800	0.2586	0.0021
000002	K	0.253630	0.527913	0.379641	0.1266	0.0091	0.7370	0.0910	0.3389	0.2439	0.0023
000003	F	0.230450	0.467274	0.372826	0.0643	0.0100	0.6980	0.1230	0.3071	0.2365	0.0026
000004	L	0.250711	0.354314	0.365582	0.0212	0.0076	0.5790	0.1300	0.2631	0.2011	0.0029
000005	A	0.272754	0.246811	0.358262	0.0094	0.0070	0.4490	0.1370	0.2238	0.1656	0.0034
000006	V	0.263923	0.165886	0.351071	0.0028	0.0088	0.4630	0.1610	0.2092	0.1694	0.0041
000007	L	0.248075	0.106547	0.344136	0.0007	0.0094	0.4200	0.1680	0.1882	0.1610	0.0051
000008	L	0.241483	0.070900	0.337534	0.0005	0.0090	0.4750	0.1660	0.1891	0.1773	0.0061
000009	A	0.234640	0.061878	0.331343	0.0003	0.0076	0.4790	0.1350	0.1858	0.1785	0.0076
000010	A	0.220662	0.059000	0.325350	0.0002	0.0066	0.3480	0.1410	0.1599	0.1447	0.0093
000011	G	0.188338	0.057809	0.319878	0.0001	0.0060	0.3020	0.1410	0.1457	0.1323	0.0121
000012	M	0.155981	0.055677	0.314825	0.0001	0.0052	0.2630	0.0900	0.1324	0.1227	0.0152
000013	L	0.131578	0.052089	0.310235	0.0001	0.0047	0.2240	0.0480	0.1204	0.1150	0.0177
000014	A	0.096149	0.045058	0.305847	0.0001	0.0065	0.1910	0.0540	0.1074	0.1096	0.0216
000015	F	0.069312	0.036309	0.301841	0.0001	0.0067	0.1930	0.0480	0.1013	0.1104	0.0266
000016	L	0.057425	0.035963	0.297800	0.0001	0.0085	0.2010	0.0510	0.1001	0.1107	0.0312
000017	G	0.039101	0.038200	0.293583	0.0001	0.0081	0.1960	0.0590	0.0958	0.1099	0.0371
000018	A	0.019462	0.039986	0.288998	0.0003	0.0094	0.2120	0.0700	0.0950	0.1127	0.0415
000019	V	0.004916	0.043886	0.285023	0.0003	0.0111	0.2300	0.0850	0.0959	0.1162	0.0463
000020	I	0.005555	0.049393	0.283491	0.0003	0.0133	0.2570	0.1000	0.1015	0.1206	0.0503
000021	C	0.006227	0.059245	0.285662	0.0004	0.0188	0.2710	0.1000	0.1069	0.1228	0.0558
000022	I	0.042123	0.082247	0.291569	0.0004	0.0157	0.3140	0.1100	0.1244	0.1289	0.0605
000023	I	0.126560	0.117310	0.298748	0.0006	0.0198	0.4020	0.1230	0.1609	0.1449	0.0675
000024	A	0.210786	0.144432	0.307359	0.0009	0.0253	0.3690	0.0960	0.1764	0.1356	0.0798
000025	S	0.298695	0.192926	0.317450	0.0021	0.0202	0.3550	0.0800	0.1978	0.1409	0.0939
000026	V	0.393727	0.224523	0.330120	0.0042	0.0454	0.3610	0.0810	0.2265	0.1523	0.1090
000027	P	0.484097	0.267480	0.344761	0.0059	0.0734	0.3380	0.0900	0.2522	0.1646	0.1301
000028	L	0.591831	0.327519	0.361029	0.0075	0.0749	0.4260	0.1430	0.2981	0.2007	0.1483
000029	A	0.701285	0.386276	0.378875	0.0097	0.0765	0.4750	0.1720	0.3380	0.2349	0.1676
000030	A	0.811392	0.448265	0.397594	0.0194	0.1275	0.5580	0.1610	0.3937	0.2631	0.1888
000031	S	0.885965	0.491085	0.416806	0.0327	0.2129	0.6120	0.1460	0.4419	0.2736	0.2175
000032	P	0.911710	0.535077	0.436564	0.0621	0.2783	0.6100	0.1540	0.4723	0.2656	0.2461
000033	A	0.937895	0.561571	0.457300	0.1240	0.3667	0.6220	0.1560	0.5116	0.2485	0.2686
000034	R	0.960098	0.579408	0.479242	0.1766	0.3872	0.6210	0.1670	0.5340	0.2393	0.2906
000035	A	0.975239	0.607174	0.502018	0.2292	0.3910	0.6140	0.1750	0.5532	0.2305	0.3040
000036	L	0.994354	0.636108	0.525363	0.1766	0.3910	0.5790	0.1770	0.5505	0.2487	0.3161
000037	P	0.996181	0.659455	0.549062	0.2333	0.4582	0.5800	0.1900	0.5794	0.2293	0.3286
000038	G	0.996837	0.691108	0.572838	0.2041	0.3948	0.6380	0.1790	0.5830	0.2467	0.3366
000039	G	0.996841	0.719362	0.596449	0.3096	0.4441	0.6520	0.1910	0.6197	0.2163	0.3463
000040	A	0.997041	0.739652	0.619904	0.3311	0.4476	0.6450	0.1850	0.6301	0.2120	0.3576
000041	D	0.997621	0.762790	0.643576	0.3578	0.4801	0.6410	0.1630	0.6471	0.2033	0.3686
000042	N	0.997769	0.789423	0.667352	0.3311	0.5211	0.6220	0.1490	0.6548	0.2080	0.3763
000043	A	0.998276	0.812743	0.691234	0.3053	0.4864	0.6100	0.1330	0.6506	0.2224	0.3881
000044	S	0.998463	0.831243	0.714933	0.3806	0.5665	0.6100	0.1320	0.6836	0.1970	0.3997
000045	V	0.998571	0.851242	0.738733	0.3668	0.5758	0.6380	0.1080	0.6949	0.2015	0.4113
000046	A	0.998713	0.875204	0.762641	0.4333	0.6269	0.6500	0.0950	0.7245	0.1822	0.4247
000047	S	0.998855	0.894855	0.786851	0.5473	0.7289	0.6440	0.1070	0.7667	0.1502	0.4306
000048	G	0.998613	0.912687	0.810684	0.5374	0.5854	0.7150	0.0540	0.7599	0.1658	0.4194
000049	A	0.997999	0.926444	0.833372	0.5473	0.5854	0.7180	0.0610	0.7680	0.1668	0.4119
000050	A	0.997384	0.939463	0.854400	0.5043	0.5456	0.7130	0.0760	0.7590	0.1875	0.4076
000051	A	0.996481	0.951447	0.872773	0.5473	0.4979	0.7120	0.0730	0.7630	0.1921	0.4053
000052	S	0.995870	0.959656	0.888062	0.5008	0.4864	0.7260	0.0510	0.7595	0.2062	0.4066
000053	P	0.995350	0.965388	0.900234	0.4651	0.4766	0.7800	0.0440	0.7638	0.2179	0.4144
000054	G	0.994908	0.970089	0.911448	0.5253	0.4801	0.8020	0.0570	0.7806	0.2061	0.4235
000055	P	0.994360	0.975431	0.921329	0.5253	0.4801	0.7970	0.0670	0.7822	0.2078	0.4345
000056	Q	0.993884	0.978394	0.929725	0.5623	0.5533	0.8210	0.0640	0.8064	0.1843	0.4472
000057	R	0.994046	0.980611	0.935757	0.5941	0.5951	0.8200	0.0800	0.8200	0.1689	0.4585
000058	S	0.994675	0.982329	0.940044	0.5992	0.5577	0.8370	0.0880	0.8185	0.1775	0.4665
000059	L	0.995148	0.983905	0.942640	0.5992	0.5577	0.8560	0.0940	0.8224	0.1786	0.4756
000060	S	0.995441	0.984241	0.943437	0.5992	0.6482	0.8380	0.1070	0.8348	0.1583	0.4806
000061	A	0.995651	0.983612	0.943131	0.6293	0.7331	0.8450	0.1030	0.8550	0.1354	0.4861
000062	L	0.995519	0.983779	0.942228	0.6756	0.7369	0.8500	0.0920	0.8639	0.1222	0.4912
000063	H	0.995334	0.983235	0.940663	0.6944	0.6427	0.8320	0.0860	0.8481	0.1382	0.4904
000064	G	0.995501	0.982634	0.938611	0.6474	0.6427	0.8750	0.0800	0.8470	0.1479	0.4872
000065	A	0.995498	0.981899	0.935897	0.6035	0.6427	0.8750	0.0780	0.8391	0.1579	0.4850
000066	G	0.995385	0.980888	0.932950	0.6035	0.5577	0.8430	0.0710	0.8190	0.1759	0.4819
000067	G	0.995136	0.980265	0.929793	0.5711	0.5854	0.8500	0.0670	0.8187	0.1762	0.4791
000068	S	0.994948	0.979700	0.927051	0.5253	0.5419	0.8570	0.0650	0.8043	0.1965	0.4779
000069	A	0.995207	0.979105	0.925019	0.5473	0.5098	0.8690	0.0580	0.8042	0.1994	0.4797
000070	G	0.995409	0.979202	0.923797	0.5623	0.6043	0.8810	0.0650	0.8244	0.1749	0.4808
000071	P	0.995784	0.979052	0.922995	0.5331	0.5665	0.8650	0.0800	0.8104	0.1892	0.4840
000072	P	0.996307	0.979377	0.922182	0.5549	0.6227	0.8630	0.0870	0.8231	0.1722	0.4864
000073	A	0.996607	0.979050	0.921112	0.5583	0.7672	0.8920	0.0710	0.8523	0.1510	0.4890
000074	L	0.997004	0.979015	0.919904	0.5374	0.6576	0.8920	0.0750	0.8305	0.1719	0.4933
000075	P	0.997286	0.978566	0.918708	0.5549	0.7080	0.8620	0.0870	0.8366	0.1577	0.4954
000076	G	0.997518	0.978555	0.917091	0.5173	0.7881	0.8740	0.0750	0.8454	0.1622	0.4980
000077	A	0.997051	0.977087	0.914270	0.5374	0.7881	0.8040	0.1040	0.8364	0.1551	0.5028
000078	P	0.996257	0.974501	0.909996	0.5623	0.8235	0.7340	0.1050	0.8334	0.1504	0.5055
000079	A	0.990730	0.971918	0.904905	0.5583	0.7459	0.7360	0.0980	0.8180	0.1530	0.5091
000080	A	0.888387	0.969902	0.899347	0.6079	0.6661	0.6870	0.1160	0.7864	0.1373	0.5169
000081	S	0.785949	0.966981	0.893871	0.5549	0.6661	0.6500	0.1100	0.7530	0.1438	0.5301
000082	A	0.675869	0.964879	0.888339	0.4749	0.6227	0.6390	0.1380	0.7109	0.1663	0.5441
000083	H	0.565683	0.962579	0.882712	0.4513	0.4685	0.6180	0.1710	0.6580	0.1967	0.5582
000084	P	0.456133	0.958863	0.876710	0.4967	0.4292	0.5850	0.1540	0.6337	0.2079	0.5742
000085	L	0.345702	0.955479	0.870768	0.4879	0.4119	0.6400	0.1920	0.6186	0.2280	0.5912
000086	P	0.235969	0.951338	0.865618	0.4203	0.3872	0.6080	0.1810	0.5781	0.2586	0.6027
000087	P	0.126576	0.948877	0.860947	0.3146	0.4220	0.5520	0.1430	0.5374	0.2904	0.6118
000088	G	0.021598	0.944592	0.856448	0.3491	0.3774	0.5370	0.1030	0.5143	0.3140	0.6205
000089	P	0.013331	0.938393	0.851216	0.3491	0.3149	0.4930	0.1040	0.4933	0.3186	0.6326
000090	L	0.005249	0.934199	0.845746	0.3311	0.3149	0.4990	0.1010	0.4883	0.3201	0.6451
000091	F	0.004686	0.927233	0.839906	0.3311	0.3182	0.5000	0.1450	0.4869	0.3173	0.6486
000092	S	0.004400	0.922345	0.834111	0.3053	0.2292	0.5160	0.1700	0.4686	0.3269	0.6377
000093	R	0.003281	0.916972	0.827828	0.3096	0.2951	0.5870	0.1710	0.4899	0.3197	0.6241
000094	F	0.003009	0.909874	0.820469	0.2041	0.2817	0.6480	0.1810	0.4779	0.3347	0.6161
000095	L	0.002732	0.899882	0.813230	0.2167	0.2503	0.6360	0.2200	0.4698	0.3319	0.6006
000096	C	0.002407	0.891382	0.807661	0.2786	0.2951	0.6350	0.2340	0.4850	0.3171	0.5770
000097	T	0.002551	0.890648	0.803653	0.2558	0.2783	0.6340	0.2190	0.4776	0.3204	0.5661
000098	P	0.004407	0.890645	0.800065	0.2041	0.2575	0.6540	0.1840	0.4685	0.3298	0.5545
000099	L	0.005411	0.882808	0.796351	0.2209	0.2609	0.7270	0.1450	0.4823	0.3326	0.5428
000100	A	0.007205	0.882826	0.793198	0.2080	0.2470	0.7190	0.1430	0.4761	0.3339	0.5244
000101	A	0.091083	0.884906	0.790459	0.2602	0.2918	0.6890	0.1590	0.5012	0.2989	0.5054
000102	A	0.189515	0.882380	0.787386	0.3456	0.3566	0.6840	0.1420	0.5410	0.2561	0.4905
000103	C	0.299692	0.875094	0.783818	0.3096	0.3599	0.6530	0.1270	0.5468	0.2336	0.4788
000104	P	0.409999	0.880455	0.780239	0.2602	0.3356	0.6270	0.1550	0.5489	0.2301	0.4750
000105	S	0.518682	0.888369	0.777000	0.3225	0.4051	0.7080	0.1300	0.6032	0.2031	0.4710
000106	G	0.627178	0.888223	0.774346	0.3359	0.5139	0.7270	0.1140	0.6445	0.1806	0.4737
000107	A	0.726796	0.890799	0.772180	0.4149	0.6322	0.7800	0.0890	0.7028	0.1498	0.4819
000108	Q	0.823135	0.890139	0.770805	0.4513	0.6482	0.8310	0.0660	0.7358	0.1474	0.4843
000109	Q	0.917204	0.893701	0.769694	0.4245	0.5992	0.8870	0.0420	0.7485	0.1809	0.4865
000110	G	0.931248	0.896037	0.768314	0.5043	0.7250	0.9090	0.0430	0.7889	0.1481	0.4885
000111	D	0.927436	0.896627	0.766394	0.5331	0.7843	0.8920	0.0570	0.8000	0.1333	0.4947
000112	A	0.909102	0.896758	0.764041	0.5846	0.7415	0.8920	0.0550	0.7979	0.1160	0.4975
000113	A	0.890459	0.897924	0.761491	0.6293	0.7036	0.9000	0.0480	0.7972	0.1062	0.5012
000114	G	0.874669	0.894968	0.758754	0.6715	0.7369	0.8880	0.0490	0.8042	0.0861	0.5108
000115	A	0.858390	0.893836	0.755919	0.5941	0.6089	0.8650	0.0730	0.7626	0.1217	0.5212
000116	A	0.849213	0.895589	0.752640	0.5412	0.6322	0.8360	0.0820	0.7512	0.1265	0.5347
000117	P	0.845614	0.892995	0.748728	0.4967	0.6322	0.8180	0.0950	0.7390	0.1363	0.5443
000118	G	0.842961	0.892350	0.744564	0.5253	0.6851	0.8110	0.1140	0.7501	0.1206	0.5507
000119	E	0.836884	0.893809	0.740215	0.5229	0.6322	0.7980	0.1250	0.7373	0.1259	0.5609
000120	R	0.833839	0.888927	0.736767	0.5126	0.6375	0.7950	0.1140	0.7342	0.1265	0.5701
000121	E	0.833563	0.880083	0.734127	0.4918	0.6576	0.7780	0.1210	0.7293	0.1275	0.5804
000122	E	0.833445	0.887097	0.732693	0.4879	0.5493	0.7670	0.1180	0.7095	0.1446	0.5881
000123	L	0.832144	0.884013	0.731581	0.5173	0.5807	0.7950	0.1000	0.7234	0.1327	0.6052
000124	L	0.828599	0.866554	0.731199	0.4879	0.6375	0.7930	0.1120	0.7241	0.1286	0.6118
000125	L	0.825184	0.884847	0.731968	0.4825	0.6482	0.7940	0.1030	0.7278	0.1323	0.6120
000126	L	0.815823	0.892542	0.732381	0.5173	0.6531	0.7800	0.0970	0.7318	0.1207	0.6020
000127	Q	0.811205	0.896324	0.731160	0.5514	0.5992	0.7560	0.1070	0.7243	0.1182	0.5847
000128	S	0.804366	0.893364	0.729045	0.4879	0.5758	0.7770	0.0980	0.7112	0.1382	0.5748
000129	T	0.780406	0.892131	0.727244	0.4245	0.5951	0.7870	0.0960	0.7010	0.1519	0.5662
000130	A	0.757197	0.903322	0.726068	0.4037	0.5951	0.7870	0.1000	0.6954	0.1589	0.5558
000131	E	0.722164	0.901496	0.724924	0.3992	0.5665	0.7510	0.1370	0.6775	0.1579	0.5432
000132	Q	0.694654	0.905254	0.724136	0.3847	0.5419	0.7570	0.1300	0.6679	0.1654	0.5333
000133	L	0.663677	0.905912	0.723813	0.3456	0.4369	0.8080	0.0840	0.6473	0.1975	0.5254
000134	R	0.632838	0.905756	0.723885	0.3992	0.5017	0.7570	0.1180	0.6534	0.1670	0.5105
000135	Q	0.591523	0.898461	0.724177	0.3762	0.5456	0.7520	0.1090	0.6480	0.1668	0.5025
000136	T	0.546068	0.895299	0.724663	0.4149	0.6531	0.7620	0.0900	0.6660	0.1543	0.5089
000137	A	0.498942	0.893905	0.724849	0.4420	0.7505	0.8020	0.0620	0.6854	0.1617	0.5246
000138	L	0.459317	0.890284	0.725327	0.4458	0.7547	0.8440	0.0580	0.6866	0.1742	0.5380
000139	Q	0.417852	0.882720	0.726517	0.4333	0.7628	0.8200	0.0570	0.6739	0.1821	0.5357
000140	Q	0.388238	0.882530	0.729050	0.4420	0.6482	0.8560	0.0750	0.6576	0.1889	0.5361
000141	E	0.361405	0.881534	0.732286	0.4703	0.6755	0.8490	0.0810	0.6617	0.1894	0.5411
000142	A	0.341117	0.877222	0.736573	0.3885	0.6755	0.8620	0.0760	0.6468	0.2115	0.5448
000143	R	0.347946	0.876102	0.741250	0.3939	0.5620	0.8520	0.0920	0.6288	0.2090	0.5416
000144	I	0.363754	0.877762	0.745923	0.4651	0.6620	0.8520	0.1080	0.6611	0.1904	0.5477
000145	R	0.386713	0.878534	0.750098	0.4116	0.6661	0.8170	0.1310	0.6517	0.1900	0.5478
000146	A	0.416487	0.880460	0.754102	0.4149	0.6375	0.7800	0.1590	0.6473	0.1783	0.5543
000147	D	0.447012	0.881554	0.758736	0.4149	0.5382	0.7490	0.1540	0.6315	0.1742	0.5461
000148	Q	0.478720	0.879617	0.761171	0.4379	0.5665	0.7720	0.1580	0.6493	0.1639	0.5384
000149	D	0.512751	0.870957	0.762776	0.4513	0.6482	0.7680	0.1330	0.6690	0.1481	0.5361
000150	T	0.530841	0.863307	0.763084	0.4556	0.5211	0.7760	0.1360	0.6517	0.1543	0.5336
000151	I	0.547928	0.856321	0.765435	0.4513	0.5211	0.7900	0.1340	0.6553	0.1537	0.5332
000152	R	0.558558	0.849229	0.767746	0.3762	0.5017	0.7700	0.1420	0.6372	0.1695	0.5219
000153	E	0.561712	0.848351	0.769694	0.4078	0.5296	0.7170	0.1420	0.6390	0.1519	0.5196
000154	L	0.566870	0.829185	0.769190	0.4245	0.4619	0.7100	0.1610	0.6269	0.1527	0.5197
000155	T	0.563827	0.835646	0.765960	0.5084	0.5951	0.6710	0.1490	0.6567	0.1144	0.5077
000156	G	0.572955	0.837047	0.762891	0.4651	0.5901	0.7230	0.1140	0.6585	0.1267	0.5065
000157	K	0.584013	0.844912	0.760644	0.5253	0.6227	0.7130	0.1110	0.6750	0.1088	0.4972
000158	L	0.598811	0.838241	0.759805	0.5126	0.5176	0.7290	0.0870	0.6593	0.1240	0.4987
000159	G	0.620723	0.829749	0.758033	0.5229	0.5176	0.6950	0.0710	0.6574	0.1157	0.4962
000160	R	0.625173	0.818052	0.756184	0.4513	0.4979	0.7160	0.0790	0.6441	0.1335	0.4908
000161	C	0.628855	0.814417	0.752400	0.4651	0.4685	0.7100	0.0720	0.6399	0.1342	0.4972
000162	E	0.659090	0.810359	0.746457	0.5331	0.5620	0.6770	0.0790	0.6647	0.0966	0.5011
000163	S	0.675289	0.794360	0.738690	0.5084	0.6136	0.7220	0.0850	0.6753	0.0931	0.5101
000164	G	0.651308	0.802921	0.730860	0.5084	0.5807	0.7260	0.0830	0.6668	0.0991	0.5183
000165	L	0.630451	0.796197	0.722645	0.5941	0.6620	0.6990	0.0830	0.6840	0.0655	0.5229
000166	P	0.606204	0.787101	0.714946	0.5802	0.6712	0.6610	0.0850	0.6702	0.0682	0.5205
000167	R	0.568211	0.770095	0.708269	0.5667	0.6806	0.7040	0.0860	0.6663	0.0749	0.5105
000168	G	0.548286	0.784452	0.700917	0.5762	0.6620	0.7590	0.1070	0.6718	0.0872	0.5077
000169	L	0.589605	0.787151	0.691625	0.6374	0.7250	0.8130	0.0960	0.7073	0.0783	0.5096
000170	Q	0.604753	0.780166	0.681454	0.6124	0.7415	0.8110	0.0970	0.7052	0.0789	0.5085
000171	G	0.582078	0.786931	0.670842	0.5900	0.7459	0.8060	0.0960	0.6969	0.0891	0.5115
000172	A	0.578841	0.783779	0.659871	0.6557	0.8741	0.7900	0.1000	0.7238	0.1003	0.5104
000173	G	0.622255	0.781629	0.647287	0.6516	0.7595	0.8000	0.1070	0.7103	0.0715	0.5083
000174	P	0.658964	0.769195	0.635862	0.6789	0.7799	0.7870	0.1030	0.7183	0.0619	0.5103
000175	R	0.679251	0.770963	0.625293	0.5846	0.7755	0.8230	0.1070	0.7098	0.0862	0.5074
000176	R	0.708405	0.763412	0.616526	0.6474	0.8792	0.8100	0.1140	0.7374	0.0909	0.5096
000177	D	0.700796	0.756498	0.608249	0.6255	0.8235	0.8080	0.1320	0.7205	0.0833	0.5210
000178	T	0.631561	0.752856	0.601025	0.6650	0.7547	0.8070	0.1440	0.7020	0.0740	0.5367
000179	M	0.563309	0.750990	0.595156	0.6442	0.6531	0.8180	0.1360	0.6707	0.0878	0.5521
000180	A	0.532069	0.748449	0.588309	0.6412	0.6531	0.7920	0.1480	0.6592	0.0886	0.5573
000181	D	0.475018	0.734355	0.579628	0.5667	0.6531	0.7290	0.1850	0.6230	0.0927	0.5686
000182	G	0.443262	0.731198	0.566981	0.4967	0.5577	0.6900	0.2010	0.5810	0.1011	0.5788
000183	P	0.436902	0.707251	0.553617	0.5253	0.6043	0.6620	0.2100	0.5816	0.0891	0.5909
000184	W	0.421118	0.689559	0.541487	0.4420	0.6227	0.6790	0.2030	0.5659	0.1066	0.6005
000185	D	0.404443	0.666589	0.534131	0.4149	0.5493	0.5890	0.1730	0.5263	0.0926	0.6073
000186	S	0.394274	0.649988	0.530589	0.4379	0.4901	0.5750	0.1740	0.5129	0.0848	0.6107
000187	P	0.385298	0.626106	0.528989	0.4203	0.4864	0.5100	0.1440	0.4929	0.0777	0.6133
000188	A	0.381618	0.628194	0.526253	0.3535	0.4507	0.4480	0.1330	0.4646	0.0915	0.6110
000189	L	0.362524	0.626880	0.525069	0.3311	0.3740	0.3940	0.1340	0.4357	0.1051	0.6101
000190	I	0.349726	0.627019	0.525166	0.3263	0.3840	0.3850	0.1240	0.4329	0.1073	0.6029
000191	L	0.315396	0.634156	0.526336	0.2786	0.4186	0.3480	0.1120	0.4202	0.1247	0.5966
000192	E	0.259054	0.654282	0.527584	0.2558	0.3983	0.3300	0.1180	0.4042	0.1451	0.5900
000193	L	0.226527	0.668061	0.528614	0.2748	0.3182	0.3360	0.1200	0.3920	0.1552	0.5799
000194	E	0.194510	0.652456	0.529642	0.2209	0.2988	0.3210	0.1100	0.3696	0.1662	0.5624
000195	D	0.173678	0.653609	0.530587	0.2255	0.3807	0.3120	0.0920	0.3794	0.1676	0.5501
000196	A	0.193091	0.660361	0.532592	0.2333	0.2988	0.3040	0.0750	0.3703	0.1684	0.5391
000197	V	0.211984	0.624159	0.534701	0.2167	0.3117	0.2850	0.0620	0.3641	0.1584	0.5261
000198	R	0.248510	0.626101	0.535895	0.1178	0.2817	0.2890	0.0460	0.3499	0.1748	0.5127
000199	A	0.264507	0.623062	0.537488	0.1380	0.3149	0.2890	0.0520	0.3612	0.1664	0.5040
000200	L	0.278063	0.635458	0.540495	0.2080	0.3117	0.2670	0.0520	0.3735	0.1571	0.4942
000201	R	0.295658	0.627917	0.543443	0.2748	0.4220	0.2830	0.0630	0.4079	0.1371	0.4828
000202	D	0.316562	0.614105	0.546360	0.2558	0.4652	0.3150	0.0730	0.4189	0.1319	0.4761
000203	R	0.335418	0.628589	0.549351	0.2786	0.4476	0.3720	0.0640	0.4352	0.1218	0.4695
000204	I	0.355349	0.630567	0.553391	0.3263	0.4541	0.4090	0.0710	0.4548	0.1073	0.4645
000205	D	0.339850	0.623059	0.556804	0.3096	0.4507	0.3440	0.0840	0.4374	0.1179	0.4620
000206	R	0.324870	0.629338	0.559486	0.2385	0.3667	0.3770	0.0840	0.4159	0.1353	0.4566
000207	L	0.301122	0.631206	0.560144	0.2657	0.3872	0.3390	0.0640	0.4141	0.1351	0.4535
000208	E	0.319050	0.612956	0.558639	0.2531	0.4220	0.3250	0.0460	0.4151	0.1313	0.4497
000209	Q	0.354382	0.611375	0.556922	0.2748	0.4051	0.3350	0.0500	0.4229	0.1212	0.4472
000210	E	0.400780	0.603274	0.557379	0.2700	0.4619	0.3480	0.0680	0.4402	0.1154	0.4450
000211	L	0.453526	0.592399	0.561060	0.3146	0.5055	0.3400	0.0870	0.4611	0.1044	0.4437
000212	P	0.516524	0.568140	0.567474	0.3630	0.5493	0.2970	0.0900	0.4770	0.1069	0.4427
000213	A	0.580541	0.560772	0.574712	0.3146	0.4652	0.3130	0.0920	0.4681	0.1157	0.4411
000214	R	0.662351	0.550523	0.581952	0.3668	0.4685	0.3190	0.1050	0.4915	0.1203	0.4392
000215	V	0.746567	0.582529	0.587164	0.3806	0.5296	0.3440	0.1120	0.5285	0.1352	0.4371
000216	N	0.824909	0.568447	0.591141	0.3668	0.4476	0.3480	0.1190	0.5245	0.1625	0.4355
000217	L	0.886021	0.567108	0.594260	0.3491	0.4864	0.4020	0.1250	0.5474	0.1739	0.4342
000218	S	0.928321	0.562262	0.595664	0.3630	0.5758	0.3750	0.1210	0.5667	0.1871	0.4325
000219	A	0.952270	0.560906	0.596485	0.3847	0.5620	0.3770	0.1180	0.5722	0.1909	0.4314
000220	A	0.969086	0.582226	0.594150	0.3717	0.4685	0.3630	0.1080	0.5581	0.2048	0.4308
000221	P	0.978272	0.594520	0.591641	0.3668	0.4685	0.3740	0.0940	0.5623	0.2072	0.4299
000222	A	0.983702	0.591971	0.588802	0.3717	0.5456	0.3960	0.1050	0.5797	0.2007	0.4286
000223	P	0.983993	0.594808	0.588170	0.3535	0.5017	0.3710	0.0990	0.5656	0.2095	0.4279
000224	V	0.981878	0.593093	0.589809	0.3885	0.4979	0.3630	0.1130	0.5690	0.2048	0.4291
000225	S	0.971337	0.592629	0.593223	0.3992	0.5176	0.3360	0.0840	0.5683	0.2037	0.4310
000226	A	0.963759	0.588625	0.597716	0.4282	0.6043	0.3200	0.0880	0.5837	0.1995	0.4313
000227	V	0.957271	0.592848	0.602467	0.4379	0.5017	0.2820	0.0770	0.5624	0.2066	0.4341
000228	P	0.921885	0.591139	0.607214	0.5173	0.5992	0.2410	0.0700	0.5796	0.1987	0.4382
000229	T	0.866535	0.582392	0.612479	0.4333	0.6043	0.2500	0.0790	0.5582	0.1876	0.4438
000230	G	0.787195	0.588371	0.618257	0.4703	0.6482	0.2580	0.0940	0.5617	0.1648	0.4489
000231	L	0.722236	0.598926	0.624270	0.5043	0.5854	0.2510	0.0890	0.5477	0.1474	0.4541
000232	H	0.636889	0.608274	0.630564	0.4749	0.4619	0.2320	0.0580	0.5075	0.1420	0.4562
000233	S	0.541714	0.620546	0.636871	0.4420	0.4652	0.2610	0.0560	0.4945	0.1269	0.4555
000234	K	0.460351	0.634065	0.643771	0.3399	0.4409	0.2700	0.0610	0.4649	0.1383	0.4556
000235	M	0.363647	0.647383	0.651028	0.3939	0.4441	0.3010	0.0770	0.4668	0.1357	0.4569
000236	D	0.296683	0.657539	0.657413	0.3939	0.3774	0.3200	0.0990	0.4505	0.1499	0.4563
000237	Q	0.233540	0.660085	0.663258	0.3668	0.3740	0.3330	0.0920	0.4385	0.1643	0.4573
000238	L	0.238928	0.665265	0.669221	0.3717	0.3667	0.3190	0.0720	0.4385	0.1675	0.4590
000239	E	0.293423	0.665274	0.676711	0.3184	0.3460	0.2860	0.0710	0.4310	0.1708	0.4600
000240	G	0.330634	0.666196	0.682841	0.2432	0.3356	0.2780	0.0590	0.4227	0.1809	0.4614
000241	Q	0.390359	0.646352	0.687949	0.2432	0.3460	0.2800	0.0640	0.4323	0.1729	0.4624
000242	L	0.456001	0.646212	0.691838	0.3263	0.4149	0.2830	0.0530	0.4697	0.1523	0.4640
000243	L	0.514030	0.613416	0.696483	0.3225	0.3460	0.2630	0.0600	0.4593	0.1597	0.4636
000244	A	0.578864	0.599141	0.702214	0.3146	0.3215	0.2550	0.0630	0.4619	0.1705	0.4634
000245	Q	0.621290	0.604322	0.708438	0.2531	0.2541	0.2590	0.0680	0.4500	0.1974	0.4629
000246	V	0.652266	0.626234	0.715426	0.2657	0.2783	0.2820	0.0780	0.4699	0.1966	0.4623
000247	L	0.654287	0.670719	0.721593	0.1805	0.2752	0.2880	0.0870	0.4650	0.2208	0.4623
000248	A	0.631468	0.688273	0.728159	0.1805	0.2645	0.3070	0.1010	0.4666	0.2210	0.4618
000249	L	0.621237	0.701183	0.735588	0.2700	0.3321	0.3520	0.1120	0.5020	0.1887	0.4588
000250	E	0.615023	0.740590	0.745028	0.2700	0.3149	0.3650	0.1110	0.5085	0.1983	0.4556
000251	K	0.613412	0.760280	0.755597	0.2748	0.3117	0.4040	0.0960	0.5199	0.1996	0.4538
000252	E	0.623659	0.782306	0.765331	0.2531	0.3117	0.4440	0.0980	0.5300	0.2080	0.4527
000253	R	0.640517	0.795068	0.773690	0.3005	0.3740	0.5440	0.1040	0.5713	0.1866	0.4485
000254	V	0.655850	0.797974	0.781091	0.3668	0.4541	0.5840	0.1160	0.6067	0.1585	0.4465
000255	A	0.720282	0.820098	0.788370	0.3806	0.4940	0.5910	0.1070	0.6324	0.1589	0.4448
000256	L	0.762536	0.830438	0.794870	0.3717	0.4186	0.5940	0.0790	0.6287	0.1815	0.4426
000257	S	0.806669	0.843443	0.800080	0.4333	0.4940	0.5790	0.0760	0.6594	0.1635	0.4384
000258	H	0.828849	0.849102	0.803160	0.4379	0.5707	0.6360	0.0660	0.6877	0.1517	0.4362
000259	S	0.835741	0.861192	0.804875	0.4651	0.6227	0.6360	0.0920	0.7043	0.1417	0.4342
000260	S	0.843931	0.870342	0.804630	0.5331	0.6136	0.7310	0.0850	0.7328	0.1228	0.4336
000261	R	0.844188	0.873672	0.804564	0.5331	0.6183	0.7860	0.0680	0.7433	0.1242	0.4334
000262	R	0.844947	0.877832	0.803986	0.4703	0.5419	0.8220	0.0690	0.7268	0.1590	0.4322
000263	Q	0.837668	0.878703	0.803889	0.4703	0.4476	0.8080	0.0840	0.7077	0.1777	0.4308
000264	R	0.814575	0.876693	0.801845	0.4149	0.4582	0.8110	0.0880	0.6961	0.1856	0.4294
000265	Q	0.798427	0.867692	0.798322	0.4245	0.5254	0.8250	0.0770	0.7065	0.1679	0.4273
000266	E	0.784432	0.854117	0.792239	0.4600	0.5493	0.8230	0.0930	0.7105	0.1495	0.4251
000267	V	0.781164	0.839705	0.784903	0.5374	0.5577	0.8210	0.1020	0.7203	0.1239	0.4234
000268	E	0.789857	0.813195	0.774770	0.5253	0.5296	0.7380	0.1340	0.6951	0.1206	0.4219
000269	K	0.794636	0.790958	0.762052	0.4556	0.5342	0.6540	0.1510	0.6652	0.1311	0.4213
000270	E	0.797823	0.741743	0.746060	0.4245	0.4507	0.5420	0.1650	0.6172	0.1501	0.4215
000271	L	0.800501	0.709996	0.727516	0.4149	0.4652	0.4970	0.1400	0.6024	0.1481	0.4227
000272	D	0.805388	0.642612	0.707203	0.3630	0.4766	0.4400	0.1160	0.5724	0.1570	0.4223
000273	V	0.812198	0.607631	0.685602	0.3806	0.4831	0.4590	0.1430	0.5713	0.1468	0.4219
000274	L	0.805759	0.559117	0.663687	0.3885	0.4685	0.4160	0.1600	0.5503	0.1467	0.4212
000275	Q	0.795261	0.531173	0.641479	0.4037	0.4725	0.4130	0.1580	0.5428	0.1383	0.4178
000276	G	0.794108	0.484862	0.619987	0.4078	0.4330	0.4210	0.1460	0.5268	0.1391	0.4148
000277	R	0.793235	0.519842	0.599305	0.4037	0.3321	0.4550	0.1520	0.5171	0.1494	0.4119
000278	V	0.792494	0.551885	0.579423	0.4379	0.3948	0.4230	0.1380	0.5299	0.1355	0.4099
000279	A	0.797099	0.549152	0.560211	0.3578	0.4087	0.4360	0.1320	0.5181	0.1444	0.4092
000280	E	0.785687	0.575087	0.540870	0.3630	0.4369	0.3880	0.1380	0.5150	0.1431	0.4072
000281	L	0.776411	0.584872	0.520089	0.3806	0.4330	0.3930	0.1300	0.5147	0.1372	0.4064
000282	E	0.764624	0.586703	0.497046	0.4703	0.4864	0.3860	0.1320	0.5319	0.1193	0.4034
000283	H	0.764404	0.600051	0.472453	0.4703	0.3667	0.4420	0.1320	0.5194	0.1294	0.4030
000284	G	0.741895	0.609403	0.447043	0.4879	0.4256	0.4360	0.1510	0.5246	0.1151	0.4026
000285	S	0.726845	0.569212	0.420727	0.4513	0.4119	0.4160	0.1400	0.4993	0.1153	0.4033
000286	S	0.701644	0.559721	0.393076	0.4333	0.4017	0.4090	0.1370	0.4830	0.1128	0.4082
000287	A	0.664810	0.551521	0.364826	0.3359	0.3149	0.4240	0.1450	0.4427	0.1260	0.4137
000288	Y	0.633359	0.555471	0.336512	0.3399	0.3460	0.4590	0.1410	0.4450	0.1158	0.4207
000289	S	0.576910	0.539478	0.309553	0.3096	0.3249	0.4490	0.1310	0.4182	0.1104	0.4247
000290	P	0.519187	0.556262	0.283344	0.3491	0.3460	0.4270	0.1410	0.4134	0.0978	0.4307
000291	P	0.463003	0.529686	0.258181	0.2602	0.3426	0.4210	0.1140	0.3791	0.1013	0.4296
000292	D	0.384547	0.495988	0.232520	0.3225	0.4330	0.3840	0.1300	0.3754	0.0829	0.4228
000293	A	0.326287	0.434565	0.207669	0.3146	0.3356	0.3350	0.1190	0.3256	0.0659	0.4147
000294	F	0.256096	0.407212	0.182870	0.3053	0.2988	0.2700	0.0950	0.2867	0.0671	0.4076
000295	K	0.201654	0.332576	0.160061	0.2080	0.2164	0.2260	0.0790	0.2240	0.0527	0.4020
000296	I	0.174918	0.280911	0.138200	0.1732	0.1942	0.2490	0.1200	0.2018	0.0485	0.3941
000297	S	0.158746	0.249797	0.119074	0.1060	0.1914	0.2050	0.0940	0.1716	0.0497	0.3899
000298	I	0.171200	0.212907	0.101673	0.0991	0.1611	0.1730	0.0670	0.1531	0.0406	0.3858
000299	P	0.152539	0.178703	0.088424	0.1495	0.2364	0.1120	0.0330	0.1530	0.0474	0.3862
000300	I	0.140461	0.168043	0.078448	0.1018	0.2364	0.1090	0.0340	0.1391	0.0521	0.3844
000301	R	0.229114	0.165271	0.072675	0.0884	0.1852	0.0970	0.0360	0.1396	0.0573	0.3895
000302	N	0.276774	0.170704	0.069066	0.0744	0.1070	0.0870	0.0320	0.1309	0.0734	0.3956
000303	N	0.310497	0.170799	0.066670	0.0542	0.1162	0.0810	0.0260	0.1332	0.0881	0.3983
000304	Y	0.327444	0.163796	0.064086	0.0441	0.1449	0.0750	0.0180	0.1365	0.0956	0.3996
000305	M	0.306756	0.159197	0.061073	0.0909	0.1643	0.0640	0.0130	0.1411	0.0848	0.4050
000306	Y	0.262804	0.171573	0.057381	0.0935	0.1028	0.0660	0.0130	0.1256	0.0716	0.4125
000307	A	0.232535	0.171764	0.053354	0.0991	0.1449	0.0750	0.0140	0.1294	0.0610	0.4248
000308	R	0.226888	0.183742	0.049274	0.0542	0.0835	0.0830	0.0170	0.1134	0.0674	0.4327
000309	V	0.217549	0.198439	0.045996	0.0771	0.1424	0.0800	0.0130	0.1269	0.0643	0.4267
000310	R	0.127800	0.210489	0.042604	0.0363	0.1048	0.0770	0.0160	0.0998	0.0590	0.4230
000311	K	0.079527	0.199980	0.039392	0.0621	0.1137	0.0880	0.0280	0.0971	0.0513	0.4186
000312	A	0.043706	0.208702	0.037559	0.0502	0.0948	0.0830	0.0290	0.0864	0.0585	0.4203
000313	L	0.016441	0.198084	0.036998	0.0336	0.0473	0.0720	0.0220	0.0674	0.0608	0.4249
000314	P	0.055062	0.172329	0.037214	0.0268	0.0269	0.0560	0.0130	0.0624	0.0506	0.4268
000315	E	0.053298	0.152216	0.036972	0.0268	0.0443	0.0520	0.0130	0.0609	0.0418	0.4322
000316	L	0.051100	0.127197	0.037241	0.0218	0.0531	0.0510	0.0150	0.0569	0.0333	0.4270
000317	Y	0.051223	0.090972	0.038269	0.0395	0.0870	0.0530	0.0200	0.0599	0.0212	0.4206
000318	A	0.051664	0.074230	0.040025	0.0478	0.0985	0.0560	0.0230	0.0614	0.0196	0.4131
000319	F	0.052397	0.066424	0.042040	0.0464	0.0985	0.0610	0.0190	0.0611	0.0186	0.4065
000320	T	0.053600	0.056704	0.043324	0.0723	0.1399	0.0560	0.0190	0.0703	0.0323	0.4075
000321	A	0.053710	0.056092	0.044100	0.0677	0.1476	0.0550	0.0190	0.0707	0.0351	0.4099
000322	C	0.052757	0.065017	0.045409	0.0660	0.1476	0.0660	0.0200	0.0738	0.0339	0.4111
000323	M	0.010658	0.093545	0.047852	0.0858	0.1759	0.0880	0.0370	0.0836	0.0504	0.4165
000324	W	0.009044	0.135900	0.052307	0.1292	0.2470	0.1640	0.0960	0.1230	0.0767	0.4272
000325	L	0.006611	0.213102	0.057517	0.1205	0.2258	0.1740	0.0900	0.1329	0.0801	0.4263
000326	R	0.009197	0.300848	0.063363	0.1178	0.2399	0.2250	0.1170	0.1594	0.1036	0.4048
000327	S	0.013128	0.390311	0.068466	0.1805	0.2193	0.2970	0.1450	0.1947	0.1281	0.3830
000328	R	0.015423	0.489958	0.072970	0.2963	0.3019	0.4430	0.1540	0.2700	0.1750	0.3689
000329	S	0.049080	0.538511	0.079178	0.2432	0.2364	0.5180	0.1740	0.2774	0.1917	0.3553
000330	S	0.086409	0.606494	0.087230	0.3399	0.3321	0.5710	0.1770	0.3372	0.2052	0.3421
000331	G	0.188049	0.643034	0.097078	0.2432	0.2645	0.6100	0.1900	0.3410	0.2089	0.3326
000332	T	0.293430	0.712482	0.105122	0.2786	0.3182	0.6170	0.2050	0.3875	0.2096	0.3273
000333	G	0.402340	0.740865	0.112914	0.2786	0.3872	0.5760	0.1870	0.4163	0.2012	0.3209
000334	Q	0.508063	0.752605	0.119839	0.3456	0.4330	0.5060	0.1710	0.4442	0.1906	0.3159
000335	G	0.610272	0.716569	0.128292	0.4420	0.5098	0.4970	0.1610	0.4839	0.1822	0.3130
000336	T	0.700616	0.673358	0.136282	0.5126	0.6183	0.5020	0.1570	0.5238	0.1886	0.3134
000337	P	0.764068	0.608773	0.145875	0.4781	0.6482	0.4730	0.1600	0.5196	0.1949	0.3153
000338	F	0.769128	0.565721	0.155365	0.4879	0.5419	0.4860	0.1730	0.5010	0.1815	0.3163
000339	S	0.806192	0.526461	0.164488	0.5008	0.4801	0.4230	0.1180	0.4835	0.1879	0.3127
000340	Y	0.777222	0.469805	0.172000	0.4245	0.4017	0.4690	0.1430	0.4524	0.1770	0.3109
000341	S	0.743925	0.428211	0.179183	0.3717	0.3215	0.4660	0.1690	0.4185	0.1718	0.3123
000342	V	0.696713	0.401336	0.185543	0.3146	0.3392	0.4980	0.1770	0.4059	0.1604	0.3146
000343	P	0.670345	0.357424	0.190153	0.2432	0.3053	0.4050	0.1640	0.3619	0.1548	0.3159
000344	G	0.644795	0.329708	0.192979	0.2657	0.3053	0.3530	0.1750	0.3486	0.1421	0.3199
000345	Q	0.640646	0.313709	0.195898	0.2255	0.2988	0.2970	0.1740	0.3286	0.1459	0.3248
000346	A	0.661669	0.298754	0.199432	0.2292	0.3117	0.2720	0.1620	0.3287	0.1538	0.3293
000347	N	0.713911	0.278475	0.203159	0.2255	0.3356	0.2280	0.1140	0.3307	0.1768	0.3348
000348	E	0.727194	0.276823	0.206002	0.2209	0.2680	0.1850	0.0780	0.3139	0.1876	0.3440
000349	I	0.741638	0.262787	0.208807	0.3399	0.3840	0.1750	0.0650	0.3521	0.1883	0.3553
000350	V	0.751386	0.257213	0.212003	0.3005	0.3053	0.1580	0.0560	0.3307	0.1949	0.3689
000351	L	0.771265	0.265099	0.216548	0.4116	0.3117	0.1600	0.0500	0.3560	0.2016	0.3806
000352	L	0.770194	0.286160	0.221955	0.3225	0.2328	0.1510	0.0490	0.3308	0.2037	0.3897
000353	E	0.765927	0.297346	0.226084	0.3005	0.3053	0.1480	0.0550	0.3405	0.1983	0.3991
000354	A	0.750716	0.296151	0.227999	0.1878	0.2884	0.1420	0.0560	0.3155	0.2019	0.4055
000355	G	0.731336	0.312148	0.226195	0.1878	0.2849	0.1260	0.0480	0.3114	0.1975	0.4128
000356	H	0.706734	0.325308	0.222626	0.1878	0.2129	0.1220	0.0460	0.2962	0.1932	0.4185
000357	E	0.696828	0.332652	0.217946	0.2167	0.2094	0.1170	0.0390	0.2984	0.1888	0.4289
000358	P	0.687742	0.337054	0.214105	0.1602	0.2094	0.1100	0.0350	0.2864	0.1923	0.4285
000359	M	0.689527	0.340002	0.210720	0.1266	0.1275	0.0950	0.0260	0.2649	0.2064	0.4211
000360	E	0.665316	0.325307	0.205803	0.1921	0.2193	0.0850	0.0220	0.2821	0.1851	0.4159
000361	L	0.611835	0.297541	0.198852	0.1566	0.1969	0.0780	0.0220	0.2566	0.1716	0.4102
000362	L	0.591979	0.275618	0.190519	0.2333	0.2680	0.0730	0.0210	0.2720	0.1583	0.4048
000363	I	0.581570	0.255659	0.183569	0.1998	0.2645	0.0710	0.0230	0.2594	0.1574	0.4043
000364	N	0.536117	0.251375	0.177245	0.1844	0.2470	0.0690	0.0220	0.2441	0.1439	0.4058
000365	D	0.469100	0.240320	0.171858	0.1322	0.2849	0.0690	0.0220	0.2279	0.1285	0.4030
000366	K	0.390826	0.235150	0.165847	0.1266	0.2951	0.0690	0.0210	0.2138	0.1074	0.4018
000367	V	0.312387	0.228337	0.160250	0.1322	0.2951	0.0710	0.0170	0.1999	0.0868	0.3996
000368	A	0.226978	0.232652	0.153188	0.1178	0.1881	0.0820	0.0160	0.1667	0.0552	0.4053
000369	Q	0.169471	0.251543	0.145417	0.1018	0.1611	0.1070	0.0240	0.1561	0.0496	0.4089
000370	L	0.144494	0.257928	0.137475	0.0771	0.1914	0.1240	0.0310	0.1554	0.0568	0.4098
000371	P	0.089089	0.279505	0.129794	0.0621	0.1115	0.1310	0.0390	0.1338	0.0694	0.4133
000372	L	0.023981	0.313088	0.121726	0.0991	0.1115	0.1310	0.0370	0.1334	0.0876	0.4217
000373	S	0.001358	0.341518	0.113671	0.1041	0.1070	0.1090	0.0250	0.1294	0.1026	0.4306
000374	L	0.000878	0.336031	0.106873	0.1150	0.1449	0.0980	0.0210	0.1336	0.1009	0.4319
000375	K	0.000885	0.329203	0.102565	0.0677	0.0799	0.0750	0.0140	0.1092	0.1032	0.4284
000376	D	0.000840	0.298113	0.099085	0.0526	0.0749	0.0670	0.0140	0.0988	0.0940	0.4326
000377	N	0.000850	0.231518	0.096314	0.0327	0.0799	0.0610	0.0150	0.0838	0.0730	0.4332
000378	G	0.000851	0.162949	0.093600	0.0478	0.1137	0.0500	0.0120	0.0782	0.0522	0.4316
000379	W	0.001081	0.107357	0.091547	0.0542	0.1424	0.0430	0.0120	0.0733	0.0461	0.4292
000380	H	0.001309	0.072518	0.089308	0.0490	0.1349	0.0370	0.0110	0.0641	0.0420	0.4334
000381	H	0.001719	0.048218	0.086406	0.0965	0.1323	0.0320	0.0100	0.0662	0.0435	0.4250
000382	I	0.001672	0.044834	0.082835	0.0813	0.0662	0.0290	0.0090	0.0510	0.0292	0.4203
000383	C	0.001618	0.042854	0.078910	0.0965	0.1070	0.0270	0.0090	0.0590	0.0381	0.4304
000384	I	0.001329	0.041659	0.075600	0.0567	0.0929	0.0270	0.0100	0.0492	0.0303	0.4283
000385	A	0.001257	0.051735	0.073726	0.1060	0.0851	0.0290	0.0090	0.0578	0.0351	0.4147
000386	W	0.001137	0.060333	0.073721	0.0991	0.0909	0.0460	0.0130	0.0619	0.0324	0.4051
000387	T	0.001108	0.062195	0.074593	0.0478	0.0888	0.0880	0.0340	0.0605	0.0302	0.4120
000388	T	0.000878	0.071772	0.075132	0.0526	0.0835	0.1130	0.0580	0.0662	0.0343	0.4141
000389	R	0.000703	0.094574	0.074787	0.0514	0.0929	0.1270	0.0690	0.0735	0.0397	0.4183
000390	D	0.001058	0.112139	0.074056	0.0884	0.0967	0.1080	0.0450	0.0800	0.0374	0.4137
000391	G	0.002898	0.131105	0.073320	0.1041	0.1048	0.0950	0.0340	0.0853	0.0406	0.4082
000392	L	0.012345	0.168093	0.072384	0.0660	0.1070	0.1130	0.0310	0.0898	0.0480	0.4021
000393	W	0.069673	0.200014	0.071259	0.1150	0.1643	0.1410	0.0390	0.1268	0.0473	0.3989
000394	S	0.117301	0.233961	0.070601	0.1698	0.2328	0.1710	0.0520	0.1659	0.0586	0.4150
000395	A	0.165208	0.288810	0.070490	0.2531	0.3392	0.1980	0.0660	0.2191	0.0874	0.4300
000396	Y	0.219048	0.357589	0.070566	0.2820	0.3774	0.2600	0.0960	0.2610	0.1011	0.4168
000397	Q	0.219890	0.415849	0.070298	0.3806	0.3840	0.2870	0.1140	0.2929	0.1197	0.3982
000398	D	0.220073	0.470571	0.070648	0.3762	0.3529	0.3120	0.1450	0.3005	0.1270	0.3850
000399	G	0.221106	0.543644	0.071984	0.3005	0.3182	0.3250	0.1580	0.2967	0.1405	0.3712
000400	E	0.269418	0.581984	0.074395	0.2913	0.2436	0.3370	0.1530	0.2996	0.1505	0.3605
000401	L	0.267724	0.595411	0.077824	0.2657	0.2258	0.3630	0.1560	0.2992	0.1572	0.3526
000402	Q	0.226304	0.610436	0.081545	0.1921	0.2575	0.3640	0.1300	0.2886	0.1665	0.3479
000403	G	0.200091	0.617725	0.084869	0.2700	0.2575	0.3470	0.1330	0.2961	0.1643	0.3476
000404	S	0.174510	0.601505	0.086581	0.3847	0.3392	0.3380	0.1260	0.3207	0.1632	0.3502
000405	G	0.127812	0.548098	0.087048	0.3096	0.3740	0.3290	0.1150	0.2959	0.1543	0.3587
000406	E	0.130957	0.474854	0.086921	0.3225	0.4017	0.2860	0.0890	0.2839	0.1379	0.3708
000407	N	0.139130	0.423389	0.086661	0.4651	0.5055	0.2270	0.0780	0.3079	0.1638	0.3819
000408	L	0.145729	0.370249	0.086616	0.4458	0.4087	0.1910	0.0620	0.2747	0.1387	0.3964
000409	A	0.104618	0.313828	0.086355	0.4513	0.3149	0.1590	0.0410	0.2383	0.1318	0.4147
000410	A	0.105294	0.280958	0.086232	0.3762	0.2364	0.1510	0.0430	0.2060	0.1025	0.4300
000411	W	0.091429	0.267656	0.085831	0.2913	0.1501	0.1360	0.0410	0.1704	0.0807	0.4257
000412	H	0.071976	0.240060	0.085704	0.3146	0.2224	0.1310	0.0450	0.1775	0.0880	0.4303
000413	P	0.050638	0.210749	0.085642	0.2292	0.2224	0.1140	0.0380	0.1521	0.0713	0.4321
000414	I	0.044495	0.193435	0.085697	0.2255	0.2436	0.1000	0.0340	0.1487	0.0754	0.4194
000415	K	0.041481	0.183867	0.085661	0.2333	0.2575	0.0730	0.0230	0.1458	0.0830	0.4078
000416	P	0.034205	0.175258	0.084886	0.2558	0.2715	0.0660	0.0180	0.1479	0.0925	0.3986
000417	H	0.027120	0.185172	0.083429	0.2483	0.2575	0.0620	0.0140	0.1440	0.0908	0.3858
000418	G	0.044785	0.184663	0.081775	0.2657	0.1731	0.0590	0.0080	0.1349	0.0793	0.3751
000419	I	0.047183	0.174878	0.080512	0.3399	0.2503	0.0620	0.0100	0.1592	0.1075	0.3621
000420	L	0.063374	0.183129	0.080123	0.2657	0.2783	0.0640	0.0120	0.1557	0.0918	0.3465
000421	I	0.086145	0.215958	0.080024	0.2913	0.3019	0.0750	0.0210	0.1751	0.0985	0.3340
000422	L	0.106005	0.255933	0.079900	0.3668	0.2817	0.0870	0.0280	0.1963	0.1107	0.3206
000423	G	0.120268	0.309438	0.079727	0.3630	0.2951	0.1000	0.0270	0.2112	0.1138	0.3189
000424	Q	0.140282	0.334219	0.079237	0.2333	0.2364	0.1070	0.0230	0.1884	0.0880	0.3210
000425	E	0.149097	0.367822	0.078451	0.3225	0.3249	0.1270	0.0360	0.2282	0.1131	0.3278
000426	Q	0.158439	0.381478	0.077023	0.3005	0.3426	0.1380	0.0380	0.2329	0.1137	0.3297
000427	D	0.145597	0.356517	0.075534	0.2558	0.2849	0.1620	0.0490	0.2134	0.0945	0.3305
000428	T	0.151848	0.397595	0.074817	0.2748	0.1881	0.1620	0.0520	0.2082	0.1031	0.3310
000429	L	0.150960	0.437562	0.074426	0.2292	0.1373	0.1450	0.0450	0.1957	0.1171	0.3383
000430	G	0.142820	0.423286	0.074234	0.2209	0.2064	0.1390	0.0360	0.2011	0.1104	0.3466
000431	G	0.138549	0.408485	0.073563	0.2167	0.2951	0.1310	0.0270	0.2106	0.1130	0.3561
000432	R	0.131493	0.380240	0.072028	0.2820	0.2884	0.1250	0.0370	0.2132	0.1100	0.3688
000433	F	0.118391	0.332321	0.070250	0.3762	0.3426	0.1190	0.0360	0.2265	0.1256	0.3841
000434	D	0.110775	0.270734	0.068457	0.2748	0.3529	0.1050	0.0290	0.1971	0.1066	0.3916
000435	A	0.100209	0.241924	0.067952	0.2255	0.2364	0.0860	0.0210	0.1596	0.0757	0.3906
000436	T	0.087778	0.227937	0.068344	0.2080	0.2292	0.0760	0.0190	0.1495	0.0728	0.3907
000437	Q	0.071484	0.190625	0.069727	0.1266	0.1449	0.0890	0.0380	0.1154	0.0435	0.3921
000438	A	0.054862	0.161281	0.071769	0.1178	0.0851	0.1010	0.0550	0.0987	0.0344	0.3929
000439	F	0.038313	0.156010	0.074525	0.0701	0.0909	0.0930	0.0480	0.0872	0.0357	0.4074
000440	V	0.021792	0.129575	0.077848	0.0858	0.1424	0.0710	0.0290	0.0880	0.0398	0.4110
000441	G	0.013612	0.105512	0.081568	0.0935	0.1229	0.0590	0.0150	0.0794	0.0354	0.4164
000442	D	0.005725	0.101322	0.085302	0.0813	0.0749	0.0550	0.0140	0.0673	0.0307	0.4217
000443	I	0.003393	0.094423	0.088870	0.0643	0.0780	0.0540	0.0150	0.0639	0.0303	0.4183
000444	A	0.003282	0.079524	0.091965	0.0587	0.1671	0.0450	0.0090	0.0743	0.0501	0.4175
000445	Q	0.001869	0.080375	0.094751	0.0542	0.1349	0.0420	0.0090	0.0679	0.0420	0.4239
000446	F	0.001109	0.085251	0.097694	0.0832	0.1643	0.0430	0.0100	0.0791	0.0501	0.4329
000447	N	0.000427	0.083096	0.101525	0.0643	0.1137	0.0400	0.0100	0.0672	0.0383	0.4306
000448	L	0.000420	0.085156	0.105391	0.0621	0.0631	0.0400	0.0110	0.0594	0.0333	0.4250
000449	W	0.000420	0.097821	0.108561	0.0502	0.0749	0.0400	0.0090	0.0620	0.0366	0.4191
000450	D	0.000411	0.102801	0.111034	0.0455	0.0817	0.0430	0.0100	0.0641	0.0384	0.4234
000451	H	0.000400	0.103392	0.112978	0.0723	0.1028	0.0520	0.0130	0.0739	0.0390	0.3968
000452	A	0.000385	0.107907	0.114526	0.0387	0.1070	0.0640	0.0160	0.0721	0.0421	0.3680
000453	L	0.002958	0.111255	0.115198	0.0274	0.0605	0.0740	0.0160	0.0653	0.0409	0.3377
000454	T	0.004016	0.115117	0.115155	0.0502	0.1048	0.0740	0.0160	0.0772	0.0403	0.3104
000455	P	0.005045	0.125846	0.115177	0.0395	0.1048	0.0680	0.0170	0.0764	0.0434	0.2827
000456	A	0.016925	0.132566	0.115484	0.0387	0.1184	0.0660	0.0150	0.0814	0.0435	0.2498
000457	Q	0.082677	0.131787	0.116687	0.0526	0.1323	0.0580	0.0110	0.0957	0.0330	0.2227
000458	V	0.158835	0.132834	0.118714	0.0643	0.0765	0.0580	0.0180	0.1016	0.0375	0.2021
000459	L	0.212623	0.126920	0.120813	0.0621	0.1275	0.0540	0.0220	0.1173	0.0523	0.1836
000460	G	0.306711	0.113595	0.122502	0.0526	0.1969	0.0430	0.0220	0.1393	0.0904	0.1671
000461	I	0.360261	0.105880	0.123016	0.0464	0.1349	0.0400	0.0180	0.1351	0.1069	0.1607
000462	A	0.360942	0.103778	0.123065	0.0514	0.0835	0.0350	0.0120	0.1263	0.1091	0.1576
000463	N	0.360536	0.096455	0.122914	0.0414	0.1184	0.0340	0.0110	0.1290	0.1091	0.1549
000464	C	0.360009	0.091468	0.122730	0.0455	0.1275	0.0360	0.0110	0.1305	0.1083	0.1570
000465	T	0.348524	0.099940	0.122841	0.0554	0.1399	0.0390	0.0140	0.1343	0.1021	0.1760
000466	A	0.283287	0.092819	0.123562	0.0308	0.1251	0.0480	0.0220	0.1172	0.0822	0.2001
000467	P	0.208843	0.092636	0.124754	0.0441	0.1424	0.0510	0.0200	0.1106	0.0566	0.2320
000468	L	0.157970	0.099553	0.125523	0.0455	0.0817	0.0520	0.0150	0.0937	0.0395	0.2581
000469	L	0.064639	0.102033	0.125493	0.0677	0.0817	0.0530	0.0160	0.0824	0.0246	0.2836
000470	G	0.012001	0.099196	0.124508	0.0789	0.1476	0.0560	0.0200	0.0863	0.0445	0.3073
000471	N	0.013061	0.108907	0.122998	0.0502	0.1275	0.0620	0.0230	0.0807	0.0421	0.3359
000472	V	0.016804	0.124874	0.120703	0.1018	0.1184	0.0680	0.0290	0.0917	0.0386	0.3695
000473	L	0.020599	0.133300	0.118359	0.1018	0.1373	0.0640	0.0250	0.0958	0.0416	0.4065
000474	P	0.020558	0.143092	0.116436	0.0542	0.1298	0.0540	0.0190	0.0864	0.0455	0.4242
000475	W	0.020663	0.167313	0.115414	0.0858	0.1731	0.0580	0.0180	0.1033	0.0553	0.3999
000476	E	0.019954	0.192907	0.114857	0.0813	0.1731	0.0570	0.0160	0.1065	0.0613	0.4249
000477	D	0.017144	0.191744	0.114546	0.0813	0.1942	0.0720	0.0210	0.1118	0.0642	0.4108
000478	K	0.016984	0.201934	0.114944	0.0643	0.1449	0.0770	0.0150	0.1033	0.0596	0.3748
000479	L	0.016672	0.220884	0.116447	0.1088	0.1914	0.0750	0.0140	0.1216	0.0684	0.3473
000480	V	0.012555	0.212671	0.123007	0.1495	0.1759	0.0630	0.0140	0.1229	0.0674	0.3249
000481	E	0.008163	0.228084	0.133476	0.1266	0.1881	0.0640	0.0170	0.1248	0.0731	0.3118
000482	A	0.006162	0.246342	0.148039	0.0744	0.1298	0.0850	0.0350	0.1149	0.0741	0.2957
000483	F	0.031723	0.267475	0.160934	0.1178	0.1162	0.1020	0.0450	0.1326	0.0714	0.2783
000484	G	0.048796	0.264737	0.174935	0.1266	0.1759	0.0960	0.0310	0.1478	0.0685	0.2495
000485	G	0.063687	0.269371	0.185246	0.0660	0.1501	0.1080	0.0370	0.1405	0.0721	0.2240
000486	A	0.079115	0.268906	0.193459	0.0909	0.2064	0.1250	0.0510	0.1607	0.0679	0.2038
000487	T	0.108755	0.267576	0.197157	0.0789	0.1643	0.1340	0.0530	0.1584	0.0617	0.1993
000488	K	0.147858	0.250272	0.200614	0.0723	0.1528	0.1660	0.0650	0.1650	0.0541	0.1954
000489	A	0.197344	0.257608	0.203455	0.0587	0.1323	0.1690	0.0710	0.1698	0.0624	0.1935
000490	A	0.247039	0.270071	0.206266	0.0909	0.2002	0.2720	0.1280	0.2144	0.0619	0.1893
000491	F	0.294409	0.261293	0.209341	0.1117	0.2364	0.3890	0.1110	0.2503	0.0840	0.1812
000492	D	0.319693	0.286114	0.213818	0.1322	0.1914	0.4060	0.1250	0.2582	0.0901	0.1646
000493	V	0.367708	0.352078	0.219324	0.2041	0.1942	0.4060	0.1370	0.2907	0.0866	0.1481
000494	C	0.418553	0.428123	0.225694	0.3399	0.2817	0.3880	0.1420	0.3469	0.0735	0.1309
000495	K	0.465833	0.510352	0.232432	0.3939	0.2541	0.3850	0.1430	0.3737	0.1016	0.1250
000496	G	0.543260	0.608808	0.239613	0.4458	0.2193	0.4740	0.1600	0.4218	0.1456	0.1211
000497	R	0.591742	0.707061	0.246818	0.5296	0.2224	0.5810	0.0870	0.4797	0.1814	0.1173
000498	A	0.601362	0.791519	0.254244	0.5762	0.1823	0.7040	0.0560	0.5183	0.2244	0.1120
000499	K	0.565644	0.794942	0.262211	0.6255	0.1528	0.7880	0.0480	0.5315	0.2453	0.1078
000500	A	0.969291	0.788807	0.266349	0.6944	0.1528	0.8150	0.0830	0.6144	0.2992	0.1031