RESNUM	RES	VL-XT	VSL2B	VL3	IUPred-S	IUPred-L	PONDRFIT	FITERROR	MDP	MDPERROR	ANCHOR2
000001	M	0.848371	0.876133	0.224609	0.8488	0.2884	0.9940	0.0050	0.6801	0.3041	0.3441
000002	G	0.887041	0.886648	0.222333	0.8118	0.1554	0.9900	0.0060	0.6589	0.3369	0.3386
000003	S	0.881036	0.873237	0.217750	0.6944	0.1583	0.9790	0.0140	0.6340	0.3268	0.3300
000004	A	0.773577	0.833079	0.213078	0.5583	0.1229	0.9700	0.0270	0.5784	0.3155	0.3233
000005	G	0.749850	0.770921	0.209583	0.4879	0.0734	0.9500	0.0410	0.5402	0.3149	0.3193
000006	L	0.682692	0.622226	0.208568	0.3762	0.1007	0.9330	0.0570	0.4872	0.2871	0.3199
000007	S	0.591488	0.487729	0.210089	0.2333	0.1528	0.8680	0.0640	0.4239	0.2532	0.3178
000008	R	0.504197	0.369935	0.213112	0.1998	0.2094	0.7360	0.0950	0.3721	0.1963	0.3140
000009	L	0.430794	0.268463	0.216277	0.1921	0.2364	0.6690	0.0880	0.3355	0.1679	0.3122
000010	H	0.350337	0.191856	0.219873	0.1805	0.1852	0.5500	0.1000	0.2797	0.1343	0.3172
000011	G	0.255909	0.164538	0.225391	0.1456	0.2129	0.5380	0.0870	0.2571	0.1310	0.3256
000012	L	0.173329	0.158698	0.233064	0.1205	0.1501	0.4320	0.0760	0.2112	0.1043	0.3297
000013	F	0.139056	0.164339	0.242252	0.1322	0.1501	0.3860	0.0640	0.2023	0.0898	0.3367
000014	A	0.100038	0.172493	0.250894	0.0701	0.1583	0.3470	0.0590	0.1831	0.0928	0.3480
000015	V	0.073084	0.191553	0.259692	0.0935	0.1206	0.3230	0.0780	0.1770	0.0908	0.3591
000016	Y	0.065901	0.225158	0.266167	0.0965	0.1229	0.2830	0.0890	0.1766	0.0848	0.3667
000017	K	0.055397	0.239228	0.269222	0.1041	0.1881	0.1980	0.0840	0.1757	0.0742	0.3682
000018	P	0.042910	0.251991	0.272814	0.1117	0.1942	0.1380	0.0520	0.1686	0.0801	0.3703
000019	P	0.027514	0.277727	0.279064	0.1117	0.1373	0.1160	0.0320	0.1582	0.0916	0.3743
000020	G	0.028251	0.293285	0.290778	0.1766	0.2129	0.1360	0.0590	0.1897	0.0918	0.3767
000021	L	0.028739	0.294852	0.304352	0.1205	0.1424	0.1460	0.0650	0.1728	0.0978	0.3775
000022	K	0.028089	0.320697	0.318833	0.1150	0.1501	0.1530	0.0670	0.1809	0.1065	0.3772
000023	W	0.100420	0.323794	0.333000	0.1178	0.1501	0.1740	0.0780	0.1998	0.0939	0.3789
000024	K	0.114458	0.312161	0.345358	0.2122	0.1731	0.1800	0.0720	0.2229	0.0808	0.3751
000025	H	0.123301	0.298052	0.358147	0.1732	0.2002	0.1910	0.0800	0.2240	0.0794	0.3677
000026	L	0.128782	0.295485	0.372458	0.1698	0.2575	0.1930	0.0850	0.2362	0.0820	0.3639
000027	R	0.189485	0.288043	0.388903	0.2700	0.2783	0.1710	0.0730	0.2642	0.0715	0.3650
000028	D	0.291985	0.292579	0.408610	0.2657	0.2849	0.1710	0.0730	0.2858	0.0692	0.3657
000029	T	0.370553	0.310375	0.429999	0.1698	0.2258	0.1810	0.0670	0.2813	0.0970	0.3652
000030	V	0.457410	0.331358	0.452720	0.1532	0.2034	0.1840	0.0700	0.2971	0.1247	0.3636
000031	E	0.485290	0.348788	0.474383	0.1380	0.2034	0.2010	0.0650	0.3084	0.1367	0.3630
000032	L	0.478434	0.365687	0.494953	0.2041	0.3117	0.2230	0.0800	0.3463	0.1130	0.3610
000033	Q	0.568313	0.389663	0.514652	0.1958	0.3356	0.2330	0.0970	0.3728	0.1360	0.3643
000034	L	0.604326	0.402521	0.534159	0.3311	0.4119	0.2480	0.1120	0.4221	0.1188	0.3666
000035	L	0.693988	0.420341	0.554567	0.3535	0.4409	0.2220	0.0850	0.4476	0.1486	0.3739
000036	K	0.724248	0.448112	0.574660	0.3225	0.4369	0.2080	0.0780	0.4524	0.1663	0.3853
000037	G	0.732004	0.482115	0.594090	0.4282	0.5296	0.2170	0.0890	0.4972	0.1576	0.3938
000038	L	0.750252	0.521687	0.612384	0.4203	0.5254	0.2360	0.1030	0.5110	0.1591	0.4001
000039	N	0.760658	0.558697	0.630083	0.4282	0.4507	0.2870	0.1210	0.5192	0.1523	0.4086
000040	A	0.810087	0.607677	0.647040	0.4282	0.4507	0.3500	0.1290	0.5490	0.1554	0.4161
000041	R	0.833643	0.645754	0.662011	0.4420	0.4051	0.3690	0.1240	0.5596	0.1668	0.4237
000042	K	0.835086	0.677827	0.673584	0.4513	0.3215	0.3580	0.1100	0.5528	0.1879	0.4294
000043	P	0.839220	0.681385	0.682918	0.4651	0.3249	0.3680	0.1030	0.5603	0.1866	0.4335
000044	P	0.809678	0.685894	0.690824	0.3847	0.3149	0.3870	0.1140	0.5455	0.1892	0.4326
000045	A	0.798257	0.687587	0.699362	0.3939	0.4186	0.3900	0.1360	0.5646	0.1677	0.4314
000046	P	0.774133	0.679008	0.705641	0.4781	0.4619	0.3530	0.1290	0.5753	0.1522	0.4318
000047	K	0.774322	0.670467	0.710873	0.4967	0.4725	0.3150	0.1180	0.5733	0.1590	0.4314
000048	Q	0.771129	0.641618	0.714898	0.4651	0.4725	0.2920	0.1060	0.5596	0.1651	0.4281
000049	R	0.772426	0.609985	0.717281	0.5374	0.5577	0.2670	0.0920	0.5770	0.1617	0.4245
000050	V	0.768814	0.536232	0.716132	0.5296	0.5533	0.2430	0.0820	0.5578	0.1684	0.4196
000051	R	0.756858	0.476134	0.708649	0.5514	0.6089	0.2340	0.0760	0.5560	0.1716	0.4149
000052	F	0.801235	0.436900	0.696384	0.5623	0.6043	0.2550	0.0780	0.5593	0.1766	0.4111
000053	L	0.827499	0.418749	0.680794	0.5711	0.6183	0.2590	0.0760	0.5625	0.1828	0.4092
000054	L	0.838902	0.528684	0.665398	0.5473	0.4901	0.3000	0.0970	0.5618	0.1645	0.4111
000055	G	0.843544	0.542760	0.651902	0.5253	0.4619	0.3390	0.1190	0.5608	0.1574	0.4149
000056	P	0.835813	0.572365	0.640011	0.4825	0.4149	0.3790	0.1390	0.5541	0.1540	0.4183
000057	M	0.832906	0.611562	0.628237	0.4513	0.3872	0.4650	0.1400	0.5627	0.1486	0.4201
000058	E	0.826162	0.639180	0.616184	0.3806	0.3599	0.4910	0.1510	0.5522	0.1617	0.4264
000059	G	0.824967	0.664806	0.602386	0.3717	0.3529	0.5550	0.1480	0.5619	0.1640	0.4306
000060	S	0.827709	0.672171	0.587970	0.3359	0.3494	0.6050	0.1610	0.5631	0.1740	0.4325
000061	E	0.829563	0.672440	0.571725	0.4037	0.3494	0.5920	0.2020	0.5698	0.1605	0.4284
000062	E	0.831050	0.675900	0.554912	0.4037	0.3774	0.5220	0.1960	0.5608	0.1561	0.4255
000063	K	0.831162	0.665549	0.536839	0.4078	0.4831	0.4220	0.1560	0.5577	0.1491	0.4246
000064	E	0.828926	0.647062	0.518279	0.4918	0.4476	0.3440	0.1210	0.5463	0.1551	0.4239
000065	L	0.821642	0.602251	0.498962	0.5549	0.4330	0.3520	0.1060	0.5438	0.1483	0.4273
000066	T	0.807882	0.542971	0.478717	0.4556	0.4507	0.3390	0.1020	0.5125	0.1451	0.4290
000067	L	0.791623	0.487319	0.457987	0.3456	0.4256	0.3220	0.0930	0.4717	0.1545	0.4294
000068	T	0.706161	0.435371	0.436056	0.3762	0.4940	0.2900	0.0940	0.4564	0.1282	0.4284
000069	A	0.611441	0.399440	0.413191	0.3717	0.4051	0.2730	0.0840	0.4122	0.1009	0.4301
000070	T	0.520288	0.363219	0.389421	0.3939	0.3426	0.2550	0.0640	0.3774	0.0788	0.4328
000071	S	0.431940	0.347973	0.366105	0.3225	0.2715	0.2480	0.0600	0.3314	0.0608	0.4322
000072	V	0.341061	0.336415	0.344289	0.2531	0.2609	0.2140	0.0490	0.2916	0.0511	0.4329
000073	P	0.252669	0.317063	0.323979	0.1667	0.2783	0.1660	0.0530	0.2508	0.0643	0.4328
000074	S	0.169715	0.282450	0.303754	0.1635	0.2503	0.1470	0.0410	0.2194	0.0618	0.4289
000075	F	0.091723	0.256263	0.283557	0.1732	0.1424	0.1470	0.0410	0.1824	0.0669	0.4252
000076	I	0.020078	0.222236	0.263005	0.2041	0.1791	0.1490	0.0400	0.1729	0.0769	0.4182
000077	N	0.012109	0.188416	0.244418	0.1178	0.1823	0.1430	0.0350	0.1480	0.0725	0.4155
000078	H	0.010653	0.170737	0.227931	0.1380	0.1823	0.1320	0.0350	0.1436	0.0673	0.4169
000079	P	0.006536	0.159719	0.213279	0.1380	0.1791	0.1210	0.0440	0.1363	0.0650	0.4167
000080	L	0.001519	0.132213	0.201005	0.0991	0.1501	0.0990	0.0360	0.1138	0.0610	0.4156
000081	V	0.001329	0.125085	0.190868	0.0991	0.1449	0.0730	0.0260	0.1057	0.0594	0.4076
000082	C	0.001264	0.134718	0.184306	0.0607	0.1048	0.0590	0.0210	0.0908	0.0589	0.3964
000083	G	0.001203	0.142811	0.179472	0.0935	0.1449	0.0570	0.0240	0.1032	0.0602	0.3918
000084	P	0.001151	0.138492	0.175402	0.0490	0.1275	0.0600	0.0250	0.0920	0.0598	0.3861
000085	A	0.001148	0.140661	0.170730	0.0464	0.1275	0.0700	0.0290	0.0927	0.0587	0.3828
000086	F	0.001118	0.144847	0.165646	0.0813	0.1501	0.0670	0.0270	0.1016	0.0578	0.3808
000087	A	0.001159	0.151771	0.160392	0.1322	0.2328	0.0570	0.0180	0.1226	0.0748	0.3795
000088	H	0.001309	0.171848	0.154965	0.0744	0.1914	0.0620	0.0210	0.1092	0.0682	0.3766
000089	L	0.002202	0.199957	0.148906	0.0771	0.1942	0.0820	0.0330	0.1173	0.0706	0.3671
000090	K	0.002785	0.231667	0.142234	0.0490	0.1449	0.0870	0.0400	0.1095	0.0740	0.3567
000091	V	0.002839	0.247112	0.135752	0.0789	0.2064	0.1110	0.0390	0.1303	0.0803	0.3471
000092	G	0.002848	0.275277	0.130388	0.0909	0.2645	0.1420	0.0370	0.1510	0.0952	0.3415
000093	V	0.004051	0.293600	0.125851	0.1456	0.2783	0.1590	0.0350	0.1677	0.0976	0.3379
000094	G	0.005450	0.315394	0.122312	0.1380	0.2064	0.1880	0.0450	0.1625	0.0938	0.3325
000095	H	0.007607	0.339064	0.119461	0.0789	0.1323	0.2000	0.0390	0.1461	0.1038	0.3343
000096	R	0.013367	0.361312	0.118350	0.0567	0.1028	0.1810	0.0420	0.1389	0.1122	0.3345
000097	L	0.016812	0.370546	0.117755	0.0789	0.1823	0.1590	0.0410	0.1541	0.1107	0.3351
000098	D	0.023917	0.365590	0.117435	0.0567	0.1528	0.1480	0.0420	0.1441	0.1095	0.3298
000099	A	0.024040	0.368256	0.117062	0.0542	0.1476	0.1510	0.0500	0.1437	0.1107	0.3263
000100	Q	0.025183	0.350435	0.117289	0.0621	0.2164	0.1460	0.0540	0.1530	0.1072	0.3239
000101	A	0.025583	0.314878	0.117432	0.0587	0.2164	0.1150	0.0480	0.1414	0.0977	0.3292
000102	S	0.024894	0.275946	0.117267	0.0935	0.2064	0.0870	0.0360	0.1342	0.0831	0.3339
000103	G	0.023809	0.252798	0.116517	0.0935	0.2129	0.0780	0.0340	0.1295	0.0791	0.3342
000104	V	0.022799	0.206924	0.115868	0.0858	0.2002	0.0720	0.0280	0.1172	0.0670	0.3376
000105	L	0.018047	0.178833	0.114745	0.0935	0.1399	0.0630	0.0190	0.1014	0.0519	0.3400
000106	V	0.015131	0.164698	0.113275	0.0567	0.1399	0.0560	0.0200	0.0909	0.0524	0.3357
000107	L	0.007719	0.150643	0.111389	0.0336	0.1424	0.0530	0.0190	0.0831	0.0547	0.3286
000108	G	0.007638	0.133230	0.109252	0.0587	0.1731	0.0530	0.0180	0.0891	0.0552	0.3165
000109	V	0.006417	0.127079	0.106900	0.0554	0.1070	0.0610	0.0230	0.0772	0.0409	0.3180
000110	G	0.005896	0.122063	0.105502	0.0587	0.1349	0.0600	0.0230	0.0812	0.0443	0.3200
000111	H	0.005365	0.114988	0.105352	0.0350	0.1092	0.0540	0.0200	0.0707	0.0418	0.3249
000112	G	0.005025	0.115532	0.106094	0.0455	0.1323	0.0550	0.0190	0.0767	0.0448	0.3244
000113	C	0.004010	0.117497	0.106634	0.0350	0.0835	0.0520	0.0160	0.0665	0.0400	0.3295
000114	R	0.002943	0.128969	0.108418	0.0350	0.0870	0.0510	0.0140	0.0688	0.0434	0.3463
000115	L	0.002223	0.145796	0.111918	0.0308	0.1251	0.0520	0.0150	0.0781	0.0526	0.3583
000116	L	0.001630	0.171606	0.117294	0.0514	0.1881	0.0560	0.0190	0.0977	0.0672	0.3662
000117	T	0.001790	0.179488	0.121986	0.0771	0.1643	0.0600	0.0190	0.1009	0.0615	0.3694
000118	D	0.003566	0.189531	0.126771	0.1240	0.2364	0.0730	0.0220	0.1255	0.0753	0.3791
000119	M	0.004399	0.201015	0.130858	0.0789	0.1759	0.0980	0.0340	0.1148	0.0648	0.3931
000120	Y	0.006487	0.207102	0.135254	0.1205	0.2364	0.1070	0.0380	0.1355	0.0741	0.3963
000121	N	0.006680	0.209753	0.139482	0.0884	0.2364	0.0990	0.0340	0.1300	0.0771	0.3948
000122	A	0.006572	0.234893	0.144211	0.0884	0.1643	0.1030	0.0390	0.1236	0.0705	0.3927
000123	H	0.006792	0.270670	0.150059	0.0909	0.1115	0.1050	0.0390	0.1224	0.0791	0.3955
000124	L	0.007035	0.278365	0.158311	0.1041	0.1583	0.1170	0.0430	0.1371	0.0809	0.3961
000125	T	0.007279	0.283393	0.169036	0.0660	0.1554	0.1150	0.0430	0.1327	0.0866	0.3864
000126	K	0.007087	0.297094	0.182154	0.1088	0.1942	0.1190	0.0460	0.1514	0.0891	0.3790
000127	D	0.006151	0.294580	0.196431	0.1602	0.2715	0.1170	0.0410	0.1744	0.0967	0.3744
000128	Y	0.020820	0.278069	0.210885	0.1416	0.2715	0.1050	0.0290	0.1714	0.0921	0.3754
000129	T	0.037455	0.266469	0.225038	0.1416	0.2752	0.0970	0.0260	0.1738	0.0885	0.3691
000130	V	0.056907	0.274032	0.237592	0.1635	0.2034	0.0960	0.0220	0.1719	0.0762	0.3621
000131	R	0.083530	0.278129	0.247826	0.2209	0.2918	0.1060	0.0240	0.2046	0.0813	0.3591
000132	G	0.160354	0.273644	0.254912	0.1456	0.2918	0.1380	0.0460	0.2107	0.0640	0.3590
000133	L	0.180652	0.285306	0.260027	0.1732	0.3249	0.1580	0.0630	0.2304	0.0629	0.3606
000134	L	0.201293	0.315563	0.264847	0.1844	0.3182	0.1640	0.0690	0.2413	0.0617	0.3535
000135	G	0.228180	0.340419	0.270769	0.2558	0.3983	0.1780	0.0720	0.2785	0.0724	0.3393
000136	K	0.299610	0.379889	0.276945	0.2657	0.3117	0.1820	0.0760	0.2860	0.0590	0.3303
000137	A	0.358878	0.435372	0.282784	0.2602	0.2503	0.2020	0.0740	0.2983	0.0772	0.3253
000138	T	0.408131	0.473173	0.289208	0.1958	0.2575	0.2310	0.0730	0.3092	0.0989	0.3217
000139	D	0.424140	0.481107	0.297028	0.2167	0.3426	0.2540	0.0640	0.3359	0.0925	0.3179
000140	D	0.431156	0.501718	0.305439	0.2292	0.3426	0.2780	0.0680	0.3481	0.0925	0.3185
000141	F	0.386829	0.513767	0.310925	0.2865	0.4119	0.2800	0.0840	0.3649	0.0828	0.3186
000142	R	0.391849	0.506775	0.313018	0.2820	0.3215	0.2740	0.0900	0.3481	0.0806	0.3154
000143	E	0.389808	0.516615	0.312556	0.2820	0.3286	0.2990	0.0910	0.3547	0.0799	0.3138
000144	D	0.381029	0.509780	0.311874	0.2786	0.4051	0.3310	0.1220	0.3696	0.0754	0.3098
000145	G	0.337002	0.497366	0.309881	0.3399	0.4186	0.3420	0.1350	0.3741	0.0644	0.3162
000146	R	0.325671	0.475373	0.307864	0.3456	0.4220	0.3560	0.1170	0.3722	0.0583	0.3310
000147	L	0.323930	0.473817	0.304483	0.2865	0.4256	0.3650	0.1430	0.3633	0.0671	0.3429
000148	V	0.379728	0.471787	0.301455	0.3096	0.4685	0.3220	0.1210	0.3756	0.0714	0.3478
000149	E	0.437547	0.485122	0.297366	0.3146	0.4619	0.2710	0.0950	0.3779	0.0858	0.3478
000150	K	0.490818	0.488611	0.293934	0.3359	0.3774	0.2770	0.1000	0.3772	0.0857	0.3465
000151	T	0.552106	0.480367	0.290222	0.3399	0.3774	0.2770	0.1000	0.3861	0.0999	0.3485
000152	T	0.618903	0.449791	0.286469	0.3491	0.4864	0.2870	0.1230	0.4130	0.1191	0.3506
000153	Y	0.658442	0.418990	0.281738	0.3491	0.3948	0.3060	0.1420	0.4015	0.1242	0.3579
000154	D	0.689061	0.421427	0.275570	0.3399	0.3053	0.2790	0.1350	0.3850	0.1446	0.3615
000155	H	0.691208	0.405763	0.266708	0.2700	0.2680	0.2770	0.1360	0.3631	0.1549	0.3729
000156	V	0.668405	0.396266	0.255216	0.1958	0.2094	0.2400	0.1070	0.3276	0.1659	0.3781
000157	T	0.603423	0.407787	0.241317	0.1805	0.1349	0.2020	0.0870	0.2950	0.1624	0.3809
000158	R	0.531051	0.396758	0.225906	0.1921	0.2064	0.1870	0.0740	0.2899	0.1296	0.3873
000159	E	0.465287	0.348099	0.211081	0.1698	0.2645	0.1630	0.0670	0.2704	0.1073	0.3970
000160	K	0.431812	0.323382	0.197289	0.1667	0.2470	0.1340	0.0550	0.2501	0.1013	0.4078
000161	L	0.366193	0.273177	0.185973	0.1667	0.2503	0.1160	0.0460	0.2264	0.0813	0.4214
000162	D	0.328917	0.229785	0.176584	0.1732	0.2503	0.0930	0.0300	0.2086	0.0735	0.4297
000163	R	0.290915	0.194903	0.170787	0.1844	0.2436	0.0780	0.0240	0.1938	0.0657	0.4295
000164	I	0.247224	0.171519	0.167214	0.2531	0.3019	0.0680	0.0200	0.2015	0.0760	0.4248
000165	L	0.207341	0.160297	0.164172	0.2531	0.2193	0.0660	0.0180	0.1784	0.0594	0.4208
000166	A	0.183071	0.162406	0.159724	0.2122	0.1611	0.0680	0.0160	0.1578	0.0440	0.4261
000167	V	0.166799	0.172937	0.156045	0.1958	0.1852	0.0680	0.0120	0.1574	0.0420	0.4300
000168	I	0.149420	0.188316	0.152887	0.1456	0.1162	0.0850	0.0270	0.1395	0.0323	0.4334
000169	Q	0.098912	0.204212	0.149713	0.1266	0.1137	0.0960	0.0380	0.1315	0.0371	0.4308
000170	G	0.080828	0.223483	0.145229	0.0723	0.1115	0.1040	0.0370	0.1228	0.0507	0.4297
000171	S	0.061148	0.263019	0.140619	0.0771	0.0704	0.0980	0.0320	0.1184	0.0697	0.4308
000172	H	0.043205	0.276669	0.138040	0.1292	0.1137	0.0910	0.0310	0.1320	0.0717	0.4286
000173	Q	0.024730	0.282396	0.137465	0.0789	0.0676	0.0850	0.0270	0.1127	0.0828	0.4244
000174	K	0.022793	0.294715	0.138730	0.0858	0.0662	0.0740	0.0160	0.1136	0.0878	0.4220
000175	A	0.023631	0.289636	0.140106	0.0771	0.1137	0.0750	0.0180	0.1198	0.0841	0.4212
000176	L	0.020947	0.261112	0.141815	0.1240	0.1759	0.0780	0.0200	0.1336	0.0753	0.4233
000177	V	0.019313	0.239886	0.142539	0.1416	0.2129	0.0790	0.0240	0.1393	0.0748	0.4232
000178	M	0.017394	0.231726	0.143555	0.1921	0.2470	0.0960	0.0390	0.1547	0.0799	0.4217
000179	Y	0.017029	0.219594	0.143982	0.2786	0.2503	0.1250	0.0510	0.1724	0.0883	0.4132
000180	S	0.016895	0.225111	0.143766	0.2333	0.2575	0.1330	0.0670	0.1682	0.0819	0.3979
000181	N	0.044934	0.234829	0.142246	0.1532	0.2224	0.1650	0.0850	0.1605	0.0621	0.3792
000182	L	0.074688	0.265603	0.140447	0.1532	0.2002	0.1930	0.1010	0.1712	0.0589	0.3626
000183	D	0.106219	0.318343	0.138774	0.1178	0.1449	0.2260	0.1100	0.1754	0.0746	0.3459
000184	L	0.133561	0.349312	0.137741	0.0909	0.1399	0.2510	0.1070	0.1837	0.0886	0.3307
000185	K	0.185252	0.397458	0.137313	0.0567	0.1399	0.2610	0.0840	0.1962	0.1087	0.3127
000186	T	0.264132	0.430879	0.138391	0.0771	0.1092	0.2660	0.0880	0.2143	0.1209	0.2940
000187	Q	0.340684	0.420625	0.140426	0.1240	0.1028	0.2870	0.0950	0.2358	0.1204	0.2773
000188	E	0.416611	0.378814	0.143088	0.1117	0.1449	0.2490	0.0960	0.2406	0.1193	0.2673
000189	A	0.504451	0.332064	0.145671	0.0744	0.2002	0.2110	0.0820	0.2447	0.1397	0.2588
000190	Y	0.557803	0.286842	0.147683	0.1205	0.2503	0.1660	0.0660	0.2548	0.1474	0.2556
000191	E	0.619629	0.251626	0.149434	0.1349	0.2645	0.1260	0.0640	0.2577	0.1709	0.2584
000192	M	0.683525	0.218054	0.151357	0.0991	0.2503	0.1160	0.0550	0.2530	0.1998	0.2614
000193	A	0.746488	0.198810	0.153584	0.1566	0.3249	0.1030	0.0440	0.2806	0.2193	0.2592
000194	V	0.783363	0.193590	0.155793	0.1416	0.3566	0.0950	0.0310	0.2877	0.2363	0.2583
000195	R	0.781640	0.189254	0.158293	0.2292	0.4051	0.1030	0.0280	0.3110	0.2304	0.2607
000196	G	0.786780	0.207212	0.161476	0.2531	0.3356	0.1070	0.0280	0.3086	0.2254	0.2679
000197	L	0.771635	0.241645	0.164814	0.2080	0.2503	0.1060	0.0330	0.2904	0.2206	0.2805
000198	I	0.753072	0.269765	0.167447	0.1380	0.2470	0.1030	0.0270	0.2798	0.2195	0.2871
000199	R	0.688059	0.297363	0.169991	0.0832	0.2328	0.1030	0.0290	0.2625	0.2038	0.2956
000200	P	0.603298	0.345395	0.172391	0.1060	0.1823	0.1050	0.0290	0.2524	0.1762	0.3016
000201	M	0.519080	0.377827	0.174850	0.1766	0.2609	0.1180	0.0370	0.2712	0.1382	0.3032
000202	N	0.425913	0.371078	0.176951	0.1088	0.1823	0.1090	0.0280	0.2291	0.1242	0.3019
000203	K	0.337371	0.361790	0.179017	0.1349	0.1476	0.1060	0.0290	0.2110	0.1005	0.2970
000204	S	0.259669	0.351063	0.181022	0.1041	0.1115	0.1060	0.0380	0.1856	0.0925	0.2984
000205	P	0.179575	0.305860	0.182952	0.0965	0.0888	0.0960	0.0290	0.1583	0.0768	0.2979
000206	M	0.128656	0.232919	0.185086	0.0514	0.0765	0.0920	0.0280	0.1277	0.0634	0.2988
000207	L	0.059079	0.183794	0.187164	0.0274	0.0948	0.0840	0.0220	0.1061	0.0600	0.2937
000208	I	0.040149	0.133722	0.189339	0.0387	0.1702	0.0790	0.0220	0.1084	0.0597	0.2833
000209	T	0.030169	0.092446	0.191787	0.0813	0.2645	0.0710	0.0130	0.1219	0.0804	0.2777
000210	G	0.034381	0.076239	0.195706	0.0991	0.1702	0.0730	0.0130	0.1081	0.0567	0.2692
000211	I	0.045293	0.068440	0.200618	0.0858	0.0985	0.0760	0.0160	0.0958	0.0496	0.2678
000212	R	0.052413	0.058413	0.206210	0.0621	0.0780	0.0790	0.0270	0.0894	0.0532	0.2741
000213	C	0.053931	0.055960	0.211846	0.0387	0.0780	0.0840	0.0360	0.0870	0.0578	0.2839
000214	L	0.055218	0.055476	0.217357	0.0226	0.0555	0.0970	0.0510	0.0838	0.0635	0.3031
000215	Y	0.047284	0.067581	0.222063	0.0231	0.0592	0.1080	0.0610	0.0879	0.0652	0.3176
000216	F	0.066178	0.069195	0.226671	0.0099	0.0306	0.1250	0.0660	0.0878	0.0716	0.3309
000217	A	0.083683	0.088240	0.231757	0.0144	0.0313	0.1380	0.0640	0.0979	0.0722	0.3330
000218	P	0.108798	0.098058	0.237639	0.0128	0.0506	0.1510	0.0760	0.1098	0.0720	0.3437
000219	P	0.094740	0.101307	0.243267	0.0179	0.0929	0.1500	0.0740	0.1166	0.0685	0.3576
000220	E	0.095856	0.111517	0.248893	0.0157	0.0929	0.1290	0.0500	0.1157	0.0693	0.3686
000221	F	0.100794	0.131179	0.255478	0.0173	0.0985	0.1390	0.0470	0.1237	0.0709	0.3806
000222	L	0.180256	0.144674	0.263776	0.0316	0.1501	0.1260	0.0420	0.1495	0.0689	0.3771
000223	L	0.257479	0.165274	0.272937	0.0308	0.1643	0.1370	0.0730	0.1713	0.0804	0.3639
000224	E	0.331939	0.188285	0.281969	0.0526	0.1643	0.1500	0.0950	0.1948	0.0910	0.3444
000225	V	0.382638	0.206244	0.289422	0.0965	0.2258	0.1650	0.0980	0.2275	0.0908	0.3216
000226	Q	0.420834	0.211790	0.295260	0.0965	0.3019	0.1670	0.0780	0.2489	0.1047	0.3001
000227	C	0.451618	0.230390	0.299278	0.1602	0.3286	0.1600	0.0610	0.2716	0.1025	0.2827
000228	M	0.510010	0.278236	0.303338	0.1805	0.2988	0.1740	0.0670	0.2909	0.1112	0.2788
000229	H	0.567089	0.323506	0.306554	0.1018	0.2680	0.1780	0.0660	0.2908	0.1453	0.2656
000230	E	0.624169	0.366033	0.309533	0.0526	0.2503	0.2080	0.0650	0.3018	0.1740	0.2516
000231	T	0.611843	0.446977	0.311209	0.0478	0.1643	0.2100	0.0620	0.2987	0.1867	0.2402
000232	Q	0.597847	0.516687	0.312293	0.0935	0.2575	0.1760	0.0600	0.3256	0.1788	0.2277
000233	K	0.560864	0.531161	0.312493	0.0965	0.2541	0.1460	0.0380	0.3169	0.1766	0.2242
000234	E	0.550903	0.538448	0.311700	0.1602	0.3392	0.1270	0.0300	0.3379	0.1645	0.2253
000235	L	0.554471	0.528515	0.310962	0.0935	0.2503	0.1070	0.0240	0.3075	0.1821	0.2291
000236	R	0.565171	0.473239	0.310316	0.1532	0.3053	0.0900	0.0210	0.3162	0.1656	0.2328
000237	K	0.528761	0.399652	0.310235	0.0884	0.3019	0.0820	0.0160	0.2851	0.1599	0.2372
000238	L	0.469837	0.343824	0.308178	0.1456	0.3740	0.0800	0.0150	0.2870	0.1338	0.2410
000239	V	0.410179	0.293522	0.304047	0.1732	0.3774	0.0800	0.0130	0.2731	0.1142	0.2378
000240	H	0.372769	0.262293	0.297409	0.1844	0.3182	0.0900	0.0180	0.2542	0.0930	0.2377
000241	E	0.308371	0.265252	0.290175	0.1532	0.2328	0.1090	0.0280	0.2265	0.0724	0.2387
000242	I	0.283676	0.276006	0.282585	0.1117	0.2328	0.1250	0.0420	0.2186	0.0731	0.2355
000243	G	0.239508	0.267805	0.275094	0.0744	0.2328	0.0990	0.0250	0.1981	0.0805	0.2342
000244	L	0.201568	0.257828	0.267649	0.0771	0.1791	0.1000	0.0260	0.1806	0.0721	0.2300
000245	E	0.172613	0.274453	0.260664	0.0744	0.1671	0.0990	0.0240	0.1747	0.0744	0.2250
000246	L	0.193819	0.260056	0.253737	0.0832	0.2292	0.0940	0.0250	0.1858	0.0718	0.2195
000247	K	0.238917	0.247469	0.246463	0.0858	0.2364	0.0810	0.0190	0.1893	0.0750	0.2136
000248	T	0.242317	0.239951	0.237898	0.0858	0.2436	0.0740	0.0200	0.1872	0.0761	0.2097
000249	T	0.221586	0.215772	0.228574	0.1322	0.3249	0.0760	0.0320	0.1998	0.0787	0.2040
000250	A	0.229655	0.199808	0.219209	0.1844	0.3840	0.0620	0.0240	0.2132	0.0943	0.2006
000251	V	0.224102	0.204662	0.209887	0.1878	0.2849	0.0570	0.0200	0.1947	0.0687	0.1974
000252	C	0.219115	0.235950	0.199410	0.1844	0.1791	0.0510	0.0150	0.1782	0.0601	0.1987
000253	T	0.212553	0.244929	0.186951	0.1732	0.2575	0.0640	0.0150	0.1898	0.0636	0.2087
000254	Q	0.185233	0.255796	0.172986	0.1041	0.1852	0.0800	0.0210	0.1640	0.0577	0.2180
000255	V	0.148337	0.261303	0.159029	0.1635	0.2680	0.1040	0.0340	0.1841	0.0602	0.2358
000256	R	0.100770	0.260600	0.146603	0.0991	0.2503	0.0900	0.0200	0.1578	0.0714	0.2531
000257	R	0.107279	0.252069	0.135623	0.1602	0.3019	0.0930	0.0250	0.1749	0.0766	0.2726
000258	T	0.116579	0.276614	0.125939	0.1667	0.2364	0.0930	0.0280	0.1693	0.0664	0.2979
000259	R	0.129560	0.287291	0.116022	0.1416	0.1671	0.0790	0.0230	0.1535	0.0655	0.3293
000260	D	0.162085	0.278561	0.107045	0.0991	0.1643	0.0690	0.0110	0.1467	0.0681	0.3699
000261	G	0.211465	0.278296	0.098407	0.0677	0.1881	0.0690	0.0090	0.1521	0.0793	0.4077
000262	F	0.256065	0.271795	0.090918	0.1018	0.2503	0.0750	0.0120	0.1743	0.0857	0.4226
000263	F	0.259812	0.240022	0.083832	0.1456	0.2258	0.0720	0.0080	0.1711	0.0750	0.3983
000264	T	0.254325	0.226469	0.077943	0.1495	0.2328	0.0650	0.0100	0.1677	0.0754	0.3849
000265	L	0.249213	0.214052	0.073106	0.0965	0.1611	0.0660	0.0090	0.1432	0.0704	0.3702
000266	D	0.230148	0.201322	0.068460	0.1456	0.2193	0.0630	0.0090	0.1546	0.0684	0.3634
000267	S	0.210175	0.178916	0.063752	0.0965	0.2292	0.0660	0.0140	0.1408	0.0678	0.3575
000268	A	0.186926	0.160944	0.059841	0.1018	0.1611	0.0760	0.0170	0.1244	0.0477	0.3545
000269	L	0.143981	0.159327	0.059267	0.1088	0.1643	0.0860	0.0250	0.1204	0.0388	0.3549
000270	L	0.086390	0.164993	0.062651	0.0660	0.1731	0.0940	0.0310	0.1078	0.0447	0.3650
000271	R	0.029713	0.178352	0.068353	0.0744	0.1449	0.0910	0.0290	0.0977	0.0497	0.3839
000272	T	0.020371	0.186667	0.074596	0.0723	0.0929	0.0920	0.0290	0.0899	0.0496	0.3980
000273	Q	0.018275	0.203054	0.081539	0.1117	0.1554	0.1040	0.0320	0.1123	0.0577	0.4075
000274	W	0.017938	0.201792	0.091188	0.1150	0.2224	0.1210	0.0350	0.1282	0.0684	0.4117
000275	D	0.020167	0.223725	0.103596	0.1150	0.1969	0.1320	0.0370	0.1319	0.0661	0.4186
000276	L	0.023225	0.237061	0.115334	0.1532	0.2752	0.1520	0.0490	0.1594	0.0817	0.4239
000277	T	0.029865	0.244908	0.125987	0.1322	0.2918	0.1690	0.0530	0.1657	0.0850	0.4305
000278	N	0.033384	0.260435	0.133511	0.1322	0.3019	0.1970	0.0580	0.1764	0.0890	0.4336
000279	I	0.044061	0.275342	0.141800	0.1844	0.2680	0.1880	0.0530	0.1835	0.0783	0.4320
000280	Q	0.048330	0.300175	0.150280	0.2657	0.3149	0.1860	0.0530	0.2109	0.0936	0.4316
000281	D	0.123168	0.304078	0.161723	0.2865	0.3631	0.2070	0.0620	0.2409	0.0839	0.4306
000282	A	0.202708	0.311449	0.174322	0.2700	0.3774	0.2240	0.0640	0.2600	0.0688	0.4222
000283	I	0.288685	0.337740	0.189160	0.2531	0.3019	0.2090	0.0540	0.2632	0.0521	0.4188
000284	R	0.370355	0.336599	0.206774	0.2657	0.3087	0.1760	0.0420	0.2773	0.0690	0.4164
000285	A	0.454134	0.344438	0.227616	0.2748	0.4017	0.1690	0.0460	0.3119	0.0986	0.4140
000286	A	0.541899	0.388178	0.250118	0.2865	0.3872	0.1670	0.0440	0.3369	0.1197	0.4120
000287	T	0.633233	0.405743	0.272373	0.3578	0.3910	0.1800	0.0450	0.3733	0.1396	0.4127
000288	P	0.707760	0.418425	0.294833	0.3630	0.3840	0.1840	0.0420	0.3920	0.1602	0.4107
000289	Q	0.792322	0.448962	0.317938	0.2963	0.4051	0.1900	0.0420	0.4085	0.1903	0.4115
000290	V	0.807354	0.483992	0.342545	0.3806	0.4901	0.1760	0.0470	0.4468	0.1922	0.4126
000291	A	0.799993	0.524061	0.367613	0.4037	0.4087	0.1770	0.0500	0.4469	0.1884	0.4149
000292	A	0.786844	0.561234	0.392854	0.4116	0.4119	0.1890	0.0590	0.4590	0.1823	0.4177
000293	E	0.767250	0.595511	0.417194	0.3762	0.4369	0.2110	0.0720	0.4673	0.1751	0.4216
000294	L	0.757674	0.621082	0.440639	0.4825	0.5139	0.2460	0.0850	0.5103	0.1576	0.4254
000295	E	0.734794	0.640919	0.463358	0.4879	0.5211	0.2300	0.0870	0.5129	0.1576	0.4309
000296	K	0.721985	0.657595	0.486378	0.5126	0.4685	0.2670	0.1000	0.5190	0.1459	0.4361
000297	S	0.723038	0.677316	0.510098	0.5549	0.5296	0.2780	0.1040	0.5455	0.1426	0.4406
000298	L	0.653397	0.692950	0.533785	0.5043	0.5211	0.3070	0.1050	0.5354	0.1240	0.4458
000299	S	0.588315	0.707093	0.556250	0.5008	0.5211	0.2670	0.0760	0.5235	0.1324	0.4503
000300	P	0.534201	0.726703	0.577199	0.4918	0.5176	0.2930	0.0710	0.5233	0.1282	0.4549
000301	G	0.465721	0.748115	0.596456	0.5762	0.4831	0.3920	0.0920	0.5435	0.1144	0.4580
000302	L	0.481931	0.763008	0.615296	0.6079	0.5055	0.4540	0.1150	0.5713	0.1049	0.4635
000303	D	0.472558	0.774837	0.634098	0.5667	0.4369	0.4430	0.1210	0.5547	0.1211	0.4690
000304	T	0.460614	0.789854	0.652665	0.5583	0.4369	0.4780	0.1280	0.5626	0.1246	0.4776
000305	K	0.473497	0.798904	0.668591	0.5667	0.5098	0.4570	0.1250	0.5791	0.1206	0.4880
000306	Q	0.479393	0.795183	0.681309	0.5667	0.4979	0.4420	0.1140	0.5771	0.1243	0.5037
000307	L	0.546006	0.800214	0.694279	0.5711	0.5098	0.4470	0.1030	0.5947	0.1184	0.5198
000308	P	0.601534	0.809028	0.708522	0.5941	0.5533	0.4320	0.0920	0.6164	0.1185	0.5319
000309	S	0.667061	0.820454	0.726184	0.6604	0.6427	0.5070	0.1030	0.6706	0.0942	0.5428
000310	P	0.764443	0.848747	0.743400	0.6870	0.6482	0.5210	0.0980	0.7021	0.1026	0.5584
000311	G	0.784220	0.856976	0.760513	0.6557	0.6043	0.5690	0.0820	0.7052	0.1028	0.5703
000312	W	0.800886	0.868071	0.774873	0.6516	0.5176	0.6570	0.0730	0.7116	0.1160	0.5817
000313	S	0.792001	0.882722	0.787645	0.7079	0.6183	0.6370	0.1120	0.7377	0.0928	0.5866
000314	W	0.787248	0.907794	0.797716	0.6557	0.5176	0.6950	0.0920	0.7268	0.1233	0.5968
000315	D	0.764780	0.915124	0.803677	0.6650	0.5296	0.6850	0.1000	0.7272	0.1206	0.6007
000316	S	0.743162	0.917858	0.806358	0.6293	0.5342	0.7460	0.0790	0.7295	0.1225	0.5981
000317	Q	0.714610	0.920814	0.807586	0.6334	0.5382	0.7910	0.0600	0.7342	0.1241	0.5938
000318	G	0.720593	0.922688	0.809927	0.6789	0.6089	0.7940	0.0800	0.7559	0.1008	0.5909
000319	P	0.713803	0.920343	0.812085	0.6650	0.5707	0.7980	0.0690	0.7466	0.1124	0.5937
000320	S	0.707118	0.917369	0.813787	0.6557	0.5854	0.8450	0.0760	0.7541	0.1147	0.5954
000321	S	0.709978	0.926879	0.814104	0.6412	0.5382	0.8650	0.0620	0.7492	0.1335	0.5940
000322	T	0.729127	0.928500	0.813872	0.6516	0.5176	0.9660	0.0390	0.7677	0.1553	0.5989
000323	L	0.699123	0.930799	0.813092	0.7501	0.6269	0.9790	0.0220	0.7998	0.1238	0.6079
000324	G	0.696061	0.932216	0.813231	0.7817	0.6183	0.9780	0.0290	0.8033	0.1248	0.6147
000325	L	0.723626	0.936993	0.814431	0.8713	0.7505	0.9700	0.0400	0.8445	0.0908	0.6184
000326	E	0.762769	0.941330	0.815863	0.8920	0.7250	0.9890	0.0090	0.8543	0.0946	0.6153
000327	R	0.781556	0.943254	0.816453	0.9180	0.7209	0.9850	0.0160	0.8609	0.0943	0.6222
000328	G	0.628086	0.944572	0.815624	0.9299	0.7036	0.9830	0.0200	0.8341	0.1312	0.6288
000329	A	0.854626	0.944858	0.814610	0.9491	0.6806	0.9800	0.0230	0.8707	0.1026	0.6340
000330	G	0.863617	0.945153	0.813256	0.9534	0.5807	0.9730	0.0320	0.8549	0.1347	0.6352
000331	Q	0.991225	0.945106	0.812796	0.9684	0.5665	0.9630	0.0460	0.8745	0.1494	0.6376