RESNUM	RES	VL-XT	VSL2B	VL3	IUPred-S	IUPred-L	PONDRFIT	FITERROR	MDP	MDPERROR	ANCHOR2
000001	M	0.801373	0.878288	0.393304	0.9491	0.6089	0.9820	0.0150	0.7688	0.2072	0.3471
000002	N	0.926414	0.834566	0.391842	0.9316	0.4441	0.9720	0.0190	0.7500	0.2389	0.3506
000003	A	0.710108	0.814140	0.389387	0.9119	0.4801	0.9660	0.0190	0.7119	0.2131	0.3530
000004	T	0.681006	0.753604	0.389594	0.8074	0.5139	0.9620	0.0210	0.6846	0.1884	0.3556
000005	G	0.773431	0.734069	0.391385	0.7869	0.4051	0.9480	0.0150	0.6731	0.2055	0.3569
000006	T	0.759795	0.670052	0.395454	0.7605	0.3774	0.9340	0.0170	0.6496	0.2019	0.3528
000007	P	0.738943	0.598944	0.399909	0.6681	0.3529	0.8890	0.0400	0.6079	0.1862	0.3454
000008	V	0.743786	0.531667	0.404831	0.6035	0.3667	0.8650	0.0600	0.5859	0.1765	0.3423
000009	A	0.745595	0.500286	0.409795	0.5374	0.3807	0.8040	0.1140	0.5629	0.1595	0.3473
000010	P	0.737401	0.477487	0.414735	0.4967	0.3983	0.7920	0.0800	0.5527	0.1544	0.3567
000011	E	0.723787	0.458720	0.420177	0.4513	0.4119	0.8380	0.1080	0.5507	0.1670	0.3648
000012	S	0.692632	0.460739	0.424189	0.4825	0.4582	0.7100	0.1200	0.5381	0.1169	0.3726
000013	C	0.666604	0.464222	0.428662	0.4879	0.3599	0.5430	0.0840	0.4917	0.0960	0.3764
000014	Q	0.604165	0.464705	0.433454	0.5331	0.2988	0.3620	0.0840	0.4494	0.1015	0.3745
000015	Q	0.542013	0.464717	0.439670	0.4825	0.2224	0.2820	0.0630	0.4056	0.1140	0.3735
000016	L	0.472712	0.465836	0.442488	0.4245	0.1528	0.2100	0.0450	0.3615	0.1292	0.3732
000017	A	0.391089	0.441438	0.440272	0.3847	0.1476	0.1560	0.0350	0.3268	0.1257	0.3815
000018	A	0.316805	0.406997	0.433349	0.2963	0.0690	0.1390	0.0340	0.2769	0.1327	0.3872
000019	G	0.234754	0.379654	0.426742	0.3630	0.1115	0.1430	0.0380	0.2764	0.1207	0.3914
000020	G	0.158427	0.354007	0.423971	0.3146	0.1373	0.1550	0.0350	0.2572	0.1118	0.3909
000021	H	0.095822	0.337430	0.427056	0.2820	0.1137	0.1670	0.0460	0.2371	0.1213	0.3811
000022	S	0.056656	0.324987	0.435356	0.2786	0.0985	0.1700	0.0480	0.2273	0.1320	0.3759
000023	R	0.055682	0.336421	0.445455	0.2786	0.1007	0.1720	0.0540	0.2314	0.1358	0.3725
000024	L	0.051410	0.316743	0.455432	0.3668	0.1007	0.1760	0.0630	0.2446	0.1456	0.3682
000025	I	0.049424	0.320427	0.464493	0.3535	0.0765	0.1810	0.0670	0.2410	0.1507	0.3729
000026	V	0.058101	0.328547	0.471958	0.2558	0.0704	0.1820	0.0700	0.2279	0.1450	0.3759
000027	L	0.077120	0.335921	0.476716	0.2820	0.1206	0.1790	0.0700	0.2453	0.1362	0.3840
000028	H	0.111316	0.333951	0.478834	0.3005	0.1424	0.1770	0.0670	0.2574	0.1276	0.3905
000029	Y	0.126153	0.328028	0.478415	0.3311	0.1671	0.1770	0.0620	0.2680	0.1228	0.4082
000030	N	0.158830	0.335088	0.478095	0.3225	0.2002	0.1770	0.0660	0.2786	0.1124	0.4277
000031	H	0.206536	0.369567	0.478812	0.3184	0.2224	0.2080	0.0920	0.3006	0.1003	0.4243
000032	S	0.248042	0.425179	0.481277	0.3456	0.2292	0.2340	0.1120	0.3272	0.0986	0.3963
000033	G	0.299579	0.481147	0.482591	0.3491	0.2292	0.2630	0.1170	0.3508	0.0995	0.3726
000034	R	0.362260	0.529124	0.483975	0.3456	0.2224	0.3120	0.1180	0.3758	0.1032	0.3510
000035	L	0.426275	0.580815	0.483250	0.3885	0.2164	0.4250	0.1080	0.4200	0.1098	0.3237
000036	A	0.457969	0.625194	0.480719	0.4458	0.3117	0.4820	0.1290	0.4673	0.0914	0.2973
000037	G	0.478545	0.641386	0.474171	0.3847	0.3392	0.5550	0.1370	0.4789	0.1005	0.2693
000038	R	0.513528	0.674780	0.466359	0.4379	0.3356	0.6230	0.1410	0.5085	0.1136	0.2468
000039	G	0.535864	0.673581	0.456611	0.3847	0.3356	0.6800	0.1440	0.5111	0.1325	0.2233
000040	G	0.534729	0.663991	0.445725	0.3630	0.4330	0.6800	0.1820	0.5201	0.1185	0.2089
000041	P	0.562925	0.697417	0.435074	0.3630	0.3286	0.6400	0.2120	0.5046	0.1384	0.1953
000042	E	0.591425	0.718780	0.425392	0.3491	0.3215	0.6210	0.2010	0.5045	0.1477	0.1759
000043	D	0.612823	0.691879	0.417726	0.2531	0.2575	0.6750	0.1260	0.4847	0.1851	0.1592
000044	G	0.601785	0.655552	0.408083	0.2602	0.2258	0.6320	0.0850	0.4639	0.1757	0.1423
000045	G	0.616294	0.613669	0.395732	0.1921	0.1881	0.5600	0.0840	0.4277	0.1834	0.1273
000046	L	0.612564	0.530668	0.379309	0.2292	0.2715	0.4830	0.0810	0.4177	0.1374	0.1163
000047	G	0.592881	0.445325	0.361510	0.2292	0.2258	0.3850	0.0900	0.3733	0.1266	0.1077
000048	A	0.546850	0.397855	0.344234	0.2385	0.1528	0.3260	0.0950	0.3344	0.1235	0.0998
000049	L	0.509625	0.345152	0.327876	0.1732	0.1048	0.2690	0.0930	0.2883	0.1298	0.0928
000050	R	0.437959	0.308052	0.312472	0.1060	0.0719	0.2430	0.1030	0.2466	0.1259	0.0875
000051	G	0.351420	0.274259	0.297185	0.0723	0.0433	0.2130	0.1000	0.2085	0.1144	0.0806
000052	L	0.257597	0.241015	0.281361	0.0387	0.0398	0.2150	0.1000	0.1788	0.1007	0.0745
000053	S	0.195195	0.187018	0.265255	0.0173	0.0380	0.2120	0.0950	0.1524	0.0918	0.0711
000054	V	0.127375	0.149185	0.249466	0.0179	0.0214	0.2190	0.1000	0.1307	0.0884	0.0678
000055	A	0.074724	0.130412	0.235610	0.0179	0.0138	0.2270	0.0810	0.1166	0.0901	0.0646
000056	A	0.037445	0.111310	0.223802	0.0084	0.0104	0.2290	0.0690	0.1033	0.0933	0.0615
000057	S	0.026205	0.093016	0.214342	0.0083	0.0105	0.1950	0.0550	0.0912	0.0852	0.0594
000058	C	0.014826	0.081702	0.207001	0.0055	0.0093	0.1550	0.0410	0.0789	0.0780	0.0566
000059	L	0.010951	0.070110	0.201483	0.0029	0.0093	0.1250	0.0280	0.0699	0.0730	0.0548
000060	V	0.009137	0.060830	0.197131	0.0044	0.0091	0.0980	0.0200	0.0631	0.0689	0.0524
000061	V	0.009131	0.062992	0.191943	0.0029	0.0092	0.0790	0.0160	0.0592	0.0661	0.0480
000062	L	0.008529	0.061483	0.185604	0.0008	0.0091	0.0700	0.0180	0.0559	0.0639	0.0446
000063	E	0.009120	0.054144	0.177486	0.0024	0.0134	0.0620	0.0210	0.0532	0.0601	0.0419
000064	N	0.009375	0.054862	0.169018	0.0021	0.0109	0.0560	0.0180	0.0503	0.0573	0.0391
000065	L	0.014727	0.055894	0.158457	0.0031	0.0153	0.0520	0.0140	0.0500	0.0524	0.0371
000066	L	0.014686	0.054823	0.148377	0.0027	0.0181	0.0560	0.0170	0.0491	0.0487	0.0368
000067	V	0.014784	0.064326	0.138755	0.0033	0.0227	0.0590	0.0250	0.0505	0.0453	0.0364
000068	L	0.014058	0.091597	0.131192	0.0029	0.0235	0.0680	0.0280	0.0552	0.0460	0.0356
000069	A	0.016148	0.119991	0.124798	0.0053	0.0209	0.0800	0.0290	0.0612	0.0494	0.0357
000070	A	0.015571	0.156064	0.119981	0.0094	0.0227	0.1040	0.0350	0.0712	0.0576	0.0364
000071	I	0.015064	0.184645	0.115884	0.0074	0.0184	0.1380	0.0440	0.0799	0.0694	0.0374
000072	T	0.014210	0.208929	0.111040	0.0066	0.0153	0.1550	0.0510	0.0852	0.0785	0.0418
000073	S	0.013963	0.221381	0.104348	0.0061	0.0153	0.1600	0.0580	0.0868	0.0823	0.0447
000074	H	0.007941	0.237526	0.096407	0.0022	0.0093	0.1590	0.0610	0.0854	0.0889	0.0473
000075	M	0.008056	0.225728	0.089295	0.0009	0.0070	0.1420	0.0600	0.0788	0.0835	0.0469
000076	R	0.007728	0.208054	0.083552	0.0009	0.0097	0.1020	0.0460	0.0686	0.0736	0.0440
000077	S	0.007056	0.189020	0.079753	0.0010	0.0091	0.0700	0.0320	0.0593	0.0658	0.0395
000078	R	0.005946	0.160950	0.076768	0.0028	0.0120	0.0510	0.0220	0.0515	0.0557	0.0321
000079	R	0.006367	0.112852	0.074111	0.0026	0.0117	0.0390	0.0140	0.0411	0.0404	0.0264
000080	W	0.006427	0.079481	0.071075	0.0035	0.0136	0.0320	0.0090	0.0343	0.0304	0.0203
000081	V	0.006722	0.057888	0.067068	0.0018	0.0171	0.0250	0.0070	0.0292	0.0248	0.0147
000082	Y	0.006815	0.036526	0.063127	0.0059	0.0178	0.0220	0.0070	0.0254	0.0197	0.0110
000083	Y	0.006401	0.022040	0.059198	0.0059	0.0108	0.0220	0.0060	0.0211	0.0183	0.0077
000084	C	0.005523	0.018578	0.055805	0.0026	0.0115	0.0250	0.0060	0.0198	0.0178	0.0054
000085	L	0.005039	0.017992	0.052180	0.0009	0.0111	0.0280	0.0060	0.0192	0.0171	0.0039
000086	V	0.004309	0.023147	0.048781	0.0013	0.0115	0.0280	0.0070	0.0195	0.0162	0.0032
000087	N	0.002664	0.032292	0.045480	0.0015	0.0097	0.0300	0.0060	0.0204	0.0166	0.0027
000088	I	0.001777	0.043957	0.042897	0.0010	0.0070	0.0370	0.0100	0.0223	0.0193	0.0022
000089	T	0.001493	0.062766	0.040322	0.0008	0.0052	0.0390	0.0100	0.0250	0.0238	0.0021
000090	L	0.000997	0.085101	0.037452	0.0005	0.0046	0.0420	0.0100	0.0284	0.0305	0.0018
000091	S	0.000821	0.100659	0.033982	0.0005	0.0065	0.0420	0.0080	0.0307	0.0352	0.0017
000092	D	0.003503	0.117873	0.030794	0.0007	0.0065	0.0440	0.0070	0.0338	0.0407	0.0017
000093	L	0.010134	0.133232	0.027453	0.0013	0.0066	0.0470	0.0090	0.0377	0.0454	0.0016
000094	L	0.017153	0.142621	0.024753	0.0013	0.0069	0.0560	0.0150	0.0415	0.0485	0.0015
000095	T	0.026752	0.138504	0.022404	0.0009	0.0089	0.0600	0.0200	0.0429	0.0466	0.0015
000096	G	0.036349	0.136384	0.020819	0.0009	0.0127	0.0600	0.0200	0.0445	0.0451	0.0015
000097	A	0.037229	0.125760	0.019492	0.0024	0.0146	0.0680	0.0260	0.0445	0.0418	0.0014
000098	A	0.039084	0.114449	0.018379	0.0021	0.0138	0.0750	0.0310	0.0439	0.0394	0.0013
000099	Y	0.039290	0.106551	0.017314	0.0038	0.0248	0.0880	0.0340	0.0466	0.0377	0.0013
000100	L	0.039326	0.115921	0.015707	0.0037	0.0119	0.0930	0.0360	0.0466	0.0428	0.0014
000101	A	0.038564	0.124986	0.013878	0.0087	0.0194	0.0900	0.0350	0.0492	0.0434	0.0015
000102	N	0.033919	0.125877	0.012033	0.0038	0.0119	0.1010	0.0320	0.0481	0.0476	0.0017
000103	V	0.028813	0.133429	0.010248	0.0038	0.0096	0.1150	0.0300	0.0502	0.0532	0.0019
000104	L	0.019579	0.138122	0.008647	0.0034	0.0168	0.1230	0.0310	0.0517	0.0563	0.0021
000105	L	0.010067	0.140829	0.007396	0.0055	0.0214	0.1310	0.0310	0.0528	0.0592	0.0026
000106	S	0.009273	0.154507	0.007006	0.0074	0.0214	0.1260	0.0320	0.0542	0.0615	0.0032
000107	G	0.007607	0.176075	0.007688	0.0053	0.0120	0.1240	0.0340	0.0555	0.0686	0.0040
000108	A	0.008390	0.188772	0.009316	0.0074	0.0085	0.1280	0.0310	0.0585	0.0729	0.0051
000109	R	0.009055	0.188747	0.011449	0.0053	0.0069	0.1210	0.0270	0.0570	0.0719	0.0067
000110	T	0.008146	0.179596	0.013494	0.0049	0.0097	0.1160	0.0350	0.0553	0.0679	0.0082
000111	F	0.007199	0.160848	0.015494	0.0049	0.0163	0.1120	0.0360	0.0528	0.0610	0.0094
000112	R	0.006554	0.143583	0.017435	0.0069	0.0194	0.0980	0.0290	0.0486	0.0529	0.0115
000113	L	0.007242	0.131422	0.019168	0.0079	0.0109	0.0910	0.0290	0.0447	0.0487	0.0134
000114	A	0.008136	0.130153	0.020630	0.0144	0.0097	0.0690	0.0170	0.0420	0.0445	0.0161
000115	P	0.008785	0.122304	0.021717	0.0150	0.0084	0.0480	0.0110	0.0374	0.0403	0.0192
000116	A	0.008733	0.109582	0.022989	0.0182	0.0123	0.0430	0.0090	0.0358	0.0348	0.0208
000117	Q	0.007791	0.098578	0.024707	0.0083	0.0104	0.0410	0.0080	0.0318	0.0321	0.0232
000118	W	0.006808	0.083917	0.026862	0.0087	0.0073	0.0450	0.0090	0.0297	0.0278	0.0255
000119	F	0.005822	0.081939	0.028735	0.0094	0.0073	0.0470	0.0090	0.0301	0.0275	0.0266
000120	L	0.004827	0.082742	0.030173	0.0055	0.0062	0.0430	0.0090	0.0287	0.0281	0.0271
000121	R	0.003666	0.083713	0.031516	0.0037	0.0060	0.0390	0.0080	0.0280	0.0286	0.0276
000122	E	0.002683	0.082959	0.033166	0.0074	0.0094	0.0390	0.0080	0.0291	0.0276	0.0274
000123	G	0.001757	0.085815	0.035536	0.0070	0.0060	0.0390	0.0090	0.0292	0.0292	0.0250
000124	L	0.001058	0.092037	0.039826	0.0160	0.0081	0.0410	0.0100	0.0330	0.0304	0.0220
000125	L	0.001221	0.098401	0.046715	0.0102	0.0066	0.0410	0.0100	0.0341	0.0336	0.0195
000126	F	0.001466	0.115550	0.054618	0.0081	0.0045	0.0430	0.0100	0.0378	0.0401	0.0169
000127	T	0.001880	0.133926	0.060784	0.0067	0.0035	0.0460	0.0100	0.0422	0.0468	0.0150
000128	A	0.009222	0.146275	0.064365	0.0033	0.0035	0.0520	0.0120	0.0464	0.0507	0.0121
000129	L	0.009779	0.152290	0.066288	0.0029	0.0042	0.0610	0.0140	0.0494	0.0529	0.0103
000130	A	0.010144	0.176612	0.068037	0.0075	0.0061	0.0640	0.0170	0.0554	0.0601	0.0090
000131	A	0.010730	0.187085	0.070090	0.0118	0.0091	0.0670	0.0150	0.0592	0.0628	0.0081
000132	S	0.011570	0.189765	0.072323	0.0118	0.0091	0.0630	0.0140	0.0596	0.0636	0.0078
000133	T	0.012751	0.191058	0.074868	0.0118	0.0056	0.0640	0.0150	0.0601	0.0645	0.0077
000134	F	0.013408	0.199921	0.077113	0.0121	0.0049	0.0670	0.0160	0.0624	0.0676	0.0074
000135	S	0.016164	0.196278	0.078884	0.0121	0.0068	0.0690	0.0180	0.0632	0.0658	0.0074
000136	L	0.020816	0.187613	0.080029	0.0182	0.0080	0.0930	0.0280	0.0679	0.0624	0.0076
000137	L	0.018022	0.190400	0.080923	0.0414	0.0096	0.1020	0.0350	0.0737	0.0615	0.0081
000138	F	0.022023	0.190613	0.081676	0.0286	0.0095	0.1170	0.0420	0.0750	0.0639	0.0088
000139	T	0.036351	0.190582	0.082314	0.0194	0.0130	0.1040	0.0430	0.0742	0.0615	0.0104
000140	A	0.051554	0.208881	0.082785	0.0395	0.0146	0.1310	0.0580	0.0881	0.0653	0.0119
000141	G	0.080060	0.216480	0.083313	0.0587	0.0146	0.1460	0.0550	0.0999	0.0650	0.0137
000142	E	0.105616	0.203107	0.084022	0.0441	0.0202	0.1490	0.0540	0.1010	0.0616	0.0152
000143	R	0.135436	0.203222	0.085067	0.0327	0.0202	0.1430	0.0530	0.1033	0.0643	0.0157
000144	F	0.177014	0.221571	0.086504	0.0350	0.0188	0.1380	0.0680	0.1128	0.0732	0.0157
000145	A	0.248003	0.222759	0.088132	0.0660	0.0320	0.1240	0.0620	0.1302	0.0796	0.0171
000146	T	0.322901	0.238458	0.089870	0.0677	0.0349	0.1210	0.0570	0.1459	0.1017	0.0181
000147	M	0.385270	0.271015	0.091466	0.0858	0.0704	0.1470	0.0630	0.1752	0.1155	0.0188
000148	V	0.432743	0.303758	0.093131	0.1380	0.1349	0.1770	0.0830	0.2133	0.1183	0.0188
000149	R	0.446425	0.322506	0.094384	0.2209	0.2470	0.1980	0.0780	0.2549	0.1091	0.0195
000150	P	0.446932	0.372919	0.095889	0.2209	0.2399	0.2090	0.0800	0.2642	0.1148	0.0193
000151	V	0.450065	0.444173	0.097838	0.2602	0.2064	0.2440	0.0680	0.2838	0.1266	0.0185
000152	A	0.440078	0.517789	0.100900	0.2531	0.1206	0.2930	0.0640	0.2875	0.1529	0.0181
000153	E	0.418574	0.574720	0.104699	0.1602	0.1028	0.3420	0.0610	0.2839	0.1762	0.0177
000154	S	0.357106	0.645842	0.108494	0.0813	0.0424	0.3820	0.0730	0.2695	0.2140	0.0170
000155	G	0.284028	0.668789	0.110861	0.1456	0.0483	0.4000	0.1050	0.2762	0.2105	0.0161
000156	A	0.217109	0.639060	0.110574	0.0965	0.0631	0.3820	0.1230	0.2515	0.2033	0.0140
000157	T	0.154874	0.582160	0.109510	0.0502	0.0306	0.3550	0.1290	0.2137	0.1959	0.0125
000158	K	0.125367	0.536686	0.109915	0.0643	0.0235	0.3010	0.1220	0.1935	0.1763	0.0106
000159	T	0.095490	0.459949	0.113039	0.0567	0.0194	0.2100	0.0950	0.1590	0.1468	0.0080
000160	S	0.065635	0.351119	0.117822	0.0226	0.0113	0.1430	0.0720	0.1185	0.1141	0.0058
000161	R	0.044829	0.255515	0.123173	0.0094	0.0070	0.1070	0.0490	0.0911	0.0858	0.0041
000162	V	0.021589	0.177926	0.128659	0.0086	0.0078	0.0790	0.0200	0.0706	0.0647	0.0029
000163	Y	0.006781	0.097787	0.134139	0.0067	0.0078	0.0770	0.0260	0.0551	0.0508	0.0019
000164	G	0.000325	0.046234	0.139253	0.0037	0.0053	0.0770	0.0350	0.0453	0.0503	0.0013
000165	F	0.000240	0.027636	0.144732	0.0028	0.0040	0.0730	0.0390	0.0420	0.0523	0.0009
000166	I	0.000234	0.020250	0.150527	0.0009	0.0040	0.0670	0.0400	0.0405	0.0544	0.0006
000167	G	0.000217	0.014353	0.156680	0.0006	0.0039	0.0640	0.0390	0.0399	0.0567	0.0005
000168	L	0.000188	0.012284	0.162692	0.0006	0.0027	0.0750	0.0510	0.0422	0.0599	0.0004
000169	C	0.000139	0.011473	0.168585	0.0005	0.0029	0.0790	0.0490	0.0438	0.0624	0.0003
000170	W	0.000127	0.009732	0.174714	0.0003	0.0021	0.0860	0.0450	0.0455	0.0654	0.0003
000171	L	0.000123	0.011819	0.180484	0.0003	0.0014	0.0890	0.0370	0.0472	0.0674	0.0003
000172	L	0.000147	0.016211	0.185828	0.0002	0.0014	0.0880	0.0300	0.0486	0.0687	0.0003
000173	A	0.000167	0.018963	0.190499	0.0001	0.0013	0.0860	0.0270	0.0496	0.0700	0.0003
000174	A	0.000154	0.023025	0.195072	0.0002	0.0019	0.0880	0.0260	0.0514	0.0713	0.0003
000175	L	0.000131	0.027958	0.199752	0.0001	0.0015	0.0870	0.0270	0.0528	0.0725	0.0004
000176	L	0.000120	0.035128	0.204280	0.0002	0.0016	0.0850	0.0230	0.0544	0.0735	0.0004
000177	G	0.000121	0.038423	0.208649	0.0002	0.0017	0.0840	0.0230	0.0555	0.0748	0.0005
000178	M	0.000129	0.043181	0.212629	0.0001	0.0015	0.0800	0.0220	0.0562	0.0758	0.0005
000179	L	0.000124	0.042974	0.216175	0.0001	0.0014	0.0760	0.0220	0.0561	0.0769	0.0004
000180	P	0.000123	0.042259	0.219833	0.0001	0.0019	0.0720	0.0220	0.0560	0.0779	0.0004
000181	L	0.000097	0.036271	0.222940	0.0001	0.0027	0.0710	0.0220	0.0555	0.0791	0.0003
000182	L	0.000072	0.032473	0.225652	0.0001	0.0029	0.0650	0.0220	0.0544	0.0801	0.0003
000183	G	0.000080	0.027575	0.227599	0.0002	0.0039	0.0610	0.0210	0.0533	0.0808	0.0002
000184	W	0.000087	0.023789	0.229235	0.0001	0.0044	0.0610	0.0220	0.0531	0.0816	0.0002
000185	N	0.000095	0.022274	0.230322	0.0001	0.0036	0.0580	0.0190	0.0523	0.0821	0.0002
000186	C	0.000096	0.023245	0.230894	0.0002	0.0036	0.0530	0.0170	0.0518	0.0822	0.0001
000187	L	0.000089	0.024935	0.230827	0.0002	0.0053	0.0480	0.0150	0.0516	0.0819	0.0001
000188	C	0.000085	0.028308	0.230164	0.0001	0.0039	0.0450	0.0140	0.0513	0.0817	0.0001
000189	A	0.000131	0.037774	0.229160	0.0001	0.0033	0.0440	0.0140	0.0524	0.0810	0.0001
000190	F	0.000123	0.053246	0.228597	0.0001	0.0044	0.0510	0.0190	0.0562	0.0803	0.0001
000191	D	0.000143	0.062712	0.228292	0.0001	0.0041	0.0490	0.0170	0.0575	0.0803	0.0001
000192	R	0.000149	0.087284	0.227775	0.0001	0.0056	0.0540	0.0150	0.0625	0.0806	0.0001
000193	C	0.000158	0.116820	0.226040	0.0002	0.0054	0.0620	0.0170	0.0684	0.0822	0.0001
000194	S	0.000157	0.147762	0.223543	0.0002	0.0040	0.0690	0.0190	0.0741	0.0853	0.0002
000195	S	0.000176	0.167133	0.220692	0.0002	0.0040	0.0760	0.0230	0.0780	0.0875	0.0002
000196	L	0.000189	0.197134	0.218058	0.0001	0.0026	0.0860	0.0250	0.0841	0.0926	0.0002
000197	L	0.000217	0.203151	0.215537	0.0001	0.0026	0.0810	0.0230	0.0838	0.0933	0.0002
000198	P	0.000167	0.191193	0.212674	0.0001	0.0026	0.0670	0.0220	0.0789	0.0903	0.0002
000199	L	0.000164	0.177922	0.209319	0.0002	0.0026	0.0640	0.0230	0.0758	0.0868	0.0002
000200	Y	0.000134	0.157819	0.205495	0.0001	0.0022	0.0600	0.0210	0.0710	0.0822	0.0002
000201	S	0.000117	0.120045	0.201167	0.0001	0.0022	0.0530	0.0190	0.0628	0.0753	0.0002
000202	K	0.000093	0.087205	0.196646	0.0001	0.0017	0.0490	0.0170	0.0558	0.0707	0.0002
000203	R	0.000083	0.064581	0.192293	0.0001	0.0017	0.0510	0.0180	0.0516	0.0680	0.0002
000204	Y	0.000059	0.036162	0.188186	0.0001	0.0017	0.0550	0.0190	0.0468	0.0665	0.0001
000205	I	0.000042	0.018796	0.184616	0.0001	0.0013	0.0540	0.0180	0.0431	0.0661	0.0001
000206	L	0.000012	0.012430	0.181239	0.0001	0.0011	0.0590	0.0190	0.0422	0.0655	0.0001
000207	F	0.000021	0.008783	0.178673	0.0001	0.0017	0.0690	0.0220	0.0430	0.0654	0.0001
000208	C	0.000028	0.006944	0.176282	0.0001	0.0016	0.0770	0.0230	0.0437	0.0654	0.0001
000209	L	0.000028	0.006468	0.174752	0.0001	0.0013	0.0890	0.0290	0.0452	0.0661	0.0001
000210	V	0.000027	0.006225	0.173690	0.0001	0.0017	0.0960	0.0320	0.0462	0.0665	0.0001
000211	I	0.000032	0.007031	0.173605	0.0001	0.0018	0.0970	0.0330	0.0466	0.0665	0.0002
000212	F	0.000037	0.009757	0.174714	0.0001	0.0013	0.1010	0.0350	0.0478	0.0672	0.0002
000213	A	0.000039	0.012742	0.177178	0.0001	0.0013	0.0980	0.0280	0.0482	0.0673	0.0002
000214	G	0.000062	0.016397	0.180157	0.0001	0.0010	0.1000	0.0270	0.0496	0.0682	0.0003
000215	V	0.000099	0.022848	0.183438	0.0001	0.0011	0.1010	0.0280	0.0514	0.0689	0.0004
000216	L	0.000127	0.030009	0.187245	0.0001	0.0009	0.1000	0.0250	0.0530	0.0695	0.0004
000217	A	0.000173	0.035153	0.192074	0.0001	0.0014	0.0960	0.0240	0.0542	0.0704	0.0005
000218	T	0.000244	0.041412	0.197676	0.0001	0.0016	0.0910	0.0270	0.0553	0.0715	0.0006
000219	I	0.000746	0.047342	0.203515	0.0002	0.0016	0.0860	0.0250	0.0566	0.0729	0.0006
000220	M	0.001327	0.047353	0.209259	0.0003	0.0023	0.0800	0.0280	0.0568	0.0743	0.0006
000221	G	0.001872	0.047222	0.214055	0.0003	0.0026	0.0760	0.0310	0.0571	0.0757	0.0006
000222	L	0.002381	0.049468	0.218373	0.0005	0.0036	0.0910	0.0420	0.0608	0.0777	0.0005
000223	Y	0.003299	0.046899	0.222641	0.0008	0.0052	0.1510	0.0920	0.0717	0.0855	0.0005
000224	G	0.005394	0.045631	0.227718	0.0012	0.0060	0.2440	0.1630	0.0883	0.1054	0.0005
000225	A	0.006733	0.052269	0.233123	0.0012	0.0062	0.4040	0.2870	0.1173	0.1517	0.0005
000226	I	0.012155	0.062468	0.238308	0.0035	0.0069	0.5790	0.3070	0.1504	0.2084	0.0006
000227	F	0.017267	0.071350	0.242862	0.0086	0.0111	0.7710	0.2170	0.1870	0.2736	0.0007
000228	R	0.021143	0.090766	0.246825	0.0090	0.0138	0.7990	0.2070	0.1967	0.2815	0.0008
000229	L	0.036830	0.131889	0.250947	0.0121	0.0151	0.8010	0.2170	0.2079	0.2780	0.0010
000230	V	0.101857	0.183574	0.255452	0.0308	0.0218	0.7390	0.2460	0.2220	0.2451	0.0013
000231	Q	0.204974	0.248523	0.260312	0.0554	0.0227	0.6370	0.2070	0.2381	0.2002	0.0018
000232	A	0.307661	0.349831	0.265085	0.0441	0.0235	0.5510	0.1520	0.2569	0.1814	0.0023
000233	S	0.416384	0.466550	0.269521	0.0643	0.0463	0.5040	0.1600	0.2946	0.1842	0.0033
000234	G	0.526109	0.569033	0.273587	0.1240	0.0985	0.5590	0.1710	0.3584	0.2010	0.0045
000235	Q	0.631723	0.657583	0.277492	0.1292	0.0749	0.5890	0.1780	0.3934	0.2414	0.0061
000236	K	0.737629	0.730458	0.280870	0.1732	0.1007	0.5950	0.1780	0.4363	0.2609	0.0078
000237	A	0.844332	0.771469	0.283721	0.2292	0.1881	0.6030	0.1660	0.4866	0.2643	0.0094
000238	P	0.939136	0.787901	0.285333	0.3535	0.2193	0.5510	0.1590	0.5227	0.2651	0.0118
000239	R	0.984614	0.795813	0.286105	0.3456	0.1298	0.5800	0.1560	0.5204	0.2980	0.0130
000240	P	0.991931	0.782406	0.285747	0.3399	0.2224	0.6110	0.1530	0.5388	0.2809	0.0132
000241	A	0.999230	0.747827	0.284514	0.3225	0.3149	0.6350	0.1780	0.5507	0.2664	0.0127
000242	A	0.999152	0.719038	0.282170	0.3263	0.2328	0.5980	0.2180	0.5263	0.2744	0.0130
000243	R	0.998840	0.686213	0.278571	0.3847	0.1823	0.5950	0.2130	0.5210	0.2748	0.0137
000244	R	0.998324	0.639365	0.273712	0.2865	0.1476	0.5890	0.1870	0.4891	0.2875	0.0128
000245	K	0.997397	0.583347	0.268055	0.1878	0.0835	0.5110	0.1770	0.4385	0.3046	0.0116
000246	A	0.960505	0.520679	0.261752	0.1532	0.0414	0.4130	0.1440	0.3918	0.2992	0.0093
000247	R	0.913973	0.427702	0.254502	0.0771	0.0218	0.3230	0.0960	0.3364	0.2930	0.0076
000248	R	0.865078	0.327952	0.246302	0.0542	0.0223	0.2780	0.0890	0.2989	0.2772	0.0060
000249	L	0.807479	0.251318	0.238165	0.0212	0.0101	0.2690	0.0880	0.2662	0.2644	0.0043
000250	L	0.730492	0.187871	0.230927	0.0141	0.0071	0.2600	0.0770	0.2384	0.2412	0.0033
000251	K	0.621259	0.127921	0.224370	0.0052	0.0052	0.2580	0.0910	0.2070	0.2091	0.0028
000252	T	0.510595	0.090836	0.218192	0.0029	0.0042	0.2340	0.0680	0.1768	0.1751	0.0022
000253	V	0.400124	0.062593	0.212603	0.0015	0.0035	0.2130	0.0700	0.1488	0.1423	0.0017
000254	L	0.289976	0.041392	0.207692	0.0008	0.0035	0.2140	0.0790	0.1262	0.1148	0.0013
000255	M	0.215791	0.023552	0.203459	0.0005	0.0037	0.2300	0.0980	0.1128	0.1041	0.0012
000256	I	0.151250	0.016194	0.200002	0.0004	0.0027	0.2430	0.1040	0.1022	0.0994	0.0011
000257	L	0.089093	0.013123	0.197856	0.0007	0.0021	0.2440	0.0830	0.0911	0.0973	0.0011
000258	L	0.035752	0.011097	0.196766	0.0003	0.0021	0.2580	0.0660	0.0840	0.1035	0.0012
000259	A	0.001816	0.009366	0.196329	0.0002	0.0015	0.2660	0.0640	0.0793	0.1095	0.0014
000260	F	0.000275	0.009715	0.196010	0.0003	0.0015	0.2560	0.0570	0.0774	0.1067	0.0017
000261	L	0.000149	0.009072	0.195434	0.0003	0.0015	0.2380	0.0450	0.0741	0.1016	0.0019
000262	V	0.000048	0.008730	0.194433	0.0001	0.0013	0.1940	0.0410	0.0665	0.0905	0.0023
000263	C	0.000036	0.010395	0.192693	0.0001	0.0013	0.1570	0.0350	0.0602	0.0817	0.0029
000264	W	0.000039	0.013239	0.190921	0.0001	0.0013	0.1330	0.0380	0.0564	0.0766	0.0035
000265	G	0.000045	0.015591	0.189171	0.0001	0.0013	0.1110	0.0280	0.0529	0.0726	0.0039
000266	P	0.000048	0.018158	0.187772	0.0001	0.0014	0.0930	0.0210	0.0501	0.0698	0.0040
000267	L	0.000046	0.019454	0.186135	0.0001	0.0020	0.0850	0.0230	0.0487	0.0682	0.0040
000268	F	0.000046	0.021193	0.183778	0.0001	0.0028	0.0760	0.0260	0.0473	0.0665	0.0039
000269	G	0.000049	0.026012	0.181242	0.0002	0.0029	0.0680	0.0240	0.0464	0.0649	0.0039
000270	L	0.000058	0.039269	0.179629	0.0003	0.0024	0.0690	0.0240	0.0485	0.0639	0.0037
000271	L	0.000077	0.050388	0.178947	0.0002	0.0032	0.0720	0.0250	0.0508	0.0636	0.0035
000272	L	0.000083	0.055840	0.178620	0.0003	0.0044	0.0760	0.0220	0.0526	0.0636	0.0033
000273	A	0.000144	0.063113	0.177718	0.0003	0.0057	0.0720	0.0230	0.0532	0.0630	0.0031
000274	D	0.000268	0.072815	0.176324	0.0005	0.0060	0.0660	0.0220	0.0537	0.0626	0.0030
000275	V	0.000559	0.075538	0.174373	0.0008	0.0061	0.0710	0.0270	0.0547	0.0622	0.0027
000276	F	0.001696	0.078985	0.171557	0.0005	0.0064	0.0710	0.0300	0.0551	0.0614	0.0025
000277	G	0.001739	0.087337	0.168165	0.0002	0.0058	0.0610	0.0270	0.0540	0.0607	0.0024
000278	S	0.001781	0.097851	0.164512	0.0004	0.0070	0.0570	0.0240	0.0547	0.0605	0.0024
000279	N	0.001817	0.103939	0.161117	0.0007	0.0113	0.0550	0.0200	0.0557	0.0596	0.0022
000280	L	0.001845	0.106468	0.157464	0.0006	0.0076	0.0600	0.0200	0.0556	0.0594	0.0019
000281	W	0.001847	0.119500	0.153389	0.0013	0.0078	0.0560	0.0170	0.0566	0.0602	0.0019
000282	A	0.001796	0.132096	0.149253	0.0022	0.0079	0.0460	0.0120	0.0565	0.0616	0.0017
000283	Q	0.001715	0.126477	0.145610	0.0028	0.0096	0.0390	0.0100	0.0542	0.0594	0.0015
000284	E	0.001442	0.113896	0.142242	0.0013	0.0080	0.0350	0.0100	0.0503	0.0567	0.0013
000285	Y	0.000319	0.102775	0.138520	0.0009	0.0068	0.0340	0.0110	0.0472	0.0541	0.0010
000286	L	0.000298	0.080956	0.134128	0.0008	0.0069	0.0360	0.0140	0.0433	0.0495	0.0009
000287	R	0.000294	0.064458	0.129250	0.0026	0.0075	0.0380	0.0150	0.0403	0.0458	0.0009
000288	G	0.000895	0.057215	0.124421	0.0009	0.0079	0.0360	0.0130	0.0379	0.0438	0.0008
000289	M	0.001474	0.051136	0.119812	0.0006	0.0080	0.0360	0.0110	0.0361	0.0418	0.0007
000290	D	0.002858	0.044626	0.116340	0.0006	0.0068	0.0360	0.0100	0.0346	0.0403	0.0006
000291	W	0.003437	0.041701	0.113730	0.0010	0.0073	0.0370	0.0100	0.0340	0.0391	0.0006
000292	I	0.004002	0.036671	0.112380	0.0024	0.0111	0.0360	0.0070	0.0337	0.0378	0.0004
000293	L	0.004612	0.033392	0.111628	0.0013	0.0157	0.0340	0.0060	0.0334	0.0372	0.0004
000294	A	0.006658	0.036500	0.111567	0.0012	0.0096	0.0330	0.0060	0.0331	0.0375	0.0004
000295	L	0.006656	0.043954	0.112292	0.0013	0.0066	0.0330	0.0060	0.0339	0.0383	0.0004
000296	A	0.006661	0.046718	0.113569	0.0013	0.0066	0.0330	0.0070	0.0347	0.0389	0.0004
000297	V	0.006186	0.054612	0.114902	0.0024	0.0091	0.0330	0.0070	0.0367	0.0394	0.0005
000298	L	0.006343	0.069289	0.116192	0.0008	0.0061	0.0360	0.0070	0.0391	0.0418	0.0005
000299	N	0.013913	0.093365	0.117760	0.0009	0.0061	0.0400	0.0080	0.0453	0.0449	0.0006
000300	S	0.023679	0.103211	0.119538	0.0006	0.0069	0.0430	0.0080	0.0495	0.0460	0.0007
000301	A	0.027059	0.120640	0.120888	0.0006	0.0068	0.0460	0.0070	0.0537	0.0496	0.0008
000302	V	0.036255	0.136286	0.122086	0.0009	0.0104	0.0500	0.0090	0.0594	0.0521	0.0011
000303	N	0.044025	0.148105	0.123745	0.0029	0.0119	0.0610	0.0130	0.0653	0.0540	0.0015
000304	P	0.053835	0.157289	0.126655	0.0078	0.0120	0.0720	0.0190	0.0716	0.0552	0.0022
000305	I	0.063616	0.170555	0.130467	0.0061	0.0148	0.1010	0.0290	0.0811	0.0594	0.0025
000306	I	0.074745	0.162687	0.135132	0.0038	0.0205	0.1070	0.0310	0.0839	0.0575	0.0031
000307	Y	0.081570	0.158029	0.140680	0.0055	0.0178	0.1030	0.0270	0.0844	0.0571	0.0038
000308	S	0.078994	0.165983	0.147059	0.0069	0.0163	0.0910	0.0190	0.0844	0.0596	0.0050
000309	F	0.072945	0.161297	0.154289	0.0084	0.0269	0.0900	0.0210	0.0856	0.0578	0.0066
000310	R	0.071114	0.152473	0.161799	0.0042	0.0134	0.0730	0.0180	0.0794	0.0609	0.0085
000311	S	0.062814	0.175716	0.170505	0.0049	0.0094	0.0660	0.0190	0.0816	0.0689	0.0109
000312	R	0.053808	0.185521	0.181322	0.0028	0.0081	0.0640	0.0320	0.0826	0.0746	0.0142
000313	E	0.044773	0.177218	0.194201	0.0028	0.0078	0.0670	0.0420	0.0823	0.0764	0.0167
000314	V	0.038158	0.158279	0.208367	0.0008	0.0075	0.0640	0.0360	0.0796	0.0776	0.0169
000315	C	0.028706	0.147043	0.221477	0.0003	0.0052	0.0610	0.0310	0.0773	0.0810	0.0166
000316	R	0.023311	0.117616	0.233101	0.0006	0.0054	0.0590	0.0270	0.0732	0.0817	0.0182
000317	A	0.017271	0.088781	0.242939	0.0004	0.0073	0.0580	0.0250	0.0691	0.0836	0.0195
000318	V	0.014745	0.062326	0.252209	0.0005	0.0076	0.0570	0.0230	0.0657	0.0867	0.0210
000319	L	0.012869	0.054532	0.261240	0.0005	0.0076	0.0560	0.0220	0.0655	0.0902	0.0214
000320	S	0.011405	0.042897	0.270973	0.0006	0.0105	0.0570	0.0220	0.0655	0.0940	0.0208
000321	F	0.010670	0.037054	0.280084	0.0006	0.0105	0.0620	0.0250	0.0669	0.0976	0.0211
000322	L	0.010813	0.049284	0.289881	0.0005	0.0107	0.0700	0.0290	0.0718	0.1005	0.0208
000323	C	0.007657	0.070426	0.300290	0.0005	0.0119	0.0790	0.0340	0.0783	0.1039	0.0200
000324	C	0.005843	0.098118	0.313587	0.0005	0.0111	0.0940	0.0430	0.0871	0.1090	0.0218
000325	G	0.003680	0.103965	0.326939	0.0008	0.0165	0.1140	0.0540	0.0944	0.1137	0.0269
000326	C	0.003757	0.140145	0.341445	0.0037	0.0160	0.1360	0.0630	0.1069	0.1201	0.0327
000327	L	0.002289	0.180093	0.356743	0.0038	0.0102	0.1610	0.0730	0.1191	0.1296	0.0394
000328	R	0.002321	0.242367	0.375723	0.0010	0.0102	0.1950	0.0830	0.1378	0.1439	0.0465
000329	L	0.006405	0.278087	0.397175	0.0012	0.0141	0.2450	0.0900	0.1570	0.1568	0.0543
000330	G	0.015272	0.351496	0.420657	0.0028	0.0188	0.2870	0.0790	0.1826	0.1747	0.0635
000331	M	0.027023	0.358087	0.445329	0.0028	0.0134	0.3500	0.1040	0.1994	0.1877	0.0753
000332	R	0.040940	0.407822	0.470331	0.0055	0.0269	0.3950	0.1350	0.2245	0.2016	0.0841
000333	G	0.066361	0.466098	0.494520	0.0069	0.0372	0.4060	0.1430	0.2462	0.2117	0.0942
000334	P	0.097736	0.510610	0.518254	0.0182	0.0618	0.4180	0.1290	0.2708	0.2152	0.1061
000335	G	0.153998	0.528653	0.541063	0.0405	0.1007	0.4330	0.1060	0.2997	0.2068	0.1131
000336	D	0.223657	0.572805	0.564302	0.0363	0.0985	0.4080	0.0860	0.3172	0.2121	0.1168
000337	C	0.289633	0.603149	0.587066	0.1041	0.1349	0.3830	0.0760	0.3503	0.1965	0.1194
000338	L	0.332363	0.650571	0.609737	0.1602	0.2034	0.3120	0.0710	0.3781	0.1881	0.1307
000339	A	0.403789	0.659649	0.631536	0.1416	0.2094	0.2840	0.0770	0.3883	0.1987	0.1381
000340	R	0.475121	0.698762	0.652233	0.2167	0.3087	0.3160	0.0850	0.4446	0.1805	0.1454
000341	A	0.521830	0.719909	0.671755	0.2333	0.3149	0.3690	0.0950	0.4718	0.1808	0.1533
000342	V	0.531250	0.744850	0.689909	0.2748	0.3426	0.3970	0.0890	0.4967	0.1747	0.1608
000343	E	0.562261	0.764045	0.705841	0.2786	0.3321	0.3920	0.0900	0.5058	0.1847	0.1666
000344	A	0.568620	0.786782	0.719666	0.2865	0.2399	0.4300	0.0720	0.5052	0.2054	0.1745
000345	H	0.546059	0.808073	0.731025	0.2657	0.2094	0.4020	0.0650	0.4937	0.2233	0.1851
000346	S	0.532142	0.825608	0.742691	0.2209	0.2399	0.4170	0.0670	0.4964	0.2303	0.1962
000347	G	0.519270	0.842576	0.755418	0.2209	0.2292	0.4370	0.0610	0.5007	0.2374	0.2093
000348	A	0.462103	0.858309	0.770579	0.4203	0.3321	0.4780	0.0770	0.5535	0.1919	0.2249
000349	S	0.403006	0.874287	0.786423	0.4967	0.4186	0.4820	0.0880	0.5768	0.1840	0.2272
000350	T	0.373691	0.887588	0.801679	0.5331	0.3356	0.4840	0.0980	0.5693	0.2069	0.2350
000351	T	0.379969	0.899497	0.815323	0.5296	0.3356	0.4990	0.1030	0.5765	0.2107	0.2466
000352	D	0.364681	0.910727	0.827693	0.4781	0.3740	0.4870	0.1130	0.5736	0.2154	0.2581
000353	S	0.343095	0.923004	0.838312	0.5331	0.4369	0.4800	0.1130	0.5924	0.2130	0.2711
000354	S	0.338340	0.932770	0.847179	0.5374	0.4220	0.5450	0.1310	0.6039	0.2155	0.2875
000355	L	0.314153	0.940187	0.853204	0.5667	0.4582	0.6070	0.1430	0.6232	0.2159	0.3048
000356	R	0.345244	0.945185	0.859555	0.5941	0.3740	0.5810	0.1430	0.6165	0.2241	0.3145
000357	P	0.387116	0.954972	0.864652	0.5846	0.3774	0.5670	0.1480	0.6226	0.2195	0.3297
000358	R	0.468699	0.961228	0.869158	0.5374	0.2645	0.5780	0.1510	0.6132	0.2367	0.3424
000359	D	0.523583	0.964526	0.870540	0.5623	0.3019	0.5790	0.1620	0.6337	0.2220	0.3609
000360	S	0.568419	0.967925	0.870297	0.4825	0.2783	0.6090	0.1660	0.6293	0.2315	0.3820
000361	F	0.608000	0.970169	0.868374	0.4781	0.2680	0.6360	0.1560	0.6381	0.2334	0.4140
000362	R	0.652531	0.971575	0.865104	0.4600	0.2715	0.5860	0.2010	0.6345	0.2351	0.4315
000363	G	0.646969	0.972034	0.860541	0.4651	0.2918	0.6130	0.2020	0.6415	0.2278	0.4121
000364	S	0.655831	0.972932	0.855869	0.4651	0.2129	0.6330	0.1770	0.6326	0.2485	0.3920
000365	R	0.611896	0.973429	0.851073	0.4918	0.2164	0.6600	0.1630	0.6341	0.2443	0.3666
000366	S	0.567483	0.973602	0.847835	0.4825	0.3053	0.6650	0.1770	0.6403	0.2226	0.3442
000367	L	0.508205	0.973657	0.844727	0.4781	0.2258	0.7040	0.1850	0.6225	0.2486	0.3210
000368	S	0.484255	0.976864	0.841568	0.4458	0.1942	0.7230	0.1720	0.6109	0.2635	0.3037
000369	F	0.449911	0.979926	0.838092	0.3806	0.1914	0.7680	0.1430	0.6012	0.2789	0.2870
000370	R	0.412404	0.981646	0.835211	0.3762	0.1373	0.7530	0.1410	0.5827	0.2950	0.2823
000371	M	0.423705	0.982803	0.833610	0.3762	0.1424	0.7610	0.1370	0.5866	0.2934	0.2735
000372	R	0.459146	0.984856	0.832545	0.4037	0.2436	0.7380	0.1490	0.6103	0.2602	0.2801
000373	E	0.527230	0.987247	0.831519	0.3992	0.1702	0.7390	0.1500	0.6091	0.2747	0.2843
000374	P	0.606987	0.988670	0.830275	0.3806	0.1671	0.7910	0.0940	0.6274	0.2803	0.2796
000375	L	0.656609	0.989745	0.828961	0.3225	0.1501	0.9300	0.0510	0.6464	0.3118	0.2780
000376	S	0.661319	0.990542	0.828361	0.3630	0.1298	0.9660	0.0230	0.6565	0.3164	0.2861
000377	S	0.658374	0.991223	0.827947	0.4116	0.1137	0.9750	0.0190	0.6630	0.3155	0.2909
000378	I	0.650084	0.992163	0.827755	0.5084	0.1671	0.9720	0.0150	0.6862	0.2880	0.2923
000379	S	0.627972	0.992725	0.826781	0.5549	0.1449	0.9650	0.0230	0.6853	0.2901	0.2954
000380	S	0.599103	0.993153	0.825413	0.6681	0.2575	0.9460	0.0350	0.7148	0.2476	0.2970
000381	V	0.534247	0.993602	0.824132	0.7034	0.2292	0.9690	0.0320	0.7090	0.2655	0.2935
000382	R	0.390239	0.993810	0.823061	0.7501	0.2436	0.9690	0.0220	0.6949	0.2829	0.2951
000383	S	0.244007	0.994190	0.823100	0.7869	0.2094	0.9760	0.0130	0.6722	0.3239	0.2842
000384	I	0.615823	0.994465	0.822931	0.8283	0.1528	0.9750	0.0150	0.7315	0.2870	0.2667