RESNUM	RES	VL-XT	VSL2B	VL3	IUPred-S	IUPred-L	PONDRFIT	FITERROR	MDP	MDPERROR	ANCHOR2
000001	M	0.159008	0.734298	0.707222	0.7034	0.0909	0.9380	0.0320	0.4376	0.3365	0.4034
000002	L	0.226846	0.724958	0.709610	0.6293	0.0929	0.9310	0.0200	0.4342	0.3175	0.4114
000003	G	0.133446	0.711741	0.710337	0.6124	0.1275	0.9500	0.0230	0.4225	0.3295	0.4188
000004	F	0.175458	0.706559	0.710598	0.5296	0.1611	0.9520	0.0300	0.4207	0.3128	0.4242
000005	V	0.243171	0.694051	0.707834	0.4918	0.1611	0.9450	0.0520	0.4225	0.2982	0.4298
000006	G	0.289113	0.682824	0.702918	0.4458	0.1162	0.9640	0.0390	0.4163	0.3056	0.4336
000007	R	0.303768	0.701097	0.703939	0.3630	0.1449	0.9830	0.0210	0.4160	0.3095	0.4288
000008	V	0.324240	0.695368	0.704691	0.2333	0.1791	0.9790	0.0290	0.4018	0.3149	0.4238
000009	A	0.347756	0.702337	0.707785	0.2080	0.1349	0.9720	0.0400	0.3941	0.3243	0.4240
000010	A	0.378650	0.691199	0.712717	0.1805	0.1671	0.9490	0.0580	0.3944	0.3148	0.4286
000011	A	0.460784	0.686098	0.715274	0.0909	0.2224	0.8900	0.1040	0.3917	0.3065	0.4325
000012	P	0.536267	0.720252	0.717469	0.1178	0.2575	0.8550	0.0810	0.4145	0.2907	0.4246
000013	A	0.606083	0.712877	0.717287	0.2041	0.3087	0.8410	0.0600	0.4454	0.2597	0.4162
000014	S	0.673128	0.735252	0.718774	0.2041	0.3087	0.7890	0.0370	0.4516	0.2569	0.4085
000015	G	0.720234	0.730208	0.719837	0.2558	0.3356	0.7830	0.0550	0.4708	0.2427	0.4019
000016	A	0.791124	0.702794	0.721977	0.3263	0.4369	0.7550	0.0610	0.5021	0.2127	0.3951
000017	L	0.866247	0.716382	0.731723	0.2432	0.4725	0.7130	0.0860	0.5018	0.2394	0.3898
000018	R	0.932982	0.731898	0.738727	0.2558	0.4369	0.6830	0.0980	0.5068	0.2533	0.3878
000019	R	0.982635	0.745092	0.743694	0.3668	0.5176	0.7460	0.0910	0.5597	0.2312	0.3886
000020	L	0.976452	0.755246	0.748964	0.3717	0.4685	0.7420	0.1030	0.5523	0.2364	0.3927
000021	T	0.965465	0.770626	0.751162	0.4333	0.4220	0.6660	0.1310	0.5429	0.2293	0.3999
000022	P	0.949954	0.790445	0.756023	0.4149	0.3740	0.6790	0.1080	0.5347	0.2408	0.4048
000023	S	0.944088	0.801925	0.759118	0.3359	0.3460	0.7380	0.0830	0.5277	0.2634	0.4085
000024	A	0.941500	0.808418	0.759112	0.3225	0.3494	0.7390	0.0790	0.5268	0.2657	0.4115
000025	S	0.939219	0.804439	0.758385	0.3399	0.3182	0.7290	0.0820	0.5218	0.2669	0.4140
000026	L	0.937605	0.804536	0.758970	0.3146	0.3494	0.7480	0.0740	0.5257	0.2667	0.4161
000027	P	0.936523	0.803159	0.762592	0.3225	0.3872	0.6810	0.0810	0.5217	0.2557	0.4191
000028	P	0.942407	0.799747	0.764039	0.4333	0.4409	0.6040	0.1060	0.5367	0.2273	0.4224
000029	A	0.947431	0.793242	0.763268	0.4245	0.3667	0.5570	0.1190	0.5149	0.2444	0.4251
000030	Q	0.950037	0.783059	0.760018	0.3847	0.3774	0.5400	0.1260	0.5058	0.2487	0.4260
000031	L	0.948595	0.765156	0.753400	0.4037	0.4901	0.5280	0.1450	0.5226	0.2269	0.4250
000032	L	0.922635	0.768227	0.743996	0.4116	0.4119	0.4710	0.1450	0.4975	0.2346	0.4244
000033	L	0.910015	0.736218	0.730283	0.4116	0.3840	0.4710	0.1330	0.4854	0.2306	0.4253
000034	R	0.875333	0.711555	0.715913	0.3399	0.3983	0.5090	0.1240	0.4724	0.2248	0.4260
000035	A	0.813837	0.733424	0.700495	0.3992	0.3392	0.5950	0.1240	0.4801	0.2097	0.4268
000036	A	0.751779	0.725206	0.685869	0.4149	0.3087	0.6020	0.1380	0.4671	0.2006	0.4273
000037	P	0.700836	0.698023	0.673499	0.4149	0.3599	0.6210	0.1490	0.4657	0.1780	0.4272
000038	T	0.692904	0.675177	0.658538	0.3535	0.3321	0.6710	0.1390	0.4540	0.1913	0.4274
000039	A	0.701576	0.688895	0.648333	0.2865	0.3117	0.6450	0.1440	0.4390	0.2071	0.4278
000040	V	0.719540	0.661979	0.629812	0.3311	0.3426	0.6110	0.1610	0.4443	0.1864	0.4273
000041	H	0.751428	0.637431	0.609741	0.3096	0.3667	0.5610	0.1820	0.4377	0.1847	0.4265
000042	P	0.766507	0.631420	0.591533	0.3668	0.4441	0.5130	0.1970	0.4536	0.1631	0.4271
000043	V	0.803401	0.601537	0.571986	0.4513	0.5620	0.5300	0.1730	0.4913	0.1438	0.4277
000044	R	0.865982	0.599802	0.552207	0.5043	0.6620	0.5040	0.1300	0.5227	0.1553	0.4263
000045	D	0.929303	0.578442	0.532057	0.5173	0.6183	0.5640	0.1020	0.5346	0.1663	0.4254
000046	Y	0.980253	0.597708	0.514542	0.5412	0.6620	0.6720	0.0780	0.5756	0.1761	0.4260
000047	A	0.991054	0.605886	0.494616	0.5331	0.6661	0.6430	0.0570	0.5732	0.1812	0.4265
000048	A	0.993543	0.607816	0.470954	0.5084	0.5807	0.7370	0.0520	0.5713	0.1920	0.4278
000049	Q	0.991830	0.625252	0.447419	0.4749	0.5807	0.7960	0.0640	0.5781	0.2036	0.4283
000050	T	0.990182	0.625224	0.423004	0.4651	0.6227	0.8460	0.0830	0.5915	0.2122	0.4279
000051	S	0.989273	0.590274	0.398000	0.5253	0.7163	0.8700	0.0880	0.6152	0.2125	0.4293
000052	P	0.987856	0.607365	0.375671	0.5126	0.5807	0.8870	0.0780	0.5959	0.2214	0.4316
000053	S	0.986590	0.649994	0.352804	0.4879	0.4685	0.8850	0.0890	0.5797	0.2367	0.4330
000054	P	0.985569	0.666587	0.330148	0.4749	0.5098	0.8660	0.1080	0.5837	0.2343	0.4299
000055	K	0.984579	0.640537	0.307857	0.3885	0.4409	0.8160	0.1410	0.5450	0.2474	0.4249
000056	A	0.981944	0.635055	0.287065	0.3359	0.3321	0.7590	0.1770	0.5074	0.2626	0.4210
000057	G	0.977877	0.556647	0.265550	0.3535	0.4256	0.6750	0.1960	0.4981	0.2398	0.4174
000058	A	0.957566	0.495935	0.241444	0.3053	0.4256	0.5930	0.1870	0.4630	0.2374	0.4131
000059	A	0.894216	0.417242	0.221742	0.3456	0.3910	0.4590	0.1520	0.4178	0.2133	0.4083
000060	T	0.818433	0.339674	0.204496	0.3005	0.3149	0.3400	0.0780	0.3522	0.2015	0.4034
000061	G	0.709612	0.258536	0.187165	0.2333	0.3215	0.2700	0.0790	0.2989	0.1772	0.3963
000062	R	0.603679	0.205911	0.173253	0.1698	0.2541	0.2380	0.0790	0.2452	0.1533	0.3889
000063	I	0.512738	0.178887	0.163565	0.1602	0.2328	0.2220	0.0830	0.2177	0.1258	0.3820
000064	V	0.421796	0.163072	0.156394	0.1060	0.1476	0.2140	0.0810	0.1753	0.1067	0.3790
000065	A	0.327150	0.129666	0.150689	0.0935	0.1373	0.1940	0.0590	0.1470	0.0795	0.3794
000066	V	0.239570	0.110590	0.147047	0.0514	0.1528	0.1840	0.0460	0.1231	0.0633	0.3824
000067	I	0.177569	0.096667	0.143659	0.0744	0.1791	0.1840	0.0510	0.1187	0.0491	0.3864
000068	G	0.151601	0.089346	0.140098	0.0789	0.1184	0.1710	0.0500	0.1015	0.0403	0.3922
000069	A	0.136333	0.089322	0.134937	0.0991	0.1611	0.1930	0.0790	0.1131	0.0417	0.3994
000070	V	0.162408	0.093672	0.127332	0.0660	0.2129	0.2020	0.0970	0.1228	0.0578	0.4065
000071	V	0.192574	0.107884	0.126861	0.0832	0.1323	0.1920	0.0890	0.1180	0.0459	0.4155
000072	D	0.197430	0.130080	0.126471	0.1041	0.0851	0.1770	0.0700	0.1156	0.0444	0.4266
000073	V	0.248820	0.153087	0.128262	0.0542	0.0909	0.1860	0.0670	0.1221	0.0667	0.4297
000074	Q	0.307364	0.172498	0.131693	0.0526	0.1275	0.1920	0.0620	0.1420	0.0807	0.4170
000075	F	0.359262	0.197288	0.138767	0.0813	0.1206	0.2110	0.0510	0.1616	0.0926	0.4028
000076	D	0.405520	0.218893	0.141865	0.0813	0.1528	0.2020	0.0570	0.1768	0.1046	0.3936
000077	E	0.446727	0.214166	0.142153	0.0660	0.1501	0.2030	0.0800	0.1800	0.1212	0.3865
000078	G	0.513920	0.216470	0.142409	0.1240	0.2399	0.2110	0.0900	0.2176	0.1309	0.3810
000079	L	0.573816	0.213597	0.146332	0.0744	0.2364	0.2020	0.0860	0.2168	0.1598	0.3779
000080	P	0.618293	0.199961	0.149169	0.0935	0.2680	0.1810	0.0780	0.2269	0.1739	0.3779
000081	P	0.668104	0.197183	0.155921	0.1380	0.3494	0.1860	0.0660	0.2564	0.1874	0.3805
000082	I	0.684349	0.202411	0.166307	0.1844	0.4292	0.2160	0.0700	0.2861	0.1896	0.3862
000083	L	0.698666	0.204826	0.171205	0.1878	0.4119	0.1870	0.0510	0.2817	0.1944	0.3937
000084	N	0.713730	0.212000	0.174744	0.2602	0.3983	0.1580	0.0450	0.2904	0.1953	0.4062
000085	A	0.724720	0.248484	0.177651	0.2385	0.3182	0.1660	0.0470	0.2827	0.1934	0.4165
000086	L	0.750347	0.260607	0.181380	0.2558	0.3356	0.1660	0.0420	0.2948	0.2006	0.4296
000087	E	0.748184	0.262753	0.185260	0.1805	0.3392	0.1650	0.0420	0.2827	0.2057	0.4262
000088	V	0.736863	0.281137	0.194326	0.1088	0.2541	0.1920	0.0640	0.2622	0.2077	0.4158
000089	Q	0.734251	0.317985	0.206582	0.1205	0.2224	0.1970	0.0780	0.2653	0.2056	0.4058
000090	G	0.741511	0.319120	0.217909	0.1416	0.3087	0.2140	0.0990	0.2875	0.1996	0.3992
000091	R	0.742719	0.317987	0.230372	0.1041	0.2884	0.2140	0.1030	0.2778	0.2059	0.3924
000092	E	0.744551	0.329224	0.244691	0.0832	0.1823	0.2050	0.0990	0.2575	0.2165	0.3909
000093	T	0.747835	0.320088	0.258700	0.1532	0.2645	0.2040	0.1020	0.2816	0.2009	0.3902
000094	R	0.747276	0.288560	0.273851	0.1602	0.3566	0.1940	0.0950	0.2911	0.1997	0.3885
000095	L	0.736418	0.272411	0.286139	0.1602	0.3460	0.1710	0.0680	0.2810	0.1993	0.3907
000096	V	0.727659	0.271545	0.297446	0.1998	0.3840	0.1560	0.0580	0.2899	0.1944	0.3912
000097	L	0.722286	0.268358	0.301358	0.3005	0.3948	0.1490	0.0470	0.3059	0.1858	0.3942
000098	E	0.728575	0.275616	0.305839	0.2865	0.3774	0.1510	0.0440	0.3031	0.1874	0.3959
000099	V	0.706107	0.282138	0.307374	0.3053	0.4541	0.1640	0.0500	0.3186	0.1799	0.3963
000100	A	0.673783	0.292107	0.308483	0.3005	0.3566	0.1660	0.0560	0.2982	0.1643	0.3989
000101	Q	0.654232	0.308572	0.307575	0.2963	0.3249	0.1840	0.0620	0.2947	0.1543	0.3993
000102	H	0.640108	0.321598	0.307113	0.2292	0.2918	0.2040	0.0620	0.2811	0.1527	0.4040
000103	L	0.643198	0.346896	0.309393	0.1844	0.2884	0.2040	0.0640	0.2777	0.1600	0.4075
000104	G	0.657111	0.365108	0.309302	0.1667	0.2783	0.1970	0.0650	0.2773	0.1692	0.4120
000105	E	0.662627	0.381524	0.310721	0.1844	0.2884	0.2080	0.0700	0.2875	0.1669	0.4173
000106	S	0.673322	0.380912	0.310152	0.2700	0.3807	0.2080	0.0750	0.3189	0.1570	0.4223
000107	T	0.661585	0.381414	0.312265	0.3311	0.4507	0.1940	0.0710	0.3365	0.1536	0.4266
000108	V	0.674055	0.363801	0.318479	0.4245	0.4507	0.1850	0.0670	0.3496	0.1578	0.4288
000109	R	0.696699	0.368119	0.323847	0.4116	0.3631	0.1760	0.0640	0.3360	0.1649	0.4325
000110	T	0.716141	0.360810	0.327023	0.4078	0.4330	0.1750	0.0620	0.3488	0.1714	0.4242
000111	I	0.725844	0.351550	0.329756	0.3668	0.4619	0.1750	0.0610	0.3469	0.1766	0.4183
000112	A	0.687497	0.350911	0.326399	0.3668	0.4619	0.1690	0.0560	0.3393	0.1665	0.4107
000113	M	0.644715	0.363109	0.318228	0.3578	0.4441	0.1770	0.0600	0.3312	0.1509	0.4066
000114	D	0.617124	0.369768	0.314005	0.4513	0.4541	0.1840	0.0610	0.3460	0.1439	0.4076
000115	G	0.597196	0.382582	0.310997	0.4420	0.3704	0.1930	0.0660	0.3309	0.1335	0.4108
000116	T	0.598842	0.384713	0.309129	0.3717	0.3704	0.2010	0.0740	0.3210	0.1297	0.4131
000117	E	0.611184	0.380470	0.307401	0.2913	0.3704	0.1990	0.0780	0.3087	0.1371	0.4156
000118	G	0.616289	0.379426	0.307399	0.3053	0.3599	0.2000	0.0740	0.3102	0.1373	0.4172
000119	L	0.605330	0.379311	0.304908	0.3762	0.3948	0.2060	0.0730	0.3269	0.1306	0.4183
000120	V	0.587465	0.383285	0.300719	0.3847	0.4220	0.2120	0.0730	0.3316	0.1254	0.4225
000121	R	0.589574	0.396106	0.297068	0.3535	0.3215	0.2070	0.0650	0.3113	0.1276	0.4270
000122	G	0.580087	0.424665	0.297276	0.4600	0.4087	0.1920	0.0570	0.3442	0.1323	0.4295
000123	Q	0.568386	0.424479	0.289546	0.4116	0.3460	0.1930	0.0540	0.3239	0.1268	0.4331
000124	K	0.589879	0.407589	0.283508	0.4282	0.4087	0.1940	0.0550	0.3381	0.1323	0.4335
000125	V	0.575717	0.392107	0.276944	0.3399	0.3215	0.2050	0.0520	0.3058	0.1243	0.4306
000126	L	0.566521	0.392174	0.277493	0.3668	0.3182	0.2190	0.0510	0.3104	0.1190	0.4270
000127	D	0.550903	0.381854	0.278628	0.3053	0.3392	0.2200	0.0520	0.2995	0.1142	0.4259
000128	S	0.523438	0.384133	0.280728	0.2963	0.3392	0.2230	0.0490	0.2944	0.1063	0.4252
000129	G	0.522949	0.390588	0.280626	0.3225	0.3494	0.2220	0.0500	0.3013	0.1053	0.4253
000130	A	0.521538	0.393780	0.283739	0.4078	0.3460	0.2260	0.0510	0.3159	0.1055	0.4250
000131	P	0.564796	0.396423	0.286914	0.4703	0.4119	0.2330	0.0530	0.3460	0.1201	0.4237
000132	I	0.611707	0.400109	0.290610	0.3992	0.4119	0.2320	0.0520	0.3425	0.1283	0.4229
000133	K	0.622178	0.406713	0.292453	0.4037	0.3249	0.2200	0.0650	0.3295	0.1357	0.4239
000134	I	0.644826	0.409654	0.292666	0.3992	0.2849	0.2250	0.0740	0.3273	0.1451	0.4232
000135	P	0.643110	0.414710	0.292115	0.3263	0.2988	0.2110	0.0780	0.3156	0.1466	0.4220
000136	V	0.655342	0.407972	0.292898	0.3668	0.3019	0.2150	0.0760	0.3245	0.1482	0.4228
000137	G	0.695531	0.400716	0.294094	0.4333	0.2951	0.2190	0.0730	0.3405	0.1619	0.4225
000138	P	0.698181	0.384274	0.295801	0.3535	0.2752	0.2360	0.0820	0.3246	0.1607	0.4203
000139	E	0.737566	0.378324	0.293067	0.2820	0.2918	0.2340	0.0690	0.3206	0.1769	0.4186
000140	T	0.749107	0.362819	0.298011	0.2820	0.3215	0.2260	0.0690	0.3236	0.1800	0.4175
000141	L	0.751797	0.362059	0.301594	0.3311	0.2645	0.2060	0.0610	0.3192	0.1850	0.4156
000142	G	0.748342	0.379553	0.308876	0.3263	0.2503	0.1950	0.0600	0.3166	0.1869	0.4151
000143	R	0.760996	0.352200	0.316364	0.3399	0.3566	0.1910	0.0680	0.3335	0.1844	0.4132
000144	I	0.779874	0.349848	0.326371	0.3630	0.3599	0.1780	0.0610	0.3385	0.1923	0.4103
000145	M	0.791928	0.357051	0.333451	0.4556	0.4476	0.1680	0.0580	0.3700	0.1974	0.4097
000146	N	0.787648	0.366304	0.344199	0.4245	0.4507	0.1650	0.0540	0.3656	0.1956	0.4129
000147	V	0.811200	0.390259	0.354052	0.4918	0.4292	0.1710	0.0530	0.3822	0.2016	0.4147
000148	I	0.818447	0.393027	0.361454	0.5126	0.4220	0.1740	0.0520	0.3866	0.2040	0.4169
000149	G	0.807091	0.426993	0.366155	0.4116	0.4051	0.1820	0.0490	0.3722	0.1961	0.4215
000150	E	0.786161	0.470875	0.369537	0.3939	0.3807	0.1920	0.0480	0.3706	0.1894	0.4253
000151	P	0.777915	0.501569	0.372298	0.3992	0.3774	0.2040	0.0510	0.3767	0.1857	0.4305
000152	I	0.762029	0.506936	0.373379	0.4600	0.3599	0.2380	0.0610	0.3878	0.1746	0.4305
000153	D	0.742158	0.515514	0.372352	0.4703	0.3286	0.2280	0.0640	0.3807	0.1746	0.4288
000154	E	0.725107	0.534956	0.378670	0.3885	0.3599	0.2310	0.0670	0.3733	0.1685	0.4246
000155	R	0.729625	0.545923	0.383241	0.4333	0.3566	0.2300	0.0700	0.3826	0.1701	0.4177
000156	G	0.726208	0.539599	0.384035	0.4825	0.4017	0.2310	0.0710	0.3968	0.1652	0.4115
000157	P	0.713385	0.521391	0.378178	0.4078	0.3599	0.2360	0.0680	0.3731	0.1622	0.4106
000158	I	0.722104	0.509143	0.372684	0.4781	0.4441	0.2400	0.0550	0.3990	0.1585	0.4073
000159	K	0.735752	0.503306	0.371806	0.5043	0.5017	0.2240	0.0550	0.4116	0.1668	0.4060
000160	T	0.733902	0.494144	0.372527	0.5173	0.5382	0.2250	0.0610	0.4180	0.1680	0.4073
000161	K	0.736618	0.474199	0.372868	0.4651	0.5382	0.2160	0.0580	0.4050	0.1698	0.4068
000162	Q	0.717438	0.463946	0.374559	0.4703	0.4017	0.2140	0.0580	0.3779	0.1625	0.4100
000163	F	0.697871	0.436068	0.374528	0.5514	0.4541	0.2250	0.0560	0.3941	0.1588	0.4190
000164	A	0.647400	0.403144	0.374401	0.4513	0.4582	0.2060	0.0520	0.3610	0.1447	0.4213
000165	P	0.621977	0.390155	0.372648	0.3992	0.4017	0.1970	0.0600	0.3350	0.1381	0.4270
000166	I	0.628116	0.379911	0.371338	0.4203	0.4051	0.2240	0.0630	0.3428	0.1340	0.4323
000167	H	0.630119	0.396300	0.367353	0.3717	0.3392	0.2320	0.0620	0.3281	0.1346	0.4209
000168	A	0.643649	0.417235	0.362358	0.3491	0.3286	0.2680	0.0830	0.3345	0.1341	0.4163
000169	E	0.659446	0.453515	0.356231	0.3399	0.4256	0.2800	0.1030	0.3598	0.1352	0.4081
000170	A	0.675704	0.495617	0.351701	0.3630	0.4507	0.2710	0.0950	0.3759	0.1424	0.4035
000171	P	0.719658	0.503380	0.340741	0.3630	0.3529	0.3000	0.1050	0.3731	0.1550	0.3971
000172	E	0.758571	0.516068	0.331619	0.3885	0.2849	0.3870	0.1250	0.3892	0.1667	0.3921
000173	F	0.812406	0.510600	0.320917	0.2865	0.2129	0.4220	0.1340	0.3741	0.2039	0.3905
000174	M	0.838889	0.495769	0.312146	0.2820	0.3215	0.3530	0.1320	0.3818	0.2005	0.4017
000175	E	0.839127	0.451978	0.301266	0.2333	0.3494	0.3280	0.1250	0.3670	0.2058	0.4123
000176	M	0.832486	0.429845	0.292395	0.2041	0.2328	0.3390	0.0980	0.3398	0.2172	0.4273
000177	S	0.822212	0.382791	0.280176	0.2820	0.3182	0.3030	0.0910	0.3513	0.1984	0.4190
000178	V	0.804791	0.333792	0.266776	0.1844	0.2436	0.2740	0.0770	0.3067	0.2123	0.3912
000179	E	0.772948	0.306568	0.255879	0.2080	0.2094	0.2100	0.0740	0.2845	0.2069	0.3683
000180	Q	0.748657	0.289464	0.244970	0.1349	0.2064	0.2030	0.0800	0.2638	0.2080	0.3386
000181	E	0.732938	0.246863	0.232139	0.1060	0.1671	0.1810	0.0740	0.2390	0.2123	0.3142
000182	I	0.670136	0.201050	0.219819	0.0991	0.0909	0.1700	0.0640	0.2052	0.2008	0.2852
000183	L	0.609256	0.174533	0.208921	0.0490	0.0676	0.1510	0.0510	0.1752	0.1905	0.2619
000184	V	0.523198	0.135075	0.196558	0.0464	0.1424	0.1140	0.0330	0.1602	0.1576	0.2382
000185	T	0.443138	0.107794	0.183103	0.0425	0.1070	0.0920	0.0210	0.1321	0.1355	0.2259
000186	G	0.357363	0.098006	0.170306	0.0478	0.0799	0.0830	0.0190	0.1110	0.1081	0.2131
000187	I	0.280209	0.084276	0.159732	0.0304	0.0967	0.0790	0.0170	0.0950	0.0847	0.2017
000188	K	0.217211	0.080450	0.151284	0.0218	0.0948	0.0720	0.0170	0.0810	0.0674	0.1947
000189	V	0.147136	0.082583	0.142858	0.0336	0.1373	0.0670	0.0180	0.0779	0.0495	0.1887
000190	V	0.070394	0.087214	0.136182	0.0304	0.1206	0.0630	0.0220	0.0619	0.0422	0.1819
000191	D	0.040031	0.091736	0.130557	0.0279	0.0690	0.0660	0.0260	0.0491	0.0401	0.1773
000192	L	0.010485	0.108372	0.125132	0.0245	0.0605	0.0780	0.0290	0.0470	0.0463	0.1661
000193	L	0.007634	0.129296	0.119443	0.0194	0.0631	0.0930	0.0240	0.0520	0.0505	0.1569
000194	A	0.002984	0.145919	0.113996	0.0316	0.0555	0.0940	0.0190	0.0551	0.0525	0.1464
000195	P	0.002223	0.171409	0.108861	0.0279	0.0817	0.0970	0.0140	0.0634	0.0580	0.1421
000196	Y	0.002267	0.205450	0.104237	0.0124	0.0765	0.1290	0.0230	0.0709	0.0715	0.1337
000197	A	0.002230	0.237182	0.100615	0.0118	0.0631	0.1390	0.0220	0.0756	0.0821	0.1296
000198	K	0.001848	0.273680	0.095812	0.0226	0.1048	0.1660	0.0320	0.0949	0.0922	0.1274
000199	G	0.001781	0.314029	0.092307	0.0157	0.0704	0.2040	0.0400	0.1009	0.1111	0.1244
000200	G	0.002621	0.351974	0.089810	0.0268	0.1028	0.2190	0.0450	0.1173	0.1210	0.1211
000201	K	0.003032	0.343661	0.086348	0.0252	0.1424	0.2190	0.0500	0.1223	0.1181	0.1183
000202	I	0.003119	0.344487	0.085717	0.0200	0.1399	0.2130	0.0470	0.1201	0.1185	0.1163
000203	G	0.005896	0.335813	0.085490	0.0376	0.1476	0.1920	0.0500	0.1198	0.1107	0.1208
000204	L	0.006441	0.310298	0.084353	0.0621	0.1449	0.1750	0.0440	0.1164	0.0982	0.1277
000205	F	0.007492	0.285252	0.082664	0.0526	0.1070	0.1550	0.0300	0.1012	0.0897	0.1322
000206	G	0.008064	0.278596	0.084072	0.0259	0.0704	0.1100	0.0200	0.0821	0.0896	0.1271
000207	G	0.008486	0.250730	0.083509	0.0279	0.1298	0.0860	0.0220	0.0838	0.0804	0.1274
000208	A	0.008920	0.226993	0.084667	0.0286	0.0967	0.0670	0.0160	0.0714	0.0716	0.1284
000209	G	0.009287	0.203294	0.086386	0.0316	0.0592	0.0580	0.0140	0.0603	0.0640	0.1302
000210	V	0.009972	0.186513	0.087949	0.0194	0.0631	0.0540	0.0200	0.0554	0.0601	0.1316
000211	G	0.010912	0.171896	0.090653	0.0109	0.0690	0.0440	0.0170	0.0512	0.0573	0.1348
000212	K	0.016691	0.159952	0.091373	0.0116	0.0454	0.0350	0.0090	0.0447	0.0539	0.1388
000213	T	0.020388	0.135334	0.092316	0.0268	0.0631	0.0310	0.0080	0.0461	0.0440	0.1448
000214	V	0.023579	0.111953	0.093958	0.0160	0.0618	0.0280	0.0060	0.0402	0.0398	0.1462
000215	L	0.027683	0.090806	0.094924	0.0268	0.0799	0.0260	0.0070	0.0419	0.0349	0.1473
000216	I	0.027515	0.084546	0.095618	0.0490	0.1449	0.0310	0.0100	0.0561	0.0443	0.1466
000217	M	0.027779	0.084772	0.096700	0.0405	0.1449	0.0350	0.0130	0.0555	0.0446	0.1546
000218	E	0.027324	0.092197	0.096965	0.0441	0.1449	0.0410	0.0150	0.0583	0.0440	0.1584
000219	L	0.026492	0.110730	0.097772	0.0567	0.1070	0.0670	0.0210	0.0614	0.0344	0.1574
000220	I	0.025732	0.142898	0.098588	0.0587	0.1092	0.0830	0.0230	0.0699	0.0407	0.1547
000221	N	0.017605	0.162750	0.098463	0.0567	0.1092	0.0900	0.0150	0.0726	0.0478	0.1550
000222	N	0.013794	0.209997	0.099158	0.0643	0.0592	0.1280	0.0270	0.0793	0.0643	0.1567
000223	V	0.010497	0.250855	0.098637	0.0441	0.0494	0.1670	0.0400	0.0869	0.0841	0.1625
000224	A	0.013885	0.255805	0.097773	0.0259	0.0463	0.1850	0.0350	0.0878	0.0902	0.1674
000225	K	0.015629	0.270487	0.098283	0.0316	0.0463	0.1940	0.0270	0.0929	0.0945	0.1744
000226	A	0.018270	0.310948	0.100746	0.0526	0.0749	0.1780	0.0350	0.1059	0.0990	0.1810
000227	H	0.027549	0.293039	0.102391	0.0621	0.1399	0.1510	0.0340	0.1123	0.0864	0.1905
000228	G	0.084946	0.280159	0.103525	0.0813	0.1731	0.1350	0.0350	0.1258	0.0711	0.1939
000229	G	0.144410	0.299441	0.108130	0.0858	0.1671	0.1370	0.0430	0.1390	0.0711	0.2039
000230	Y	0.207516	0.305135	0.111837	0.1292	0.2436	0.1620	0.0560	0.1746	0.0696	0.2208
000231	S	0.267940	0.281635	0.113443	0.1921	0.3460	0.1330	0.0470	0.2034	0.0855	0.2396
000232	V	0.307416	0.292284	0.114578	0.1921	0.3321	0.1330	0.0490	0.2094	0.0882	0.2569
000233	F	0.325799	0.308492	0.112814	0.2080	0.3356	0.1470	0.0620	0.2208	0.0906	0.2713
000234	A	0.350171	0.325545	0.109671	0.2700	0.4186	0.1900	0.0920	0.2590	0.1044	0.2746
000235	G	0.396010	0.354162	0.106852	0.3146	0.3704	0.2510	0.1170	0.2810	0.0991	0.2804
000236	V	0.434554	0.406645	0.105640	0.3263	0.2918	0.2930	0.1170	0.2921	0.1075	0.2920
000237	G	0.439340	0.432842	0.102432	0.2963	0.3286	0.3410	0.1270	0.3063	0.1133	0.3044
000238	E	0.458401	0.458915	0.101508	0.2122	0.3426	0.3830	0.1040	0.3092	0.1315	0.3243
000239	R	0.477866	0.521333	0.104011	0.2292	0.3053	0.4150	0.1120	0.3248	0.1463	0.3470
000240	T	0.506154	0.575653	0.108203	0.2432	0.2224	0.4190	0.1130	0.3277	0.1674	0.3643
000241	R	0.553754	0.582933	0.113506	0.2913	0.3286	0.4060	0.1320	0.3605	0.1611	0.3746
000242	E	0.612681	0.608896	0.120488	0.2122	0.3286	0.3660	0.1090	0.3547	0.1858	0.3825
000243	G	0.672906	0.628292	0.127525	0.2865	0.3948	0.3280	0.1000	0.3851	0.1921	0.3892
000244	N	0.706931	0.581836	0.133259	0.3806	0.4292	0.3090	0.0960	0.4012	0.1860	0.3983
000245	D	0.739538	0.516043	0.136058	0.4149	0.3774	0.2980	0.1010	0.3909	0.1878	0.4144
000246	L	0.746228	0.450490	0.141797	0.3668	0.3872	0.2950	0.1170	0.3743	0.1847	0.4267
000247	Y	0.736759	0.390359	0.144556	0.3578	0.3774	0.2400	0.1170	0.3503	0.1854	0.4304
000248	H	0.697186	0.343892	0.145408	0.3668	0.3740	0.1900	0.0890	0.3286	0.1791	0.4337
000249	E	0.654857	0.301290	0.145840	0.2865	0.3667	0.1690	0.0770	0.2964	0.1695	0.4234
000250	M	0.580380	0.271301	0.145553	0.2865	0.3321	0.1620	0.0740	0.2720	0.1455	0.4147
000251	I	0.505626	0.248781	0.145726	0.3053	0.3286	0.1590	0.0780	0.2578	0.1233	0.4044
000252	E	0.423936	0.245585	0.146126	0.2786	0.3286	0.1340	0.0610	0.2351	0.1037	0.3982
000253	S	0.345326	0.246616	0.147284	0.2657	0.3019	0.1300	0.0530	0.2150	0.0815	0.3929
000254	G	0.280527	0.258218	0.148885	0.2786	0.2364	0.1140	0.0300	0.1946	0.0693	0.3862
000255	V	0.218205	0.269057	0.149857	0.2748	0.1942	0.1100	0.0250	0.1777	0.0647	0.3813
000256	I	0.150307	0.276542	0.150764	0.2041	0.1206	0.1060	0.0210	0.1430	0.0626	0.3756
000257	N	0.108353	0.315410	0.150018	0.2432	0.1298	0.1130	0.0240	0.1517	0.0807	0.3725
000258	L	0.064372	0.337250	0.146578	0.2531	0.1298	0.1490	0.0460	0.1556	0.0927	0.3730
000259	K	0.061974	0.344200	0.144455	0.1878	0.1229	0.1860	0.0680	0.1506	0.0902	0.3718
000260	D	0.052954	0.329409	0.139002	0.1150	0.1162	0.2240	0.0840	0.1396	0.0929	0.3754
000261	A	0.051351	0.308434	0.134627	0.1380	0.1137	0.3090	0.1490	0.1535	0.1008	0.3755
000262	T	0.059280	0.297213	0.135647	0.2080	0.1881	0.3260	0.1670	0.1798	0.0936	0.3778
000263	S	0.071589	0.258663	0.137907	0.1635	0.1881	0.2460	0.0880	0.1547	0.0678	0.3772
000264	K	0.094348	0.237204	0.143961	0.1635	0.2193	0.1640	0.0570	0.1465	0.0530	0.3767
000265	V	0.178393	0.228817	0.151476	0.1766	0.2541	0.1330	0.0680	0.1619	0.0490	0.3820
000266	A	0.279208	0.213228	0.156932	0.2602	0.3149	0.1210	0.0650	0.1980	0.0731	0.3881
000267	L	0.381492	0.197174	0.159843	0.3668	0.3667	0.1250	0.0690	0.2396	0.1109	0.3934
000268	V	0.471897	0.215186	0.161905	0.3630	0.3599	0.1510	0.0720	0.2601	0.1218	0.3943
000269	Y	0.571940	0.234664	0.161773	0.3885	0.4051	0.1990	0.0970	0.2999	0.1452	0.3924
000270	G	0.651003	0.269193	0.156074	0.3885	0.4149	0.2350	0.1090	0.3265	0.1621	0.3883
000271	Q	0.733942	0.333942	0.149525	0.3359	0.3356	0.2850	0.1200	0.3374	0.1804	0.3838
000272	M	0.808368	0.410294	0.141919	0.3668	0.3392	0.3660	0.1510	0.3818	0.2011	0.3815
000273	N	0.873287	0.475619	0.132141	0.2865	0.2541	0.4060	0.1540	0.3825	0.2375	0.3747
000274	E	0.890752	0.545468	0.124498	0.2531	0.2575	0.4100	0.1430	0.3927	0.2521	0.3701
000275	P	0.891380	0.597084	0.118978	0.1732	0.2609	0.3860	0.1400	0.3848	0.2685	0.3647
000276	P	0.890740	0.590668	0.115219	0.2292	0.2503	0.3170	0.1080	0.3796	0.2643	0.3511
000277	G	0.885329	0.555060	0.108938	0.2602	0.2884	0.2910	0.1110	0.3800	0.2550	0.3311
000278	A	0.875972	0.502544	0.105973	0.2333	0.3019	0.2420	0.0970	0.3593	0.2532	0.3138
000279	R	0.849192	0.441183	0.105077	0.2963	0.3356	0.1690	0.0670	0.3485	0.2428	0.2965
000280	A	0.785749	0.371650	0.104672	0.2963	0.4441	0.1400	0.0510	0.3396	0.2265	0.2803
000281	R	0.701836	0.316675	0.103622	0.2602	0.3599	0.1200	0.0440	0.2932	0.1995	0.2690
000282	V	0.624605	0.265164	0.102400	0.2700	0.2541	0.1140	0.0430	0.2547	0.1733	0.2610
000283	A	0.542683	0.227838	0.100912	0.2255	0.3019	0.1050	0.0400	0.2338	0.1497	0.2584
000284	L	0.460762	0.186603	0.097470	0.1532	0.3019	0.1000	0.0380	0.2004	0.1299	0.2593
000285	T	0.377522	0.162673	0.094525	0.1380	0.2918	0.0910	0.0330	0.1768	0.1075	0.2633
000286	G	0.308364	0.145498	0.092048	0.1266	0.2817	0.0800	0.0230	0.1570	0.0910	0.2665
000287	L	0.239972	0.128057	0.089815	0.1117	0.2436	0.0790	0.0230	0.1338	0.0692	0.2764
000288	T	0.216773	0.127580	0.087780	0.1240	0.2575	0.0780	0.0230	0.1340	0.0676	0.2887
000289	V	0.213622	0.142784	0.088490	0.1495	0.3019	0.0720	0.0180	0.1466	0.0792	0.2981
000290	A	0.204193	0.168444	0.088472	0.1602	0.2328	0.0700	0.0210	0.1392	0.0601	0.3142
000291	E	0.196950	0.202572	0.089711	0.1998	0.1914	0.0740	0.0210	0.1441	0.0569	0.3322
000292	Y	0.182794	0.240958	0.090518	0.1322	0.1275	0.0880	0.0220	0.1285	0.0558	0.3510
000293	F	0.167937	0.281418	0.087846	0.1178	0.1048	0.0900	0.0250	0.1270	0.0695	0.3672
000294	R	0.152911	0.311277	0.084543	0.0832	0.0765	0.0870	0.0220	0.1185	0.0851	0.3782
000295	D	0.128317	0.336624	0.078453	0.0789	0.1298	0.0980	0.0260	0.1286	0.0905	0.3866
000296	Q	0.110816	0.322290	0.071740	0.0414	0.1349	0.1030	0.0220	0.1188	0.0914	0.3925
000297	E	0.082440	0.302215	0.066166	0.0455	0.0851	0.1030	0.0220	0.1030	0.0867	0.4022
000298	G	0.057525	0.267219	0.063665	0.0858	0.0734	0.0850	0.0160	0.0947	0.0739	0.4076
000299	Q	0.057630	0.226627	0.062788	0.0455	0.0734	0.0700	0.0170	0.0788	0.0630	0.4222
000300	D	0.057821	0.167501	0.063690	0.0425	0.0581	0.0620	0.0170	0.0646	0.0432	0.4258
000301	V	0.059752	0.131966	0.064503	0.0526	0.0734	0.0530	0.0170	0.0618	0.0295	0.4041
000302	L	0.062345	0.097301	0.064568	0.0252	0.0690	0.0470	0.0120	0.0501	0.0244	0.3837
000303	L	0.070390	0.069187	0.064116	0.0414	0.0967	0.0410	0.0090	0.0531	0.0218	0.3699
000304	F	0.075477	0.056150	0.063841	0.0723	0.1643	0.0400	0.0100	0.0681	0.0414	0.3621
000305	I	0.077042	0.051384	0.063435	0.0587	0.1611	0.0420	0.0110	0.0650	0.0411	0.3610
000306	D	0.080693	0.046804	0.061736	0.0526	0.1702	0.0430	0.0110	0.0656	0.0451	0.3572
000307	N	0.078848	0.050461	0.061086	0.0502	0.1184	0.0480	0.0110	0.0576	0.0270	0.3550
000308	I	0.071383	0.059992	0.060730	0.0514	0.1048	0.0480	0.0090	0.0559	0.0215	0.3531
000309	F	0.064737	0.066265	0.061544	0.0308	0.0888	0.0490	0.0100	0.0499	0.0204	0.3500
000310	R	0.064587	0.091870	0.062464	0.0308	0.0531	0.0590	0.0130	0.0500	0.0208	0.3616
000311	F	0.064463	0.145073	0.063935	0.0231	0.0306	0.0990	0.0310	0.0604	0.0428	0.3738
000312	T	0.062106	0.187469	0.066580	0.0245	0.0454	0.1450	0.0540	0.0773	0.0589	0.3984
000313	Q	0.060548	0.216596	0.070464	0.0259	0.0765	0.1950	0.0810	0.0957	0.0725	0.4237
000314	A	0.058476	0.272355	0.076253	0.0455	0.0734	0.2370	0.0850	0.1144	0.0921	0.4235
000315	G	0.057167	0.317640	0.085330	0.0832	0.1583	0.2790	0.0800	0.1493	0.1019	0.4067
000316	S	0.077859	0.329741	0.093649	0.0884	0.2328	0.2990	0.0870	0.1713	0.1055	0.3988
000317	E	0.106937	0.346673	0.108378	0.1018	0.1942	0.3200	0.0800	0.1783	0.1037	0.3899
000318	V	0.210820	0.360804	0.123653	0.1018	0.1323	0.3810	0.0990	0.1978	0.1150	0.3811
000319	S	0.312078	0.349606	0.133052	0.1456	0.2034	0.3890	0.1100	0.2332	0.1021	0.3724
000320	A	0.413151	0.311979	0.144946	0.1667	0.2193	0.3850	0.1100	0.2494	0.1064	0.3633
000321	L	0.508817	0.319274	0.157878	0.1732	0.2292	0.3540	0.1010	0.2641	0.1237	0.3631
000322	L	0.609631	0.297406	0.165940	0.1921	0.3599	0.2990	0.0890	0.2930	0.1478	0.3619
000323	G	0.706921	0.266301	0.174361	0.1958	0.3599	0.2140	0.0650	0.2906	0.1857	0.3673
000324	R	0.799168	0.269762	0.183722	0.2209	0.2752	0.1780	0.0710	0.2905	0.2192	0.3730
000325	I	0.880613	0.271044	0.188878	0.2558	0.2783	0.1820	0.0660	0.3114	0.2455	0.3804
000326	P	0.951027	0.256704	0.192224	0.1921	0.2849	0.1570	0.0580	0.3069	0.2789	0.3876
000327	S	0.945225	0.258962	0.196493	0.1667	0.2988	0.1670	0.0560	0.3061	0.2773	0.3893
000328	A	0.943142	0.279010	0.204611	0.1456	0.2364	0.1770	0.0530	0.2968	0.2791	0.3929
000329	V	0.943427	0.273768	0.210324	0.2255	0.2988	0.1860	0.0620	0.3212	0.2676	0.4003
000330	G	0.942447	0.274634	0.215373	0.1921	0.3019	0.1820	0.0630	0.3155	0.2702	0.4063
000331	Y	0.942295	0.309607	0.223814	0.2255	0.2884	0.1680	0.0470	0.3224	0.2672	0.4114
000332	Q	0.945587	0.338563	0.228758	0.3005	0.3740	0.1410	0.0400	0.3499	0.2635	0.4140
000333	P	0.948037	0.340652	0.233544	0.3535	0.4766	0.1570	0.0440	0.3794	0.2600	0.4176
000334	T	0.939871	0.358645	0.240855	0.3578	0.4766	0.1910	0.0610	0.3873	0.2500	0.4209
000335	L	0.934438	0.394450	0.251552	0.3806	0.3872	0.2200	0.0700	0.3861	0.2403	0.4260
000336	A	0.924137	0.405471	0.261553	0.4879	0.4766	0.2380	0.0740	0.4220	0.2307	0.4279
000337	T	0.874932	0.415908	0.277714	0.3762	0.4476	0.2290	0.0670	0.3907	0.2150	0.4285
000338	D	0.831038	0.442407	0.290722	0.3717	0.4541	0.2500	0.0710	0.3915	0.1960	0.4315
000339	M	0.798581	0.463601	0.302171	0.4037	0.4766	0.2500	0.0720	0.3987	0.1833	0.4316
000340	G	0.731264	0.470965	0.312302	0.4651	0.5342	0.2710	0.0780	0.4121	0.1596	0.4270
000341	T	0.663948	0.489833	0.320361	0.4458	0.5342	0.2640	0.0930	0.3996	0.1432	0.4220
000342	M	0.628505	0.510981	0.328421	0.5173	0.6427	0.2240	0.0820	0.4205	0.1620	0.4191
000343	Q	0.587383	0.526389	0.333309	0.5126	0.5176	0.1910	0.0830	0.3891	0.1486	0.4160
000344	E	0.549442	0.537821	0.334059	0.4825	0.4831	0.2000	0.0780	0.3755	0.1367	0.4131
000345	R	0.515052	0.542905	0.333928	0.4245	0.4801	0.2320	0.0670	0.3657	0.1220	0.4087
000346	I	0.495032	0.559019	0.330748	0.4781	0.4940	0.2720	0.0690	0.3830	0.1154	0.4031
000347	T	0.453029	0.575491	0.328064	0.5126	0.5382	0.2740	0.0650	0.3923	0.1232	0.3976
000348	T	0.396127	0.596623	0.320643	0.4600	0.4979	0.3060	0.0720	0.3761	0.1147	0.3938
000349	T	0.389366	0.600713	0.310060	0.4556	0.3983	0.3710	0.0830	0.3692	0.1047	0.3909
000350	K	0.380195	0.598590	0.303501	0.4600	0.3566	0.4210	0.0920	0.3694	0.1065	0.3889
000351	K	0.355899	0.584715	0.297776	0.4037	0.2918	0.4130	0.0870	0.3416	0.1101	0.3884
000352	G	0.310631	0.546842	0.290601	0.3311	0.3215	0.3940	0.0940	0.3174	0.0996	0.3901
000353	S	0.261760	0.508472	0.286504	0.3096	0.3321	0.3660	0.0840	0.2964	0.0937	0.3898
000354	I	0.214470	0.472370	0.280213	0.3399	0.3356	0.3680	0.0970	0.2883	0.0918	0.3899
000355	T	0.188187	0.420974	0.272496	0.2865	0.3249	0.3480	0.1190	0.2614	0.0848	0.3917
000356	S	0.193265	0.398740	0.269948	0.2786	0.2436	0.3170	0.1200	0.2386	0.0780	0.3966
000357	V	0.250248	0.358856	0.269927	0.3535	0.3321	0.2630	0.0960	0.2596	0.0634	0.4042
000358	Q	0.320526	0.325646	0.269804	0.2865	0.3426	0.2110	0.0700	0.2477	0.0628	0.4115
000359	A	0.391460	0.279125	0.266563	0.2865	0.3704	0.1740	0.0460	0.2502	0.0844	0.4200
000360	I	0.444390	0.287724	0.263182	0.2963	0.3356	0.1590	0.0460	0.2538	0.0958	0.4293
000361	Y	0.536849	0.298587	0.260206	0.3399	0.3774	0.1550	0.0410	0.2847	0.1243	0.4290
000362	V	0.559753	0.314941	0.253480	0.3184	0.3566	0.1400	0.0370	0.2816	0.1331	0.4215
000363	P	0.575364	0.334416	0.251030	0.3491	0.3631	0.1450	0.0370	0.2945	0.1369	0.4161
000364	A	0.583549	0.355486	0.249362	0.3096	0.3667	0.1770	0.0450	0.2987	0.1332	0.4129
000365	D	0.566491	0.377108	0.246559	0.3668	0.3494	0.2090	0.0590	0.3115	0.1215	0.4101
000366	D	0.503226	0.417646	0.240261	0.3668	0.3149	0.2370	0.0760	0.3066	0.1032	0.4057
000367	L	0.417016	0.454941	0.237495	0.2748	0.3182	0.2470	0.0890	0.2853	0.0923	0.4030
000368	T	0.348464	0.494002	0.231137	0.2963	0.3019	0.2450	0.0990	0.2809	0.0952	0.4042
000369	D	0.293202	0.515586	0.225948	0.2786	0.3019	0.2230	0.0740	0.2687	0.1054	0.4008
000370	P	0.211242	0.516346	0.224246	0.2255	0.3019	0.1850	0.0430	0.2399	0.1187	0.3989
000371	A	0.192650	0.509135	0.219554	0.3005	0.3872	0.1910	0.0460	0.2634	0.1219	0.3985
000372	P	0.181749	0.481541	0.213671	0.3359	0.4725	0.1530	0.0370	0.2708	0.1381	0.3983
000373	A	0.169041	0.441467	0.207901	0.3885	0.4725	0.1440	0.0240	0.2692	0.1383	0.3998
000374	T	0.169089	0.410089	0.205476	0.3491	0.3529	0.1520	0.0380	0.2389	0.1064	0.3999
000375	T	0.166187	0.378959	0.206050	0.3096	0.3840	0.1450	0.0440	0.2306	0.1032	0.3944
000376	F	0.152748	0.346303	0.203806	0.2292	0.3740	0.1520	0.0500	0.2091	0.0938	0.3874
000377	A	0.138630	0.331088	0.201629	0.2255	0.3286	0.1460	0.0510	0.1950	0.0846	0.3873
000378	H	0.111765	0.312312	0.198768	0.2963	0.3249	0.1460	0.0450	0.1986	0.0901	0.3865
000379	L	0.099053	0.297157	0.193820	0.2700	0.2918	0.1500	0.0450	0.1847	0.0816	0.3842
000380	D	0.090328	0.283960	0.190886	0.1921	0.2951	0.1640	0.0590	0.1710	0.0770	0.3892
000381	A	0.080929	0.274048	0.190629	0.1349	0.1852	0.1670	0.0580	0.1403	0.0667	0.3941
000382	T	0.081988	0.266231	0.187919	0.1844	0.2129	0.1630	0.0510	0.1515	0.0637	0.3976
000383	T	0.109520	0.245860	0.183769	0.1060	0.1184	0.1670	0.0490	0.1245	0.0587	0.3995
000384	V	0.131847	0.220356	0.182369	0.1322	0.0870	0.1890	0.0490	0.1267	0.0538	0.3995
000385	L	0.167143	0.219823	0.182846	0.0884	0.1028	0.1950	0.0520	0.1289	0.0568	0.4001
000386	S	0.213823	0.209921	0.182380	0.0554	0.0835	0.1990	0.0600	0.1270	0.0704	0.4057
000387	R	0.269924	0.189156	0.180705	0.1178	0.1028	0.1850	0.0520	0.1442	0.0623	0.4137
000388	A	0.315013	0.179054	0.177878	0.1205	0.1298	0.1670	0.0400	0.1519	0.0704	0.4185
000389	I	0.371047	0.175411	0.174727	0.0813	0.1528	0.1480	0.0360	0.1548	0.0940	0.4216
000390	A	0.427360	0.164909	0.172225	0.1380	0.1501	0.1230	0.0370	0.1672	0.1086	0.4242
000391	E	0.493911	0.179861	0.171213	0.1495	0.1501	0.1290	0.0420	0.1837	0.1302	0.4243
000392	L	0.510792	0.180541	0.168487	0.1150	0.1759	0.1390	0.0550	0.1868	0.1372	0.4240
000393	G	0.522209	0.186302	0.166219	0.1240	0.1759	0.1370	0.0490	0.1909	0.1403	0.4258
000394	I	0.553799	0.177163	0.164473	0.1292	0.1731	0.1400	0.0510	0.1955	0.1515	0.4282
000395	Y	0.541211	0.188425	0.163107	0.1805	0.2364	0.1470	0.0460	0.2156	0.1390	0.4296
000396	P	0.547302	0.203826	0.160443	0.2531	0.2328	0.1520	0.0470	0.2315	0.1368	0.4324
000397	A	0.568278	0.244553	0.156449	0.2531	0.2002	0.1950	0.0730	0.2436	0.1398	0.4256
000398	V	0.563795	0.286044	0.151067	0.1698	0.2129	0.2230	0.0960	0.2426	0.1414	0.4227
000399	D	0.565973	0.318345	0.142489	0.1602	0.2752	0.2300	0.0850	0.2582	0.1429	0.4238
000400	P	0.554040	0.366454	0.137835	0.2432	0.3704	0.2350	0.0800	0.2949	0.1347	0.4227
000401	L	0.585183	0.436946	0.135214	0.3096	0.3182	0.3040	0.0950	0.3256	0.1395	0.4192
000402	D	0.634829	0.461331	0.131473	0.2865	0.2328	0.3200	0.0990	0.3225	0.1646	0.4160
000403	S	0.638835	0.476832	0.130391	0.2786	0.3149	0.3420	0.0990	0.3419	0.1612	0.4096
000404	T	0.647405	0.497216	0.128974	0.2080	0.3149	0.2960	0.0820	0.3272	0.1761	0.4022
000405	S	0.629727	0.469789	0.126243	0.2865	0.4186	0.2480	0.0610	0.3421	0.1651	0.3960
000406	R	0.616705	0.428076	0.122730	0.3717	0.5139	0.2400	0.0430	0.3617	0.1657	0.3894
000407	I	0.607833	0.422662	0.121034	0.3535	0.3872	0.2680	0.0530	0.3400	0.1495	0.3903
000408	M	0.577182	0.449786	0.119375	0.3939	0.4369	0.2430	0.0570	0.3502	0.1503	0.4001
000409	D	0.563790	0.443608	0.118329	0.3762	0.4369	0.2250	0.0510	0.3409	0.1493	0.4047
000410	P	0.514915	0.456511	0.118546	0.3847	0.3948	0.2060	0.0580	0.3262	0.1404	0.4028
000411	N	0.463674	0.447648	0.118221	0.2865	0.3631	0.2070	0.0540	0.2947	0.1262	0.3988
000412	I	0.441308	0.402384	0.118122	0.3359	0.4507	0.2000	0.0560	0.3051	0.1265	0.3980
000413	V	0.432378	0.372095	0.118852	0.3146	0.3704	0.1920	0.0620	0.2803	0.1115	0.3970
000414	G	0.426739	0.371784	0.122245	0.3184	0.3840	0.1670	0.0540	0.2780	0.1157	0.3976
000415	S	0.417696	0.347366	0.124145	0.2531	0.3704	0.1430	0.0630	0.2553	0.1139	0.4006
000416	E	0.421875	0.343664	0.125528	0.2602	0.2884	0.1420	0.0710	0.2427	0.1069	0.3999
000417	H	0.397848	0.345991	0.128371	0.2531	0.2129	0.1370	0.0550	0.2244	0.1022	0.3958
000418	Y	0.350324	0.316497	0.131771	0.2657	0.3053	0.1160	0.0420	0.2257	0.0935	0.3872
000419	D	0.317425	0.278496	0.135565	0.2209	0.3529	0.0980	0.0370	0.2112	0.0954	0.3704
000420	V	0.281970	0.265895	0.141386	0.2167	0.2575	0.0890	0.0250	0.1852	0.0745	0.3570
000421	A	0.234804	0.259500	0.144942	0.1998	0.2193	0.0860	0.0180	0.1665	0.0635	0.3508
000422	R	0.185370	0.248593	0.145617	0.1292	0.2064	0.0860	0.0200	0.1425	0.0586	0.3448
000423	G	0.134472	0.240041	0.149358	0.1878	0.2129	0.0870	0.0200	0.1437	0.0569	0.3398
000424	V	0.082841	0.256877	0.156094	0.2558	0.2884	0.0890	0.0220	0.1621	0.0870	0.3359
000425	Q	0.037430	0.239686	0.159978	0.1732	0.2988	0.0970	0.0360	0.1410	0.0901	0.3335
000426	K	0.029903	0.237088	0.165139	0.1732	0.2193	0.1010	0.0380	0.1268	0.0757	0.3324
000427	I	0.028293	0.268272	0.173689	0.1698	0.1323	0.1010	0.0340	0.1166	0.0790	0.3346
000428	L	0.023481	0.277607	0.178449	0.1041	0.1115	0.0820	0.0260	0.0998	0.0857	0.3397
000429	Q	0.018838	0.259881	0.181672	0.1060	0.1137	0.0710	0.0200	0.0949	0.0833	0.3454
000430	D	0.014445	0.283837	0.188310	0.0813	0.0646	0.0890	0.0330	0.0888	0.0949	0.3553
000431	Y	0.015927	0.277822	0.192693	0.0701	0.0985	0.1470	0.0840	0.1015	0.0911	0.3638
000432	K	0.017565	0.244928	0.192189	0.0502	0.0967	0.1370	0.0690	0.0910	0.0848	0.3669
000433	S	0.029875	0.226539	0.195086	0.0542	0.1028	0.1560	0.0800	0.0950	0.0786	0.3779
000434	L	0.053239	0.214774	0.200357	0.0455	0.1162	0.1760	0.1000	0.1010	0.0754	0.3874
000435	Q	0.096700	0.185650	0.203161	0.0723	0.1070	0.1510	0.0740	0.1021	0.0585	0.3962
000436	D	0.138505	0.163658	0.205614	0.0701	0.1007	0.1520	0.0640	0.1041	0.0555	0.4064
000437	I	0.150444	0.154908	0.213038	0.0414	0.1184	0.1720	0.0770	0.1062	0.0638	0.4140
000438	I	0.217027	0.144287	0.219108	0.0677	0.2002	0.1510	0.0710	0.1301	0.0645	0.4194
000439	A	0.295719	0.142229	0.223344	0.1178	0.2884	0.1210	0.0650	0.1608	0.0838	0.4225
000440	I	0.359548	0.148910	0.228067	0.1178	0.2715	0.1220	0.0610	0.1700	0.0958	0.4250
000441	L	0.439305	0.178292	0.231100	0.1178	0.1791	0.1470	0.0530	0.1769	0.1127	0.4225
000442	G	0.508796	0.227258	0.233436	0.1698	0.2645	0.1990	0.0640	0.2283	0.1185	0.4187
000443	M	0.562566	0.282928	0.234807	0.1088	0.2034	0.2670	0.0950	0.2375	0.1451	0.4174
000444	D	0.603924	0.356913	0.235253	0.1041	0.2034	0.3160	0.1050	0.2641	0.1617	0.4004
000445	E	0.655376	0.417357	0.236008	0.1088	0.2783	0.3950	0.1230	0.3092	0.1758	0.3830
000446	L	0.735201	0.504202	0.237934	0.1060	0.2399	0.5100	0.1710	0.3492	0.2169	0.3666
000447	S	0.762775	0.590883	0.240615	0.1018	0.2224	0.5340	0.1950	0.3687	0.2385	0.3474
000448	E	0.785626	0.635865	0.245016	0.1322	0.2951	0.4910	0.1620	0.3899	0.2323	0.3279
000449	E	0.806801	0.639704	0.247492	0.1878	0.2918	0.4500	0.1160	0.3961	0.2263	0.3075
000450	D	0.811028	0.654094	0.252292	0.2080	0.3286	0.3870	0.0910	0.3981	0.2230	0.2863
000451	K	0.819867	0.605666	0.255387	0.2041	0.4087	0.3060	0.0750	0.3907	0.2202	0.2641
000452	L	0.818509	0.570407	0.261792	0.3005	0.3840	0.2680	0.0740	0.3902	0.2064	0.2473
000453	T	0.822616	0.527317	0.265852	0.2913	0.3053	0.2390	0.0560	0.3642	0.2125	0.2357
000454	V	0.781467	0.462228	0.269890	0.2292	0.3392	0.2110	0.0570	0.3372	0.2021	0.2259
000455	S	0.733499	0.393443	0.270645	0.1532	0.3356	0.1770	0.0580	0.2989	0.1983	0.2264
000456	R	0.656900	0.380972	0.273201	0.1495	0.3460	0.1740	0.0540	0.2846	0.1743	0.2245
000457	A	0.558804	0.365357	0.272043	0.2432	0.3215	0.1800	0.0500	0.2782	0.1285	0.2256
000458	R	0.476820	0.351692	0.269985	0.2700	0.3321	0.1620	0.0440	0.2654	0.1060	0.2287
000459	K	0.398744	0.345592	0.271626	0.1805	0.2436	0.1340	0.0330	0.2171	0.1011	0.2326
000460	I	0.313655	0.358233	0.273362	0.1805	0.1969	0.1170	0.0290	0.1943	0.0945	0.2382
000461	Q	0.237925	0.334416	0.271849	0.1117	0.2002	0.0910	0.0210	0.1626	0.0968	0.2459
000462	R	0.153991	0.304878	0.268863	0.0991	0.1501	0.0840	0.0180	0.1321	0.0938	0.2607
000463	F	0.102131	0.284074	0.267173	0.1698	0.1323	0.0820	0.0150	0.1284	0.0895	0.2731
000464	L	0.058425	0.262784	0.263574	0.1178	0.1323	0.0770	0.0140	0.1081	0.0933	0.2800
000465	S	0.041042	0.224041	0.257228	0.1088	0.1881	0.0730	0.0110	0.1059	0.0903	0.2857
000466	Q	0.037762	0.216256	0.253326	0.1060	0.1942	0.0760	0.0140	0.1051	0.0891	0.2858
000467	P	0.030857	0.214072	0.250154	0.1117	0.1643	0.0760	0.0190	0.0995	0.0870	0.2924
000468	F	0.023190	0.206900	0.244082	0.1416	0.1914	0.0720	0.0200	0.1058	0.0875	0.2970
000469	Q	0.017423	0.206881	0.241204	0.1205	0.1852	0.0660	0.0240	0.0994	0.0888	0.2992
000470	V	0.011638	0.232389	0.241920	0.1292	0.1275	0.0640	0.0240	0.0941	0.0922	0.3011
000471	A	0.006113	0.239030	0.241480	0.2041	0.1399	0.0570	0.0210	0.1076	0.0987	0.3084
000472	E	0.007883	0.233505	0.240797	0.1322	0.1554	0.0490	0.0140	0.0963	0.0954	0.3146
000473	V	0.009418	0.226026	0.239843	0.0858	0.0985	0.0460	0.0120	0.0776	0.0953	0.3182
000474	F	0.010133	0.226116	0.238681	0.1732	0.1671	0.0500	0.0150	0.1045	0.0942	0.3296
000475	T	0.010241	0.207750	0.236700	0.1602	0.2575	0.0550	0.0160	0.1151	0.1003	0.3365
000476	G	0.010377	0.200688	0.232712	0.1566	0.2609	0.0580	0.0180	0.1144	0.0989	0.3435
000477	H	0.010241	0.221791	0.228709	0.1667	0.1702	0.0640	0.0230	0.1055	0.0889	0.3521
000478	M	0.010144	0.245919	0.223355	0.1349	0.1399	0.0850	0.0260	0.1026	0.0879	0.3537
000479	G	0.009291	0.249551	0.217729	0.1349	0.2328	0.0940	0.0240	0.1202	0.0932	0.3483
000480	K	0.008659	0.291375	0.215298	0.1266	0.1323	0.1010	0.0240	0.1100	0.0958	0.3450
000481	L	0.006198	0.330107	0.209843	0.1878	0.1942	0.1280	0.0350	0.1410	0.1032	0.3476
000482	V	0.003945	0.328173	0.204246	0.1416	0.2328	0.1360	0.0300	0.1404	0.1053	0.3414
000483	P	0.003332	0.332225	0.197316	0.1416	0.1424	0.1190	0.0290	0.1231	0.1035	0.3372
000484	L	0.003498	0.357134	0.194940	0.2122	0.1373	0.1020	0.0310	0.1353	0.1134	0.3308
000485	K	0.003010	0.324125	0.191132	0.2167	0.2034	0.0990	0.0390	0.1410	0.1052	0.3205
000486	E	0.003116	0.283384	0.188278	0.1532	0.1969	0.0980	0.0360	0.1224	0.0927	0.3205
000487	T	0.004452	0.273662	0.186120	0.1240	0.2129	0.0860	0.0320	0.1168	0.0933	0.3200
000488	I	0.005846	0.260653	0.185590	0.1178	0.1373	0.0670	0.0240	0.0981	0.0871	0.3203
000489	K	0.009575	0.223263	0.181863	0.1566	0.1759	0.0460	0.0140	0.1020	0.0828	0.3206
000490	G	0.015727	0.210505	0.182108	0.0909	0.1823	0.0430	0.0110	0.0903	0.0808	0.3325
000491	F	0.024588	0.206644	0.185110	0.1018	0.1251	0.0470	0.0110	0.0842	0.0732	0.3483
000492	Q	0.062630	0.197485	0.185564	0.1667	0.2193	0.0510	0.0120	0.1163	0.0726	0.3564
000493	Q	0.068996	0.179057	0.188293	0.1635	0.3019	0.0650	0.0200	0.1298	0.0861	0.3698
000494	I	0.069656	0.186267	0.193184	0.1566	0.2817	0.0740	0.0300	0.1281	0.0800	0.3862
000495	L	0.070434	0.200203	0.200604	0.2602	0.3356	0.0720	0.0300	0.1564	0.1011	0.4008
000496	A	0.070772	0.217726	0.209227	0.2748	0.2399	0.0750	0.0290	0.1463	0.0867	0.4121
000497	G	0.071110	0.252883	0.220123	0.2255	0.1528	0.0810	0.0300	0.1306	0.0801	0.4232
000498	E	0.086049	0.284566	0.230116	0.1667	0.1251	0.0890	0.0400	0.1252	0.0826	0.4321
000499	Y	0.091972	0.279206	0.237491	0.1766	0.1373	0.0870	0.0370	0.1287	0.0816	0.4175
000500	D	0.096653	0.287512	0.247801	0.1566	0.1424	0.0760	0.0280	0.1265	0.0869	0.4011
000501	H	0.075775	0.287295	0.259048	0.1060	0.1671	0.0840	0.0340	0.1201	0.0939	0.3928
000502	L	0.092300	0.282844	0.272132	0.1766	0.1852	0.0970	0.0480	0.1391	0.0874	0.3900
000503	P	0.111420	0.288353	0.287593	0.1998	0.1881	0.0920	0.0390	0.1466	0.0901	0.3873
000504	E	0.128830	0.274573	0.299468	0.1292	0.1942	0.1010	0.0400	0.1379	0.0908	0.3864
000505	Q	0.132255	0.254334	0.315856	0.2209	0.2436	0.1160	0.0540	0.1612	0.0874	0.3882
000506	A	0.180752	0.235566	0.331786	0.3184	0.2503	0.1140	0.0480	0.1832	0.0935	0.3859
000507	F	0.212326	0.203582	0.349556	0.3263	0.2503	0.1170	0.0450	0.1849	0.0976	0.3832
000508	Y	0.218230	0.183543	0.369623	0.2657	0.2399	0.1260	0.0460	0.1723	0.0971	0.3877
000509	M	0.222664	0.190071	0.388449	0.2167	0.1969	0.1420	0.0510	0.1614	0.1007	0.3963
000510	V	0.218627	0.202577	0.399680	0.2913	0.2918	0.1600	0.0610	0.1941	0.1025	0.4111
000511	G	0.208692	0.213462	0.409360	0.2483	0.2715	0.1710	0.0650	0.1855	0.1024	0.4223
000512	P	0.244448	0.246576	0.420884	0.2657	0.1852	0.1980	0.0800	0.1899	0.1044	0.4324
000513	I	0.280293	0.295124	0.439772	0.3311	0.2328	0.2720	0.1290	0.2352	0.0983	0.4287
000514	E	0.321648	0.320759	0.462853	0.2292	0.2193	0.3590	0.1890	0.2417	0.1126	0.4250
000515	E	0.357107	0.345116	0.471938	0.1921	0.2193	0.4240	0.2010	0.2563	0.1279	0.4211
000516	A	0.391390	0.384137	0.481559	0.1998	0.2164	0.4680	0.1820	0.2766	0.1372	0.4175
000517	V	0.457537	0.432470	0.490997	0.2531	0.2470	0.5140	0.1760	0.3174	0.1359	0.4141
000518	A	0.528184	0.459611	0.500943	0.3359	0.3460	0.5400	0.1990	0.3683	0.1173	0.4120
000519	K	0.621928	0.513731	0.511496	0.4116	0.4186	0.5920	0.1780	0.4262	0.1161	0.4129
000520	A	0.717815	0.594989	0.524363	0.4420	0.4369	0.7650	0.1240	0.4928	0.1538	0.4198
000521	D	0.772722	0.647835	0.534686	0.5514	0.4979	0.8170	0.0810	0.5478	0.1504	0.4302
000522	K	0.829250	0.671091	0.542403	0.5941	0.4831	0.8080	0.0980	0.5643	0.1576	0.4323
000523	L	0.892761	0.752496	0.555418	0.6035	0.4256	0.8110	0.0620	0.5809	0.1848	0.4212
000524	A	0.917855	0.803232	0.568488	0.7147	0.5211	0.8110	0.0820	0.6281	0.1687	0.4130
000525	E	0.944309	0.776431	0.578803	0.7317	0.4801	0.8460	0.0590	0.6298	0.1838	0.4094
000526	E	0.997692	0.758463	0.590349	0.7501	0.4330	0.8390	0.0640	0.6298	0.2044	0.4048
000527	H	0.991456	0.786541	0.601837	0.8200	0.4541	0.8930	0.0490	0.6576	0.2060	0.4000
000528	S	0.998290	0.780383	0.610979	0.9009	0.5620	0.8820	0.0440	0.6873	0.1873	0.3971
000529	S	0.999958	0.831237	0.624189	0.9392	0.6043	0.8500	0.0780	0.7041	0.1810	0.3943