RESNUM	RES	VL-XT	VSL2B	VL3	IUPred-S	IUPred-L	PONDRFIT	FITERROR	MDP	MDPERROR	ANCHOR2
000001	M	0.624987	0.892393	0.851756	0.9141	0.3566	0.9780	0.0150	0.7697	0.2152	0.4211
000002	C	0.655718	0.892889	0.849111	0.8920	0.4409	0.9770	0.0080	0.7847	0.1823	0.4222
000003	S	0.406266	0.894388	0.844395	0.8424	0.4725	0.9520	0.0360	0.7353	0.2132	0.4223
000004	L	0.494725	0.893024	0.839827	0.8350	0.5055	0.9410	0.0330	0.7514	0.1812	0.4240
000005	P	0.647268	0.888555	0.835096	0.7951	0.4256	0.9440	0.0200	0.7559	0.1740	0.4277
000006	R	0.683806	0.884172	0.829590	0.7605	0.4149	0.9600	0.0140	0.7555	0.1757	0.4301
000007	G	0.685378	0.874419	0.824612	0.6650	0.4476	0.9660	0.0160	0.7439	0.1686	0.4335
000008	F	0.711620	0.873935	0.819844	0.6035	0.4582	0.9680	0.0110	0.7392	0.1709	0.4307
000009	E	0.744230	0.871505	0.816270	0.5667	0.4725	0.9550	0.0170	0.7378	0.1689	0.4228
000010	P	0.768330	0.865812	0.812451	0.5126	0.4149	0.9040	0.0780	0.7130	0.1834	0.4179
000011	Q	0.762346	0.855335	0.809195	0.4781	0.3740	0.9300	0.0380	0.7015	0.2034	0.4131
000012	A	0.783275	0.854003	0.805638	0.4282	0.3948	0.9210	0.0440	0.6978	0.2072	0.4096
000013	P	0.775219	0.853210	0.803457	0.4282	0.4186	0.8870	0.0570	0.6943	0.1948	0.4071
000014	E	0.763099	0.848271	0.802930	0.4149	0.4186	0.8860	0.0530	0.6890	0.1962	0.4027
000015	D	0.750714	0.849699	0.803466	0.4203	0.4979	0.8720	0.0500	0.6991	0.1753	0.4014
000016	L	0.766897	0.839643	0.801719	0.3885	0.4541	0.8580	0.0590	0.6847	0.1894	0.4024
000017	A	0.784323	0.834559	0.797870	0.3939	0.3910	0.7780	0.1030	0.6633	0.1924	0.4037
000018	Q	0.789141	0.824484	0.791902	0.3717	0.3872	0.7000	0.1210	0.6441	0.1909	0.4042
000019	R	0.787635	0.821778	0.785086	0.3717	0.4831	0.6720	0.1200	0.6535	0.1695	0.4052
000020	S	0.810431	0.820318	0.776926	0.3668	0.4831	0.6510	0.1360	0.6514	0.1727	0.4100
000021	L	0.799847	0.790165	0.768908	0.3263	0.4582	0.6900	0.1390	0.6389	0.1820	0.4126
000022	V	0.795518	0.766961	0.761931	0.3311	0.4507	0.6890	0.1750	0.6325	0.1773	0.4108
000023	E	0.795384	0.767899	0.756863	0.3578	0.4119	0.6730	0.1760	0.6271	0.1760	0.4077
000024	L	0.793992	0.775531	0.751846	0.3225	0.3182	0.7040	0.1500	0.6109	0.2073	0.4102
000025	R	0.813605	0.763156	0.746403	0.2483	0.3117	0.6740	0.1660	0.5928	0.2257	0.4132
000026	E	0.822491	0.751200	0.738811	0.1698	0.3117	0.6860	0.1720	0.5800	0.2466	0.4143
000027	M	0.825245	0.753239	0.730544	0.2292	0.3872	0.6780	0.1830	0.6006	0.2161	0.4164
000028	L	0.825131	0.743503	0.722352	0.2558	0.4087	0.6800	0.1800	0.6059	0.2031	0.4091
000029	K	0.847209	0.745187	0.715152	0.2432	0.3149	0.6100	0.1680	0.5793	0.2242	0.3977
000030	R	0.885449	0.741295	0.708275	0.2602	0.2503	0.6380	0.1580	0.5806	0.2416	0.3902
000031	Q	0.908703	0.736940	0.701468	0.1667	0.1671	0.6820	0.1590	0.5605	0.2878	0.3859
000032	E	0.926876	0.713430	0.694094	0.1566	0.2193	0.6460	0.1840	0.5594	0.2776	0.3784
000033	R	0.945650	0.692224	0.687681	0.1380	0.2164	0.6050	0.2070	0.5475	0.2828	0.3755
000034	L	0.946411	0.678611	0.681855	0.1380	0.2399	0.6260	0.1670	0.5517	0.2777	0.3756
000035	L	0.959756	0.663596	0.677591	0.1266	0.3182	0.5850	0.1380	0.5552	0.2681	0.3691
000036	R	0.975646	0.650706	0.674269	0.1532	0.3149	0.5060	0.1470	0.5457	0.2650	0.3593
000037	N	0.991428	0.650331	0.672476	0.1495	0.3087	0.4750	0.1190	0.5413	0.2719	0.3504
000038	E	0.969542	0.630666	0.669851	0.1635	0.3117	0.4190	0.1030	0.5274	0.2637	0.3415
000039	K	0.931052	0.644799	0.665691	0.2292	0.3704	0.3430	0.0880	0.5307	0.2392	0.3414
000040	F	0.835875	0.630543	0.659802	0.2292	0.3087	0.3060	0.0730	0.4950	0.2246	0.3439
000041	I	0.730862	0.627294	0.654376	0.2333	0.2292	0.2830	0.0650	0.4596	0.2142	0.3396
000042	C	0.623834	0.626271	0.648476	0.1532	0.2328	0.2640	0.0720	0.4247	0.2109	0.3345
000043	K	0.523194	0.640994	0.642020	0.0935	0.2224	0.2370	0.0880	0.3932	0.2174	0.3385
000044	L	0.421423	0.631812	0.632355	0.0935	0.1501	0.2670	0.0890	0.3661	0.2142	0.3421
000045	P	0.356302	0.617072	0.620673	0.1416	0.1881	0.2470	0.0950	0.3618	0.1932	0.3433
000046	D	0.259891	0.613371	0.608722	0.1322	0.2436	0.2500	0.1020	0.3512	0.1885	0.3474
000047	K	0.204484	0.625564	0.600959	0.1150	0.1881	0.2810	0.1160	0.3358	0.2021	0.3559
000048	G	0.165414	0.627064	0.595225	0.1088	0.1731	0.2660	0.1040	0.3226	0.2094	0.3663
000049	K	0.189894	0.621948	0.590837	0.0643	0.1501	0.2800	0.1010	0.3162	0.2149	0.3759
000050	K	0.188129	0.605746	0.586255	0.0587	0.1399	0.2880	0.1110	0.3112	0.2126	0.3857
000051	I	0.185073	0.594642	0.584933	0.0884	0.1583	0.2970	0.1100	0.3181	0.2017	0.3987
000052	F	0.175418	0.587989	0.583110	0.1205	0.2034	0.3130	0.1070	0.3306	0.1892	0.4159
000053	D	0.166533	0.591320	0.579278	0.1322	0.3019	0.3350	0.1050	0.3510	0.1800	0.4285
000054	S	0.121107	0.564909	0.570074	0.1117	0.2193	0.3570	0.1170	0.3240	0.1901	0.4337
000055	F	0.116778	0.571831	0.559272	0.1732	0.2884	0.3580	0.1350	0.3445	0.1743	0.4331
000056	A	0.149312	0.554617	0.548858	0.0771	0.2680	0.2960	0.1410	0.3157	0.1820	0.4268
000057	K	0.181845	0.555239	0.542405	0.0771	0.2094	0.2740	0.1330	0.3067	0.1808	0.4157
000058	L	0.217614	0.563822	0.537586	0.0744	0.2129	0.2580	0.1350	0.3108	0.1790	0.4066
000059	K	0.308853	0.550446	0.532192	0.0464	0.2064	0.2700	0.1470	0.3191	0.1772	0.3920
000060	A	0.398171	0.520750	0.524687	0.0464	0.2094	0.2710	0.1400	0.3283	0.1720	0.3790
000061	A	0.468887	0.518964	0.517049	0.0455	0.2164	0.2760	0.1250	0.3404	0.1761	0.3632
000062	I	0.557337	0.495595	0.510357	0.0677	0.2884	0.2810	0.1130	0.3668	0.1715	0.3457
000063	A	0.647992	0.489223	0.505381	0.1150	0.3182	0.2790	0.1290	0.3924	0.1746	0.3278
000064	E	0.730023	0.488679	0.499812	0.1205	0.2292	0.2610	0.1170	0.3881	0.2052	0.3151
000065	C	0.755431	0.512974	0.494273	0.0744	0.2436	0.2730	0.1070	0.3923	0.2214	0.3104
000066	E	0.778574	0.514885	0.488423	0.0723	0.3529	0.2660	0.0990	0.4122	0.2202	0.3085
000067	E	0.790004	0.517085	0.484963	0.0884	0.3249	0.2590	0.0850	0.4108	0.2217	0.3136
000068	V	0.778805	0.534867	0.484073	0.1150	0.3321	0.2980	0.0850	0.4238	0.2088	0.3239
000069	R	0.775171	0.529916	0.484472	0.1292	0.3392	0.3110	0.0930	0.4281	0.2021	0.3316
000070	R	0.787994	0.528969	0.485261	0.1349	0.3566	0.3080	0.1020	0.4337	0.2034	0.3418
000071	K	0.776432	0.543217	0.484664	0.1117	0.2884	0.2850	0.0980	0.4149	0.2148	0.3522
000072	S	0.772410	0.543104	0.482335	0.1380	0.3019	0.2450	0.0880	0.4138	0.2110	0.3621
000073	E	0.792626	0.522782	0.480226	0.1292	0.3087	0.2160	0.0750	0.4082	0.2202	0.3726
000074	L	0.807091	0.510150	0.479784	0.1495	0.3249	0.2020	0.0640	0.4122	0.2202	0.3859
000075	F	0.823159	0.492054	0.482618	0.1041	0.3249	0.1840	0.0560	0.4018	0.2360	0.3970
000076	N	0.770442	0.452539	0.484887	0.1766	0.4119	0.1780	0.0610	0.4125	0.2023	0.4014
000077	P	0.711015	0.434375	0.485110	0.1844	0.3872	0.1770	0.0560	0.3965	0.1833	0.4044
000078	V	0.663616	0.403793	0.480406	0.1766	0.3215	0.1760	0.0520	0.3703	0.1718	0.4070
000079	S	0.632031	0.407566	0.474316	0.2209	0.3566	0.1660	0.0410	0.3763	0.1552	0.4098
000080	L	0.561165	0.393938	0.469202	0.1667	0.3667	0.1700	0.0410	0.3546	0.1454	0.4135
000081	D	0.486001	0.367980	0.468497	0.1566	0.3249	0.1740	0.0430	0.3297	0.1287	0.4158
000082	C	0.410361	0.375167	0.468130	0.1667	0.3426	0.1760	0.0450	0.3232	0.1138	0.4185
000083	K	0.363309	0.411595	0.469166	0.1240	0.2951	0.1810	0.0460	0.3074	0.1223	0.4226
000084	L	0.322807	0.405912	0.470400	0.1266	0.2918	0.1970	0.0590	0.3024	0.1165	0.4259
000085	R	0.360003	0.400810	0.474445	0.1380	0.3494	0.2180	0.0780	0.3235	0.1127	0.4281
000086	Q	0.404049	0.431039	0.478928	0.2167	0.4409	0.2310	0.0870	0.3671	0.1038	0.4303
000087	K	0.441524	0.444228	0.484576	0.2080	0.4256	0.2600	0.1000	0.3773	0.1040	0.4328
000088	A	0.428223	0.424441	0.490169	0.1878	0.3774	0.2830	0.1110	0.3651	0.1013	0.4328
000089	I	0.518464	0.446427	0.497141	0.2432	0.4369	0.2730	0.0970	0.4026	0.1061	0.4322
000090	A	0.594964	0.450414	0.506164	0.2080	0.4476	0.2690	0.0980	0.4127	0.1336	0.4317
000091	E	0.650150	0.456537	0.517931	0.2820	0.5017	0.2910	0.1150	0.4499	0.1297	0.4309
000092	V	0.661564	0.489917	0.530854	0.2786	0.5017	0.3250	0.1330	0.4646	0.1286	0.4307
000093	D	0.676713	0.533339	0.543466	0.3630	0.6576	0.3570	0.1570	0.5219	0.1260	0.4302
000094	V	0.687432	0.564644	0.555787	0.3806	0.5807	0.3970	0.1570	0.5277	0.1074	0.4283
000095	G	0.709209	0.589822	0.568580	0.4879	0.5758	0.3710	0.1470	0.5504	0.1031	0.4254
000096	T	0.729484	0.612164	0.580965	0.4420	0.5951	0.3640	0.1440	0.5540	0.1191	0.4271
000097	D	0.781541	0.631189	0.592336	0.3885	0.5854	0.4180	0.1560	0.5661	0.1324	0.4312
000098	K	0.750937	0.649300	0.599960	0.4149	0.5951	0.4650	0.1540	0.5791	0.1120	0.4345
000099	A	0.752624	0.659511	0.604308	0.4282	0.6136	0.4490	0.1590	0.5846	0.1139	0.4393
000100	Q	0.761216	0.666560	0.607901	0.5008	0.6136	0.4930	0.1600	0.6073	0.0927	0.4440
000101	N	0.759598	0.680253	0.613009	0.5253	0.5707	0.4970	0.1550	0.6076	0.0903	0.4589
000102	S	0.756423	0.694162	0.620402	0.4749	0.6043	0.4740	0.1450	0.6040	0.1043	0.4848
000103	D	0.761770	0.695603	0.629451	0.4879	0.6755	0.4420	0.1520	0.6153	0.1141	0.5156
000104	P	0.753713	0.700097	0.639197	0.5229	0.5533	0.4590	0.1500	0.6047	0.1026	0.5501
000105	I	0.749604	0.707991	0.649153	0.5846	0.6183	0.4830	0.1470	0.6322	0.0860	0.5826
000106	L	0.750375	0.716046	0.659541	0.5253	0.6089	0.4870	0.1320	0.6245	0.0953	0.6081
000107	D	0.758012	0.716757	0.672076	0.5374	0.5419	0.4830	0.1250	0.6181	0.1024	0.6160
000108	T	0.722737	0.723730	0.686544	0.5296	0.5419	0.4970	0.0920	0.6169	0.0959	0.6251
000109	S	0.680211	0.742121	0.702782	0.5008	0.5620	0.5000	0.0790	0.6146	0.0977	0.6384
000110	S	0.681288	0.747040	0.719378	0.5412	0.5139	0.5090	0.0910	0.6186	0.0997	0.6469
000111	L	0.646250	0.773700	0.734585	0.5374	0.4940	0.5610	0.0960	0.6245	0.1029	0.6627
000112	V	0.622935	0.778780	0.745899	0.4967	0.4801	0.5670	0.0860	0.6152	0.1144	0.6585
000113	P	0.640616	0.789089	0.754946	0.4825	0.4801	0.5470	0.0880	0.6158	0.1231	0.6419
000114	G	0.653499	0.805326	0.762839	0.4825	0.4801	0.5940	0.0880	0.6297	0.1255	0.6196
000115	C	0.666956	0.825874	0.771288	0.4458	0.4507	0.5920	0.0760	0.6255	0.1455	0.5950
000116	S	0.696713	0.825532	0.779883	0.5126	0.5139	0.6020	0.0940	0.6550	0.1221	0.5736
000117	S	0.742864	0.837713	0.789895	0.5583	0.5951	0.6420	0.1130	0.6944	0.1026	0.5592
000118	V	0.789015	0.835482	0.799799	0.5473	0.5951	0.6680	0.1000	0.7058	0.1091	0.5551
000119	D	0.825226	0.854981	0.808160	0.5623	0.5992	0.7050	0.0720	0.7259	0.1129	0.5347
000120	N	0.868419	0.869352	0.813596	0.5583	0.6089	0.7610	0.0570	0.7467	0.1218	0.5056
000121	I	0.902610	0.885109	0.816871	0.5623	0.5382	0.8000	0.0400	0.7509	0.1464	0.4830
000122	K	0.914919	0.893521	0.818145	0.6219	0.6183	0.7820	0.0560	0.7748	0.1180	0.4572
000123	S	0.913884	0.897422	0.818109	0.6255	0.6806	0.8160	0.0530	0.7919	0.1059	0.4543
000124	S	0.903944	0.902374	0.817147	0.5941	0.6806	0.8390	0.0550	0.7896	0.1148	0.4565
000125	Q	0.902570	0.905978	0.816146	0.5846	0.6755	0.8740	0.0540	0.7931	0.1218	0.4620
000126	T	0.903606	0.907423	0.814979	0.6681	0.7080	0.8880	0.0520	0.8150	0.0955	0.4684
000127	S	0.899950	0.909917	0.814402	0.6604	0.7250	0.8920	0.0620	0.8169	0.0950	0.4925
000128	Q	0.891524	0.912638	0.814300	0.6293	0.7289	0.8810	0.0720	0.8096	0.1012	0.5148
000129	N	0.905212	0.913081	0.815728	0.6715	0.7982	0.8870	0.0720	0.8318	0.0838	0.5422
000130	Q	0.904619	0.915220	0.817428	0.6650	0.7982	0.8850	0.0790	0.8310	0.0859	0.5909
000131	G	0.893501	0.914456	0.819455	0.6756	0.7982	0.8880	0.0800	0.8316	0.0812	0.6430
000132	L	0.886217	0.910209	0.821356	0.7232	0.8623	0.8890	0.0790	0.8488	0.0626	0.6873
000133	G	0.890829	0.908570	0.823511	0.7418	0.8681	0.8630	0.0940	0.8494	0.0548	0.7039
000134	R	0.885007	0.911154	0.826302	0.7388	0.8765	0.8670	0.0870	0.8508	0.0561	0.7126
000135	P	0.878850	0.913775	0.829124	0.7388	0.8375	0.8580	0.0930	0.8427	0.0542	0.7249
000136	T	0.876260	0.921325	0.831895	0.7388	0.8421	0.8670	0.0910	0.8462	0.0559	0.7446
000137	L	0.873579	0.924694	0.833409	0.7147	0.7718	0.8680	0.0950	0.8311	0.0695	0.7648
000138	E	0.863537	0.926241	0.834001	0.7275	0.7799	0.8410	0.1170	0.8287	0.0626	0.7661
000139	G	0.856827	0.929288	0.834253	0.6827	0.7120	0.8370	0.1160	0.8087	0.0852	0.7689
000140	D	0.852159	0.930884	0.834413	0.6906	0.7120	0.8350	0.1160	0.8092	0.0831	0.7780
000141	E	0.843565	0.931197	0.834779	0.6557	0.6948	0.8350	0.1180	0.7992	0.0944	0.7750
000142	E	0.828874	0.932140	0.834665	0.6604	0.6948	0.8180	0.1260	0.7948	0.0915	0.7695
000143	T	0.821876	0.933384	0.834876	0.6870	0.7982	0.8140	0.1240	0.8149	0.0720	0.7684
000144	S	0.819718	0.934267	0.835026	0.6906	0.7755	0.8090	0.1210	0.8107	0.0726	0.7887
000145	E	0.818826	0.935013	0.835202	0.7147	0.7799	0.8170	0.1110	0.8168	0.0660	0.8144
000146	V	0.821054	0.939036	0.835242	0.6827	0.7415	0.8290	0.1100	0.8080	0.0802	0.8387
000147	E	0.827116	0.940543	0.835342	0.6906	0.7505	0.8200	0.1140	0.8107	0.0773	0.8431
000148	Y	0.828462	0.943452	0.835583	0.7192	0.8125	0.8350	0.1100	0.8291	0.0652	0.8447
000149	T	0.830404	0.949608	0.835606	0.7192	0.8162	0.8370	0.1140	0.8313	0.0669	0.8341
000150	V	0.840158	0.953090	0.835678	0.7079	0.8125	0.8420	0.1130	0.8319	0.0714	0.8253
000151	N	0.853089	0.957445	0.836033	0.7111	0.7505	0.8540	0.1120	0.8271	0.0794	0.7920
000152	K	0.872058	0.962698	0.836145	0.6944	0.7799	0.8560	0.1110	0.8335	0.0826	0.7748
000153	G	0.879557	0.965006	0.836971	0.6715	0.8013	0.8470	0.1170	0.8335	0.0884	0.7671
000154	P	0.894789	0.967501	0.838059	0.6906	0.7982	0.8380	0.1280	0.8379	0.0850	0.7573
000155	A	0.908457	0.969487	0.839974	0.7147	0.7982	0.8500	0.1180	0.8468	0.0803	0.7425
000156	S	0.918670	0.971545	0.841092	0.7034	0.7982	0.8750	0.0980	0.8514	0.0860	0.7112
000157	S	0.929359	0.973085	0.842014	0.7275	0.8313	0.8750	0.0840	0.8630	0.0780	0.6750
000158	N	0.935087	0.972980	0.842236	0.7232	0.8198	0.8740	0.0740	0.8612	0.0809	0.6636
000159	R	0.941176	0.973712	0.841476	0.7501	0.8853	0.8710	0.0610	0.8772	0.0718	0.6588
000160	D	0.937561	0.974488	0.839548	0.7418	0.8920	0.8720	0.0600	0.8762	0.0743	0.6776
000161	R	0.913543	0.974798	0.837153	0.7772	0.9287	0.8730	0.0560	0.8841	0.0643	0.6954
000162	V	0.871789	0.974820	0.835060	0.7772	0.9396	0.8790	0.0480	0.8795	0.0648	0.7358
000163	P	0.814998	0.974772	0.833999	0.7869	0.9433	0.8690	0.0510	0.8704	0.0678	0.7518
000164	P	0.757053	0.975834	0.833589	0.8074	0.9488	0.8700	0.0480	0.8655	0.0767	0.7513
000165	S	0.708894	0.975858	0.832832	0.7817	0.9329	0.8840	0.0490	0.8527	0.0901	0.7513
000166	S	0.687498	0.974091	0.830359	0.8001	0.9190	0.8840	0.0540	0.8492	0.0919	0.7481
000167	E	0.682544	0.972122	0.826866	0.7951	0.9190	0.8780	0.0710	0.8456	0.0930	0.7600
000168	A	0.675386	0.971537	0.822710	0.7501	0.9190	0.8780	0.0700	0.8361	0.1003	0.7747
000169	S	0.676427	0.969230	0.818170	0.7458	0.9190	0.8280	0.0920	0.8261	0.0984	0.7763
000170	E	0.686534	0.965968	0.812569	0.7501	0.9126	0.7920	0.1020	0.8200	0.0944	0.7743
000171	H	0.720542	0.961260	0.806512	0.7573	0.9106	0.7870	0.1080	0.8238	0.0849	0.7789
000172	H	0.761711	0.954903	0.800204	0.7501	0.9168	0.7960	0.1130	0.8299	0.0777	0.7741
000173	P	0.802880	0.948672	0.794504	0.7772	0.9415	0.7690	0.1210	0.8389	0.0759	0.7594
000174	R	0.811515	0.944435	0.789723	0.7605	0.9249	0.7880	0.1190	0.8365	0.0712	0.7449
000175	H	0.786889	0.935908	0.786235	0.7418	0.9057	0.8040	0.1260	0.8268	0.0697	0.7417
000176	R	0.743689	0.931926	0.782961	0.7458	0.9081	0.7960	0.1280	0.8180	0.0748	0.7300
000177	V	0.670579	0.931471	0.779202	0.7501	0.8565	0.7990	0.1290	0.7979	0.0818	0.7274
000178	S	0.591930	0.928694	0.774454	0.7458	0.8596	0.7790	0.1560	0.7799	0.1041	0.7250
000179	S	0.515232	0.927696	0.769210	0.7079	0.8765	0.7660	0.1670	0.7605	0.1319	0.7203
000180	Q	0.437652	0.924569	0.763742	0.7232	0.8375	0.7720	0.1750	0.7432	0.1510	0.7206
000181	A	0.360073	0.921377	0.758281	0.7192	0.7505	0.7790	0.1780	0.7147	0.1712	0.7397
000182	E	0.282661	0.917309	0.752808	0.6715	0.6755	0.7520	0.1910	0.6753	0.1935	0.7640
000183	D	0.238827	0.913797	0.747869	0.6219	0.6755	0.7440	0.1840	0.6570	0.2074	0.8067
000184	T	0.198721	0.909510	0.742752	0.5473	0.6322	0.7430	0.1670	0.6289	0.2223	0.8463
000185	S	0.160338	0.902326	0.737346	0.5549	0.5665	0.7520	0.1570	0.6123	0.2342	0.8821
000186	S	0.149811	0.892847	0.731763	0.5473	0.5665	0.7360	0.1290	0.6040	0.2338	0.9145
000187	S	0.144747	0.884455	0.726224	0.4967	0.5665	0.7140	0.1220	0.5888	0.2339	0.9406
000188	F	0.139405	0.871157	0.720551	0.5514	0.5533	0.7540	0.1080	0.5983	0.2340	0.9577
000189	D	0.133521	0.863051	0.714361	0.5473	0.5577	0.7240	0.0990	0.5901	0.2307	0.9673
000190	N	0.127584	0.847781	0.708893	0.4879	0.4940	0.7580	0.0880	0.5707	0.2381	0.9740
000191	L	0.121844	0.824713	0.704028	0.4556	0.4766	0.8110	0.0650	0.5657	0.2462	0.9810
000192	F	0.112796	0.818276	0.699331	0.4116	0.4979	0.8260	0.0570	0.5610	0.2526	0.9839
000193	I	0.106700	0.833805	0.695191	0.3847	0.5017	0.8190	0.0610	0.5568	0.2581	0.9836
000194	D	0.102343	0.821632	0.690789	0.3847	0.4979	0.8480	0.0570	0.5575	0.2622	0.9802
000195	R	0.102398	0.812872	0.685221	0.3885	0.5055	0.8560	0.0590	0.5584	0.2611	0.9762
000196	L	0.120766	0.801846	0.677695	0.3939	0.5176	0.8660	0.0550	0.5629	0.2543	0.9714
000197	Q	0.169376	0.786403	0.672109	0.4037	0.5342	0.8560	0.0560	0.5702	0.2339	0.9609
000198	R	0.226139	0.780715	0.668817	0.4149	0.5296	0.8450	0.0580	0.5775	0.2135	0.9465
000199	I	0.301048	0.787958	0.667351	0.4825	0.6375	0.8340	0.0670	0.6183	0.1812	0.9297
000200	T	0.379813	0.777208	0.666060	0.4703	0.6322	0.8320	0.0760	0.6263	0.1592	0.9058
000201	I	0.458181	0.748197	0.666056	0.4749	0.6322	0.8640	0.0630	0.6406	0.1431	0.8763
000202	A	0.539865	0.762491	0.667507	0.5331	0.6806	0.8770	0.0440	0.6767	0.1203	0.8209
000203	D	0.623638	0.786610	0.669149	0.5846	0.7672	0.9030	0.0360	0.7223	0.1081	0.7555
000204	Q	0.702343	0.786538	0.670516	0.6079	0.8235	0.9210	0.0330	0.7519	0.1038	0.6951
000205	G	0.763616	0.797253	0.671105	0.6035	0.8085	0.9300	0.0350	0.7623	0.1041	0.6414
000206	E	0.797511	0.811005	0.671439	0.6035	0.8198	0.9310	0.0390	0.7724	0.1067	0.5819
000207	Q	0.823116	0.819426	0.672190	0.6442	0.8198	0.9370	0.0410	0.7859	0.0995	0.5213
000208	Q	0.834317	0.823618	0.674539	0.6374	0.8085	0.9280	0.0500	0.7845	0.0992	0.4882
000209	S	0.842665	0.832507	0.678343	0.5992	0.8162	0.9020	0.0740	0.7785	0.1049	0.4546
000210	E	0.849343	0.835095	0.682472	0.6557	0.8198	0.8910	0.0840	0.7890	0.0879	0.4206
000211	E	0.852876	0.838085	0.686431	0.6650	0.8198	0.8730	0.1020	0.7892	0.0820	0.4181
000212	N	0.854791	0.832746	0.690562	0.6789	0.8713	0.8500	0.1150	0.7965	0.0799	0.4198
000213	A	0.844502	0.832752	0.694770	0.7034	0.8853	0.8180	0.1290	0.7965	0.0719	0.4370
000214	S	0.795489	0.828186	0.699331	0.6984	0.8792	0.7810	0.1390	0.7802	0.0653	0.4509
000215	T	0.755322	0.821505	0.703545	0.6944	0.8792	0.7480	0.1390	0.7670	0.0650	0.4624
000216	K	0.698912	0.811845	0.708445	0.6906	0.8713	0.6930	0.1490	0.7457	0.0702	0.4744
000217	N	0.604341	0.805700	0.712981	0.6827	0.8623	0.6460	0.1470	0.7191	0.0893	0.4908
000218	L	0.514494	0.796020	0.717614	0.6681	0.8792	0.6390	0.1470	0.7024	0.1160	0.5072
000219	T	0.419161	0.785422	0.722378	0.6516	0.8828	0.5770	0.1760	0.6731	0.1490	0.5055
000220	G	0.323874	0.782557	0.727047	0.6756	0.8235	0.5280	0.1950	0.6435	0.1709	0.5160
000221	L	0.228160	0.783291	0.730773	0.6789	0.8050	0.5210	0.1900	0.6246	0.1999	0.5366
000222	S	0.148485	0.784033	0.733659	0.6174	0.8050	0.4940	0.1880	0.5971	0.2270	0.5466
000223	S	0.131769	0.784112	0.736885	0.5992	0.7415	0.4870	0.1790	0.5800	0.2245	0.5499
000224	G	0.147386	0.786165	0.739356	0.6219	0.6948	0.4850	0.1750	0.5792	0.2156	0.5606
000225	T	0.186807	0.781840	0.740899	0.5623	0.7036	0.5090	0.1840	0.5807	0.2008	0.5933
000226	E	0.224479	0.780036	0.742805	0.5173	0.6906	0.5040	0.1800	0.5765	0.1892	0.6273
000227	K	0.253743	0.778967	0.746545	0.5229	0.6906	0.4990	0.1810	0.5820	0.1806	0.6812
000228	K	0.306805	0.773969	0.749996	0.4967	0.6576	0.5040	0.1690	0.5815	0.1633	0.7327
000229	P	0.350337	0.753775	0.751332	0.5514	0.7209	0.4770	0.1490	0.6009	0.1532	0.7864
000230	H	0.399246	0.740815	0.751447	0.5296	0.7331	0.5040	0.1520	0.6097	0.1381	0.8350
000231	Y	0.445201	0.731912	0.752106	0.5296	0.7628	0.5350	0.1500	0.6261	0.1266	0.8642
000232	M	0.459782	0.742402	0.752567	0.5762	0.7628	0.5500	0.1600	0.6406	0.1175	0.8808
000233	E	0.482405	0.746798	0.751629	0.5992	0.7982	0.5410	0.1730	0.6532	0.1185	0.8915
000234	V	0.499828	0.741614	0.749316	0.5412	0.8085	0.5050	0.1600	0.6409	0.1280	0.9044
000235	L	0.524748	0.731760	0.746059	0.5583	0.7369	0.5160	0.1700	0.6357	0.1034	0.9097
000236	E	0.533835	0.737562	0.743511	0.5762	0.7369	0.4740	0.1620	0.6337	0.1097	0.9099
000237	M	0.537083	0.737840	0.741462	0.5296	0.7250	0.4990	0.1650	0.6284	0.1071	0.9130
000238	R	0.567407	0.738081	0.740409	0.5412	0.6269	0.4720	0.1580	0.6143	0.0994	0.9022
000239	A	0.587476	0.734526	0.738975	0.5514	0.6322	0.4290	0.1440	0.6122	0.1076	0.8965
000240	K	0.562945	0.733858	0.737500	0.4513	0.5901	0.4000	0.1310	0.5792	0.1278	0.8826
000241	N	0.558033	0.735822	0.736792	0.4420	0.5901	0.3930	0.1390	0.5760	0.1313	0.8691
000242	P	0.474285	0.721958	0.737240	0.5008	0.6089	0.3370	0.1030	0.5633	0.1418	0.8601
000243	V	0.445457	0.724751	0.738430	0.5229	0.5493	0.3420	0.0970	0.5537	0.1421	0.8588
000244	P	0.445603	0.733292	0.740533	0.4781	0.5758	0.3120	0.0920	0.5475	0.1546	0.8605
000245	Q	0.407104	0.732215	0.742596	0.4781	0.5342	0.3270	0.0880	0.5368	0.1554	0.8590
000246	L	0.360149	0.738641	0.745848	0.5514	0.5992	0.3180	0.0870	0.5523	0.1663	0.8712
000247	R	0.286973	0.740131	0.749334	0.4879	0.6043	0.3260	0.0830	0.5324	0.1827	0.8725
000248	K	0.219799	0.747902	0.754048	0.5126	0.6375	0.3630	0.0940	0.5392	0.1971	0.8719
000249	F	0.197618	0.765376	0.758994	0.5173	0.6482	0.4250	0.1160	0.5521	0.2002	0.8793
000250	K	0.163390	0.777727	0.763942	0.5473	0.6661	0.4260	0.1020	0.5574	0.2143	0.8685
000251	T	0.154920	0.784857	0.769349	0.5412	0.6712	0.5110	0.0900	0.5721	0.2132	0.8628
000252	N	0.091530	0.802812	0.775393	0.5374	0.6576	0.5490	0.0730	0.5689	0.2361	0.8572
000253	V	0.034181	0.810848	0.781603	0.5173	0.6322	0.5990	0.0750	0.5625	0.2572	0.8530
000254	L	0.027305	0.815785	0.787454	0.5711	0.6089	0.6130	0.0660	0.5706	0.2600	0.8454
000255	P	0.016588	0.824526	0.792608	0.5623	0.5807	0.5880	0.0760	0.5607	0.2648	0.8282
000256	F	0.017819	0.839394	0.798317	0.4967	0.5620	0.6410	0.0870	0.5592	0.2706	0.8100
000257	R	0.023381	0.849968	0.804237	0.5583	0.6375	0.6680	0.0790	0.5902	0.2720	0.7717
000258	Q	0.025763	0.850993	0.810760	0.5549	0.6427	0.6880	0.0790	0.5956	0.2735	0.7409
000259	N	0.030944	0.859410	0.817169	0.5514	0.6427	0.7290	0.0730	0.6052	0.2766	0.7090
000260	D	0.046700	0.864721	0.823719	0.6293	0.7843	0.7240	0.0900	0.6455	0.2781	0.6760
000261	S	0.117596	0.875614	0.830603	0.6255	0.7080	0.7380	0.0950	0.6493	0.2512	0.6628
000262	S	0.198170	0.889927	0.837279	0.6557	0.7036	0.7340	0.1040	0.6697	0.2252	0.6487
000263	S	0.293589	0.895815	0.844093	0.5941	0.6851	0.7540	0.1070	0.6778	0.1982	0.6307
000264	H	0.389312	0.900072	0.851618	0.6442	0.7505	0.7910	0.1110	0.7211	0.1687	0.6092
000265	C	0.477618	0.911455	0.860801	0.6906	0.8198	0.8130	0.1230	0.7622	0.1438	0.5770
000266	Q	0.559406	0.920706	0.870937	0.6715	0.7881	0.8140	0.1210	0.7709	0.1220	0.5513
000267	K	0.644761	0.926946	0.879712	0.7342	0.8655	0.8420	0.1190	0.8156	0.0962	0.5270
000268	S	0.748173	0.933352	0.885951	0.7388	0.8596	0.8570	0.1100	0.8371	0.0709	0.5160
000269	G	0.841938	0.935513	0.890246	0.7275	0.8462	0.8650	0.0970	0.8511	0.0636	0.5072
000270	S	0.880287	0.937132	0.893691	0.7232	0.8421	0.8630	0.1000	0.8566	0.0664	0.4986
000271	P	0.902688	0.936751	0.897083	0.7275	0.8279	0.8630	0.1020	0.8591	0.0679	0.4887
000272	I	0.916852	0.935874	0.899603	0.7275	0.8375	0.8850	0.0860	0.8670	0.0695	0.4758
000273	S	0.930935	0.934122	0.901239	0.7317	0.8493	0.8830	0.0910	0.8718	0.0689	0.4556
000274	S	0.915632	0.933093	0.901882	0.7458	0.7881	0.8770	0.1010	0.8603	0.0692	0.4419
000275	E	0.899797	0.932305	0.900852	0.7342	0.7799	0.8640	0.1210	0.8518	0.0711	0.4375
000276	E	0.883139	0.926512	0.897902	0.7342	0.8596	0.8580	0.1270	0.8599	0.0609	0.4479
000277	R	0.843715	0.919666	0.893451	0.7147	0.7799	0.8460	0.1380	0.8330	0.0687	0.4682
000278	R	0.835789	0.915282	0.888761	0.7147	0.7881	0.8360	0.1450	0.8297	0.0656	0.4922
000279	R	0.828114	0.909192	0.883931	0.6474	0.7672	0.8140	0.1710	0.8084	0.0855	0.5104
000280	R	0.819907	0.902412	0.879028	0.6412	0.7415	0.8110	0.1730	0.7992	0.0874	0.5315
000281	D	0.811604	0.894148	0.874286	0.6255	0.7415	0.8010	0.1870	0.7914	0.0894	0.5551
000282	K	0.810613	0.883834	0.870098	0.5711	0.6269	0.8170	0.1640	0.7633	0.1202	0.5772
000283	Q	0.845225	0.875365	0.865599	0.6334	0.6375	0.8220	0.1600	0.7799	0.1035	0.6079
000284	H	0.871359	0.873154	0.859049	0.5667	0.6806	0.8110	0.1720	0.7770	0.1151	0.6531
000285	L	0.833695	0.863264	0.850420	0.5008	0.6043	0.8270	0.1400	0.7466	0.1409	0.6889
000286	D	0.776099	0.849607	0.841280	0.5374	0.6136	0.8120	0.1310	0.7383	0.1195	0.7140
000287	D	0.681085	0.848407	0.831993	0.4651	0.6183	0.7940	0.1160	0.7064	0.1355	0.7425
000288	I	0.582133	0.837506	0.822589	0.4703	0.6043	0.7790	0.1280	0.6827	0.1380	0.7713
000289	T	0.483568	0.823774	0.811783	0.4781	0.6531	0.7490	0.1670	0.6665	0.1424	0.7999
000290	A	0.382984	0.798605	0.800950	0.4556	0.6620	0.7230	0.1810	0.6371	0.1625	0.8307
000291	A	0.278855	0.792260	0.790085	0.4967	0.6806	0.7020	0.1970	0.6235	0.1828	0.8498
000292	R	0.173471	0.782109	0.779153	0.4918	0.5951	0.7020	0.1890	0.5872	0.2115	0.8633
000293	L	0.097553	0.765090	0.768587	0.4918	0.5382	0.6750	0.1670	0.5561	0.2301	0.8807
000294	L	0.118325	0.758479	0.759115	0.4037	0.5254	0.6640	0.1720	0.5381	0.2264	0.8927
000295	P	0.178418	0.752741	0.751189	0.3225	0.4507	0.5890	0.1650	0.5073	0.2129	0.8947
000296	L	0.234130	0.766074	0.744067	0.3885	0.5176	0.6200	0.1550	0.5451	0.1898	0.8972
000297	H	0.293802	0.750323	0.737203	0.2913	0.5176	0.6040	0.1280	0.5324	0.1870	0.8946
000298	H	0.341896	0.741756	0.731277	0.3005	0.5055	0.5950	0.1190	0.5359	0.1722	0.8836
000299	M	0.371030	0.734446	0.726961	0.3847	0.5176	0.6260	0.1230	0.5602	0.1477	0.8650
000300	P	0.381693	0.762789	0.723463	0.3885	0.4979	0.5500	0.1390	0.5507	0.1486	0.8397
000301	T	0.401620	0.765899	0.719973	0.3263	0.4582	0.5560	0.1030	0.5380	0.1608	0.8124
000302	Q	0.393716	0.759924	0.715496	0.3184	0.4831	0.5330	0.1010	0.5339	0.1596	0.7910
000303	L	0.344657	0.773010	0.711042	0.2333	0.4864	0.5440	0.0690	0.5155	0.1893	0.7725
000304	L	0.283018	0.776698	0.706611	0.3005	0.5577	0.5380	0.0410	0.5270	0.1855	0.7445
000305	S	0.238273	0.780044	0.702766	0.3668	0.6482	0.5360	0.0410	0.5454	0.1900	0.7106
000306	I	0.182375	0.774630	0.700388	0.3263	0.5992	0.5730	0.0620	0.5260	0.2073	0.6796
000307	E	0.148166	0.773464	0.699731	0.4078	0.6906	0.5330	0.0440	0.5422	0.2136	0.6429
000308	E	0.143004	0.759054	0.699239	0.3992	0.6906	0.5690	0.0680	0.5433	0.2138	0.6181
000309	S	0.152252	0.765824	0.697855	0.3885	0.5807	0.5980	0.0750	0.5305	0.2056	0.6018
000310	L	0.158617	0.768305	0.695309	0.4149	0.6043	0.6310	0.0870	0.5454	0.2039	0.5953
000311	A	0.180419	0.772416	0.692856	0.2865	0.5665	0.6170	0.0770	0.5192	0.2141	0.5838
000312	L	0.181025	0.785343	0.690009	0.2913	0.5456	0.6260	0.0820	0.5198	0.2154	0.5650
000313	Q	0.176862	0.785404	0.687157	0.2820	0.5456	0.5870	0.0740	0.5107	0.2150	0.5416
000314	K	0.161511	0.795012	0.684915	0.3263	0.5901	0.5710	0.0660	0.5215	0.2146	0.5178
000315	Q	0.155005	0.812317	0.685865	0.4037	0.6620	0.5830	0.0820	0.5504	0.2154	0.5020
000316	Q	0.138400	0.833788	0.689809	0.3668	0.5807	0.6310	0.0880	0.5400	0.2273	0.4928
000317	K	0.113292	0.840047	0.695091	0.4556	0.6482	0.6310	0.0870	0.5639	0.2309	0.4921
000318	Q	0.088521	0.848616	0.700481	0.3806	0.6136	0.6730	0.0920	0.5508	0.2492	0.4971
000319	N	0.057100	0.859160	0.705036	0.3456	0.6227	0.6830	0.1030	0.5454	0.2668	0.5054
000320	Y	0.019666	0.866783	0.709883	0.3146	0.6183	0.6700	0.0970	0.5332	0.2828	0.5118
000321	E	0.046191	0.867614	0.713940	0.3992	0.6136	0.6420	0.1180	0.5471	0.2636	0.5073
000322	E	0.064354	0.870002	0.717624	0.4203	0.6136	0.6730	0.1090	0.5598	0.2587	0.5164
000323	M	0.085836	0.855163	0.720538	0.4458	0.6948	0.6870	0.1050	0.5815	0.2524	0.5358
000324	Q	0.143593	0.857262	0.722568	0.4203	0.6755	0.6280	0.1240	0.5745	0.2325	0.5510
000325	A	0.160780	0.862131	0.724069	0.4116	0.5992	0.6160	0.1430	0.5623	0.2252	0.5658
000326	K	0.178943	0.835314	0.724966	0.4149	0.6043	0.6050	0.1430	0.5606	0.2134	0.5825
000327	L	0.276380	0.842775	0.724344	0.3630	0.5139	0.6250	0.1360	0.5575	0.1969	0.5994
000328	A	0.357071	0.835580	0.722579	0.3668	0.5139	0.6280	0.1270	0.5706	0.1765	0.6087
000329	A	0.414312	0.847663	0.719857	0.3096	0.4864	0.6610	0.1350	0.5731	0.1856	0.6087
000330	Q	0.436272	0.842260	0.717716	0.2913	0.4685	0.6720	0.1470	0.5714	0.1881	0.6087
000331	K	0.480627	0.833831	0.716183	0.3535	0.5419	0.6940	0.1440	0.6034	0.1609	0.6062
000332	L	0.539079	0.840584	0.715111	0.3359	0.4652	0.7460	0.1290	0.6069	0.1750	0.6136
000333	A	0.562322	0.800986	0.714633	0.3359	0.4725	0.7320	0.1290	0.6030	0.1624	0.6133
000334	E	0.636101	0.817937	0.714421	0.3053	0.5254	0.7300	0.1080	0.6215	0.1675	0.6046
000335	R	0.710136	0.832051	0.714873	0.3053	0.5176	0.7840	0.0950	0.6440	0.1803	0.6041
000336	L	0.705848	0.825622	0.715304	0.3668	0.5419	0.7770	0.0970	0.6554	0.1561	0.6033
000337	N	0.718400	0.843626	0.715453	0.3762	0.5493	0.7720	0.0920	0.6626	0.1558	0.5928
000338	I	0.753571	0.821011	0.716112	0.4420	0.6227	0.8040	0.0740	0.6932	0.1296	0.5786
000339	K	0.788155	0.817602	0.717327	0.4703	0.6427	0.7760	0.0700	0.7020	0.1181	0.5601
000340	M	0.807886	0.815006	0.719470	0.4967	0.6712	0.8170	0.0610	0.7212	0.1143	0.5525
000341	R	0.814861	0.831506	0.721987	0.4918	0.6482	0.8230	0.0570	0.7219	0.1220	0.5328
000342	S	0.822987	0.843680	0.725464	0.5008	0.5620	0.8870	0.0490	0.7236	0.1453	0.5169
000343	Y	0.822194	0.856751	0.729499	0.5331	0.6322	0.8920	0.0450	0.7444	0.1278	0.5060
000344	N	0.816418	0.863231	0.733662	0.5008	0.6620	0.8620	0.0580	0.7397	0.1286	0.4844
000345	P	0.816462	0.870159	0.737365	0.4825	0.5901	0.8450	0.0580	0.7236	0.1420	0.4674
000346	E	0.805553	0.876863	0.740964	0.4879	0.5901	0.8650	0.0550	0.7277	0.1436	0.4506
000347	G	0.791851	0.880195	0.744285	0.4967	0.6806	0.8950	0.0350	0.7482	0.1347	0.4321
000348	E	0.797013	0.880781	0.748310	0.4600	0.6712	0.8640	0.0600	0.7369	0.1424	0.4221
000349	S	0.763152	0.880435	0.752859	0.5229	0.7595	0.8500	0.0590	0.7548	0.1145	0.4132
000350	S	0.753069	0.878912	0.758776	0.5296	0.7755	0.8560	0.0700	0.7587	0.1131	0.4092
000351	G	0.761293	0.878091	0.765043	0.5583	0.8013	0.8770	0.0580	0.7735	0.1072	0.4018
000352	R	0.767678	0.876640	0.771013	0.5802	0.6755	0.8880	0.0580	0.7599	0.1078	0.4028
000353	Y	0.778066	0.876064	0.775777	0.5900	0.6806	0.8980	0.0620	0.7664	0.1065	0.4101
000354	R	0.766956	0.872714	0.779630	0.5473	0.7628	0.8880	0.0600	0.7695	0.1112	0.4043
000355	E	0.795562	0.871621	0.782820	0.5473	0.7595	0.8930	0.0610	0.7750	0.1124	0.4112
000356	V	0.827477	0.877728	0.785157	0.5126	0.7289	0.9040	0.0640	0.7726	0.1297	0.4195
000357	R	0.842720	0.878419	0.786468	0.5253	0.6183	0.9140	0.0660	0.7609	0.1417	0.4167
000358	D	0.897965	0.888661	0.788634	0.5296	0.5992	0.9260	0.0690	0.7717	0.1539	0.4284
000359	E	0.929425	0.900975	0.791949	0.4918	0.5758	0.9780	0.0310	0.7780	0.1831	0.4397
000360	D	0.942666	0.911544	0.796493	0.5331	0.5577	0.9790	0.0290	0.7867	0.1797	0.4554
000361	D	0.956788	0.918765	0.800415	0.5762	0.5419	0.9640	0.0570	0.7930	0.1742	0.4736
000362	D	0.970841	0.923251	0.803979	0.6124	0.5176	0.9360	0.1060	0.7939	0.1720	0.4936
000363	W	0.999425	0.930338	0.808011	0.6715	0.5055	0.9900	0.0120	0.8175	0.1800	0.5156
000364	S	0.997875	0.937394	0.812710	0.7573	0.5901	0.9890	0.0120	0.8475	0.1451	0.5200
000365	S	0.999668	0.943656	0.817819	0.8200	0.5807	0.9830	0.0230	0.8574	0.1431	0.5334
000366	D	0.999111	0.950266	0.822532	0.8488	0.5419	0.9690	0.0350	0.8553	0.1538	0.5453
000367	E	0.996982	0.953198	0.827331	0.9103	0.6136	0.9350	0.0770	0.8727	0.1268	0.5576
000368	F	0.985829	0.959418	0.829773	0.9447	0.5992	0.9050	0.1110	0.8706	0.1311	0.5912