RESNUM	RES	VL-XT	VSL2B	VL3	IUPred-S	IUPred-L	PONDRFIT	FITERROR	MDP	MDPERROR	ANCHOR2
000001	M	0.866632	0.979259	0.926752	0.9978	0.9230	0.9980	0.0020	0.9486	0.0477	0.9691
000002	P	0.963177	0.978566	0.927555	0.9951	0.9230	0.9980	0.0020	0.9642	0.0299	0.9588
000003	N	0.736346	0.977685	0.929287	0.9885	0.9362	0.9990	0.0020	0.9278	0.0894	0.9449
000004	E	0.785895	0.976760	0.931449	0.9824	0.9362	0.9930	0.0080	0.9343	0.0703	0.9341
000005	G	0.793914	0.976214	0.933787	0.9760	0.9503	0.9920	0.0100	0.9370	0.0668	0.9215
000006	I	0.772954	0.974621	0.936245	0.9665	0.8853	0.9870	0.0140	0.9204	0.0738	0.9100
000007	P	0.755872	0.973586	0.938586	0.9632	0.8085	0.9870	0.0090	0.9044	0.0889	0.8753
000008	H	0.771373	0.972425	0.941027	0.9141	0.8162	0.9890	0.0080	0.9006	0.0802	0.8434
000009	S	0.773820	0.970456	0.943163	0.8650	0.8235	0.9840	0.0110	0.8933	0.0781	0.7993
000010	S	0.766043	0.968371	0.944877	0.8424	0.8313	0.9820	0.0130	0.8892	0.0804	0.7537
000011	Q	0.780560	0.965148	0.945290	0.8118	0.8681	0.9870	0.0140	0.8930	0.0782	0.7034
000012	T	0.802208	0.964694	0.944068	0.8242	0.8279	0.9810	0.0180	0.8907	0.0739	0.6652
000013	Q	0.830387	0.963343	0.941452	0.8200	0.7951	0.9760	0.0220	0.8877	0.0740	0.6558
000014	E	0.842266	0.959483	0.938391	0.7688	0.7951	0.9570	0.0350	0.8769	0.0781	0.6567
000015	Q	0.865041	0.953226	0.935849	0.7605	0.7881	0.9440	0.0480	0.8744	0.0767	0.6415
000016	D	0.871791	0.949650	0.933465	0.7501	0.8013	0.9280	0.0590	0.8725	0.0740	0.6303
000017	C	0.867268	0.933933	0.931071	0.7869	0.8853	0.9100	0.0820	0.8857	0.0501	0.6068
000018	L	0.866957	0.925193	0.928117	0.7724	0.8375	0.8780	0.1190	0.8680	0.0533	0.5990
000019	Q	0.873039	0.925075	0.924648	0.7772	0.8050	0.8590	0.1370	0.8607	0.0555	0.5793
000020	S	0.860594	0.913417	0.921003	0.7573	0.7209	0.8540	0.1340	0.8379	0.0748	0.5775
000021	Q	0.848097	0.908158	0.918092	0.7317	0.7080	0.8370	0.1420	0.8251	0.0803	0.5884
000022	P	0.838349	0.904245	0.915706	0.6789	0.7080	0.8100	0.1640	0.8091	0.0899	0.6037
000023	V	0.830745	0.900704	0.913263	0.6650	0.7209	0.8310	0.1600	0.8102	0.0901	0.6088
000024	S	0.830478	0.892566	0.909905	0.6604	0.7163	0.8280	0.1630	0.8063	0.0900	0.6014
000025	N	0.834089	0.893454	0.905809	0.6604	0.6991	0.8380	0.1530	0.8052	0.0932	0.5935
000026	N	0.842908	0.885509	0.900084	0.6516	0.6948	0.8480	0.1440	0.8039	0.0953	0.5980
000027	E	0.852987	0.879304	0.893290	0.6293	0.6948	0.8330	0.1490	0.7970	0.0992	0.6088
000028	E	0.865709	0.869004	0.885794	0.6827	0.7916	0.8370	0.1400	0.8219	0.0692	0.6284
000029	M	0.877094	0.856843	0.877946	0.7317	0.8741	0.8520	0.1240	0.8449	0.0516	0.6472
000030	A	0.875726	0.845835	0.869963	0.7192	0.8125	0.8430	0.1310	0.8276	0.0527	0.6524
000031	I	0.861960	0.834716	0.862004	0.7317	0.8279	0.8340	0.1330	0.8253	0.0440	0.6494
000032	K	0.857530	0.827061	0.853742	0.6756	0.8421	0.7870	0.1630	0.8072	0.0633	0.6238
000033	Q	0.818991	0.820399	0.843761	0.6650	0.7250	0.7810	0.1640	0.7757	0.0624	0.6036
000034	E	0.800032	0.811604	0.832900	0.7192	0.7163	0.7820	0.1630	0.7770	0.0445	0.5947
000035	S	0.781704	0.803469	0.822100	0.6557	0.7163	0.7890	0.1720	0.7614	0.0575	0.5988
000036	G	0.763061	0.793611	0.812916	0.6124	0.5901	0.7920	0.1690	0.7273	0.0906	0.6019
000037	G	0.742129	0.789180	0.803885	0.6124	0.5665	0.7740	0.1810	0.7147	0.0915	0.6129
000038	D	0.724661	0.781850	0.794906	0.5296	0.5456	0.7690	0.1690	0.6910	0.1107	0.6196
000039	G	0.731058	0.772655	0.782446	0.5043	0.4652	0.7700	0.1530	0.6709	0.1331	0.6194
000040	E	0.746157	0.759520	0.766598	0.5229	0.4831	0.7660	0.1790	0.6741	0.1217	0.6230
000041	V	0.750154	0.742982	0.748129	0.4825	0.5296	0.7550	0.2010	0.6681	0.1154	0.6334
000042	E	0.775472	0.717582	0.730060	0.5296	0.6227	0.7040	0.2050	0.6798	0.0811	0.6430
000043	E	0.780428	0.689064	0.713000	0.5583	0.5456	0.7000	0.1760	0.6644	0.0847	0.6579
000044	Y	0.782431	0.648846	0.695188	0.5514	0.5419	0.6770	0.1480	0.6495	0.0834	0.6741
000045	L	0.785497	0.574928	0.676228	0.4651	0.5254	0.6590	0.1560	0.6144	0.1056	0.6804
000046	S	0.787695	0.544847	0.655976	0.4651	0.5254	0.5200	0.1740	0.5832	0.1079	0.6760
000047	F	0.752588	0.535738	0.635025	0.4600	0.4979	0.4700	0.1330	0.5585	0.1043	0.6695
000048	R	0.712795	0.535044	0.613370	0.4600	0.4369	0.4140	0.1020	0.5288	0.1059	0.6468
000049	S	0.644771	0.548837	0.592696	0.4116	0.4149	0.4070	0.1230	0.5033	0.0963	0.6258
000050	V	0.560940	0.546079	0.575502	0.3535	0.3321	0.4060	0.1290	0.4624	0.1012	0.6082
000051	G	0.479407	0.565718	0.561493	0.3359	0.2951	0.4040	0.1320	0.4403	0.1043	0.5872
000052	D	0.407897	0.558544	0.551342	0.3225	0.3529	0.4240	0.1440	0.4362	0.0904	0.5696
000053	G	0.333728	0.552716	0.542452	0.2748	0.3149	0.4440	0.1510	0.4104	0.1097	0.5521
000054	L	0.340938	0.560609	0.533648	0.2602	0.2783	0.4450	0.1490	0.4031	0.1180	0.5364
000055	S	0.358239	0.545420	0.523542	0.2913	0.3774	0.3910	0.1310	0.4144	0.0907	0.5161
000056	T	0.411727	0.529389	0.512525	0.3053	0.4369	0.3580	0.1130	0.4257	0.0793	0.5019
000057	S	0.462855	0.529396	0.503702	0.3359	0.4330	0.3140	0.1030	0.4299	0.0802	0.4911
000058	A	0.538762	0.518260	0.495773	0.4037	0.5254	0.2890	0.0840	0.4618	0.0889	0.4790
000059	V	0.631852	0.497564	0.489099	0.4078	0.5707	0.2910	0.0740	0.4814	0.1100	0.4697
000060	G	0.703544	0.501863	0.482078	0.4116	0.5456	0.2680	0.0780	0.4855	0.1318	0.4611
000061	C	0.765204	0.512187	0.474475	0.5008	0.5382	0.2690	0.0910	0.5100	0.1445	0.4550
000062	A	0.795309	0.526743	0.465016	0.4703	0.4652	0.2720	0.0800	0.4992	0.1544	0.4512
000063	S	0.747601	0.529603	0.454300	0.3847	0.4541	0.2790	0.0760	0.4750	0.1441	0.4476
000064	A	0.665155	0.527928	0.442657	0.3146	0.3807	0.2970	0.0710	0.4381	0.1278	0.4465
000065	A	0.580205	0.525506	0.430162	0.3939	0.4652	0.2520	0.0680	0.4412	0.1041	0.4448
000066	P	0.489738	0.510326	0.417932	0.3096	0.4619	0.2330	0.0630	0.4037	0.1003	0.4442
000067	R	0.405298	0.500088	0.405873	0.3263	0.4685	0.2460	0.0640	0.3920	0.0852	0.4428
000068	R	0.360363	0.500980	0.394431	0.3263	0.4725	0.2200	0.0590	0.3791	0.0933	0.4425
000069	G	0.325928	0.495369	0.382000	0.3578	0.4186	0.2110	0.0600	0.3651	0.0870	0.4420
000070	P	0.278158	0.465104	0.372496	0.4245	0.4831	0.2050	0.0660	0.3713	0.1005	0.4419
000071	A	0.273937	0.442631	0.367279	0.3399	0.4582	0.2160	0.0750	0.3496	0.0861	0.4411
000072	L	0.272673	0.412953	0.365822	0.4149	0.4864	0.2190	0.0750	0.3620	0.0907	0.4389
000073	L	0.286652	0.379080	0.364471	0.4116	0.5211	0.2140	0.0690	0.3628	0.0963	0.4362
000074	H	0.319073	0.337064	0.362671	0.3399	0.5620	0.2080	0.0680	0.3548	0.1052	0.4344
000075	I	0.373512	0.329783	0.362506	0.3847	0.5951	0.1920	0.0520	0.3729	0.1185	0.4327
000076	D	0.406892	0.343521	0.365267	0.4600	0.5951	0.1880	0.0490	0.3931	0.1231	0.4315
000077	R	0.425124	0.352176	0.370641	0.4333	0.5493	0.1910	0.0530	0.3869	0.1079	0.4310
000078	H	0.446630	0.391825	0.378667	0.4037	0.5342	0.1960	0.0550	0.3918	0.1016	0.4313
000079	Q	0.488953	0.405475	0.388052	0.4078	0.4685	0.2050	0.0610	0.3940	0.0917	0.4323
000080	I	0.531037	0.428997	0.398312	0.3762	0.4801	0.2140	0.0610	0.4048	0.0996	0.4333
000081	Q	0.568540	0.467391	0.404624	0.2558	0.3774	0.2180	0.0640	0.3820	0.1193	0.4333
000082	A	0.621464	0.494575	0.408064	0.3005	0.3983	0.2290	0.0720	0.4086	0.1270	0.4333
000083	V	0.650606	0.512441	0.408599	0.2786	0.4652	0.2400	0.0810	0.4259	0.1391	0.4332
000084	E	0.661038	0.506719	0.409267	0.3491	0.4685	0.2350	0.0930	0.4383	0.1325	0.4333
000085	P	0.696811	0.502228	0.412338	0.3456	0.4582	0.2240	0.0960	0.4399	0.1452	0.4336
000086	S	0.703384	0.502317	0.416116	0.3311	0.4725	0.2200	0.0950	0.4410	0.1500	0.4336
000087	A	0.720165	0.482249	0.421582	0.3184	0.4725	0.2280	0.1020	0.4404	0.1536	0.4336
000088	Q	0.727797	0.457098	0.425434	0.2432	0.4149	0.2280	0.1040	0.4161	0.1654	0.4336
000089	A	0.724613	0.446872	0.429815	0.2602	0.3392	0.2370	0.1030	0.4062	0.1624	0.4336
000090	L	0.720815	0.432569	0.433366	0.1878	0.3529	0.2250	0.0980	0.3922	0.1744	0.4334
000091	E	0.684804	0.406639	0.435839	0.1998	0.4256	0.2080	0.0890	0.3935	0.1632	0.4330
000092	L	0.654719	0.394536	0.438480	0.2167	0.4369	0.2090	0.0910	0.3918	0.1513	0.4328
000093	Q	0.618436	0.381544	0.441710	0.2483	0.3983	0.1940	0.0810	0.3803	0.1373	0.4329
000094	G	0.581640	0.359224	0.447688	0.3456	0.3872	0.1840	0.0740	0.3843	0.1191	0.4328
000095	L	0.544892	0.355358	0.456312	0.2558	0.3840	0.1790	0.0730	0.3626	0.1208	0.4325
000096	G	0.495005	0.341177	0.467817	0.1456	0.3494	0.1650	0.0630	0.3274	0.1341	0.4319
000097	V	0.457835	0.317358	0.478221	0.1566	0.3494	0.1600	0.0610	0.3200	0.1272	0.4313
000098	D	0.407489	0.323000	0.485349	0.1805	0.3117	0.1600	0.0560	0.3114	0.1151	0.4308
000099	V	0.361438	0.319468	0.490849	0.1805	0.2436	0.1700	0.0510	0.2943	0.1116	0.4304
000100	Y	0.330834	0.338817	0.497363	0.1566	0.2645	0.1680	0.0460	0.2927	0.1157	0.4300
000101	D	0.295615	0.340424	0.504803	0.1602	0.3286	0.1670	0.0460	0.2994	0.1167	0.4303
000102	Q	0.276258	0.358073	0.512304	0.1495	0.2609	0.1770	0.0480	0.2889	0.1209	0.4314
000103	D	0.242739	0.359820	0.519388	0.2255	0.3356	0.1910	0.0550	0.3123	0.1102	0.4322
000104	V	0.214758	0.365874	0.527609	0.1602	0.3460	0.2060	0.0670	0.3034	0.1250	0.4334
000105	L	0.220999	0.379619	0.536836	0.1732	0.3215	0.2170	0.0750	0.3082	0.1236	0.4320
000106	E	0.221571	0.397165	0.546590	0.2748	0.3117	0.2170	0.0790	0.3281	0.1150	0.4279
000107	Q	0.269594	0.392710	0.554165	0.2333	0.3249	0.2330	0.0860	0.3346	0.1129	0.4233
000108	G	0.311365	0.373635	0.557784	0.2122	0.3910	0.2430	0.0990	0.3481	0.1136	0.4204
000109	V	0.362898	0.373920	0.556951	0.1958	0.3529	0.2470	0.1050	0.3482	0.1140	0.4168
000110	L	0.425601	0.355955	0.555522	0.2786	0.4119	0.2320	0.0960	0.3766	0.1053	0.4151
000111	Q	0.482470	0.360503	0.551923	0.3146	0.4766	0.2130	0.0920	0.3998	0.1152	0.4117
000112	Q	0.550595	0.368748	0.548385	0.2913	0.4369	0.2170	0.1030	0.4022	0.1240	0.4106
000113	V	0.594685	0.384986	0.544574	0.2820	0.4369	0.2220	0.1070	0.4108	0.1325	0.4114
000114	D	0.611058	0.402319	0.540782	0.2209	0.4220	0.2320	0.1190	0.4049	0.1443	0.4128
000115	N	0.610132	0.417050	0.537149	0.2913	0.4119	0.2680	0.1290	0.4225	0.1223	0.4128
000116	A	0.609827	0.449327	0.530681	0.3762	0.4220	0.2920	0.1220	0.4468	0.1025	0.4145
000117	I	0.621324	0.463397	0.523741	0.2748	0.4256	0.3030	0.1250	0.4352	0.1202	0.4171
000118	H	0.639053	0.468832	0.514492	0.2167	0.3631	0.3060	0.1310	0.4180	0.1396	0.4213
000119	E	0.634835	0.494404	0.504475	0.2167	0.3774	0.3180	0.1380	0.4243	0.1368	0.4220
000120	A	0.634045	0.501546	0.494489	0.2167	0.4330	0.3100	0.1270	0.4317	0.1359	0.4224
000121	S	0.637805	0.481184	0.485407	0.3096	0.5176	0.2770	0.1180	0.4515	0.1236	0.4215
000122	R	0.667828	0.475054	0.480178	0.3005	0.4409	0.2770	0.1110	0.4403	0.1295	0.4208
000123	A	0.699797	0.498158	0.478094	0.3146	0.4369	0.2590	0.0930	0.4477	0.1417	0.4231
000124	S	0.741253	0.484259	0.479189	0.3146	0.4979	0.2380	0.0910	0.4592	0.1591	0.4232
000125	Q	0.751707	0.476690	0.479442	0.2820	0.4220	0.2370	0.0940	0.4414	0.1667	0.4227
000126	L	0.730984	0.492626	0.477506	0.2786	0.3392	0.2340	0.0850	0.4255	0.1665	0.4255
000127	V	0.704796	0.497465	0.472709	0.2531	0.3774	0.2230	0.0790	0.4215	0.1624	0.4275
000128	D	0.691934	0.477583	0.468343	0.2657	0.4725	0.2180	0.0830	0.4324	0.1560	0.4300
000129	V	0.654505	0.500404	0.465785	0.2748	0.3807	0.2210	0.0820	0.4161	0.1448	0.4313
000130	E	0.612228	0.502605	0.464377	0.2657	0.3740	0.1990	0.0720	0.4029	0.1408	0.4326
000131	K	0.564329	0.474257	0.461534	0.2255	0.3948	0.1910	0.0680	0.3853	0.1348	0.4299
000132	E	0.524054	0.464853	0.458058	0.2167	0.3249	0.1900	0.0700	0.3630	0.1280	0.4258
000133	Y	0.484543	0.466043	0.453601	0.2333	0.3321	0.1860	0.0690	0.3593	0.1174	0.4216
000134	R	0.445892	0.435341	0.450410	0.2122	0.3599	0.1700	0.0580	0.3457	0.1139	0.4218
000135	S	0.442105	0.427862	0.446927	0.2041	0.3599	0.1620	0.0520	0.3405	0.1155	0.4220
000136	V	0.436110	0.439730	0.443259	0.2041	0.2849	0.1600	0.0520	0.3280	0.1175	0.4224
000137	L	0.401935	0.435992	0.438390	0.2786	0.3494	0.1550	0.0490	0.3433	0.1005	0.4232
000138	D	0.384802	0.421893	0.435350	0.2657	0.4119	0.1500	0.0420	0.3450	0.1036	0.4249
000139	D	0.345160	0.453934	0.436049	0.2483	0.3215	0.1490	0.0340	0.3256	0.1052	0.4267
000140	L	0.310108	0.475274	0.439794	0.3184	0.3910	0.1480	0.0370	0.3471	0.1070	0.4280
000141	T	0.287827	0.468175	0.444000	0.2255	0.3740	0.1490	0.0410	0.3248	0.1150	0.4297
000142	S	0.261367	0.459751	0.450510	0.2333	0.3019	0.1590	0.0430	0.3109	0.1106	0.4308
000143	C	0.230018	0.470810	0.458774	0.2167	0.2129	0.1680	0.0350	0.2929	0.1231	0.4319
000144	T	0.199620	0.463695	0.467864	0.2167	0.2951	0.1720	0.0340	0.3025	0.1213	0.4325
000145	T	0.163396	0.452500	0.476965	0.1667	0.3019	0.1820	0.0410	0.2907	0.1318	0.4328
000146	S	0.148471	0.474354	0.486684	0.1602	0.2328	0.1940	0.0500	0.2828	0.1424	0.4332
000147	L	0.143559	0.492809	0.498449	0.2167	0.2918	0.1970	0.0500	0.3067	0.1405	0.4332
000148	R	0.161830	0.518864	0.512206	0.2209	0.3948	0.2010	0.0560	0.3349	0.1471	0.4336
000149	Q	0.174960	0.526033	0.528409	0.2122	0.3840	0.2140	0.0630	0.3399	0.1480	0.4337
000150	I	0.224474	0.538767	0.546950	0.2432	0.3494	0.2150	0.0550	0.3530	0.1412	0.4337
000151	N	0.278067	0.570699	0.565574	0.3184	0.4017	0.2250	0.0630	0.3933	0.1344	0.4337
000152	K	0.339219	0.579350	0.584232	0.3005	0.4017	0.2660	0.0790	0.4118	0.1271	0.4337
000153	I	0.364957	0.598072	0.600622	0.2748	0.4017	0.3350	0.0970	0.4291	0.1262	0.4337
000154	I	0.411998	0.621920	0.613669	0.3184	0.4725	0.3380	0.1070	0.4628	0.1205	0.4337
000155	E	0.465919	0.611886	0.624357	0.3263	0.4831	0.3330	0.1150	0.4741	0.1179	0.4337
000156	Q	0.512872	0.627901	0.635068	0.3456	0.4017	0.3870	0.1210	0.4850	0.1153	0.4337
000157	L	0.558461	0.662788	0.648419	0.3456	0.4149	0.4120	0.1120	0.5070	0.1228	0.4336
000158	S	0.631202	0.676506	0.663411	0.3491	0.4831	0.4060	0.1260	0.5350	0.1288	0.4336
000159	P	0.629632	0.691175	0.678286	0.3630	0.4801	0.4390	0.1560	0.5468	0.1258	0.4337
000160	Q	0.630698	0.713811	0.692587	0.3762	0.4051	0.5180	0.1550	0.5561	0.1327	0.4335
000161	A	0.652732	0.729395	0.706178	0.4703	0.5017	0.5410	0.1480	0.6003	0.1006	0.4334
000162	A	0.707202	0.739595	0.721196	0.3939	0.4901	0.5720	0.1530	0.6041	0.1297	0.4333
000163	T	0.748623	0.759786	0.735911	0.3992	0.4330	0.5830	0.1320	0.6098	0.1495	0.4331
000164	S	0.792638	0.776108	0.750308	0.4749	0.5055	0.6220	0.1030	0.6536	0.1282	0.4330
000165	R	0.833558	0.773144	0.762126	0.4781	0.5992	0.6690	0.1190	0.6858	0.1199	0.4333
000166	D	0.875336	0.776147	0.773179	0.4879	0.5854	0.7060	0.1280	0.7007	0.1291	0.4334
000167	I	0.897441	0.789488	0.784372	0.4967	0.5665	0.7680	0.1490	0.7171	0.1391	0.4333
000168	N	0.939818	0.794520	0.796700	0.5667	0.5665	0.7590	0.1560	0.7372	0.1333	0.4334
000169	R	0.979660	0.791668	0.808560	0.5711	0.5807	0.7610	0.1680	0.7487	0.1406	0.4334
000170	K	0.993839	0.786169	0.817818	0.4703	0.5296	0.7530	0.1690	0.7252	0.1772	0.4331
000171	L	0.996501	0.785221	0.825472	0.4825	0.5419	0.7250	0.1850	0.7262	0.1731	0.4332
000172	D	0.997534	0.780935	0.831425	0.5126	0.5707	0.6950	0.2040	0.7314	0.1624	0.4331
000173	S	0.983582	0.777360	0.835699	0.5296	0.6043	0.6820	0.2070	0.7354	0.1504	0.4327
000174	V	0.969680	0.772182	0.838824	0.5412	0.5139	0.6810	0.2050	0.7194	0.1608	0.4317
000175	K	0.955953	0.783478	0.840229	0.5412	0.5017	0.6460	0.2080	0.7115	0.1627	0.4311
000176	R	0.925013	0.781396	0.840992	0.4556	0.4940	0.6640	0.2120	0.6935	0.1734	0.4303
000177	Q	0.893892	0.786980	0.839635	0.4600	0.4017	0.6730	0.2150	0.6758	0.1864	0.4289
000178	K	0.866173	0.787658	0.837569	0.5331	0.4831	0.6430	0.2050	0.6918	0.1483	0.4282
000179	Y	0.847251	0.781705	0.835369	0.4458	0.4476	0.6530	0.1820	0.6685	0.1689	0.4280
000180	N	0.824339	0.777447	0.832607	0.4203	0.4441	0.6230	0.1490	0.6536	0.1712	0.4259
000181	K	0.802234	0.775201	0.828487	0.3885	0.4507	0.6130	0.1420	0.6430	0.1732	0.4235
000182	E	0.787800	0.767457	0.822451	0.4600	0.5176	0.5490	0.1300	0.6507	0.1451	0.4212
000183	Q	0.740891	0.750814	0.814815	0.4651	0.5176	0.5580	0.1150	0.6411	0.1325	0.4204
000184	Q	0.688605	0.744962	0.807956	0.4556	0.4476	0.5240	0.1250	0.6115	0.1421	0.4218
000185	L	0.611064	0.744525	0.802984	0.5412	0.5139	0.5200	0.1270	0.6223	0.1129	0.4258
000186	K	0.542802	0.741811	0.799891	0.4703	0.4979	0.4590	0.1500	0.5852	0.1349	0.4277
000187	K	0.472164	0.735697	0.796688	0.4651	0.4292	0.4520	0.1430	0.5585	0.1485	0.4309
000188	I	0.382896	0.737501	0.791583	0.4420	0.3631	0.4640	0.1470	0.5302	0.1698	0.4366
000189	T	0.297630	0.730283	0.784752	0.3717	0.3704	0.4000	0.1470	0.4924	0.1906	0.4433
000190	A	0.212375	0.711815	0.777961	0.3847	0.4441	0.3860	0.1560	0.4862	0.1971	0.4511
000191	K	0.139621	0.701480	0.770936	0.3806	0.4119	0.3860	0.1660	0.4651	0.2127	0.4612
000192	Q	0.099553	0.689566	0.763134	0.3762	0.4256	0.4140	0.1740	0.4613	0.2179	0.4732
000193	K	0.055104	0.676245	0.754216	0.3578	0.3566	0.4280	0.1780	0.4380	0.2297	0.4865
000194	H	0.053431	0.656537	0.746833	0.3668	0.3494	0.4230	0.1780	0.4326	0.2251	0.5041
000195	L	0.043874	0.633159	0.741805	0.3005	0.2783	0.4010	0.1680	0.3998	0.2319	0.5128
000196	Q	0.032428	0.622434	0.738452	0.3717	0.3529	0.3400	0.1760	0.4097	0.2255	0.5155
000197	A	0.030816	0.594883	0.735673	0.2913	0.2988	0.3320	0.1850	0.3805	0.2278	0.5221
000198	I	0.038722	0.601466	0.732853	0.3053	0.3149	0.3460	0.1960	0.3899	0.2238	0.5265
000199	L	0.042976	0.603144	0.730137	0.3096	0.4087	0.3360	0.2000	0.4051	0.2198	0.5255
000200	G	0.094710	0.617282	0.724500	0.3359	0.3872	0.2960	0.1790	0.4093	0.2083	0.5207
000201	G	0.162256	0.583314	0.718961	0.3762	0.4087	0.3010	0.1820	0.4250	0.1819	0.5173
000202	A	0.244265	0.617015	0.714159	0.3491	0.3566	0.3310	0.1700	0.4354	0.1692	0.5147
000203	E	0.325033	0.637570	0.713112	0.3491	0.3599	0.3500	0.1680	0.4559	0.1571	0.5116
000204	V	0.409898	0.631454	0.713077	0.2820	0.3704	0.3620	0.1470	0.4615	0.1556	0.5082
000205	K	0.505802	0.657513	0.712852	0.2820	0.3704	0.3450	0.1390	0.4790	0.1611	0.5041
000206	I	0.605676	0.614766	0.713400	0.3668	0.4149	0.3470	0.1410	0.5105	0.1399	0.5055
000207	E	0.698440	0.644123	0.714518	0.3806	0.4186	0.3470	0.1510	0.5339	0.1547	0.5068
000208	L	0.796494	0.649069	0.715813	0.3762	0.4685	0.4020	0.1430	0.5680	0.1607	0.5098
000209	D	0.840461	0.638364	0.716558	0.4600	0.5493	0.3680	0.1540	0.5954	0.1575	0.5102
000210	H	0.861989	0.661415	0.716898	0.5412	0.6712	0.4080	0.1720	0.6435	0.1415	0.5126
000211	A	0.880819	0.678716	0.719887	0.5412	0.6712	0.4440	0.1570	0.6560	0.1374	0.5127
000212	S	0.904069	0.699199	0.723283	0.5667	0.6712	0.5090	0.1450	0.6789	0.1256	0.5125
000213	L	0.923369	0.724477	0.728167	0.5992	0.6136	0.5720	0.1230	0.6934	0.1191	0.5110
000214	E	0.927057	0.753745	0.732359	0.5900	0.6089	0.6060	0.1080	0.7030	0.1188	0.5077
000215	E	0.928978	0.774447	0.737400	0.5900	0.6851	0.6830	0.0840	0.7331	0.1044	0.5057
000216	D	0.928151	0.784357	0.741589	0.6035	0.6712	0.7430	0.0780	0.7453	0.1005	0.5056
000217	A	0.927368	0.786474	0.744593	0.6715	0.6906	0.7730	0.0790	0.7656	0.0832	0.5083
000218	E	0.925662	0.805636	0.747388	0.6412	0.6620	0.7890	0.1040	0.7619	0.0951	0.5138
000219	P	0.930414	0.791227	0.751132	0.6474	0.7799	0.7740	0.1270	0.7790	0.0829	0.5254
000220	G	0.934453	0.789149	0.755776	0.6124	0.7036	0.7320	0.1620	0.7545	0.0974	0.5413
000221	P	0.934098	0.780678	0.760051	0.6293	0.6948	0.6930	0.1810	0.7487	0.0964	0.5597
000222	S	0.932375	0.772699	0.765419	0.6035	0.7209	0.6940	0.1850	0.7481	0.0995	0.5790
000223	S	0.933318	0.759771	0.772458	0.6174	0.7209	0.6890	0.1820	0.7489	0.0969	0.5991
000224	L	0.929954	0.747343	0.780314	0.6944	0.7718	0.6510	0.1860	0.7624	0.0874	0.6186
000225	G	0.924703	0.729533	0.786444	0.6789	0.6620	0.6140	0.1870	0.7326	0.1015	0.6371
000226	S	0.905097	0.718286	0.790382	0.6474	0.6576	0.6080	0.1690	0.7211	0.1008	0.6618
000227	M	0.888444	0.698864	0.791742	0.5623	0.6482	0.6170	0.1920	0.7011	0.1099	0.6835
000228	L	0.865516	0.686690	0.790821	0.6079	0.5951	0.5960	0.1910	0.6904	0.1045	0.6968
000229	M	0.838992	0.701389	0.787952	0.5941	0.5098	0.5840	0.1810	0.6694	0.1171	0.7096
000230	P	0.810267	0.723574	0.784330	0.5229	0.4864	0.5710	0.1570	0.6498	0.1280	0.7084
000231	V	0.787652	0.721111	0.783772	0.4749	0.4864	0.6080	0.1750	0.6437	0.1296	0.7042
000232	Q	0.766326	0.733525	0.784172	0.4458	0.4582	0.5530	0.1580	0.6235	0.1427	0.6954
000233	E	0.750199	0.725314	0.785249	0.4458	0.4619	0.5130	0.1140	0.6135	0.1426	0.6900
000234	T	0.716387	0.719162	0.783230	0.4513	0.4507	0.5290	0.1130	0.6083	0.1356	0.6809
000235	A	0.703940	0.724793	0.778482	0.5229	0.5139	0.5170	0.1250	0.6268	0.1112	0.6783
000236	W	0.687672	0.700782	0.774321	0.4918	0.5456	0.5000	0.1140	0.6167	0.1089	0.6762
000237	E	0.670776	0.735090	0.771464	0.4918	0.4619	0.4060	0.0940	0.5895	0.1416	0.6625
000238	E	0.653949	0.723754	0.768613	0.5412	0.4766	0.3960	0.0830	0.5934	0.1333	0.6558
000239	L	0.647337	0.739467	0.763120	0.5374	0.5382	0.4340	0.1010	0.6100	0.1176	0.6537
000240	I	0.579671	0.738157	0.754413	0.5711	0.5620	0.4520	0.0930	0.6095	0.1057	0.6421
000241	R	0.506252	0.733809	0.747107	0.5374	0.4541	0.4800	0.1100	0.5765	0.1187	0.6269
000242	T	0.430206	0.749577	0.739431	0.6035	0.5419	0.5470	0.1250	0.6019	0.1132	0.6216
000243	G	0.456765	0.748383	0.732735	0.5173	0.5419	0.5560	0.1230	0.5921	0.1095	0.6198
000244	Q	0.431593	0.737287	0.726270	0.5253	0.5419	0.5690	0.1020	0.5885	0.1098	0.6168
000245	M	0.369158	0.721292	0.722212	0.5253	0.5493	0.5690	0.1200	0.5761	0.1215	0.6144
000246	T	0.321488	0.712368	0.718772	0.5331	0.5707	0.5540	0.1420	0.5683	0.1328	0.5983
000247	P	0.336387	0.716210	0.714169	0.6079	0.6851	0.5220	0.1200	0.5970	0.1350	0.5844
000248	F	0.318901	0.733910	0.708339	0.5992	0.6851	0.5180	0.1220	0.5940	0.1428	0.5729
000249	G	0.348628	0.731918	0.701432	0.5846	0.7209	0.4730	0.1320	0.5934	0.1424	0.5442
000250	T	0.384307	0.733427	0.695690	0.6219	0.7951	0.5330	0.1380	0.6272	0.1367	0.5164
000251	Q	0.411592	0.739475	0.692031	0.6906	0.8596	0.6060	0.1480	0.6666	0.1369	0.4982
000252	I	0.355405	0.751667	0.690350	0.6870	0.7881	0.6180	0.1490	0.6484	0.1415	0.4851
000253	P	0.327940	0.761739	0.689417	0.6827	0.7718	0.6020	0.1570	0.6392	0.1502	0.4659
000254	Q	0.332897	0.779542	0.687941	0.6174	0.7036	0.6720	0.1650	0.6323	0.1422	0.4522
000255	K	0.369853	0.791584	0.687116	0.5900	0.7120	0.6580	0.1690	0.6347	0.1329	0.4473
000256	Q	0.346430	0.792878	0.686858	0.5583	0.7289	0.6230	0.1740	0.6227	0.1442	0.4442
000257	E	0.311065	0.791449	0.687787	0.5623	0.7120	0.5430	0.1500	0.6012	0.1555	0.4457
000258	K	0.308617	0.791384	0.691106	0.5331	0.6712	0.5270	0.1480	0.5870	0.1548	0.4514
000259	K	0.314474	0.788665	0.696757	0.5711	0.7755	0.4580	0.1380	0.6007	0.1724	0.4600
000260	P	0.293532	0.783694	0.704118	0.5667	0.6806	0.3870	0.1190	0.5692	0.1760	0.4790
000261	R	0.269985	0.769611	0.712367	0.5667	0.6806	0.3560	0.1070	0.5593	0.1859	0.5077
000262	K	0.255513	0.767490	0.720287	0.4967	0.6712	0.3530	0.1040	0.5440	0.1911	0.5337
000263	I	0.253616	0.751577	0.728359	0.5583	0.6661	0.3470	0.1060	0.5508	0.1893	0.5624
000264	M	0.207500	0.733198	0.734600	0.5374	0.5577	0.3190	0.1060	0.5149	0.1963	0.5933
000265	L	0.167878	0.719616	0.739890	0.4703	0.5296	0.3270	0.1140	0.4924	0.2031	0.6214
000266	N	0.165393	0.725892	0.744357	0.4282	0.5382	0.3020	0.1220	0.4841	0.2109	0.6396
000267	E	0.129741	0.761806	0.745589	0.4037	0.5419	0.2800	0.0990	0.4771	0.2318	0.6572
000268	A	0.081637	0.746871	0.745533	0.3939	0.5254	0.3010	0.1050	0.4658	0.2382	0.6799
000269	S	0.069151	0.747093	0.746378	0.4078	0.5176	0.3110	0.0950	0.4665	0.2399	0.6990
000270	G	0.064344	0.757777	0.753131	0.3885	0.4582	0.3300	0.1050	0.4587	0.2426	0.7155
000271	F	0.078707	0.777445	0.764320	0.3578	0.4330	0.3500	0.1010	0.4601	0.2457	0.7393
000272	E	0.074470	0.770118	0.774531	0.3096	0.3529	0.3140	0.1000	0.4326	0.2564	0.7452
000273	K	0.073384	0.772745	0.782984	0.3146	0.3566	0.3260	0.1220	0.4377	0.2577	0.7667
000274	Y	0.062359	0.780374	0.789894	0.3146	0.4186	0.3690	0.1330	0.4558	0.2584	0.7838
000275	L	0.051561	0.784842	0.796315	0.3263	0.4256	0.3720	0.1210	0.4594	0.2621	0.8012
000276	A	0.046608	0.786717	0.801880	0.3939	0.4766	0.4020	0.1170	0.4845	0.2579	0.8081
000277	D	0.046979	0.797577	0.806358	0.3885	0.4725	0.4900	0.1450	0.5003	0.2585	0.8137
000278	Q	0.063634	0.789321	0.812270	0.3939	0.4766	0.5480	0.1630	0.5139	0.2532	0.8160
000279	A	0.139228	0.806994	0.819212	0.4333	0.4330	0.5880	0.1760	0.5367	0.2363	0.8169
000280	K	0.181189	0.817630	0.826981	0.4282	0.4441	0.6130	0.1590	0.5518	0.2289	0.8131
000281	L	0.276769	0.831064	0.833945	0.3578	0.4330	0.7110	0.1300	0.5739	0.2263	0.8074
000282	S	0.381310	0.837609	0.839668	0.4333	0.5055	0.7100	0.1370	0.6179	0.1865	0.7838
000283	F	0.489280	0.849576	0.844261	0.4458	0.4901	0.7530	0.1210	0.6453	0.1737	0.7737
000284	E	0.596729	0.856043	0.847576	0.4556	0.4801	0.7150	0.0820	0.6585	0.1606	0.7381
000285	R	0.706311	0.860130	0.850899	0.5008	0.5533	0.7440	0.0580	0.7026	0.1364	0.7145
000286	K	0.815997	0.864830	0.853619	0.5253	0.6089	0.7410	0.0540	0.7350	0.1274	0.6893
000287	K	0.908318	0.869438	0.856298	0.5667	0.6136	0.7640	0.0620	0.7631	0.1304	0.6760
000288	Q	0.937489	0.872655	0.858320	0.5802	0.6427	0.7910	0.0710	0.7804	0.1281	0.6709
000289	G	0.987020	0.874449	0.859975	0.5473	0.6136	0.8200	0.0720	0.7837	0.1536	0.6665
000290	C	0.995140	0.874309	0.861378	0.5941	0.6755	0.8210	0.0770	0.8036	0.1327	0.6644
000291	N	0.995534	0.873422	0.862779	0.5711	0.6183	0.8230	0.0760	0.7907	0.1489	0.6638
000292	K	0.995945	0.876349	0.863660	0.6412	0.6991	0.8120	0.0830	0.8147	0.1173	0.6678
000293	R	0.996616	0.878864	0.864447	0.5992	0.7331	0.8380	0.0910	0.8184	0.1247	0.6777
000294	A	0.996274	0.889886	0.865141	0.6557	0.8493	0.8350	0.1000	0.8486	0.1010	0.6798
000295	A	0.995931	0.896535	0.866903	0.6789	0.8313	0.8350	0.1070	0.8507	0.0945	0.6881
000296	R	0.995606	0.905063	0.869975	0.6870	0.8623	0.8400	0.1100	0.8599	0.0921	0.6842
000297	K	0.996230	0.911852	0.875722	0.6715	0.8235	0.8410	0.1060	0.8534	0.0987	0.6762
000298	A	0.997011	0.921094	0.885092	0.6870	0.8462	0.8460	0.1060	0.8637	0.0943	0.6692
000299	P	0.997068	0.936693	0.895567	0.6412	0.8462	0.8380	0.1030	0.8591	0.1114	0.6519
000300	A	0.996941	0.944746	0.905205	0.6557	0.8279	0.8540	0.1020	0.8641	0.1085	0.6361
000301	P	0.996812	0.948920	0.912041	0.7317	0.8920	0.8520	0.1060	0.8889	0.0835	0.6140
000302	V	0.996846	0.950917	0.917551	0.7342	0.8741	0.8530	0.1140	0.8878	0.0834	0.5951
000303	T	0.997717	0.954300	0.922531	0.7418	0.9013	0.8470	0.1100	0.8941	0.0823	0.5709
000304	P	0.998467	0.958760	0.927007	0.7388	0.9126	0.8330	0.1150	0.8948	0.0859	0.5521
000305	P	0.999517	0.964537	0.931775	0.7772	0.9151	0.8280	0.1200	0.9027	0.0769	0.5367
000306	A	0.999525	0.970753	0.936114	0.8118	0.9168	0.8290	0.1240	0.9107	0.0691	0.5303
000307	P	0.999527	0.974465	0.939947	0.8118	0.9151	0.8330	0.1260	0.9123	0.0691	0.5239
000308	V	0.999524	0.977450	0.942837	0.8200	0.9190	0.8550	0.1200	0.9190	0.0637	0.5290
000309	Q	0.999655	0.979380	0.945418	0.8242	0.8991	0.8520	0.1250	0.9166	0.0642	0.5303
000310	N	0.999782	0.981181	0.947929	0.8242	0.8343	0.8530	0.1250	0.9067	0.0717	0.5485
000311	K	0.998779	0.981303	0.950539	0.7951	0.8493	0.8570	0.1200	0.9053	0.0755	0.5821
000312	N	0.988536	0.980714	0.952839	0.7342	0.8085	0.8620	0.1170	0.8879	0.0945	0.6159
000313	K	0.987887	0.979231	0.954945	0.7772	0.8493	0.8500	0.1320	0.8998	0.0787	0.6511
000314	P	0.986418	0.978405	0.956753	0.7951	0.8493	0.8450	0.1340	0.9018	0.0747	0.6854
000315	N	0.980148	0.977691	0.958554	0.7912	0.8235	0.8430	0.1340	0.8957	0.0782	0.7090
000316	K	0.963955	0.976260	0.960388	0.7540	0.7881	0.8380	0.1340	0.8801	0.0903	0.7235
000317	K	0.946475	0.974737	0.962582	0.7501	0.7459	0.8230	0.1360	0.8671	0.0977	0.7351
000318	A	0.937526	0.971961	0.964958	0.7573	0.6948	0.8100	0.1440	0.8561	0.1079	0.7586
000319	R	0.919021	0.970571	0.966961	0.7458	0.7369	0.8060	0.1430	0.8576	0.0985	0.7714
000320	V	0.901517	0.968343	0.968526	0.7458	0.7369	0.8060	0.1500	0.8545	0.0968	0.7828
000321	L	0.890863	0.967152	0.969913	0.7540	0.6576	0.8060	0.1460	0.8409	0.1136	0.7890
000322	S	0.870939	0.965296	0.971144	0.7605	0.6576	0.8030	0.1460	0.8380	0.1117	0.7815
000323	K	0.851706	0.960813	0.972136	0.6906	0.6269	0.7880	0.1480	0.8151	0.1284	0.7745
000324	K	0.855158	0.956439	0.972568	0.6906	0.5807	0.7830	0.1410	0.8064	0.1399	0.7625
000325	E	0.868540	0.950600	0.973419	0.6870	0.5577	0.7850	0.1500	0.8037	0.1467	0.7588
000326	E	0.872784	0.947498	0.974603	0.6255	0.5342	0.8010	0.1510	0.7925	0.1624	0.7710
000327	R	0.869627	0.944732	0.975645	0.6219	0.5382	0.8080	0.1560	0.7931	0.1616	0.7963
000328	L	0.869823	0.940863	0.975660	0.6174	0.5342	0.8150	0.1430	0.7922	0.1630	0.8166
000329	K	0.869291	0.937245	0.974467	0.6442	0.4979	0.7960	0.1410	0.7865	0.1676	0.8223
000330	K	0.880275	0.932354	0.972556	0.6035	0.5139	0.7930	0.1440	0.7826	0.1695	0.8411
000331	H	0.891057	0.929266	0.970513	0.6035	0.4864	0.7970	0.1360	0.7796	0.1773	0.8606
000332	I	0.902114	0.923393	0.968208	0.6516	0.5493	0.8220	0.1310	0.8027	0.1523	0.8805
000333	K	0.896136	0.919239	0.966145	0.5846	0.5533	0.7990	0.1320	0.7865	0.1619	0.8933
000334	K	0.875167	0.917290	0.963681	0.5802	0.5533	0.8220	0.1300	0.7853	0.1605	0.9048
000335	L	0.872665	0.911342	0.960973	0.5762	0.5098	0.8450	0.1360	0.7793	0.1719	0.9142
000336	Q	0.869013	0.905225	0.958145	0.5941	0.5098	0.8190	0.1440	0.7759	0.1655	0.9178
000337	K	0.872654	0.902889	0.956033	0.5711	0.4582	0.8370	0.1370	0.7662	0.1844	0.9183
000338	R	0.889909	0.900548	0.954529	0.5514	0.4940	0.8470	0.1320	0.7729	0.1804	0.9221
000339	A	0.898591	0.899697	0.952464	0.5583	0.5382	0.8470	0.1120	0.7823	0.1684	0.9275
000340	L	0.906842	0.895621	0.949938	0.5711	0.5382	0.8460	0.1040	0.7846	0.1657	0.9310
000341	Q	0.910621	0.896005	0.947175	0.5514	0.5456	0.8280	0.1070	0.7798	0.1673	0.9283
000342	F	0.909676	0.892751	0.945035	0.5084	0.5211	0.8300	0.1070	0.7678	0.1822	0.9235
000343	Q	0.924696	0.894269	0.943633	0.5667	0.6269	0.8090	0.1070	0.7942	0.1468	0.9061
000344	G	0.918388	0.884944	0.943230	0.5473	0.5456	0.8220	0.0920	0.7769	0.1671	0.8920
000345	K	0.833159	0.876313	0.943690	0.5623	0.5620	0.8430	0.0850	0.7701	0.1512	0.8801
000346	V	0.826181	0.883953	0.944325	0.5374	0.6269	0.8540	0.0840	0.7788	0.1459	0.8697
000347	G	0.815877	0.875954	0.944997	0.5296	0.6269	0.8510	0.0700	0.7740	0.1464	0.8566
000348	L	0.808058	0.878355	0.945544	0.5173	0.6269	0.8510	0.0810	0.7711	0.1499	0.8417
000349	P	0.808492	0.887351	0.945983	0.5296	0.6227	0.8310	0.0930	0.7709	0.1469	0.8132
000350	K	0.812029	0.890171	0.946645	0.5296	0.6806	0.8430	0.0910	0.7836	0.1399	0.7699
000351	A	0.819446	0.900893	0.947487	0.5514	0.7415	0.8380	0.1010	0.7998	0.1284	0.7391
000352	R	0.806288	0.907309	0.948585	0.5667	0.7120	0.8370	0.0900	0.7964	0.1272	0.7027
000353	R	0.809771	0.911050	0.949937	0.6474	0.7982	0.8420	0.0900	0.8264	0.0964	0.6840
000354	P	0.896688	0.916769	0.951790	0.6334	0.7916	0.8630	0.0880	0.8422	0.1058	0.6959
000355	W	0.905793	0.922215	0.954076	0.6442	0.7982	0.8700	0.0950	0.8491	0.1037	0.7059
000356	E	0.906278	0.927990	0.956071	0.6516	0.8085	0.8620	0.1000	0.8521	0.1014	0.6958
000357	S	0.906473	0.931721	0.957683	0.7192	0.8596	0.8670	0.1050	0.8736	0.0770	0.6899
000358	D	0.899653	0.933181	0.959131	0.7147	0.8565	0.8740	0.1070	0.8729	0.0786	0.6895
000359	M	0.900279	0.937769	0.961079	0.7724	0.8942	0.8770	0.1040	0.8905	0.0598	0.6905
000360	R	0.901594	0.940562	0.963654	0.7573	0.8765	0.8710	0.1120	0.8851	0.0660	0.6717
000361	P	0.920771	0.944360	0.966946	0.7869	0.8853	0.8610	0.1210	0.8942	0.0595	0.6720
000362	E	0.938893	0.950154	0.970430	0.8242	0.8966	0.8550	0.1290	0.9059	0.0525	0.6619
000363	A	0.951602	0.955310	0.974407	0.8311	0.8530	0.8570	0.1250	0.9038	0.0577	0.6654
000364	E	0.963528	0.960279	0.978144	0.8595	0.7881	0.8590	0.1240	0.9014	0.0703	0.6572
000365	G	0.974137	0.964199	0.982265	0.7951	0.7881	0.8640	0.1220	0.8946	0.0827	0.6745
000366	D	0.982647	0.968156	0.986566	0.8488	0.8655	0.8610	0.1240	0.9188	0.0608	0.6930
000367	S	0.990608	0.972049	0.991104	0.8677	0.8655	0.8580	0.1240	0.9242	0.0608	0.7212
000368	E	0.992207	0.974694	0.995304	0.8713	0.8655	0.8570	0.1230	0.9260	0.0619	0.7393
000369	G	0.993118	0.975740	0.999370	0.8823	0.8623	0.8530	0.1290	0.9276	0.0628	0.7613
000370	E	0.995787	0.978102	1.004086	0.9162	0.8741	0.8500	0.1310	0.9364	0.0599	0.7794
000371	E	0.996182	0.982313	1.009046	0.9512	0.8828	0.8500	0.1280	0.9453	0.0592	0.8145
000372	S	0.997474	0.984184	1.014027	0.9534	0.8623	0.8470	0.1220	0.9431	0.0653	0.8397
000373	E	0.998019	0.987696	1.018302	0.9604	0.8596	0.8390	0.1240	0.9439	0.0691	0.8620
000374	Y	0.998906	0.990108	1.021849	0.9731	0.8792	0.8480	0.1190	0.9519	0.0646	0.8811
000375	F	0.999151	0.992563	1.024268	0.9760	0.8828	0.8500	0.1180	0.9541	0.0644	0.8892
000376	P	0.999137	0.994040	1.025672	0.9810	0.8853	0.8180	0.1320	0.9506	0.0737	0.8684
000377	T	0.999129	0.994549	1.026459	0.9824	0.8421	0.8310	0.1260	0.9460	0.0785	0.8407
000378	E	0.999122	0.994709	1.026728	0.9879	0.8493	0.8290	0.1330	0.9479	0.0779	0.8194
000379	E	0.999063	0.994034	1.026628	0.9760	0.8493	0.8290	0.1350	0.9457	0.0769	0.8013
000380	E	0.999012	0.993602	1.026202	0.9796	0.8343	0.8270	0.1400	0.9432	0.0810	0.7861
000381	E	0.999065	0.993503	1.025403	0.9760	0.8375	0.8300	0.1400	0.9435	0.0791	0.7821
000382	E	0.999133	0.993157	1.024456	0.9665	0.8235	0.8320	0.1400	0.9399	0.0809	0.7784
000383	E	0.999234	0.992823	1.023341	0.9731	0.8343	0.8390	0.1440	0.9437	0.0770	0.7866
000384	E	0.999338	0.992165	1.022109	0.9624	0.7799	0.8440	0.1410	0.9334	0.0895	0.8015
000385	D	0.999440	0.991211	1.020558	0.9810	0.8462	0.8470	0.1400	0.9475	0.0725	0.8315
000386	D	0.999538	0.990317	1.018705	0.9775	0.9013	0.8460	0.1490	0.9556	0.0612	0.8628
000387	E	0.999636	0.987907	1.016492	0.9697	0.8894	0.8430	0.1540	0.9510	0.0630	0.8993
000388	V	0.999653	0.985345	1.013707	0.9713	0.8920	0.8470	0.1530	0.9516	0.0607	0.9298
000389	E	0.999644	0.982387	1.010265	0.9665	0.8920	0.8430	0.1610	0.9489	0.0610	0.9457
000390	G	0.999133	0.979863	1.005967	0.9587	0.8991	0.8430	0.1610	0.9477	0.0584	0.9574
000391	A	0.992819	0.975088	1.000609	0.9423	0.8493	0.8530	0.1510	0.9356	0.0623	0.9664
000392	E	0.984716	0.966607	0.994140	0.9369	0.8530	0.8550	0.1510	0.9317	0.0579	0.9726
000393	A	0.958147	0.959078	0.987471	0.8920	0.7982	0.8620	0.1440	0.9094	0.0657	0.9777
000394	D	0.934341	0.954751	0.980788	0.8857	0.7799	0.8660	0.1400	0.9002	0.0665	0.9818
000395	L	0.878605	0.949608	0.974453	0.8283	0.8085	0.8560	0.1490	0.8825	0.0607	0.9830
000396	S	0.824013	0.944089	0.968615	0.7644	0.7415	0.8460	0.1500	0.8481	0.0843	0.9807
000397	G	0.769533	0.939422	0.963636	0.7688	0.7672	0.8460	0.1470	0.8424	0.0822	0.9802
000398	D	0.677533	0.936507	0.959434	0.6984	0.7415	0.8520	0.1360	0.8109	0.1117	0.9799
000399	G	0.650520	0.932131	0.955481	0.7573	0.7951	0.8400	0.1460	0.8218	0.1038	0.9765
000400	T	0.630274	0.929070	0.951642	0.7111	0.7951	0.8280	0.1580	0.8076	0.1132	0.9741
000401	D	0.609160	0.924751	0.947632	0.7079	0.7672	0.8440	0.1390	0.8001	0.1192	0.9713
000402	Y	0.626899	0.920104	0.943585	0.7192	0.7672	0.8430	0.1320	0.8034	0.1114	0.9643
000403	E	0.636649	0.917113	0.939071	0.6789	0.7718	0.8330	0.1310	0.7961	0.1127	0.9487
000404	L	0.682574	0.909184	0.934366	0.6756	0.7628	0.8320	0.1260	0.7994	0.1013	0.9250
000405	K	0.706902	0.906301	0.929778	0.6715	0.7289	0.8160	0.1350	0.7932	0.0986	0.8690
000406	P	0.730445	0.903068	0.925495	0.6827	0.7331	0.8130	0.1390	0.7980	0.0909	0.8012
000407	L	0.790035	0.898782	0.921895	0.6604	0.7718	0.8100	0.1430	0.8088	0.0863	0.7350
000408	P	0.734958	0.897573	0.918116	0.6079	0.7120	0.7820	0.1380	0.7755	0.1073	0.6194
000409	K	0.753778	0.894964	0.914688	0.6219	0.7120	0.7580	0.1300	0.7759	0.1017	0.4959
000410	G	0.780668	0.894314	0.911165	0.5623	0.7250	0.7580	0.1290	0.7719	0.1160	0.4158
000411	G	0.789255	0.893037	0.907875	0.5846	0.6482	0.7500	0.1240	0.7622	0.1181	0.3398
000412	K	0.798580	0.890405	0.904925	0.5802	0.6482	0.7410	0.1350	0.7606	0.1188	0.2861
000413	R	0.757039	0.889140	0.902134	0.5802	0.7459	0.7390	0.1500	0.7690	0.1075	0.2712
000414	Q	0.760956	0.886443	0.899491	0.5762	0.7547	0.7330	0.1440	0.7685	0.1077	0.2959
000415	K	0.760227	0.882938	0.896910	0.6334	0.7289	0.7340	0.1340	0.7727	0.0918	0.3265
000416	K	0.741263	0.879556	0.894247	0.6756	0.6576	0.7480	0.1220	0.7661	0.0915	0.4376
000417	V	0.772375	0.872455	0.891577	0.5941	0.6620	0.7680	0.1220	0.7601	0.1059	0.5923
000418	P	0.741403	0.866054	0.888712	0.5941	0.7250	0.7570	0.1250	0.7620	0.0974	0.7151
000419	V	0.724725	0.861215	0.886229	0.5846	0.6906	0.7740	0.1200	0.7535	0.1024	0.8188
000420	Q	0.703385	0.856357	0.884078	0.6174	0.7163	0.7620	0.1090	0.7566	0.0913	0.8815
000421	E	0.693701	0.854233	0.882781	0.6124	0.7289	0.7630	0.1180	0.7559	0.0922	0.9174
000422	I	0.741712	0.846268	0.883224	0.6079	0.7415	0.7780	0.1290	0.7664	0.0880	0.9428
000423	D	0.766639	0.851816	0.885594	0.6374	0.7459	0.7600	0.1260	0.7745	0.0798	0.9542
000424	D	0.797620	0.863253	0.888654	0.6516	0.7799	0.7830	0.1180	0.7940	0.0757	0.9607
000425	D	0.847255	0.865808	0.891199	0.6124	0.7505	0.8040	0.1200	0.7953	0.0935	0.9635
000426	F	0.897487	0.876125	0.892562	0.6442	0.7547	0.8260	0.1210	0.8151	0.0908	0.9663
000427	F	0.935790	0.879686	0.892979	0.6442	0.7799	0.8400	0.1200	0.8288	0.0955	0.9611
000428	P	0.953590	0.885073	0.892408	0.6681	0.7755	0.8380	0.1180	0.8355	0.0924	0.9431
000429	S	0.974464	0.890335	0.890863	0.6374	0.7415	0.8630	0.1080	0.8330	0.1112	0.9233
000430	S	0.986311	0.889281	0.888351	0.6412	0.8125	0.8780	0.0990	0.8492	0.1060	0.8979
000431	G	0.983299	0.890567	0.885463	0.6219	0.8050	0.8920	0.0900	0.8464	0.1129	0.8679
000432	E	0.973917	0.894206	0.883250	0.6174	0.7982	0.8940	0.0930	0.8436	0.1132	0.8325
000433	E	0.961480	0.899326	0.881764	0.6604	0.8565	0.8920	0.0980	0.8585	0.0941	0.7945
000434	A	0.950510	0.901305	0.881076	0.6474	0.8493	0.8910	0.0960	0.8535	0.0969	0.7673
000435	E	0.937131	0.905291	0.880576	0.6374	0.8375	0.8820	0.1030	0.8467	0.0982	0.7328
000436	A	0.922526	0.909006	0.880004	0.6255	0.8013	0.8770	0.1090	0.8358	0.1016	0.7036
000437	A	0.907513	0.909348	0.878793	0.6681	0.8530	0.8650	0.1230	0.8469	0.0826	0.6588
000438	S	0.890254	0.909727	0.876645	0.6984	0.8765	0.8420	0.1390	0.8490	0.0703	0.6140
000439	V	0.875115	0.906416	0.874387	0.6604	0.8530	0.8450	0.1430	0.8358	0.0808	0.5968
000440	G	0.855868	0.904603	0.871874	0.6174	0.8343	0.8360	0.1530	0.8200	0.0937	0.5627
000441	E	0.834034	0.900891	0.869692	0.6124	0.7718	0.8370	0.1520	0.8042	0.0944	0.5264
000442	G	0.803678	0.897820	0.867443	0.6079	0.7415	0.8420	0.1480	0.7933	0.0965	0.5117
000443	G	0.762202	0.892325	0.864758	0.5412	0.7459	0.8410	0.1450	0.7745	0.1168	0.4921
000444	G	0.738602	0.885660	0.861878	0.5331	0.7505	0.8470	0.1370	0.7695	0.1192	0.4724
000445	G	0.705534	0.879876	0.858665	0.5623	0.7755	0.8500	0.1370	0.7720	0.1108	0.4521
000446	G	0.662218	0.870155	0.854996	0.5623	0.7799	0.8370	0.1440	0.7610	0.1126	0.4358
000447	R	0.584419	0.860858	0.850816	0.5846	0.8162	0.8140	0.1580	0.7519	0.1195	0.4193
000448	K	0.521658	0.851125	0.846308	0.6124	0.8530	0.7790	0.1800	0.7439	0.1302	0.4198
000449	V	0.466035	0.837386	0.842337	0.6124	0.7951	0.7840	0.1820	0.7229	0.1382	0.4468
000450	G	0.493540	0.838185	0.838489	0.6557	0.7843	0.7730	0.1830	0.7305	0.1223	0.4700
000451	R	0.530494	0.826794	0.835178	0.5941	0.7505	0.7810	0.1740	0.7198	0.1163	0.5166
000452	Y	0.578690	0.813174	0.831017	0.5253	0.7459	0.8020	0.1670	0.7161	0.1199	0.5630
000453	R	0.611930	0.825431	0.825897	0.5126	0.7209	0.8020	0.1770	0.7165	0.1181	0.5834
000454	D	0.645053	0.820210	0.819530	0.5296	0.6531	0.8240	0.1570	0.7153	0.1133	0.6065
000455	D	0.623132	0.820669	0.813786	0.5173	0.6482	0.8460	0.1330	0.7115	0.1224	0.6360
000456	G	0.653407	0.819447	0.808531	0.4651	0.6851	0.8450	0.1310	0.7128	0.1314	0.6623
000457	D	0.730239	0.818953	0.803969	0.4703	0.6482	0.8330	0.1190	0.7174	0.1272	0.6910
000458	E	0.743431	0.812873	0.797902	0.5173	0.6531	0.8230	0.1190	0.7246	0.1090	0.7056
000459	D	0.732641	0.799618	0.788670	0.5229	0.7250	0.8150	0.1240	0.7306	0.0987	0.7260
000460	Y	0.687270	0.775631	0.776120	0.5374	0.7595	0.8220	0.1220	0.7264	0.0935	0.7367
000461	Y	0.643310	0.758098	0.763486	0.5711	0.7547	0.8220	0.1220	0.7188	0.0846	0.7304
000462	K	0.599940	0.745182	0.752409	0.5623	0.7209	0.7810	0.1550	0.6937	0.0822	0.7048
000463	Q	0.561509	0.721873	0.742506	0.6174	0.7916	0.7650	0.1610	0.6999	0.0825	0.7029
000464	R	0.591026	0.697997	0.731251	0.5473	0.7595	0.7780	0.1550	0.6842	0.0860	0.7066
000465	L	0.598462	0.687823	0.719364	0.5374	0.7369	0.7680	0.1550	0.6747	0.0811	0.7272
000466	S	0.544046	0.684496	0.708797	0.4651	0.7369	0.7470	0.1560	0.6478	0.1057	0.7334
000467	P	0.569608	0.692059	0.699842	0.4600	0.6661	0.7340	0.1630	0.6369	0.0940	0.7416
000468	K	0.529650	0.696995	0.692864	0.4749	0.6427	0.7170	0.1770	0.6257	0.0914	0.7529
000469	M	0.552122	0.691806	0.685618	0.3992	0.6375	0.6990	0.1910	0.6108	0.1071	0.7777
000470	P	0.571902	0.677693	0.680149	0.3939	0.5456	0.6540	0.1940	0.5872	0.1005	0.7864
000471	R	0.591822	0.662424	0.675225	0.4749	0.5533	0.6510	0.1850	0.6015	0.0708	0.8036
000472	T	0.619551	0.629629	0.671389	0.4703	0.6482	0.6290	0.1750	0.6113	0.0653	0.8425
000473	L	0.645830	0.584425	0.668564	0.4149	0.6806	0.5980	0.1780	0.5988	0.0893	0.8820
000474	S	0.666896	0.580183	0.668326	0.4116	0.6755	0.5850	0.1930	0.5980	0.0921	0.8999
000475	L	0.695045	0.551004	0.669469	0.4149	0.7163	0.6080	0.2020	0.6091	0.1030	0.9161
000476	H	0.707135	0.555405	0.671817	0.4879	0.7755	0.5540	0.1930	0.6253	0.1002	0.9208
000477	E	0.728781	0.576419	0.675272	0.5008	0.7036	0.5320	0.1910	0.6195	0.0873	0.9263
000478	I	0.727781	0.592566	0.681568	0.4651	0.6755	0.5630	0.1850	0.6176	0.0880	0.9323
000479	T	0.719499	0.611301	0.689313	0.4116	0.6851	0.5640	0.1970	0.6135	0.1044	0.9331
000480	D	0.713029	0.643054	0.697394	0.4651	0.7080	0.5870	0.1970	0.6356	0.0881	0.9330
000481	L	0.687857	0.655304	0.705487	0.4078	0.6375	0.6310	0.1710	0.6209	0.0988	0.9353
000482	L	0.674667	0.668585	0.712792	0.4245	0.5807	0.6330	0.1440	0.6157	0.0947	0.9314
000483	E	0.691094	0.688175	0.720656	0.4149	0.5211	0.6420	0.1470	0.6130	0.1094	0.9176
000484	T	0.698116	0.698775	0.728401	0.4379	0.5139	0.6880	0.1290	0.6275	0.1101	0.9029
000485	D	0.717747	0.702502	0.736596	0.3885	0.5254	0.6790	0.1270	0.6249	0.1264	0.8955
000486	D	0.741165	0.695648	0.743643	0.3992	0.6227	0.6610	0.1390	0.6439	0.1174	0.8869
000487	S	0.756088	0.694116	0.750693	0.4149	0.6620	0.6710	0.1310	0.6581	0.1146	0.8833
000488	I	0.781824	0.677258	0.758178	0.4379	0.6531	0.6940	0.1210	0.6671	0.1118	0.8819
000489	E	0.806354	0.657004	0.767433	0.5374	0.7331	0.6360	0.1060	0.6895	0.0901	0.8751
000490	A	0.848238	0.642097	0.779549	0.5667	0.7080	0.6670	0.1140	0.7020	0.0918	0.8673
000491	S	0.876612	0.659568	0.794378	0.5473	0.6906	0.6910	0.1130	0.7098	0.1038	0.8553
000492	A	0.891000	0.713769	0.808860	0.5846	0.7289	0.7250	0.0960	0.7421	0.0937	0.8412
000493	I	0.907709	0.711698	0.821412	0.6474	0.8198	0.7450	0.0910	0.7755	0.0846	0.8350
000494	V	0.906775	0.731335	0.831287	0.6124	0.7505	0.7300	0.0960	0.7603	0.0915	0.8319
000495	I	0.909178	0.736420	0.840267	0.6474	0.7459	0.7350	0.0920	0.7690	0.0840	0.8243
000496	Q	0.916129	0.754838	0.846367	0.5802	0.7459	0.7410	0.1070	0.7641	0.1038	0.8077
000497	P	0.920728	0.754896	0.847875	0.5623	0.7459	0.7580	0.1160	0.7649	0.1101	0.7950
000498	P	0.924266	0.754355	0.847113	0.5846	0.7628	0.7860	0.1040	0.7765	0.1036	0.7837
000499	E	0.929357	0.759893	0.846491	0.6681	0.8279	0.7920	0.0890	0.8039	0.0803	0.7742
000500	N	0.938704	0.764726	0.849952	0.6715	0.8162	0.8280	0.0730	0.8115	0.0814	0.7643
000501	A	0.944074	0.750170	0.854171	0.6870	0.8462	0.8410	0.0720	0.8203	0.0819	0.7628
000502	T	0.949750	0.761029	0.858844	0.6827	0.8623	0.8220	0.0850	0.8227	0.0841	0.7641
000503	A	0.960903	0.771425	0.861736	0.7192	0.8872	0.8210	0.0930	0.8368	0.0785	0.7708
000504	P	0.968053	0.791639	0.862813	0.7912	0.9269	0.8280	0.0990	0.8614	0.0666	0.7777
000505	V	0.974671	0.806213	0.861368	0.8521	0.9519	0.8710	0.0870	0.8862	0.0585	0.7837
000506	S	0.978161	0.809281	0.859731	0.8945	0.9717	0.8750	0.0890	0.8981	0.0602	0.7869
000507	D	0.978824	0.811935	0.858551	0.8886	0.9415	0.8780	0.0940	0.8930	0.0543	0.7916
000508	E	0.978301	0.818963	0.858142	0.8626	0.9308	0.8720	0.1120	0.8868	0.0525	0.7968
000509	E	0.975387	0.816761	0.856553	0.7772	0.9168	0.8690	0.1220	0.8686	0.0644	0.7951
000510	S	0.972867	0.812836	0.855037	0.7501	0.8655	0.8860	0.1120	0.8571	0.0680	0.7851
000511	G	0.967025	0.814289	0.853621	0.7501	0.8853	0.8870	0.1140	0.8595	0.0671	0.7859
000512	D	0.960526	0.807848	0.851978	0.7317	0.8966	0.8850	0.1100	0.8556	0.0721	0.7887
000513	E	0.950834	0.798656	0.849503	0.7605	0.8966	0.8670	0.1230	0.8539	0.0622	0.7892
000514	E	0.937577	0.793757	0.845734	0.7869	0.8655	0.8490	0.1390	0.8463	0.0500	0.7823
000515	G	0.924250	0.786603	0.841028	0.7540	0.7718	0.8370	0.1470	0.8192	0.0569	0.7799
000516	G	0.911491	0.774594	0.835985	0.7573	0.8235	0.7970	0.1760	0.8166	0.0502	0.7908
000517	T	0.886201	0.765522	0.830885	0.7232	0.8279	0.7610	0.1970	0.7991	0.0545	0.8051
000518	I	0.850167	0.746905	0.825850	0.7034	0.7916	0.7430	0.2090	0.7769	0.0507	0.8207
000519	N	0.794774	0.742043	0.820284	0.6756	0.7505	0.7370	0.2020	0.7533	0.0459	0.8303
000520	N	0.726634	0.736101	0.814984	0.6334	0.6427	0.7520	0.1910	0.7176	0.0630	0.8521
000521	L	0.651551	0.729685	0.810994	0.6219	0.5665	0.7370	0.1910	0.6862	0.0813	0.8848
000522	P	0.580394	0.724379	0.808264	0.5762	0.4831	0.7050	0.1920	0.6462	0.1093	0.9090
000523	G	0.523899	0.722347	0.807317	0.5229	0.4831	0.6890	0.1780	0.6248	0.1209	0.9299
000524	S	0.451977	0.735266	0.807388	0.4600	0.4801	0.6800	0.1760	0.6025	0.1435	0.9472
000525	L	0.403325	0.748853	0.809561	0.4600	0.4619	0.6910	0.1740	0.5957	0.1589	0.9626
000526	L	0.384575	0.760266	0.813767	0.4825	0.4582	0.6850	0.1670	0.5974	0.1627	0.9710
000527	H	0.386098	0.768666	0.821089	0.4825	0.4652	0.6830	0.1540	0.6011	0.1643	0.9744
000528	T	0.406114	0.765055	0.831044	0.4825	0.4409	0.6920	0.1450	0.6029	0.1662	0.9776
000529	A	0.434825	0.775665	0.840985	0.5583	0.5211	0.6840	0.1050	0.6357	0.1435	0.9811
000530	A	0.459089	0.785542	0.849071	0.5374	0.5098	0.6760	0.0730	0.6361	0.1451	0.9839
000531	Y	0.470511	0.794021	0.854266	0.5623	0.5176	0.7050	0.0680	0.6506	0.1432	0.9849
000532	L	0.511152	0.792719	0.858384	0.6079	0.5854	0.6940	0.0630	0.6750	0.1206	0.9837
000533	I	0.588117	0.805341	0.862487	0.5941	0.5577	0.7210	0.0520	0.6880	0.1162	0.9801
000534	Q	0.620015	0.816289	0.867729	0.5900	0.5665	0.7500	0.0440	0.7017	0.1158	0.9728
000535	D	0.633268	0.831180	0.873918	0.6124	0.6043	0.8000	0.0590	0.7258	0.1116	0.9623
000536	G	0.654553	0.853878	0.880443	0.6756	0.6806	0.8220	0.0610	0.7612	0.0928	0.9455
000537	S	0.640160	0.866644	0.885750	0.7388	0.6661	0.8330	0.0570	0.7717	0.0960	0.9242
000538	D	0.683997	0.877912	0.889488	0.7388	0.6322	0.8500	0.0580	0.7787	0.0994	0.9050
000539	A	0.741524	0.886132	0.891697	0.6984	0.6661	0.8630	0.0580	0.7912	0.0922	0.8819
000540	E	0.812100	0.892589	0.893000	0.7034	0.6712	0.8720	0.0590	0.8074	0.0896	0.8485
000541	S	0.843200	0.899207	0.893337	0.7458	0.7120	0.8930	0.0640	0.8311	0.0753	0.8075
000542	D	0.856162	0.902700	0.893210	0.7772	0.8085	0.8980	0.0730	0.8559	0.0479	0.7683
000543	S	0.891838	0.905673	0.893200	0.8283	0.8623	0.9160	0.0680	0.8829	0.0295	0.7350
000544	D	0.926949	0.910589	0.894471	0.8677	0.9269	0.9230	0.0640	0.9083	0.0214	0.7144
000545	D	0.944141	0.917314	0.896963	0.8488	0.9269	0.9240	0.0670	0.9096	0.0306	0.7025
000546	P	0.997180	0.923299	0.900377	0.8556	0.9287	0.9100	0.0710	0.9193	0.0422	0.6900
000547	S	0.998954	0.930498	0.903570	0.8626	0.8920	0.9060	0.0680	0.9156	0.0424	0.6779
000548	Y	0.998604	0.936468	0.906409	0.8713	0.9106	0.9050	0.0660	0.9214	0.0394	0.6720
000549	A	0.996453	0.942156	0.908817	0.8283	0.8991	0.8780	0.0910	0.9089	0.0521	0.6518
000550	P	0.991616	0.945634	0.911326	0.8677	0.9151	0.8530	0.1230	0.9140	0.0464	0.6265
000551	K	0.980695	0.949308	0.913024	0.8488	0.8162	0.8490	0.1380	0.8928	0.0592	0.6024
000552	D	0.964138	0.948984	0.913068	0.8457	0.8198	0.8370	0.1530	0.8881	0.0566	0.5971
000553	D	0.947609	0.946573	0.912253	0.7817	0.7415	0.8430	0.1480	0.8620	0.0799	0.5866
000554	S	0.934141	0.948668	0.911307	0.7772	0.7547	0.8330	0.1510	0.8598	0.0760	0.5804
000555	P	0.930481	0.946058	0.910667	0.7192	0.7547	0.8170	0.1500	0.8463	0.0881	0.5751
000556	D	0.927782	0.944823	0.908706	0.7192	0.7718	0.8120	0.1520	0.8474	0.0848	0.5722
000557	E	0.915083	0.939666	0.905434	0.7111	0.7718	0.8150	0.1430	0.8430	0.0834	0.5697
000558	V	0.866897	0.936736	0.901057	0.7317	0.8050	0.8210	0.1430	0.8437	0.0672	0.5702
000559	P	0.799934	0.924714	0.896713	0.8001	0.8681	0.7970	0.1570	0.8477	0.0515	0.5628
000560	S	0.774762	0.918941	0.891445	0.8350	0.8828	0.7890	0.1590	0.8487	0.0534	0.5615
000561	T	0.750926	0.916478	0.885333	0.8036	0.8493	0.8080	0.1400	0.8356	0.0550	0.5647
000562	F	0.717939	0.910202	0.877349	0.8200	0.8565	0.8310	0.1240	0.8354	0.0604	0.5705
000563	T	0.718255	0.904529	0.869625	0.8036	0.8313	0.7950	0.1440	0.8203	0.0592	0.5562
000564	V	0.699949	0.902246	0.862091	0.7951	0.7881	0.8000	0.1420	0.8079	0.0634	0.5447
000565	Q	0.675046	0.897993	0.854756	0.7912	0.7916	0.7770	0.1560	0.7979	0.0694	0.5331
000566	Q	0.604813	0.889559	0.846533	0.7458	0.7459	0.7900	0.1640	0.7705	0.0904	0.5176
000567	P	0.642439	0.883433	0.837426	0.7317	0.6322	0.7930	0.1560	0.7534	0.0940	0.4983
000568	P	0.708290	0.876292	0.826914	0.7232	0.5211	0.7940	0.1690	0.7417	0.1142	0.4865
000569	P	0.744325	0.865951	0.815894	0.7192	0.5017	0.7820	0.1850	0.7382	0.1159	0.4815
000570	S	0.784577	0.857322	0.803324	0.6516	0.4619	0.7850	0.1860	0.7240	0.1326	0.4832
000571	R	0.834044	0.844027	0.789949	0.5992	0.3704	0.8090	0.1500	0.7078	0.1718	0.4826
000572	R	0.846405	0.830314	0.775200	0.6079	0.3599	0.8340	0.1460	0.7089	0.1759	0.4869
000573	R	0.866973	0.809668	0.759495	0.5846	0.4476	0.8040	0.1550	0.7121	0.1475	0.4869
000574	K	0.892337	0.782897	0.743417	0.5941	0.4149	0.7630	0.1740	0.6985	0.1540	0.4906
000575	M	0.971411	0.758660	0.726776	0.6334	0.4901	0.7470	0.1850	0.7213	0.1448	0.4968
000576	T	0.977904	0.724433	0.709265	0.5846	0.4017	0.7640	0.2080	0.6937	0.1752	0.4940
000577	K	0.978612	0.679904	0.689667	0.5623	0.3910	0.7500	0.2120	0.6753	0.1786	0.4942
000578	I	0.969175	0.649741	0.667389	0.4879	0.3087	0.7880	0.1690	0.6452	0.2097	0.4950
000579	L	0.953485	0.659827	0.643539	0.4600	0.2918	0.7500	0.1720	0.6265	0.2095	0.4890
000580	C	0.925817	0.652232	0.619130	0.3717	0.2884	0.7390	0.1530	0.5993	0.2151	0.4766
000581	K	0.914239	0.624525	0.594845	0.3847	0.2364	0.6730	0.1580	0.5714	0.2154	0.4622
000582	W	0.897660	0.598435	0.571329	0.3992	0.2193	0.6870	0.1520	0.5621	0.2135	0.4517
000583	K	0.882024	0.559891	0.548886	0.3263	0.2258	0.6060	0.1720	0.5249	0.2101	0.4413
000584	K	0.818027	0.524201	0.527235	0.2913	0.2292	0.5090	0.1290	0.4832	0.1905	0.4345
000585	A	0.792398	0.504125	0.505676	0.3005	0.1881	0.4540	0.0990	0.4575	0.1888	0.4289
000586	D	0.789339	0.454361	0.483906	0.3146	0.2164	0.3860	0.1260	0.4407	0.1793	0.4248
000587	L	0.797501	0.412349	0.463093	0.2432	0.1881	0.3630	0.1460	0.4113	0.1967	0.4218
000588	T	0.738847	0.384277	0.444467	0.2385	0.2258	0.3480	0.1410	0.3966	0.1713	0.4226
000589	V	0.666596	0.392931	0.428622	0.2483	0.3215	0.3300	0.1120	0.3979	0.1329	0.4266
000590	Q	0.572208	0.379223	0.414526	0.3184	0.4017	0.2890	0.0830	0.3959	0.0905	0.4326
000591	P	0.487600	0.376928	0.401844	0.4078	0.4864	0.2490	0.0740	0.4017	0.0800	0.4296
000592	V	0.401718	0.372521	0.389483	0.4037	0.3948	0.2380	0.0790	0.3668	0.0583	0.4248
000593	A	0.360827	0.372757	0.377365	0.4879	0.3840	0.2440	0.0860	0.3712	0.0707	0.4168
000594	G	0.287571	0.366680	0.363376	0.3806	0.3983	0.2330	0.0880	0.3383	0.0584	0.4123
000595	R	0.190711	0.359163	0.347765	0.2820	0.3494	0.2390	0.0820	0.2947	0.0633	0.4040
000596	V	0.090872	0.354807	0.330981	0.3053	0.3426	0.2220	0.0580	0.2745	0.0928	0.3940
000597	T	0.063678	0.346123	0.314139	0.2255	0.3249	0.2230	0.0710	0.2495	0.0957	0.3877
000598	A	0.071045	0.332020	0.297565	0.2385	0.4017	0.1980	0.0670	0.2564	0.1054	0.3842
000599	P	0.084551	0.345439	0.282652	0.2292	0.4256	0.1510	0.0420	0.2531	0.1144	0.3846
000600	P	0.091853	0.345796	0.269099	0.2820	0.4864	0.1360	0.0460	0.2685	0.1307	0.3849
000601	N	0.114369	0.322217	0.257905	0.3005	0.4901	0.1470	0.0610	0.2721	0.1235	0.3872
000602	D	0.159992	0.315294	0.247860	0.2786	0.3840	0.1490	0.0610	0.2558	0.0828	0.3909
000603	F	0.178411	0.297719	0.239318	0.3578	0.3667	0.1400	0.0600	0.2633	0.0855	0.3942
000604	F	0.193523	0.260572	0.231409	0.2913	0.4017	0.1340	0.0600	0.2521	0.0834	0.3909
000605	T	0.204167	0.221122	0.223397	0.2041	0.3215	0.1220	0.0610	0.2161	0.0581	0.3793
000606	V	0.211372	0.205293	0.215635	0.2209	0.2224	0.1320	0.0610	0.2012	0.0316	0.3669
000607	M	0.216503	0.185320	0.208902	0.2041	0.2064	0.1340	0.0510	0.1926	0.0277	0.3499
000608	R	0.219023	0.166233	0.204927	0.1266	0.2094	0.1560	0.0730	0.1803	0.0333	0.3214
000609	T	0.221943	0.163786	0.203852	0.0909	0.2436	0.1540	0.0840	0.1797	0.0504	0.2928
000610	P	0.265486	0.181944	0.204562	0.0789	0.2258	0.1320	0.0750	0.1815	0.0613	0.2674
000611	T	0.297910	0.179915	0.206384	0.0677	0.1501	0.1200	0.0620	0.1704	0.0720	0.2438
000612	E	0.348076	0.187181	0.208582	0.0771	0.0888	0.0930	0.0360	0.1672	0.0954	0.2217
000613	I	0.401548	0.190324	0.211606	0.0455	0.0909	0.0870	0.0370	0.1711	0.1186	0.1991
000614	L	0.456567	0.178562	0.215196	0.0478	0.1048	0.0770	0.0350	0.1800	0.1363	0.1800
000615	E	0.448378	0.159758	0.218879	0.0965	0.1206	0.0700	0.0320	0.1857	0.1268	0.1648
000616	L	0.435888	0.149500	0.222045	0.0526	0.0835	0.0700	0.0340	0.1688	0.1324	0.1528
000617	F	0.422081	0.129916	0.223825	0.0502	0.1137	0.0670	0.0300	0.1677	0.1266	0.1419
000618	L	0.407579	0.114265	0.224447	0.0376	0.0817	0.0570	0.0180	0.1538	0.1284	0.1323
000619	D	0.334679	0.117371	0.223684	0.0363	0.0817	0.0560	0.0140	0.1416	0.1054	0.1262
000620	D	0.255463	0.110998	0.221311	0.0182	0.0851	0.0580	0.0180	0.1249	0.0856	0.1189
000621	E	0.181276	0.103166	0.217748	0.0144	0.0454	0.0580	0.0200	0.1033	0.0736	0.1098
000622	V	0.106980	0.101045	0.213775	0.0141	0.0263	0.0610	0.0220	0.0873	0.0662	0.0982
000623	I	0.031690	0.100874	0.209969	0.0062	0.0214	0.0670	0.0240	0.0729	0.0688	0.0894
000624	E	0.023699	0.093047	0.206290	0.0059	0.0214	0.0730	0.0270	0.0705	0.0680	0.0836
000625	L	0.013117	0.091648	0.202421	0.0075	0.0320	0.0740	0.0260	0.0700	0.0666	0.0770
000626	I	0.006761	0.089276	0.198381	0.0031	0.0287	0.0710	0.0200	0.0661	0.0670	0.0714
000627	V	0.002597	0.084158	0.194569	0.0066	0.0463	0.0700	0.0200	0.0673	0.0643	0.0669
000628	K	0.002262	0.088491	0.191173	0.0102	0.0618	0.0620	0.0210	0.0694	0.0623	0.0636
000629	Y	0.001760	0.099097	0.187817	0.0194	0.0948	0.0590	0.0210	0.0770	0.0611	0.0599
000630	S	0.001498	0.100325	0.183766	0.0086	0.0555	0.0540	0.0180	0.0673	0.0616	0.0568
000631	N	0.001436	0.113800	0.178828	0.0075	0.0543	0.0500	0.0130	0.0676	0.0619	0.0531
000632	L	0.001688	0.136367	0.173483	0.0027	0.0300	0.0510	0.0150	0.0659	0.0660	0.0503
000633	Y	0.001346	0.164259	0.167886	0.0044	0.0454	0.0640	0.0210	0.0745	0.0683	0.0485
000634	A	0.000861	0.179560	0.162142	0.0040	0.0734	0.0790	0.0300	0.0831	0.0691	0.0469
000635	C	0.000743	0.216679	0.156527	0.0033	0.0646	0.1050	0.0390	0.0911	0.0783	0.0444
000636	S	0.000767	0.243365	0.151743	0.0069	0.1092	0.1380	0.0420	0.1084	0.0845	0.0422
000637	K	0.000763	0.259945	0.147431	0.0116	0.0870	0.1480	0.0360	0.1092	0.0890	0.0412
000638	G	0.000758	0.274452	0.143678	0.0226	0.1206	0.1690	0.0430	0.1219	0.0918	0.0404
000639	V	0.000752	0.287802	0.139924	0.0097	0.0799	0.1970	0.0580	0.1192	0.1020	0.0385
000640	H	0.000712	0.301114	0.136457	0.0200	0.0676	0.2200	0.0570	0.1244	0.1080	0.0378
000641	L	0.000265	0.322981	0.133074	0.0099	0.0414	0.2310	0.0570	0.1231	0.1199	0.0374
000642	G	0.000201	0.325012	0.128940	0.0055	0.0389	0.2270	0.0620	0.1209	0.1209	0.0381
000643	L	0.000194	0.320139	0.124288	0.0066	0.0372	0.1990	0.0610	0.1145	0.1156	0.0388
000644	T	0.000208	0.327620	0.118398	0.0116	0.0372	0.1350	0.0310	0.1049	0.1117	0.0404
000645	S	0.000195	0.311450	0.111720	0.0086	0.0218	0.0970	0.0300	0.0918	0.1071	0.0405
000646	S	0.000192	0.261420	0.104501	0.0090	0.0209	0.0670	0.0300	0.0771	0.0900	0.0399
000647	E	0.000192	0.221941	0.097084	0.0042	0.0209	0.0480	0.0230	0.0653	0.0772	0.0392
000648	F	0.000194	0.171533	0.090397	0.0022	0.0214	0.0390	0.0170	0.0540	0.0606	0.0378
000649	K	0.000133	0.120145	0.084256	0.0024	0.0130	0.0300	0.0110	0.0416	0.0451	0.0369
000650	C	0.000103	0.078817	0.078553	0.0053	0.0125	0.0250	0.0090	0.0333	0.0329	0.0365
000651	F	0.000183	0.059899	0.073612	0.0028	0.0125	0.0230	0.0090	0.0286	0.0282	0.0349
000652	L	0.000820	0.042557	0.069166	0.0035	0.0133	0.0210	0.0080	0.0251	0.0240	0.0331
000653	G	0.004232	0.037022	0.066350	0.0037	0.0143	0.0210	0.0070	0.0244	0.0219	0.0313
000654	I	0.004580	0.029731	0.063951	0.0049	0.0218	0.0240	0.0080	0.0248	0.0199	0.0297
000655	I	0.004954	0.024683	0.062396	0.0062	0.0214	0.0320	0.0160	0.0252	0.0192	0.0290
000656	F	0.005076	0.030395	0.061154	0.0061	0.0223	0.0380	0.0200	0.0271	0.0193	0.0294
000657	L	0.006808	0.046633	0.061152	0.0061	0.0181	0.0400	0.0160	0.0298	0.0208	0.0310
000658	S	0.008985	0.070519	0.061540	0.0053	0.0099	0.0540	0.0230	0.0350	0.0274	0.0345
000659	G	0.023690	0.092344	0.061859	0.0087	0.0101	0.0760	0.0370	0.0455	0.0329	0.0389
000660	Y	0.037744	0.118209	0.061680	0.0042	0.0107	0.0930	0.0420	0.0543	0.0415	0.0439
000661	V	0.065138	0.135257	0.061978	0.0035	0.0160	0.0930	0.0400	0.0624	0.0445	0.0500
000662	S	0.090109	0.158528	0.063207	0.0082	0.0294	0.0860	0.0310	0.0726	0.0483	0.0587
000663	V	0.124669	0.186719	0.064990	0.0167	0.0483	0.1100	0.0440	0.0918	0.0558	0.0694
000664	P	0.160985	0.202246	0.067020	0.0157	0.0483	0.1050	0.0420	0.0999	0.0646	0.0826
000665	R	0.195207	0.206557	0.069597	0.0297	0.0518	0.1360	0.0600	0.1148	0.0690	0.0963
000666	R	0.225161	0.225668	0.073137	0.0514	0.0799	0.1510	0.0630	0.1344	0.0712	0.1093
000667	R	0.253866	0.232986	0.077007	0.0607	0.1583	0.1680	0.0630	0.1584	0.0718	0.1210
000668	M	0.273304	0.228988	0.080635	0.1060	0.1702	0.1820	0.0690	0.1736	0.0662	0.1308
000669	F	0.291689	0.262874	0.083229	0.1117	0.1070	0.1910	0.0710	0.1745	0.0802	0.1333
000670	W	0.297734	0.290926	0.084623	0.0723	0.0704	0.1890	0.0740	0.1674	0.0983	0.1337
000671	E	0.300425	0.291876	0.084376	0.0813	0.1162	0.1570	0.0710	0.1718	0.0914	0.1327
000672	Q	0.296590	0.285179	0.082727	0.0884	0.1373	0.1320	0.0570	0.1704	0.0876	0.1315
000673	R	0.290998	0.278098	0.080773	0.0884	0.1162	0.1050	0.0320	0.1599	0.0890	0.1290
000674	T	0.271184	0.228412	0.079171	0.1240	0.1323	0.0950	0.0270	0.1550	0.0704	0.1263
000675	D	0.281214	0.196199	0.079126	0.0909	0.1162	0.0760	0.0150	0.1400	0.0751	0.1259
000676	V	0.292049	0.196633	0.080269	0.0771	0.1137	0.0690	0.0120	0.1381	0.0812	0.1274
000677	H	0.277148	0.202529	0.083020	0.0771	0.1162	0.0650	0.0150	0.1368	0.0776	0.1295
000678	N	0.266133	0.209514	0.085678	0.0789	0.1162	0.0710	0.0230	0.1379	0.0738	0.1296
000679	V	0.252555	0.229134	0.088986	0.1018	0.0719	0.0800	0.0290	0.1374	0.0740	0.1311
000680	L	0.234267	0.257763	0.092181	0.1732	0.1501	0.0840	0.0310	0.1653	0.0652	0.1353
000681	V	0.216617	0.252115	0.096044	0.1766	0.2503	0.0820	0.0290	0.1790	0.0684	0.1395
000682	S	0.197650	0.265694	0.098521	0.1766	0.1643	0.0880	0.0330	0.1652	0.0601	0.1460
000683	A	0.194841	0.274012	0.099931	0.1667	0.0817	0.1020	0.0400	0.1531	0.0672	0.1531
000684	A	0.164842	0.269485	0.100645	0.1150	0.0780	0.1030	0.0350	0.1386	0.0642	0.1598
000685	M	0.134228	0.251288	0.102584	0.0621	0.0817	0.1080	0.0340	0.1234	0.0614	0.1659
000686	R	0.126748	0.274871	0.106113	0.0621	0.0463	0.1000	0.0300	0.1194	0.0746	0.1640
000687	R	0.119232	0.297598	0.110383	0.1117	0.0676	0.1040	0.0290	0.1352	0.0745	0.1617
000688	D	0.113208	0.297064	0.115794	0.0701	0.0473	0.1050	0.0270	0.1248	0.0809	0.1595
000689	R	0.114327	0.314804	0.121678	0.0677	0.0356	0.0980	0.0200	0.1254	0.0896	0.1624
000690	F	0.114766	0.317324	0.128979	0.0723	0.0568	0.0870	0.0190	0.1296	0.0874	0.1650
000691	E	0.115596	0.291980	0.136834	0.0991	0.1048	0.0750	0.0230	0.1372	0.0716	0.1669
000692	T	0.116206	0.263137	0.143089	0.1380	0.1251	0.0790	0.0300	0.1441	0.0571	0.1727
000693	I	0.116528	0.255564	0.146559	0.1416	0.1373	0.0850	0.0340	0.1470	0.0528	0.1768
000694	F	0.116296	0.245653	0.147321	0.1349	0.1028	0.0900	0.0410	0.1395	0.0511	0.1803
000695	S	0.115397	0.227777	0.148305	0.1602	0.1275	0.0840	0.0390	0.1439	0.0447	0.1844
000696	N	0.113255	0.223293	0.149648	0.1205	0.1791	0.0930	0.0340	0.1464	0.0440	0.1864
000697	L	0.110634	0.226618	0.150946	0.1266	0.1251	0.1050	0.0360	0.1408	0.0411	0.1931
000698	H	0.098180	0.229732	0.151066	0.1566	0.1275	0.1170	0.0470	0.1466	0.0421	0.1968
000699	V	0.084608	0.257013	0.150673	0.1060	0.1206	0.1340	0.0530	0.1422	0.0554	0.1969
000700	A	0.071946	0.317205	0.150287	0.1088	0.0581	0.1510	0.0530	0.1429	0.0855	0.1935
000701	D	0.066144	0.354456	0.150124	0.1878	0.1137	0.1730	0.0750	0.1742	0.0900	0.1902
000702	N	0.062666	0.371657	0.151411	0.1150	0.1048	0.1960	0.0820	0.1668	0.1003	0.1886
000703	A	0.057259	0.393473	0.155381	0.1150	0.0592	0.2240	0.0880	0.1674	0.1162	0.1847
000704	N	0.052062	0.438116	0.161911	0.1732	0.0985	0.2600	0.0870	0.1973	0.1256	0.1808
000705	L	0.052794	0.437806	0.170035	0.1805	0.2034	0.2840	0.0960	0.2214	0.1182	0.1772
000706	D	0.071244	0.433696	0.176294	0.1732	0.1373	0.2610	0.0890	0.2089	0.1153	0.1718
000707	P	0.089718	0.455324	0.181777	0.1921	0.0817	0.2490	0.0740	0.2083	0.1250	0.1730
000708	V	0.095300	0.446510	0.185548	0.1921	0.1298	0.2350	0.0630	0.2140	0.1133	0.1757
000709	D	0.128650	0.424955	0.190116	0.1266	0.1349	0.1980	0.0520	0.2005	0.1044	0.1791
000710	K	0.220388	0.417599	0.193626	0.1766	0.1206	0.1580	0.0350	0.2145	0.0959	0.1868
000711	F	0.294956	0.415498	0.196241	0.1998	0.1528	0.1450	0.0330	0.2341	0.0946	0.1954
000712	S	0.380896	0.392424	0.196386	0.1292	0.1583	0.1520	0.0430	0.2349	0.1091	0.1999
000713	K	0.478389	0.369300	0.196109	0.1292	0.1528	0.1460	0.0390	0.2453	0.1317	0.2022
000714	L	0.509033	0.377903	0.195717	0.1635	0.1048	0.1360	0.0330	0.2478	0.1460	0.2071
000715	R	0.521959	0.369554	0.195086	0.1602	0.0749	0.1070	0.0220	0.2382	0.1578	0.2080
000716	P	0.545330	0.330678	0.193339	0.1698	0.1251	0.1070	0.0260	0.2453	0.1523	0.2092
000717	L	0.542374	0.336801	0.189908	0.1349	0.0592	0.1110	0.0270	0.2291	0.1648	0.2116
000718	I	0.559806	0.351723	0.185920	0.1150	0.0334	0.1150	0.0270	0.2268	0.1782	0.2066
000719	S	0.506121	0.329037	0.179991	0.0991	0.0605	0.1200	0.0270	0.2159	0.1556	0.1979
000720	K	0.455212	0.309201	0.173443	0.0621	0.0618	0.1100	0.0340	0.1954	0.1436	0.1884
000721	L	0.374265	0.312109	0.166061	0.0723	0.0690	0.0970	0.0310	0.1818	0.1198	0.1754
000722	N	0.274016	0.279131	0.159521	0.1292	0.1424	0.0830	0.0240	0.1779	0.0735	0.1608
000723	E	0.230936	0.245667	0.155102	0.1322	0.0851	0.0710	0.0180	0.1533	0.0664	0.1491
000724	R	0.188397	0.249192	0.153569	0.1292	0.0405	0.0690	0.0190	0.1383	0.0701	0.1371
000725	C	0.148581	0.241375	0.153749	0.1322	0.0690	0.0650	0.0190	0.1351	0.0592	0.1232
000726	M	0.146084	0.216558	0.153706	0.0789	0.0320	0.0640	0.0210	0.1153	0.0626	0.1126
000727	K	0.096021	0.225685	0.152482	0.0660	0.0287	0.0630	0.0200	0.1053	0.0659	0.0994
000728	F	0.052601	0.232491	0.150733	0.0587	0.0531	0.0720	0.0250	0.1033	0.0671	0.0874
000729	V	0.022158	0.218743	0.149010	0.1018	0.0414	0.0750	0.0260	0.1014	0.0666	0.0764
000730	P	0.011825	0.224525	0.147162	0.1018	0.0334	0.0730	0.0230	0.0986	0.0715	0.0665
000731	N	0.008966	0.233359	0.145343	0.0554	0.0227	0.0760	0.0310	0.0903	0.0776	0.0597
000732	E	0.008915	0.221238	0.144111	0.0723	0.0454	0.0630	0.0200	0.0926	0.0704	0.0548
000733	T	0.008328	0.204048	0.143179	0.0425	0.0231	0.0570	0.0150	0.0796	0.0704	0.0504
000734	Y	0.005006	0.203830	0.141105	0.0464	0.0119	0.0500	0.0120	0.0764	0.0722	0.0459
000735	F	0.005065	0.197368	0.137166	0.0252	0.0117	0.0480	0.0130	0.0707	0.0717	0.0434
000736	S	0.004362	0.183742	0.131857	0.0200	0.0202	0.0450	0.0140	0.0675	0.0666	0.0409
000737	F	0.003299	0.177828	0.127402	0.0268	0.0248	0.0470	0.0150	0.0679	0.0629	0.0395
000738	D	0.001620	0.173121	0.122611	0.0259	0.0253	0.0430	0.0160	0.0653	0.0614	0.0388
000739	E	0.001522	0.157433	0.118063	0.0363	0.0306	0.0390	0.0150	0.0638	0.0549	0.0385
000740	F	0.001482	0.147825	0.113359	0.0542	0.0463	0.0410	0.0180	0.0674	0.0487	0.0349
000741	M	0.002187	0.142326	0.109937	0.0182	0.0433	0.0400	0.0200	0.0593	0.0501	0.0322
000742	V	0.004370	0.128666	0.107836	0.0179	0.0205	0.0400	0.0210	0.0531	0.0476	0.0287
000743	P	0.004427	0.132063	0.107410	0.0182	0.0127	0.0390	0.0200	0.0522	0.0493	0.0258
000744	Y	0.005369	0.131796	0.108007	0.0086	0.0127	0.0490	0.0230	0.0526	0.0502	0.0246
000745	F	0.005223	0.119559	0.108976	0.0090	0.0209	0.0590	0.0270	0.0538	0.0463	0.0249
000746	G	0.006229	0.121647	0.109390	0.0179	0.0424	0.0640	0.0280	0.0602	0.0433	0.0240
000747	R	0.007231	0.139450	0.109378	0.0160	0.0518	0.0670	0.0250	0.0651	0.0473	0.0231
000748	H	0.008341	0.159029	0.109443	0.0316	0.0676	0.0800	0.0270	0.0759	0.0494	0.0216
000749	G	0.008582	0.184256	0.109816	0.0376	0.0676	0.0870	0.0260	0.0825	0.0560	0.0218
000750	C	0.008473	0.210059	0.110619	0.0218	0.0300	0.1050	0.0290	0.0810	0.0701	0.0221
000751	K	0.008071	0.247677	0.111445	0.0405	0.0662	0.1330	0.0360	0.1011	0.0776	0.0285
000752	Q	0.024901	0.258415	0.112144	0.0286	0.0473	0.1420	0.0380	0.1022	0.0822	0.0365
000753	F	0.034328	0.265616	0.112416	0.0455	0.0734	0.1550	0.0440	0.1143	0.0789	0.0460
000754	I	0.034433	0.255060	0.112381	0.0182	0.0313	0.1470	0.0430	0.0997	0.0838	0.0544
000755	R	0.033645	0.253513	0.111419	0.0376	0.0306	0.1160	0.0320	0.0971	0.0785	0.0606
000756	G	0.032846	0.235342	0.110569	0.0395	0.0356	0.0860	0.0190	0.0899	0.0711	0.0677
000757	K	0.032011	0.206240	0.109127	0.0245	0.0364	0.0670	0.0160	0.0791	0.0636	0.0716
000758	P	0.031769	0.163108	0.107920	0.0079	0.0300	0.0530	0.0160	0.0656	0.0535	0.0766
000759	I	0.031091	0.136066	0.106004	0.0094	0.0320	0.0470	0.0140	0.0603	0.0452	0.0847
000760	R	0.029207	0.109537	0.104535	0.0081	0.0191	0.0410	0.0140	0.0520	0.0402	0.0865
000761	F	0.012143	0.076271	0.103627	0.0194	0.0202	0.0400	0.0130	0.0452	0.0337	0.0796
000762	G	0.001268	0.064664	0.103266	0.0069	0.0202	0.0360	0.0110	0.0388	0.0356	0.0656
000763	Y	0.000992	0.057072	0.102946	0.0035	0.0120	0.0340	0.0110	0.0352	0.0360	0.0545
000764	K	0.000675	0.047116	0.102271	0.0075	0.0143	0.0330	0.0100	0.0341	0.0342	0.0467
000765	F	0.000368	0.036217	0.101822	0.0069	0.0136	0.0310	0.0100	0.0317	0.0338	0.0429
000766	W	0.000062	0.027876	0.101572	0.0042	0.0089	0.0310	0.0110	0.0289	0.0345	0.0357
000767	C	0.000040	0.022977	0.101282	0.0010	0.0062	0.0290	0.0100	0.0268	0.0351	0.0288
000768	G	0.000017	0.020736	0.100766	0.0007	0.0065	0.0290	0.0100	0.0263	0.0349	0.0273
000769	A	0.000009	0.017613	0.100593	0.0004	0.0065	0.0310	0.0120	0.0260	0.0351	0.0255
000770	T	0.000002	0.013330	0.100711	0.0006	0.0062	0.0320	0.0120	0.0255	0.0353	0.0236
000771	C	0.000002	0.011473	0.100682	0.0007	0.0065	0.0330	0.0110	0.0253	0.0354	0.0217
000772	L	0.000001	0.010447	0.099369	0.0007	0.0094	0.0380	0.0170	0.0264	0.0351	0.0237
000773	G	0.000001	0.011530	0.097473	0.0007	0.0093	0.0460	0.0230	0.0274	0.0348	0.0254
000774	Y	0.000004	0.012756	0.095305	0.0013	0.0146	0.0550	0.0310	0.0298	0.0345	0.0269
000775	I	0.000007	0.015891	0.093522	0.0013	0.0165	0.0610	0.0300	0.0313	0.0343	0.0284
000776	C	0.000008	0.019172	0.091981	0.0034	0.0327	0.0790	0.0390	0.0377	0.0357	0.0281
000777	W	0.000009	0.029044	0.090796	0.0079	0.0631	0.1800	0.1390	0.0618	0.0614	0.0328
000778	F	0.000020	0.053351	0.090129	0.0245	0.1070	0.3390	0.2110	0.1024	0.1120	0.0369
000779	Q	0.000034	0.083205	0.089805	0.0252	0.1028	0.5640	0.1920	0.1441	0.1911	0.0378
000780	P	0.000049	0.136087	0.090226	0.0297	0.1275	0.5760	0.2180	0.1600	0.1925	0.0389
000781	Y	0.000061	0.233888	0.090940	0.0268	0.1349	0.6210	0.2230	0.1846	0.2094	0.0406
000782	Q	0.000078	0.350114	0.093385	0.0789	0.1349	0.5440	0.2340	0.2002	0.1875	0.0445
000783	G	0.000119	0.481716	0.097048	0.1349	0.2002	0.4710	0.1980	0.2309	0.1835	0.0447
000784	K	0.001522	0.600837	0.101681	0.0858	0.1476	0.3770	0.1590	0.2191	0.2060	0.0460
000785	N	0.006928	0.701273	0.105114	0.1456	0.2258	0.3910	0.1270	0.2627	0.2288	0.0476
000786	P	0.010247	0.751673	0.107579	0.1380	0.2752	0.3870	0.1410	0.2783	0.2438	0.0495
000787	N	0.011082	0.788735	0.108581	0.2558	0.3599	0.4120	0.1530	0.3227	0.2497	0.0529
000788	T	0.018934	0.792253	0.108833	0.3096	0.3840	0.4260	0.1560	0.3400	0.2488	0.0526
000789	K	0.020247	0.785995	0.108316	0.3992	0.4369	0.4150	0.1390	0.3610	0.2486	0.0545
000790	H	0.021860	0.740689	0.107772	0.3146	0.3460	0.3800	0.0790	0.3185	0.2292	0.0577
000791	E	0.070986	0.685427	0.106523	0.2255	0.3321	0.3190	0.0780	0.2899	0.2020	0.0628
000792	E	0.120457	0.605103	0.104693	0.2531	0.3117	0.2730	0.0490	0.2780	0.1651	0.0670
000793	Y	0.151111	0.529559	0.102712	0.2657	0.2951	0.2120	0.0510	0.2594	0.1371	0.0700
000794	G	0.177914	0.419998	0.101549	0.1921	0.3053	0.1730	0.0630	0.2283	0.1046	0.0751
000795	V	0.211762	0.342113	0.100830	0.1998	0.2783	0.1510	0.0710	0.2140	0.0791	0.0812
000796	G	0.281670	0.291089	0.099751	0.2255	0.1881	0.1360	0.0710	0.2038	0.0704	0.0884
000797	A	0.344558	0.245072	0.097762	0.1698	0.1702	0.1350	0.0800	0.1938	0.0808	0.0969
000798	S	0.416715	0.199156	0.095009	0.1150	0.1671	0.1070	0.0650	0.1833	0.1106	0.1058
000799	L	0.466687	0.187371	0.092180	0.1150	0.1399	0.0840	0.0420	0.1809	0.1323	0.1176
000800	V	0.473414	0.177739	0.089218	0.1380	0.1399	0.0720	0.0310	0.1817	0.1350	0.1298
000801	L	0.474469	0.180349	0.086051	0.1266	0.1611	0.0820	0.0270	0.1851	0.1343	0.1417
000802	Q	0.487674	0.218425	0.082813	0.1117	0.1501	0.0900	0.0250	0.1901	0.1406	0.1505
000803	F	0.472698	0.279121	0.080120	0.1240	0.1476	0.1110	0.0310	0.2024	0.1363	0.1624
000804	S	0.448748	0.316062	0.077470	0.1921	0.1476	0.1260	0.0320	0.2179	0.1270	0.1737
000805	E	0.379404	0.353927	0.074812	0.2080	0.1476	0.1680	0.0310	0.2219	0.1099	0.1866
000806	A	0.311078	0.385256	0.071899	0.1878	0.1137	0.2310	0.0660	0.2168	0.1080	0.1999
000807	L	0.240888	0.426446	0.069071	0.1921	0.0817	0.2620	0.0680	0.2120	0.1205	0.2164
000808	T	0.190051	0.402527	0.066050	0.1349	0.0506	0.2610	0.0700	0.1842	0.1210	0.2316
000809	E	0.134340	0.414207	0.062634	0.0935	0.0555	0.2380	0.0550	0.1663	0.1264	0.2537
000810	A	0.084470	0.413564	0.058788	0.0789	0.0967	0.2380	0.0610	0.1618	0.1271	0.2720
000811	H	0.039906	0.394970	0.054378	0.1205	0.0719	0.2120	0.0520	0.1489	0.1239	0.2921
000812	P	0.022705	0.317470	0.049936	0.1766	0.0605	0.1880	0.0440	0.1359	0.1027	0.3163
000813	G	0.009521	0.284040	0.044217	0.0965	0.0568	0.1620	0.0480	0.1088	0.0917	0.3493
000814	Q	0.008144	0.226340	0.038014	0.0858	0.1092	0.1270	0.0480	0.0991	0.0698	0.3812
000815	Y	0.005736	0.183010	0.031197	0.0858	0.0704	0.1040	0.0410	0.0800	0.0566	0.4154
000816	H	0.002453	0.156938	0.025589	0.0744	0.0543	0.0730	0.0190	0.0644	0.0486	0.4206
000817	F	0.001693	0.126296	0.020551	0.0554	0.0398	0.0600	0.0100	0.0505	0.0393	0.3922
000818	V	0.001535	0.106134	0.016553	0.0789	0.0405	0.0490	0.0080	0.0488	0.0354	0.3686
000819	F	0.000836	0.094191	0.013384	0.0514	0.0414	0.0430	0.0070	0.0407	0.0298	0.3441
000820	N	0.000137	0.082398	0.011436	0.0279	0.0389	0.0390	0.0060	0.0333	0.0261	0.3303
000821	N	0.000105	0.067706	0.010224	0.0376	0.0287	0.0340	0.0060	0.0298	0.0215	0.3184
000822	F	0.000088	0.064427	0.010134	0.0387	0.0281	0.0380	0.0060	0.0298	0.0209	0.3057
000823	F	0.000072	0.059086	0.010635	0.0173	0.0240	0.0450	0.0080	0.0261	0.0202	0.3037
000824	T	0.000094	0.063846	0.012223	0.0173	0.0198	0.0600	0.0160	0.0288	0.0241	0.3152
000825	S	0.000136	0.090350	0.014668	0.0157	0.0184	0.0830	0.0270	0.0371	0.0357	0.3217
000826	I	0.000293	0.111228	0.019361	0.0245	0.0306	0.1320	0.0410	0.0530	0.0497	0.3292
000827	A	0.000468	0.139646	0.026974	0.0252	0.0327	0.1660	0.0560	0.0652	0.0633	0.3382
000828	L	0.000645	0.201732	0.040204	0.0478	0.0531	0.1780	0.0490	0.0869	0.0750	0.3504
000829	L	0.001950	0.290669	0.057935	0.0813	0.0780	0.2120	0.0570	0.1203	0.0989	0.3684
000830	D	0.030441	0.351341	0.077817	0.1240	0.1424	0.2940	0.0910	0.1700	0.1149	0.3942
000831	K	0.056621	0.393474	0.096486	0.1178	0.1349	0.3590	0.0920	0.1930	0.1321	0.4160
000832	L	0.065846	0.446288	0.114616	0.1178	0.0909	0.4400	0.0990	0.2126	0.1640	0.4314
000833	S	0.074065	0.474643	0.131877	0.1921	0.1671	0.4600	0.1030	0.2500	0.1580	0.4094
000834	S	0.078746	0.456577	0.150389	0.2255	0.2645	0.5010	0.1100	0.2795	0.1531	0.3936
000835	M	0.099410	0.483692	0.167843	0.2292	0.2715	0.5370	0.1230	0.2980	0.1598	0.3843
000836	G	0.172082	0.514953	0.184490	0.2292	0.2783	0.5370	0.1350	0.3193	0.1501	0.3644
000837	H	0.205780	0.520382	0.199404	0.3053	0.2783	0.5490	0.1480	0.3430	0.1408	0.3487
000838	Q	0.238985	0.532231	0.214737	0.3399	0.3149	0.5260	0.1580	0.3611	0.1260	0.3322
000839	A	0.245003	0.569155	0.231209	0.3359	0.4017	0.4830	0.1420	0.3777	0.1219	0.3188
000840	T	0.275051	0.566233	0.248323	0.4149	0.4186	0.4310	0.1300	0.3923	0.1060	0.3105
000841	G	0.322054	0.577544	0.264142	0.4149	0.4369	0.4440	0.1300	0.4099	0.0991	0.3098
000842	T	0.361505	0.569668	0.278032	0.3630	0.3599	0.4410	0.1050	0.3955	0.0910	0.3114
000843	V	0.397960	0.542434	0.288654	0.4781	0.4507	0.3850	0.0890	0.4238	0.0798	0.3167
000844	R	0.426791	0.512492	0.298912	0.4116	0.4507	0.3090	0.0700	0.4016	0.0759	0.3192
000845	K	0.394837	0.487391	0.307138	0.4149	0.4652	0.2980	0.0720	0.3947	0.0718	0.3204
000846	D	0.442879	0.450797	0.314474	0.4600	0.4441	0.3200	0.0910	0.4053	0.0626	0.3210
000847	H	0.517934	0.441799	0.319783	0.4513	0.4149	0.3060	0.1030	0.4085	0.0746	0.3294
000848	I	0.594468	0.418837	0.326569	0.4078	0.3356	0.2800	0.0830	0.3940	0.1015	0.3344
000849	D	0.649240	0.418011	0.334259	0.3717	0.3249	0.2450	0.0760	0.3905	0.1270	0.3407
000850	R	0.704099	0.412892	0.341557	0.3399	0.3566	0.2450	0.0780	0.4001	0.1446	0.3489
000851	V	0.767416	0.413481	0.346728	0.3456	0.3529	0.2510	0.0830	0.4129	0.1655	0.3550
000852	P	0.834717	0.409148	0.350401	0.3399	0.3667	0.2450	0.0810	0.4243	0.1901	0.3567
000853	L	0.886045	0.407563	0.353821	0.3399	0.3704	0.2640	0.0990	0.4370	0.2054	0.3549
000854	E	0.948365	0.423597	0.357292	0.4116	0.4256	0.2450	0.1050	0.4687	0.2234	0.3490
000855	S	0.942458	0.438683	0.359474	0.4037	0.4220	0.2440	0.1060	0.4684	0.2215	0.3452
000856	D	0.941706	0.463616	0.359860	0.4078	0.3182	0.2630	0.1130	0.4591	0.2249	0.3414
000857	V	0.905427	0.494009	0.358193	0.4037	0.3182	0.2980	0.1080	0.4630	0.2079	0.3448
000858	A	0.867990	0.521364	0.354660	0.3053	0.2328	0.3250	0.1170	0.4345	0.2126	0.3431
000859	L	0.821912	0.547607	0.346671	0.3762	0.3117	0.3450	0.1320	0.4582	0.1797	0.3443
000860	K	0.816261	0.558130	0.334060	0.3053	0.2224	0.3470	0.1450	0.4305	0.2001	0.3437
000861	K	0.816402	0.560432	0.318840	0.2963	0.2224	0.3420	0.1550	0.4260	0.2031	0.3454
000862	K	0.823283	0.525475	0.304173	0.2748	0.2849	0.3140	0.1460	0.4212	0.1990	0.3477
000863	E	0.819617	0.481719	0.290190	0.2385	0.2609	0.2560	0.1250	0.3912	0.2083	0.3515
000864	R	0.843157	0.448547	0.276924	0.3053	0.3356	0.2210	0.1070	0.4051	0.2077	0.3563
000865	G	0.809920	0.415272	0.261732	0.3005	0.3426	0.2020	0.0870	0.3887	0.1996	0.3599
000866	T	0.845624	0.382955	0.246837	0.2963	0.2715	0.2070	0.0850	0.3751	0.2172	0.3641
000867	F	0.876077	0.370995	0.231709	0.2963	0.2094	0.2110	0.0870	0.3659	0.2351	0.3743
000868	D	0.902309	0.342802	0.218031	0.2748	0.1914	0.1960	0.0830	0.3542	0.2507	0.3775
000869	Y	0.834423	0.323732	0.203409	0.2385	0.2258	0.1880	0.0820	0.3357	0.2272	0.3838
000870	R	0.781873	0.291581	0.187443	0.2167	0.2094	0.1800	0.0780	0.3112	0.2136	0.3866
000871	I	0.677393	0.267372	0.170237	0.2209	0.2258	0.1640	0.0680	0.2877	0.1777	0.3986
000872	D	0.580138	0.232703	0.154763	0.1566	0.2364	0.1390	0.0590	0.2499	0.1526	0.4015
000873	G	0.482314	0.212838	0.141502	0.1566	0.2503	0.1220	0.0560	0.2276	0.1220	0.4074
000874	K	0.410600	0.191927	0.132683	0.1532	0.2364	0.0960	0.0410	0.2034	0.1027	0.4143
000875	G	0.300778	0.175128	0.124798	0.1566	0.1759	0.0830	0.0310	0.1694	0.0670	0.4209
000876	N	0.197621	0.150622	0.120245	0.1566	0.1298	0.0780	0.0240	0.1389	0.0365	0.4332
000877	I	0.106634	0.142368	0.116981	0.1205	0.1323	0.0760	0.0230	0.1158	0.0211	0.4186
000878	V	0.069829	0.127631	0.116395	0.1416	0.1643	0.0700	0.0240	0.1150	0.0350	0.4158
000879	C	0.017845	0.122071	0.113921	0.1380	0.1349	0.0640	0.0200	0.0985	0.0435	0.4154
000880	R	0.017878	0.123502	0.110462	0.1456	0.2034	0.0640	0.0180	0.1107	0.0589	0.4136
000881	W	0.020280	0.129713	0.107235	0.1266	0.1969	0.0630	0.0190	0.1073	0.0554	0.4126
000882	N	0.020396	0.140156	0.106484	0.1805	0.2783	0.0640	0.0220	0.1317	0.0832	0.4318
000883	D	0.017335	0.170497	0.108076	0.1805	0.2399	0.0690	0.0270	0.1309	0.0743	0.4215
000884	N	0.021101	0.192652	0.110402	0.1766	0.2399	0.1050	0.0540	0.1409	0.0711	0.4079
000885	S	0.023451	0.224281	0.112095	0.1532	0.1643	0.1350	0.0650	0.1354	0.0607	0.3937
000886	V	0.026410	0.255500	0.116095	0.1532	0.1671	0.1520	0.0500	0.1451	0.0680	0.3821
000887	V	0.030248	0.289346	0.121782	0.1018	0.1791	0.1510	0.0470	0.1456	0.0792	0.3693
000888	T	0.047824	0.311621	0.128750	0.1566	0.1759	0.1910	0.0790	0.1686	0.0789	0.3525
000889	V	0.080628	0.352082	0.133342	0.2209	0.1554	0.2320	0.1010	0.1957	0.0867	0.3483
000890	A	0.129297	0.373987	0.136778	0.2255	0.1554	0.2310	0.0950	0.2087	0.0841	0.3449
000891	S	0.165826	0.389498	0.139762	0.1495	0.1115	0.2260	0.0990	0.1969	0.0928	0.3450
000892	S	0.203397	0.372822	0.142600	0.1495	0.1791	0.2170	0.1140	0.2107	0.0772	0.3497
000893	G	0.256625	0.349394	0.145541	0.1060	0.1702	0.1890	0.1040	0.2027	0.0799	0.3640
000894	A	0.313205	0.297819	0.149544	0.1060	0.1028	0.1420	0.0620	0.1853	0.0868	0.3827
000895	G	0.346763	0.252854	0.154550	0.1150	0.0948	0.1110	0.0350	0.1791	0.0913	0.4028
000896	I	0.386630	0.230564	0.159923	0.0660	0.1028	0.1110	0.0380	0.1762	0.1074	0.4258
000897	H	0.419279	0.209251	0.165718	0.0965	0.1449	0.1130	0.0430	0.1914	0.1082	0.4267
000898	P	0.465778	0.185682	0.171849	0.1322	0.1349	0.1190	0.0460	0.2015	0.1204	0.4176
000899	L	0.467955	0.163079	0.178339	0.1416	0.1323	0.1580	0.0670	0.2068	0.1177	0.4061
000900	C	0.483371	0.143094	0.184731	0.1266	0.1852	0.1670	0.0920	0.2150	0.1219	0.4031
000901	L	0.488184	0.139448	0.192155	0.1602	0.2129	0.1760	0.0950	0.2281	0.1186	0.3964
000902	V	0.472143	0.174061	0.200222	0.1635	0.1501	0.1660	0.0720	0.2210	0.1133	0.3989
000903	S	0.472656	0.217127	0.207821	0.1635	0.1611	0.1730	0.0520	0.2325	0.1095	0.4034
000904	R	0.531543	0.253045	0.215496	0.1088	0.1206	0.2210	0.0680	0.2417	0.1400	0.4096
000905	Y	0.566068	0.316093	0.222642	0.1380	0.1501	0.2670	0.0930	0.2767	0.1435	0.4185
000906	S	0.605389	0.391382	0.232002	0.0991	0.1583	0.2880	0.0890	0.2958	0.1667	0.4321
000907	Q	0.627665	0.451744	0.241005	0.1566	0.2575	0.3040	0.0840	0.3397	0.1564	0.4111
000908	K	0.682044	0.526637	0.251164	0.1566	0.2715	0.3060	0.0860	0.3657	0.1804	0.3960
000909	L	0.738178	0.585022	0.258534	0.1635	0.2129	0.2700	0.0860	0.3714	0.2127	0.3824
000910	K	0.797736	0.599517	0.267122	0.2432	0.2193	0.2140	0.0600	0.3902	0.2261	0.3690
000911	K	0.838616	0.643463	0.276520	0.2963	0.3019	0.1880	0.0580	0.4241	0.2341	0.3584
000912	K	0.878722	0.574366	0.289070	0.2963	0.3215	0.1750	0.0610	0.4226	0.2367	0.3469
000913	I	0.791785	0.541497	0.301329	0.3668	0.3053	0.1570	0.0520	0.4107	0.2047	0.3385
000914	Q	0.721459	0.482700	0.311449	0.3005	0.3215	0.1400	0.0650	0.3796	0.1822	0.3280
000915	V	0.628267	0.443939	0.317245	0.2167	0.3286	0.1250	0.0560	0.3433	0.1612	0.3189
000916	Q	0.524049	0.400663	0.319564	0.3146	0.3149	0.1130	0.0490	0.3311	0.1227	0.3058
000917	Q	0.414551	0.375196	0.316797	0.3184	0.2918	0.1030	0.0330	0.3032	0.0987	0.2982
000918	P	0.304965	0.333140	0.312426	0.2385	0.2817	0.1140	0.0460	0.2642	0.0732	0.2961
000919	N	0.203773	0.318707	0.305741	0.2041	0.2817	0.1180	0.0450	0.2386	0.0704	0.2943
000920	M	0.124149	0.296350	0.300308	0.2865	0.3019	0.1170	0.0440	0.2377	0.0830	0.2949
000921	I	0.030677	0.272282	0.293830	0.2820	0.3053	0.1160	0.0450	0.2167	0.1048	0.2909
000922	K	0.063864	0.242806	0.287502	0.2167	0.3087	0.1170	0.0450	0.2061	0.0883	0.2875
000923	V	0.095462	0.236524	0.280946	0.2167	0.2849	0.1140	0.0360	0.2047	0.0748	0.2847
000924	Y	0.125982	0.227693	0.274647	0.3053	0.3631	0.1250	0.0340	0.2369	0.0885	0.2823
000925	N	0.143244	0.208559	0.267088	0.2558	0.3566	0.1260	0.0300	0.2262	0.0783	0.2807
000926	Q	0.156951	0.189073	0.258481	0.3225	0.4292	0.1190	0.0240	0.2458	0.1056	0.2779
000927	F	0.157389	0.203008	0.249786	0.3146	0.3460	0.1310	0.0400	0.2337	0.0782	0.2806
000928	M	0.159849	0.222256	0.241210	0.3096	0.3426	0.1440	0.0530	0.2366	0.0722	0.2786
000929	G	0.163089	0.232260	0.233326	0.1921	0.3182	0.1730	0.0800	0.2186	0.0520	0.2706
000930	G	0.164946	0.283529	0.225527	0.1958	0.2328	0.2180	0.1010	0.2202	0.0362	0.2638
000931	V	0.143911	0.334359	0.218644	0.2292	0.2680	0.2490	0.1220	0.2405	0.0571	0.2578
000932	D	0.129751	0.352457	0.211341	0.2209	0.3182	0.3000	0.1410	0.2554	0.0756	0.2553
000933	R	0.125015	0.394593	0.204076	0.2122	0.3149	0.3480	0.1570	0.2665	0.0933	0.2535
000934	A	0.208751	0.452015	0.196862	0.2333	0.3019	0.3790	0.1190	0.2952	0.0936	0.2488
000935	D	0.305582	0.481878	0.189112	0.3053	0.3807	0.4250	0.1180	0.3479	0.0947	0.2463
000936	E	0.415734	0.469851	0.180407	0.1998	0.3667	0.4170	0.1270	0.3416	0.1114	0.2456
000937	N	0.520027	0.533493	0.168292	0.1844	0.3566	0.3880	0.1080	0.3584	0.1438	0.2480
000938	I	0.623202	0.527698	0.154458	0.2558	0.4541	0.3610	0.1330	0.3960	0.1589	0.2484
000939	D	0.723662	0.507058	0.138856	0.2820	0.3983	0.3590	0.1310	0.4015	0.1826	0.2500
000940	K	0.783997	0.478025	0.125475	0.2820	0.3215	0.3800	0.1310	0.3952	0.2038	0.2563
000941	Y	0.825629	0.442479	0.111825	0.1878	0.3182	0.4250	0.1460	0.3852	0.2299	0.2625
000942	R	0.818372	0.383185	0.098039	0.1698	0.3740	0.4500	0.1580	0.3823	0.2312	0.2648
000943	A	0.718500	0.346106	0.081519	0.1667	0.3910	0.5150	0.1480	0.3698	0.2113	0.2666
000944	S	0.608608	0.361415	0.064574	0.1602	0.3149	0.5580	0.1660	0.3447	0.1954	0.2691
000945	I	0.498053	0.383132	0.048545	0.2167	0.2715	0.5130	0.1580	0.3218	0.1631	0.2748
000946	R	0.389823	0.409660	0.036445	0.1456	0.1791	0.4850	0.1430	0.2742	0.1623	0.2796
000947	G	0.280557	0.444351	0.029321	0.0965	0.0967	0.4350	0.1280	0.2303	0.1664	0.2869
000948	K	0.171341	0.446441	0.025740	0.0526	0.0494	0.3470	0.1160	0.1821	0.1613	0.2912
000949	K	0.090121	0.382979	0.022303	0.0621	0.0780	0.2710	0.0960	0.1511	0.1302	0.2973
000950	W	0.022459	0.297122	0.018964	0.0308	0.0494	0.2180	0.0670	0.1061	0.1099	0.3022
000951	Y	0.003486	0.232790	0.015583	0.0308	0.0349	0.1580	0.0370	0.0793	0.0856	0.3044
000952	S	0.001587	0.160795	0.013800	0.0304	0.0364	0.1080	0.0220	0.0586	0.0570	0.3064
000953	S	0.000517	0.114242	0.013166	0.0179	0.0364	0.0850	0.0190	0.0446	0.0412	0.3142
000954	P	0.000147	0.079956	0.013859	0.0124	0.0443	0.0750	0.0210	0.0376	0.0312	0.3239
000955	L	0.000073	0.063119	0.014816	0.0137	0.0389	0.0770	0.0280	0.0345	0.0278	0.3337
000956	L	0.000068	0.043978	0.015838	0.0286	0.0341	0.0760	0.0350	0.0330	0.0236	0.3436
000957	F	0.000012	0.036689	0.017364	0.0245	0.0341	0.0650	0.0330	0.0296	0.0199	0.3515
000958	C	0.000024	0.032731	0.020005	0.0097	0.0227	0.0400	0.0150	0.0209	0.0134	0.3537
000959	F	0.000022	0.032182	0.023244	0.0102	0.0231	0.0320	0.0080	0.0201	0.0116	0.3663
000960	E	0.000020	0.032265	0.026358	0.0055	0.0231	0.0250	0.0060	0.0186	0.0117	0.3767
000961	L	0.000018	0.032456	0.029024	0.0083	0.0389	0.0260	0.0090	0.0225	0.0137	0.3919
000962	V	0.000018	0.035327	0.031608	0.0144	0.0380	0.0320	0.0150	0.0253	0.0136	0.4041
000963	L	0.000020	0.044628	0.034153	0.0141	0.0398	0.0380	0.0180	0.0285	0.0160	0.4176
000964	Q	0.000028	0.056256	0.037492	0.0075	0.0414	0.0490	0.0150	0.0319	0.0209	0.4193
000965	N	0.000158	0.077149	0.041336	0.0066	0.0356	0.0620	0.0170	0.0372	0.0276	0.4174
000966	A	0.000288	0.097832	0.045823	0.0116	0.0646	0.0780	0.0180	0.0497	0.0348	0.4168
000967	W	0.000277	0.120338	0.050935	0.0194	0.0704	0.1060	0.0230	0.0613	0.0432	0.4104
000968	Q	0.000407	0.156398	0.058031	0.0441	0.1251	0.1230	0.0350	0.0845	0.0543	0.4055
000969	L	0.000449	0.199418	0.066550	0.0405	0.1373	0.1540	0.0640	0.0998	0.0693	0.4024
000970	H	0.000670	0.246762	0.076466	0.0813	0.1583	0.1640	0.0670	0.1213	0.0787	0.3926
000971	K	0.002731	0.280478	0.088597	0.0441	0.1583	0.1390	0.0440	0.1189	0.0895	0.3876
000972	T	0.049243	0.309942	0.106206	0.0502	0.1373	0.1360	0.0390	0.1315	0.0875	0.3788
000973	Y	0.092528	0.372800	0.128771	0.0813	0.1852	0.1410	0.0430	0.1670	0.0981	0.3777
000974	D	0.119723	0.388858	0.155146	0.0832	0.2541	0.1340	0.0500	0.1892	0.1035	0.3707
000975	E	0.138658	0.410488	0.182347	0.0771	0.2541	0.1300	0.0570	0.1987	0.1090	0.3699
000976	K	0.157392	0.398386	0.208753	0.0771	0.1942	0.1130	0.0530	0.1915	0.1029	0.3742
000977	P	0.159362	0.394729	0.233222	0.0935	0.1702	0.0830	0.0330	0.1891	0.1047	0.3813
000978	V	0.162133	0.338282	0.256415	0.1380	0.1501	0.0660	0.0260	0.1852	0.0881	0.3938
000979	D	0.164343	0.305545	0.280671	0.1041	0.1476	0.0520	0.0150	0.1757	0.0906	0.4011
000980	F	0.174930	0.260158	0.305312	0.1240	0.1449	0.0540	0.0190	0.1772	0.0841	0.4109
000981	L	0.141942	0.234102	0.329379	0.1495	0.0967	0.0630	0.0250	0.1691	0.0891	0.4174
000982	E	0.110035	0.205135	0.351581	0.1117	0.0985	0.0850	0.0310	0.1604	0.0939	0.4211
000983	F	0.091126	0.188989	0.371993	0.0858	0.0985	0.1230	0.0520	0.1599	0.1010	0.4262
000984	R	0.080477	0.175374	0.391009	0.1456	0.1528	0.1510	0.0670	0.1828	0.0976	0.4255
000985	R	0.072423	0.162111	0.410476	0.1456	0.1476	0.1810	0.0960	0.1865	0.1057	0.4286
000986	R	0.085945	0.146802	0.431655	0.1380	0.1476	0.1990	0.1110	0.1915	0.1123	0.4309
000987	V	0.118451	0.161753	0.452515	0.1456	0.1643	0.2030	0.1230	0.2076	0.1124	0.4330
000988	V	0.157672	0.186159	0.472340	0.1266	0.1643	0.1920	0.1000	0.2165	0.1164	0.4317
000989	C	0.166508	0.197555	0.490503	0.2080	0.2129	0.1780	0.0960	0.2423	0.1122	0.4275
000990	H	0.221367	0.256223	0.508911	0.2292	0.2292	0.1800	0.0910	0.2708	0.1088	0.4255
000991	Y	0.284086	0.301011	0.526317	0.3184	0.3215	0.2270	0.1240	0.3298	0.0933	0.4213
000992	L	0.349775	0.362244	0.544354	0.4203	0.3910	0.2590	0.1520	0.3878	0.0859	0.4169
000993	E	0.414405	0.432572	0.564063	0.4203	0.3872	0.2930	0.1640	0.4186	0.0798	0.4111
000994	T	0.483781	0.510365	0.586652	0.5253	0.4864	0.3520	0.1700	0.4908	0.0708	0.4064
000995	H	0.520860	0.592123	0.610344	0.5374	0.4831	0.4260	0.1830	0.5283	0.0626	0.4037
000996	G	0.582607	0.656644	0.634533	0.5473	0.5017	0.5180	0.1510	0.5735	0.0572	0.4004
000997	H	0.641421	0.706469	0.658524	0.5549	0.5017	0.5790	0.1630	0.6071	0.0687	0.3980
000998	P	0.718049	0.710307	0.682104	0.6293	0.5620	0.6260	0.1570	0.6546	0.0547	0.3946
000999	P	0.750935	0.735893	0.703862	0.6789	0.6375	0.6260	0.1360	0.6888	0.0465	0.3920
001000	E	0.784012	0.735756	0.724168	0.7540	0.7951	0.6360	0.1320	0.7382	0.0520	0.3903
001001	P	0.819776	0.744716	0.743184	0.7540	0.7120	0.6310	0.1130	0.7341	0.0563	0.3890
001002	G	0.856626	0.772747	0.760242	0.8118	0.8050	0.6520	0.1020	0.7764	0.0636	0.3885
001003	Q	0.885061	0.792139	0.772047	0.8158	0.8713	0.6490	0.0890	0.7976	0.0775	0.3896
001004	K	0.941628	0.763391	0.778487	0.8200	0.8713	0.6170	0.1190	0.7987	0.1005	0.3926
001005	G	0.952502	0.764509	0.779231	0.8311	0.7916	0.6630	0.1020	0.7969	0.0864	0.3927
001006	R	0.958915	0.760781	0.777761	0.8391	0.7951	0.7230	0.1630	0.8090	0.0757	0.3943
001007	P	0.969819	0.746870	0.775596	0.7869	0.7951	0.6960	0.2290	0.7950	0.0848	0.3961
001008	Q	0.975351	0.747478	0.774545	0.7869	0.7120	0.6580	0.2880	0.7757	0.0989	0.3984
001009	K	0.972782	0.733036	0.773299	0.7605	0.6948	0.6430	0.3010	0.7629	0.1033	0.4040
001010	R	0.965643	0.711976	0.770052	0.7079	0.6661	0.6580	0.2820	0.7465	0.1046	0.4094
001011	N	0.958477	0.690041	0.765364	0.7111	0.5951	0.6970	0.2500	0.7361	0.1114	0.4153
001012	I	0.952439	0.678153	0.760134	0.6944	0.4940	0.6950	0.2570	0.7124	0.1350	0.4237
001013	D	0.888139	0.657524	0.754744	0.6604	0.4476	0.6850	0.2680	0.6822	0.1315	0.4306
001014	S	0.864681	0.643367	0.748260	0.6174	0.4409	0.6880	0.2880	0.6671	0.1293	0.4266
001015	R	0.842286	0.621254	0.740008	0.5667	0.4476	0.6650	0.2910	0.6471	0.1252	0.4161
001016	Y	0.759877	0.588000	0.728678	0.5667	0.4476	0.6550	0.2930	0.6243	0.1049	0.4065
001017	D	0.679681	0.547004	0.715800	0.5623	0.4409	0.6330	0.2730	0.5964	0.0916	0.4002
001018	G	0.582797	0.519323	0.703936	0.5296	0.4256	0.5550	0.1940	0.5527	0.0833	0.3925
001019	I	0.492807	0.505568	0.693752	0.5229	0.4220	0.5360	0.1760	0.5288	0.0822	0.3848
001020	N	0.417572	0.456036	0.683790	0.5173	0.4220	0.4760	0.1850	0.4955	0.0907	0.3824
001021	H	0.320879	0.442493	0.673458	0.4967	0.2988	0.4100	0.1770	0.4404	0.1243	0.3777
001022	V	0.276296	0.460146	0.663797	0.5008	0.2680	0.4060	0.1930	0.4292	0.1360	0.3799
001023	I	0.194539	0.497457	0.654274	0.3668	0.3356	0.3480	0.2080	0.3994	0.1440	0.3859
001024	V	0.113304	0.495290	0.643179	0.3359	0.2129	0.3200	0.1950	0.3535	0.1746	0.4012
001025	K	0.089694	0.508184	0.630344	0.3184	0.2129	0.3550	0.2200	0.3525	0.1785	0.4327
001026	Q	0.066983	0.505031	0.616589	0.1456	0.2094	0.3530	0.2160	0.3161	0.1957	0.3958
001027	G	0.059964	0.501493	0.602577	0.1805	0.2951	0.3300	0.2080	0.3283	0.1827	0.3576
001028	K	0.053688	0.488041	0.590250	0.1698	0.2951	0.3290	0.2070	0.3210	0.1805	0.3197
001029	Q	0.030131	0.482852	0.580503	0.1667	0.2988	0.2940	0.1740	0.3088	0.1836	0.2783
001030	T	0.035323	0.470664	0.572425	0.1805	0.2680	0.2610	0.1560	0.2981	0.1780	0.2352
001031	R	0.096050	0.466853	0.564047	0.1667	0.2609	0.2350	0.1540	0.2983	0.1647	0.2020
001032	C	0.098695	0.457007	0.554980	0.1018	0.1449	0.2100	0.1440	0.2613	0.1792	0.1722
001033	A	0.114994	0.452299	0.545094	0.1266	0.1881	0.1730	0.1180	0.2668	0.1681	0.1490
001034	E	0.124656	0.434342	0.534923	0.0441	0.2470	0.1320	0.0890	0.2529	0.1766	0.1226
001035	C	0.127967	0.419177	0.524563	0.0542	0.1731	0.1200	0.0710	0.2365	0.1727	0.1045
001036	H	0.131117	0.410720	0.516255	0.0526	0.1759	0.0970	0.0500	0.2305	0.1715	0.0966
001037	K	0.126680	0.390821	0.509274	0.0121	0.1298	0.0960	0.0560	0.2108	0.1769	0.0853
001038	N	0.122999	0.377173	0.504680	0.0118	0.1184	0.0890	0.0490	0.2041	0.1753	0.0767
001039	T	0.112515	0.360250	0.499914	0.0084	0.0817	0.0850	0.0480	0.1912	0.1765	0.0721
001040	T	0.051496	0.322763	0.495255	0.0075	0.0780	0.0940	0.0600	0.1749	0.1749	0.0713
001041	F	0.046173	0.288090	0.489571	0.0061	0.0568	0.1020	0.0650	0.1648	0.1710	0.0724
001042	R	0.026759	0.284820	0.483944	0.0049	0.0568	0.1200	0.0790	0.1628	0.1706	0.0674
001043	C	0.015056	0.284514	0.480004	0.0118	0.0518	0.1260	0.0750	0.1615	0.1702	0.0626
001044	E	0.016043	0.272175	0.478366	0.0131	0.0581	0.1240	0.0640	0.1602	0.1673	0.0580
001045	K	0.020265	0.254737	0.480691	0.0022	0.0414	0.1470	0.0810	0.1577	0.1685	0.0573
001046	C	0.026729	0.229357	0.485552	0.0084	0.0909	0.1710	0.1010	0.1686	0.1612	0.0573
001047	D	0.037354	0.235484	0.492650	0.0069	0.0592	0.1720	0.0980	0.1672	0.1657	0.0646
001048	V	0.062690	0.218577	0.499355	0.0075	0.0605	0.2070	0.1160	0.1760	0.1643	0.0797
001049	A	0.078236	0.214873	0.505627	0.0044	0.0581	0.2260	0.1200	0.1811	0.1660	0.0930
001050	L	0.089440	0.252416	0.511115	0.0040	0.0581	0.2830	0.1490	0.1996	0.1718	0.1012
001051	H	0.095670	0.265376	0.517837	0.0038	0.0555	0.2770	0.1520	0.2026	0.1739	0.0976
001052	V	0.100922	0.283052	0.524772	0.0075	0.0817	0.6020	0.1130	0.2667	0.2267	0.0918
001053	K	0.101814	0.342580	0.532910	0.0090	0.0646	0.6520	0.1350	0.2839	0.2443	0.0851
001054	C	0.110027	0.425130	0.541064	0.0526	0.1251	0.7210	0.1500	0.3292	0.2497	0.0786
001055	S	0.115264	0.478089	0.549475	0.0701	0.0985	0.7410	0.1570	0.3420	0.2599	0.0953
001056	V	0.143046	0.525367	0.556765	0.0965	0.0765	0.7460	0.1300	0.3573	0.2619	0.1138
001057	E	0.126700	0.574969	0.563405	0.3096	0.1643	0.7340	0.1110	0.4122	0.2261	0.1204
001058	Y	0.146667	0.595828	0.569665	0.3578	0.1298	0.8000	0.1090	0.4334	0.2448	0.1113
001059	H	0.123549	0.649129	0.572680	0.4458	0.1554	0.8430	0.0860	0.4649	0.2586	0.0942
001060	T	0.347969	0.643490	0.570872	0.5126	0.1424	0.7980	0.1170	0.5025	0.2103	0.0791
001061	E	0.085151	0.646282	0.568411	0.6035	0.1969	0.8080	0.0890	0.4846	0.2562	0.0687