RESNUM	RES	VL-XT	VSL2B	VL3	IUPred-S	IUPred-L	PONDRFIT	FITERROR	MDP	MDPERROR	ANCHOR2
000001	M	0.980189	0.969317	0.816246	0.9782	0.7080	0.9940	0.0050	0.9077	0.1079	0.5174
000002	S	0.978855	0.965632	0.813183	0.9653	0.6620	0.9970	0.0030	0.8970	0.1213	0.5071
000003	G	0.988169	0.962116	0.806517	0.9348	0.7331	0.9980	0.0030	0.9037	0.0991	0.5003
000004	A	0.969538	0.958671	0.797616	0.8920	0.7628	0.9950	0.0050	0.8959	0.0881	0.4952
000005	D	0.947174	0.952959	0.787476	0.8781	0.7672	0.9920	0.0080	0.8875	0.0850	0.4929
000006	R	0.942174	0.946603	0.777589	0.8626	0.7289	0.9920	0.0070	0.8749	0.0951	0.4873
000007	S	0.941727	0.943425	0.769868	0.8283	0.7799	0.9900	0.0080	0.8756	0.0863	0.4769
000008	P	0.939807	0.939803	0.763940	0.7540	0.7843	0.9920	0.0060	0.8624	0.0969	0.4693
000009	N	0.941020	0.937658	0.759570	0.7388	0.8013	0.9900	0.0100	0.8614	0.0980	0.4625
000010	A	0.941675	0.932523	0.756029	0.6944	0.7799	0.9940	0.0060	0.8497	0.1109	0.4605
000011	G	0.947077	0.931526	0.752709	0.6827	0.7505	0.9820	0.0210	0.8412	0.1158	0.4585
000012	A	0.957300	0.930258	0.748491	0.6827	0.7289	0.9780	0.0220	0.8376	0.1199	0.4583
000013	A	0.971675	0.927378	0.742595	0.6650	0.7036	0.9700	0.0310	0.8300	0.1291	0.4601
000014	P	0.980073	0.922074	0.736570	0.6293	0.6991	0.9640	0.0340	0.8219	0.1383	0.4614
000015	D	0.987103	0.917634	0.730622	0.6293	0.7036	0.9630	0.0340	0.8219	0.1390	0.4623
000016	S	0.963157	0.914234	0.723610	0.6035	0.5665	0.9590	0.0390	0.7883	0.1648	0.4620
000017	A	0.937490	0.905748	0.714433	0.5623	0.5807	0.9420	0.0550	0.7738	0.1623	0.4640
000018	P	0.919055	0.892989	0.703848	0.5084	0.5807	0.9170	0.0730	0.7537	0.1664	0.4663
000019	G	0.872661	0.882588	0.693756	0.5084	0.4476	0.9020	0.0850	0.7178	0.1837	0.4684
000020	Q	0.822125	0.874525	0.682640	0.5126	0.4541	0.8640	0.0890	0.7016	0.1674	0.4742
000021	A	0.750127	0.856347	0.669831	0.4749	0.5098	0.7820	0.1040	0.6739	0.1399	0.4774
000022	A	0.686809	0.835334	0.655562	0.4879	0.5098	0.6470	0.1010	0.6370	0.1160	0.4806
000023	V	0.603206	0.804414	0.641250	0.5296	0.5098	0.5680	0.1070	0.6094	0.0975	0.4818
000024	A	0.519469	0.783576	0.625589	0.5623	0.4476	0.5600	0.1060	0.5830	0.1044	0.4785
000025	S	0.457003	0.772704	0.608352	0.5126	0.3494	0.5980	0.0840	0.5497	0.1327	0.4753
000026	A	0.388824	0.730076	0.589828	0.4282	0.3321	0.6400	0.1030	0.5182	0.1440	0.4740
000027	Y	0.311959	0.708547	0.571488	0.3762	0.3426	0.6560	0.0870	0.4945	0.1572	0.4724
000028	Q	0.268791	0.679440	0.553066	0.4116	0.3774	0.5570	0.0730	0.4745	0.1358	0.4706
000029	R	0.230402	0.674835	0.533392	0.3847	0.2645	0.5660	0.0680	0.4423	0.1620	0.4685
000030	F	0.216611	0.655049	0.513300	0.3939	0.2364	0.6190	0.1030	0.4391	0.1719	0.4663
000031	E	0.194792	0.627563	0.493375	0.2865	0.2503	0.6380	0.1480	0.4151	0.1795	0.4607
000032	P	0.187551	0.617397	0.475656	0.2820	0.3019	0.5750	0.1190	0.4066	0.1592	0.4527
000033	R	0.179294	0.598975	0.459856	0.3263	0.3215	0.4970	0.0950	0.3972	0.1372	0.4465
000034	A	0.177602	0.571279	0.444761	0.4037	0.3740	0.4430	0.0780	0.4025	0.1179	0.4403
000035	Y	0.183585	0.533855	0.431290	0.4333	0.4119	0.4660	0.0910	0.4100	0.1086	0.4339
000036	L	0.188143	0.530390	0.418690	0.4245	0.3494	0.4280	0.0970	0.3899	0.1045	0.4283
000037	R	0.216920	0.524716	0.407384	0.4600	0.2752	0.4090	0.1140	0.3822	0.1053	0.4253
000038	N	0.285611	0.516785	0.394246	0.4513	0.3704	0.4110	0.1310	0.4049	0.0710	0.4244
000039	N	0.324503	0.497529	0.379364	0.3225	0.3840	0.4120	0.1410	0.3867	0.0591	0.4253
000040	Y	0.379880	0.481447	0.362458	0.3184	0.3910	0.4050	0.1310	0.3897	0.0493	0.4263
000041	A	0.458451	0.470103	0.345045	0.4078	0.4864	0.3450	0.1180	0.4188	0.0574	0.4303
000042	P	0.480429	0.460672	0.327003	0.3939	0.4149	0.3250	0.1110	0.4003	0.0597	0.4333
000043	P	0.509848	0.456640	0.309415	0.3762	0.3872	0.3190	0.1170	0.3931	0.0712	0.4290
000044	R	0.517210	0.451572	0.292836	0.3096	0.4186	0.3650	0.1270	0.3924	0.0789	0.4230
000045	G	0.528368	0.447513	0.277220	0.3311	0.3599	0.3370	0.1150	0.3802	0.0835	0.4160
000046	D	0.488081	0.451570	0.263127	0.4245	0.4409	0.2880	0.1090	0.3928	0.0852	0.4124
000047	L	0.402407	0.427687	0.249373	0.3992	0.4409	0.2580	0.1060	0.3630	0.0785	0.4071
000048	C	0.343360	0.402563	0.235877	0.3939	0.4409	0.2130	0.0870	0.3383	0.0855	0.4012
000049	N	0.264791	0.379629	0.220747	0.3225	0.3356	0.2010	0.0730	0.2874	0.0638	0.4000
000050	P	0.167431	0.358483	0.204407	0.3263	0.2609	0.1680	0.0580	0.2476	0.0745	0.3952
000051	N	0.126585	0.307200	0.188711	0.3096	0.3249	0.1470	0.0530	0.2339	0.0822	0.3908
000052	G	0.077028	0.265397	0.174734	0.2786	0.3599	0.1150	0.0410	0.2118	0.0984	0.3892
000053	V	0.049815	0.229051	0.162788	0.2255	0.3392	0.1020	0.0320	0.1848	0.0939	0.3890
000054	G	0.020737	0.208144	0.151504	0.2122	0.2224	0.0890	0.0290	0.1506	0.0741	0.3867
000055	P	0.015294	0.180966	0.142006	0.2080	0.2064	0.0830	0.0290	0.1393	0.0701	0.3898
000056	W	0.010478	0.158475	0.134813	0.1456	0.2094	0.0710	0.0270	0.1217	0.0641	0.3939
000057	K	0.005608	0.141570	0.129755	0.1150	0.2002	0.0570	0.0220	0.1081	0.0623	0.3890
000058	L	0.003147	0.126120	0.125296	0.1635	0.2783	0.0480	0.0190	0.1241	0.0873	0.3867
000059	R	0.002048	0.109209	0.120789	0.2483	0.3215	0.0440	0.0170	0.1409	0.1113	0.3838
000060	C	0.002324	0.091483	0.117401	0.2558	0.3117	0.0410	0.0150	0.1366	0.1114	0.3790
000061	L	0.002510	0.093230	0.115640	0.1698	0.2849	0.0420	0.0160	0.1180	0.0916	0.3832
000062	A	0.002505	0.106285	0.115659	0.1698	0.2783	0.0470	0.0180	0.1199	0.0884	0.3820
000063	Q	0.007761	0.119925	0.114991	0.1667	0.2817	0.0580	0.0140	0.1249	0.0863	0.3786
000064	T	0.013153	0.149989	0.113810	0.2167	0.2715	0.0770	0.0180	0.1403	0.0857	0.3744
000065	F	0.021134	0.189049	0.112772	0.2122	0.2002	0.0970	0.0240	0.1387	0.0683	0.3749
000066	A	0.029182	0.240555	0.112296	0.1292	0.1914	0.1110	0.0330	0.1355	0.0667	0.3697
000067	T	0.053160	0.280630	0.112181	0.1322	0.2034	0.1210	0.0420	0.1504	0.0729	0.3656
000068	G	0.099533	0.316667	0.111831	0.1380	0.2064	0.1190	0.0430	0.1652	0.0760	0.3709
000069	E	0.145523	0.323765	0.112757	0.1292	0.2752	0.1240	0.0520	0.1851	0.0826	0.3758
000070	V	0.183234	0.314049	0.114386	0.1266	0.2817	0.1280	0.0520	0.1913	0.0790	0.3831
000071	S	0.217536	0.298976	0.116267	0.1998	0.4017	0.1080	0.0410	0.2237	0.1023	0.3873
000072	G	0.308670	0.304606	0.117426	0.2558	0.4766	0.0910	0.0330	0.2591	0.1291	0.3862
000073	R	0.389534	0.306303	0.119762	0.3225	0.4441	0.1010	0.0340	0.2805	0.1286	0.3889
000074	T	0.454447	0.320309	0.122604	0.3053	0.3460	0.0950	0.0300	0.2740	0.1264	0.3962
000075	L	0.525257	0.332502	0.126289	0.2333	0.3529	0.0960	0.0310	0.2777	0.1460	0.4041
000076	I	0.575752	0.324353	0.128407	0.2333	0.3704	0.1000	0.0310	0.2888	0.1605	0.4042
000077	D	0.553093	0.315297	0.128889	0.2700	0.3249	0.0770	0.0180	0.2782	0.1538	0.4060
000078	I	0.530767	0.298570	0.128594	0.1998	0.3149	0.1010	0.0230	0.2622	0.1438	0.4085
000079	G	0.499733	0.272811	0.128809	0.1416	0.2918	0.0940	0.0200	0.2381	0.1382	0.4038
000080	S	0.465478	0.260980	0.131258	0.1292	0.1852	0.0890	0.0220	0.2102	0.1264	0.4000
000081	G	0.372402	0.244075	0.135378	0.1602	0.2328	0.0860	0.0230	0.2051	0.0926	0.3932
000082	P	0.298046	0.208842	0.140810	0.1117	0.2364	0.0820	0.0260	0.1796	0.0751	0.3874
000083	T	0.237117	0.194101	0.146541	0.1178	0.1501	0.0790	0.0250	0.1541	0.0509	0.3787
000084	V	0.164736	0.209161	0.152259	0.1117	0.1643	0.0720	0.0210	0.1457	0.0436	0.3736
000085	Y	0.102071	0.198882	0.157781	0.0677	0.1731	0.0690	0.0210	0.1281	0.0512	0.3636
000086	Q	0.088413	0.186801	0.162692	0.1205	0.1643	0.0630	0.0180	0.1310	0.0442	0.3550
000087	L	0.077012	0.185534	0.166395	0.1878	0.2328	0.0630	0.0170	0.1520	0.0616	0.3533
000088	L	0.072410	0.170714	0.168909	0.1178	0.1914	0.0610	0.0180	0.1304	0.0502	0.3486
000089	S	0.072849	0.135926	0.170832	0.1766	0.2680	0.0660	0.0150	0.1484	0.0686	0.3425
000090	A	0.071888	0.133679	0.172483	0.1416	0.2817	0.0750	0.0190	0.1460	0.0706	0.3389
000091	C	0.062260	0.145738	0.173823	0.1456	0.1914	0.0780	0.0250	0.1329	0.0472	0.3343
000092	S	0.066241	0.157676	0.174505	0.1602	0.1323	0.0760	0.0250	0.1279	0.0420	0.3428
000093	H	0.070684	0.188900	0.174458	0.0789	0.1251	0.0770	0.0240	0.1191	0.0478	0.3565
000094	F	0.073761	0.219173	0.173747	0.0514	0.0851	0.0740	0.0200	0.1129	0.0613	0.3752
000095	E	0.108557	0.230370	0.172418	0.0909	0.1251	0.0640	0.0220	0.1319	0.0551	0.3898
000096	D	0.127509	0.225514	0.170747	0.0991	0.1914	0.0720	0.0230	0.1477	0.0532	0.4028
000097	I	0.158679	0.222663	0.169150	0.0935	0.1914	0.0770	0.0210	0.1521	0.0514	0.4112
000098	T	0.187223	0.210989	0.168195	0.1322	0.2715	0.0820	0.0270	0.1754	0.0595	0.4128
000099	M	0.196334	0.192872	0.167534	0.1921	0.2680	0.0910	0.0340	0.1846	0.0521	0.4188
000100	T	0.205638	0.199741	0.166209	0.2080	0.2752	0.0970	0.0360	0.1919	0.0535	0.4224
000101	D	0.208854	0.199271	0.164022	0.1602	0.2951	0.0930	0.0340	0.1868	0.0610	0.4266
000102	F	0.217151	0.196874	0.161922	0.2167	0.3019	0.0990	0.0270	0.1988	0.0615	0.4264
000103	L	0.253862	0.226301	0.161032	0.1998	0.2292	0.0860	0.0170	0.1927	0.0558	0.4152
000104	E	0.273979	0.238000	0.160181	0.1532	0.2399	0.0840	0.0200	0.1916	0.0649	0.3982
000105	V	0.309192	0.235746	0.159727	0.1635	0.3460	0.1010	0.0240	0.2192	0.0867	0.3759
000106	N	0.342044	0.250927	0.159163	0.1532	0.3460	0.0880	0.0160	0.2233	0.0976	0.3523
000107	R	0.347397	0.256536	0.159573	0.1566	0.3566	0.0970	0.0190	0.2289	0.0989	0.3356
000108	Q	0.376870	0.251748	0.161043	0.2432	0.4330	0.0910	0.0290	0.2594	0.1172	0.3279
000109	E	0.393086	0.271643	0.162286	0.2748	0.4017	0.0960	0.0350	0.2666	0.1113	0.3261
000110	L	0.410545	0.297409	0.164369	0.3225	0.3286	0.1160	0.0440	0.2732	0.1013	0.3263
000111	G	0.400761	0.316884	0.165400	0.3005	0.3321	0.0980	0.0290	0.2690	0.1037	0.3326
000112	R	0.358328	0.326588	0.166354	0.2122	0.2224	0.0860	0.0250	0.2287	0.0921	0.3368
000113	W	0.304224	0.340155	0.165626	0.3005	0.3117	0.0930	0.0320	0.2526	0.0905	0.3530
000114	L	0.244212	0.326954	0.163797	0.2963	0.3460	0.0870	0.0240	0.2441	0.0922	0.3614
000115	Q	0.181514	0.318399	0.161255	0.2820	0.2436	0.0880	0.0200	0.2125	0.0775	0.3747
000116	E	0.147158	0.301805	0.158620	0.3225	0.2988	0.1120	0.0310	0.2235	0.0857	0.3944
000117	E	0.106037	0.301485	0.156505	0.2385	0.2988	0.1140	0.0340	0.2026	0.0812	0.4179
000118	P	0.077938	0.267958	0.155748	0.2602	0.2951	0.1060	0.0370	0.1939	0.0844	0.4299
000119	G	0.041029	0.264161	0.156256	0.2602	0.2575	0.0940	0.0320	0.1788	0.0883	0.4153
000120	A	0.042859	0.271793	0.157625	0.2292	0.1554	0.0820	0.0320	0.1565	0.0786	0.3993
000121	F	0.053126	0.267620	0.158400	0.3005	0.1528	0.0690	0.0230	0.1670	0.0919	0.3942
000122	N	0.044049	0.262452	0.158381	0.2122	0.0948	0.0580	0.0150	0.1384	0.0800	0.3937
000123	W	0.037464	0.250588	0.157472	0.1698	0.1048	0.0550	0.0130	0.1292	0.0726	0.3853
000124	S	0.033993	0.223071	0.156365	0.1732	0.1702	0.0500	0.0130	0.1345	0.0687	0.3896
000125	M	0.033830	0.180516	0.155210	0.2385	0.2364	0.0480	0.0130	0.1487	0.0819	0.3858
000126	Y	0.033739	0.148007	0.154218	0.2385	0.2258	0.0540	0.0230	0.1423	0.0775	0.3929
000127	S	0.033688	0.130617	0.153887	0.2255	0.2292	0.0560	0.0300	0.1381	0.0752	0.4032
000128	Q	0.033685	0.130287	0.155837	0.2167	0.1349	0.0620	0.0330	0.1222	0.0603	0.4146
000129	H	0.022188	0.153160	0.158603	0.1878	0.0676	0.0750	0.0340	0.1107	0.0592	0.4235
000130	A	0.002914	0.162461	0.161929	0.1117	0.0690	0.1040	0.0460	0.1021	0.0552	0.4262
000131	C	0.004945	0.170362	0.165955	0.0771	0.0888	0.1330	0.0590	0.1067	0.0575	0.4314
000132	L	0.009029	0.200906	0.172657	0.1240	0.1528	0.1530	0.0570	0.1354	0.0611	0.4332
000133	I	0.029216	0.233161	0.180740	0.1322	0.1583	0.1880	0.0700	0.1536	0.0635	0.4328
000134	E	0.087312	0.250055	0.188838	0.1998	0.2399	0.1870	0.0680	0.1921	0.0528	0.4217
000135	G	0.143790	0.269627	0.196638	0.1998	0.2503	0.1990	0.0710	0.2098	0.0408	0.4143
000136	K	0.243285	0.295098	0.206564	0.2209	0.2034	0.2030	0.0790	0.2286	0.0329	0.4038
000137	G	0.340898	0.307733	0.218161	0.3184	0.2849	0.2120	0.0840	0.2804	0.0490	0.4035
000138	E	0.451847	0.320284	0.233547	0.2432	0.2609	0.2420	0.1060	0.2920	0.0770	0.4009
000139	C	0.562515	0.354924	0.249842	0.2432	0.2436	0.2440	0.0880	0.3164	0.1172	0.4006
000140	W	0.669483	0.392684	0.267717	0.2333	0.1881	0.2550	0.0680	0.3343	0.1623	0.3984
000141	Q	0.776230	0.431143	0.283013	0.2531	0.2064	0.2610	0.0640	0.3684	0.1952	0.3872
000142	D	0.866898	0.445855	0.296959	0.2786	0.2918	0.2630	0.0580	0.4071	0.2144	0.3791
000143	K	0.919378	0.473966	0.307877	0.3456	0.3053	0.2370	0.0640	0.4315	0.2296	0.3620
000144	E	0.973684	0.445574	0.319578	0.4116	0.3087	0.2200	0.0820	0.4465	0.2468	0.3493
000145	R	0.984989	0.437372	0.334643	0.3535	0.3215	0.2090	0.0830	0.4402	0.2527	0.3421
000146	Q	0.998246	0.435550	0.352819	0.2786	0.2328	0.2070	0.1020	0.4175	0.2706	0.3398
000147	L	0.997580	0.432889	0.371084	0.3096	0.2503	0.2020	0.1050	0.4272	0.2660	0.3411
000148	R	0.996866	0.411901	0.385767	0.2333	0.1881	0.1870	0.0810	0.4005	0.2813	0.3386
000149	A	0.995915	0.380681	0.397674	0.2483	0.1702	0.1820	0.0620	0.3958	0.2825	0.3411
000150	R	0.970019	0.371368	0.407076	0.2820	0.2645	0.1940	0.0600	0.4148	0.2580	0.3402
000151	V	0.958260	0.346384	0.414216	0.3630	0.3840	0.1930	0.0490	0.4432	0.2408	0.3427
000152	K	0.893616	0.324913	0.421304	0.3630	0.3840	0.1830	0.0410	0.4283	0.2213	0.3495
000153	R	0.826050	0.332550	0.430083	0.3762	0.3983	0.1790	0.0390	0.4236	0.1971	0.3560
000154	V	0.783283	0.359399	0.442028	0.3762	0.3215	0.1790	0.0380	0.4102	0.1850	0.3698
000155	L	0.740973	0.371250	0.454811	0.3992	0.3087	0.1830	0.0390	0.4096	0.1708	0.3832
000156	P	0.724710	0.392605	0.467771	0.3263	0.2884	0.1870	0.0410	0.3977	0.1700	0.3906
000157	I	0.714972	0.434305	0.481234	0.3263	0.2849	0.2200	0.0500	0.4103	0.1620	0.3959
000158	D	0.713736	0.452911	0.495062	0.3668	0.3599	0.2670	0.0710	0.4425	0.1413	0.3987
000159	V	0.738218	0.482052	0.507868	0.3717	0.3983	0.3100	0.0890	0.4681	0.1377	0.4000
000160	H	0.749571	0.521938	0.519648	0.3992	0.3983	0.2810	0.0710	0.4782	0.1466	0.3996
000161	Q	0.814404	0.553612	0.529496	0.4282	0.4369	0.2730	0.0700	0.5060	0.1648	0.3996
000162	P	0.882201	0.584433	0.538948	0.4513	0.4186	0.2840	0.0720	0.5266	0.1854	0.4004
000163	Q	0.925012	0.624537	0.547022	0.4781	0.4541	0.2960	0.0850	0.5542	0.1936	0.4015
000164	P	0.967271	0.648997	0.556157	0.3939	0.4330	0.2970	0.0840	0.5495	0.2182	0.4058
000165	L	0.983779	0.670887	0.563689	0.4825	0.5139	0.3170	0.0870	0.5886	0.2059	0.4074
000166	G	0.993991	0.678020	0.568637	0.5173	0.5807	0.3210	0.0910	0.6099	0.2028	0.4078
000167	A	0.996061	0.687383	0.567474	0.5084	0.4541	0.3630	0.1160	0.5960	0.2047	0.4122
000168	G	0.990748	0.683202	0.561994	0.5412	0.4766	0.3680	0.1270	0.6036	0.1973	0.4170
000169	S	0.911210	0.674792	0.550613	0.4458	0.4582	0.3480	0.1090	0.5648	0.1847	0.4218
000170	P	0.813706	0.647866	0.536282	0.4379	0.4979	0.3370	0.0980	0.5450	0.1528	0.4289
000171	A	0.733228	0.629905	0.520482	0.4458	0.3872	0.3730	0.0960	0.5150	0.1304	0.4326
000172	P	0.666404	0.615249	0.506581	0.4037	0.3053	0.3760	0.1050	0.4788	0.1297	0.4245
000173	L	0.587931	0.588261	0.494953	0.2865	0.1969	0.4410	0.1050	0.4326	0.1468	0.4188
000174	P	0.518362	0.554449	0.484732	0.2080	0.2034	0.3980	0.1220	0.3945	0.1417	0.4132
000175	A	0.462953	0.512653	0.473245	0.1240	0.1554	0.3770	0.1360	0.3509	0.1549	0.4116
000176	D	0.416069	0.459381	0.457822	0.1998	0.1671	0.3490	0.1320	0.3416	0.1180	0.4114
000177	A	0.350680	0.414065	0.439572	0.1667	0.1611	0.3110	0.1030	0.3072	0.1095	0.4149
000178	L	0.358485	0.374945	0.421619	0.1322	0.2094	0.2430	0.0750	0.2899	0.1024	0.4207
000179	V	0.377644	0.323700	0.406977	0.1292	0.2193	0.1780	0.0610	0.2725	0.1033	0.4289
000180	S	0.363616	0.299300	0.394370	0.1532	0.1501	0.1590	0.0510	0.2532	0.1031	0.4335
000181	A	0.330656	0.261822	0.383799	0.1380	0.1115	0.1450	0.0450	0.2284	0.1038	0.4280
000182	F	0.309134	0.262522	0.375280	0.1018	0.1275	0.1270	0.0510	0.2172	0.1040	0.4209
000183	C	0.273959	0.262569	0.367752	0.0643	0.0555	0.1090	0.0500	0.1888	0.1186	0.4099
000184	L	0.222620	0.246779	0.359740	0.1117	0.0967	0.1040	0.0470	0.1902	0.0961	0.3961
000185	E	0.169360	0.283536	0.349545	0.0464	0.0765	0.1000	0.0400	0.1709	0.1111	0.3817
000186	A	0.140151	0.302436	0.338625	0.0621	0.0780	0.0960	0.0370	0.1696	0.1098	0.3648
000187	V	0.107809	0.298383	0.326982	0.0514	0.0424	0.0960	0.0400	0.1537	0.1150	0.3499
000188	S	0.081872	0.326224	0.313719	0.0502	0.0555	0.1060	0.0540	0.1555	0.1177	0.3415
000189	P	0.076842	0.325889	0.298690	0.0441	0.0909	0.1140	0.0570	0.1584	0.1110	0.3385
000190	D	0.083796	0.335814	0.281321	0.0744	0.0780	0.1370	0.0470	0.1651	0.1048	0.3370
000191	L	0.090981	0.340979	0.263434	0.0643	0.0835	0.1650	0.0470	0.1680	0.1024	0.3256
000192	A	0.091265	0.336651	0.246102	0.0395	0.1048	0.1440	0.0480	0.1604	0.1010	0.3176
000193	S	0.095652	0.343807	0.228701	0.0701	0.1229	0.1370	0.0480	0.1663	0.0935	0.3146
000194	F	0.095371	0.338355	0.210963	0.1150	0.1206	0.1150	0.0430	0.1659	0.0856	0.3143
000195	Q	0.095223	0.308908	0.191402	0.1041	0.1791	0.1050	0.0500	0.1640	0.0750	0.3189
000196	R	0.093670	0.260657	0.172938	0.0464	0.1914	0.1090	0.0520	0.1457	0.0706	0.3210
000197	A	0.087965	0.248738	0.156763	0.0514	0.2164	0.1040	0.0380	0.1442	0.0703	0.3321
000198	L	0.077290	0.220910	0.144035	0.1041	0.2849	0.0970	0.0250	0.1547	0.0745	0.3421
000199	D	0.059789	0.192486	0.133940	0.1041	0.2884	0.0780	0.0220	0.1428	0.0778	0.3477
000200	H	0.042031	0.191006	0.126221	0.0858	0.1823	0.0910	0.0280	0.1197	0.0533	0.3444
000201	I	0.036909	0.216224	0.120597	0.0771	0.1115	0.1080	0.0340	0.1116	0.0545	0.3373
000202	T	0.029279	0.219519	0.116169	0.0771	0.1115	0.0960	0.0300	0.1082	0.0575	0.3450
000203	T	0.019056	0.230085	0.112209	0.0554	0.0780	0.0910	0.0270	0.0977	0.0660	0.3478
000204	L	0.012527	0.260664	0.107974	0.0316	0.0799	0.0890	0.0290	0.0969	0.0803	0.3379
000205	L	0.051990	0.264360	0.105565	0.0363	0.1275	0.0840	0.0290	0.1116	0.0749	0.3258
000206	R	0.086825	0.244619	0.106106	0.0350	0.0749	0.0830	0.0290	0.1051	0.0660	0.3094
000207	P	0.088070	0.241196	0.109434	0.0304	0.0851	0.0850	0.0390	0.1065	0.0648	0.2979
000208	G	0.090823	0.217213	0.113864	0.0200	0.1092	0.0880	0.0470	0.1066	0.0583	0.2812
000209	G	0.092266	0.183238	0.118513	0.0455	0.1671	0.0730	0.0330	0.1133	0.0491	0.2673
000210	H	0.093050	0.161805	0.124894	0.0464	0.0929	0.0580	0.0160	0.0962	0.0389	0.2560
000211	L	0.096174	0.158166	0.132775	0.0526	0.0518	0.0580	0.0110	0.0916	0.0415	0.2463
000212	L	0.145839	0.139880	0.140184	0.0554	0.0555	0.0610	0.0090	0.0997	0.0424	0.2396
000213	L	0.166290	0.138312	0.145471	0.0336	0.0433	0.0700	0.0110	0.0995	0.0524	0.2288
000214	I	0.159383	0.141250	0.148460	0.0179	0.0414	0.0860	0.0180	0.0991	0.0547	0.2190
000215	G	0.148966	0.143803	0.151225	0.0286	0.0749	0.1070	0.0230	0.1091	0.0451	0.2198
000216	A	0.169658	0.139654	0.154565	0.0554	0.1028	0.1290	0.0320	0.1251	0.0375	0.2228
000217	L	0.193729	0.152898	0.158923	0.0643	0.1048	0.1410	0.0440	0.1359	0.0414	0.2290
000218	E	0.223175	0.162754	0.164795	0.0414	0.0518	0.1540	0.0600	0.1330	0.0651	0.2332
000219	E	0.275003	0.171491	0.173821	0.0363	0.0543	0.1710	0.0720	0.1469	0.0807	0.2381
000220	S	0.328199	0.183630	0.185188	0.0182	0.0349	0.1820	0.0790	0.1553	0.1045	0.2421
000221	W	0.348167	0.189880	0.196456	0.0212	0.0231	0.1930	0.0770	0.1620	0.1131	0.2440
000222	Y	0.404485	0.181895	0.205454	0.0259	0.0463	0.1970	0.0700	0.1768	0.1244	0.2461
000223	L	0.448796	0.182481	0.212365	0.0286	0.0506	0.1930	0.0580	0.1860	0.1372	0.2482
000224	A	0.509249	0.187728	0.217972	0.0587	0.0835	0.1840	0.0440	0.2069	0.1470	0.2480
000225	G	0.569614	0.179422	0.221945	0.0660	0.1476	0.1780	0.0410	0.2270	0.1604	0.2492
000226	E	0.624867	0.168053	0.225833	0.0643	0.1554	0.1720	0.0480	0.2351	0.1807	0.2462
000227	A	0.680085	0.172863	0.230904	0.0813	0.1914	0.1630	0.0550	0.2532	0.1961	0.2410
000228	R	0.717810	0.181303	0.238018	0.1456	0.2034	0.1700	0.0670	0.2759	0.1997	0.2347
000229	L	0.752898	0.197709	0.246694	0.1380	0.1881	0.1970	0.0890	0.2867	0.2108	0.2297
000230	T	0.775540	0.226662	0.255852	0.0858	0.1914	0.2200	0.0870	0.2925	0.2226	0.2215
000231	V	0.787856	0.278377	0.264114	0.0771	0.1671	0.2530	0.0890	0.3046	0.2270	0.2135
000232	V	0.798351	0.332612	0.271038	0.1456	0.1759	0.2900	0.0900	0.3355	0.2168	0.2064
000233	P	0.802795	0.396681	0.275869	0.1878	0.1942	0.3090	0.0750	0.3610	0.2099	0.2017
000234	V	0.807954	0.444254	0.280388	0.1998	0.2715	0.3660	0.0960	0.3949	0.2001	0.1936
000235	S	0.815370	0.496092	0.284693	0.1732	0.2951	0.3650	0.1110	0.4048	0.2076	0.1872
000236	E	0.819443	0.535092	0.289149	0.1602	0.2988	0.3810	0.1170	0.4140	0.2135	0.1806
000237	E	0.819995	0.571847	0.291054	0.1532	0.1942	0.3740	0.1060	0.4008	0.2316	0.1739
000238	E	0.819141	0.592197	0.289495	0.1844	0.2193	0.3370	0.1100	0.4069	0.2264	0.1674
000239	V	0.817519	0.592696	0.285450	0.1416	0.1583	0.3390	0.1000	0.3890	0.2425	0.1586
000240	R	0.813409	0.569747	0.279521	0.2167	0.2328	0.2900	0.0880	0.4004	0.2190	0.1486
000241	E	0.810193	0.515363	0.271231	0.1456	0.2399	0.2530	0.0770	0.3725	0.2257	0.1414
000242	A	0.801831	0.453061	0.260531	0.1958	0.2193	0.2010	0.0640	0.3552	0.2182	0.1360
000243	L	0.774613	0.399971	0.250201	0.2748	0.2817	0.1610	0.0560	0.3570	0.1994	0.1303
000244	V	0.735296	0.352298	0.241769	0.1635	0.2609	0.1360	0.0400	0.3150	0.2005	0.1217
000245	R	0.712760	0.319631	0.235127	0.2209	0.2364	0.1350	0.0440	0.3099	0.1880	0.1179
000246	S	0.690972	0.324140	0.228007	0.2209	0.1528	0.1340	0.0390	0.2918	0.1888	0.1162
000247	G	0.635519	0.319530	0.220031	0.1416	0.1162	0.1340	0.0390	0.2611	0.1811	0.1128
000248	Y	0.568598	0.294184	0.211290	0.0884	0.1275	0.1390	0.0430	0.2382	0.1620	0.1112
000249	K	0.506193	0.290813	0.201667	0.0643	0.0985	0.1080	0.0270	0.2115	0.1519	0.1118
000250	V	0.454687	0.279149	0.189296	0.1205	0.1449	0.0920	0.0230	0.2134	0.1233	0.1141
000251	R	0.423575	0.251554	0.175171	0.1041	0.0909	0.0830	0.0240	0.1880	0.1206	0.1196
000252	D	0.379460	0.223221	0.161607	0.0965	0.0870	0.0780	0.0230	0.1710	0.1061	0.1272
000253	L	0.340981	0.205515	0.150743	0.0643	0.1092	0.0730	0.0230	0.1573	0.0950	0.1324
000254	R	0.281931	0.184932	0.141938	0.1088	0.1702	0.0660	0.0220	0.1590	0.0675	0.1411
000255	T	0.227489	0.155430	0.134577	0.1495	0.1702	0.0610	0.0220	0.1497	0.0493	0.1547
000256	Y	0.207141	0.151369	0.128978	0.1602	0.1823	0.0550	0.0180	0.1476	0.0479	0.1635
000257	I	0.203167	0.146356	0.123791	0.1018	0.1969	0.0570	0.0200	0.1382	0.0513	0.1698
000258	M	0.189862	0.149790	0.117579	0.0991	0.1349	0.0610	0.0200	0.1254	0.0403	0.1803
000259	P	0.153295	0.166213	0.109729	0.1495	0.2094	0.0720	0.0230	0.1433	0.0434	0.1845
000260	A	0.103295	0.176791	0.100808	0.1018	0.2094	0.0990	0.0400	0.1318	0.0444	0.1852
000261	H	0.086424	0.181389	0.091833	0.1456	0.2094	0.1320	0.0570	0.1411	0.0444	0.1858
000262	L	0.074218	0.211659	0.083558	0.1495	0.1184	0.1420	0.0560	0.1298	0.0458	0.1810
000263	Q	0.065387	0.254626	0.075791	0.0935	0.0518	0.1370	0.0490	0.1130	0.0688	0.1793
000264	T	0.049807	0.280207	0.068750	0.0884	0.0734	0.1280	0.0400	0.1147	0.0778	0.1875
000265	G	0.041499	0.302110	0.060991	0.0490	0.0380	0.1280	0.0310	0.1034	0.0940	0.1907
000266	V	0.034257	0.321380	0.053263	0.0395	0.0287	0.1420	0.0390	0.1032	0.1049	0.1945
000267	D	0.026706	0.289568	0.044675	0.0363	0.0531	0.1410	0.0360	0.0985	0.0933	0.2024
000268	D	0.034458	0.246225	0.037026	0.0455	0.0929	0.1520	0.0500	0.1013	0.0767	0.2085
000269	V	0.052495	0.203235	0.031097	0.0607	0.0749	0.1290	0.0460	0.0919	0.0581	0.2105
000270	K	0.073858	0.157856	0.027072	0.0478	0.0618	0.0910	0.0320	0.0766	0.0415	0.2172
000271	G	0.095280	0.107617	0.024763	0.0336	0.0433	0.0670	0.0220	0.0619	0.0310	0.2269
000272	V	0.115116	0.093068	0.023449	0.0350	0.0414	0.0590	0.0080	0.0612	0.0327	0.2339
000273	F	0.136062	0.071235	0.023358	0.0350	0.0581	0.0880	0.0430	0.0687	0.0371	0.2456
000274	F	0.150808	0.061281	0.023385	0.0441	0.0414	0.1440	0.0710	0.0775	0.0507	0.2447
000275	A	0.166281	0.081094	0.023295	0.0587	0.0294	0.1700	0.0970	0.0880	0.0596	0.2283
000276	W	0.194988	0.129605	0.023325	0.0789	0.0223	0.1980	0.0830	0.1079	0.0725	0.2116
000277	A	0.217773	0.194500	0.023654	0.1635	0.0275	0.2830	0.1700	0.1516	0.0960	0.1841
000278	Q	0.239728	0.289712	0.024316	0.1958	0.0181	0.2840	0.1450	0.1752	0.1132	0.1739
000279	K	0.254824	0.414865	0.024840	0.2385	0.0117	0.4300	0.1410	0.2291	0.1656	0.1655
000280	V	0.300931	0.551264	0.025249	0.3578	0.0141	0.5460	0.1000	0.2992	0.2177	0.1574
000281	G	0.284556	0.614807	0.026082	0.4078	0.0102	0.6400	0.0820	0.3305	0.2516	0.1481
000282	L	0.365716	0.697573	0.026454	0.4513	0.0074	0.7370	0.0670	0.3809	0.2879	0.1362