RESNUM	RES	VL-XT	VSL2B	VL3	IUPred-S	IUPred-L	PONDRFIT	FITERROR	MDP	MDPERROR	ANCHOR2
000001	M	0.591443	0.824181	0.629737	0.8781	0.3460	0.9870	0.0060	0.7093	0.2124	0.7109
000002	W	0.569360	0.779858	0.626968	0.8457	0.3840	0.9690	0.0250	0.6959	0.1925	0.7055
000003	K	0.269112	0.733836	0.621284	0.7688	0.3460	0.9730	0.0130	0.6187	0.2443	0.6905
000004	S	0.429639	0.673815	0.609874	0.7342	0.3872	0.9640	0.0260	0.6332	0.1933	0.6864
000005	V	0.352143	0.608546	0.597514	0.6557	0.4186	0.9690	0.0200	0.6003	0.1974	0.6826
000006	V	0.304016	0.543954	0.585526	0.6293	0.4582	0.9700	0.0150	0.5818	0.2028	0.6729
000007	G	0.253747	0.495486	0.576424	0.5802	0.4831	0.9490	0.0330	0.5563	0.2064	0.6474
000008	H	0.243345	0.471948	0.570832	0.5514	0.5098	0.9350	0.0410	0.5470	0.2042	0.6288
000009	D	0.230810	0.464807	0.566546	0.5229	0.5342	0.9340	0.0530	0.5422	0.2071	0.6160
000010	V	0.239241	0.464533	0.564032	0.4825	0.4582	0.8780	0.1050	0.5145	0.1903	0.6041
000011	S	0.238057	0.507976	0.562610	0.4513	0.4801	0.9250	0.0710	0.5276	0.2048	0.5889
000012	V	0.289721	0.530379	0.563208	0.4116	0.4979	0.8980	0.0710	0.5318	0.1868	0.5782
000013	S	0.313119	0.552842	0.565445	0.4825	0.5992	0.8340	0.0500	0.5578	0.1547	0.5607
000014	V	0.337257	0.557181	0.568967	0.5043	0.6531	0.7980	0.0570	0.5698	0.1399	0.5535
000015	E	0.380930	0.573850	0.573427	0.5126	0.6576	0.7330	0.0620	0.5719	0.1105	0.5343
000016	T	0.429199	0.578883	0.576493	0.5711	0.6043	0.7340	0.0690	0.5823	0.0885	0.5138
000017	Q	0.464762	0.596904	0.577640	0.6174	0.6043	0.7100	0.0530	0.5951	0.0719	0.5095
000018	G	0.484622	0.596175	0.575442	0.5514	0.6089	0.6610	0.0940	0.5795	0.0540	0.5168
000019	D	0.538177	0.582638	0.570341	0.5331	0.6089	0.5760	0.1070	0.5682	0.0260	0.5233
000020	D	0.585384	0.575181	0.561837	0.5229	0.5296	0.5240	0.0970	0.5498	0.0254	0.5288
000021	W	0.627094	0.566359	0.549756	0.5711	0.5854	0.4440	0.0720	0.5574	0.0559	0.5418
000022	D	0.667037	0.539673	0.536133	0.5253	0.5992	0.3920	0.0830	0.5432	0.0833	0.5438
000023	T	0.699483	0.521537	0.522473	0.5667	0.6482	0.3410	0.1060	0.5499	0.1137	0.5447
000024	D	0.664817	0.517352	0.510926	0.5846	0.6576	0.3500	0.1270	0.5475	0.1069	0.5519
000025	P	0.630151	0.489321	0.498315	0.6219	0.7289	0.3250	0.1130	0.5489	0.1295	0.5589
000026	D	0.591659	0.459422	0.488474	0.6219	0.7163	0.3490	0.1140	0.5378	0.1198	0.5675
000027	F	0.551443	0.459104	0.480924	0.6412	0.6089	0.3890	0.1150	0.5217	0.0875	0.5726
000028	V	0.504130	0.474625	0.477638	0.6174	0.5992	0.3580	0.1000	0.5052	0.0863	0.5676
000029	N	0.462307	0.474138	0.473662	0.5412	0.5758	0.3770	0.1120	0.4841	0.0629	0.5527
000030	D	0.420966	0.500974	0.468369	0.5473	0.5577	0.3860	0.1190	0.4802	0.0626	0.5470
000031	I	0.393657	0.527024	0.460494	0.5296	0.5493	0.4300	0.1240	0.4817	0.0574	0.5405
000032	S	0.386482	0.528394	0.452017	0.5711	0.5807	0.4000	0.1210	0.4864	0.0780	0.5215
000033	E	0.419561	0.532178	0.447823	0.5583	0.5854	0.4340	0.1380	0.4962	0.0648	0.5175
000034	K	0.490567	0.540499	0.449913	0.5173	0.5807	0.4280	0.1170	0.5011	0.0520	0.5149
000035	E	0.572482	0.541318	0.458933	0.5229	0.5758	0.4060	0.1060	0.5129	0.0616	0.5162
000036	Q	0.655114	0.538317	0.471910	0.5043	0.5456	0.4310	0.1000	0.5244	0.0703	0.5202
000037	R	0.696024	0.546822	0.486864	0.5043	0.5342	0.4260	0.0950	0.5324	0.0828	0.5266
000038	W	0.745586	0.541500	0.500977	0.5623	0.6375	0.3950	0.0880	0.5638	0.1092	0.5360
000039	G	0.772267	0.548709	0.512253	0.5846	0.7036	0.3460	0.0960	0.5778	0.1371	0.5329
000040	A	0.777580	0.557846	0.522417	0.5846	0.7036	0.3320	0.1040	0.5797	0.1411	0.5314
000041	K	0.775749	0.576409	0.530639	0.5762	0.6227	0.3400	0.1090	0.5702	0.1289	0.5190
000042	T	0.725493	0.585289	0.537592	0.6334	0.7120	0.3360	0.1250	0.5883	0.1307	0.5199
000043	I	0.633280	0.588664	0.544557	0.5802	0.6375	0.3570	0.1370	0.5569	0.0947	0.5298
000044	E	0.540185	0.601523	0.552125	0.5623	0.6375	0.3330	0.1250	0.5377	0.0974	0.5329
000045	G	0.507318	0.604259	0.560630	0.5296	0.6620	0.3710	0.1350	0.5391	0.0906	0.5409
000046	S	0.464915	0.613686	0.568337	0.5331	0.5758	0.4430	0.1540	0.5332	0.0609	0.5448
000047	G	0.416436	0.614008	0.577536	0.5331	0.5493	0.4810	0.1750	0.5285	0.0645	0.5563
000048	R	0.385221	0.613787	0.588001	0.5043	0.5665	0.4720	0.1770	0.5216	0.0778	0.5626
000049	T	0.396679	0.607370	0.601459	0.5623	0.6620	0.4790	0.1780	0.5514	0.0887	0.5700
000050	E	0.424165	0.604438	0.616375	0.5549	0.5992	0.4410	0.1530	0.5401	0.0784	0.5891
000051	H	0.500936	0.590511	0.632363	0.5667	0.6183	0.4040	0.1150	0.5521	0.0786	0.6217
000052	I	0.580736	0.584052	0.648826	0.5374	0.6375	0.3930	0.1140	0.5635	0.0850	0.6535
000053	N	0.656947	0.553083	0.664789	0.5473	0.6482	0.3710	0.1130	0.5735	0.1025	0.6596
000054	I	0.669208	0.547186	0.681855	0.5941	0.7289	0.3800	0.1150	0.6001	0.1151	0.6658
000055	H	0.693704	0.550486	0.699112	0.5846	0.7250	0.3710	0.1300	0.6039	0.1221	0.6639
000056	Q	0.732612	0.570787	0.718028	0.5941	0.6712	0.4000	0.1390	0.6144	0.1127	0.6522
000057	L	0.759274	0.585335	0.736943	0.5941	0.5951	0.4540	0.1690	0.6209	0.1024	0.6446
000058	R	0.772902	0.631043	0.754885	0.5473	0.5807	0.4350	0.1710	0.6203	0.1174	0.6271
000059	N	0.782988	0.650894	0.770650	0.5229	0.5758	0.4090	0.1660	0.6187	0.1329	0.6146
000060	K	0.793855	0.677209	0.785476	0.5229	0.5665	0.4370	0.1740	0.6304	0.1330	0.6031
000061	V	0.807133	0.693375	0.800075	0.5229	0.5620	0.4320	0.1340	0.6362	0.1411	0.5938
000062	S	0.824906	0.707686	0.816246	0.5173	0.5254	0.4670	0.1170	0.6431	0.1459	0.5642
000063	E	0.847992	0.720721	0.832315	0.5623	0.5992	0.4610	0.1070	0.6705	0.1421	0.5450
000064	E	0.879815	0.731847	0.846915	0.5473	0.5854	0.4420	0.1110	0.6722	0.1599	0.5384
000065	H	0.878312	0.733549	0.858406	0.5900	0.6620	0.4580	0.1080	0.6968	0.1471	0.5359
000066	D	0.875074	0.739552	0.867031	0.5802	0.6906	0.4910	0.1070	0.7073	0.1402	0.5339
000067	V	0.863652	0.752459	0.872574	0.5667	0.6620	0.5120	0.1270	0.7050	0.1376	0.5379
000068	L	0.852682	0.759314	0.875947	0.6374	0.7120	0.5200	0.1340	0.7263	0.1225	0.5314
000069	R	0.791519	0.770893	0.877770	0.6412	0.7163	0.4890	0.1390	0.7144	0.1240	0.5215
000070	K	0.739792	0.777568	0.879862	0.6255	0.7120	0.4900	0.1360	0.7042	0.1221	0.5133
000071	K	0.686938	0.782311	0.882036	0.6255	0.7250	0.5220	0.1450	0.7039	0.1139	0.5124
000072	E	0.691907	0.785274	0.885304	0.6715	0.6948	0.5390	0.1680	0.7113	0.1063	0.5124
000073	M	0.654774	0.796058	0.889794	0.6715	0.6948	0.5740	0.1690	0.7134	0.1025	0.5305
000074	E	0.649505	0.802526	0.893511	0.6124	0.6906	0.5760	0.1790	0.7041	0.1107	0.5313
000075	S	0.644547	0.812746	0.895330	0.6219	0.6712	0.5890	0.1790	0.7058	0.1103	0.5353
000076	G	0.583472	0.814257	0.894399	0.6035	0.5493	0.5950	0.1680	0.6733	0.1312	0.5342
000077	P	0.580562	0.821502	0.892690	0.5941	0.5493	0.5590	0.1810	0.6662	0.1373	0.5489
000078	K	0.631980	0.809953	0.891143	0.5623	0.5493	0.5600	0.1990	0.6674	0.1343	0.5608
000079	A	0.640365	0.803894	0.889280	0.6079	0.6322	0.5430	0.2030	0.6861	0.1202	0.5846
000080	S	0.648971	0.790436	0.886726	0.5711	0.6322	0.5080	0.1970	0.6730	0.1286	0.6049
000081	H	0.579028	0.770834	0.882398	0.5762	0.6531	0.5150	0.1720	0.6627	0.1268	0.6219
000082	G	0.592415	0.756859	0.879015	0.5711	0.6576	0.5340	0.1700	0.6651	0.1195	0.6238
000083	Y	0.600010	0.760964	0.876460	0.5846	0.6136	0.5630	0.1590	0.6664	0.1138	0.6231
000084	G	0.601491	0.751070	0.875786	0.6035	0.6531	0.5410	0.1630	0.6710	0.1118	0.6160
000085	G	0.603563	0.770527	0.873923	0.5846	0.6269	0.5910	0.1660	0.6751	0.1091	0.6157
000086	R	0.546359	0.766828	0.871297	0.5900	0.6322	0.6350	0.1480	0.6737	0.1112	0.6132
000087	F	0.485515	0.762158	0.868163	0.5802	0.6089	0.6650	0.1450	0.6617	0.1246	0.6134
000088	G	0.467023	0.777468	0.864420	0.5549	0.5176	0.6040	0.1430	0.6309	0.1427	0.6010
000089	V	0.434700	0.773219	0.860192	0.5331	0.5296	0.5830	0.1260	0.6190	0.1487	0.5956
000090	E	0.432987	0.768982	0.853746	0.5126	0.5577	0.5420	0.1420	0.6114	0.1488	0.5775
000091	R	0.380393	0.760343	0.846335	0.5043	0.5665	0.5560	0.1570	0.6023	0.1564	0.5713
000092	D	0.347564	0.759712	0.839028	0.5043	0.4864	0.5600	0.1730	0.5829	0.1675	0.5642
000093	R	0.332011	0.757745	0.832662	0.5043	0.4409	0.5790	0.1790	0.5745	0.1741	0.5712
000094	M	0.390218	0.749535	0.828334	0.5008	0.4940	0.5600	0.1730	0.5872	0.1529	0.5823
000095	D	0.443553	0.747243	0.824294	0.4556	0.5017	0.5340	0.1910	0.5843	0.1472	0.5878
000096	K	0.499214	0.739982	0.820442	0.4282	0.4541	0.5160	0.1790	0.5763	0.1488	0.5914
000097	S	0.548795	0.733262	0.816034	0.4379	0.4685	0.5180	0.1570	0.5872	0.1392	0.5996
000098	A	0.593526	0.724308	0.811882	0.4651	0.5456	0.5380	0.1440	0.6130	0.1186	0.6046
000099	V	0.631789	0.725440	0.808639	0.4703	0.5533	0.5260	0.1410	0.6193	0.1172	0.6077
000100	G	0.631882	0.722409	0.806099	0.5008	0.6089	0.4760	0.1410	0.6244	0.1156	0.6045
000101	H	0.608707	0.715287	0.803525	0.5043	0.5992	0.4610	0.1320	0.6153	0.1169	0.6094
000102	E	0.573502	0.714128	0.799430	0.5043	0.6269	0.4410	0.1070	0.6100	0.1211	0.6055
000103	Y	0.555868	0.715931	0.793720	0.4967	0.6183	0.4590	0.1120	0.6066	0.1180	0.6047
000104	V	0.499588	0.722562	0.785821	0.5084	0.6322	0.3800	0.1000	0.5880	0.1395	0.5935
000105	A	0.446544	0.718798	0.777362	0.5253	0.6427	0.3620	0.1120	0.5788	0.1474	0.5744
000106	E	0.373649	0.717876	0.768834	0.5229	0.6183	0.3510	0.1180	0.5588	0.1589	0.5589
000107	V	0.319435	0.717645	0.761431	0.5008	0.6183	0.3640	0.1090	0.5469	0.1672	0.5508
000108	E	0.266533	0.714854	0.755251	0.4749	0.6183	0.3200	0.1130	0.5250	0.1866	0.5319
000109	K	0.235295	0.713361	0.750722	0.4825	0.5342	0.3440	0.1040	0.5100	0.1842	0.5158
000110	H	0.206477	0.719648	0.748282	0.5173	0.5854	0.3670	0.0970	0.5240	0.1906	0.5100
000111	S	0.176303	0.716942	0.747540	0.4458	0.5854	0.4170	0.1030	0.5148	0.1953	0.4999
000112	S	0.107258	0.713895	0.748081	0.4282	0.5665	0.4340	0.1110	0.4997	0.2142	0.4862
000113	Q	0.081169	0.719267	0.748775	0.4203	0.4801	0.4280	0.1120	0.4796	0.2217	0.4730
000114	T	0.072681	0.720150	0.749330	0.4825	0.5533	0.4140	0.1020	0.4987	0.2250	0.4626
000115	D	0.078331	0.717513	0.750473	0.4556	0.5533	0.4010	0.1080	0.4927	0.2244	0.4576
000116	A	0.119803	0.721878	0.752830	0.4825	0.5807	0.4060	0.1220	0.5106	0.2132	0.4615
000117	A	0.164227	0.724512	0.755581	0.4333	0.5707	0.4390	0.1370	0.5145	0.2002	0.4623
000118	K	0.216924	0.718495	0.757263	0.4879	0.6322	0.4450	0.1410	0.5429	0.1843	0.4577
000119	G	0.310793	0.715506	0.758257	0.4825	0.6227	0.4660	0.1510	0.5592	0.1551	0.4595
000120	F	0.406203	0.717665	0.759551	0.4967	0.6136	0.4630	0.1470	0.5761	0.1311	0.4606
000121	G	0.502103	0.717233	0.761609	0.4879	0.6089	0.4130	0.1420	0.5818	0.1259	0.4526
000122	G	0.593445	0.718918	0.764236	0.4651	0.5951	0.4200	0.1380	0.5928	0.1235	0.4483
000123	K	0.666835	0.712804	0.765689	0.4703	0.5951	0.4270	0.1240	0.6063	0.1232	0.4448
000124	Y	0.678437	0.716019	0.766166	0.4458	0.5577	0.4190	0.1220	0.5973	0.1325	0.4458
000125	G	0.640372	0.723938	0.764707	0.4458	0.5098	0.3800	0.1130	0.5775	0.1422	0.4403
000126	V	0.578454	0.725155	0.763229	0.4203	0.5055	0.3760	0.1200	0.5615	0.1444	0.4382
000127	E	0.547388	0.722758	0.761256	0.4037	0.4409	0.3540	0.1190	0.5384	0.1556	0.4271
000128	R	0.475151	0.723926	0.758898	0.4245	0.4582	0.3550	0.1430	0.5326	0.1526	0.4258
000129	D	0.393500	0.725389	0.757117	0.3668	0.4017	0.3590	0.1510	0.5005	0.1711	0.4270
000130	R	0.304593	0.731186	0.755852	0.3717	0.3948	0.3610	0.1640	0.4865	0.1839	0.4321
000131	A	0.283956	0.723438	0.756436	0.3806	0.4725	0.3400	0.1480	0.4929	0.1837	0.4352
000132	D	0.254039	0.724985	0.756738	0.3762	0.4801	0.3520	0.1430	0.4906	0.1890	0.4383
000133	K	0.283868	0.711579	0.758077	0.3762	0.4330	0.3650	0.1240	0.4879	0.1804	0.4412
000134	S	0.342483	0.719851	0.759562	0.3847	0.4507	0.3760	0.1100	0.5055	0.1691	0.4495
000135	A	0.361872	0.723615	0.761925	0.4037	0.5139	0.3940	0.1210	0.5265	0.1603	0.4544
000136	V	0.361071	0.725077	0.763601	0.4037	0.5296	0.3870	0.1150	0.5283	0.1621	0.4576
000137	G	0.340229	0.725806	0.762929	0.4379	0.5807	0.3810	0.1140	0.5381	0.1640	0.4565
000138	F	0.330318	0.707769	0.759409	0.4333	0.5707	0.4080	0.1220	0.5350	0.1580	0.4588
000139	D	0.323893	0.709407	0.751639	0.4203	0.5901	0.3990	0.1170	0.5323	0.1616	0.4532
000140	Y	0.253844	0.709357	0.741717	0.4078	0.5758	0.4380	0.1200	0.5211	0.1724	0.4491
000141	K	0.193549	0.710623	0.729887	0.4245	0.5807	0.4010	0.1260	0.5067	0.1883	0.4381
000142	G	0.137087	0.704144	0.718713	0.4379	0.5176	0.4310	0.1410	0.4911	0.1956	0.4301
000143	E	0.063631	0.699764	0.709085	0.4333	0.5139	0.4370	0.1350	0.4762	0.2157	0.4274
000144	V	0.044986	0.701193	0.701616	0.3717	0.5211	0.4540	0.1370	0.4657	0.2237	0.4257
000145	E	0.027502	0.703428	0.696499	0.3717	0.5211	0.3870	0.1310	0.4512	0.2304	0.4180
000146	K	0.047434	0.706674	0.692248	0.3885	0.4582	0.4120	0.1360	0.4509	0.2206	0.4111
000147	H	0.063804	0.713660	0.688955	0.4282	0.5017	0.4480	0.1200	0.4740	0.2143	0.4117
000148	T	0.090069	0.702234	0.685751	0.3578	0.5017	0.4960	0.1280	0.4723	0.2078	0.4106
000149	S	0.110786	0.701247	0.683862	0.4245	0.5951	0.4860	0.1440	0.5003	0.2003	0.4105
000150	Q	0.129724	0.701576	0.682293	0.4149	0.5098	0.4640	0.1670	0.4838	0.1906	0.4127
000151	K	0.147717	0.693995	0.680401	0.4781	0.5901	0.4350	0.1870	0.5042	0.1858	0.4163
000152	D	0.171924	0.685632	0.678118	0.4245	0.5456	0.4490	0.2090	0.4925	0.1751	0.4239
000153	Y	0.196131	0.680945	0.676158	0.4282	0.5577	0.4240	0.2150	0.4939	0.1684	0.4333
000154	S	0.211986	0.675491	0.674738	0.3885	0.5382	0.3790	0.1910	0.4780	0.1683	0.4360
000155	R	0.232262	0.656322	0.672306	0.4379	0.5992	0.3630	0.1790	0.4935	0.1623	0.4366
000156	G	0.305363	0.641523	0.668908	0.4282	0.5758	0.3760	0.1790	0.4992	0.1371	0.4399
000157	F	0.371546	0.632305	0.664749	0.4420	0.4940	0.3960	0.1730	0.5001	0.1121	0.4425
000158	G	0.385975	0.620411	0.660696	0.4282	0.4864	0.3640	0.1590	0.4910	0.1130	0.4406
000159	G	0.374352	0.610218	0.656980	0.3456	0.4801	0.3540	0.1600	0.4702	0.1244	0.4409
000160	R	0.404463	0.592746	0.652574	0.3491	0.4619	0.3280	0.1690	0.4648	0.1206	0.4403
000161	Y	0.387931	0.581772	0.647285	0.3263	0.4292	0.3240	0.1720	0.4494	0.1236	0.4414
000162	G	0.362953	0.588681	0.640642	0.3146	0.3872	0.3150	0.1750	0.4349	0.1305	0.4377
000163	V	0.343282	0.588773	0.635079	0.2963	0.3872	0.3280	0.1870	0.4298	0.1322	0.4376
000164	E	0.365749	0.587219	0.628644	0.3184	0.3910	0.3200	0.1910	0.4352	0.1253	0.4301
000165	K	0.335390	0.588172	0.621391	0.3184	0.3910	0.3230	0.1970	0.4296	0.1265	0.4315
000166	D	0.316647	0.582412	0.614287	0.2531	0.3286	0.3080	0.1900	0.4005	0.1422	0.4360
000167	K	0.286314	0.583531	0.609444	0.2602	0.3215	0.2950	0.1860	0.3926	0.1455	0.4442
000168	W	0.283185	0.565595	0.609693	0.2602	0.3983	0.2810	0.1620	0.3996	0.1407	0.4528
000169	D	0.300679	0.569982	0.611878	0.2558	0.4017	0.2420	0.1280	0.3970	0.1468	0.4564
000170	K	0.357781	0.540111	0.616841	0.2558	0.4017	0.2580	0.1100	0.4050	0.1349	0.4593
000171	A	0.423329	0.549782	0.621236	0.2602	0.4087	0.2830	0.0980	0.4244	0.1301	0.4630
000172	A	0.430393	0.541193	0.625448	0.3146	0.4652	0.2870	0.0990	0.4440	0.1186	0.4635
000173	L	0.369628	0.541062	0.629853	0.3184	0.4801	0.2850	0.1020	0.4373	0.1236	0.4636
000174	G	0.310811	0.552262	0.632788	0.3456	0.5342	0.2670	0.0960	0.4404	0.1380	0.4571
000175	Y	0.240657	0.567072	0.634075	0.3456	0.5254	0.3130	0.0900	0.4377	0.1448	0.4539
000176	D	0.236598	0.591188	0.630880	0.3578	0.5493	0.3390	0.1000	0.4507	0.1466	0.4439
000177	Y	0.231007	0.615299	0.625631	0.3491	0.5419	0.4200	0.1330	0.4638	0.1440	0.4332
000178	K	0.164217	0.635145	0.620604	0.3762	0.5620	0.3970	0.1140	0.4592	0.1660	0.4163
000179	G	0.100387	0.645764	0.617018	0.4651	0.5758	0.4510	0.1220	0.4758	0.1828	0.4003
000180	E	0.036412	0.667750	0.615249	0.4651	0.5533	0.4890	0.1240	0.4711	0.2064	0.3927
000181	T	0.031293	0.675802	0.613333	0.4078	0.5533	0.5300	0.1430	0.4685	0.2120	0.3867
000182	E	0.031743	0.697832	0.612986	0.4037	0.5758	0.4990	0.1410	0.4702	0.2164	0.3808
000183	K	0.030200	0.721660	0.612670	0.4116	0.5055	0.5020	0.1410	0.4639	0.2170	0.3766
000184	H	0.029058	0.693548	0.612201	0.4513	0.5620	0.5010	0.1300	0.4749	0.2138	0.3821
000185	E	0.034859	0.694229	0.609478	0.3885	0.5665	0.4990	0.1380	0.4654	0.2144	0.3878
000186	S	0.039339	0.677703	0.604743	0.4556	0.6712	0.4800	0.1520	0.4881	0.2182	0.3943
000187	Q	0.042790	0.676435	0.598720	0.4458	0.5758	0.4530	0.1640	0.4654	0.2056	0.4045
000188	R	0.042897	0.647202	0.592175	0.5374	0.6661	0.4350	0.1630	0.4867	0.2126	0.4166
000189	D	0.042413	0.628877	0.586755	0.4825	0.6043	0.3910	0.1530	0.4560	0.2021	0.4318
000190	Y	0.050055	0.618282	0.581656	0.4879	0.6183	0.3370	0.1350	0.4489	0.2033	0.4507
000191	A	0.057977	0.595263	0.577201	0.4333	0.6043	0.2980	0.1300	0.4276	0.1980	0.4633
000192	K	0.063457	0.560551	0.570683	0.4600	0.6136	0.2450	0.1020	0.4189	0.1997	0.4705
000193	G	0.088506	0.535010	0.562789	0.4458	0.6089	0.2260	0.0900	0.4112	0.1901	0.4819
000194	F	0.113500	0.525589	0.552503	0.4703	0.5620	0.2280	0.0890	0.4086	0.1740	0.4951
000195	G	0.107980	0.499138	0.544585	0.4749	0.5533	0.2020	0.0650	0.3970	0.1752	0.4966
000196	G	0.101992	0.479771	0.539373	0.4245	0.5382	0.1920	0.0660	0.3793	0.1708	0.5017
000197	Q	0.101248	0.480624	0.535431	0.4379	0.5382	0.1930	0.0760	0.3811	0.1709	0.5045
000198	Y	0.099175	0.456827	0.529690	0.4149	0.5098	0.2100	0.0850	0.3700	0.1600	0.5071
000199	G	0.089277	0.492490	0.522387	0.4203	0.4652	0.2380	0.0870	0.3712	0.1561	0.5022
000200	I	0.081213	0.506164	0.517175	0.3885	0.4619	0.2800	0.1020	0.3724	0.1530	0.5045
000201	Q	0.101107	0.523940	0.514553	0.4078	0.4541	0.2950	0.1130	0.3827	0.1473	0.4903
000202	K	0.120024	0.536403	0.511814	0.4282	0.4801	0.2860	0.1160	0.3938	0.1469	0.4910
000203	D	0.132840	0.533468	0.510369	0.3762	0.4979	0.2810	0.1190	0.3886	0.1443	0.4995
000204	R	0.186199	0.533963	0.507539	0.3847	0.4766	0.2910	0.1240	0.3967	0.1246	0.5038
000205	V	0.272609	0.524648	0.508557	0.4600	0.5665	0.2640	0.1220	0.4326	0.1205	0.5129
000206	D	0.356189	0.527472	0.509853	0.4333	0.5493	0.2390	0.1030	0.4358	0.1095	0.5187
000207	K	0.444547	0.528296	0.514353	0.4420	0.5807	0.2340	0.0890	0.4574	0.1107	0.5287
000208	S	0.502279	0.532007	0.519227	0.3992	0.5665	0.2330	0.0690	0.4588	0.1132	0.5457
000209	A	0.556223	0.534467	0.522609	0.4967	0.6620	0.2350	0.0630	0.5011	0.1300	0.5620
000210	V	0.548365	0.532869	0.525238	0.4918	0.6427	0.2340	0.0610	0.4958	0.1259	0.5768
000211	G	0.501927	0.540383	0.525961	0.5296	0.6269	0.2110	0.0610	0.4893	0.1305	0.5835
000212	F	0.457891	0.543426	0.527840	0.4918	0.5992	0.2300	0.0590	0.4751	0.1179	0.6087
000213	N	0.403894	0.555461	0.528645	0.4282	0.5992	0.2250	0.0590	0.4568	0.1240	0.6090
000214	E	0.324668	0.564828	0.530133	0.4078	0.5951	0.2410	0.0750	0.4439	0.1301	0.6076
000215	M	0.259637	0.579178	0.532505	0.3847	0.5992	0.2690	0.0940	0.4373	0.1404	0.6072
000216	E	0.191895	0.586085	0.537739	0.4333	0.6906	0.2940	0.1030	0.4556	0.1709	0.5895
000217	A	0.157943	0.592575	0.546445	0.4203	0.6089	0.3610	0.1120	0.4478	0.1576	0.5830
000218	P	0.126411	0.613470	0.557928	0.4556	0.6322	0.3780	0.1140	0.4606	0.1736	0.5791
000219	T	0.171577	0.630556	0.571119	0.4037	0.6136	0.3800	0.1250	0.4618	0.1621	0.5643
000220	T	0.239442	0.647998	0.583853	0.4282	0.6136	0.4080	0.1370	0.4869	0.1427	0.5571
000221	A	0.310149	0.669318	0.596642	0.4651	0.6755	0.4090	0.1340	0.5209	0.1365	0.5600
000222	Y	0.403519	0.685975	0.609135	0.4513	0.6712	0.4380	0.1330	0.5432	0.1155	0.5602
000223	K	0.499849	0.698765	0.623650	0.5126	0.7718	0.4240	0.1330	0.5884	0.1209	0.5422
000224	K	0.573804	0.720123	0.639215	0.5084	0.7595	0.4360	0.1300	0.6063	0.1133	0.5437
000225	T	0.593667	0.741021	0.656900	0.5043	0.7505	0.4710	0.1140	0.6195	0.1076	0.5481
000226	T	0.610618	0.759640	0.674267	0.5296	0.7843	0.4640	0.1140	0.6370	0.1157	0.5532
000227	P	0.633665	0.776759	0.691451	0.5253	0.7209	0.4940	0.1290	0.6403	0.1021	0.5717
000228	I	0.569164	0.792733	0.708005	0.5583	0.7289	0.5540	0.1000	0.6519	0.0949	0.5980
000229	E	0.515824	0.810256	0.724422	0.4967	0.6806	0.5370	0.1010	0.6275	0.1179	0.6009
000230	A	0.469921	0.826090	0.739128	0.4918	0.6661	0.5740	0.1020	0.6279	0.1288	0.6223
000231	A	0.431475	0.838801	0.751652	0.4825	0.5665	0.5780	0.1010	0.6081	0.1434	0.6296
000232	S	0.383619	0.850302	0.762115	0.5043	0.5951	0.5890	0.0990	0.6141	0.1548	0.6456
000233	S	0.376430	0.860725	0.773909	0.5331	0.6851	0.5860	0.1110	0.6359	0.1594	0.6607
000234	G	0.426244	0.878943	0.785067	0.5374	0.6806	0.6090	0.1260	0.6529	0.1505	0.6849
000235	T	0.467833	0.891268	0.796232	0.5514	0.6755	0.6390	0.1150	0.6703	0.1419	0.7213
000236	R	0.516836	0.906469	0.803369	0.5514	0.6806	0.6400	0.1220	0.6831	0.1362	0.7611
000237	G	0.622517	0.916794	0.809744	0.5412	0.6906	0.6800	0.1430	0.7101	0.1226	0.7942
000238	L	0.717200	0.926796	0.815333	0.5084	0.6427	0.7140	0.1360	0.7208	0.1308	0.8209
000239	K	0.800913	0.936775	0.821712	0.5514	0.7080	0.7340	0.1140	0.7589	0.1180	0.8236
000240	A	0.855012	0.944882	0.828621	0.5412	0.6906	0.8030	0.0750	0.7772	0.1295	0.8382
000241	K	0.905108	0.953472	0.834781	0.5583	0.7036	0.8300	0.0520	0.7976	0.1319	0.8355
000242	F	0.916707	0.960172	0.839823	0.5711	0.7289	0.8500	0.0470	0.8110	0.1291	0.8400
000243	E	0.874339	0.966599	0.843064	0.5711	0.7415	0.7980	0.0590	0.7991	0.1231	0.8171
000244	S	0.838548	0.972351	0.844947	0.5667	0.7505	0.8200	0.0410	0.7989	0.1228	0.7978
000245	M	0.792138	0.977497	0.846723	0.5514	0.7547	0.8660	0.0200	0.7980	0.1303	0.7720
000246	A	0.756107	0.982601	0.847528	0.5412	0.7415	0.8680	0.0230	0.7894	0.1365	0.7053
000247	E	0.714500	0.985093	0.848470	0.5331	0.7289	0.8530	0.0390	0.7772	0.1414	0.6020
000248	E	0.692416	0.987133	0.849212	0.5296	0.7369	0.8680	0.0420	0.7773	0.1459	0.5056
000249	K	0.680592	0.988159	0.850112	0.5549	0.8050	0.8500	0.0600	0.7882	0.1378	0.4141
000250	R	0.682251	0.988777	0.850221	0.5711	0.7672	0.8690	0.0590	0.7881	0.1350	0.3544
000251	K	0.690779	0.989421	0.849844	0.5992	0.7672	0.8570	0.0700	0.7923	0.1256	0.3063
000252	R	0.750362	0.989867	0.849491	0.5549	0.7755	0.8560	0.0700	0.7960	0.1321	0.2877
000253	E	0.807322	0.990349	0.849450	0.5900	0.8421	0.8530	0.0620	0.8221	0.1187	0.2658
000254	E	0.865873	0.990768	0.849849	0.5900	0.8493	0.8540	0.0600	0.8332	0.1197	0.2723
000255	E	0.904835	0.991218	0.850774	0.5802	0.8596	0.8530	0.0600	0.8400	0.1260	0.2792
000256	E	0.946452	0.991693	0.851901	0.5941	0.8792	0.8590	0.0670	0.8537	0.1263	0.2956
000257	K	0.967744	0.992680	0.853462	0.6174	0.8853	0.8690	0.0720	0.8643	0.1216	0.3384
000258	A	0.972248	0.993641	0.854699	0.6293	0.8713	0.8660	0.0810	0.8645	0.1181	0.3995
000259	Q	0.968889	0.993874	0.856156	0.6334	0.8565	0.8560	0.0950	0.8608	0.1163	0.4348
000260	Q	0.972140	0.993631	0.857721	0.6334	0.8198	0.8650	0.0930	0.8569	0.1179	0.4818
000261	V	0.975569	0.993966	0.859987	0.6293	0.8343	0.8710	0.0870	0.8607	0.1192	0.5391
000262	A	0.982743	0.994025	0.862717	0.5900	0.8313	0.8740	0.0920	0.8557	0.1334	0.5717
000263	R	0.983016	0.993844	0.865893	0.5992	0.8279	0.8650	0.1070	0.8558	0.1304	0.5731
000264	R	0.982196	0.993080	0.869630	0.6079	0.8235	0.8730	0.1070	0.8583	0.1277	0.5734
000265	Q	0.981588	0.993075	0.873555	0.6219	0.8375	0.8740	0.1090	0.8636	0.1225	0.5753
000266	Q	0.981990	0.992748	0.877208	0.6374	0.8421	0.8690	0.1120	0.8667	0.1172	0.5731
000267	E	0.990169	0.992419	0.880184	0.6681	0.8235	0.8630	0.1100	0.8696	0.1099	0.5596
000268	R	0.996475	0.991362	0.882912	0.6681	0.8596	0.8590	0.1120	0.8763	0.1093	0.5632
000269	K	0.996056	0.990747	0.885600	0.6604	0.8792	0.8580	0.1140	0.8784	0.1114	0.5638
000270	A	0.992124	0.990132	0.888666	0.6715	0.8872	0.8510	0.1180	0.8800	0.1074	0.5816
000271	V	0.982429	0.989357	0.891542	0.6681	0.8421	0.8450	0.1210	0.8698	0.1076	0.5691
000272	T	0.969339	0.988111	0.894306	0.7317	0.8343	0.8450	0.1200	0.8771	0.0867	0.5450
000273	K	0.955310	0.986472	0.897433	0.6906	0.8421	0.8450	0.1210	0.8695	0.0959	0.5563
000274	R	0.943938	0.985296	0.901290	0.6557	0.8375	0.8530	0.1150	0.8627	0.1054	0.6059
000275	S	0.930784	0.984326	0.906224	0.6516	0.8565	0.8560	0.1110	0.8642	0.1048	0.6873
000276	P	0.919398	0.983362	0.911368	0.6255	0.8565	0.8590	0.1130	0.8592	0.1128	0.7483
000277	E	0.910229	0.982667	0.917009	0.6174	0.8655	0.8630	0.1180	0.8593	0.1153	0.7991
000278	A	0.902260	0.981971	0.922117	0.6174	0.8493	0.8670	0.1130	0.8566	0.1151	0.8488
000279	P	0.899805	0.981721	0.927011	0.6334	0.8125	0.8630	0.1080	0.8529	0.1112	0.8815
000280	Q	0.903537	0.981605	0.931536	0.6293	0.8493	0.8590	0.1030	0.8590	0.1119	0.9136
000281	P	0.914973	0.981273	0.936422	0.5900	0.8530	0.8420	0.1090	0.8530	0.1268	0.9371
000282	V	0.925570	0.980756	0.941290	0.6442	0.9057	0.8430	0.1110	0.8734	0.1106	0.9606
000283	I	0.924965	0.980352	0.945910	0.6219	0.8713	0.8320	0.1140	0.8627	0.1181	0.9732
000284	A	0.921662	0.979910	0.949958	0.6293	0.8991	0.8160	0.1070	0.8661	0.1174	0.9797
000285	M	0.922645	0.979478	0.953616	0.5900	0.8942	0.8170	0.1100	0.8595	0.1310	0.9814
000286	E	0.915889	0.979468	0.956837	0.5941	0.8792	0.7900	0.1190	0.8526	0.1307	0.9769
000287	E	0.907692	0.978398	0.959946	0.5583	0.8125	0.7890	0.1130	0.8343	0.1418	0.9729
000288	P	0.891296	0.977902	0.962575	0.5549	0.8085	0.8090	0.0950	0.8341	0.1412	0.9717
000289	A	0.818823	0.977567	0.965149	0.5374	0.8198	0.8160	0.0860	0.8224	0.1448	0.9708
000290	V	0.771512	0.977596	0.967323	0.5229	0.8125	0.8070	0.0910	0.8098	0.1510	0.9680
000291	P	0.744265	0.977853	0.969397	0.5126	0.7951	0.7700	0.0810	0.7948	0.1564	0.9599
000292	A	0.715810	0.978568	0.970849	0.5084	0.6661	0.7820	0.0880	0.7703	0.1664	0.9535
000293	P	0.700663	0.978299	0.971896	0.5473	0.7505	0.7670	0.0890	0.7860	0.1513	0.9424
000294	L	0.708389	0.978667	0.972573	0.5173	0.8279	0.7730	0.0970	0.7963	0.1589	0.9342
000295	P	0.721636	0.978400	0.973217	0.5374	0.7951	0.7350	0.0910	0.7901	0.1531	0.9165
000296	K	0.736597	0.978985	0.973671	0.5667	0.8162	0.7460	0.0920	0.8031	0.1436	0.9092
000297	K	0.758303	0.978689	0.974146	0.5084	0.8162	0.7820	0.0970	0.8029	0.1579	0.9185
000298	I	0.835352	0.977819	0.974730	0.5229	0.8313	0.8040	0.1040	0.8243	0.1515	0.9287
000299	S	0.875683	0.978374	0.975636	0.5229	0.8313	0.7940	0.1050	0.8296	0.1533	0.9247
000300	S	0.893579	0.977513	0.976635	0.5412	0.8421	0.8170	0.1000	0.8414	0.1473	0.9150
000301	E	0.922122	0.977537	0.977811	0.5992	0.8828	0.8200	0.1060	0.8632	0.1301	0.9083
000302	A	0.941836	0.977926	0.979019	0.5900	0.8765	0.8350	0.1090	0.8667	0.1343	0.9105
000303	W	0.940729	0.978154	0.980659	0.6079	0.8853	0.8330	0.1150	0.8710	0.1286	0.9006
000304	P	0.940466	0.978738	0.982481	0.6124	0.8765	0.8120	0.1260	0.8672	0.1285	0.8827
000305	P	0.939989	0.980400	0.984427	0.6442	0.9190	0.8050	0.1290	0.8789	0.1206	0.8644
000306	V	0.938790	0.981320	0.985956	0.6474	0.8765	0.8180	0.1230	0.8747	0.1174	0.8601
000307	G	0.933562	0.981385	0.987009	0.6681	0.8765	0.8310	0.1190	0.8796	0.1095	0.8452
000308	T	0.935583	0.981262	0.987470	0.6334	0.8966	0.8450	0.1170	0.8799	0.1206	0.8094
000309	P	0.940111	0.982292	0.987586	0.6557	0.9287	0.8440	0.1220	0.8897	0.1148	0.7626
000310	P	0.947545	0.982461	0.987301	0.6650	0.9168	0.8400	0.1230	0.8898	0.1120	0.7363
000311	S	0.952036	0.982922	0.986846	0.6650	0.9230	0.8400	0.1230	0.8916	0.1126	0.7135
000312	S	0.948303	0.983053	0.986092	0.6442	0.9230	0.8460	0.1240	0.8885	0.1188	0.6903
000313	E	0.943079	0.983414	0.985468	0.6756	0.9381	0.8350	0.1290	0.8935	0.1095	0.6602
000314	S	0.934641	0.983735	0.984742	0.7458	0.9577	0.8350	0.1280	0.9069	0.0880	0.6386
000315	E	0.928276	0.984069	0.984186	0.7458	0.9577	0.8140	0.1360	0.9023	0.0908	0.6403
000316	P	0.922709	0.984257	0.983595	0.6984	0.9287	0.8140	0.1350	0.8887	0.1022	0.6308
000317	V	0.910893	0.984130	0.983028	0.7605	0.9287	0.8240	0.1380	0.8985	0.0818	0.6589
000318	R	0.900648	0.984031	0.982075	0.7275	0.9362	0.8160	0.1430	0.8910	0.0926	0.7078
000319	T	0.885219	0.983106	0.980803	0.6906	0.8966	0.8100	0.1410	0.8743	0.1014	0.7676
000320	S	0.864813	0.982655	0.979308	0.6944	0.8713	0.8130	0.1440	0.8676	0.0989	0.8251
000321	R	0.848045	0.982111	0.977878	0.6412	0.8623	0.8120	0.1520	0.8540	0.1147	0.8583
000322	E	0.831925	0.980227	0.976618	0.6293	0.8713	0.8090	0.1550	0.8498	0.1184	0.8923
000323	H	0.795814	0.979992	0.975937	0.6516	0.8279	0.8340	0.1430	0.8442	0.1123	0.9215
000324	P	0.761037	0.976755	0.975770	0.6557	0.8343	0.8340	0.1370	0.8395	0.1136	0.9494
000325	V	0.753687	0.977097	0.975975	0.6219	0.8493	0.8530	0.1270	0.8385	0.1242	0.9683
000326	P	0.755153	0.975593	0.976200	0.6334	0.8596	0.8520	0.1230	0.8420	0.1206	0.9786
000327	L	0.758081	0.975370	0.976603	0.6293	0.8462	0.8620	0.1120	0.8413	0.1215	0.9873
000328	L	0.766196	0.976630	0.977079	0.6944	0.8920	0.8540	0.1200	0.8600	0.1038	0.9896
000329	P	0.781029	0.976890	0.977974	0.7079	0.9126	0.8370	0.1330	0.8655	0.1001	0.9894
000330	I	0.792388	0.973568	0.978861	0.7111	0.9211	0.8440	0.1320	0.8702	0.0976	0.9895
000331	R	0.803747	0.974737	0.979858	0.7232	0.9308	0.8420	0.1380	0.8757	0.0942	0.9879
000332	Q	0.839955	0.973612	0.980526	0.7501	0.9346	0.8340	0.1450	0.8855	0.0839	0.9872
000333	T	0.867481	0.977454	0.981315	0.7501	0.9013	0.8410	0.1410	0.8864	0.0801	0.9868
000334	L	0.872377	0.981479	0.982095	0.7418	0.9106	0.8490	0.1380	0.8896	0.0829	0.9879
000335	P	0.874706	0.982211	0.982665	0.6984	0.9106	0.8390	0.1420	0.8813	0.0971	0.9847
000336	E	0.876338	0.983064	0.982952	0.7573	0.9249	0.8430	0.1420	0.8947	0.0800	0.9810
000337	D	0.875123	0.983964	0.983082	0.7605	0.9190	0.8530	0.1370	0.8957	0.0780	0.9756
000338	N	0.877134	0.984519	0.983294	0.7605	0.9168	0.8570	0.1360	0.8965	0.0776	0.9638
000339	E	0.878982	0.985011	0.983622	0.8074	0.9457	0.8580	0.1420	0.9097	0.0665	0.9627
000340	E	0.880081	0.985308	0.983902	0.7573	0.9381	0.8580	0.1440	0.9004	0.0799	0.9660
000341	P	0.882611	0.985579	0.984190	0.8283	0.9433	0.8600	0.1360	0.9140	0.0608	0.9687
000342	P	0.892238	0.985878	0.984228	0.8521	0.9562	0.8710	0.1220	0.9236	0.0540	0.9789
000343	A	0.900578	0.986040	0.984457	0.8118	0.9287	0.8760	0.1140	0.9147	0.0611	0.9859
000344	L	0.905953	0.986143	0.984910	0.8283	0.9308	0.8730	0.1130	0.9181	0.0571	0.9898
000345	P	0.910778	0.986300	0.985814	0.8242	0.9606	0.8510	0.1290	0.9197	0.0638	0.9901
000346	P	0.909810	0.986340	0.986822	0.8311	0.9577	0.8380	0.1340	0.9182	0.0646	0.9923
000347	R	0.906815	0.986510	0.988032	0.8424	0.9621	0.8380	0.1390	0.9206	0.0630	0.9942
000348	T	0.902317	0.986905	0.989467	0.8424	0.9269	0.8280	0.1490	0.9126	0.0630	0.9963
000349	L	0.898868	0.987535	0.991324	0.8521	0.8792	0.8240	0.1550	0.9054	0.0638	0.9978
000350	E	0.893040	0.988546	0.993249	0.8158	0.8828	0.8170	0.1590	0.8984	0.0718	0.9984
000351	G	0.890019	0.989156	0.995158	0.7688	0.8596	0.8150	0.1570	0.8863	0.0837	0.9988
000352	L	0.886999	0.989900	0.996973	0.7772	0.8596	0.8280	0.1470	0.8898	0.0805	0.9992
000353	Q	0.888566	0.990605	0.998754	0.7573	0.8596	0.8280	0.1510	0.8871	0.0859	0.9991
000354	V	0.895355	0.990988	1.000253	0.7869	0.8853	0.8210	0.1560	0.8966	0.0791	0.9990
000355	E	0.908699	0.991445	1.001461	0.8391	0.9249	0.8000	0.1640	0.9110	0.0733	0.9988
000356	E	0.922861	0.992637	1.002339	0.8424	0.9249	0.8060	0.1520	0.9152	0.0719	0.9988
000357	E	0.938528	0.993248	1.002940	0.8457	0.9230	0.8080	0.1410	0.9185	0.0715	0.9987
000358	P	0.954057	0.994623	1.003222	0.8857	0.9433	0.8030	0.1390	0.9307	0.0688	0.9986
000359	V	0.967948	0.995993	1.003377	0.8886	0.9488	0.7950	0.1240	0.9332	0.0724	0.9983
000360	Y	0.977234	0.996735	1.003556	0.9257	0.9717	0.7930	0.1090	0.9446	0.0724	0.9976
000361	E	0.986547	0.997659	1.003627	0.9235	0.9725	0.7870	0.0940	0.9451	0.0756	0.9965
000362	A	0.994220	0.998088	1.003488	0.9280	0.9751	0.8090	0.0780	0.9513	0.0685	0.9946
000363	E	0.997338	0.998536	1.003191	0.9534	0.9860	0.8070	0.0780	0.9576	0.0693	0.9907
000364	P	0.998175	0.998789	1.002845	0.9534	0.9870	0.7910	0.0910	0.9553	0.0751	0.9862
000365	E	0.998206	0.998928	1.002699	0.9746	0.9909	0.7800	0.0940	0.9576	0.0798	0.9807
000366	P	0.998512	0.999063	1.002905	0.9760	0.9912	0.7880	0.0920	0.9592	0.0772	0.9732
000367	E	0.998783	0.999104	1.003284	0.9665	0.9822	0.7940	0.0910	0.9572	0.0743	0.9667
000368	P	0.998837	0.999141	1.003653	0.9746	0.9822	0.7820	0.1050	0.9567	0.0789	0.9622
000369	E	0.998872	0.999164	1.003885	0.9587	0.9830	0.7710	0.1130	0.9524	0.0826	0.9595
000370	P	0.998875	0.999168	1.004136	0.9775	0.9822	0.7610	0.1110	0.9538	0.0869	0.9572
000371	E	0.998900	0.999156	1.004508	0.9943	0.9911	0.7700	0.1160	0.9597	0.0847	0.9621
000372	P	0.998899	0.999145	1.004920	0.9843	0.9911	0.7620	0.1170	0.9567	0.0873	0.9700
000373	E	0.999269	0.999115	1.005445	0.9917	0.9906	0.7570	0.1230	0.9572	0.0896	0.9775
000374	P	0.999625	0.999104	1.005857	0.9922	0.9909	0.7590	0.1340	0.9577	0.0892	0.9855
000375	E	0.999670	0.999075	1.006145	0.9843	0.9879	0.7660	0.1310	0.9572	0.0858	0.9916
000376	N	0.999587	0.998994	1.006311	0.9899	0.9844	0.7970	0.1390	0.9628	0.0743	0.9942
000377	D	0.999554	0.998845	1.006458	0.9753	0.9844	0.8110	0.1420	0.9627	0.0684	0.9962
000378	Y	0.999516	0.998535	1.006719	0.9640	0.9836	0.8280	0.1400	0.9634	0.0622	0.9973
000379	E	0.999483	0.998103	1.006868	0.9684	0.9830	0.8330	0.1470	0.9648	0.0602	0.9975
000380	D	0.999447	0.997660	1.006843	0.9684	0.9836	0.8440	0.1450	0.9667	0.0563	0.9976
000381	V	0.999398	0.997062	1.006959	0.9731	0.9830	0.8550	0.1360	0.9691	0.0523	0.9976
000382	E	0.999398	0.996538	1.007583	0.9753	0.9836	0.8570	0.1360	0.9699	0.0515	0.9974
000383	E	0.998760	0.995775	1.008843	0.9760	0.9830	0.8630	0.1320	0.9709	0.0494	0.9969
000384	M	0.997986	0.995355	1.010312	0.9753	0.9801	0.8730	0.1260	0.9720	0.0458	0.9963
000385	D	0.998049	0.994707	1.011796	0.9775	0.9807	0.8770	0.1240	0.9733	0.0446	0.9945
000386	R	0.998000	0.993892	1.013198	0.9697	0.9577	0.8830	0.1200	0.9692	0.0428	0.9909
000387	H	0.997415	0.993345	1.014518	0.9796	0.9634	0.8850	0.1210	0.9722	0.0420	0.9890
000388	E	0.997304	0.992625	1.015619	0.9447	0.9621	0.8790	0.1260	0.9653	0.0449	0.9862
000389	Q	0.997108	0.991660	1.016488	0.9684	0.9693	0.8860	0.1240	0.9715	0.0416	0.9840
000390	E	0.996939	0.990904	1.016943	0.9684	0.9396	0.8900	0.1220	0.9672	0.0421	0.9840
000391	D	0.996933	0.989986	1.017260	0.9316	0.9362	0.8910	0.1200	0.9605	0.0441	0.9851
000392	E	0.997448	0.988658	1.017649	0.9280	0.9677	0.8920	0.1180	0.9653	0.0429	0.9856
000393	P	0.998243	0.987517	1.018085	0.9257	0.9677	0.8910	0.1200	0.9647	0.0437	0.9863
000394	E	0.998180	0.985441	1.018253	0.9257	0.9684	0.8900	0.1170	0.9643	0.0440	0.9876
000395	G	0.998148	0.983587	1.017377	0.9491	0.9733	0.8890	0.1190	0.9684	0.0414	0.9888
000396	D	0.998679	0.979459	1.015464	0.9369	0.9677	0.8780	0.1290	0.9627	0.0451	0.9906
000397	Y	0.998612	0.975628	1.012057	0.9604	0.9415	0.8770	0.1250	0.9609	0.0440	0.9916
000398	E	0.997272	0.971550	1.007198	0.9632	0.9457	0.8580	0.1430	0.9571	0.0490	0.9914
000399	E	0.993696	0.964630	1.000272	0.9162	0.9329	0.8440	0.1570	0.9420	0.0531	0.9909
000400	V	0.987966	0.957481	0.991463	0.9009	0.9168	0.8570	0.1430	0.9352	0.0485	0.9901
000401	L	0.979533	0.946789	0.979899	0.8746	0.8655	0.8560	0.1400	0.9170	0.0532	0.9886
000402	E	0.972068	0.935817	0.967924	0.8283	0.8279	0.8530	0.1390	0.8975	0.0627	0.9858
000403	P	0.959119	0.926705	0.953754	0.7458	0.8125	0.8600	0.1330	0.8763	0.0783	0.9829
000404	E	0.947826	0.912679	0.937719	0.6906	0.7881	0.8670	0.1220	0.8573	0.0917	0.9798
000405	D	0.934773	0.896335	0.919020	0.6604	0.7628	0.8710	0.1190	0.8408	0.0980	0.9753
000406	S	0.916927	0.880081	0.901439	0.6474	0.7628	0.8740	0.1180	0.8304	0.0957	0.9676
000407	S	0.903067	0.869745	0.885446	0.6124	0.6427	0.8710	0.1200	0.7974	0.1209	0.9577
000408	F	0.894199	0.860042	0.870451	0.6516	0.7628	0.8690	0.1160	0.8181	0.0853	0.9474
000409	S	0.887503	0.849297	0.854580	0.5549	0.7209	0.8600	0.1260	0.7878	0.1169	0.9307
000410	S	0.873217	0.839397	0.838834	0.5549	0.6991	0.8550	0.1300	0.7767	0.1143	0.9132
000411	A	0.853360	0.829961	0.821803	0.5412	0.7369	0.8680	0.1140	0.7751	0.1126	0.8941
000412	L	0.856142	0.818644	0.803493	0.5667	0.8050	0.8620	0.1220	0.7854	0.1005	0.8739
000413	A	0.844249	0.800599	0.783355	0.5043	0.7628	0.8640	0.1170	0.7599	0.1194	0.8433
000414	G	0.823175	0.790792	0.762193	0.4703	0.7415	0.8860	0.0960	0.7457	0.1316	0.8064
000415	S	0.839457	0.778950	0.740242	0.3992	0.6948	0.9030	0.0840	0.7259	0.1607	0.7674
000416	S	0.852793	0.762303	0.718348	0.3630	0.5901	0.9190	0.0750	0.7009	0.1831	0.7316
000417	G	0.861159	0.745995	0.698440	0.3225	0.5707	0.9190	0.0820	0.6863	0.1975	0.7049
000418	C	0.870486	0.736339	0.680197	0.2657	0.5055	0.9070	0.1000	0.6609	0.2203	0.6840
000419	P	0.891351	0.717031	0.661469	0.2865	0.6136	0.8890	0.1170	0.6766	0.2039	0.6651
000420	A	0.916097	0.696288	0.639875	0.2167	0.5342	0.8910	0.1200	0.6490	0.2353	0.6536
000421	G	0.923402	0.672863	0.616114	0.2122	0.5342	0.8690	0.1350	0.6379	0.2339	0.6457
000422	A	0.941216	0.644776	0.591221	0.1667	0.5296	0.8430	0.1480	0.6193	0.2476	0.6392
000423	G	0.962177	0.614157	0.566874	0.2080	0.5382	0.7740	0.1220	0.6105	0.2307	0.6332
000424	A	0.909979	0.574256	0.542412	0.2041	0.5342	0.7250	0.1250	0.5816	0.2140	0.6416
000425	G	0.895727	0.518616	0.518429	0.1566	0.4725	0.6680	0.1260	0.5382	0.2218	0.6477
000426	A	0.857245	0.469184	0.495500	0.1292	0.4017	0.6700	0.1230	0.5038	0.2253	0.6539
000427	V	0.825088	0.446056	0.474898	0.0935	0.4256	0.6030	0.1280	0.4780	0.2190	0.6542
000428	A	0.773543	0.425625	0.457139	0.0554	0.3460	0.5260	0.1210	0.4306	0.2142	0.6508
000429	L	0.728361	0.398994	0.440988	0.1018	0.4330	0.4120	0.1270	0.4192	0.1814	0.6399
000430	G	0.692517	0.352964	0.426657	0.0502	0.4087	0.3380	0.1070	0.3781	0.1879	0.6229
000431	I	0.632517	0.328069	0.413295	0.0701	0.4507	0.2810	0.0910	0.3626	0.1716	0.6075
000432	S	0.572054	0.341026	0.402010	0.0701	0.4476	0.2720	0.0750	0.3508	0.1560	0.5879
000433	A	0.542004	0.325196	0.389758	0.1060	0.4619	0.2940	0.1000	0.3532	0.1379	0.5672
000434	V	0.487427	0.303653	0.379365	0.1060	0.4801	0.3380	0.1780	0.3491	0.1281	0.5460
000435	A	0.431638	0.250869	0.370694	0.1322	0.5254	0.3560	0.2140	0.3444	0.1258	0.5228
000436	V	0.370169	0.237169	0.364667	0.1495	0.4541	0.3840	0.2230	0.3266	0.1019	0.5036
000437	Y	0.335112	0.282992	0.356769	0.1958	0.4685	0.4250	0.1840	0.3441	0.0895	0.4837
000438	D	0.308949	0.327462	0.346868	0.1732	0.4330	0.4160	0.1730	0.3343	0.0849	0.4673
000439	Y	0.273951	0.393610	0.335744	0.2041	0.4766	0.5740	0.2490	0.3764	0.1234	0.4520
000440	Q	0.253850	0.449010	0.325637	0.1844	0.5665	0.5640	0.1860	0.3906	0.1471	0.4421
000441	G	0.237061	0.516333	0.315671	0.1998	0.5901	0.6470	0.1470	0.4177	0.1745	0.4362
000442	E	0.230159	0.547817	0.307751	0.3053	0.7080	0.7000	0.1380	0.4664	0.1942	0.4333
000443	G	0.237291	0.589693	0.301036	0.3225	0.6427	0.7140	0.1390	0.4678	0.1862	0.4319
000444	S	0.326597	0.635863	0.295535	0.3717	0.5758	0.7540	0.1440	0.4933	0.1717	0.4321
000445	D	0.418814	0.649090	0.289687	0.3762	0.6576	0.7820	0.1510	0.5289	0.1769	0.4338
000446	E	0.506585	0.666753	0.284289	0.3456	0.7080	0.7660	0.1780	0.5461	0.1822	0.4347
000447	L	0.579187	0.652535	0.277911	0.4037	0.6851	0.7050	0.1960	0.5505	0.1576	0.4350
000448	S	0.652479	0.617245	0.269210	0.5008	0.8013	0.5670	0.2890	0.5680	0.1622	0.4353
000449	F	0.737571	0.560950	0.258468	0.3992	0.7369	0.6000	0.2600	0.5488	0.1734	0.4359
000450	D	0.827580	0.515900	0.248946	0.5008	0.7672	0.5130	0.2720	0.5622	0.1910	0.4357
000451	P	0.908974	0.477640	0.242531	0.4379	0.7755	0.4370	0.2770	0.5466	0.2254	0.4349
000452	D	0.878975	0.414803	0.238526	0.3806	0.7982	0.3620	0.2680	0.5122	0.2383	0.4340
000453	D	0.784402	0.357463	0.235444	0.3630	0.7755	0.4010	0.2910	0.4861	0.2139	0.4329
000454	V	0.690315	0.317744	0.231461	0.3806	0.6620	0.3600	0.2840	0.4404	0.1733	0.4320
000455	I	0.592401	0.300526	0.227214	0.3847	0.5493	0.3840	0.2300	0.4064	0.1286	0.4313
000456	T	0.489333	0.267302	0.222462	0.2786	0.4979	0.3930	0.2460	0.3580	0.1087	0.4303
000457	D	0.384356	0.251713	0.217678	0.1732	0.4766	0.3520	0.2480	0.3092	0.1046	0.4303
000458	I	0.277895	0.221240	0.211537	0.2255	0.5176	0.3580	0.2690	0.3019	0.1086	0.4307
000459	E	0.170643	0.194203	0.203897	0.2255	0.4369	0.2640	0.2020	0.2491	0.0887	0.4317
000460	M	0.070822	0.159984	0.195663	0.2820	0.5176	0.2250	0.1560	0.2418	0.1391	0.4327
000461	V	0.055957	0.154781	0.187483	0.2122	0.4901	0.1970	0.1200	0.2162	0.1327	0.4336
000462	D	0.051079	0.158232	0.180001	0.1635	0.4541	0.1560	0.0890	0.1938	0.1238	0.4328
000463	E	0.040651	0.159527	0.173091	0.1566	0.3356	0.1540	0.0870	0.1699	0.0863	0.4310
000464	G	0.029024	0.181276	0.167176	0.1240	0.3117	0.1180	0.0570	0.1551	0.0853	0.4288
000465	W	0.023378	0.174220	0.161131	0.1018	0.2918	0.0960	0.0350	0.1414	0.0833	0.4272
000466	W	0.017868	0.174148	0.155076	0.1495	0.2541	0.0810	0.0270	0.1387	0.0740	0.4238
000467	R	0.013785	0.171422	0.149099	0.0935	0.2752	0.0710	0.0220	0.1291	0.0831	0.4189
000468	G	0.010493	0.162142	0.143930	0.0455	0.2258	0.0630	0.0170	0.1085	0.0747	0.4151
000469	R	0.017756	0.137619	0.139119	0.0832	0.2918	0.0650	0.0300	0.1225	0.0865	0.4127
000470	C	0.024239	0.125553	0.134717	0.0587	0.1881	0.0640	0.0320	0.0992	0.0553	0.4108
000471	H	0.032134	0.116593	0.130851	0.0771	0.1643	0.0600	0.0300	0.0968	0.0448	0.4062
000472	G	0.038951	0.118751	0.127432	0.0554	0.1881	0.0630	0.0280	0.0986	0.0516	0.4027
000473	H	0.051297	0.124652	0.123661	0.0336	0.1162	0.0730	0.0310	0.0870	0.0364	0.3961
000474	F	0.062300	0.128049	0.119627	0.0297	0.0646	0.1360	0.1000	0.0900	0.0397	0.3929
000475	G	0.086179	0.131518	0.115506	0.0144	0.0734	0.0910	0.0340	0.0853	0.0371	0.3909
000476	L	0.114710	0.136307	0.111901	0.0150	0.1162	0.0870	0.0240	0.0968	0.0393	0.3879
000477	F	0.143779	0.130109	0.108068	0.0304	0.1501	0.1830	0.0910	0.1242	0.0475	0.3850
000478	P	0.164124	0.140336	0.105097	0.0464	0.1424	0.2770	0.1610	0.1459	0.0697	0.3829
000479	A	0.189163	0.154467	0.102501	0.0587	0.1137	0.3050	0.1570	0.1539	0.0789	0.3762
000480	N	0.205909	0.212343	0.100391	0.0965	0.1048	0.4050	0.1310	0.1875	0.1087	0.3673
000481	Y	0.220780	0.288302	0.097466	0.1667	0.1373	0.4580	0.1780	0.2281	0.1195	0.3591
000482	V	0.232415	0.400107	0.094411	0.2333	0.1162	0.4850	0.1440	0.2602	0.1413	0.3536
000483	K	0.305660	0.537143	0.091274	0.2748	0.0851	0.6140	0.0880	0.3180	0.2013	0.3434
000484	L	0.243096	0.682408	0.088145	0.3491	0.0662	0.7290	0.0650	0.3597	0.2628	0.3369
000485	L	0.213372	0.751888	0.085240	0.4879	0.1162	0.8080	0.0490	0.4105	0.2921	0.3265
000486	E	0.222106	0.824732	0.083655	0.5253	0.0799	0.8480	0.0420	0.4305	0.3227	0.3171