RESNUM	RES	VL-XT	VSL2B	VL3	IUPred-S	IUPred-L	PONDRFIT	FITERROR	MDP	MDPERROR	ANCHOR2
000001	M	0.978339	0.669739	0.351314	0.8521	0.3460	0.9710	0.0230	0.6948	0.2651	0.4144
000002	Q	0.957206	0.650799	0.351757	0.7817	0.2680	0.9580	0.0230	0.6613	0.2711	0.4119
000003	R	0.852851	0.638124	0.354401	0.7111	0.3149	0.9360	0.0280	0.6345	0.2327	0.4179
000004	A	0.618653	0.620480	0.355753	0.5941	0.2503	0.9300	0.0360	0.5615	0.2171	0.4259
000005	R	0.672021	0.576755	0.356662	0.5583	0.1969	0.8940	0.0360	0.5425	0.2221	0.4279
000006	P	0.606879	0.527903	0.357315	0.4333	0.1702	0.8460	0.0260	0.4902	0.2101	0.4106
000007	T	0.522751	0.472375	0.358785	0.3096	0.1349	0.7300	0.0850	0.4214	0.1856	0.3800
000008	L	0.444769	0.396654	0.359731	0.1998	0.1070	0.7080	0.1090	0.3693	0.1908	0.3487
000009	W	0.397366	0.384464	0.358292	0.1088	0.1298	0.6540	0.1110	0.3389	0.1835	0.3198
000010	A	0.348144	0.329529	0.355300	0.0514	0.1476	0.5520	0.1070	0.2973	0.1606	0.3117
000011	A	0.297655	0.301984	0.351780	0.0395	0.1942	0.7040	0.1230	0.3149	0.2016	0.3015
000012	A	0.255946	0.339456	0.347646	0.0514	0.2292	0.5800	0.1890	0.3006	0.1585	0.2885
000013	L	0.213744	0.322428	0.343252	0.0587	0.1791	0.5480	0.1620	0.2775	0.1532	0.2712
000014	T	0.174554	0.296933	0.342046	0.0677	0.1554	0.4050	0.1260	0.2403	0.1170	0.2618
000015	L	0.148753	0.301696	0.343576	0.0554	0.1791	0.3750	0.1250	0.2339	0.1145	0.2567
000016	L	0.193539	0.338209	0.349120	0.0441	0.1528	0.3320	0.0960	0.2350	0.1140	0.2617
000017	V	0.257737	0.356634	0.356294	0.0376	0.1323	0.3170	0.0700	0.2429	0.1196	0.2768
000018	L	0.317378	0.355487	0.365784	0.0274	0.1070	0.3300	0.0410	0.2505	0.1326	0.2994
000019	L	0.383968	0.389156	0.377970	0.0455	0.1476	0.3400	0.0510	0.2806	0.1344	0.3341
000020	R	0.452143	0.425891	0.392741	0.0587	0.2002	0.3010	0.0550	0.3051	0.1388	0.3797
000021	G	0.524701	0.458656	0.408609	0.0771	0.1969	0.2870	0.0610	0.3254	0.1550	0.4169
000022	P	0.623925	0.496994	0.423591	0.0991	0.2193	0.3100	0.0830	0.3622	0.1745	0.4142
000023	P	0.722592	0.542243	0.437661	0.0935	0.1823	0.3350	0.1060	0.3856	0.2121	0.3741
000024	V	0.812931	0.579235	0.452399	0.1495	0.2399	0.3850	0.1350	0.4364	0.2183	0.3394
000025	A	0.855438	0.608621	0.467237	0.0909	0.2541	0.3680	0.1120	0.4407	0.2461	0.3044
000026	R	0.880696	0.628943	0.481056	0.1380	0.2680	0.3700	0.1180	0.4611	0.2431	0.2711
000027	A	0.906840	0.644813	0.493164	0.2255	0.2783	0.4370	0.1340	0.4976	0.2291	0.2484
000028	G	0.930801	0.656383	0.503704	0.2209	0.3286	0.4300	0.1240	0.5117	0.2315	0.2341
000029	A	0.925236	0.661089	0.514797	0.2255	0.2292	0.3910	0.1280	0.4911	0.2474	0.2249
000030	S	0.883206	0.670535	0.526679	0.3005	0.3087	0.3500	0.1250	0.5065	0.2142	0.1917
000031	S	0.832145	0.671739	0.538950	0.1635	0.3356	0.2910	0.1040	0.4721	0.2312	0.1665
000032	A	0.759589	0.665574	0.551220	0.1766	0.1852	0.2490	0.0820	0.4312	0.2366	0.1421
000033	G	0.707511	0.670869	0.564339	0.1698	0.1823	0.2270	0.0610	0.4202	0.2320	0.1026
000034	L	0.640772	0.665679	0.578227	0.0542	0.1373	0.2020	0.0470	0.3798	0.2535	0.0750
000035	G	0.574320	0.673211	0.592675	0.1018	0.1791	0.1910	0.0460	0.3853	0.2318	0.0519
000036	P	0.508769	0.659491	0.606935	0.1018	0.1823	0.1840	0.0410	0.3738	0.2240	0.0368
000037	V	0.412942	0.633984	0.620880	0.0991	0.1349	0.1870	0.0400	0.3482	0.2212	0.0260
000038	V	0.343359	0.638150	0.634224	0.0991	0.1373	0.1920	0.0470	0.3406	0.2223	0.0183
000039	R	0.312807	0.661264	0.648284	0.0701	0.1476	0.1920	0.0560	0.3386	0.2348	0.0125
000040	C	0.281850	0.723448	0.664125	0.0677	0.0734	0.1960	0.0620	0.3345	0.2649	0.0082
000041	E	0.296924	0.725443	0.681425	0.0660	0.0631	0.1990	0.0690	0.3387	0.2704	0.0063
000042	P	0.288301	0.729190	0.699772	0.0118	0.0765	0.2190	0.0830	0.3374	0.2815	0.0047
000043	C	0.271936	0.743020	0.719681	0.0118	0.1070	0.2590	0.0990	0.3520	0.2825	0.0034
000044	D	0.245012	0.769216	0.741419	0.0137	0.1275	0.2690	0.1090	0.3611	0.2911	0.0037
000045	A	0.220015	0.773528	0.761520	0.0286	0.1583	0.2890	0.1130	0.3718	0.2906	0.0039
000046	R	0.268385	0.796918	0.779095	0.0350	0.1229	0.3230	0.1090	0.3875	0.2982	0.0042
000047	A	0.331294	0.819814	0.791909	0.0231	0.0424	0.3320	0.0930	0.3901	0.3185	0.0047
000048	L	0.341711	0.835530	0.800228	0.0268	0.0506	0.3410	0.1060	0.3993	0.3210	0.0041
000049	A	0.330774	0.843022	0.803089	0.0062	0.0780	0.2930	0.1080	0.3924	0.3249	0.0034
000050	Q	0.345802	0.855321	0.802360	0.0042	0.0531	0.2550	0.1180	0.3859	0.3339	0.0029
000051	C	0.378673	0.850997	0.800116	0.0131	0.1070	0.2630	0.1210	0.4021	0.3210	0.0028
000052	A	0.434162	0.846935	0.798021	0.0079	0.0985	0.2700	0.1340	0.4092	0.3216	0.0038
000053	P	0.483445	0.821066	0.796498	0.0044	0.0929	0.2520	0.1340	0.4083	0.3199	0.0050
000054	P	0.531739	0.771412	0.796172	0.0144	0.2399	0.2470	0.1310	0.4335	0.2896	0.0070
000055	P	0.517743	0.773231	0.795891	0.0137	0.2193	0.2310	0.1310	0.4251	0.2934	0.0078
000056	A	0.465640	0.771389	0.794887	0.0218	0.1229	0.2360	0.1380	0.4021	0.3014	0.0091
000057	V	0.450358	0.761485	0.793172	0.0194	0.1251	0.2550	0.1550	0.4007	0.2970	0.0080
000058	C	0.470323	0.760041	0.791422	0.0035	0.0646	0.2580	0.1450	0.3913	0.3102	0.0065
000059	A	0.416861	0.756645	0.789770	0.0055	0.0398	0.2420	0.1320	0.3750	0.3125	0.0070
000060	E	0.342831	0.763257	0.787143	0.0009	0.0320	0.2530	0.1410	0.3632	0.3144	0.0061
000061	L	0.262445	0.754158	0.784474	0.0003	0.0320	0.2660	0.1520	0.3498	0.3137	0.0055
000062	V	0.201323	0.732982	0.783172	0.0007	0.0341	0.2730	0.1680	0.3375	0.3118	0.0044
000063	R	0.154891	0.744635	0.783508	0.0008	0.0349	0.2880	0.1840	0.3345	0.3176	0.0018
000064	E	0.132458	0.747574	0.785595	0.0002	0.0205	0.2920	0.1780	0.3298	0.3232	0.0008
000065	P	0.161783	0.758962	0.786920	0.0002	0.0178	0.2640	0.1780	0.3316	0.3245	0.0004
000066	G	0.210387	0.765412	0.788447	0.0001	0.0168	0.2900	0.1980	0.3452	0.3218	0.0002
000067	C	0.180698	0.749788	0.790259	0.0001	0.0191	0.3200	0.2010	0.3434	0.3201	0.0001
000068	G	0.177572	0.774528	0.793454	0.0002	0.0263	0.3340	0.1940	0.3511	0.3251	0.0001
000069	C	0.178958	0.781452	0.797286	0.0007	0.0799	0.3410	0.1960	0.3632	0.3187	0.0001
000070	C	0.179171	0.781558	0.799854	0.0008	0.0389	0.3340	0.1900	0.3558	0.3257	0.0001
000071	L	0.178378	0.777654	0.801057	0.0008	0.0356	0.3330	0.1810	0.3544	0.3258	0.0001
000072	T	0.160666	0.778918	0.800530	0.0003	0.0327	0.3360	0.1810	0.3515	0.3281	0.0001
000073	C	0.137837	0.781371	0.799145	0.0004	0.0263	0.3550	0.1850	0.3501	0.3316	0.0002
000074	A	0.090100	0.774102	0.796472	0.0004	0.0275	0.3590	0.1880	0.3413	0.3348	0.0004
000075	L	0.031806	0.781141	0.792349	0.0002	0.0275	0.3860	0.1980	0.3366	0.3439	0.0008
000076	S	0.044073	0.783795	0.787031	0.0002	0.0244	0.3950	0.1940	0.3391	0.3422	0.0015
000077	E	0.080145	0.776034	0.781733	0.0002	0.0119	0.3760	0.1840	0.3377	0.3360	0.0029
000078	G	0.117650	0.770747	0.779109	0.0009	0.0253	0.3710	0.1700	0.3442	0.3273	0.0045
000079	Q	0.160464	0.776102	0.779786	0.0003	0.0248	0.3430	0.1710	0.3474	0.3241	0.0054
000080	P	0.204783	0.778879	0.783385	0.0009	0.0592	0.3080	0.1620	0.3559	0.3164	0.0067
000081	C	0.250042	0.779939	0.786090	0.0087	0.0929	0.3020	0.1600	0.3699	0.3076	0.0068
000082	G	0.313932	0.777836	0.786773	0.0131	0.1323	0.2260	0.1210	0.3749	0.3022	0.0092
000083	I	0.377822	0.773276	0.784418	0.0084	0.0568	0.2260	0.1220	0.3712	0.3120	0.0132
000084	Y	0.431743	0.766076	0.779124	0.0554	0.1399	0.2130	0.1120	0.3976	0.2887	0.0150
000085	T	0.455287	0.731970	0.770300	0.0182	0.1791	0.1860	0.0950	0.3901	0.2859	0.0125
000086	E	0.473173	0.694023	0.760250	0.0286	0.2364	0.2130	0.0930	0.4010	0.2649	0.0104
000087	R	0.481718	0.693005	0.750818	0.0327	0.2645	0.2570	0.1120	0.4133	0.2544	0.0092
000088	C	0.483557	0.726686	0.745074	0.0304	0.2645	0.2890	0.1000	0.4232	0.2572	0.0082
000089	G	0.491541	0.724899	0.743102	0.0405	0.2783	0.2620	0.1150	0.4234	0.2554	0.0110
000090	S	0.497600	0.716836	0.744543	0.0455	0.2470	0.2790	0.1220	0.4218	0.2548	0.0150
000091	G	0.491815	0.729927	0.746683	0.0405	0.2224	0.3110	0.1070	0.4237	0.2591	0.0204
000092	L	0.486210	0.752875	0.745957	0.1456	0.3840	0.3840	0.1070	0.4831	0.2143	0.0275
000093	R	0.468980	0.762214	0.742441	0.1532	0.3249	0.4500	0.1040	0.4836	0.2162	0.0281
000094	C	0.477959	0.767338	0.736605	0.2167	0.4051	0.4430	0.0980	0.5078	0.1915	0.0303
000095	Q	0.473793	0.769124	0.729502	0.2080	0.4652	0.3570	0.0810	0.5004	0.1970	0.0459
000096	P	0.478967	0.759762	0.722999	0.2167	0.3983	0.3370	0.0770	0.4857	0.1973	0.0701
000097	S	0.464398	0.768960	0.717059	0.1732	0.3249	0.3430	0.0750	0.4653	0.2143	0.1077
000098	P	0.443685	0.773508	0.712102	0.1205	0.3356	0.3480	0.0740	0.4555	0.2256	0.1643
000099	D	0.423463	0.763890	0.706651	0.2558	0.4766	0.3640	0.0760	0.4983	0.1812	0.2394
000100	E	0.394626	0.755648	0.700751	0.2786	0.4766	0.3340	0.0840	0.4901	0.1795	0.2924
000101	A	0.380722	0.748405	0.695387	0.2700	0.4801	0.3310	0.0730	0.4844	0.1800	0.3449
000102	R	0.386673	0.741963	0.690643	0.2865	0.4220	0.3210	0.0810	0.4747	0.1769	0.3933
000103	P	0.372583	0.728999	0.686629	0.3491	0.3460	0.3010	0.0880	0.4641	0.1740	0.4213
000104	L	0.348836	0.723756	0.683239	0.2865	0.2988	0.2780	0.0890	0.4365	0.1904	0.3825
000105	Q	0.316338	0.708696	0.680490	0.3885	0.4369	0.2370	0.0800	0.4612	0.1764	0.3592
000106	A	0.310121	0.700289	0.678496	0.3225	0.4051	0.2380	0.0770	0.4424	0.1813	0.3595
000107	L	0.290937	0.680649	0.676652	0.2963	0.3807	0.2590	0.0810	0.4307	0.1792	0.3629
000108	L	0.278318	0.676997	0.674539	0.2657	0.3631	0.2360	0.0620	0.4158	0.1878	0.3762
000109	D	0.252165	0.676438	0.672297	0.2432	0.2988	0.2190	0.0630	0.3937	0.1999	0.3945
000110	G	0.210905	0.679712	0.670856	0.2080	0.2817	0.2190	0.0590	0.3783	0.2115	0.4097
000111	R	0.175578	0.665406	0.670490	0.1602	0.2680	0.2210	0.0570	0.3601	0.2204	0.4201
000112	G	0.150866	0.672559	0.671802	0.1878	0.2399	0.2420	0.0640	0.3608	0.2224	0.4271
000113	L	0.122072	0.674544	0.674419	0.1844	0.2399	0.2740	0.0840	0.3616	0.2262	0.4301
000114	C	0.102031	0.713037	0.678823	0.1178	0.1969	0.2870	0.0880	0.3493	0.2526	0.4335
000115	V	0.095121	0.736679	0.685119	0.1766	0.1914	0.2740	0.0870	0.3598	0.2540	0.4339
000116	N	0.100396	0.751370	0.693556	0.1495	0.1399	0.3130	0.1030	0.3580	0.2667	0.4353
000117	A	0.116074	0.759782	0.702352	0.1292	0.1184	0.3870	0.1100	0.3687	0.2734	0.4397
000118	S	0.177633	0.770614	0.711017	0.1380	0.1823	0.4320	0.1200	0.4020	0.2584	0.4477
000119	A	0.232840	0.776305	0.716489	0.1416	0.2164	0.4930	0.1090	0.4294	0.2495	0.4603
000120	V	0.323788	0.785991	0.718813	0.1532	0.2258	0.5020	0.1080	0.4516	0.2388	0.4777
000121	S	0.423351	0.790169	0.718620	0.1292	0.2503	0.4850	0.1220	0.4661	0.2349	0.4978
000122	R	0.527390	0.802297	0.719222	0.1456	0.2258	0.5120	0.1410	0.4887	0.2382	0.5221
000123	L	0.631456	0.815852	0.723195	0.1667	0.2503	0.5350	0.1220	0.5205	0.2377	0.5461
000124	R	0.723410	0.818769	0.728269	0.1998	0.3053	0.5960	0.1060	0.5619	0.2302	0.5628
000125	A	0.815689	0.831706	0.734019	0.3146	0.4507	0.6600	0.1000	0.6345	0.1908	0.5824
000126	Y	0.891371	0.843002	0.739174	0.3762	0.4801	0.7320	0.0920	0.6771	0.1869	0.5921
000127	L	0.930885	0.844346	0.744390	0.3806	0.4725	0.7640	0.0770	0.6894	0.1972	0.5999
000128	L	0.967254	0.842284	0.749400	0.3806	0.5055	0.7840	0.0670	0.7048	0.2004	0.5991
000129	P	0.964184	0.850977	0.753600	0.3762	0.5055	0.7410	0.0620	0.6986	0.1999	0.5885
000130	A	0.950332	0.855543	0.757218	0.4116	0.5419	0.7570	0.0600	0.7122	0.1829	0.5740
000131	P	0.940597	0.867341	0.761387	0.4600	0.6136	0.7470	0.0790	0.7316	0.1586	0.5538
000132	P	0.930836	0.878070	0.767041	0.4703	0.6322	0.7580	0.1010	0.7394	0.1532	0.5334
000133	A	0.923004	0.889933	0.774511	0.4825	0.6375	0.7920	0.0860	0.7499	0.1506	0.5127
000134	P	0.918085	0.897204	0.782784	0.5623	0.7080	0.7600	0.0930	0.7714	0.1193	0.4900
000135	G	0.913346	0.906961	0.791027	0.5623	0.6755	0.7640	0.0770	0.7689	0.1237	0.4732
000136	N	0.910565	0.916822	0.798882	0.5941	0.7036	0.7640	0.0730	0.7813	0.1131	0.4555
000137	A	0.918048	0.925168	0.805966	0.6412	0.7843	0.7590	0.0710	0.8057	0.0971	0.4409
000138	S	0.925034	0.931178	0.812768	0.6944	0.7951	0.7540	0.0720	0.8187	0.0859	0.4274
000139	E	0.933087	0.937691	0.819268	0.7458	0.8596	0.7680	0.0720	0.8439	0.0741	0.4213
000140	S	0.935879	0.943685	0.825640	0.6827	0.8343	0.7930	0.0650	0.8358	0.0886	0.4198
000141	E	0.937947	0.947661	0.832371	0.7232	0.8765	0.7820	0.0820	0.8500	0.0806	0.4181
000142	E	0.938314	0.952016	0.839477	0.7034	0.8530	0.7770	0.0960	0.8438	0.0866	0.4187
000143	D	0.936250	0.956032	0.846909	0.6984	0.7799	0.7810	0.1060	0.8331	0.0909	0.4209
000144	R	0.932250	0.956712	0.853634	0.7232	0.8013	0.7980	0.1220	0.8442	0.0807	0.4244
000145	S	0.925818	0.956008	0.859643	0.6681	0.7718	0.7950	0.1440	0.8293	0.0973	0.4277
000146	A	0.916791	0.955664	0.865078	0.6650	0.7755	0.7760	0.1650	0.8256	0.0980	0.4311
000147	G	0.907764	0.954480	0.870255	0.6650	0.7755	0.7710	0.1810	0.8240	0.0971	0.4317
000148	S	0.895527	0.953187	0.875379	0.6827	0.7982	0.7590	0.1910	0.8273	0.0906	0.4356
000149	V	0.891984	0.950401	0.880504	0.7034	0.7547	0.7580	0.1890	0.8232	0.0889	0.4421
000150	E	0.898053	0.949195	0.883973	0.6944	0.7369	0.7350	0.1930	0.8162	0.0972	0.4472
000151	S	0.879085	0.942739	0.887089	0.6604	0.7505	0.7210	0.1960	0.8069	0.1017	0.4542
000152	P	0.841914	0.936719	0.889077	0.6474	0.7628	0.7110	0.2110	0.7982	0.1008	0.4625
000153	S	0.819344	0.930414	0.890878	0.6442	0.7459	0.7140	0.2130	0.7908	0.0998	0.4717
000154	V	0.787497	0.921791	0.890184	0.6516	0.6183	0.7180	0.1970	0.7646	0.1135	0.4799
000155	S	0.736575	0.912291	0.887808	0.6516	0.6183	0.6900	0.2010	0.7494	0.1127	0.4911
000156	S	0.700721	0.900824	0.884609	0.5846	0.6576	0.6050	0.1690	0.7222	0.1262	0.5083
000157	T	0.619405	0.892322	0.881071	0.6174	0.6089	0.5310	0.1520	0.6917	0.1411	0.5255
000158	H	0.523945	0.881481	0.876947	0.6334	0.6136	0.4990	0.1550	0.6714	0.1542	0.5565
000159	R	0.416724	0.872079	0.872528	0.5762	0.6089	0.4990	0.1480	0.6409	0.1745	0.5809
000160	V	0.333298	0.861339	0.868031	0.6412	0.6661	0.4820	0.1490	0.6420	0.1918	0.6036
000161	S	0.267959	0.855582	0.862678	0.6293	0.5758	0.4420	0.1360	0.6056	0.2124	0.6187
000162	D	0.191199	0.846831	0.855759	0.6293	0.5139	0.4430	0.1410	0.5800	0.2324	0.6418
000163	P	0.154336	0.835644	0.846989	0.5583	0.4292	0.4400	0.1340	0.5440	0.2425	0.6722
000164	K	0.140452	0.823400	0.834789	0.5229	0.3774	0.4410	0.1330	0.5234	0.2455	0.7103
000165	F	0.111500	0.800519	0.821472	0.5229	0.4186	0.4560	0.1290	0.5219	0.2418	0.7536
000166	H	0.101723	0.786279	0.807401	0.4781	0.4186	0.4060	0.1230	0.4998	0.2418	0.7812
000167	P	0.109615	0.774351	0.795419	0.4781	0.4256	0.3850	0.1340	0.4948	0.2359	0.8003
000168	L	0.117371	0.765771	0.783885	0.4825	0.4256	0.3780	0.1760	0.4922	0.2302	0.8171
000169	H	0.128880	0.743968	0.772874	0.4703	0.4017	0.3650	0.1880	0.4805	0.2229	0.8217
000170	S	0.138291	0.718042	0.764669	0.4781	0.3983	0.3520	0.1880	0.4749	0.2150	0.8241
000171	K	0.163305	0.713912	0.758519	0.5008	0.4476	0.3460	0.1880	0.4884	0.2048	0.8293
000172	I	0.163339	0.716184	0.753728	0.5008	0.4476	0.3360	0.1570	0.4863	0.2053	0.8330
000173	I	0.215194	0.713686	0.748261	0.4967	0.4507	0.3770	0.1730	0.5003	0.1852	0.8262
000174	I	0.251773	0.725902	0.741287	0.4703	0.4330	0.3810	0.1780	0.5005	0.1782	0.8099
000175	I	0.312177	0.733273	0.734091	0.4825	0.3667	0.3870	0.1760	0.5027	0.1709	0.7796
000176	K	0.346862	0.731893	0.725820	0.5549	0.4476	0.3790	0.1740	0.5310	0.1543	0.7358
000177	K	0.388494	0.737988	0.717937	0.4825	0.4017	0.4120	0.1630	0.5234	0.1478	0.6969
000178	G	0.385070	0.740605	0.710207	0.4513	0.3872	0.4550	0.1380	0.5216	0.1470	0.6672
000179	H	0.388058	0.738935	0.703376	0.4600	0.3740	0.5440	0.1190	0.5347	0.1433	0.6338
000180	A	0.382284	0.740834	0.697145	0.4420	0.3774	0.5340	0.1350	0.5289	0.1445	0.6064
000181	K	0.381324	0.744012	0.692935	0.3847	0.3774	0.4880	0.1370	0.5114	0.1520	0.5778
000182	D	0.365700	0.753865	0.689121	0.3806	0.3910	0.4960	0.1070	0.5127	0.1546	0.5523
000183	S	0.313684	0.757698	0.685939	0.4282	0.4476	0.5130	0.0850	0.5244	0.1529	0.5254
000184	Q	0.272867	0.762988	0.682049	0.4879	0.5098	0.5470	0.0670	0.5438	0.1554	0.5069
000185	R	0.244406	0.771801	0.679370	0.5253	0.5854	0.5910	0.0520	0.5662	0.1640	0.4958
000186	Y	0.197741	0.777289	0.677201	0.5623	0.6620	0.6040	0.0600	0.5801	0.1835	0.4906
000187	K	0.194289	0.782265	0.674882	0.5667	0.6851	0.6080	0.0860	0.5853	0.1873	0.4836
000188	V	0.198115	0.792036	0.672008	0.5623	0.6991	0.6690	0.1000	0.5987	0.1913	0.4775
000189	D	0.212243	0.802911	0.669204	0.5711	0.5807	0.6650	0.1050	0.5835	0.1826	0.4633
000190	Y	0.220083	0.810492	0.666000	0.5623	0.5707	0.7130	0.0990	0.5904	0.1860	0.4562
000191	E	0.163895	0.814044	0.663007	0.5296	0.5951	0.7000	0.0900	0.5777	0.2050	0.4453
000192	S	0.159375	0.816956	0.660487	0.5331	0.6043	0.7470	0.1060	0.5869	0.2121	0.4398
000193	Q	0.210079	0.823052	0.658714	0.5331	0.5901	0.7090	0.1280	0.5873	0.1918	0.4325
000194	S	0.281492	0.825619	0.656690	0.5374	0.5901	0.7090	0.1280	0.6001	0.1691	0.4246
000195	T	0.373246	0.834264	0.656982	0.5253	0.5854	0.7300	0.1180	0.6176	0.1475	0.4160
000196	D	0.409382	0.851990	0.658406	0.5084	0.5854	0.7170	0.1110	0.6217	0.1430	0.4100
000197	T	0.484718	0.861982	0.660846	0.5549	0.6806	0.7450	0.0890	0.6646	0.1225	0.4043
000198	Q	0.541562	0.867924	0.661601	0.5623	0.6906	0.7870	0.0720	0.6851	0.1155	0.4018
000199	N	0.591505	0.873107	0.661970	0.6124	0.6531	0.8270	0.0630	0.7031	0.1073	0.3970
000200	F	0.666745	0.875851	0.662351	0.6124	0.6427	0.8940	0.0420	0.7257	0.1142	0.3991
000201	S	0.730206	0.873950	0.659384	0.6174	0.7628	0.8780	0.0420	0.7537	0.0984	0.3926
000202	S	0.747019	0.869336	0.654489	0.6255	0.6136	0.8790	0.0530	0.7315	0.1096	0.3886
000203	E	0.746748	0.862951	0.647563	0.6516	0.6227	0.8750	0.0640	0.7344	0.1027	0.3807
000204	S	0.743182	0.854002	0.641065	0.5762	0.6183	0.8800	0.0730	0.7188	0.1165	0.3769
000205	K	0.793958	0.842510	0.636575	0.5711	0.6269	0.8720	0.0870	0.7239	0.1165	0.3745
000206	R	0.794056	0.834287	0.634018	0.5762	0.5992	0.8680	0.0930	0.7175	0.1176	0.3706
000207	E	0.795072	0.830628	0.634659	0.5762	0.5951	0.8310	0.1080	0.7105	0.1105	0.3696
000208	T	0.802480	0.815907	0.635715	0.5667	0.6043	0.8330	0.0900	0.7096	0.1095	0.3669
000209	E	0.807869	0.801889	0.634945	0.5549	0.5854	0.7870	0.0890	0.6954	0.1064	0.3646
000210	Y	0.821870	0.779383	0.629292	0.5514	0.5098	0.7750	0.0890	0.6778	0.1205	0.3656
000211	G	0.828296	0.755819	0.619125	0.6035	0.6322	0.6530	0.1030	0.6820	0.0820	0.3641
000212	P	0.812368	0.725372	0.607193	0.5412	0.6427	0.5870	0.1100	0.6526	0.0910	0.3655
000213	C	0.793143	0.702793	0.597338	0.5412	0.5758	0.5660	0.1160	0.6293	0.0894	0.3686
000214	R	0.759156	0.680192	0.588911	0.5296	0.5665	0.5280	0.1200	0.6088	0.0843	0.3822
000215	R	0.720978	0.652194	0.582561	0.4749	0.4801	0.4980	0.1240	0.5681	0.0931	0.3932
000216	E	0.647379	0.630684	0.577754	0.4879	0.4330	0.4620	0.1390	0.5398	0.0831	0.4066
000217	M	0.588095	0.630533	0.575498	0.4245	0.4369	0.4010	0.1460	0.5094	0.0908	0.4264
000218	E	0.537219	0.609280	0.575657	0.3717	0.3910	0.3430	0.1230	0.4712	0.1058	0.4360
000219	D	0.474076	0.599984	0.577605	0.3762	0.3460	0.3640	0.1250	0.4564	0.1023	0.4501
000220	T	0.415348	0.579530	0.580054	0.3263	0.3392	0.3230	0.1140	0.4273	0.1121	0.4670
000221	L	0.388438	0.560857	0.582688	0.3311	0.4292	0.2820	0.1160	0.4291	0.1108	0.4820
000222	N	0.363078	0.539634	0.586427	0.3263	0.4369	0.2470	0.1030	0.4165	0.1185	0.4882
000223	H	0.307006	0.527308	0.592953	0.3184	0.4149	0.2240	0.0880	0.3973	0.1291	0.4909
000224	L	0.256996	0.520348	0.601641	0.3885	0.4864	0.2240	0.0930	0.4129	0.1374	0.4890
000225	K	0.237143	0.514656	0.611707	0.3885	0.4864	0.2260	0.1100	0.4107	0.1425	0.4809
000226	F	0.203377	0.508321	0.621821	0.3399	0.4292	0.2220	0.0960	0.3874	0.1500	0.4737
000227	L	0.162661	0.513630	0.629118	0.3311	0.4441	0.1950	0.0720	0.3793	0.1672	0.4638
000228	N	0.137507	0.517234	0.633330	0.2913	0.4725	0.1880	0.0680	0.3734	0.1801	0.4486
000229	V	0.103003	0.517115	0.634596	0.3146	0.3631	0.1940	0.0700	0.3543	0.1806	0.4344
000230	L	0.057986	0.512727	0.634643	0.3146	0.3599	0.2080	0.0770	0.3479	0.1890	0.4228
000231	S	0.010368	0.509579	0.635371	0.1732	0.3566	0.1900	0.0750	0.3126	0.2124	0.4146
000232	P	0.008114	0.503406	0.637749	0.2167	0.4087	0.1780	0.0800	0.3254	0.2123	0.4115
000233	R	0.004139	0.474056	0.641805	0.2209	0.3983	0.2020	0.0960	0.3235	0.2069	0.4130
000234	G	0.006862	0.469139	0.646587	0.2385	0.3117	0.2500	0.1160	0.3205	0.1994	0.4176
000235	V	0.042260	0.446453	0.652701	0.2865	0.2951	0.2960	0.1530	0.3365	0.1846	0.4233
000236	H	0.081628	0.451154	0.658617	0.1958	0.2988	0.3020	0.1610	0.3314	0.1844	0.4317
000237	I	0.113554	0.461961	0.663214	0.1921	0.3740	0.2610	0.1580	0.3444	0.1825	0.4233
000238	P	0.164574	0.449448	0.664295	0.2483	0.4186	0.2020	0.1270	0.3578	0.1731	0.4044
000239	N	0.214916	0.482529	0.663398	0.2531	0.4220	0.2180	0.1490	0.3757	0.1644	0.3864
000240	C	0.246831	0.503321	0.662625	0.3096	0.3494	0.2310	0.1610	0.3838	0.1532	0.3664
000241	D	0.312356	0.546962	0.665277	0.3762	0.4051	0.2170	0.1510	0.4206	0.1478	0.3527
000242	K	0.380819	0.556465	0.674434	0.2255	0.4256	0.2180	0.1370	0.4135	0.1649	0.3444
000243	K	0.450993	0.578023	0.687651	0.2122	0.4017	0.2290	0.1280	0.4265	0.1720	0.3371
000244	G	0.494277	0.591868	0.701776	0.2255	0.3948	0.2270	0.1180	0.4393	0.1769	0.3304
000245	F	0.516959	0.593684	0.715278	0.2292	0.3910	0.2340	0.1060	0.4466	0.1800	0.3262
000246	Y	0.548679	0.611086	0.727635	0.2865	0.4369	0.2210	0.1010	0.4719	0.1776	0.3126
000247	K	0.534462	0.652513	0.737750	0.2820	0.4292	0.2140	0.0920	0.4750	0.1878	0.2982
000248	K	0.516464	0.678632	0.743901	0.3491	0.4864	0.2470	0.1080	0.5036	0.1725	0.2850
000249	K	0.497611	0.695221	0.745747	0.3225	0.4652	0.2770	0.1370	0.5006	0.1736	0.2812
000250	Q	0.446517	0.703989	0.745098	0.3263	0.3704	0.2910	0.1470	0.4806	0.1792	0.2775
000251	C	0.391205	0.712993	0.744906	0.4651	0.3599	0.3100	0.1500	0.4974	0.1703	0.2767
000252	R	0.337948	0.720881	0.744614	0.4078	0.2645	0.2930	0.1350	0.4614	0.1970	0.2753
000253	P	0.304107	0.729333	0.742114	0.2255	0.1583	0.2860	0.1480	0.4076	0.2367	0.2749
000254	S	0.261861	0.722254	0.734522	0.1532	0.1275	0.3230	0.1850	0.3870	0.2500	0.2667
000255	K	0.244877	0.703441	0.724241	0.0567	0.1275	0.3270	0.2130	0.3640	0.2617	0.2589
000256	G	0.279798	0.656601	0.714015	0.0771	0.1914	0.3130	0.2250	0.3720	0.2344	0.2508
000257	R	0.324755	0.627020	0.704031	0.1178	0.1914	0.2890	0.2160	0.3757	0.2166	0.2499
000258	K	0.397750	0.588904	0.695823	0.1117	0.1914	0.2520	0.1880	0.3730	0.2111	0.2507
000259	R	0.402070	0.553064	0.688423	0.0701	0.2002	0.2510	0.1840	0.3608	0.2115	0.2496
000260	G	0.403148	0.552286	0.681448	0.0621	0.2193	0.2060	0.1440	0.3540	0.2138	0.2471
000261	F	0.384303	0.576474	0.673845	0.0567	0.1611	0.1770	0.1050	0.3383	0.2266	0.2439
000262	C	0.339379	0.544156	0.663360	0.1532	0.2817	0.1430	0.0740	0.3541	0.1924	0.2385
000263	W	0.319544	0.502488	0.650880	0.1117	0.2715	0.1410	0.0690	0.3328	0.1913	0.2390
000264	C	0.272689	0.484058	0.635906	0.1150	0.1914	0.1650	0.0730	0.3107	0.1875	0.2332
000265	V	0.199840	0.488167	0.620050	0.1088	0.1914	0.1930	0.0940	0.3002	0.1860	0.2484
000266	D	0.120738	0.529402	0.604149	0.0660	0.1881	0.2090	0.1060	0.2863	0.2048	0.2571
000267	K	0.034446	0.542289	0.588918	0.0660	0.1852	0.2360	0.1300	0.2754	0.2165	0.2665
000268	Y	0.015700	0.574806	0.578655	0.0567	0.1759	0.2710	0.1470	0.2789	0.2261	0.2728
000269	G	0.001337	0.569264	0.573871	0.0567	0.1759	0.2880	0.1460	0.2776	0.2267	0.2744
000270	Q	0.000550	0.582112	0.575094	0.0514	0.1702	0.3210	0.1600	0.2834	0.2318	0.2774
000271	P	0.000746	0.592424	0.578622	0.0542	0.1702	0.3320	0.1620	0.2880	0.2346	0.2820
000272	L	0.001040	0.601605	0.582667	0.0813	0.2094	0.3610	0.1530	0.3062	0.2309	0.2859
000273	P	0.001123	0.603909	0.584437	0.2041	0.3249	0.3630	0.1480	0.3468	0.2094	0.2868
000274	G	0.030698	0.606125	0.584385	0.2255	0.2988	0.4330	0.1490	0.3630	0.2027	0.2821
000275	Y	0.051395	0.615549	0.582544	0.3806	0.3460	0.4860	0.1510	0.4103	0.1877	0.2731
000276	T	0.059602	0.618265	0.577628	0.2786	0.3840	0.4970	0.1470	0.4025	0.1912	0.2513
000277	T	0.067177	0.612564	0.569315	0.2080	0.3667	0.5220	0.1320	0.3910	0.1988	0.2353
000278	K	0.092421	0.610584	0.559241	0.2041	0.3740	0.5380	0.1290	0.3964	0.1925	0.2270
000279	G	0.110505	0.611876	0.550870	0.2432	0.4409	0.6010	0.1490	0.4263	0.1888	0.2166
000280	K	0.126998	0.609935	0.544999	0.2602	0.4369	0.6200	0.1600	0.4331	0.1836	0.2104
000281	E	0.145340	0.605549	0.540453	0.2602	0.4220	0.6320	0.1680	0.4342	0.1796	0.2056
000282	D	0.163928	0.596616	0.534522	0.2385	0.3872	0.6690	0.1000	0.4316	0.1848	0.2063
000283	V	0.147914	0.577206	0.528352	0.3263	0.4256	0.6400	0.1120	0.4409	0.1659	0.2122
000284	H	0.138113	0.567718	0.523053	0.3491	0.3840	0.6740	0.1150	0.4393	0.1734	0.2165
000285	C	0.139062	0.588136	0.521016	0.4037	0.3631	0.6690	0.0640	0.4473	0.1724	0.2171
000286	Y	0.142941	0.630589	0.519593	0.5173	0.4256	0.6980	0.1170	0.4891	0.1777	0.2445
000287	S	0.137314	0.687301	0.517343	0.5667	0.4087	0.7070	0.1290	0.5041	0.1926	0.2574
000288	M	0.098114	0.746502	0.514525	0.6219	0.3910	0.7700	0.1240	0.5237	0.2306	0.2706
000289	Q	0.082460	0.816443	0.513306	0.6604	0.3667	0.7850	0.1120	0.5373	0.2552	0.2761
000290	S	0.103294	0.829222	0.515393	0.7079	0.3392	0.8240	0.0800	0.5531	0.2655	0.2836
000291	K	0.177039	0.841432	0.517047	0.7458	0.3117	0.7540	0.2010	0.5579	0.2455	0.2907