RESNUM	RES	VL-XT	VSL2B	VL3	IUPred-S	IUPred-L	PONDRFIT	FITERROR	MDP	MDPERROR	ANCHOR2
000001	M	0.231508	0.854172	0.665641	0.9009	0.2470	0.9880	0.0090	0.5369	0.3241	0.9509
000002	E	0.531814	0.859053	0.660622	0.8713	0.2436	0.9860	0.0110	0.5820	0.2730	0.9546
000003	W	0.706029	0.863995	0.655806	0.8391	0.3087	0.9830	0.0130	0.6169	0.2412	0.9597
000004	N	0.363603	0.866239	0.653648	0.7912	0.3807	0.9800	0.0160	0.5637	0.2577	0.9612
000005	G	0.321669	0.869744	0.652424	0.7573	0.4186	0.9820	0.0120	0.5583	0.2584	0.9635
000006	L	0.379858	0.866730	0.651496	0.7275	0.3807	0.9840	0.0080	0.5564	0.2514	0.9657
000007	K	0.379035	0.872648	0.650116	0.7111	0.4017	0.9880	0.0060	0.5588	0.2489	0.9671
000008	M	0.362873	0.878082	0.649249	0.6442	0.4330	0.9840	0.0130	0.5503	0.2459	0.9707
000009	I	0.416118	0.884749	0.649818	0.6079	0.4476	0.9880	0.0070	0.5574	0.2365	0.9706
000010	I	0.487893	0.889247	0.652546	0.5623	0.4979	0.9860	0.0090	0.5705	0.2210	0.9648
000011	S	0.572302	0.893548	0.653689	0.5253	0.5139	0.9710	0.0190	0.5793	0.2101	0.9514
000012	T	0.664998	0.897867	0.655777	0.5583	0.5456	0.9510	0.0540	0.6029	0.1914	0.9331
000013	M	0.758224	0.901842	0.658285	0.5473	0.5342	0.9510	0.0550	0.6154	0.1950	0.9127
000014	E	0.816034	0.903443	0.659901	0.6124	0.6482	0.9580	0.0280	0.6563	0.1730	0.8734
000015	P	0.843105	0.908040	0.660730	0.6124	0.6322	0.9600	0.0180	0.6593	0.1775	0.8287
000016	Q	0.895897	0.912513	0.660431	0.6079	0.6427	0.9580	0.0230	0.6695	0.1817	0.7678
000017	V	0.944700	0.923648	0.660333	0.6442	0.7163	0.9670	0.0140	0.6994	0.1766	0.6906
000018	S	0.962133	0.935245	0.660122	0.6474	0.7628	0.9710	0.0140	0.7131	0.1767	0.5994
000019	N	0.989151	0.944067	0.657284	0.6604	0.7881	0.9700	0.0150	0.7253	0.1780	0.5000
000020	G	0.993987	0.950996	0.653535	0.7111	0.8462	0.9690	0.0170	0.7452	0.1703	0.4239
000021	P	0.997475	0.957249	0.646549	0.7458	0.8991	0.9640	0.0180	0.7606	0.1676	0.3742
000022	T	0.998587	0.961283	0.637174	0.7458	0.9057	0.9640	0.0180	0.7625	0.1694	0.3436
000023	S	0.998444	0.964500	0.629454	0.7458	0.9081	0.9660	0.0180	0.7638	0.1710	0.3161
000024	N	0.998332	0.968006	0.622123	0.7573	0.9308	0.9610	0.0190	0.7693	0.1716	0.2883
000025	T	0.998196	0.970335	0.615106	0.7644	0.8713	0.9610	0.0180	0.7609	0.1702	0.2741
000026	S	0.998041	0.972299	0.605624	0.7573	0.8713	0.9590	0.0200	0.7596	0.1722	0.2667
000027	N	0.997887	0.972022	0.595859	0.6827	0.8596	0.9570	0.0250	0.7448	0.1825	0.2597
000028	G	0.997601	0.971316	0.588305	0.7342	0.9151	0.9580	0.0260	0.7627	0.1786	0.2591
000029	P	0.997343	0.971101	0.583339	0.7342	0.8966	0.9560	0.0290	0.7592	0.1783	0.2684
000030	S	0.997102	0.970188	0.581069	0.7540	0.8991	0.9570	0.0300	0.7629	0.1766	0.2855
000031	S	0.997434	0.969033	0.581583	0.7418	0.9013	0.9570	0.0320	0.7611	0.1778	0.2990
000032	N	0.997482	0.966005	0.580989	0.7458	0.8828	0.9620	0.0290	0.7590	0.1770	0.3069
000033	N	0.997496	0.962242	0.579283	0.7458	0.8596	0.9650	0.0260	0.7550	0.1769	0.3209
000034	R	0.997237	0.961271	0.577253	0.7418	0.8623	0.9670	0.0250	0.7549	0.1777	0.3431
000035	N	0.997096	0.955728	0.572449	0.7317	0.8596	0.9650	0.0230	0.7514	0.1787	0.3623
000036	C	0.995028	0.946706	0.565268	0.7317	0.8655	0.9680	0.0220	0.7512	0.1793	0.3834
000037	P	0.991152	0.933687	0.556937	0.7275	0.8765	0.9660	0.0260	0.7491	0.1795	0.4004
000038	S	0.983573	0.920828	0.549676	0.7342	0.8681	0.9630	0.0280	0.7450	0.1774	0.4172
000039	P	0.966224	0.904457	0.538454	0.7418	0.8655	0.9570	0.0310	0.7392	0.1745	0.4315
000040	M	0.932965	0.886508	0.527305	0.7232	0.8421	0.9530	0.0340	0.7229	0.1714	0.4425
000041	Q	0.892972	0.869941	0.517508	0.7192	0.8530	0.9440	0.0360	0.7131	0.1673	0.4348
000042	T	0.852832	0.851954	0.508003	0.7147	0.7951	0.9450	0.0350	0.6932	0.1628	0.4249
000043	G	0.846157	0.836392	0.498280	0.7147	0.7080	0.9310	0.0450	0.6727	0.1618	0.4309
000044	A	0.799991	0.819291	0.488044	0.6715	0.6322	0.9270	0.0460	0.6416	0.1646	0.4456
000045	T	0.771164	0.799942	0.474569	0.6174	0.6375	0.8990	0.0610	0.6208	0.1601	0.4575
000046	T	0.714512	0.780798	0.461770	0.5623	0.5342	0.9030	0.0670	0.5824	0.1716	0.4692
000047	D	0.657920	0.757787	0.447887	0.6219	0.5456	0.8940	0.0910	0.5795	0.1617	0.4871
000048	D	0.609282	0.732689	0.433960	0.5331	0.5456	0.8900	0.1020	0.5517	0.1656	0.5116
000049	S	0.576551	0.706393	0.418967	0.4749	0.5577	0.8690	0.1050	0.5307	0.1651	0.5326
000050	K	0.547877	0.681471	0.407363	0.4781	0.5382	0.8610	0.1210	0.5178	0.1632	0.5498
000051	T	0.537771	0.656482	0.396783	0.4967	0.5342	0.8290	0.1310	0.5090	0.1519	0.5651
000052	N	0.502641	0.615702	0.387661	0.4749	0.5211	0.7780	0.1230	0.4821	0.1394	0.5909
000053	L	0.480014	0.564204	0.379136	0.4513	0.5342	0.7260	0.1520	0.4594	0.1257	0.6130
000054	I	0.462350	0.524735	0.370261	0.4420	0.5493	0.5730	0.1270	0.4252	0.0929	0.6144
000055	V	0.469614	0.491430	0.360258	0.4651	0.6043	0.4290	0.0790	0.4098	0.0948	0.6005
000056	N	0.465639	0.475677	0.348163	0.4781	0.4979	0.4210	0.0900	0.3896	0.0768	0.5806
000057	Y	0.444967	0.430016	0.338240	0.4918	0.5017	0.4450	0.0980	0.3856	0.0775	0.5683
000058	L	0.426054	0.417379	0.329501	0.4037	0.4864	0.4560	0.1210	0.3649	0.0733	0.5488
000059	P	0.414497	0.409680	0.318985	0.3885	0.4087	0.4490	0.1380	0.3450	0.0663	0.5210
000060	Q	0.384917	0.409517	0.308880	0.3885	0.3249	0.4750	0.1420	0.3305	0.0753	0.4995
000061	N	0.355541	0.413167	0.296692	0.3225	0.3286	0.5080	0.1560	0.3213	0.0868	0.4846
000062	M	0.387772	0.404188	0.283389	0.2432	0.3249	0.5570	0.1590	0.3194	0.1120	0.4706
000063	T	0.395506	0.415811	0.272044	0.2432	0.2470	0.5040	0.1620	0.3008	0.1082	0.4569
000064	Q	0.428643	0.445849	0.259116	0.2865	0.3019	0.4390	0.1510	0.3170	0.0899	0.4463
000065	E	0.478963	0.428628	0.245634	0.2483	0.3807	0.4080	0.1450	0.3240	0.0975	0.4374
000066	E	0.541861	0.415286	0.233823	0.2865	0.3566	0.3920	0.1420	0.3320	0.1056	0.4283
000067	F	0.601794	0.411833	0.225321	0.3005	0.3631	0.3410	0.1320	0.3363	0.1228	0.4175
000068	R	0.654870	0.375518	0.218316	0.2700	0.4330	0.2600	0.0990	0.3323	0.1517	0.4080
000069	S	0.705563	0.329521	0.211602	0.3399	0.4220	0.2180	0.0750	0.3358	0.1701	0.3984
000070	L	0.745254	0.330953	0.206624	0.3096	0.3910	0.2070	0.0740	0.3306	0.1856	0.3868
000071	F	0.744458	0.312565	0.200519	0.2432	0.3182	0.2200	0.0730	0.3064	0.1892	0.3784
000072	G	0.734342	0.292657	0.190203	0.2292	0.2541	0.2080	0.0680	0.2864	0.1917	0.3760
000073	S	0.664412	0.309144	0.180728	0.1844	0.2884	0.1990	0.0630	0.2742	0.1714	0.3769
000074	I	0.624863	0.311261	0.170331	0.1380	0.2988	0.1670	0.0540	0.2566	0.1683	0.3767
000075	G	0.575053	0.280240	0.159643	0.1322	0.2849	0.1370	0.0500	0.2350	0.1560	0.3832
000076	E	0.521809	0.279632	0.153098	0.1322	0.2002	0.1300	0.0480	0.2107	0.1400	0.3903
000077	I	0.486081	0.292498	0.146709	0.1178	0.1881	0.1110	0.0420	0.1993	0.1343	0.3997
000078	E	0.458875	0.276259	0.142391	0.1178	0.2715	0.0980	0.0390	0.2037	0.1274	0.4132
000079	S	0.434246	0.259314	0.139596	0.1150	0.2715	0.0860	0.0320	0.1943	0.1217	0.4239
000080	C	0.390694	0.263594	0.138146	0.1117	0.2715	0.0790	0.0240	0.1860	0.1115	0.4315
000081	K	0.371910	0.251705	0.133048	0.1698	0.2680	0.0750	0.0190	0.1894	0.1000	0.4175
000082	L	0.365278	0.235155	0.126791	0.2385	0.3494	0.0810	0.0190	0.2116	0.1066	0.4118
000083	V	0.312515	0.259465	0.122455	0.1635	0.2783	0.0760	0.0160	0.1817	0.0889	0.4052
000084	R	0.276557	0.292803	0.119066	0.1602	0.2817	0.0940	0.0280	0.1842	0.0845	0.3973
000085	D	0.244042	0.291329	0.117462	0.1667	0.2645	0.1160	0.0400	0.1805	0.0726	0.3870
000086	K	0.196183	0.310346	0.116364	0.1698	0.2129	0.1290	0.0420	0.1697	0.0669	0.3813
000087	I	0.141670	0.313214	0.113349	0.1060	0.2064	0.1250	0.0370	0.1486	0.0754	0.3798
000088	T	0.087677	0.279686	0.112714	0.1292	0.2034	0.0960	0.0350	0.1326	0.0712	0.3759
000089	G	0.057945	0.257332	0.111488	0.1205	0.1349	0.0790	0.0330	0.1083	0.0664	0.3784
000090	Q	0.017267	0.248192	0.110944	0.0771	0.1424	0.0700	0.0340	0.0925	0.0747	0.3858
000091	S	0.003315	0.207338	0.108127	0.0677	0.2292	0.0680	0.0370	0.0960	0.0821	0.3960
000092	L	0.003337	0.181128	0.104235	0.0723	0.2292	0.0570	0.0290	0.0906	0.0782	0.4080
000093	G	0.002841	0.162536	0.101725	0.1380	0.3019	0.0530	0.0270	0.1097	0.0960	0.4138
000094	Y	0.003886	0.136019	0.098275	0.1844	0.3286	0.0590	0.0310	0.1187	0.1047	0.4245
000095	G	0.004603	0.122111	0.095852	0.1844	0.3356	0.0560	0.0220	0.1171	0.1074	0.4309
000096	F	0.005202	0.121538	0.094697	0.1416	0.3215	0.0630	0.0150	0.1088	0.0996	0.4288
000097	V	0.005233	0.126762	0.092797	0.1566	0.3019	0.0620	0.0110	0.1088	0.0941	0.4294
000098	N	0.005347	0.146963	0.090432	0.2255	0.3053	0.0690	0.0180	0.1254	0.1014	0.4329
000099	Y	0.005245	0.182444	0.086223	0.1958	0.3117	0.1060	0.0390	0.1335	0.0979	0.4315
000100	I	0.005517	0.224100	0.085312	0.1380	0.3149	0.1470	0.0650	0.1382	0.0992	0.4226
000101	D	0.006200	0.270059	0.085701	0.1322	0.2436	0.1890	0.0890	0.1402	0.0921	0.4091
000102	P	0.014424	0.330090	0.090110	0.1292	0.2575	0.2000	0.0700	0.1553	0.1063	0.3964
000103	K	0.041855	0.363004	0.098494	0.1380	0.3249	0.2150	0.0540	0.1804	0.1177	0.3819
000104	D	0.078328	0.421658	0.104689	0.1416	0.2609	0.2060	0.0490	0.1847	0.1169	0.3705
000105	A	0.115121	0.428966	0.111126	0.2080	0.3356	0.1960	0.0440	0.2140	0.1167	0.3605
000106	E	0.166991	0.429756	0.118590	0.1416	0.2752	0.1670	0.0400	0.1968	0.1090	0.3551
000107	K	0.229763	0.418015	0.127564	0.2122	0.3667	0.1320	0.0280	0.2264	0.1121	0.3534
000108	A	0.247895	0.375098	0.135205	0.1958	0.4256	0.1060	0.0290	0.2251	0.1199	0.3563
000109	I	0.300845	0.349718	0.138897	0.2122	0.4119	0.1050	0.0360	0.2300	0.1131	0.3598
000110	N	0.310069	0.316279	0.144422	0.2786	0.4901	0.0990	0.0270	0.2490	0.1296	0.3599
000111	T	0.314500	0.286902	0.153039	0.3630	0.4901	0.1140	0.0280	0.2614	0.1289	0.3635
000112	L	0.288391	0.271680	0.162289	0.3630	0.4766	0.1360	0.0420	0.2560	0.1187	0.3687
000113	N	0.285571	0.249062	0.168209	0.2432	0.3910	0.1630	0.0490	0.2219	0.0819	0.3700
000114	G	0.269207	0.247845	0.174349	0.2483	0.3948	0.1870	0.0590	0.2245	0.0775	0.3744
000115	L	0.258850	0.254745	0.184508	0.1878	0.3149	0.1840	0.0640	0.2000	0.0582	0.3792
000116	R	0.272425	0.262782	0.196142	0.2209	0.3149	0.1790	0.0680	0.2083	0.0572	0.3826
000117	L	0.342608	0.260950	0.205963	0.1602	0.3087	0.1850	0.0700	0.2096	0.0744	0.3845
000118	Q	0.378407	0.285707	0.217981	0.1349	0.3426	0.1790	0.0650	0.2201	0.0943	0.3839
000119	T	0.472313	0.302069	0.228672	0.1698	0.3631	0.1870	0.0630	0.2491	0.1127	0.3840
000120	K	0.557331	0.311493	0.240864	0.2748	0.4292	0.1810	0.0490	0.2923	0.1321	0.3862
000121	T	0.660365	0.332022	0.254152	0.2700	0.3910	0.1870	0.0620	0.3068	0.1587	0.3905
000122	I	0.733979	0.361130	0.259357	0.2786	0.3840	0.1980	0.0760	0.3260	0.1799	0.3937
000123	K	0.804370	0.392378	0.268992	0.3184	0.3740	0.2110	0.0780	0.3500	0.1982	0.3955
000124	V	0.864582	0.433391	0.277574	0.3184	0.3704	0.2270	0.0760	0.3689	0.2164	0.3988
000125	S	0.876290	0.454787	0.281667	0.2333	0.3840	0.2350	0.0770	0.3640	0.2278	0.4019
000126	Y	0.857592	0.476678	0.284218	0.3263	0.4220	0.2660	0.0750	0.3914	0.2070	0.4043
000127	A	0.837345	0.501651	0.288565	0.3263	0.4256	0.2980	0.0800	0.3981	0.1965	0.4032
000128	R	0.817006	0.503822	0.293443	0.3762	0.4220	0.3300	0.0970	0.4082	0.1811	0.4024
000129	P	0.819418	0.509241	0.293733	0.3668	0.3426	0.3510	0.1120	0.3982	0.1857	0.4029
000130	S	0.813767	0.529371	0.296716	0.3005	0.2817	0.3570	0.1210	0.3805	0.1973	0.4042
000131	S	0.814361	0.513114	0.295421	0.2255	0.2849	0.3610	0.1100	0.3665	0.2056	0.4053
000132	A	0.825347	0.499204	0.300579	0.1667	0.2817	0.3710	0.1070	0.3573	0.2178	0.4062
000133	S	0.827852	0.512839	0.300218	0.2432	0.2783	0.3190	0.1030	0.3635	0.2104	0.4072
000134	I	0.844791	0.507942	0.293887	0.2432	0.3117	0.2870	0.1100	0.3658	0.2156	0.4087
000135	R	0.881999	0.462427	0.288049	0.2255	0.3631	0.2730	0.1090	0.3677	0.2269	0.4110
000136	D	0.913637	0.422539	0.281584	0.2558	0.3667	0.2520	0.1070	0.3684	0.2359	0.4114
000137	A	0.900068	0.386577	0.274643	0.3263	0.4087	0.2020	0.0790	0.3705	0.2316	0.4113
000138	N	0.849459	0.334830	0.265736	0.3535	0.4409	0.1600	0.0560	0.3565	0.2226	0.4175
000139	L	0.783882	0.276536	0.257976	0.3053	0.4409	0.1480	0.0570	0.3257	0.2091	0.4240
000140	Y	0.737103	0.258892	0.254100	0.2700	0.4087	0.1370	0.0450	0.3020	0.1971	0.4268
000141	V	0.704778	0.261008	0.247326	0.2748	0.4220	0.1320	0.0560	0.2991	0.1881	0.4230
000142	S	0.616967	0.285040	0.237548	0.2748	0.3494	0.1370	0.0650	0.2772	0.1538	0.4171
000143	G	0.512727	0.323130	0.229103	0.3146	0.3872	0.1560	0.0800	0.2822	0.1195	0.4110
000144	L	0.406887	0.363635	0.226109	0.2292	0.3948	0.1690	0.0780	0.2606	0.1004	0.4040
000145	P	0.307879	0.393270	0.222727	0.3225	0.3983	0.1540	0.0680	0.2626	0.0954	0.3941
000146	K	0.237733	0.434724	0.219039	0.3146	0.3019	0.1950	0.0690	0.2473	0.0878	0.3824
000147	T	0.190469	0.471126	0.210666	0.2255	0.2884	0.2630	0.0750	0.2398	0.0999	0.3767
000148	M	0.190283	0.460016	0.201470	0.1766	0.3215	0.3220	0.0930	0.2451	0.1061	0.3721
000149	T	0.149584	0.491954	0.193714	0.1698	0.2364	0.3040	0.0850	0.2253	0.1206	0.3588
000150	Q	0.093106	0.533290	0.184728	0.2432	0.3053	0.2770	0.0770	0.2421	0.1388	0.3488
000151	K	0.095820	0.531156	0.173757	0.2333	0.3807	0.2550	0.0690	0.2493	0.1451	0.3439
000152	E	0.110698	0.531066	0.162787	0.3053	0.3599	0.2530	0.0650	0.2600	0.1398	0.3452
000153	L	0.163401	0.518435	0.163093	0.3053	0.2849	0.2280	0.0620	0.2501	0.1237	0.3498
000154	E	0.209000	0.458193	0.159503	0.2167	0.2918	0.1930	0.0560	0.2280	0.1029	0.3553
000155	Q	0.246935	0.376912	0.156150	0.2080	0.3599	0.1720	0.0680	0.2272	0.0903	0.3627
000156	L	0.277694	0.316496	0.155584	0.1766	0.3356	0.1480	0.0720	0.2091	0.0815	0.3748
000157	F	0.277518	0.259771	0.156626	0.1805	0.2609	0.1260	0.0630	0.1842	0.0638	0.3865
000158	S	0.281140	0.216425	0.155686	0.1805	0.1881	0.1120	0.0580	0.1631	0.0582	0.3916
000159	Q	0.276328	0.197782	0.154856	0.1456	0.1583	0.1010	0.0470	0.1466	0.0601	0.3997
000160	Y	0.267776	0.187822	0.156990	0.0991	0.1643	0.1060	0.0550	0.1374	0.0621	0.4172
000161	G	0.254539	0.166759	0.158248	0.0587	0.1643	0.0860	0.0350	0.1216	0.0685	0.4278
000162	R	0.202314	0.146116	0.159973	0.0621	0.1206	0.0730	0.0240	0.1007	0.0557	0.4315
000163	I	0.159093	0.143948	0.156082	0.0587	0.1162	0.0700	0.0190	0.0913	0.0478	0.4262
000164	I	0.160849	0.126846	0.153219	0.0607	0.1731	0.0700	0.0190	0.0985	0.0508	0.4251
000165	T	0.161410	0.119292	0.153179	0.0567	0.1184	0.0720	0.0170	0.0879	0.0462	0.4274
000166	S	0.152310	0.128210	0.156855	0.0567	0.1137	0.0760	0.0160	0.0878	0.0454	0.4309
000167	R	0.155086	0.128564	0.162520	0.0567	0.1731	0.0780	0.0160	0.0986	0.0515	0.4313
000168	I	0.151773	0.120896	0.165457	0.1041	0.2609	0.0830	0.0280	0.1201	0.0639	0.4276
000169	L	0.141691	0.142395	0.170821	0.0991	0.2034	0.0810	0.0270	0.1112	0.0500	0.4226
000170	V	0.144547	0.182121	0.178664	0.0991	0.1969	0.0790	0.0210	0.1169	0.0532	0.4117
000171	D	0.147629	0.204752	0.186312	0.1018	0.1791	0.0830	0.0210	0.1194	0.0544	0.3982
000172	Q	0.155133	0.227040	0.193630	0.1018	0.1206	0.0910	0.0220	0.1159	0.0589	0.3938
000173	V	0.130212	0.237204	0.199184	0.0621	0.1229	0.1070	0.0320	0.1099	0.0671	0.3948
000174	T	0.111208	0.230945	0.206404	0.0677	0.1137	0.1310	0.0510	0.1091	0.0665	0.3981
000175	G	0.101730	0.224219	0.211386	0.1150	0.1823	0.1530	0.0660	0.1294	0.0578	0.4089
000176	V	0.094838	0.222336	0.217855	0.0744	0.1791	0.1540	0.0610	0.1208	0.0672	0.4231
000177	S	0.110658	0.215004	0.219460	0.0789	0.1881	0.1560	0.0600	0.1248	0.0638	0.4317
000178	R	0.132384	0.214397	0.224320	0.0744	0.1206	0.1540	0.0510	0.1159	0.0644	0.4198
000179	G	0.162139	0.222507	0.230185	0.1205	0.1942	0.1570	0.0500	0.1427	0.0544	0.4089
000180	V	0.194789	0.203553	0.233948	0.1205	0.2328	0.1620	0.0500	0.1522	0.0559	0.3982
000181	G	0.217574	0.189304	0.238299	0.1805	0.3087	0.1620	0.0540	0.1763	0.0626	0.3863
000182	F	0.261276	0.181540	0.245444	0.1456	0.3087	0.1660	0.0600	0.1772	0.0709	0.3754
000183	I	0.309120	0.186843	0.253092	0.1532	0.2752	0.1620	0.0630	0.1810	0.0726	0.3750
000184	R	0.348941	0.199103	0.257782	0.2255	0.2575	0.1560	0.0610	0.1979	0.0735	0.3796
000185	F	0.393111	0.225696	0.263235	0.1998	0.2541	0.1630	0.0630	0.2059	0.0846	0.3835
000186	D	0.436558	0.256379	0.273781	0.1456	0.2541	0.1640	0.0660	0.2095	0.1049	0.3934
000187	K	0.482648	0.289763	0.286462	0.2080	0.2436	0.1780	0.0750	0.2337	0.1094	0.4051
000188	R	0.525973	0.339469	0.304539	0.2122	0.2575	0.1980	0.0870	0.2554	0.1210	0.4141
000189	I	0.587290	0.372878	0.324698	0.1667	0.2503	0.2070	0.0820	0.2640	0.1488	0.4233
000190	E	0.653440	0.400935	0.343452	0.1635	0.2645	0.1960	0.0730	0.2798	0.1727	0.4327
000191	A	0.674923	0.435244	0.364518	0.2385	0.3249	0.1930	0.0650	0.3111	0.1683	0.4264
000192	E	0.703118	0.462441	0.384989	0.2531	0.3529	0.1830	0.0550	0.3257	0.1785	0.4185
000193	E	0.725955	0.473075	0.404174	0.3263	0.4441	0.1950	0.0670	0.3608	0.1748	0.4134
000194	A	0.753640	0.487591	0.423943	0.4420	0.5296	0.2120	0.0750	0.4042	0.1748	0.4129
000195	I	0.779285	0.514729	0.443751	0.4420	0.4864	0.2070	0.0630	0.4050	0.1829	0.4141
000196	K	0.800811	0.534284	0.459604	0.5173	0.6089	0.1940	0.0480	0.4425	0.1967	0.4161
000197	G	0.803611	0.564865	0.474492	0.4825	0.6089	0.1950	0.0500	0.4425	0.1988	0.4193
000198	L	0.782010	0.595759	0.487710	0.4879	0.6427	0.2240	0.0680	0.4554	0.1901	0.4221
000199	N	0.692891	0.615218	0.504551	0.4967	0.5296	0.2390	0.0690	0.4288	0.1639	0.4231
000200	G	0.614795	0.637165	0.518417	0.6035	0.6375	0.2940	0.0880	0.4645	0.1492	0.4254
000201	Q	0.525846	0.668361	0.530193	0.5331	0.5419	0.3020	0.0840	0.4285	0.1397	0.4272
000202	K	0.451161	0.679120	0.541989	0.5667	0.5807	0.3120	0.1020	0.4316	0.1464	0.4292
000203	P	0.366862	0.684265	0.551288	0.5084	0.4582	0.2700	0.0730	0.3813	0.1609	0.4313
000204	S	0.288992	0.688327	0.563220	0.5043	0.4149	0.2790	0.0790	0.3625	0.1740	0.4330
000205	G	0.225627	0.687124	0.573782	0.4749	0.4582	0.2790	0.0790	0.3541	0.1856	0.4336
000206	A	0.173859	0.683790	0.585289	0.5126	0.5577	0.2380	0.0730	0.3610	0.2107	0.4334
000207	T	0.105991	0.687764	0.594709	0.5229	0.5901	0.2110	0.0660	0.3530	0.2369	0.4337
000208	E	0.106747	0.663605	0.605055	0.5253	0.5901	0.1950	0.0590	0.3468	0.2376	0.4346
000209	P	0.148473	0.653590	0.613592	0.6174	0.6991	0.1860	0.0510	0.3841	0.2496	0.4368
000210	I	0.173328	0.643157	0.623182	0.6124	0.6806	0.1920	0.0460	0.3836	0.2402	0.4395
000211	T	0.190204	0.683021	0.632434	0.6293	0.6755	0.2070	0.0520	0.3975	0.2405	0.4421
000212	V	0.193342	0.675505	0.642750	0.6255	0.6576	0.2450	0.0700	0.3995	0.2308	0.4454
000213	K	0.188135	0.694796	0.652780	0.6334	0.6712	0.2870	0.0800	0.4125	0.2307	0.4476
000214	F	0.170844	0.728771	0.660144	0.5992	0.5951	0.3610	0.1130	0.4091	0.2217	0.4495
000215	A	0.204174	0.756048	0.669427	0.6219	0.5055	0.3540	0.1170	0.4070	0.2201	0.4485
000216	N	0.218328	0.790440	0.678909	0.5992	0.4292	0.3930	0.1200	0.4050	0.2224	0.4476
000217	N	0.213956	0.812089	0.682971	0.5802	0.4541	0.4670	0.1180	0.4213	0.2208	0.4485
000218	P	0.178639	0.824454	0.685858	0.5331	0.4619	0.4850	0.1410	0.4138	0.2308	0.4500
000219	S	0.173207	0.830612	0.682143	0.5296	0.3740	0.5190	0.1480	0.4043	0.2387	0.4513
000220	Q	0.235987	0.836773	0.678568	0.5126	0.2609	0.5630	0.1490	0.4016	0.2422	0.4533
000221	K	0.334668	0.839880	0.674957	0.5173	0.3494	0.6040	0.1420	0.4408	0.2106	0.4565
000222	S	0.437301	0.839526	0.670959	0.4513	0.3426	0.6030	0.1320	0.4457	0.2006	0.4593
000223	S	0.537431	0.836918	0.668310	0.5296	0.4330	0.5630	0.1410	0.4833	0.1699	0.4613
000224	Q	0.584392	0.827643	0.663051	0.5296	0.4441	0.6170	0.1380	0.5004	0.1623	0.4616
000225	A	0.670686	0.807469	0.657542	0.6219	0.5533	0.6810	0.1210	0.5558	0.1336	0.4596
000226	L	0.772488	0.798490	0.648798	0.6516	0.5951	0.6820	0.1240	0.5833	0.1297	0.4579
000227	L	0.874171	0.778003	0.644263	0.6604	0.4766	0.6720	0.1560	0.5769	0.1630	0.4526
000228	S	0.962926	0.764098	0.640629	0.6650	0.4940	0.6670	0.1490	0.5922	0.1779	0.4442
000229	Q	0.988733	0.736322	0.635283	0.5667	0.4652	0.6990	0.1400	0.5760	0.1945	0.4350
000230	L	0.978723	0.718439	0.626480	0.5992	0.4979	0.7190	0.1210	0.5855	0.1824	0.4302
000231	Y	0.968714	0.697938	0.620662	0.5802	0.4087	0.6510	0.1430	0.5511	0.1966	0.4236
000232	Q	0.958790	0.698700	0.616201	0.6035	0.4119	0.5540	0.1250	0.5378	0.1957	0.4204
000233	S	0.955901	0.706231	0.615146	0.5253	0.4149	0.5840	0.1240	0.5311	0.1977	0.4155
000234	P	0.954653	0.701153	0.614920	0.5296	0.4292	0.5370	0.1560	0.5253	0.1969	0.4129
000235	N	0.871590	0.705428	0.614650	0.5229	0.3872	0.4940	0.1230	0.4969	0.1873	0.4128
000236	R	0.798438	0.716325	0.615273	0.5549	0.4256	0.4730	0.1160	0.4948	0.1657	0.4129
000237	R	0.725202	0.717876	0.619054	0.5667	0.5098	0.4220	0.1030	0.4903	0.1497	0.4107
000238	Y	0.651189	0.715988	0.622140	0.6374	0.4801	0.4100	0.1030	0.4824	0.1482	0.4084
000239	P	0.585140	0.711772	0.622338	0.6474	0.4864	0.3370	0.0790	0.4612	0.1607	0.4057
000240	G	0.513601	0.692662	0.623022	0.5374	0.3983	0.3490	0.0780	0.4152	0.1578	0.4007
000241	P	0.435850	0.684966	0.625178	0.6124	0.4864	0.2830	0.0800	0.4171	0.1715	0.3947
000242	L	0.351045	0.675099	0.628334	0.6079	0.5992	0.2550	0.0820	0.4148	0.1889	0.3855
000243	H	0.251255	0.662498	0.623453	0.6079	0.4940	0.2600	0.0860	0.3793	0.1982	0.3785
000244	H	0.228335	0.643849	0.622365	0.6124	0.4186	0.3390	0.1200	0.3738	0.1898	0.3710
000245	Q	0.194524	0.654183	0.623442	0.5173	0.4017	0.3890	0.1300	0.3594	0.1877	0.3653
000246	A	0.159485	0.651747	0.617378	0.4458	0.3529	0.3780	0.1310	0.3313	0.1957	0.3626
000247	Q	0.126333	0.639954	0.606384	0.4420	0.3182	0.3280	0.1250	0.3092	0.2038	0.3611
000248	R	0.092759	0.617955	0.593866	0.3885	0.2292	0.3560	0.1240	0.2807	0.2110	0.3565
000249	F	0.068754	0.596349	0.580644	0.4420	0.3149	0.3480	0.1610	0.2950	0.2035	0.3502
000250	R	0.051126	0.581080	0.569812	0.3311	0.2258	0.3250	0.1880	0.2523	0.2088	0.3494
000251	L	0.035713	0.539783	0.556380	0.3359	0.2258	0.3640	0.2110	0.2501	0.2019	0.3509
000252	D	0.034801	0.508881	0.544734	0.2385	0.2034	0.4000	0.2480	0.2310	0.2015	0.3526
000253	N	0.039930	0.447098	0.533735	0.3225	0.2034	0.4410	0.2600	0.2424	0.1894	0.3538
000254	L	0.048323	0.409135	0.518381	0.3225	0.1702	0.4810	0.2850	0.2385	0.1889	0.3507
000255	L	0.047755	0.377127	0.507987	0.2531	0.1643	0.4750	0.2820	0.2196	0.1858	0.3510
000256	N	0.091617	0.379074	0.496175	0.1998	0.1554	0.4110	0.2550	0.2061	0.1691	0.3518
000257	M	0.177706	0.386869	0.489608	0.2333	0.2034	0.3760	0.2310	0.2296	0.1398	0.3515
000258	A	0.278675	0.425182	0.483830	0.2122	0.1424	0.3050	0.1780	0.2273	0.1421	0.3571
000259	Y	0.382134	0.403863	0.472136	0.2209	0.1611	0.2870	0.1730	0.2425	0.1337	0.3655
000260	G	0.472379	0.388130	0.466020	0.2483	0.2783	0.2720	0.1740	0.2766	0.1208	0.3751
000261	V	0.572132	0.424103	0.464825	0.2558	0.2715	0.2510	0.1460	0.2957	0.1447	0.3821
000262	K	0.673652	0.469087	0.459226	0.3491	0.3182	0.2740	0.1380	0.3473	0.1528	0.3912
000263	R	0.771890	0.482611	0.451449	0.3359	0.2292	0.3240	0.1250	0.3572	0.1891	0.3986
000264	L	0.806032	0.485529	0.443218	0.2913	0.2470	0.3940	0.0990	0.3707	0.1958	0.4092
000265	M	0.812302	0.508833	0.444240	0.2963	0.3494	0.4210	0.1080	0.3980	0.1823	0.4250
000266	S	0.809434	0.529690	0.444212	0.3762	0.4292	0.4660	0.1340	0.4352	0.1600	0.4257
000267	G	0.759678	0.551014	0.433614	0.3847	0.3182	0.5630	0.1260	0.4294	0.1613	0.4115
000268	P	0.722169	0.570314	0.418751	0.4379	0.3494	0.6570	0.1000	0.4561	0.1512	0.3980
000269	V	0.703822	0.567726	0.402662	0.3717	0.4051	0.6350	0.1380	0.4472	0.1444	0.3878
000270	P	0.677936	0.589037	0.390232	0.4513	0.4119	0.5150	0.1620	0.4409	0.1205	0.3767
000271	P	0.668354	0.604173	0.376782	0.4600	0.4149	0.4670	0.1900	0.4357	0.1211	0.3681
000272	S	0.658790	0.607081	0.359379	0.4600	0.4017	0.4370	0.1730	0.4273	0.1240	0.3604
000273	A	0.715261	0.579946	0.341870	0.4513	0.4119	0.4320	0.1510	0.4318	0.1361	0.3526
000274	C	0.761273	0.557372	0.330869	0.3717	0.4051	0.3240	0.1180	0.4032	0.1656	0.3454
000275	P	0.728640	0.517367	0.314334	0.4513	0.4441	0.2050	0.0590	0.3910	0.1718	0.3455
000276	P	0.723937	0.459661	0.297798	0.4825	0.4864	0.1860	0.0510	0.3898	0.1753	0.3489
000277	R	0.682099	0.422227	0.287527	0.4420	0.4864	0.1870	0.0470	0.3699	0.1629	0.3554
000278	F	0.616348	0.377791	0.281701	0.4420	0.4149	0.1880	0.0410	0.3398	0.1416	0.3593
000279	S	0.542410	0.359663	0.279047	0.4203	0.3321	0.1630	0.0370	0.3030	0.1260	0.3593
000280	P	0.446011	0.350203	0.277525	0.4245	0.3948	0.1510	0.0380	0.2945	0.1109	0.3577
000281	I	0.394691	0.333169	0.274707	0.3456	0.3286	0.1540	0.0460	0.2593	0.0888	0.3579
000282	T	0.329870	0.329221	0.270784	0.3225	0.3149	0.1530	0.0510	0.2416	0.0775	0.3583
000283	I	0.237510	0.330161	0.268252	0.2865	0.2399	0.1530	0.0520	0.2078	0.0705	0.3558
000284	D	0.194789	0.329393	0.263570	0.3146	0.2951	0.1480	0.0500	0.2136	0.0790	0.3534
000285	G	0.249656	0.307876	0.261959	0.3096	0.3704	0.1330	0.0500	0.2284	0.0854	0.3489
000286	M	0.322930	0.302023	0.258759	0.3053	0.3460	0.1090	0.0340	0.2308	0.0895	0.3416
000287	T	0.401173	0.291127	0.255651	0.2820	0.3215	0.0960	0.0270	0.2320	0.1013	0.3313
000288	S	0.444046	0.276645	0.250073	0.2385	0.3182	0.0960	0.0290	0.2289	0.1117	0.3203
000289	L	0.449854	0.274245	0.243313	0.3225	0.4220	0.0960	0.0270	0.2608	0.1246	0.3119
000290	V	0.410583	0.309157	0.240428	0.3184	0.4256	0.0870	0.0190	0.2584	0.1204	0.3034
000291	G	0.383983	0.342108	0.233985	0.3053	0.3019	0.0930	0.0130	0.2378	0.1015	0.2926
000292	M	0.379156	0.376053	0.224293	0.3717	0.2988	0.1150	0.0180	0.2569	0.1042	0.2878
000293	N	0.371037	0.383636	0.216741	0.2865	0.2164	0.1250	0.0230	0.2304	0.0982	0.2762
000294	I	0.265329	0.347373	0.209448	0.2865	0.1942	0.1120	0.0160	0.2009	0.0827	0.2716
000295	P	0.163378	0.311266	0.198727	0.1958	0.1373	0.0940	0.0130	0.1503	0.0751	0.2725
000296	G	0.072277	0.269808	0.181862	0.1266	0.0817	0.0970	0.0190	0.1079	0.0754	0.2767
000297	H	0.021928	0.213365	0.164651	0.1117	0.1092	0.0980	0.0290	0.0924	0.0652	0.2794
000298	T	0.012044	0.165689	0.154624	0.0567	0.0676	0.0920	0.0340	0.0656	0.0600	0.2848
000299	G	0.002182	0.134641	0.146900	0.0554	0.0676	0.0860	0.0370	0.0576	0.0546	0.2919
000300	T	0.001372	0.103986	0.139557	0.0478	0.1184	0.0720	0.0310	0.0573	0.0518	0.2988
000301	G	0.001870	0.071794	0.131770	0.0643	0.1671	0.0530	0.0190	0.0596	0.0582	0.3060
000302	W	0.002415	0.052277	0.125496	0.0744	0.1643	0.0500	0.0140	0.0572	0.0570	0.3162
000303	C	0.002667	0.040370	0.121221	0.0991	0.2034	0.0520	0.0100	0.0662	0.0681	0.3093
000304	I	0.003015	0.035611	0.117052	0.0991	0.2064	0.0570	0.0170	0.0668	0.0686	0.3143
000305	F	0.002920	0.037830	0.112550	0.1456	0.2817	0.0740	0.0220	0.0903	0.0920	0.3131
000306	V	0.002507	0.047613	0.107515	0.1456	0.1969	0.1070	0.0400	0.0833	0.0655	0.2975
000307	Y	0.002458	0.072654	0.103050	0.1416	0.1373	0.1410	0.0510	0.0825	0.0530	0.2765
000308	N	0.002386	0.129517	0.098169	0.1178	0.0765	0.1850	0.0680	0.0852	0.0579	0.2626
000309	L	0.002384	0.209995	0.092625	0.0723	0.0817	0.2450	0.0920	0.1018	0.0850	0.2639
000310	S	0.001863	0.293739	0.084810	0.0464	0.0506	0.2530	0.0890	0.1076	0.1115	0.2635
000311	P	0.001417	0.392373	0.077746	0.0514	0.0258	0.2930	0.1010	0.1274	0.1484	0.2663
000312	D	0.001929	0.467969	0.070812	0.0297	0.0253	0.3680	0.1470	0.1488	0.1857	0.2748
000313	S	0.002751	0.494618	0.066334	0.0279	0.0555	0.3720	0.1610	0.1587	0.1909	0.2805
000314	D	0.005662	0.467230	0.060280	0.0414	0.0473	0.3270	0.1370	0.1480	0.1748	0.3017
000315	E	0.008572	0.447819	0.054740	0.0789	0.0765	0.2400	0.1030	0.1420	0.1510	0.3180
000316	S	0.013047	0.363237	0.049342	0.0701	0.1184	0.2140	0.0800	0.1297	0.1192	0.3316
000317	V	0.015580	0.276162	0.042563	0.1018	0.1162	0.1720	0.0570	0.1137	0.0863	0.3538
000318	L	0.015817	0.206614	0.035559	0.1380	0.1942	0.1240	0.0380	0.1132	0.0725	0.3779
000319	W	0.015448	0.146323	0.030128	0.0935	0.1942	0.0920	0.0320	0.0902	0.0622	0.3896
000320	Q	0.015291	0.093771	0.025219	0.1532	0.2094	0.0660	0.0180	0.0896	0.0691	0.3666
000321	L	0.014503	0.082662	0.019654	0.1566	0.2164	0.0650	0.0280	0.0891	0.0728	0.3443
000322	F	0.013363	0.073456	0.014435	0.0965	0.1449	0.0600	0.0280	0.0647	0.0460	0.3159
000323	G	0.010481	0.069592	0.009985	0.0858	0.0870	0.0470	0.0220	0.0500	0.0321	0.2819
000324	P	0.007602	0.077323	0.005550	0.0587	0.0948	0.0490	0.0200	0.0478	0.0332	0.2552
000325	F	0.003166	0.085703	0.001755	0.0350	0.0929	0.0500	0.0180	0.0445	0.0358	0.2268
000326	G	0.000781	0.092204	-0.000746	0.0308	0.0433	0.0470	0.0130	0.0358	0.0315	0.1987
000327	A	0.000578	0.114330	-0.003843	0.0336	0.0473	0.0480	0.0140	0.0406	0.0391	0.1786
000328	V	0.000555	0.134120	-0.006248	0.0274	0.0704	0.0470	0.0160	0.0466	0.0474	0.1608
000329	N	0.000795	0.146369	-0.009815	0.0455	0.1162	0.0480	0.0150	0.0594	0.0568	0.1451
000330	N	0.001000	0.158375	-0.014348	0.0643	0.1942	0.0500	0.0170	0.0780	0.0768	0.1345
000331	V	0.000971	0.176951	-0.017530	0.0587	0.1184	0.0690	0.0240	0.0707	0.0663	0.1334
000332	K	0.001149	0.183955	-0.020726	0.0991	0.1759	0.0910	0.0330	0.0919	0.0780	0.1295
000333	V	0.001144	0.181494	-0.024454	0.1060	0.2715	0.1090	0.0560	0.1116	0.1010	0.1280
000334	I	0.001129	0.200482	-0.027371	0.1088	0.1731	0.1150	0.0630	0.0998	0.0834	0.1255
000335	R	0.001009	0.213649	-0.029417	0.0884	0.1501	0.1180	0.0600	0.0952	0.0837	0.1219
000336	D	0.000966	0.213270	-0.028917	0.0909	0.1476	0.1390	0.0750	0.0986	0.0847	0.1159
000337	F	0.000943	0.229381	-0.028166	0.0884	0.1070	0.1460	0.0750	0.0953	0.0865	0.1128
000338	N	0.000699	0.242177	-0.028790	0.0643	0.1298	0.1350	0.0690	0.0953	0.0909	0.1099
000339	T	0.000424	0.238633	-0.029112	0.0677	0.1399	0.1310	0.0600	0.0962	0.0904	0.1087
000340	N	0.000408	0.249289	-0.029645	0.0660	0.1323	0.1110	0.0420	0.0932	0.0919	0.1109
000341	K	0.000407	0.263923	-0.030297	0.0490	0.1323	0.1010	0.0380	0.0911	0.0969	0.1142
000342	C	0.000415	0.255421	-0.032129	0.0723	0.1048	0.0890	0.0300	0.0869	0.0918	0.1174
000343	K	0.000397	0.260038	-0.032502	0.0771	0.1092	0.0650	0.0170	0.0852	0.0937	0.1243
000344	G	0.000423	0.242942	-0.033371	0.0660	0.1611	0.0670	0.0180	0.0895	0.0938	0.1307
000345	F	0.000450	0.204690	-0.034987	0.1018	0.2002	0.0750	0.0250	0.0969	0.0908	0.1401
000346	G	0.000454	0.171948	-0.035297	0.1060	0.1671	0.0620	0.0240	0.0846	0.0784	0.1479
000347	F	0.000453	0.145269	-0.036429	0.0789	0.1275	0.0680	0.0250	0.0700	0.0648	0.1584
000348	V	0.000903	0.129671	-0.036001	0.1150	0.1881	0.0680	0.0220	0.0837	0.0768	0.1666
000349	T	0.002087	0.141423	-0.034561	0.0909	0.1184	0.0710	0.0220	0.0707	0.0626	0.1719
000350	M	0.008115	0.162699	-0.034550	0.0771	0.0967	0.0850	0.0290	0.0716	0.0638	0.1780
000351	T	0.014313	0.187292	-0.033398	0.0478	0.0888	0.0960	0.0360	0.0724	0.0698	0.1777
000352	N	0.021673	0.216763	-0.032229	0.0395	0.0543	0.1060	0.0410	0.0731	0.0785	0.1762
000353	Y	0.034152	0.262518	-0.029405	0.0621	0.0948	0.1000	0.0360	0.0922	0.0896	0.1786
000354	D	0.086671	0.283520	-0.025947	0.0405	0.0948	0.0920	0.0180	0.0995	0.0943	0.1803
000355	E	0.154075	0.288586	-0.022188	0.0441	0.0531	0.0860	0.0190	0.1043	0.0992	0.1815
000356	A	0.196056	0.290528	-0.018983	0.0832	0.1070	0.1020	0.0230	0.1298	0.0964	0.1809
000357	A	0.222142	0.280524	-0.015714	0.0502	0.0676	0.0900	0.0140	0.1185	0.1025	0.1864
000358	M	0.243568	0.239393	-0.011572	0.0965	0.1251	0.0750	0.0100	0.1299	0.0904	0.1950
000359	A	0.254478	0.212066	-0.004254	0.0858	0.1791	0.0730	0.0150	0.1341	0.0892	0.2009
000360	I	0.276163	0.204635	0.004798	0.0884	0.1823	0.0820	0.0190	0.1389	0.0902	0.2071
000361	A	0.303241	0.200212	0.014062	0.1150	0.1702	0.0910	0.0280	0.1467	0.0909	0.2129
000362	S	0.324739	0.209588	0.023935	0.1292	0.1092	0.0930	0.0270	0.1443	0.0961	0.2259
000363	L	0.275697	0.218821	0.034115	0.0909	0.1137	0.0970	0.0340	0.1327	0.0826	0.2433
000364	N	0.209647	0.212970	0.045752	0.1060	0.1399	0.0990	0.0390	0.1279	0.0607	0.2555
000365	G	0.168953	0.201978	0.057660	0.1178	0.1298	0.1020	0.0400	0.1200	0.0473	0.2742
000366	Y	0.143706	0.205630	0.076446	0.0789	0.0618	0.1080	0.0510	0.0996	0.0511	0.2966
000367	R	0.122918	0.216674	0.095674	0.1041	0.0734	0.0840	0.0200	0.1002	0.0502	0.3233
000368	L	0.143203	0.212167	0.112783	0.0701	0.0909	0.0970	0.0340	0.1021	0.0502	0.3409
000369	G	0.143029	0.221051	0.133651	0.0935	0.1229	0.1200	0.0520	0.1167	0.0456	0.3473
000370	D	0.134971	0.222381	0.153973	0.1150	0.1424	0.1740	0.0840	0.1315	0.0428	0.3602
000371	R	0.125944	0.210668	0.160392	0.1732	0.1759	0.2200	0.0820	0.1510	0.0412	0.3786
000372	V	0.166656	0.197238	0.168144	0.2167	0.1969	0.1890	0.0680	0.1611	0.0330	0.3857
000373	L	0.197147	0.199093	0.176846	0.1805	0.2002	0.2370	0.0840	0.1690	0.0353	0.3883
000374	Q	0.218769	0.223426	0.184936	0.2558	0.2680	0.2560	0.1170	0.2037	0.0420	0.3788
000375	V	0.242841	0.270620	0.193075	0.2602	0.2541	0.4460	0.1050	0.2457	0.0856	0.3697
000376	S	0.279294	0.347430	0.202461	0.2657	0.2292	0.4980	0.1500	0.2699	0.1034	0.3529
000377	F	0.304642	0.435417	0.210627	0.3992	0.3087	0.5050	0.1650	0.3256	0.1031	0.3349
000378	K	0.319167	0.543544	0.220541	0.4333	0.2783	0.5210	0.1060	0.3492	0.1270	0.3065
000379	T	0.367754	0.627746	0.231183	0.5549	0.3460	0.5830	0.1300	0.4132	0.1498	0.2812
000380	N	0.429814	0.720512	0.242840	0.6035	0.3249	0.6300	0.1410	0.4514	0.1767	0.2656
000381	K	0.480146	0.798166	0.256819	0.6442	0.2884	0.6680	0.1340	0.4799	0.2042	0.2566
000382	A	0.380456	0.848092	0.270200	0.6715	0.2470	0.7150	0.0650	0.4770	0.2370	0.2433
000383	H	0.674770	0.886323	0.286347	0.7605	0.3019	0.7820	0.0730	0.5675	0.2401	0.2357
000384	K	0.783591	0.827602	0.300744	0.8595	0.3983	0.8480	0.0730	0.6196	0.2348	0.2258
000385	S	0.851192	0.838528	0.315445	0.8781	0.3426	0.8350	0.0860	0.6243	0.2520	0.2200