RESNUM	RES	VL-XT	VSL2B	VL3	IUPred-S	IUPred-L	PONDRFIT	FITERROR	MDP	MDPERROR	ANCHOR2
000001	M	0.693845	0.766216	0.380183	0.7573	0.0433	0.9640	0.0170	0.5374	0.3098	0.3025
000002	A	0.712756	0.695122	0.376772	0.6474	0.0929	0.9260	0.0360	0.5124	0.2761	0.3107
000003	S	0.704953	0.669102	0.374039	0.6079	0.1611	0.9020	0.0340	0.5076	0.2479	0.3144
000004	K	0.462092	0.586755	0.367910	0.5992	0.1942	0.8590	0.0400	0.4503	0.2163	0.3150
000005	L	0.476040	0.471920	0.361184	0.5900	0.2258	0.7700	0.0700	0.4224	0.1812	0.3182
000006	L	0.440231	0.372342	0.357709	0.5473	0.2575	0.6460	0.1040	0.3773	0.1414	0.3236
000007	R	0.440515	0.307142	0.355030	0.5043	0.2849	0.5250	0.1270	0.3436	0.1103	0.3352
000008	A	0.438744	0.268685	0.354114	0.4600	0.3117	0.4910	0.1230	0.3284	0.1004	0.3516
000009	V	0.468368	0.241421	0.350176	0.4245	0.3426	0.5120	0.1120	0.3316	0.1070	0.3668
000010	I	0.499884	0.252642	0.346553	0.3806	0.2918	0.5400	0.1320	0.3275	0.1190	0.3835
000011	L	0.485310	0.308539	0.343726	0.3399	0.2436	0.6400	0.0550	0.3362	0.1437	0.4037
000012	G	0.492066	0.367589	0.342820	0.2865	0.2817	0.6030	0.1060	0.3384	0.1292	0.4293
000013	P	0.517706	0.407433	0.339155	0.2531	0.3053	0.5770	0.1160	0.3434	0.1283	0.4204
000014	P	0.566097	0.462488	0.336418	0.2558	0.2193	0.5020	0.1330	0.3343	0.1401	0.4014
000015	G	0.527288	0.493603	0.333865	0.2602	0.1914	0.4400	0.1470	0.3187	0.1346	0.3800
000016	S	0.452157	0.512542	0.335049	0.2558	0.2715	0.3000	0.0980	0.2986	0.1105	0.3638
000017	G	0.379725	0.485084	0.328552	0.2963	0.3599	0.2070	0.0570	0.2880	0.1006	0.3473
000018	K	0.307860	0.477234	0.324454	0.2865	0.2541	0.1670	0.0570	0.2487	0.1077	0.3347
000019	G	0.241059	0.439212	0.318312	0.3311	0.2817	0.1290	0.0430	0.2370	0.1080	0.3278
000020	T	0.221459	0.386069	0.311101	0.3053	0.2609	0.1010	0.0280	0.2124	0.1028	0.3240
000021	V	0.183682	0.330863	0.311384	0.3806	0.3494	0.0760	0.0190	0.2201	0.1191	0.3229
000022	C	0.119455	0.268643	0.307249	0.3885	0.4330	0.0640	0.0150	0.2123	0.1429	0.3223
000023	Q	0.026767	0.220576	0.300098	0.3992	0.3529	0.0650	0.0140	0.1774	0.1484	0.3262
000024	R	0.024641	0.199340	0.291813	0.3717	0.3215	0.0710	0.0190	0.1647	0.1374	0.3331
000025	I	0.020371	0.198164	0.288606	0.2602	0.2884	0.0740	0.0230	0.1401	0.1159	0.3401
000026	A	0.016304	0.202399	0.285956	0.2657	0.2918	0.0680	0.0180	0.1407	0.1184	0.3495
000027	Q	0.007295	0.209246	0.285013	0.2700	0.2988	0.0730	0.0250	0.1430	0.1213	0.3556
000028	N	0.004704	0.243383	0.283805	0.2700	0.2002	0.0870	0.0340	0.1342	0.1126	0.3675
000029	F	0.006065	0.277449	0.280747	0.2748	0.1349	0.1010	0.0380	0.1324	0.1157	0.3854
000030	G	0.006992	0.303501	0.277217	0.1958	0.1349	0.1050	0.0380	0.1244	0.1117	0.4003
000031	L	0.006462	0.330306	0.272692	0.1349	0.1373	0.1160	0.0420	0.1208	0.1159	0.4177
000032	Q	0.006214	0.358790	0.268299	0.1998	0.2064	0.1260	0.0370	0.1495	0.1189	0.4327
000033	H	0.006412	0.370556	0.261504	0.2865	0.1914	0.1490	0.0380	0.1673	0.1233	0.4187
000034	L	0.006845	0.385467	0.254603	0.2786	0.1852	0.2000	0.0580	0.1760	0.1224	0.4086
000035	S	0.022697	0.391788	0.250924	0.1844	0.1643	0.2240	0.0690	0.1646	0.1177	0.4018
000036	S	0.052164	0.385416	0.249389	0.2602	0.2436	0.2380	0.0800	0.1966	0.1059	0.3939
000037	G	0.080718	0.372801	0.246087	0.2558	0.2783	0.2340	0.0820	0.2036	0.0955	0.3864
000038	H	0.160151	0.380997	0.242393	0.2531	0.2817	0.2440	0.0990	0.2200	0.0769	0.3764
000039	F	0.240055	0.384222	0.237437	0.2531	0.2094	0.2870	0.1100	0.2289	0.0691	0.3760
000040	L	0.324352	0.418953	0.236192	0.3535	0.3149	0.2600	0.1100	0.2786	0.0718	0.3860
000041	R	0.403136	0.429134	0.235202	0.2786	0.3249	0.2580	0.1110	0.2824	0.0824	0.3990
000042	E	0.479932	0.438160	0.232198	0.3535	0.3774	0.2580	0.0990	0.3179	0.0970	0.4172
000043	N	0.520557	0.449358	0.229617	0.3578	0.3426	0.2520	0.0770	0.3204	0.1092	0.4287
000044	I	0.537485	0.451607	0.229884	0.3146	0.3392	0.2380	0.0650	0.3135	0.1174	0.4296
000045	K	0.550739	0.431967	0.233900	0.3578	0.4330	0.2090	0.0530	0.3305	0.1252	0.4236
000046	A	0.551487	0.448047	0.241724	0.3535	0.3460	0.2260	0.0740	0.3209	0.1199	0.4164
000047	S	0.508982	0.492039	0.243530	0.3578	0.2645	0.2570	0.0920	0.3135	0.1173	0.4105
000048	T	0.434638	0.472201	0.240261	0.2786	0.2752	0.2940	0.1090	0.2924	0.0964	0.4047
000049	E	0.351708	0.473489	0.239422	0.1878	0.2715	0.2470	0.0970	0.2553	0.1017	0.3973
000050	V	0.273794	0.476466	0.236325	0.2748	0.3740	0.1780	0.0460	0.2628	0.1051	0.3945
000051	G	0.199790	0.449378	0.228673	0.3535	0.3774	0.1680	0.0470	0.2581	0.1097	0.3969
000052	E	0.194668	0.424287	0.220782	0.3491	0.3019	0.1660	0.0410	0.2393	0.0983	0.4035
000053	M	0.189914	0.400378	0.217501	0.2602	0.2292	0.1830	0.0420	0.2105	0.0817	0.4155
000054	A	0.167260	0.405522	0.215847	0.1805	0.2470	0.1710	0.0460	0.1952	0.0903	0.4180
000055	K	0.152316	0.391960	0.213124	0.1998	0.3426	0.1440	0.0380	0.2051	0.1003	0.4178
000056	Q	0.118853	0.360159	0.210363	0.2292	0.3460	0.1630	0.0430	0.2028	0.0955	0.4179
000057	Y	0.159337	0.330199	0.207615	0.2700	0.3117	0.1940	0.0480	0.2109	0.0717	0.4233
000058	I	0.193142	0.318329	0.203862	0.2657	0.2328	0.1950	0.0500	0.2009	0.0565	0.4263
000059	E	0.197944	0.304368	0.198713	0.2041	0.2328	0.1840	0.0450	0.1873	0.0522	0.4266
000060	K	0.200704	0.296800	0.196347	0.1349	0.2193	0.1650	0.0490	0.1695	0.0600	0.4280
000061	S	0.173449	0.267978	0.194866	0.1958	0.2064	0.1490	0.0400	0.1654	0.0489	0.4278
000062	L	0.210786	0.230694	0.192787	0.1878	0.1823	0.1330	0.0350	0.1574	0.0440	0.4276
000063	L	0.246250	0.198028	0.191188	0.1205	0.1501	0.1190	0.0380	0.1390	0.0556	0.4289
000064	V	0.313583	0.181203	0.192224	0.1240	0.1759	0.1050	0.0380	0.1500	0.0741	0.4293
000065	P	0.393143	0.174893	0.191845	0.1205	0.2094	0.0920	0.0350	0.1651	0.1017	0.4336
000066	D	0.419659	0.176481	0.190151	0.1240	0.1449	0.0880	0.0330	0.1589	0.1124	0.4306
000067	H	0.423778	0.173196	0.186614	0.1240	0.1449	0.0830	0.0290	0.1581	0.1145	0.4273
000068	V	0.454992	0.171783	0.182715	0.1178	0.2328	0.0780	0.0250	0.1759	0.1253	0.4290
000069	I	0.492897	0.170600	0.179278	0.1844	0.3149	0.0800	0.0270	0.2071	0.1367	0.4307
000070	T	0.527505	0.185894	0.177085	0.1805	0.3019	0.0810	0.0350	0.2128	0.1457	0.4318
000071	R	0.483015	0.201867	0.172610	0.1698	0.3019	0.0890	0.0380	0.2077	0.1300	0.4319
000072	L	0.441995	0.238139	0.167881	0.1532	0.3117	0.1240	0.0530	0.2115	0.1132	0.4303
000073	M	0.365518	0.286736	0.164800	0.2255	0.3948	0.1770	0.0640	0.2416	0.0923	0.4256
000074	M	0.295092	0.350991	0.159806	0.3146	0.3704	0.2210	0.0830	0.2587	0.0782	0.4142
000075	S	0.238135	0.410080	0.154514	0.3668	0.3566	0.2730	0.1050	0.2742	0.0908	0.3980
000076	E	0.212381	0.481666	0.145238	0.2385	0.2541	0.3470	0.1300	0.2556	0.1109	0.3837
000077	L	0.190719	0.498494	0.132462	0.1532	0.2541	0.3580	0.1360	0.2423	0.1302	0.3711
000078	E	0.162367	0.528722	0.121823	0.0935	0.2503	0.2850	0.1140	0.2200	0.1469	0.3575
000079	N	0.136024	0.523808	0.112798	0.1380	0.2094	0.2480	0.0960	0.2092	0.1415	0.3455
000080	R	0.130593	0.494552	0.104518	0.2041	0.3182	0.2280	0.0900	0.2292	0.1318	0.3386
000081	R	0.131724	0.409610	0.100752	0.1205	0.3117	0.2020	0.0950	0.1959	0.1140	0.3360
000082	G	0.140530	0.342429	0.099235	0.1495	0.3182	0.1820	0.0860	0.1888	0.0933	0.3356
000083	Q	0.132997	0.289285	0.097766	0.1998	0.3182	0.1600	0.0750	0.1834	0.0817	0.3356
000084	H	0.132240	0.241110	0.096347	0.2333	0.3460	0.1190	0.0410	0.1786	0.0889	0.3415
000085	W	0.127513	0.186959	0.094585	0.1766	0.3840	0.1090	0.0280	0.1640	0.0985	0.3486
000086	L	0.119294	0.185071	0.096426	0.1766	0.3599	0.1050	0.0210	0.1577	0.0913	0.3537
000087	L	0.110530	0.197892	0.097222	0.1766	0.3566	0.1060	0.0220	0.1580	0.0913	0.3537
000088	D	0.094802	0.195659	0.097900	0.2255	0.4087	0.1140	0.0250	0.1731	0.1111	0.3514
000089	G	0.080030	0.201074	0.099459	0.2292	0.3215	0.1120	0.0350	0.1574	0.0869	0.3524
000090	F	0.064486	0.203015	0.101098	0.1998	0.3182	0.1100	0.0390	0.1493	0.0866	0.3547
000091	P	0.055549	0.209277	0.101852	0.1349	0.3215	0.0930	0.0360	0.1357	0.0906	0.3501
000092	R	0.092709	0.221021	0.102243	0.1495	0.2399	0.0980	0.0410	0.1336	0.0621	0.3409
000093	T	0.121478	0.260226	0.104147	0.1416	0.1759	0.0980	0.0360	0.1329	0.0582	0.3334
000094	L	0.157581	0.267867	0.103826	0.0813	0.1759	0.0980	0.0350	0.1300	0.0658	0.3282
000095	G	0.198138	0.259364	0.102948	0.0567	0.1251	0.0880	0.0260	0.1213	0.0714	0.3201
000096	Q	0.228677	0.277848	0.103130	0.1117	0.2129	0.0960	0.0340	0.1546	0.0730	0.3150
000097	A	0.293324	0.282645	0.104193	0.1205	0.2129	0.0970	0.0410	0.1677	0.0840	0.3150
000098	E	0.339049	0.248856	0.105560	0.1921	0.2292	0.0930	0.0390	0.1836	0.0865	0.3181
000099	A	0.371088	0.230644	0.107156	0.1178	0.1476	0.0910	0.0300	0.1597	0.0992	0.3242
000100	L	0.388560	0.220742	0.108011	0.0744	0.1476	0.0710	0.0180	0.1503	0.1123	0.3285
000101	D	0.390345	0.177033	0.107668	0.0858	0.1671	0.0520	0.0090	0.1454	0.1119	0.3324
000102	K	0.374700	0.156487	0.108160	0.0701	0.1528	0.0520	0.0120	0.1344	0.1082	0.3409
000103	I	0.378858	0.137124	0.108866	0.0441	0.0985	0.0580	0.0190	0.1195	0.1137	0.3490
000104	C	0.379957	0.115461	0.109072	0.0441	0.1115	0.0530	0.0160	0.1173	0.1144	0.3590
000105	E	0.361258	0.094547	0.109505	0.0425	0.0967	0.0480	0.0100	0.1072	0.1099	0.3634
000106	V	0.301320	0.084728	0.109416	0.0502	0.1007	0.0480	0.0110	0.0975	0.0880	0.3740
000107	D	0.269360	0.069315	0.109093	0.0252	0.0985	0.0510	0.0120	0.0855	0.0813	0.3820
000108	L	0.270137	0.057668	0.108901	0.0316	0.0719	0.0510	0.0130	0.0803	0.0824	0.3907
000109	V	0.269125	0.056945	0.109088	0.0304	0.0662	0.0500	0.0130	0.0788	0.0826	0.4000
000110	I	0.258837	0.059918	0.109117	0.0194	0.0817	0.0510	0.0140	0.0785	0.0796	0.4035
000111	S	0.268252	0.064084	0.108440	0.0376	0.1251	0.0610	0.0210	0.0926	0.0785	0.4087
000112	L	0.242515	0.081062	0.108291	0.0387	0.0749	0.0770	0.0310	0.0857	0.0677	0.4106
000113	N	0.228655	0.098910	0.107650	0.0363	0.0734	0.0970	0.0380	0.0891	0.0619	0.4122
000114	I	0.216534	0.111957	0.107046	0.0363	0.1206	0.1180	0.0380	0.1005	0.0555	0.4173
000115	P	0.216928	0.151307	0.107938	0.0526	0.1702	0.1160	0.0300	0.1178	0.0548	0.4145
000116	F	0.213242	0.207635	0.109591	0.0478	0.0888	0.1240	0.0310	0.1136	0.0630	0.4100
000117	E	0.198602	0.250246	0.109014	0.0744	0.0780	0.1390	0.0320	0.1234	0.0667	0.4023
000118	T	0.194416	0.286465	0.109531	0.0363	0.0749	0.1680	0.0480	0.1267	0.0846	0.3986
000119	L	0.182314	0.307721	0.109661	0.0395	0.1349	0.2440	0.0800	0.1513	0.0899	0.3955
000120	K	0.242266	0.315656	0.114370	0.0554	0.2064	0.2170	0.0740	0.1728	0.0871	0.3905
000121	D	0.317944	0.297859	0.116065	0.1150	0.2849	0.2310	0.0800	0.2077	0.0854	0.3909
000122	R	0.379884	0.307087	0.119007	0.1292	0.2884	0.2470	0.0850	0.2252	0.0962	0.3895
000123	L	0.479116	0.319395	0.121399	0.2041	0.3599	0.2460	0.0850	0.2681	0.1167	0.3943
000124	S	0.580112	0.332035	0.124312	0.2122	0.2884	0.1910	0.0620	0.2673	0.1482	0.3935
000125	R	0.679239	0.337051	0.130745	0.2963	0.2884	0.1610	0.0440	0.2936	0.1802	0.3918
000126	R	0.769159	0.352069	0.138620	0.2080	0.2752	0.1540	0.0480	0.2931	0.2163	0.4004
000127	W	0.814731	0.343813	0.146783	0.2385	0.2988	0.1550	0.0520	0.3084	0.2282	0.4126
000128	I	0.839141	0.344115	0.152493	0.2333	0.2988	0.1210	0.0520	0.3061	0.2411	0.4215
000129	H	0.751821	0.361690	0.163945	0.1732	0.1942	0.0990	0.0440	0.2633	0.2229	0.4285
000130	P	0.663612	0.348330	0.176841	0.2657	0.2849	0.1060	0.0630	0.2780	0.1797	0.4315
000131	P	0.573018	0.325775	0.185625	0.1958	0.3117	0.0980	0.0580	0.2507	0.1549	0.4256
000132	S	0.467981	0.306872	0.193303	0.1921	0.3286	0.0980	0.0570	0.2323	0.1235	0.4222
000133	G	0.360988	0.299240	0.207330	0.2292	0.3321	0.0920	0.0460	0.2188	0.0966	0.4192
000134	R	0.255384	0.299993	0.224111	0.3535	0.3460	0.0910	0.0400	0.2244	0.0965	0.4180
000135	V	0.159984	0.312026	0.241715	0.3491	0.3494	0.0980	0.0440	0.2114	0.1038	0.4130
000136	Y	0.113584	0.331509	0.253685	0.3146	0.3529	0.1170	0.0490	0.2049	0.1067	0.4086
000137	N	0.076006	0.367090	0.264018	0.3225	0.2752	0.1210	0.0410	0.1937	0.1136	0.4103
000138	L	0.071816	0.391353	0.275868	0.4420	0.3872	0.1530	0.0470	0.2409	0.1426	0.4124
000139	D	0.067267	0.377109	0.283923	0.4600	0.4831	0.1590	0.0520	0.2578	0.1595	0.4146
000140	F	0.073017	0.358609	0.291798	0.4825	0.4149	0.1720	0.0610	0.2501	0.1484	0.4167
000141	N	0.099641	0.365807	0.303423	0.4749	0.3948	0.1650	0.0640	0.2500	0.1401	0.4202
000142	P	0.122876	0.354943	0.317236	0.3885	0.3704	0.1770	0.0640	0.2356	0.1145	0.4222
000143	P	0.158089	0.343873	0.328646	0.3847	0.3807	0.1750	0.0630	0.2405	0.1080	0.4236
000144	H	0.186937	0.354138	0.344258	0.3847	0.4051	0.1730	0.0630	0.2506	0.1091	0.4252
000145	V	0.224328	0.371620	0.360946	0.4078	0.3286	0.1980	0.0670	0.2550	0.0981	0.4269
000146	H	0.296677	0.395831	0.379413	0.4967	0.3286	0.2120	0.0700	0.2883	0.1087	0.4281
000147	G	0.382264	0.426457	0.394472	0.5084	0.4220	0.2300	0.0740	0.3282	0.1063	0.4293
000148	I	0.474266	0.457065	0.410490	0.4556	0.4186	0.2060	0.0580	0.3353	0.1139	0.4296
000149	D	0.551659	0.467839	0.420108	0.5412	0.5139	0.1810	0.0480	0.3759	0.1448	0.4303
000150	D	0.613951	0.468039	0.427162	0.5514	0.5139	0.1910	0.0520	0.3897	0.1522	0.4311
000151	V	0.693952	0.470995	0.432230	0.6334	0.6576	0.2040	0.0580	0.4433	0.1841	0.4320
000152	T	0.759741	0.473128	0.443844	0.6442	0.6322	0.2010	0.0530	0.4517	0.1949	0.4321
000153	G	0.824436	0.473349	0.455759	0.6334	0.6322	0.2190	0.0680	0.4637	0.2031	0.4325
000154	E	0.875426	0.490605	0.472006	0.5941	0.6136	0.2160	0.0640	0.4649	0.2121	0.4334
000155	P	0.899955	0.519545	0.485197	0.6255	0.5758	0.2370	0.0770	0.4764	0.2124	0.4337
000156	L	0.905598	0.539999	0.492576	0.6789	0.5758	0.2990	0.0780	0.4998	0.2019	0.4333
000157	V	0.900801	0.579299	0.497165	0.6557	0.5456	0.3030	0.0610	0.4974	0.1978	0.4326
000158	Q	0.904054	0.589130	0.505261	0.5941	0.5176	0.3270	0.0600	0.4886	0.1920	0.4305
000159	Q	0.907550	0.594118	0.510724	0.6374	0.6136	0.3520	0.0780	0.5174	0.1868	0.4286
000160	E	0.893137	0.615788	0.509597	0.5941	0.5055	0.3680	0.0940	0.4961	0.1817	0.4268
000161	D	0.880197	0.653508	0.504552	0.5711	0.4901	0.3980	0.1270	0.4988	0.1755	0.4276
000162	D	0.859990	0.668263	0.503850	0.5549	0.5758	0.4120	0.1780	0.5118	0.1642	0.4282
000163	K	0.841779	0.660403	0.508194	0.5514	0.4801	0.4260	0.2080	0.4934	0.1620	0.4285
000164	P	0.823958	0.652008	0.503880	0.5549	0.4725	0.4100	0.1950	0.4856	0.1598	0.4302
000165	E	0.830090	0.597784	0.494218	0.4781	0.4725	0.4000	0.1870	0.4630	0.1624	0.4321
000166	A	0.842174	0.532268	0.485050	0.4420	0.3840	0.3860	0.1980	0.4312	0.1763	0.4322
000167	V	0.858306	0.473819	0.477901	0.5173	0.4409	0.3600	0.1950	0.4418	0.1771	0.4301
000168	A	0.872700	0.408545	0.468846	0.5084	0.5017	0.3360	0.1640	0.4379	0.1872	0.4271
000169	A	0.885693	0.362623	0.457155	0.4651	0.5176	0.3280	0.1650	0.4265	0.1981	0.4250
000170	R	0.881290	0.342986	0.447222	0.4420	0.4441	0.3140	0.1520	0.4040	0.2019	0.4236
000171	L	0.835168	0.353864	0.437121	0.4600	0.3494	0.2750	0.1300	0.3790	0.1959	0.4207
000172	R	0.774430	0.340143	0.422314	0.3847	0.3494	0.2520	0.1210	0.3500	0.1809	0.4219
000173	Q	0.720037	0.328690	0.405892	0.2913	0.2609	0.2380	0.1060	0.3065	0.1772	0.4228
000174	Y	0.724912	0.340811	0.391164	0.3005	0.1914	0.2160	0.1000	0.2956	0.1883	0.4204
000175	K	0.728882	0.327242	0.372114	0.1998	0.1643	0.1920	0.0890	0.2687	0.2030	0.4199
000176	D	0.729177	0.298987	0.351569	0.1322	0.1528	0.1890	0.0810	0.2504	0.2118	0.4194
000177	V	0.647148	0.291267	0.327927	0.1456	0.1702	0.1860	0.0810	0.2400	0.1793	0.4217
000178	A	0.569273	0.282730	0.307618	0.1878	0.2292	0.1460	0.0510	0.2359	0.1466	0.4241
000179	K	0.481766	0.257823	0.287704	0.2041	0.1942	0.1170	0.0380	0.2092	0.1235	0.4277
000180	P	0.441756	0.254483	0.273615	0.2292	0.1501	0.1020	0.0190	0.1962	0.1168	0.4263
000181	V	0.415488	0.258154	0.261850	0.1667	0.1554	0.1080	0.0230	0.1840	0.1096	0.4209
000182	I	0.383636	0.234086	0.247732	0.1566	0.2292	0.1000	0.0240	0.1840	0.0968	0.4158
000183	E	0.275058	0.230270	0.230752	0.1602	0.1449	0.0910	0.0260	0.1502	0.0732	0.4130
000184	L	0.179637	0.251831	0.212562	0.1566	0.1373	0.1130	0.0350	0.1397	0.0585	0.4053
000185	Y	0.084473	0.245340	0.191409	0.1292	0.2034	0.1350	0.0490	0.1329	0.0625	0.4042
000186	K	0.104227	0.244672	0.172308	0.1322	0.2129	0.1390	0.0620	0.1389	0.0563	0.4085
000187	S	0.088127	0.264301	0.155786	0.1240	0.2129	0.1230	0.0640	0.1355	0.0652	0.4113
000188	R	0.094779	0.266756	0.139200	0.1602	0.2752	0.1210	0.0560	0.1529	0.0737	0.4150
000189	G	0.094811	0.250161	0.118426	0.1766	0.3117	0.1330	0.0350	0.1610	0.0795	0.4177
000190	V	0.094184	0.266177	0.102251	0.1732	0.3117	0.1590	0.0390	0.1674	0.0820	0.4185
000191	L	0.090640	0.302201	0.087870	0.1495	0.2064	0.1680	0.0430	0.1528	0.0747	0.4277
000192	H	0.089641	0.340315	0.075653	0.1921	0.1702	0.1780	0.0390	0.1617	0.0873	0.4231
000193	Q	0.075255	0.360584	0.063707	0.1844	0.2715	0.2060	0.0830	0.1829	0.1047	0.4058
000194	F	0.061031	0.371910	0.048945	0.1060	0.1852	0.2080	0.0790	0.1554	0.1105	0.3943
000195	S	0.015701	0.379429	0.036561	0.1805	0.2034	0.1810	0.0640	0.1600	0.1204	0.3740
000196	G	0.007458	0.372122	0.026577	0.1698	0.2034	0.1850	0.0680	0.1563	0.1216	0.3573
000197	T	0.000325	0.349709	0.015793	0.1205	0.2129	0.1660	0.0610	0.1415	0.1192	0.3482
000198	E	0.000203	0.320493	0.008768	0.0744	0.1501	0.1260	0.0390	0.1118	0.1078	0.3374
000199	T	0.000128	0.305580	0.005573	0.0723	0.0888	0.0990	0.0250	0.0944	0.1016	0.3318
000200	N	0.000121	0.268873	0.003959	0.0464	0.0870	0.0800	0.0200	0.0805	0.0904	0.3317
000201	K	0.000037	0.210393	0.004049	0.0455	0.1349	0.0700	0.0200	0.0767	0.0747	0.3319
000202	I	0.000032	0.152284	0.004812	0.0744	0.1914	0.0540	0.0150	0.0787	0.0712	0.3400
000203	W	0.000028	0.114675	0.006159	0.0744	0.1298	0.0440	0.0130	0.0604	0.0497	0.3481
000204	P	0.000032	0.080258	0.005885	0.0677	0.1275	0.0370	0.0140	0.0522	0.0443	0.3533
000205	Y	0.000050	0.054593	0.005566	0.0723	0.2328	0.0390	0.0130	0.0664	0.0783	0.3565
000206	V	0.001202	0.049009	0.007657	0.0701	0.1643	0.0390	0.0100	0.0539	0.0542	0.3575
000207	Y	0.006854	0.044884	0.010797	0.0813	0.1731	0.0440	0.0090	0.0583	0.0563	0.3577
000208	T	0.011646	0.047331	0.013272	0.0514	0.1671	0.0490	0.0140	0.0544	0.0521	0.3508
000209	L	0.022794	0.069217	0.014816	0.0542	0.1583	0.0780	0.0330	0.0637	0.0471	0.3429
000210	F	0.054048	0.106355	0.015991	0.0542	0.1611	0.1280	0.0690	0.0839	0.0496	0.3272
000211	S	0.090520	0.155387	0.016675	0.0502	0.1349	0.1400	0.0820	0.0951	0.0506	0.3030
000212	N	0.159130	0.213410	0.017118	0.0542	0.0909	0.2410	0.1560	0.1265	0.0819	0.2797
000213	K	0.217957	0.276748	0.016846	0.0771	0.1373	0.4530	0.1980	0.1936	0.1429	0.2572
000214	I	0.255348	0.314040	0.016656	0.0832	0.2002	0.4400	0.1690	0.2154	0.1407	0.2413
000215	T	0.286035	0.376570	0.016285	0.0909	0.1528	0.4610	0.1410	0.2278	0.1575	0.2281
000216	P	0.329057	0.465265	0.015882	0.1844	0.2002	0.5230	0.1520	0.2836	0.1736	0.2163
000217	I	0.384805	0.572974	0.015230	0.2963	0.2399	0.5850	0.1340	0.3465	0.1972	0.2100
000218	Q	0.416751	0.680865	0.014858	0.4203	0.3087	0.6290	0.1280	0.4092	0.2190	0.2038
000219	S	0.456607	0.797250	0.016167	0.4749	0.2715	0.6890	0.1430	0.4482	0.2577	0.1984
000220	K	0.438084	0.872272	0.018724	0.5846	0.3426	0.7540	0.1080	0.4985	0.2800	0.1917
000221	E	0.544872	0.884735	0.021494	0.6984	0.4652	0.7730	0.1040	0.5611	0.2797	0.1876
000222	A	0.387853	0.877561	0.023178	0.7418	0.4441	0.8080	0.0640	0.5433	0.2961	0.1905
000223	Y	0.640054	0.873111	0.025932	0.7817	0.3840	0.8500	0.0860	0.5881	0.3021	0.1963