RESNUM	RES	VL-XT	VSL2B	VL3	IUPred-S	IUPred-L	PONDRFIT	FITERROR	MDP	MDPERROR	ANCHOR2
000001	M	0.520295	0.693097	0.749693	0.7912	0.3426	0.9830	0.0110	0.6800	0.2036	0.6140
000002	D	0.098965	0.693885	0.754348	0.7772	0.3840	0.9740	0.0160	0.6138	0.2889	0.6159
000003	I	0.159652	0.698391	0.763396	0.7388	0.4017	0.9720	0.0190	0.6223	0.2658	0.6208
000004	R	0.087388	0.685059	0.771563	0.7034	0.4119	0.9490	0.0400	0.6014	0.2790	0.6188
000005	K	0.163074	0.685716	0.778957	0.6557	0.3740	0.9420	0.0480	0.6000	0.2587	0.6158
000006	F	0.158750	0.659438	0.785712	0.6124	0.3460	0.9200	0.0620	0.5804	0.2573	0.6185
000007	F	0.163495	0.676372	0.792474	0.5173	0.3740	0.8840	0.1030	0.5680	0.2470	0.6188
000008	G	0.167275	0.695853	0.799311	0.4203	0.3948	0.8880	0.1050	0.5609	0.2530	0.6085
000009	V	0.201005	0.700270	0.805603	0.3762	0.4119	0.8800	0.0860	0.5625	0.2472	0.5988
000010	I	0.248213	0.689818	0.810954	0.3263	0.3840	0.8020	0.0970	0.5436	0.2308	0.5831
000011	P	0.236496	0.723643	0.815249	0.2748	0.3948	0.7530	0.0960	0.5330	0.2374	0.5620
000012	S	0.229760	0.742035	0.819504	0.2333	0.3872	0.6710	0.1340	0.5138	0.2400	0.5407
000013	G	0.224818	0.746223	0.824430	0.2333	0.3983	0.6830	0.1230	0.5184	0.2431	0.5216
000014	K	0.212428	0.763984	0.829676	0.3005	0.4476	0.6180	0.1280	0.5287	0.2283	0.5004
000015	K	0.187972	0.765696	0.834621	0.2913	0.4330	0.5970	0.1110	0.5183	0.2364	0.4826
000016	L	0.207404	0.774609	0.845054	0.2865	0.4369	0.6290	0.1110	0.5299	0.2384	0.4673
000017	V	0.223414	0.801354	0.859179	0.3578	0.4979	0.5780	0.1250	0.5530	0.2258	0.4386
000018	S	0.226986	0.821430	0.874935	0.4149	0.5758	0.5330	0.1370	0.5745	0.2233	0.4085
000019	E	0.220583	0.837313	0.886687	0.4078	0.5758	0.5590	0.1400	0.5813	0.2308	0.3837
000020	T	0.256560	0.857137	0.895242	0.4513	0.6269	0.6260	0.1290	0.6188	0.2208	0.3621
000021	V	0.292538	0.872741	0.901781	0.5043	0.6948	0.6280	0.1150	0.6490	0.2100	0.3432
000022	K	0.302362	0.885227	0.906278	0.4600	0.6576	0.6220	0.1050	0.6390	0.2153	0.3194
000023	K	0.316417	0.898821	0.908796	0.4513	0.5951	0.6140	0.1010	0.6308	0.2167	0.2956
000024	N	0.386576	0.908292	0.910507	0.4379	0.5758	0.6070	0.1150	0.6376	0.2063	0.2785
000025	E	0.449436	0.915226	0.911756	0.4037	0.5758	0.5790	0.1050	0.6391	0.2040	0.2616
000026	K	0.482589	0.922198	0.913468	0.4078	0.5758	0.5780	0.1100	0.6466	0.2003	0.2529
000027	T	0.520503	0.927332	0.915628	0.4458	0.6269	0.5830	0.1250	0.6699	0.1864	0.2426
000028	K	0.580085	0.931094	0.917761	0.4967	0.6906	0.5690	0.1320	0.6976	0.1701	0.2389
000029	S	0.637793	0.934786	0.920672	0.4918	0.6227	0.6110	0.1190	0.7031	0.1658	0.2398
000030	D	0.695500	0.940142	0.924314	0.5043	0.6136	0.6110	0.1140	0.7148	0.1635	0.2459
000031	E	0.776719	0.943568	0.928848	0.4749	0.6227	0.5920	0.1190	0.7232	0.1744	0.2519
000032	E	0.802258	0.949037	0.932798	0.5296	0.6136	0.6190	0.1200	0.7410	0.1632	0.2562
000033	T	0.722960	0.953548	0.935714	0.5229	0.6183	0.6760	0.1240	0.7382	0.1582	0.2782
000034	L	0.647729	0.956829	0.937201	0.4825	0.5807	0.7180	0.1290	0.7204	0.1753	0.3054
000035	K	0.678797	0.959151	0.938501	0.4749	0.5807	0.7220	0.1300	0.7257	0.1760	0.3246
000036	A	0.699700	0.961771	0.939749	0.4420	0.5807	0.7420	0.1210	0.7276	0.1844	0.3494
000037	K	0.695366	0.962870	0.941212	0.4513	0.5901	0.7210	0.1150	0.7270	0.1813	0.3651
000038	K	0.707339	0.966415	0.942279	0.4556	0.6043	0.7230	0.1250	0.7332	0.1791	0.3875
000039	G	0.720837	0.970432	0.942652	0.4600	0.6043	0.7480	0.1280	0.7411	0.1786	0.4152
000040	I	0.732242	0.973352	0.942555	0.4703	0.6089	0.7790	0.1250	0.7511	0.1762	0.4413
000041	K	0.766035	0.976309	0.942444	0.4651	0.6043	0.7440	0.1250	0.7496	0.1784	0.4461
000042	E	0.851490	0.978892	0.942441	0.4703	0.6089	0.7610	0.1140	0.7689	0.1807	0.4498
000043	I	0.930159	0.980112	0.941737	0.4781	0.5254	0.8090	0.0900	0.7774	0.2023	0.4559
000044	K	0.934015	0.980438	0.939688	0.4918	0.5254	0.8300	0.0800	0.7835	0.1999	0.4532
000045	V	0.933222	0.980554	0.936149	0.4825	0.5951	0.8580	0.0720	0.7976	0.1893	0.4491
000046	N	0.940550	0.980392	0.931727	0.4781	0.5992	0.8870	0.0780	0.8028	0.1920	0.4405
000047	S	0.943448	0.979870	0.927074	0.5008	0.6322	0.8890	0.0790	0.8121	0.1797	0.4277
000048	S	0.944822	0.979804	0.923143	0.5008	0.6755	0.8870	0.0970	0.8186	0.1727	0.4169
000049	R	0.935487	0.979273	0.920307	0.5173	0.6851	0.8890	0.1040	0.8211	0.1650	0.4017
000050	K	0.940305	0.979447	0.918283	0.5412	0.6712	0.8820	0.1070	0.8220	0.1598	0.3816
000051	E	0.945173	0.979700	0.917652	0.5846	0.7250	0.8770	0.1080	0.8382	0.1393	0.3642
000052	D	0.953790	0.980458	0.917784	0.5802	0.7250	0.8800	0.1020	0.8395	0.1420	0.3662
000053	D	0.955681	0.980693	0.918574	0.5941	0.7331	0.8850	0.0940	0.8446	0.1373	0.3672
000054	F	0.961058	0.980486	0.919193	0.6293	0.7369	0.8870	0.0980	0.8523	0.1271	0.3681
000055	K	0.965666	0.980609	0.919607	0.6374	0.6906	0.8590	0.1200	0.8421	0.1327	0.3585
000056	Q	0.967432	0.980326	0.919355	0.6374	0.6620	0.8630	0.1150	0.8383	0.1387	0.3649
000057	K	0.967979	0.979938	0.918405	0.5992	0.6482	0.8650	0.1130	0.8298	0.1510	0.3951
000058	Q	0.983661	0.979572	0.917205	0.5549	0.6482	0.8610	0.1220	0.8241	0.1648	0.4307
000059	P	0.984185	0.978868	0.916604	0.5583	0.6482	0.8550	0.1280	0.8235	0.1636	0.4718
000060	S	0.969789	0.978785	0.916273	0.5549	0.6375	0.8500	0.1350	0.8179	0.1640	0.5142
000061	K	0.955510	0.978033	0.915854	0.5667	0.6531	0.8340	0.1350	0.8172	0.1553	0.5583
000062	K	0.896901	0.977793	0.915081	0.5711	0.6482	0.8240	0.1290	0.8055	0.1472	0.6000
000063	K	0.829439	0.977711	0.914394	0.5667	0.6531	0.8040	0.1350	0.7910	0.1421	0.6409
000064	R	0.774824	0.978239	0.914282	0.5711	0.6531	0.7500	0.1460	0.7737	0.1401	0.6790
000065	I	0.715129	0.978958	0.914751	0.6124	0.7331	0.7230	0.1420	0.7796	0.1261	0.7055
000066	I	0.640221	0.978185	0.915327	0.6174	0.6851	0.6920	0.1300	0.7548	0.1393	0.7165
000067	Y	0.562373	0.979064	0.915604	0.5992	0.6851	0.6690	0.1270	0.7351	0.1566	0.7098
000068	D	0.494091	0.978506	0.915033	0.5667	0.6427	0.6840	0.1310	0.7135	0.1763	0.6748
000069	S	0.436511	0.978392	0.914100	0.5762	0.6183	0.6970	0.1340	0.7034	0.1892	0.6455
000070	D	0.378938	0.977989	0.912546	0.5043	0.5992	0.7120	0.1270	0.6808	0.2129	0.6078
000071	S	0.341842	0.977038	0.910886	0.5043	0.5807	0.7230	0.1140	0.6730	0.2229	0.5668
000072	E	0.318572	0.975687	0.909607	0.5173	0.5807	0.7290	0.1010	0.6718	0.2270	0.5310
000073	S	0.287068	0.975331	0.909339	0.5084	0.5807	0.7300	0.0760	0.6651	0.2362	0.4982
000074	E	0.293471	0.974964	0.910131	0.5126	0.6269	0.6540	0.0880	0.6619	0.2306	0.4553
000075	E	0.301240	0.974395	0.911529	0.5043	0.6531	0.6080	0.0810	0.6587	0.2302	0.4212
000076	T	0.316169	0.973325	0.913997	0.5667	0.7120	0.6480	0.0640	0.6884	0.2189	0.4020
000077	L	0.309777	0.971690	0.917489	0.6334	0.7628	0.6910	0.0770	0.7144	0.2163	0.4033
000078	Q	0.303384	0.971221	0.921685	0.6756	0.7799	0.7160	0.0850	0.7280	0.2170	0.3856
000079	V	0.278343	0.970713	0.925626	0.6604	0.8050	0.7490	0.0930	0.7315	0.2277	0.4016
000080	K	0.269018	0.969801	0.928702	0.6219	0.7672	0.7550	0.0980	0.7185	0.2318	0.3969
000081	N	0.259218	0.967583	0.930937	0.6442	0.7628	0.7750	0.1020	0.7233	0.2340	0.4146
000082	A	0.336344	0.964741	0.932172	0.6124	0.7628	0.7770	0.1080	0.7309	0.2114	0.4373
000083	K	0.387365	0.961872	0.932739	0.6255	0.7547	0.7760	0.1250	0.7397	0.1938	0.4469
000084	K	0.453589	0.959308	0.933116	0.6255	0.7916	0.7800	0.1200	0.7572	0.1747	0.4563
000085	P	0.516342	0.958579	0.933265	0.6124	0.7916	0.7780	0.1320	0.7650	0.1590	0.4752
000086	P	0.595374	0.955647	0.933488	0.6442	0.7843	0.7660	0.1290	0.7798	0.1336	0.4875
000087	E	0.674498	0.953269	0.934001	0.6604	0.7289	0.7660	0.1350	0.7862	0.1167	0.4898
000088	K	0.771867	0.951097	0.935213	0.6789	0.7799	0.7480	0.1310	0.8109	0.0991	0.5145
000089	L	0.880256	0.948941	0.936742	0.6219	0.7755	0.7550	0.1440	0.8197	0.1150	0.5632
000090	P	0.979811	0.946666	0.937542	0.6557	0.8279	0.7260	0.1340	0.8456	0.1207	0.5778
000091	V	0.985544	0.943017	0.937618	0.6650	0.8343	0.7540	0.1470	0.8533	0.1142	0.6012
000092	S	0.971262	0.939622	0.936222	0.6681	0.8493	0.7420	0.1450	0.8511	0.1118	0.5946
000093	S	0.921731	0.936675	0.933825	0.6870	0.8235	0.7540	0.1520	0.8427	0.0965	0.5842
000094	K	0.916631	0.934216	0.930676	0.7111	0.8279	0.7540	0.1510	0.8458	0.0884	0.5916
000095	P	0.902563	0.933433	0.927338	0.6827	0.7755	0.7760	0.1580	0.8330	0.0939	0.5982
000096	G	0.895070	0.933465	0.924052	0.6516	0.6851	0.8010	0.1620	0.8151	0.1126	0.6140
000097	K	0.877567	0.933798	0.920296	0.5762	0.6482	0.8160	0.1700	0.7953	0.1364	0.6476
000098	I	0.857114	0.932931	0.916496	0.5473	0.6482	0.8080	0.1800	0.7850	0.1415	0.6874
000099	S	0.833729	0.930660	0.912692	0.5549	0.6482	0.7840	0.1920	0.7773	0.1361	0.6922
000100	R	0.812405	0.927039	0.908337	0.6035	0.7120	0.7650	0.1860	0.7880	0.1116	0.6895
000101	Q	0.820274	0.921670	0.903890	0.5667	0.6806	0.7580	0.1670	0.7751	0.1243	0.6998
000102	D	0.849064	0.913982	0.898783	0.6035	0.7289	0.7240	0.1850	0.7864	0.1107	0.7062
000103	P	0.831320	0.905345	0.893645	0.6035	0.7331	0.6950	0.1950	0.7769	0.1094	0.7236
000104	V	0.804561	0.901186	0.887240	0.6035	0.7415	0.6760	0.2070	0.7689	0.1077	0.7401
000105	T	0.771984	0.891758	0.880089	0.6255	0.6620	0.6350	0.1850	0.7444	0.1109	0.7340
000106	Y	0.709441	0.881674	0.872616	0.5992	0.6227	0.6640	0.1410	0.7249	0.1130	0.7502
000107	I	0.632740	0.881598	0.865443	0.5473	0.5419	0.6790	0.1440	0.6913	0.1374	0.7561
000108	S	0.559536	0.888616	0.857588	0.5549	0.5382	0.6520	0.1200	0.6751	0.1449	0.7308
000109	E	0.487178	0.891339	0.848984	0.5473	0.5901	0.6100	0.1100	0.6624	0.1523	0.6969
000110	T	0.389273	0.895138	0.840083	0.5374	0.5758	0.6040	0.1070	0.6402	0.1751	0.6810
000111	D	0.307017	0.895324	0.832208	0.5253	0.5577	0.6390	0.1180	0.6261	0.1965	0.6824
000112	E	0.225787	0.898813	0.824774	0.5008	0.5456	0.6210	0.1340	0.6028	0.2210	0.6965
000113	E	0.170763	0.903333	0.817452	0.4825	0.5342	0.6220	0.1370	0.5884	0.2385	0.7209
000114	D	0.118643	0.905355	0.809702	0.4556	0.5017	0.6500	0.1250	0.5735	0.2575	0.7476
000115	D	0.105082	0.906629	0.802149	0.4879	0.5382	0.7050	0.0990	0.5908	0.2603	0.7757
000116	F	0.164999	0.906780	0.794669	0.4918	0.5456	0.7710	0.0860	0.6124	0.2464	0.8112
000117	M	0.229818	0.907880	0.787804	0.5296	0.6375	0.7790	0.0860	0.6453	0.2211	0.8054
000118	C	0.291287	0.909190	0.781329	0.5623	0.7036	0.7900	0.0830	0.6729	0.2000	0.7795
000119	K	0.374804	0.912398	0.775485	0.5623	0.7080	0.7650	0.0870	0.6830	0.1723	0.7628
000120	K	0.447871	0.918193	0.769770	0.5583	0.7036	0.7920	0.0910	0.6983	0.1552	0.7510
000121	A	0.471778	0.921370	0.764901	0.5762	0.7080	0.8260	0.0850	0.7114	0.1505	0.7395
000122	A	0.475609	0.925677	0.760874	0.5711	0.7163	0.8380	0.0770	0.7146	0.1526	0.7022
000123	S	0.541756	0.928454	0.758696	0.5623	0.7163	0.8410	0.0710	0.7248	0.1391	0.6376
000124	K	0.608848	0.932083	0.757624	0.5667	0.7331	0.8660	0.0630	0.7440	0.1292	0.5606
000125	S	0.638756	0.936041	0.756862	0.5623	0.6755	0.8760	0.0590	0.7409	0.1311	0.4887
000126	K	0.641579	0.938409	0.755624	0.5762	0.6755	0.8750	0.0720	0.7437	0.1280	0.4361
000127	E	0.656508	0.940058	0.753581	0.5992	0.7595	0.8610	0.0890	0.7617	0.1149	0.3888
000128	N	0.650698	0.941273	0.751883	0.5992	0.7595	0.8570	0.0970	0.7599	0.1155	0.3705
000129	G	0.675909	0.942681	0.750080	0.6442	0.8375	0.8590	0.0940	0.7849	0.1049	0.3787
000130	R	0.747534	0.943990	0.748708	0.6474	0.8421	0.8770	0.0840	0.8012	0.0976	0.3867
000131	S	0.775016	0.946379	0.747587	0.6604	0.8421	0.8850	0.0830	0.8094	0.0938	0.4036
000132	T	0.769633	0.952038	0.746615	0.6715	0.8462	0.8870	0.0860	0.8121	0.0933	0.4142
000133	N	0.774726	0.956835	0.745831	0.6870	0.8655	0.8950	0.0780	0.8208	0.0928	0.4406
000134	S	0.737774	0.961418	0.744575	0.6906	0.8681	0.9080	0.0650	0.8185	0.0994	0.4806
000135	H	0.695799	0.962300	0.743368	0.7079	0.8792	0.9100	0.0640	0.8165	0.1046	0.5165
000136	L	0.641561	0.963458	0.742355	0.7034	0.8894	0.9060	0.0660	0.8078	0.1179	0.5302
000137	G	0.562403	0.967513	0.741652	0.7111	0.8942	0.8880	0.0740	0.7942	0.1368	0.5010
000138	T	0.460629	0.968243	0.741349	0.7147	0.8853	0.8830	0.0870	0.7755	0.1657	0.4658
000139	S	0.362776	0.965823	0.741789	0.7079	0.8741	0.8740	0.1040	0.7544	0.1954	0.4361
000140	N	0.320339	0.962281	0.743017	0.7079	0.8623	0.8690	0.1070	0.7441	0.2074	0.4004
000141	M	0.243262	0.958376	0.744699	0.6984	0.8713	0.8470	0.1250	0.7273	0.2324	0.3689
000142	K	0.158149	0.955933	0.745179	0.6944	0.8655	0.8190	0.1400	0.7064	0.2590	0.3099
000143	K	0.100492	0.953324	0.745643	0.7079	0.8920	0.7760	0.1530	0.6959	0.2794	0.2610
000144	N	0.067715	0.950538	0.746543	0.7034	0.8462	0.7810	0.1490	0.6826	0.2860	0.2205
000145	E	0.070208	0.947988	0.749371	0.7275	0.8462	0.7590	0.1620	0.6833	0.2842	0.1994
000146	E	0.098402	0.944784	0.752572	0.6789	0.8596	0.7230	0.1720	0.6762	0.2731	0.1846
000147	N	0.127253	0.940320	0.755352	0.7034	0.8565	0.7380	0.1650	0.6867	0.2626	0.1806
000148	T	0.160165	0.932600	0.755976	0.7232	0.8421	0.7610	0.1470	0.6958	0.2493	0.2048
000149	K	0.161133	0.924288	0.755630	0.6789	0.7982	0.7500	0.1400	0.6781	0.2427	0.2365
000150	T	0.164469	0.916724	0.754927	0.6827	0.7951	0.7530	0.1330	0.6778	0.2401	0.2883
000151	K	0.164887	0.908895	0.755701	0.6374	0.8162	0.7240	0.1270	0.6679	0.2398	0.3504
000152	N	0.191759	0.902384	0.756910	0.6293	0.8198	0.7040	0.1300	0.6674	0.2293	0.4212
000153	K	0.284114	0.894875	0.758016	0.6442	0.8279	0.7040	0.1320	0.6855	0.1969	0.5141
000154	P	0.270164	0.885767	0.757711	0.6374	0.7982	0.6580	0.1160	0.6679	0.1965	0.6071
000155	L	0.239890	0.876989	0.756608	0.6293	0.7369	0.6710	0.1330	0.6518	0.1998	0.7010
000156	S	0.209432	0.867369	0.754579	0.5846	0.7369	0.6100	0.1380	0.6272	0.2092	0.7640
000157	P	0.174066	0.856998	0.752544	0.5514	0.6576	0.5430	0.1140	0.5893	0.2156	0.8133
000158	I	0.170601	0.846894	0.749644	0.5412	0.5493	0.5790	0.1050	0.5728	0.2120	0.8581
000159	K	0.167127	0.831176	0.745893	0.4967	0.5533	0.5360	0.1090	0.5550	0.2109	0.8883
000160	L	0.170390	0.821380	0.741831	0.4282	0.5665	0.5330	0.1060	0.5435	0.2120	0.9109
000161	T	0.137882	0.811844	0.738111	0.4379	0.5707	0.4970	0.1120	0.5322	0.2190	0.9136
000162	P	0.046306	0.799009	0.734839	0.4282	0.5807	0.4470	0.1130	0.5060	0.2465	0.9168
000163	T	0.028646	0.786490	0.731926	0.4282	0.5211	0.4850	0.1110	0.4969	0.2462	0.9185
000164	S	0.030949	0.776102	0.728988	0.4245	0.5456	0.4870	0.0970	0.4989	0.2438	0.9248
000165	V	0.032824	0.766622	0.726727	0.3491	0.5139	0.4850	0.0830	0.4790	0.2454	0.9297
000166	L	0.034699	0.775283	0.724712	0.4078	0.5620	0.4950	0.0840	0.4999	0.2433	0.9264
000167	D	0.037630	0.774357	0.722111	0.4203	0.5807	0.5390	0.0820	0.5123	0.2422	0.9171
000168	Y	0.038242	0.764119	0.718338	0.3939	0.5342	0.6220	0.0600	0.5119	0.2440	0.9071
000169	F	0.031880	0.757644	0.713224	0.4556	0.5854	0.6300	0.0640	0.5290	0.2423	0.8837
000170	G	0.030657	0.749582	0.708632	0.4458	0.5901	0.6190	0.0770	0.5239	0.2408	0.8409
000171	T	0.025473	0.751069	0.704766	0.4825	0.5992	0.6540	0.0770	0.5361	0.2436	0.7991
000172	G	0.051069	0.749537	0.701558	0.4781	0.5901	0.6680	0.0860	0.5397	0.2351	0.7787
000173	S	0.143725	0.737923	0.700287	0.4037	0.5493	0.6750	0.0970	0.5351	0.2077	0.7615
000174	V	0.225514	0.733687	0.701057	0.3847	0.5382	0.7080	0.1000	0.5485	0.1889	0.7438
000175	Q	0.327495	0.746209	0.702844	0.3885	0.5419	0.7150	0.1040	0.5704	0.1645	0.7022
000176	R	0.433724	0.753254	0.703279	0.4245	0.5807	0.7500	0.0910	0.6075	0.1385	0.6564
000177	S	0.541325	0.759026	0.702016	0.4651	0.6427	0.7920	0.0760	0.6504	0.1161	0.6165
000178	N	0.650508	0.768248	0.700693	0.4600	0.5758	0.8260	0.0660	0.6636	0.1212	0.5907
000179	K	0.758918	0.777052	0.700239	0.5229	0.6531	0.8160	0.0570	0.7047	0.0969	0.5793
000180	K	0.868193	0.779782	0.700017	0.5229	0.7595	0.8320	0.0600	0.7437	0.1122	0.5881
000181	M	0.946962	0.783264	0.699022	0.5229	0.7672	0.8440	0.0750	0.7605	0.1307	0.6201
000182	V	0.962537	0.786995	0.695999	0.5374	0.7672	0.8710	0.0660	0.7702	0.1336	0.6187
000183	A	0.973747	0.788308	0.691990	0.5374	0.7672	0.8990	0.0470	0.7763	0.1405	0.5945
000184	S	0.954186	0.793804	0.687480	0.5374	0.7755	0.8910	0.0510	0.7733	0.1355	0.5549
000185	K	0.928174	0.801387	0.684057	0.5941	0.8162	0.8750	0.0620	0.7832	0.1129	0.5144
000186	R	0.913252	0.805931	0.681699	0.5846	0.8050	0.8770	0.0650	0.7780	0.1128	0.4945
000187	K	0.896846	0.810315	0.681446	0.5802	0.7547	0.8700	0.0780	0.7655	0.1093	0.4807
000188	E	0.880385	0.818923	0.682612	0.5900	0.7718	0.8690	0.0860	0.7688	0.1036	0.4876
000189	L	0.863272	0.826554	0.685801	0.5296	0.7628	0.8570	0.0940	0.7541	0.1175	0.4971
000190	S	0.845884	0.832940	0.690362	0.5473	0.7799	0.8110	0.1200	0.7512	0.1044	0.4808
000191	Q	0.826870	0.840509	0.695622	0.5623	0.7755	0.8010	0.1210	0.7502	0.0962	0.4580
000192	N	0.824374	0.845223	0.700829	0.5900	0.7250	0.8110	0.1250	0.7494	0.0885	0.4416
000193	T	0.823517	0.849641	0.705949	0.6255	0.7595	0.8160	0.1210	0.7634	0.0777	0.4545
000194	D	0.830638	0.853371	0.711038	0.5900	0.7628	0.8200	0.1270	0.7613	0.0900	0.4868
000195	E	0.815999	0.851038	0.716670	0.5762	0.7755	0.8140	0.1270	0.7582	0.0915	0.5202
000196	S	0.811148	0.851968	0.721742	0.5623	0.7369	0.8110	0.1280	0.7491	0.0949	0.5542
000197	G	0.810258	0.851767	0.727610	0.5711	0.7505	0.8150	0.1240	0.7544	0.0919	0.5956
000198	L	0.815633	0.844972	0.735024	0.5253	0.7080	0.8350	0.1170	0.7440	0.1102	0.6314
000199	N	0.821245	0.856403	0.744897	0.5253	0.7080	0.8270	0.1190	0.7471	0.1114	0.6540
000200	D	0.835060	0.864568	0.755766	0.5253	0.7628	0.8180	0.1200	0.7603	0.1119	0.6769
000201	E	0.837352	0.869210	0.765637	0.5374	0.7672	0.8160	0.1220	0.7654	0.1084	0.7088
000202	A	0.848585	0.864191	0.774070	0.5514	0.7415	0.8180	0.1190	0.7663	0.1048	0.7417
000203	I	0.847156	0.873106	0.781418	0.5623	0.7331	0.8260	0.1170	0.7705	0.1036	0.7665
000204	A	0.856011	0.877740	0.787643	0.5514	0.6806	0.8300	0.1170	0.7639	0.1144	0.7718
000205	K	0.856568	0.895885	0.791828	0.5623	0.6806	0.8250	0.1110	0.7687	0.1140	0.7766
000206	Q	0.848276	0.894775	0.793689	0.5043	0.6851	0.8360	0.1080	0.7603	0.1315	0.7903
000207	L	0.837856	0.897768	0.793988	0.5229	0.6991	0.8470	0.1080	0.7665	0.1248	0.8024
000208	Q	0.823574	0.897807	0.794252	0.4967	0.6427	0.8640	0.1040	0.7532	0.1402	0.7926
000209	L	0.809017	0.904807	0.795191	0.5583	0.7250	0.8830	0.0930	0.7792	0.1151	0.7959
000210	D	0.815305	0.908500	0.797343	0.4967	0.7163	0.8710	0.1040	0.7676	0.1353	0.7902
000211	E	0.820242	0.909403	0.800042	0.4967	0.7163	0.8760	0.0990	0.7698	0.1365	0.7821
000212	D	0.833701	0.914153	0.803361	0.5008	0.7120	0.8840	0.0920	0.7746	0.1382	0.7768
000213	A	0.841913	0.920202	0.807214	0.5229	0.7289	0.8770	0.0930	0.7830	0.1306	0.7700
000214	E	0.852905	0.921912	0.811463	0.5900	0.7036	0.8650	0.0970	0.7908	0.1117	0.7553
000215	L	0.865565	0.923379	0.815453	0.6174	0.6991	0.8750	0.0820	0.7994	0.1072	0.7673
000216	E	0.877564	0.925876	0.818145	0.5802	0.7163	0.8640	0.0850	0.7971	0.1166	0.7677
000217	R	0.888903	0.926522	0.819561	0.5583	0.6991	0.8770	0.0820	0.7949	0.1282	0.7611
000218	Q	0.885769	0.925813	0.819972	0.5992	0.6948	0.8840	0.0830	0.8016	0.1169	0.7585
000219	L	0.872567	0.925071	0.819183	0.5846	0.6661	0.8850	0.0910	0.7920	0.1241	0.7805
000220	H	0.866500	0.924850	0.817662	0.6035	0.7120	0.8680	0.1090	0.7987	0.1090	0.7842
000221	E	0.856596	0.922712	0.814677	0.5802	0.6482	0.8690	0.1100	0.7819	0.1242	0.7987
000222	D	0.857209	0.921925	0.811027	0.5473	0.6482	0.8740	0.1020	0.7766	0.1337	0.8236
000223	E	0.850192	0.919714	0.806721	0.4825	0.6531	0.8660	0.1060	0.7631	0.1503	0.8455
000224	E	0.848214	0.908670	0.803242	0.5084	0.6712	0.8550	0.1160	0.7658	0.1365	0.8651
000225	F	0.834756	0.904341	0.800456	0.5008	0.7080	0.8550	0.1180	0.7672	0.1333	0.8854
000226	A	0.805224	0.890939	0.798220	0.5667	0.7505	0.8350	0.1190	0.7745	0.1021	0.8901
000227	R	0.791063	0.877690	0.795991	0.5846	0.7415	0.8370	0.1140	0.7713	0.0934	0.8921
000228	T	0.799523	0.871403	0.793284	0.5900	0.7250	0.8410	0.1070	0.7700	0.0923	0.8966
000229	L	0.809858	0.883346	0.790005	0.5802	0.7036	0.8440	0.1040	0.7686	0.1007	0.8993
000230	A	0.825701	0.893680	0.786063	0.6219	0.7369	0.8460	0.1090	0.7850	0.0877	0.8872
000231	M	0.837777	0.895094	0.782548	0.5992	0.7163	0.8580	0.1080	0.7815	0.0995	0.8758
000232	L	0.854665	0.904030	0.779615	0.5711	0.7036	0.8720	0.0950	0.7809	0.1147	0.8498
000233	D	0.869858	0.915285	0.777934	0.5623	0.7036	0.8730	0.0910	0.7837	0.1212	0.7962
000234	E	0.881535	0.923991	0.777112	0.5374	0.6991	0.8740	0.0880	0.7823	0.1325	0.7295
000235	E	0.899682	0.925969	0.777243	0.5296	0.6948	0.8800	0.0800	0.7846	0.1388	0.6509
000236	P	0.914361	0.923195	0.777878	0.5802	0.7672	0.8510	0.0950	0.8023	0.1160	0.5590
000237	K	0.876245	0.923516	0.779934	0.5941	0.7843	0.8610	0.0850	0.8032	0.1063	0.4794
000238	T	0.834110	0.924410	0.783250	0.5941	0.7843	0.8540	0.0750	0.7957	0.1020	0.4206
000239	K	0.796846	0.924371	0.787632	0.5992	0.7843	0.8200	0.0750	0.7854	0.0960	0.3580
000240	K	0.753115	0.921794	0.792086	0.6442	0.7415	0.7960	0.0720	0.7747	0.0826	0.3034
000241	A	0.723154	0.919786	0.795907	0.6442	0.7547	0.7840	0.0710	0.7703	0.0832	0.2901
000242	R	0.685068	0.916444	0.798665	0.5941	0.7595	0.7670	0.0850	0.7534	0.0991	0.2732
000243	K	0.645907	0.912951	0.800566	0.6374	0.7628	0.7300	0.1090	0.7483	0.0941	0.2773
000244	D	0.621609	0.910808	0.801954	0.6334	0.7672	0.7220	0.1270	0.7428	0.0995	0.3137
000245	T	0.599000	0.905162	0.802940	0.5762	0.7459	0.7320	0.1500	0.7269	0.1133	0.3522
000246	E	0.606565	0.902620	0.802989	0.5802	0.7547	0.6440	0.1860	0.7151	0.1151	0.4054
000247	A	0.623900	0.896756	0.802142	0.5296	0.6620	0.6370	0.1850	0.6918	0.1218	0.4687
000248	G	0.641688	0.893237	0.800738	0.5549	0.6712	0.6170	0.1740	0.6965	0.1151	0.5412
000249	E	0.617239	0.885977	0.799356	0.5229	0.6620	0.6350	0.1660	0.6870	0.1207	0.6048
000250	T	0.611757	0.887077	0.799241	0.5296	0.6531	0.6010	0.1260	0.6804	0.1233	0.6691
000251	F	0.551248	0.886385	0.800334	0.5412	0.6661	0.6070	0.1310	0.6754	0.1280	0.7363
000252	S	0.493424	0.873363	0.803021	0.5412	0.6755	0.4830	0.1120	0.6448	0.1518	0.7614
000253	S	0.433240	0.874317	0.806484	0.5374	0.6991	0.4440	0.1030	0.6325	0.1719	0.7862
000254	V	0.367503	0.876815	0.809910	0.5514	0.6991	0.4560	0.0850	0.6268	0.1841	0.8132
000255	Q	0.301636	0.878111	0.812351	0.5711	0.6136	0.4660	0.0720	0.6071	0.1959	0.8187
000256	A	0.222378	0.888715	0.814322	0.5711	0.6576	0.5150	0.0740	0.6115	0.2170	0.8330
000257	N	0.133090	0.893192	0.816644	0.5229	0.6806	0.5720	0.0850	0.6031	0.2463	0.8355
000258	L	0.097967	0.896694	0.820227	0.5623	0.6906	0.6160	0.1030	0.6140	0.2573	0.8434
000259	S	0.028724	0.900060	0.824234	0.5802	0.6375	0.6250	0.1110	0.5992	0.2796	0.8315
000260	K	0.021785	0.903573	0.828063	0.5802	0.6227	0.6660	0.1080	0.6038	0.2839	0.8266
000261	A	0.025269	0.907431	0.830957	0.5473	0.6227	0.6900	0.1040	0.6039	0.2856	0.8208
000262	E	0.030987	0.911717	0.833134	0.6124	0.7163	0.6820	0.1030	0.6310	0.2857	0.7971
000263	K	0.034291	0.915806	0.835612	0.6035	0.7289	0.6890	0.0890	0.6344	0.2865	0.8000
000264	H	0.035223	0.920111	0.837986	0.5846	0.6851	0.7350	0.0720	0.6329	0.2879	0.8080
000265	K	0.095477	0.923468	0.840170	0.6412	0.7369	0.7400	0.0700	0.6629	0.2687	0.8117
000266	Y	0.180716	0.927360	0.841281	0.5846	0.7289	0.7360	0.0740	0.6665	0.2415	0.8259
000267	P	0.233611	0.930461	0.841953	0.5941	0.7459	0.7100	0.0800	0.6760	0.2239	0.8199
000268	H	0.281967	0.932861	0.841971	0.5846	0.7369	0.7390	0.0870	0.6863	0.2099	0.8121
000269	K	0.323490	0.934673	0.841406	0.6079	0.7799	0.7730	0.0930	0.7100	0.1985	0.7895
000270	V	0.327924	0.936416	0.840019	0.6293	0.7843	0.8110	0.0880	0.7215	0.1981	0.7847
000271	K	0.428333	0.939619	0.838716	0.6334	0.7250	0.7990	0.1030	0.7273	0.1637	0.7617
000272	T	0.531263	0.943150	0.838236	0.6474	0.7369	0.8040	0.1240	0.7502	0.1333	0.7493
000273	A	0.640967	0.946681	0.838825	0.6124	0.7718	0.8290	0.1230	0.7733	0.1161	0.7516
000274	Q	0.691178	0.949807	0.839047	0.6079	0.7799	0.8320	0.1300	0.7833	0.1099	0.7327
000275	V	0.715581	0.953120	0.838454	0.6124	0.7459	0.8390	0.1300	0.7840	0.1081	0.7133
000276	S	0.763042	0.956820	0.836788	0.6255	0.7628	0.8370	0.1320	0.7969	0.1004	0.6718
000277	D	0.813323	0.959206	0.835864	0.6715	0.8235	0.8400	0.1190	0.8240	0.0837	0.6233
000278	E	0.854440	0.963746	0.836602	0.6604	0.7881	0.8330	0.1150	0.8227	0.0901	0.5910
000279	R	0.935695	0.967790	0.839216	0.6374	0.6948	0.8540	0.1000	0.8215	0.1195	0.5741
000280	K	0.935440	0.971737	0.842169	0.6442	0.7036	0.8540	0.0980	0.8252	0.1171	0.5735
000281	S	0.913372	0.976210	0.844108	0.6374	0.7505	0.8500	0.0920	0.8285	0.1098	0.5646
000282	Y	0.890162	0.980200	0.845104	0.6334	0.7547	0.8340	0.0820	0.8230	0.1084	0.5694
000283	S	0.865866	0.983948	0.845853	0.6374	0.7505	0.8150	0.0820	0.8164	0.1063	0.5426
000284	P	0.840435	0.986667	0.846593	0.6474	0.7672	0.7970	0.0950	0.8142	0.1015	0.5103
000285	R	0.834949	0.988283	0.847648	0.6334	0.7505	0.8020	0.1060	0.8094	0.1069	0.4818
000286	K	0.745426	0.990786	0.849117	0.6650	0.8050	0.7800	0.1050	0.8059	0.1002	0.4452
000287	Q	0.672750	0.992731	0.851762	0.6650	0.8162	0.7420	0.0870	0.7901	0.1135	0.4303
000288	S	0.597024	0.993624	0.855427	0.6756	0.8343	0.7300	0.1030	0.7810	0.1298	0.4170
000289	K	0.564065	0.994422	0.859463	0.6984	0.8313	0.7170	0.1340	0.7775	0.1367	0.4171
000290	Y	0.541233	0.995235	0.863285	0.7034	0.8235	0.7430	0.1280	0.7783	0.1411	0.4118
000291	E	0.528247	0.995644	0.866481	0.6984	0.8279	0.7080	0.1440	0.7708	0.1478	0.3816
000292	S	0.446901	0.995968	0.869343	0.7034	0.8279	0.7150	0.1320	0.7597	0.1710	0.3665
000293	S	0.364489	0.996202	0.871619	0.7388	0.8713	0.6870	0.1360	0.7549	0.2011	0.3538
000294	K	0.264993	0.996302	0.872248	0.7388	0.8765	0.6780	0.1420	0.7378	0.2350	0.3623
000295	E	0.256072	0.996209	0.872210	0.6984	0.8462	0.6940	0.1480	0.7272	0.2350	0.3710
000296	S	0.257992	0.996207	0.871883	0.6944	0.7951	0.6990	0.1530	0.7190	0.2308	0.3926
000297	Q	0.322695	0.996254	0.872856	0.6984	0.8050	0.7130	0.1560	0.7346	0.2098	0.4346
000298	Q	0.313945	0.996101	0.874425	0.6516	0.7982	0.7230	0.1550	0.7263	0.2143	0.4752
000299	H	0.324795	0.995931	0.876871	0.6604	0.7595	0.7450	0.1480	0.7270	0.2091	0.5074
000300	S	0.270522	0.995695	0.880071	0.6516	0.7672	0.7490	0.1440	0.7189	0.2278	0.5233
000301	K	0.329274	0.995303	0.883901	0.6557	0.8235	0.7390	0.1350	0.7378	0.2116	0.5380
000302	S	0.400117	0.994520	0.887244	0.6604	0.8462	0.7520	0.1490	0.7568	0.1906	0.5694
000303	S	0.470831	0.993898	0.889806	0.6604	0.8375	0.7400	0.1620	0.7653	0.1690	0.5913
000304	A	0.511732	0.993576	0.891775	0.6870	0.8279	0.7500	0.1700	0.7771	0.1538	0.6078
000305	D	0.523077	0.993304	0.894533	0.6789	0.8313	0.7640	0.1780	0.7808	0.1515	0.6171
000306	K	0.489617	0.993106	0.897956	0.6681	0.8279	0.7520	0.1780	0.7715	0.1627	0.6275
000307	I	0.448018	0.992714	0.902051	0.6715	0.8198	0.7510	0.1860	0.7642	0.1747	0.6327
000308	G	0.415245	0.992227	0.905955	0.6516	0.7595	0.7330	0.1950	0.7430	0.1848	0.6067
000309	E	0.412457	0.991475	0.909602	0.6374	0.7289	0.7610	0.1860	0.7401	0.1872	0.6013
000310	V	0.441814	0.990560	0.912967	0.5762	0.6322	0.7820	0.1850	0.7227	0.1915	0.6194
000311	S	0.475932	0.990043	0.916254	0.5667	0.6227	0.7480	0.1730	0.7200	0.1847	0.6459
000312	S	0.494561	0.988951	0.919765	0.5229	0.6227	0.7630	0.1630	0.7187	0.1885	0.6889
000313	P	0.520887	0.988376	0.923123	0.5173	0.6322	0.7300	0.1750	0.7187	0.1834	0.7263
000314	K	0.577444	0.987621	0.926404	0.5173	0.6227	0.7270	0.1590	0.7264	0.1756	0.7656
000315	A	0.618419	0.986714	0.929671	0.5374	0.6427	0.7160	0.1460	0.7385	0.1647	0.8023
000316	S	0.619545	0.986201	0.933432	0.5296	0.6375	0.6990	0.1350	0.7342	0.1677	0.8250
000317	S	0.633549	0.985151	0.937509	0.5229	0.6427	0.6620	0.1370	0.7307	0.1696	0.8405
000318	K	0.667175	0.984311	0.940860	0.5514	0.7036	0.6000	0.1040	0.7413	0.1642	0.8542
000319	L	0.611919	0.982600	0.942827	0.5412	0.6183	0.5940	0.0830	0.7152	0.1771	0.8748
000320	A	0.537636	0.981627	0.943767	0.5514	0.6089	0.5770	0.0630	0.7001	0.1873	0.8826
000321	I	0.466985	0.981417	0.944681	0.5296	0.6576	0.6200	0.0580	0.7001	0.1960	0.8787
000322	M	0.413049	0.981001	0.946171	0.5296	0.5901	0.6310	0.0950	0.6818	0.2105	0.8605
000323	K	0.345660	0.980428	0.948137	0.5253	0.5951	0.6400	0.1060	0.6725	0.2260	0.8276
000324	R	0.275875	0.980008	0.950402	0.4513	0.5901	0.6740	0.1100	0.6536	0.2525	0.7859
000325	K	0.269452	0.979962	0.953618	0.4420	0.5456	0.6580	0.1150	0.6414	0.2581	0.7314
000326	E	0.309875	0.980093	0.956744	0.4879	0.5456	0.6570	0.1110	0.6562	0.2435	0.6828
000327	E	0.366946	0.979771	0.959797	0.4458	0.5456	0.6330	0.1110	0.6551	0.2372	0.6593
000328	S	0.424843	0.979861	0.961515	0.4379	0.5382	0.5990	0.1270	0.6568	0.2296	0.6496
000329	S	0.486951	0.980195	0.962549	0.4379	0.5533	0.5970	0.0990	0.6696	0.2192	0.6382
000330	Y	0.536427	0.980502	0.962701	0.4703	0.6043	0.6100	0.0730	0.6940	0.2018	0.6278
000331	K	0.530672	0.980571	0.962513	0.5008	0.6227	0.5530	0.1020	0.6917	0.2013	0.6072
000332	E	0.526852	0.980573	0.962333	0.5473	0.7080	0.5630	0.0920	0.7147	0.1908	0.5917
000333	I	0.526489	0.981137	0.962605	0.5374	0.6991	0.6190	0.0670	0.7210	0.1864	0.6015
000334	E	0.536569	0.981509	0.962905	0.5473	0.6322	0.6380	0.0920	0.7164	0.1849	0.6035
000335	P	0.467649	0.981875	0.963611	0.5296	0.6183	0.6480	0.0960	0.7015	0.2006	0.6304
000336	V	0.388866	0.982332	0.964218	0.4967	0.5620	0.6780	0.1030	0.6788	0.2253	0.6590
000337	A	0.369406	0.982156	0.965155	0.4967	0.5533	0.6750	0.1150	0.6737	0.2304	0.6772
000338	S	0.350130	0.982902	0.966174	0.4825	0.5493	0.6830	0.1200	0.6690	0.2373	0.6697
000339	K	0.343964	0.983725	0.967683	0.4781	0.5533	0.6860	0.1240	0.6689	0.2395	0.6553
000340	R	0.415749	0.984522	0.969394	0.4825	0.5533	0.6990	0.1090	0.6840	0.2242	0.6382
000341	K	0.502434	0.985449	0.970854	0.5374	0.6269	0.7150	0.0900	0.7229	0.1927	0.6123
000342	E	0.578549	0.985978	0.971746	0.5331	0.6322	0.7020	0.0770	0.7340	0.1807	0.6028
000343	N	0.645288	0.986992	0.971905	0.5374	0.6620	0.7040	0.0600	0.7512	0.1690	0.6011
000344	A	0.710005	0.987486	0.971515	0.5802	0.7250	0.7370	0.0500	0.7853	0.1468	0.5949
000345	I	0.770474	0.987961	0.970604	0.6219	0.7163	0.7650	0.0460	0.8054	0.1323	0.5906
000346	K	0.789880	0.988560	0.968776	0.5900	0.6851	0.7980	0.0620	0.8033	0.1422	0.5492
000347	L	0.794903	0.988693	0.966334	0.6255	0.7331	0.8400	0.0690	0.8248	0.1266	0.5093
000348	K	0.769845	0.988792	0.963758	0.6334	0.7505	0.8390	0.0750	0.8242	0.1235	0.4459
000349	G	0.790320	0.989091	0.961193	0.6334	0.7505	0.8400	0.0730	0.8274	0.1219	0.3985
000350	E	0.794298	0.989869	0.958273	0.6334	0.7843	0.8230	0.0680	0.8305	0.1184	0.3546
000351	T	0.790063	0.990546	0.953671	0.6174	0.7595	0.8160	0.0730	0.8211	0.1242	0.3216
000352	K	0.787922	0.990778	0.948165	0.6412	0.7595	0.7930	0.0790	0.8201	0.1176	0.3036
000353	T	0.782763	0.991413	0.941406	0.6412	0.7505	0.7980	0.0790	0.8175	0.1174	0.2841
000354	P	0.784026	0.991798	0.934483	0.6334	0.7369	0.7640	0.0800	0.8074	0.1210	0.2631
000355	K	0.763030	0.992173	0.927456	0.6474	0.7547	0.7830	0.0900	0.8114	0.1150	0.2399
000356	K	0.706441	0.992196	0.921163	0.6681	0.7718	0.7920	0.0920	0.8086	0.1142	0.2250
000357	T	0.737874	0.992223	0.915384	0.6715	0.7755	0.7970	0.0820	0.8148	0.1080	0.2316
000358	K	0.709459	0.992055	0.909819	0.6557	0.8493	0.7860	0.0870	0.8171	0.1146	0.2409
000359	S	0.658993	0.991683	0.904371	0.6604	0.8565	0.7770	0.0900	0.8081	0.1227	0.2652
000360	S	0.652745	0.990938	0.898932	0.6756	0.8623	0.7710	0.1000	0.8086	0.1209	0.2824
000361	P	0.658629	0.990351	0.893593	0.6715	0.8596	0.7550	0.1200	0.8048	0.1203	0.2978
000362	A	0.684616	0.989524	0.887954	0.6756	0.8623	0.7540	0.1290	0.8090	0.1140	0.3112
000363	K	0.703169	0.988955	0.881958	0.6756	0.8596	0.7240	0.1450	0.8056	0.1128	0.3074
000364	K	0.738203	0.987182	0.875681	0.6715	0.8530	0.7120	0.1520	0.8063	0.1091	0.3049
000365	E	0.775652	0.985186	0.869878	0.6516	0.8343	0.7120	0.1330	0.8047	0.1085	0.3013
000366	S	0.763400	0.983076	0.864701	0.6516	0.8375	0.6890	0.1360	0.7981	0.1117	0.3081
000367	V	0.740710	0.980166	0.859962	0.6681	0.8530	0.6830	0.1370	0.7974	0.1107	0.3100
000368	S	0.699374	0.977195	0.854781	0.6681	0.7916	0.6540	0.1360	0.7741	0.1150	0.2880
000369	P	0.695965	0.974150	0.848608	0.6756	0.8013	0.6240	0.1320	0.7699	0.1188	0.2740
000370	E	0.651688	0.970579	0.840957	0.6334	0.7843	0.6330	0.1290	0.7524	0.1258	0.2610
000371	D	0.553811	0.965327	0.832046	0.6516	0.7120	0.6690	0.1490	0.7306	0.1335	0.2621
000372	S	0.459938	0.957871	0.823097	0.6219	0.6906	0.6720	0.1660	0.7043	0.1561	0.2766
000373	E	0.363734	0.954182	0.815303	0.5846	0.7080	0.6880	0.1770	0.6856	0.1841	0.2900
000374	K	0.363584	0.949980	0.808523	0.5941	0.6322	0.6910	0.1940	0.6733	0.1821	0.3158
000375	K	0.346399	0.944021	0.801770	0.5900	0.5665	0.7200	0.1730	0.6615	0.1899	0.3529
000376	R	0.327327	0.934268	0.793334	0.5514	0.5758	0.7440	0.1480	0.6544	0.1956	0.4055
000377	T	0.373359	0.920221	0.782618	0.5173	0.5901	0.7490	0.1350	0.6554	0.1816	0.4462
000378	N	0.389220	0.902061	0.767919	0.5514	0.6531	0.7460	0.0940	0.6683	0.1645	0.4890
000379	Y	0.428232	0.877881	0.748885	0.5514	0.6531	0.7810	0.0860	0.6733	0.1497	0.5392
000380	Q	0.513314	0.851471	0.726439	0.5331	0.6531	0.7490	0.0930	0.6710	0.1196	0.5674
000381	A	0.570939	0.820400	0.702125	0.5412	0.6427	0.7830	0.0940	0.6767	0.1027	0.5924
000382	Y	0.630273	0.785655	0.678021	0.5667	0.6089	0.8170	0.1000	0.6811	0.0915	0.6021
000383	R	0.591366	0.745825	0.654263	0.5623	0.5382	0.8110	0.0940	0.6505	0.0989	0.5972
000384	S	0.565824	0.711955	0.632645	0.5412	0.5342	0.7820	0.0780	0.6279	0.0921	0.6001
000385	Y	0.542492	0.684457	0.612029	0.4781	0.5382	0.8060	0.0870	0.6102	0.1088	0.5982
000386	L	0.565253	0.662001	0.592675	0.4781	0.5419	0.7850	0.1000	0.6041	0.0978	0.5814
000387	N	0.534577	0.640947	0.574267	0.4651	0.5419	0.7430	0.1120	0.5833	0.0886	0.5481
000388	R	0.508911	0.639799	0.556919	0.4651	0.4725	0.7450	0.1420	0.5648	0.0999	0.5199
000389	E	0.511849	0.640428	0.540638	0.4600	0.4901	0.7120	0.1560	0.5592	0.0887	0.4952
000390	G	0.494385	0.628917	0.525277	0.4245	0.5493	0.6840	0.1270	0.5510	0.0852	0.4752
000391	P	0.472086	0.627062	0.512646	0.4282	0.5382	0.5780	0.1390	0.5260	0.0655	0.4619
000392	K	0.517992	0.619625	0.502769	0.4282	0.5342	0.5240	0.1430	0.5211	0.0561	0.4498
000393	A	0.570701	0.605619	0.494408	0.4749	0.6183	0.5030	0.1220	0.5445	0.0562	0.4443
000394	L	0.643537	0.599263	0.484142	0.4333	0.6227	0.4940	0.1100	0.5462	0.0790	0.4397
000395	G	0.617831	0.596568	0.472162	0.4379	0.5493	0.4610	0.1060	0.5224	0.0693	0.4292
000396	S	0.567969	0.607417	0.457988	0.4879	0.5577	0.4850	0.1240	0.5273	0.0535	0.4220
000397	K	0.510055	0.588199	0.442430	0.4749	0.6322	0.4690	0.1650	0.5194	0.0683	0.4205
000398	E	0.411159	0.534288	0.424896	0.3939	0.6183	0.4230	0.1820	0.4676	0.0812	0.4227
000399	I	0.372038	0.530062	0.406928	0.3992	0.5456	0.3780	0.1690	0.4387	0.0712	0.4241
000400	P	0.333294	0.531346	0.390659	0.3939	0.4766	0.3170	0.1230	0.4071	0.0756	0.4250
000401	K	0.281482	0.495299	0.375471	0.3225	0.4017	0.3320	0.1290	0.3680	0.0687	0.4263
000402	G	0.229671	0.455377	0.360780	0.2255	0.3286	0.3350	0.1480	0.3225	0.0789	0.4292
000403	A	0.154749	0.429116	0.344391	0.1732	0.2783	0.3120	0.1390	0.2819	0.0953	0.4324
000404	E	0.131565	0.362404	0.326962	0.1532	0.2988	0.2910	0.1330	0.2607	0.0869	0.4349
000405	N	0.149324	0.283148	0.308568	0.1456	0.3494	0.3320	0.1610	0.2614	0.0831	0.4378
000406	C	0.187036	0.218321	0.290969	0.1456	0.3087	0.3840	0.1660	0.2557	0.0803	0.4413
000407	L	0.212385	0.156496	0.275311	0.1456	0.2541	0.4280	0.1400	0.2454	0.0943	0.4438
000408	E	0.266439	0.124375	0.263770	0.1041	0.2645	0.3410	0.0960	0.2273	0.0846	0.4444
000409	G	0.330868	0.108915	0.256813	0.0621	0.2575	0.2820	0.0790	0.2163	0.0967	0.4429
000410	L	0.384052	0.107222	0.254144	0.1088	0.2609	0.2300	0.0570	0.2242	0.0956	0.4411
000411	I	0.437235	0.090889	0.253715	0.0935	0.2364	0.2180	0.0550	0.2216	0.1164	0.4395
000412	F	0.497413	0.095321	0.255243	0.0607	0.2503	0.2200	0.0540	0.2299	0.1411	0.4374
000413	V	0.547590	0.124706	0.257084	0.0643	0.2575	0.2040	0.0450	0.2426	0.1531	0.4353
000414	I	0.602252	0.134408	0.258392	0.0813	0.2817	0.1860	0.0390	0.2574	0.1687	0.4364
000415	T	0.633264	0.135165	0.257868	0.0813	0.2575	0.1730	0.0410	0.2564	0.1800	0.4373
000416	G	0.678580	0.171634	0.257590	0.0832	0.2399	0.1730	0.0370	0.2673	0.1923	0.4378
000417	V	0.691856	0.184360	0.258822	0.0909	0.2988	0.1790	0.0380	0.2840	0.1938	0.4380
000418	L	0.702269	0.211707	0.261911	0.1322	0.3019	0.1880	0.0470	0.2997	0.1878	0.4383
000419	E	0.716659	0.262776	0.267698	0.1266	0.2436	0.1970	0.0530	0.3024	0.1914	0.4385
000420	S	0.732961	0.339380	0.274975	0.0813	0.2470	0.2240	0.0680	0.3166	0.2018	0.4380
000421	I	0.751106	0.398450	0.283175	0.0744	0.3019	0.2520	0.0880	0.3436	0.2063	0.4362
000422	E	0.754355	0.453095	0.290256	0.1205	0.3019	0.2510	0.0870	0.3618	0.2007	0.4342
000423	R	0.751161	0.515027	0.296884	0.1667	0.3740	0.2550	0.0740	0.3932	0.1928	0.4330
000424	D	0.758497	0.517845	0.304175	0.1532	0.4149	0.2500	0.0790	0.3998	0.1979	0.4323
000425	E	0.773757	0.501526	0.314480	0.2167	0.4766	0.2540	0.0790	0.4228	0.1893	0.4321
000426	A	0.779516	0.516047	0.326939	0.2167	0.4330	0.2510	0.0730	0.4206	0.1902	0.4320
000427	K	0.780368	0.511267	0.341549	0.2122	0.4330	0.2300	0.0690	0.4181	0.1931	0.4320
000428	S	0.786111	0.474666	0.356038	0.2255	0.4801	0.2270	0.0870	0.4250	0.1913	0.4322
000429	L	0.801651	0.443056	0.370808	0.3005	0.5493	0.2250	0.0960	0.4483	0.1884	0.4325
000430	I	0.735159	0.413754	0.385395	0.2913	0.5017	0.2020	0.0840	0.4216	0.1690	0.4320
000431	E	0.653690	0.398086	0.399346	0.2963	0.4979	0.1730	0.0650	0.4030	0.1507	0.4307
000432	R	0.590279	0.383134	0.413929	0.3225	0.5620	0.1670	0.0540	0.4065	0.1431	0.4289
000433	Y	0.507476	0.396477	0.427508	0.3146	0.5533	0.1670	0.0450	0.3944	0.1273	0.4263
000434	G	0.420134	0.402561	0.440256	0.3053	0.5456	0.1650	0.0430	0.3799	0.1189	0.4214
000435	G	0.330489	0.415996	0.452298	0.2963	0.5533	0.1800	0.0520	0.3714	0.1194	0.4168
000436	K	0.243513	0.456024	0.465639	0.2865	0.4831	0.2100	0.0670	0.3575	0.1132	0.4123
000437	V	0.153952	0.494711	0.479674	0.3311	0.4541	0.2380	0.0790	0.3586	0.1288	0.4091
000438	T	0.138314	0.512021	0.494755	0.2786	0.4220	0.2450	0.0780	0.3484	0.1375	0.4061
000439	G	0.119055	0.554440	0.508897	0.2255	0.4119	0.2900	0.1030	0.3517	0.1545	0.4033
000440	N	0.172063	0.583138	0.522405	0.2602	0.4619	0.3380	0.1220	0.3897	0.1455	0.4021
000441	V	0.208972	0.572163	0.533274	0.3263	0.5296	0.3570	0.1100	0.4212	0.1325	0.4029
000442	S	0.261783	0.549065	0.543555	0.3146	0.5296	0.3230	0.0860	0.4202	0.1222	0.4034
000443	K	0.329851	0.531533	0.552175	0.3225	0.5176	0.3190	0.0800	0.4288	0.1054	0.4037
000444	K	0.410807	0.519963	0.560963	0.4037	0.5951	0.3050	0.0830	0.4659	0.1013	0.4057
000445	T	0.502054	0.508903	0.569182	0.4037	0.6043	0.2770	0.0830	0.4775	0.1093	0.4101
000446	N	0.569795	0.486401	0.578873	0.3992	0.6043	0.2630	0.0910	0.4836	0.1202	0.4143
000447	Y	0.575038	0.470236	0.587157	0.4149	0.5992	0.2650	0.0870	0.4852	0.1192	0.4204
000448	L	0.669562	0.464195	0.592198	0.4703	0.6531	0.2740	0.0990	0.5205	0.1363	0.4239
000449	V	0.703522	0.467651	0.592247	0.4749	0.6576	0.3140	0.1520	0.5350	0.1314	0.4259
000450	M	0.715064	0.495545	0.588364	0.4749	0.6531	0.3460	0.1750	0.5455	0.1220	0.4258
000451	G	0.714643	0.536060	0.583279	0.4749	0.6089	0.3750	0.1660	0.5488	0.1066	0.4209
000452	R	0.707620	0.577972	0.580765	0.5253	0.6427	0.4290	0.1650	0.5772	0.0876	0.4171
000453	D	0.688409	0.620479	0.579101	0.4967	0.6183	0.4620	0.1540	0.5774	0.0772	0.4138
000454	S	0.681266	0.655896	0.578776	0.4749	0.5533	0.5060	0.1480	0.5749	0.0744	0.4122
000455	G	0.698214	0.672891	0.576128	0.4513	0.5577	0.5700	0.1430	0.5877	0.0811	0.4122
000456	Q	0.687873	0.676072	0.572638	0.3939	0.5577	0.5970	0.1880	0.5808	0.0969	0.4123
000457	S	0.685966	0.660629	0.564889	0.3885	0.5382	0.6360	0.1910	0.5791	0.0996	0.4117
000458	K	0.696152	0.656788	0.554333	0.4458	0.5382	0.6540	0.1960	0.5910	0.0863	0.4092
000459	S	0.708657	0.694640	0.541839	0.5008	0.5211	0.5980	0.1880	0.5942	0.0817	0.4115
000460	D	0.715955	0.649121	0.530717	0.4651	0.5707	0.5270	0.1560	0.5764	0.0834	0.4165
000461	K	0.695802	0.617881	0.520362	0.4078	0.5854	0.4260	0.1420	0.5423	0.1026	0.4225
000462	A	0.660550	0.591425	0.511056	0.4149	0.5901	0.3400	0.1070	0.5180	0.1106	0.4311
000463	A	0.600728	0.548132	0.501858	0.4116	0.5807	0.3000	0.0970	0.4905	0.1051	0.4374
000464	A	0.526582	0.497033	0.494896	0.4116	0.5098	0.2890	0.0830	0.4549	0.0824	0.4416
000465	L	0.469121	0.470164	0.491078	0.4116	0.4541	0.2830	0.0780	0.4299	0.0699	0.4476
000466	G	0.416559	0.461468	0.488954	0.3630	0.4652	0.2460	0.0760	0.4068	0.0828	0.4514
000467	T	0.334980	0.437201	0.486249	0.3005	0.3983	0.2290	0.0650	0.3644	0.0861	0.4556
000468	K	0.279856	0.458374	0.483664	0.3005	0.3392	0.2280	0.0720	0.3482	0.0931	0.4645
000469	I	0.257672	0.466357	0.482147	0.2531	0.3494	0.2310	0.0780	0.3399	0.1021	0.4786
000470	I	0.259222	0.470367	0.483419	0.1878	0.3494	0.2230	0.0700	0.3289	0.1156	0.4897
000471	D	0.268182	0.483110	0.486855	0.1878	0.3321	0.2050	0.0590	0.3272	0.1209	0.4961
000472	E	0.290440	0.511691	0.493576	0.1844	0.3704	0.1900	0.0520	0.3401	0.1312	0.5082
000473	D	0.330791	0.495120	0.501992	0.1958	0.3872	0.1850	0.0500	0.3494	0.1270	0.5232
000474	G	0.392904	0.486547	0.512985	0.2558	0.3983	0.1780	0.0540	0.3708	0.1191	0.5424
000475	L	0.368548	0.474545	0.525573	0.2865	0.4087	0.1730	0.0510	0.3729	0.1171	0.5627
000476	L	0.389174	0.470968	0.540591	0.3456	0.4619	0.1590	0.0490	0.3946	0.1221	0.5719
000477	N	0.403445	0.488012	0.555087	0.3399	0.4541	0.1600	0.0460	0.4002	0.1263	0.5765
000478	L	0.388701	0.526655	0.570846	0.3535	0.3872	0.1650	0.0400	0.3986	0.1311	0.5828
000479	I	0.351487	0.568517	0.588060	0.3491	0.3983	0.1610	0.0400	0.4028	0.1447	0.5811
000480	R	0.320504	0.600246	0.607933	0.3535	0.3948	0.1680	0.0450	0.4075	0.1555	0.5687
000481	T	0.277671	0.612678	0.628035	0.4282	0.4330	0.1810	0.0530	0.4268	0.1621	0.5614
000482	M	0.251625	0.641757	0.647371	0.3668	0.3872	0.2120	0.0540	0.4179	0.1714	0.5630
000483	P	0.199260	0.663330	0.662777	0.3456	0.3872	0.2250	0.0530	0.4138	0.1877	0.5570
000484	G	0.191609	0.681304	0.676361	0.2820	0.3840	0.2610	0.0590	0.4127	0.1965	0.5471
000485	K	0.179298	0.699210	0.686699	0.2786	0.3910	0.2490	0.0530	0.4140	0.2069	0.5360
000486	K	0.174910	0.710153	0.697807	0.3263	0.4330	0.2330	0.0520	0.4292	0.2101	0.5214
000487	S	0.153088	0.717016	0.708970	0.3762	0.4801	0.2320	0.0560	0.4446	0.2161	0.5222
000488	K	0.160419	0.724188	0.723793	0.3630	0.4619	0.2480	0.0680	0.4469	0.2169	0.5264
000489	Y	0.166041	0.731566	0.740435	0.4203	0.5296	0.2690	0.0610	0.4762	0.2160	0.5308
000490	E	0.175286	0.738778	0.759073	0.4879	0.5992	0.2690	0.0550	0.5048	0.2210	0.5300
000491	I	0.235389	0.753252	0.777036	0.4749	0.5901	0.3290	0.0630	0.5266	0.2020	0.5398
000492	A	0.218468	0.769869	0.795126	0.4825	0.5176	0.3940	0.0950	0.5296	0.2024	0.5370
000493	V	0.220027	0.793029	0.812241	0.5008	0.5382	0.4660	0.1060	0.5551	0.2026	0.5314
000494	E	0.203456	0.816983	0.829256	0.4333	0.5017	0.4870	0.1150	0.5453	0.2195	0.5171
000495	T	0.178963	0.839905	0.845970	0.4149	0.5017	0.5470	0.0960	0.5548	0.2344	0.5123
000496	E	0.246278	0.859587	0.862263	0.4420	0.5456	0.5530	0.1110	0.5849	0.2198	0.5086
000497	M	0.308878	0.875721	0.877762	0.4420	0.5620	0.5950	0.1190	0.6101	0.2097	0.5110
000498	K	0.379294	0.890603	0.892745	0.4651	0.5533	0.5850	0.1090	0.6277	0.1978	0.4887
000499	K	0.447695	0.904665	0.906754	0.4825	0.5758	0.5830	0.0880	0.6501	0.1870	0.4664
000500	E	0.451293	0.914918	0.918955	0.5473	0.6043	0.5710	0.0780	0.6680	0.1821	0.4408
000501	S	0.545520	0.922932	0.928614	0.5583	0.6089	0.5870	0.0910	0.6919	0.1666	0.4355
000502	K	0.643809	0.929017	0.936578	0.5900	0.6948	0.6000	0.1090	0.7324	0.1457	0.4235
000503	L	0.742086	0.934292	0.943834	0.6219	0.7120	0.6440	0.0850	0.7663	0.1286	0.4233
000504	E	0.840523	0.940951	0.950868	0.6789	0.7672	0.6770	0.0870	0.8092	0.1116	0.4052
000505	R	0.880581	0.948352	0.957260	0.6827	0.7547	0.7290	0.0980	0.8254	0.1082	0.4057
000506	T	0.915165	0.954651	0.963085	0.6944	0.6806	0.7700	0.1180	0.8297	0.1189	0.3948
000507	P	0.945426	0.961806	0.968233	0.7034	0.6712	0.7740	0.1200	0.8373	0.1251	0.3978
000508	Q	0.974459	0.968184	0.973366	0.6870	0.7289	0.7890	0.1240	0.8535	0.1222	0.3949
000509	K	0.995900	0.976487	0.977629	0.6827	0.7369	0.7990	0.1340	0.8614	0.1266	0.4091
000510	N	0.995877	0.982129	0.980963	0.7079	0.7369	0.7980	0.1370	0.8670	0.1224	0.4263
000511	V	0.995969	0.986487	0.983093	0.7192	0.7289	0.8230	0.1320	0.8727	0.1205	0.4439
000512	Q	0.990822	0.988812	0.984698	0.7232	0.7331	0.8230	0.1330	0.8740	0.1185	0.4371
000513	G	0.987620	0.991449	0.985450	0.7275	0.7369	0.8230	0.1340	0.8753	0.1169	0.4269
000514	K	0.976431	0.993147	0.985343	0.7388	0.8050	0.8100	0.1390	0.8848	0.1029	0.4152
000515	R	0.966869	0.993562	0.984775	0.7540	0.7982	0.8220	0.1380	0.8865	0.0976	0.4130
000516	K	0.966606	0.993680	0.984184	0.7232	0.7916	0.8230	0.1340	0.8803	0.1056	0.4032
000517	I	0.966675	0.993958	0.983797	0.7232	0.7881	0.8410	0.1300	0.8828	0.1047	0.3964
000518	S	0.966763	0.994006	0.983129	0.7034	0.7505	0.8230	0.1380	0.8701	0.1168	0.3634
000519	P	0.966768	0.994043	0.981883	0.6944	0.7459	0.8160	0.1350	0.8665	0.1200	0.3325
000520	S	0.965615	0.994148	0.980406	0.6906	0.7881	0.8190	0.1340	0.8729	0.1142	0.3032
000521	K	0.971796	0.994197	0.978622	0.6944	0.7718	0.8280	0.1310	0.8730	0.1153	0.2760
000522	K	0.975854	0.994119	0.976650	0.7540	0.8162	0.8300	0.1240	0.8911	0.0942	0.2515
000523	E	0.987295	0.994053	0.974066	0.7275	0.8050	0.8320	0.1320	0.8866	0.1035	0.2367
000524	S	0.997734	0.993613	0.971052	0.7147	0.8085	0.8220	0.1340	0.8846	0.1086	0.2278
000525	E	0.998079	0.992927	0.967416	0.7147	0.8162	0.8240	0.1340	0.8855	0.1070	0.2189
000526	S	0.998236	0.992050	0.962853	0.7111	0.8125	0.8250	0.1320	0.8836	0.1076	0.2154
000527	K	0.998323	0.991147	0.957408	0.7034	0.7595	0.8270	0.1360	0.8728	0.1159	0.2137
000528	K	0.998431	0.990072	0.951491	0.7275	0.8085	0.8460	0.1340	0.8871	0.1004	0.2249
000529	S	0.999698	0.988982	0.945911	0.6906	0.8085	0.8500	0.1410	0.8806	0.1099	0.2518
000530	R	0.999342	0.986824	0.940411	0.6557	0.7718	0.8480	0.1450	0.8670	0.1234	0.2779
000531	P	0.999207	0.984329	0.934965	0.6442	0.7036	0.8400	0.1480	0.8511	0.1363	0.3034
000532	T	0.998743	0.981649	0.929174	0.6334	0.7036	0.8470	0.1310	0.8489	0.1379	0.3388
000533	S	0.998458	0.978370	0.922942	0.5941	0.7036	0.8360	0.1340	0.8388	0.1473	0.3771
000534	K	0.998416	0.974087	0.916345	0.5992	0.7036	0.8240	0.1410	0.8360	0.1447	0.4115
000535	R	0.998163	0.968624	0.908780	0.5846	0.7036	0.8200	0.1480	0.8307	0.1472	0.4421
000536	D	0.991547	0.961865	0.899854	0.5992	0.7036	0.7980	0.1640	0.8257	0.1405	0.4703
000537	S	0.951995	0.954396	0.889245	0.5941	0.6482	0.7820	0.1640	0.8033	0.1418	0.4964
000538	L	0.908576	0.946641	0.877540	0.5900	0.5533	0.7590	0.1800	0.7726	0.1535	0.5304
000539	A	0.858764	0.938258	0.865351	0.5473	0.4766	0.7530	0.2260	0.7399	0.1712	0.5471
000540	K	0.809365	0.929492	0.853580	0.5008	0.4725	0.7500	0.2300	0.7192	0.1732	0.5584
000541	T	0.703261	0.922202	0.842284	0.4203	0.4685	0.7540	0.2100	0.6851	0.1840	0.5713
000542	I	0.598233	0.915698	0.831835	0.3806	0.3807	0.7740	0.1830	0.6469	0.2109	0.5882
000543	K	0.490158	0.908560	0.821498	0.3885	0.3872	0.7830	0.1450	0.6298	0.2139	0.5933
000544	K	0.382107	0.903602	0.811726	0.3456	0.3117	0.8160	0.1360	0.5951	0.2513	0.5965
000545	E	0.280626	0.898648	0.802312	0.3491	0.3117	0.8030	0.1260	0.5742	0.2631	0.6096
000546	T	0.212027	0.892794	0.793665	0.2786	0.3117	0.7900	0.1040	0.5465	0.2826	0.6242
000547	D	0.145255	0.887304	0.784622	0.2748	0.3215	0.7550	0.1110	0.5281	0.2886	0.6386
000548	V	0.087919	0.886783	0.775181	0.2865	0.2849	0.7520	0.1020	0.5123	0.3027	0.6521
000549	F	0.030642	0.880772	0.765308	0.3399	0.3215	0.7490	0.1230	0.5145	0.3038	0.6571
000550	W	0.031632	0.875433	0.754619	0.3053	0.3392	0.7520	0.1340	0.5097	0.3033	0.6567
000551	K	0.041833	0.861425	0.743024	0.2963	0.3460	0.7370	0.1270	0.5043	0.2947	0.6424
000552	S	0.049826	0.849495	0.730679	0.3096	0.3460	0.7400	0.1080	0.5043	0.2874	0.6276
000553	L	0.061690	0.835823	0.719491	0.3491	0.3983	0.7200	0.1060	0.5140	0.2687	0.6105
000554	D	0.062011	0.822615	0.709300	0.3535	0.4051	0.6960	0.1230	0.5081	0.2608	0.5869
000555	F	0.063087	0.806571	0.700716	0.3630	0.4119	0.7050	0.1250	0.5084	0.2560	0.5660
000556	K	0.124795	0.792072	0.693367	0.3717	0.4051	0.6440	0.1230	0.5052	0.2272	0.5327
000557	E	0.207393	0.779244	0.687481	0.3806	0.4017	0.6370	0.1190	0.5155	0.2000	0.5013
000558	Q	0.293271	0.776745	0.682608	0.3762	0.3872	0.6630	0.1160	0.5299	0.1835	0.4744
000559	V	0.376340	0.780128	0.677781	0.3992	0.4292	0.6940	0.1220	0.5595	0.1618	0.4523
000560	A	0.453933	0.773116	0.673408	0.4333	0.5211	0.6940	0.1370	0.5915	0.1285	0.4312
000561	E	0.536539	0.777894	0.668870	0.4825	0.5419	0.6990	0.1420	0.6178	0.1045	0.4151
000562	E	0.620505	0.782294	0.663811	0.4967	0.5296	0.7020	0.1270	0.6325	0.0978	0.4098
000563	T	0.718216	0.779489	0.657094	0.4379	0.5342	0.7630	0.0980	0.6483	0.1242	0.4082
000564	S	0.815171	0.770699	0.649647	0.4651	0.6089	0.8040	0.0810	0.6856	0.1251	0.4085
000565	G	0.853170	0.771200	0.642553	0.4651	0.5992	0.8520	0.0600	0.6973	0.1416	0.4110
000566	D	0.867456	0.762557	0.636561	0.5253	0.6991	0.8700	0.0570	0.7268	0.1232	0.4130
000567	S	0.876712	0.756169	0.630925	0.5331	0.7080	0.8620	0.0730	0.7278	0.1215	0.4166
000568	K	0.887519	0.762371	0.626162	0.5296	0.7163	0.8200	0.1010	0.7236	0.1189	0.4185
000569	A	0.891054	0.765824	0.622066	0.5229	0.6948	0.8080	0.0990	0.7175	0.1212	0.4195
000570	R	0.892650	0.758064	0.619018	0.5667	0.6991	0.7620	0.1300	0.7163	0.1057	0.4189
000571	N	0.885271	0.758500	0.614192	0.5711	0.7209	0.7020	0.1410	0.7086	0.1014	0.4201
000572	L	0.858306	0.749819	0.606715	0.5229	0.7289	0.7010	0.1450	0.6946	0.1067	0.4220
000573	A	0.808892	0.729658	0.595370	0.5253	0.6576	0.6730	0.1780	0.6650	0.0907	0.4213
000574	D	0.770651	0.720880	0.583677	0.5331	0.5951	0.6760	0.2090	0.6466	0.0830	0.4206
000575	D	0.732533	0.717130	0.572265	0.4918	0.5098	0.6950	0.2340	0.6198	0.0988	0.4204
000576	S	0.644231	0.703519	0.561173	0.4420	0.4619	0.6810	0.2440	0.5823	0.1024	0.4214
000577	S	0.545982	0.690645	0.548431	0.3847	0.4619	0.6680	0.2410	0.5500	0.1071	0.4241
000578	E	0.450863	0.669745	0.533947	0.3456	0.4619	0.6290	0.2340	0.5151	0.1102	0.4269
000579	N	0.358617	0.626873	0.517650	0.3668	0.3983	0.5780	0.2260	0.4744	0.1054	0.4298
000580	K	0.271144	0.583350	0.500056	0.3847	0.4087	0.4590	0.2020	0.4345	0.0974	0.4339
000581	V	0.197663	0.541741	0.483202	0.3263	0.4369	0.3380	0.1330	0.3873	0.1138	0.4394
000582	E	0.146391	0.496241	0.467144	0.3184	0.4220	0.2350	0.1010	0.3476	0.1264	0.4441
000583	N	0.084280	0.442214	0.451912	0.4149	0.4766	0.1960	0.0760	0.3443	0.1490	0.4491
000584	L	0.022108	0.371889	0.435602	0.4282	0.4369	0.1830	0.0630	0.3129	0.1574	0.4555
000585	L	0.011711	0.306644	0.418834	0.4282	0.4292	0.2070	0.0920	0.3003	0.1522	0.4611
000586	W	0.011312	0.329990	0.401172	0.3456	0.4220	0.2410	0.0980	0.2918	0.1382	0.4631
000587	V	0.009372	0.327042	0.383024	0.3456	0.3704	0.2370	0.0970	0.2788	0.1293	0.4613
000588	D	0.006518	0.313670	0.364575	0.3399	0.3149	0.2680	0.0900	0.2679	0.1205	0.4596
000589	K	0.004077	0.331860	0.346234	0.2657	0.3149	0.2980	0.0780	0.2601	0.1173	0.4592
000590	Y	0.003745	0.356554	0.329602	0.1921	0.3117	0.3420	0.0880	0.2560	0.1250	0.4578
000591	K	0.003855	0.370782	0.317031	0.2080	0.3249	0.3280	0.0720	0.2588	0.1243	0.4527
000592	P	0.004840	0.374209	0.309582	0.2602	0.3704	0.2530	0.0620	0.2620	0.1244	0.4487
000593	T	0.005287	0.378691	0.305900	0.2558	0.3667	0.2240	0.0510	0.2561	0.1249	0.4457
000594	S	0.005553	0.386243	0.302556	0.2531	0.3667	0.2060	0.0490	0.2534	0.1268	0.4423
000595	L	0.010122	0.388614	0.300994	0.2963	0.4119	0.1840	0.0530	0.2653	0.1359	0.4395
000596	K	0.015385	0.398884	0.297545	0.3399	0.3910	0.1680	0.0510	0.2684	0.1367	0.4370
000597	T	0.048649	0.401581	0.293859	0.3939	0.4476	0.1900	0.0670	0.2959	0.1391	0.4355
000598	I	0.072778	0.402402	0.289467	0.3806	0.5017	0.2090	0.0740	0.3093	0.1398	0.4349
000599	I	0.079798	0.406461	0.285056	0.3535	0.4940	0.2200	0.0710	0.3065	0.1333	0.4342
000600	G	0.083323	0.410675	0.281429	0.3578	0.4409	0.2090	0.0620	0.2972	0.1231	0.4337
000601	Q	0.083558	0.421147	0.275282	0.4333	0.4507	0.2330	0.0800	0.3162	0.1326	0.4336
000602	Q	0.100813	0.425381	0.272747	0.3717	0.4582	0.2460	0.0900	0.3124	0.1213	0.4336
000603	G	0.100921	0.419173	0.274921	0.2820	0.3529	0.2530	0.0990	0.2805	0.0979	0.4337
000604	D	0.101969	0.423337	0.284467	0.3053	0.3019	0.2450	0.1100	0.2770	0.0954	0.4328
000605	Q	0.106771	0.425725	0.296688	0.2432	0.3087	0.2140	0.0810	0.2659	0.0973	0.4307
000606	S	0.162966	0.402988	0.309292	0.2700	0.3740	0.2020	0.0680	0.2869	0.0860	0.4282
000607	C	0.230134	0.380035	0.321939	0.2786	0.3019	0.2120	0.0780	0.2875	0.0562	0.4242
000608	A	0.318919	0.372086	0.334847	0.2865	0.3149	0.2100	0.0770	0.3062	0.0501	0.4183
000609	N	0.413973	0.341899	0.349808	0.2963	0.3667	0.2000	0.0800	0.3280	0.0671	0.4124
000610	K	0.446326	0.325856	0.366353	0.3762	0.4186	0.1790	0.0790	0.3520	0.0865	0.4052
000611	L	0.462258	0.288373	0.385122	0.3717	0.4087	0.1690	0.0720	0.3476	0.0950	0.3965
000612	L	0.552490	0.328747	0.404328	0.3630	0.3948	0.1590	0.0620	0.3670	0.1166	0.3901
000613	R	0.631763	0.350687	0.423911	0.3578	0.3948	0.1550	0.0640	0.3857	0.1398	0.3883
000614	W	0.716263	0.341310	0.444650	0.3491	0.3948	0.1720	0.0640	0.4030	0.1633	0.3850
000615	L	0.721349	0.423690	0.465390	0.3535	0.3872	0.1760	0.0670	0.4212	0.1623	0.3874
000616	R	0.723671	0.480818	0.486387	0.3491	0.3740	0.1800	0.0580	0.4324	0.1654	0.3951
000617	N	0.722583	0.563975	0.507623	0.3535	0.3872	0.2140	0.0520	0.4581	0.1629	0.4030
000618	W	0.675532	0.625137	0.529309	0.4116	0.4369	0.2480	0.0530	0.4878	0.1423	0.4103
000619	Q	0.703282	0.657329	0.551585	0.4282	0.4330	0.2290	0.0580	0.5004	0.1591	0.4204
000620	K	0.711601	0.700393	0.574278	0.4037	0.4149	0.2540	0.0530	0.5097	0.1669	0.4280
000621	S	0.650569	0.738286	0.597099	0.3762	0.3286	0.3090	0.0640	0.4999	0.1684	0.4330
000622	S	0.603653	0.764295	0.615912	0.4420	0.3840	0.3560	0.0800	0.5276	0.1455	0.4284
000623	S	0.517681	0.777623	0.630444	0.4203	0.4369	0.4000	0.0980	0.5304	0.1349	0.4246
000624	E	0.479134	0.788401	0.642244	0.4078	0.3426	0.4220	0.1260	0.5137	0.1539	0.4212
000625	D	0.416352	0.815356	0.655914	0.4749	0.4119	0.4380	0.1100	0.5353	0.1503	0.4201
000626	K	0.385612	0.818389	0.668565	0.4513	0.4685	0.4380	0.1040	0.5384	0.1534	0.4207
000627	K	0.348079	0.819966	0.682493	0.4420	0.4582	0.4300	0.0760	0.5301	0.1650	0.4222
000628	H	0.300893	0.824974	0.695802	0.4379	0.4507	0.4320	0.0890	0.5237	0.1785	0.4239
000629	A	0.273137	0.824657	0.709748	0.5043	0.5419	0.4190	0.1060	0.5455	0.1811	0.4243
000630	A	0.246251	0.828731	0.723444	0.4879	0.5296	0.4240	0.1100	0.5399	0.1913	0.4264
000631	K	0.233586	0.835498	0.735115	0.4825	0.5296	0.4160	0.1160	0.5387	0.1992	0.4277
000632	F	0.248889	0.840841	0.745815	0.4879	0.5296	0.4270	0.1450	0.5468	0.1970	0.4292
000633	G	0.193645	0.841435	0.752377	0.4825	0.4409	0.4030	0.1340	0.5190	0.2180	0.4273
000634	K	0.161554	0.842095	0.754274	0.4825	0.4409	0.4520	0.1010	0.5222	0.2234	0.4270
000635	F	0.097423	0.841847	0.752176	0.4116	0.4087	0.4760	0.0970	0.4979	0.2447	0.4269
000636	S	0.083077	0.845061	0.745232	0.4116	0.3807	0.4850	0.0800	0.4918	0.2500	0.4233
000637	G	0.068733	0.841267	0.736661	0.3806	0.3182	0.5220	0.0740	0.4779	0.2593	0.4200
000638	K	0.054408	0.837970	0.726602	0.3535	0.2609	0.5390	0.0970	0.4621	0.2695	0.4190
000639	D	0.052157	0.827601	0.716927	0.3096	0.2470	0.5370	0.1200	0.4484	0.2710	0.4199
000640	D	0.027234	0.811560	0.707423	0.2748	0.2680	0.5390	0.1450	0.4381	0.2728	0.4211
000641	G	0.005834	0.795330	0.696996	0.2913	0.3182	0.5240	0.1620	0.4386	0.2661	0.4229
000642	S	0.031335	0.770298	0.686649	0.2820	0.3566	0.5320	0.1560	0.4431	0.2507	0.4268
000643	S	0.038816	0.737847	0.676004	0.3885	0.4441	0.5100	0.1520	0.4659	0.2269	0.4322
000644	F	0.045363	0.708773	0.665903	0.4203	0.3948	0.4860	0.1490	0.4534	0.2170	0.4263
000645	K	0.061042	0.694176	0.654246	0.4116	0.3983	0.4140	0.1420	0.4388	0.2071	0.4209
000646	A	0.084924	0.662501	0.642489	0.4245	0.4864	0.3980	0.1470	0.4498	0.1916	0.4155
000647	A	0.163150	0.643521	0.629986	0.4245	0.4901	0.4230	0.1520	0.4623	0.1603	0.4093
000648	L	0.246268	0.636781	0.617259	0.4116	0.4901	0.4700	0.1570	0.4786	0.1310	0.4051
000649	L	0.300450	0.643844	0.605910	0.4078	0.4979	0.5130	0.1790	0.4948	0.1156	0.4072
000650	S	0.330008	0.638969	0.595218	0.3992	0.4652	0.5100	0.2260	0.4899	0.1066	0.4161
000651	G	0.405650	0.631318	0.586123	0.3939	0.4541	0.5290	0.2460	0.5000	0.0892	0.4244
000652	P	0.503236	0.629308	0.575739	0.3668	0.3910	0.5460	0.2470	0.5019	0.0950	0.4331
000653	P	0.557519	0.627639	0.564335	0.3668	0.3460	0.4840	0.2370	0.4911	0.1041	0.4270
000654	G	0.582056	0.624616	0.550833	0.3146	0.2680	0.4610	0.2110	0.4669	0.1341	0.4197
000655	V	0.624115	0.612768	0.534116	0.3311	0.3704	0.3990	0.1730	0.4785	0.1170	0.4122
000656	G	0.618936	0.593065	0.516437	0.2786	0.3872	0.3170	0.1430	0.4519	0.1319	0.4043
000657	K	0.607782	0.568183	0.498700	0.3146	0.3392	0.2770	0.1270	0.4342	0.1294	0.3962
000658	T	0.572651	0.539832	0.481746	0.3535	0.3599	0.2470	0.1130	0.4258	0.1149	0.3921
000659	T	0.544177	0.497100	0.464932	0.3311	0.3460	0.2300	0.1080	0.4023	0.1087	0.3902
000660	T	0.444730	0.444032	0.448880	0.3847	0.4087	0.1970	0.0970	0.3881	0.0883	0.3942
000661	A	0.340743	0.408731	0.434134	0.3146	0.3321	0.1800	0.0720	0.3350	0.0815	0.4025
000662	S	0.281500	0.376180	0.421584	0.3184	0.2849	0.1670	0.0540	0.3083	0.0803	0.4119
000663	L	0.242623	0.388488	0.410925	0.2167	0.2645	0.1720	0.0530	0.2825	0.0878	0.4258
000664	V	0.199204	0.365679	0.401603	0.1416	0.1671	0.1650	0.0430	0.2400	0.1035	0.4331
000665	C	0.146156	0.348745	0.393696	0.1566	0.1759	0.1690	0.0390	0.2317	0.0999	0.4253
000666	Q	0.093107	0.368482	0.384327	0.1532	0.1969	0.1630	0.0360	0.2265	0.1104	0.4174
000667	E	0.116301	0.348579	0.374333	0.1602	0.1942	0.1630	0.0380	0.2261	0.0987	0.4072
000668	L	0.162617	0.351554	0.362696	0.1380	0.2002	0.1760	0.0530	0.2318	0.0905	0.3981
000669	G	0.182398	0.312205	0.352400	0.1380	0.2002	0.1730	0.0600	0.2263	0.0781	0.3967
000670	Y	0.217388	0.316610	0.344841	0.1495	0.2064	0.1650	0.0610	0.2333	0.0731	0.3958
000671	S	0.263361	0.328624	0.338547	0.1456	0.2002	0.1580	0.0540	0.2390	0.0768	0.3992
000672	Y	0.322591	0.325485	0.333410	0.1766	0.2224	0.1730	0.0520	0.2589	0.0702	0.4029
000673	V	0.320962	0.338817	0.328215	0.1732	0.2224	0.1970	0.0680	0.2634	0.0676	0.4122
000674	E	0.317911	0.389759	0.324499	0.2167	0.2817	0.2280	0.0900	0.2932	0.0593	0.4281
000675	L	0.315654	0.450970	0.322732	0.2602	0.2609	0.3080	0.1010	0.3197	0.0638	0.4266
000676	N	0.282863	0.513115	0.323119	0.3184	0.3426	0.3630	0.1050	0.3572	0.0739	0.4122
000677	A	0.277200	0.557517	0.325586	0.2333	0.3019	0.4460	0.1150	0.3570	0.1110	0.3975
000678	S	0.321900	0.601802	0.330199	0.2122	0.2224	0.5130	0.1010	0.3669	0.1442	0.3830
000679	D	0.369014	0.611902	0.336389	0.2483	0.2364	0.5300	0.1000	0.3886	0.1389	0.3717
000680	T	0.402609	0.597723	0.341490	0.1844	0.2129	0.5180	0.1040	0.3762	0.1498	0.3675
000681	R	0.383415	0.633210	0.345289	0.2080	0.3019	0.5040	0.1030	0.3960	0.1384	0.3647
000682	S	0.419089	0.626130	0.346097	0.1766	0.3019	0.4280	0.0680	0.3829	0.1372	0.3625
000683	K	0.459016	0.627487	0.344915	0.2531	0.3053	0.3410	0.0670	0.3885	0.1235	0.3621
000684	S	0.508976	0.606527	0.342282	0.2963	0.3667	0.2760	0.0610	0.3995	0.1191	0.3727
000685	S	0.540514	0.604166	0.339974	0.2122	0.3631	0.2570	0.0580	0.3862	0.1420	0.3860
000686	L	0.534344	0.577130	0.339783	0.2786	0.4369	0.2580	0.0560	0.4042	0.1219	0.3985
000687	K	0.508987	0.560267	0.338905	0.2786	0.4220	0.2290	0.0570	0.3897	0.1190	0.4072
000688	A	0.427164	0.526689	0.336191	0.3096	0.3774	0.2370	0.0860	0.3691	0.0915	0.4171
000689	I	0.346053	0.501294	0.331143	0.3096	0.3807	0.2230	0.1030	0.3487	0.0836	0.4278
000690	V	0.305157	0.477824	0.324975	0.2255	0.3740	0.2050	0.1030	0.3188	0.0914	0.4306
000691	A	0.248922	0.461945	0.318457	0.2292	0.2817	0.1760	0.0810	0.2860	0.0901	0.4241
000692	E	0.192298	0.451433	0.311078	0.2209	0.1969	0.1860	0.0780	0.2597	0.0956	0.4199
000693	S	0.125033	0.438251	0.303571	0.1532	0.1969	0.2040	0.0830	0.2369	0.1058	0.4184
000694	L	0.086339	0.413310	0.298676	0.1060	0.2064	0.2230	0.0800	0.2223	0.1115	0.4162
000695	N	0.053184	0.429434	0.296767	0.1088	0.2064	0.2600	0.0720	0.2257	0.1235	0.4038
000696	N	0.024073	0.455255	0.298145	0.1150	0.1852	0.2900	0.0790	0.2279	0.1394	0.3934
000697	T	0.035224	0.467578	0.301333	0.1667	0.2258	0.3030	0.0820	0.2499	0.1332	0.3856
000698	S	0.053521	0.483999	0.306049	0.1495	0.2224	0.2750	0.0940	0.2484	0.1341	0.3828
000699	I	0.103043	0.497055	0.311309	0.1532	0.2470	0.2300	0.0770	0.2570	0.1264	0.3793
000700	K	0.113579	0.504585	0.315323	0.2122	0.2609	0.1970	0.0780	0.2673	0.1226	0.3739
000701	G	0.123333	0.509390	0.316816	0.2657	0.3117	0.2310	0.0770	0.2930	0.1162	0.3739
000702	F	0.133276	0.502489	0.315648	0.2432	0.3426	0.2880	0.0850	0.3041	0.1112	0.3794
000703	Y	0.134844	0.508759	0.312917	0.2333	0.3286	0.3160	0.0980	0.3057	0.1128	0.3786
000704	S	0.132366	0.517284	0.309384	0.2432	0.3426	0.3480	0.1160	0.3155	0.1164	0.3730
000705	N	0.121437	0.527923	0.304482	0.3096	0.3872	0.4120	0.1080	0.3438	0.1242	0.3682
000706	G	0.109443	0.520652	0.297227	0.3096	0.3087	0.4310	0.1030	0.3294	0.1272	0.3697
000707	A	0.104333	0.534051	0.289378	0.2748	0.2258	0.4330	0.0730	0.3103	0.1393	0.3738
000708	A	0.062621	0.547072	0.282002	0.2122	0.2002	0.4850	0.0720	0.2982	0.1682	0.3793
000709	S	0.114102	0.563823	0.274887	0.1532	0.2094	0.5120	0.0750	0.3046	0.1729	0.3884
000710	S	0.183399	0.563948	0.266154	0.1958	0.2951	0.4960	0.0850	0.3334	0.1455	0.3971
000711	V	0.245196	0.554487	0.255449	0.2041	0.2364	0.4820	0.0950	0.3296	0.1359	0.4067
000712	S	0.313067	0.521224	0.243246	0.2167	0.2470	0.4460	0.0990	0.3312	0.1137	0.4149
000713	T	0.383452	0.490084	0.231254	0.2385	0.3356	0.4530	0.1160	0.3553	0.0982	0.4222
000714	K	0.454074	0.455518	0.220919	0.3225	0.3872	0.3860	0.1150	0.3711	0.0811	0.4337
000715	H	0.541239	0.413472	0.212380	0.3225	0.3599	0.3250	0.1010	0.3624	0.1001	0.4138
000716	A	0.615627	0.365007	0.205181	0.2913	0.3494	0.3140	0.1030	0.3568	0.1266	0.3981
000717	L	0.689382	0.329048	0.198655	0.2558	0.3599	0.3240	0.0970	0.3595	0.1569	0.3850
000718	I	0.712926	0.326237	0.193595	0.2820	0.4051	0.3060	0.1090	0.3709	0.1652	0.3834
000719	M	0.717785	0.331154	0.190376	0.3096	0.4409	0.3120	0.1200	0.3836	0.1662	0.3890
000720	D	0.725394	0.357422	0.189178	0.3225	0.4507	0.3220	0.1290	0.3945	0.1667	0.4057
000721	E	0.725698	0.386714	0.189668	0.3311	0.4507	0.3570	0.1280	0.4068	0.1630	0.4210
000722	V	0.744989	0.408687	0.191118	0.3885	0.5055	0.3590	0.1390	0.4330	0.1679	0.4297
000723	D	0.760602	0.436846	0.193800	0.3806	0.4256	0.3240	0.1190	0.4202	0.1724	0.4094
000724	G	0.761104	0.487666	0.196092	0.3806	0.4369	0.3400	0.0980	0.4337	0.1723	0.3915
000725	M	0.766546	0.513136	0.196952	0.3225	0.4541	0.4240	0.1300	0.4463	0.1756	0.3763
000726	A	0.773089	0.547117	0.195209	0.3311	0.3704	0.4160	0.1370	0.4388	0.1824	0.3528
000727	G	0.771815	0.589260	0.191626	0.3717	0.3215	0.4400	0.1300	0.4477	0.1882	0.3351
000728	N	0.767275	0.598341	0.187459	0.3668	0.3910	0.4870	0.1310	0.4663	0.1834	0.3232
000729	E	0.764669	0.571502	0.185021	0.3762	0.3872	0.4810	0.1110	0.4609	0.1796	0.3186
000730	D	0.764314	0.551363	0.183724	0.4037	0.3392	0.4840	0.0830	0.4544	0.1805	0.3183
000731	R	0.729426	0.518437	0.183359	0.3146	0.3321	0.4970	0.1040	0.4291	0.1759	0.3260
000732	G	0.689517	0.449510	0.182786	0.2209	0.3249	0.4700	0.1240	0.3896	0.1710	0.3307
000733	G	0.660552	0.379704	0.183314	0.2865	0.3840	0.3930	0.1020	0.3812	0.1451	0.3409
000734	I	0.615962	0.337169	0.185418	0.2657	0.3807	0.3420	0.1390	0.3546	0.1329	0.3563
000735	Q	0.567294	0.293005	0.188499	0.2657	0.3053	0.2460	0.1020	0.3109	0.1207	0.3688
000736	E	0.484257	0.259946	0.192647	0.2963	0.3631	0.1860	0.0740	0.2971	0.1032	0.3797
000737	L	0.406227	0.234953	0.197600	0.2483	0.3182	0.1420	0.0510	0.2578	0.0851	0.3976
000738	I	0.329397	0.210203	0.202346	0.2820	0.2470	0.1070	0.0350	0.2296	0.0698	0.4120
000739	G	0.256926	0.178356	0.205306	0.2122	0.1583	0.1020	0.0300	0.1856	0.0481	0.4194
000740	L	0.199811	0.162554	0.206654	0.1349	0.1229	0.1050	0.0320	0.1553	0.0381	0.4231
000741	I	0.152501	0.143115	0.207850	0.0621	0.0704	0.1120	0.0330	0.1247	0.0501	0.4277
000742	K	0.093820	0.131026	0.210069	0.0514	0.0719	0.1310	0.0360	0.1148	0.0515	0.4217
000743	H	0.045455	0.120732	0.213452	0.0252	0.0765	0.1450	0.0410	0.1044	0.0637	0.4157
000744	T	0.005935	0.118901	0.217111	0.0245	0.0817	0.1570	0.0520	0.1008	0.0732	0.4028
000745	K	0.010168	0.106308	0.221624	0.0387	0.1373	0.1310	0.0390	0.1075	0.0691	0.3898
000746	I	0.011981	0.101340	0.226849	0.0363	0.1323	0.1040	0.0340	0.1021	0.0694	0.3743
000747	P	0.052215	0.095996	0.231865	0.0316	0.1424	0.0750	0.0250	0.1049	0.0666	0.3578
000748	I	0.108089	0.100979	0.236153	0.0490	0.2064	0.0650	0.0250	0.1277	0.0697	0.3387
000749	I	0.109670	0.106896	0.239667	0.0909	0.2034	0.0570	0.0230	0.1347	0.0646	0.3199
000750	C	0.111196	0.113714	0.243295	0.0965	0.2094	0.0570	0.0260	0.1385	0.0656	0.3026
000751	M	0.111999	0.127376	0.246921	0.0965	0.2817	0.0640	0.0300	0.1548	0.0804	0.2933
000752	C	0.112105	0.157727	0.250434	0.1495	0.2849	0.0750	0.0340	0.1716	0.0738	0.2790
000753	N	0.111772	0.198873	0.253499	0.1532	0.2258	0.0990	0.0610	0.1736	0.0572	0.2762
000754	D	0.105951	0.239346	0.255963	0.1018	0.2258	0.1160	0.0650	0.1741	0.0670	0.2764
000755	R	0.102645	0.272738	0.258274	0.0643	0.1476	0.1290	0.0630	0.1624	0.0774	0.2827
000756	N	0.062152	0.335401	0.260582	0.0607	0.0948	0.1590	0.0880	0.1621	0.1037	0.2841
000757	H	0.012493	0.367307	0.262942	0.0587	0.0835	0.1410	0.0680	0.1543	0.1236	0.2886
000758	P	0.015285	0.381250	0.265156	0.0231	0.0734	0.1140	0.0560	0.1453	0.1342	0.2993
000759	K	0.022769	0.371588	0.267726	0.0200	0.0734	0.1150	0.0640	0.1451	0.1310	0.3107
000760	I	0.083112	0.342791	0.270114	0.0350	0.1184	0.1090	0.0640	0.1597	0.1091	0.3233
000761	R	0.122414	0.266416	0.272522	0.0425	0.1115	0.0930	0.0530	0.1514	0.0871	0.3368
000762	S	0.161852	0.201998	0.274551	0.0526	0.1449	0.0710	0.0340	0.1511	0.0754	0.3498
000763	L	0.198499	0.139268	0.276727	0.0567	0.2258	0.0580	0.0290	0.1592	0.0825	0.3639
000764	V	0.235314	0.102089	0.278471	0.0621	0.2436	0.0430	0.0180	0.1608	0.0942	0.3731
000765	H	0.270284	0.072211	0.279827	0.0643	0.2436	0.0360	0.0130	0.1611	0.1046	0.3805
000766	Y	0.277749	0.069280	0.280010	0.0744	0.1791	0.0370	0.0130	0.1528	0.0993	0.3830
000767	C	0.308329	0.076030	0.279022	0.0813	0.1852	0.0350	0.0120	0.1607	0.1047	0.3891
000768	F	0.309595	0.090862	0.276961	0.0554	0.1914	0.0390	0.0120	0.1605	0.1061	0.4016
000769	D	0.257708	0.109458	0.274754	0.0464	0.1115	0.0410	0.0110	0.1401	0.0934	0.3993
000770	L	0.229797	0.137118	0.272460	0.0490	0.1115	0.0530	0.0110	0.1422	0.0838	0.3946
000771	R	0.203019	0.149172	0.270394	0.0502	0.1671	0.0720	0.0190	0.1519	0.0749	0.3937
000772	F	0.181846	0.165565	0.268665	0.0514	0.1399	0.0920	0.0300	0.1498	0.0690	0.3896
000773	Q	0.159290	0.194393	0.268187	0.0502	0.1162	0.1080	0.0350	0.1493	0.0694	0.3732
000774	R	0.142634	0.227733	0.268521	0.0701	0.1424	0.1270	0.0500	0.1631	0.0659	0.3649
000775	P	0.147058	0.251956	0.269449	0.0884	0.1881	0.1390	0.0630	0.1806	0.0638	0.3592
000776	R	0.123624	0.309826	0.269645	0.0723	0.1184	0.1140	0.0380	0.1680	0.0885	0.3552
000777	V	0.164039	0.349704	0.270288	0.1266	0.1611	0.1090	0.0310	0.1968	0.0854	0.3492
000778	E	0.198777	0.381385	0.270868	0.1416	0.1424	0.0990	0.0220	0.2056	0.0955	0.3465
000779	Q	0.253188	0.386911	0.271246	0.1921	0.2292	0.1020	0.0290	0.2392	0.0857	0.3438
000780	I	0.313836	0.373535	0.270025	0.1266	0.2364	0.0960	0.0330	0.2361	0.0980	0.3492
000781	K	0.308519	0.349482	0.267902	0.2041	0.3117	0.0870	0.0330	0.2548	0.0875	0.3560
000782	G	0.304293	0.313520	0.265568	0.2080	0.2224	0.0790	0.0310	0.2321	0.0787	0.3567
000783	A	0.287560	0.288941	0.263460	0.3184	0.3215	0.0720	0.0230	0.2586	0.0859	0.3641
000784	M	0.272448	0.253739	0.261766	0.2209	0.2258	0.0660	0.0160	0.2167	0.0701	0.3807
000785	M	0.264053	0.237623	0.259357	0.2255	0.2470	0.0600	0.0100	0.2155	0.0709	0.3878
000786	S	0.215938	0.236374	0.256470	0.1322	0.2436	0.0620	0.0140	0.1910	0.0706	0.3876
000787	I	0.175903	0.244456	0.253184	0.1532	0.2645	0.0770	0.0220	0.1947	0.0668	0.3868
000788	A	0.134946	0.261335	0.250315	0.2432	0.2951	0.0930	0.0230	0.2130	0.0729	0.3896
000789	F	0.078542	0.304544	0.246889	0.2700	0.2399	0.1450	0.0550	0.2142	0.0777	0.3888
000790	K	0.080730	0.344140	0.242584	0.2167	0.2364	0.2010	0.0730	0.2203	0.0774	0.3842
000791	E	0.079037	0.380400	0.238113	0.2602	0.3286	0.2220	0.0670	0.2515	0.0943	0.3748
000792	G	0.086310	0.410527	0.233938	0.2531	0.2470	0.2530	0.0790	0.2473	0.0938	0.3655
000793	L	0.090152	0.431111	0.230068	0.2558	0.1791	0.2700	0.0920	0.2428	0.1032	0.3617
000794	K	0.096628	0.416246	0.225869	0.2122	0.1373	0.2810	0.0840	0.2282	0.1032	0.3547
000795	I	0.103700	0.403873	0.221673	0.1766	0.1643	0.2790	0.0630	0.2249	0.0963	0.3465
000796	P	0.163231	0.384647	0.217396	0.1416	0.1731	0.2330	0.0550	0.2188	0.0805	0.3414
000797	P	0.220689	0.353954	0.213758	0.1349	0.1823	0.2430	0.0730	0.2248	0.0671	0.3408
000798	P	0.276431	0.321135	0.210887	0.1766	0.2783	0.1950	0.0570	0.2431	0.0520	0.3376
000799	A	0.335225	0.306812	0.208712	0.2041	0.3117	0.1500	0.0520	0.2528	0.0684	0.3354
000800	M	0.404054	0.287870	0.206244	0.2963	0.3321	0.1170	0.0360	0.2739	0.0915	0.3341
000801	N	0.478742	0.275394	0.203398	0.2963	0.3356	0.0850	0.0210	0.2791	0.1202	0.3294
000802	E	0.552642	0.255636	0.199874	0.1958	0.3356	0.0700	0.0170	0.2682	0.1500	0.3315
000803	I	0.602931	0.241742	0.196394	0.1958	0.2752	0.0690	0.0170	0.2634	0.1648	0.3375
000804	I	0.616774	0.227192	0.192001	0.2913	0.2783	0.0650	0.0140	0.2784	0.1685	0.3429
000805	L	0.570350	0.210876	0.187385	0.2255	0.2783	0.0590	0.0130	0.2552	0.1559	0.3482
000806	G	0.506226	0.193714	0.182931	0.2385	0.3704	0.0590	0.0150	0.2585	0.1437	0.3550
000807	A	0.433821	0.202472	0.179381	0.2080	0.2609	0.0670	0.0190	0.2252	0.1102	0.3634
000808	N	0.362735	0.210472	0.175292	0.1805	0.2364	0.0670	0.0200	0.2054	0.0879	0.3720
000809	Q	0.285496	0.206188	0.172072	0.1060	0.1759	0.0740	0.0260	0.1700	0.0683	0.3851
000810	D	0.201981	0.221253	0.170994	0.1322	0.1275	0.0710	0.0220	0.1542	0.0503	0.3985
000811	I	0.121313	0.231087	0.173533	0.1380	0.0985	0.0710	0.0210	0.1390	0.0520	0.4200
000812	R	0.062678	0.218269	0.177754	0.0858	0.0765	0.0710	0.0200	0.1153	0.0600	0.4212
000813	Q	0.039818	0.199462	0.181232	0.0526	0.0719	0.0710	0.0210	0.1026	0.0632	0.4002
000814	V	0.022964	0.182059	0.183252	0.0723	0.1162	0.0680	0.0210	0.1075	0.0596	0.3820
000815	L	0.005338	0.154152	0.183495	0.1240	0.1759	0.0660	0.0210	0.1181	0.0638	0.3661
000816	H	0.005369	0.126847	0.184125	0.1878	0.2193	0.0630	0.0200	0.1311	0.0755	0.3529
000817	N	0.005659	0.125785	0.185347	0.1958	0.1501	0.0630	0.0210	0.1209	0.0674	0.3450
000818	L	0.006223	0.138712	0.187550	0.1998	0.1759	0.0610	0.0200	0.1283	0.0712	0.3338
000819	S	0.006285	0.135369	0.190076	0.1380	0.0985	0.0620	0.0160	0.1050	0.0590	0.3249
000820	M	0.006146	0.152543	0.192983	0.1292	0.0929	0.0720	0.0170	0.1077	0.0599	0.3207
000821	W	0.005171	0.155675	0.195828	0.0771	0.0985	0.1030	0.0370	0.1059	0.0600	0.3221
000822	C	0.004145	0.161139	0.198562	0.1266	0.1323	0.1400	0.0630	0.1272	0.0600	0.3360
000823	A	0.004114	0.182746	0.201963	0.1322	0.1298	0.2110	0.1100	0.1436	0.0698	0.3554
000824	R	0.003687	0.218717	0.205732	0.1041	0.0985	0.2480	0.1020	0.1464	0.0851	0.3745
000825	S	0.023685	0.231016	0.209868	0.1495	0.1449	0.2540	0.0640	0.1688	0.0761	0.3962
000826	K	0.038793	0.241716	0.216331	0.1766	0.2129	0.2270	0.0680	0.1855	0.0685	0.4175
000827	A	0.098126	0.273674	0.226711	0.1698	0.2129	0.2350	0.0870	0.2026	0.0559	0.4299
000828	L	0.203954	0.332121	0.240621	0.1698	0.2094	0.2700	0.0900	0.2376	0.0524	0.4152
000829	T	0.314439	0.397590	0.254395	0.2385	0.2609	0.3210	0.1020	0.2978	0.0541	0.3957
000830	Y	0.424503	0.477589	0.266987	0.2385	0.2645	0.4400	0.1330	0.3519	0.0970	0.3787
000831	D	0.514366	0.553617	0.276906	0.2385	0.3053	0.4710	0.1380	0.3932	0.1235	0.3653
000832	Q	0.599789	0.612523	0.284784	0.3263	0.4051	0.5120	0.1450	0.4568	0.1272	0.3554
000833	A	0.670634	0.641506	0.291327	0.3939	0.4051	0.5750	0.1330	0.4963	0.1405	0.3502
000834	K	0.737624	0.648753	0.299025	0.4245	0.4409	0.5910	0.1560	0.5237	0.1490	0.3449
000835	A	0.754823	0.624703	0.310725	0.3491	0.3910	0.5970	0.1890	0.5045	0.1634	0.3396
000836	D	0.771268	0.614740	0.325409	0.3456	0.3910	0.5510	0.2140	0.4999	0.1610	0.3376
000837	S	0.771622	0.641671	0.340914	0.3146	0.4149	0.5140	0.2420	0.4996	0.1638	0.3350
000838	H	0.748795	0.671935	0.353775	0.3456	0.3356	0.5190	0.2210	0.4958	0.1653	0.3349
000839	R	0.748688	0.666412	0.362205	0.4600	0.4256	0.5180	0.1650	0.5301	0.1357	0.3308
000840	A	0.768656	0.663388	0.366828	0.3762	0.3599	0.5190	0.1120	0.5090	0.1589	0.3272
000841	K	0.792631	0.653877	0.368231	0.4556	0.4256	0.4650	0.1080	0.5269	0.1478	0.3237
000842	K	0.826083	0.602186	0.366936	0.3992	0.4256	0.4180	0.0870	0.5064	0.1616	0.3185
000843	D	0.822680	0.596740	0.363679	0.3578	0.4149	0.3440	0.0890	0.4833	0.1743	0.3136
000844	I	0.869176	0.564283	0.359339	0.3885	0.3807	0.3160	0.0860	0.4797	0.1907	0.3107
000845	K	0.881535	0.520826	0.355730	0.3762	0.2680	0.2570	0.0900	0.4432	0.2144	0.3115
000846	M	0.791072	0.462904	0.352908	0.3578	0.2680	0.2590	0.0910	0.4152	0.1811	0.3124
000847	G	0.744449	0.412004	0.350055	0.2748	0.2328	0.2430	0.0960	0.3763	0.1761	0.3095
000848	P	0.683933	0.360602	0.346701	0.2483	0.2328	0.2100	0.0920	0.3471	0.1608	0.3085
000849	F	0.634773	0.338421	0.341919	0.2167	0.2436	0.2090	0.0920	0.3308	0.1460	0.3038
000850	D	0.568488	0.291273	0.336156	0.2167	0.2541	0.1960	0.0770	0.3104	0.1243	0.3019
000851	V	0.516316	0.273698	0.330257	0.2558	0.2884	0.1880	0.0620	0.3087	0.1022	0.3019
000852	A	0.493445	0.312706	0.324836	0.2657	0.2541	0.1870	0.0600	0.3063	0.0949	0.2998
000853	R	0.467840	0.311018	0.319124	0.2558	0.2503	0.1820	0.0530	0.2977	0.0885	0.2979
000854	K	0.426209	0.304055	0.312263	0.2209	0.2002	0.1800	0.0460	0.2740	0.0843	0.2984
000855	V	0.447465	0.306710	0.304889	0.2865	0.2817	0.1690	0.0470	0.2993	0.0812	0.3006
000856	F	0.478424	0.328421	0.297818	0.2432	0.1969	0.1430	0.0330	0.2814	0.1072	0.3004
000857	A	0.490519	0.369767	0.288755	0.2700	0.1759	0.1410	0.0310	0.2893	0.1171	0.3011
000858	A	0.508385	0.416855	0.276705	0.1805	0.1881	0.1530	0.0400	0.2873	0.1322	0.3035
000859	G	0.538239	0.453643	0.261759	0.0991	0.1671	0.1790	0.0470	0.2831	0.1596	0.3054
000860	E	0.510937	0.462761	0.247399	0.1698	0.2680	0.1740	0.0630	0.3054	0.1338	0.3106
000861	E	0.464657	0.446420	0.234174	0.1667	0.2715	0.1590	0.0620	0.2904	0.1231	0.3164
000862	T	0.423243	0.447652	0.223690	0.2209	0.2575	0.2080	0.0720	0.2969	0.0993	0.3209
000863	A	0.419149	0.432148	0.215280	0.2602	0.1852	0.2450	0.0710	0.2928	0.0969	0.3318
000864	H	0.385729	0.422082	0.208525	0.1732	0.1028	0.2660	0.0710	0.2597	0.1133	0.3448
000865	M	0.318793	0.427803	0.199980	0.1060	0.1028	0.2820	0.0570	0.2395	0.1166	0.3510
000866	S	0.259652	0.412995	0.186527	0.0771	0.1554	0.3110	0.0730	0.2338	0.1093	0.3583
000867	L	0.181782	0.411394	0.168760	0.1322	0.1643	0.3350	0.0870	0.2323	0.1032	0.3645
000868	V	0.108399	0.424363	0.149344	0.1635	0.1914	0.3640	0.0960	0.2335	0.1175	0.3629
000869	D	0.083392	0.421000	0.132091	0.1150	0.1449	0.3740	0.0970	0.2117	0.1333	0.3627
000870	K	0.068632	0.416812	0.118874	0.1150	0.1251	0.2570	0.0720	0.1836	0.1193	0.3617
000871	S	0.056540	0.397053	0.108460	0.0621	0.1349	0.1830	0.0490	0.1570	0.1157	0.3579
000872	D	0.013546	0.332377	0.099795	0.0478	0.0765	0.1350	0.0400	0.1176	0.1034	0.3553
000873	L	0.009940	0.260905	0.092348	0.0607	0.0380	0.1160	0.0340	0.0963	0.0813	0.3556
000874	F	0.004883	0.208606	0.086230	0.0441	0.0313	0.1020	0.0370	0.0796	0.0663	0.3465
000875	F	0.002110	0.155283	0.082042	0.0226	0.0341	0.0890	0.0360	0.0642	0.0512	0.3319
000876	H	0.001249	0.128507	0.078411	0.0182	0.0506	0.0680	0.0270	0.0574	0.0415	0.3232
000877	D	0.000960	0.121546	0.075490	0.0226	0.0555	0.0560	0.0240	0.0553	0.0383	0.3101
000878	Y	0.000809	0.108735	0.072756	0.0455	0.0506	0.0480	0.0180	0.0544	0.0324	0.2983
000879	S	0.000765	0.097178	0.070513	0.0771	0.0454	0.0390	0.0130	0.0551	0.0310	0.2941
000880	I	0.000713	0.092461	0.069223	0.0395	0.0433	0.0420	0.0120	0.0479	0.0283	0.2873
000881	A	0.000677	0.091388	0.068624	0.0218	0.0287	0.0410	0.0100	0.0421	0.0301	0.2858
000882	P	0.000685	0.092988	0.067869	0.0226	0.0294	0.0380	0.0080	0.0420	0.0303	0.2856
000883	L	0.000811	0.095430	0.067141	0.0109	0.0334	0.0440	0.0090	0.0420	0.0322	0.2820
000884	F	0.000905	0.103251	0.067099	0.0226	0.0372	0.0510	0.0190	0.0469	0.0327	0.2769
000885	V	0.002951	0.111092	0.067647	0.0526	0.0605	0.0500	0.0210	0.0575	0.0317	0.2737
000886	Q	0.006733	0.119457	0.068276	0.0660	0.0967	0.0460	0.0190	0.0672	0.0358	0.2738
000887	E	0.013673	0.122738	0.068520	0.0502	0.0948	0.0480	0.0200	0.0663	0.0350	0.2713
000888	N	0.014307	0.125118	0.069056	0.0350	0.0888	0.0470	0.0200	0.0632	0.0364	0.2693
000889	Y	0.014348	0.124143	0.069516	0.0621	0.1611	0.0510	0.0220	0.0803	0.0485	0.2683
000890	I	0.014370	0.138171	0.070241	0.0607	0.1298	0.0660	0.0230	0.0799	0.0425	0.2669
000891	H	0.014346	0.167396	0.071252	0.1088	0.1969	0.0940	0.0210	0.1088	0.0602	0.2684
000892	V	0.014172	0.197832	0.073534	0.1041	0.2292	0.1460	0.0280	0.1274	0.0730	0.2622
000893	K	0.014149	0.229533	0.077127	0.0832	0.2034	0.1540	0.0410	0.1268	0.0755	0.2564
000894	P	0.012414	0.274235	0.083111	0.1349	0.2064	0.1680	0.0520	0.1466	0.0842	0.2556
000895	V	0.009159	0.336813	0.088810	0.2255	0.2715	0.1890	0.0700	0.1869	0.1098	0.2514
000896	A	0.036079	0.391730	0.094723	0.2122	0.2541	0.1960	0.0660	0.1974	0.1138	0.2516
000897	A	0.081990	0.442168	0.100123	0.1698	0.1643	0.2200	0.0660	0.1965	0.1191	0.2507
000898	G	0.146050	0.480010	0.105849	0.1041	0.1501	0.2500	0.0680	0.2060	0.1318	0.2503
000899	G	0.194094	0.480963	0.110894	0.0607	0.1449	0.2700	0.0880	0.2103	0.1376	0.2520
000900	D	0.226347	0.493216	0.115271	0.1117	0.2002	0.2630	0.0890	0.2350	0.1280	0.2554
000901	M	0.235300	0.526415	0.120528	0.1805	0.2541	0.2250	0.0780	0.2570	0.1282	0.2537
000902	K	0.238220	0.501583	0.126742	0.1566	0.2541	0.1870	0.0680	0.2440	0.1233	0.2464
000903	K	0.245779	0.463888	0.132645	0.1921	0.3149	0.1670	0.0530	0.2527	0.1111	0.2443
000904	H	0.254344	0.431801	0.137210	0.1998	0.2258	0.1430	0.0380	0.2321	0.0986	0.2427
000905	L	0.241014	0.393302	0.140544	0.1732	0.1424	0.1220	0.0370	0.2021	0.0937	0.2344
000906	M	0.205778	0.335892	0.143626	0.1635	0.2002	0.1140	0.0410	0.1938	0.0709	0.2325
000907	L	0.144111	0.300925	0.146461	0.1456	0.2258	0.1080	0.0410	0.1784	0.0653	0.2286
000908	L	0.103807	0.290224	0.148932	0.1844	0.2609	0.1080	0.0440	0.1828	0.0714	0.2242
000909	S	0.077077	0.286457	0.151201	0.1844	0.1881	0.1250	0.0430	0.1688	0.0646	0.2242
000910	R	0.071972	0.274483	0.153374	0.1958	0.1373	0.1530	0.0560	0.1643	0.0614	0.2244
000911	A	0.073341	0.284429	0.155628	0.1205	0.1399	0.1570	0.0620	0.1551	0.0643	0.2217
000912	A	0.072719	0.285508	0.157727	0.1060	0.1731	0.1580	0.0620	0.1588	0.0664	0.2262
000913	D	0.072079	0.288019	0.160101	0.1117	0.1823	0.1550	0.0670	0.1614	0.0670	0.2356
000914	S	0.072567	0.311143	0.162130	0.1150	0.1137	0.1470	0.0590	0.1535	0.0759	0.2419
000915	I	0.087995	0.326631	0.163612	0.1205	0.1162	0.1660	0.0690	0.1634	0.0779	0.2460
000916	C	0.108767	0.324387	0.164384	0.1150	0.1731	0.1260	0.0360	0.1687	0.0737	0.2597
000917	D	0.104715	0.337504	0.165010	0.1322	0.2094	0.1180	0.0350	0.1778	0.0792	0.2691
000918	G	0.104211	0.360899	0.165201	0.1998	0.3019	0.1440	0.0440	0.2127	0.0902	0.2749
000919	D	0.103221	0.353278	0.165186	0.2786	0.3983	0.1900	0.0740	0.2480	0.1047	0.2840
000920	L	0.099222	0.345632	0.164339	0.2820	0.2918	0.1930	0.0590	0.2294	0.0843	0.2851
000921	V	0.092537	0.365556	0.162572	0.2820	0.2884	0.1740	0.0610	0.2275	0.0922	0.2888
000922	D	0.085101	0.386516	0.159496	0.2167	0.2364	0.1850	0.0700	0.2116	0.0919	0.2953
000923	S	0.069770	0.390261	0.154862	0.2558	0.1881	0.2110	0.0690	0.2117	0.0981	0.2991
000924	Q	0.048129	0.415047	0.148957	0.1766	0.2129	0.2190	0.0830	0.2034	0.1102	0.3056
000925	I	0.027035	0.419186	0.141193	0.1178	0.1852	0.2340	0.1020	0.1875	0.1215	0.3164
000926	R	0.027813	0.428113	0.133916	0.2080	0.2817	0.2230	0.1070	0.2171	0.1235	0.3312
000927	S	0.032992	0.433482	0.126743	0.2333	0.3182	0.2020	0.0940	0.2245	0.1286	0.3406
000928	K	0.056565	0.429621	0.120421	0.2385	0.2224	0.1850	0.0690	0.2088	0.1164	0.3540
000929	Q	0.128577	0.413845	0.114288	0.2080	0.1424	0.1730	0.0510	0.1967	0.1018	0.3723
000930	N	0.167941	0.373073	0.108550	0.1349	0.1162	0.1570	0.0410	0.1762	0.0905	0.3859
000931	W	0.228848	0.321691	0.103126	0.1322	0.1731	0.1430	0.0530	0.1836	0.0730	0.4073
000932	S	0.304988	0.272079	0.096685	0.1602	0.1702	0.1230	0.0530	0.1878	0.0758	0.4198
000933	L	0.340132	0.218880	0.089573	0.1532	0.1048	0.1280	0.0420	0.1724	0.0857	0.4311
000934	L	0.350838	0.183954	0.082756	0.1041	0.1251	0.1160	0.0370	0.1605	0.0906	0.4314
000935	P	0.385222	0.165858	0.077470	0.0567	0.1137	0.0970	0.0320	0.1493	0.1108	0.4332
000936	A	0.390149	0.151366	0.074005	0.1205	0.1969	0.0810	0.0290	0.1690	0.1073	0.4282
000937	Q	0.382885	0.149225	0.071274	0.1240	0.1275	0.0690	0.0220	0.1540	0.1065	0.4207
000938	A	0.408513	0.138421	0.069203	0.1266	0.0985	0.0650	0.0160	0.1511	0.1182	0.4138
000939	I	0.459170	0.136510	0.067449	0.0813	0.1007	0.0610	0.0190	0.1511	0.1400	0.4085
000940	Y	0.499072	0.144219	0.065740	0.0607	0.0929	0.0540	0.0140	0.1528	0.1578	0.4011
000941	A	0.524966	0.152989	0.063634	0.0621	0.0463	0.0480	0.0120	0.1497	0.1717	0.3979
000942	S	0.501530	0.159293	0.060621	0.1178	0.0704	0.0530	0.0150	0.1605	0.1569	0.3914
000943	V	0.519712	0.172922	0.057352	0.0643	0.0719	0.0590	0.0170	0.1575	0.1669	0.3949
000944	L	0.509406	0.187073	0.053640	0.0832	0.1251	0.0640	0.0170	0.1703	0.1581	0.3939
000945	P	0.497582	0.216257	0.050453	0.1322	0.1028	0.0650	0.0210	0.1774	0.1530	0.3954
000946	G	0.487001	0.243834	0.048232	0.1178	0.1028	0.0770	0.0270	0.1794	0.1506	0.4001
000947	E	0.408664	0.242470	0.047272	0.0832	0.1229	0.0930	0.0330	0.1662	0.1244	0.4084
000948	L	0.318641	0.242756	0.047565	0.0935	0.0568	0.1090	0.0420	0.1448	0.1007	0.4133
000949	M	0.217073	0.253541	0.048984	0.1150	0.0835	0.1090	0.0430	0.1379	0.0729	0.4185
000950	R	0.109752	0.238970	0.051426	0.1041	0.1373	0.1080	0.0490	0.1249	0.0570	0.4186
000951	G	0.093096	0.222425	0.054633	0.1958	0.1251	0.1080	0.0510	0.1331	0.0583	0.4187
000952	Y	0.062141	0.228388	0.057702	0.2255	0.0948	0.0920	0.0450	0.1267	0.0722	0.4142
000953	M	0.033614	0.221107	0.060919	0.1322	0.0948	0.0860	0.0430	0.1048	0.0602	0.4128
000954	T	0.030226	0.204486	0.064287	0.1266	0.1373	0.0900	0.0400	0.1089	0.0559	0.4012
000955	Q	0.021517	0.205751	0.068231	0.1958	0.2034	0.1050	0.0470	0.1333	0.0725	0.3956
000956	F	0.001914	0.200575	0.072595	0.1732	0.1759	0.1360	0.0480	0.1266	0.0691	0.3926
000957	P	0.001332	0.188806	0.078414	0.1667	0.1731	0.1200	0.0370	0.1213	0.0652	0.3842
000958	T	0.001038	0.216672	0.085217	0.1602	0.1583	0.1660	0.0410	0.1312	0.0697	0.3723
000959	F	0.000668	0.267789	0.092270	0.2292	0.2364	0.1950	0.0670	0.1702	0.0938	0.3640
000960	P	0.000728	0.303208	0.098287	0.2657	0.2783	0.1590	0.0570	0.1841	0.1091	0.3530
000961	S	0.000844	0.344774	0.105306	0.2657	0.2752	0.2100	0.0850	0.2004	0.1152	0.3435
000962	W	0.000927	0.400519	0.111939	0.2657	0.2849	0.2770	0.1160	0.2234	0.1302	0.3357
000963	L	0.002120	0.466581	0.117912	0.3535	0.3840	0.3040	0.1300	0.2713	0.1605	0.3352
000964	G	0.002552	0.510142	0.123823	0.3885	0.3426	0.3120	0.1350	0.2800	0.1689	0.3312
000965	K	0.002836	0.575569	0.130922	0.4037	0.2783	0.3220	0.1390	0.2856	0.1841	0.3303
000966	H	0.008589	0.633229	0.138441	0.3184	0.2783	0.3490	0.1460	0.2876	0.1934	0.3283
000967	S	0.010303	0.614831	0.147807	0.3630	0.4051	0.3860	0.1690	0.3212	0.1941	0.3237
000968	S	0.010981	0.653508	0.160409	0.3491	0.2951	0.3720	0.1530	0.3069	0.1980	0.3241
000969	T	0.013272	0.679859	0.176566	0.3456	0.2645	0.3050	0.0920	0.2974	0.2021	0.3289
000970	G	0.019742	0.614344	0.191585	0.3630	0.2988	0.2690	0.0770	0.2928	0.1797	0.3346
000971	K	0.022751	0.584092	0.203807	0.3096	0.2715	0.2350	0.0540	0.2711	0.1668	0.3456
000972	H	0.027843	0.566305	0.213508	0.2333	0.2292	0.1940	0.0230	0.2440	0.1604	0.3598
000973	D	0.038707	0.521159	0.221572	0.3399	0.3356	0.1650	0.0250	0.2704	0.1522	0.3748
000974	R	0.046692	0.435142	0.228556	0.3806	0.3392	0.1430	0.0380	0.2622	0.1364	0.3846
000975	I	0.049312	0.394033	0.235167	0.3806	0.3460	0.1210	0.0450	0.2544	0.1316	0.3968
000976	V	0.059364	0.350339	0.241543	0.2913	0.3494	0.1090	0.0530	0.2335	0.1128	0.4124
000977	Q	0.076466	0.322267	0.247813	0.3053	0.2609	0.1200	0.0710	0.2221	0.0920	0.4231
000978	D	0.108425	0.296986	0.253231	0.3005	0.2609	0.1200	0.0700	0.2234	0.0791	0.4321
000979	L	0.144577	0.280937	0.256364	0.2209	0.2609	0.1140	0.0640	0.2129	0.0624	0.4215
000980	A	0.165270	0.243014	0.259017	0.2292	0.2609	0.1090	0.0560	0.2110	0.0558	0.4163
000981	L	0.166127	0.240700	0.261788	0.2255	0.2680	0.1080	0.0500	0.2117	0.0571	0.4135
000982	H	0.170019	0.269433	0.265566	0.2255	0.2680	0.1190	0.0540	0.2195	0.0572	0.4159
000983	M	0.188810	0.312598	0.269197	0.2333	0.2129	0.1340	0.0680	0.2251	0.0569	0.4239
000984	S	0.197030	0.356565	0.272921	0.2292	0.2129	0.1410	0.0730	0.2349	0.0672	0.4323
000985	L	0.192985	0.407443	0.277637	0.1602	0.1731	0.1510	0.0770	0.2271	0.0907	0.4213
000986	R	0.201893	0.451162	0.282923	0.2292	0.2645	0.1620	0.0770	0.2653	0.0920	0.4087
000987	T	0.180207	0.483880	0.287926	0.2531	0.2364	0.1890	0.0870	0.2718	0.1017	0.3937
000988	Y	0.150185	0.534864	0.291050	0.2432	0.1611	0.1990	0.0740	0.2632	0.1306	0.3836
000989	S	0.179032	0.550891	0.291933	0.1732	0.1501	0.2080	0.0620	0.2588	0.1382	0.3753
000990	S	0.217216	0.507363	0.292516	0.1635	0.1554	0.2110	0.0550	0.2578	0.1202	0.3667
000991	K	0.242229	0.528057	0.294243	0.1844	0.1229	0.1950	0.0550	0.2611	0.1305	0.3616
000992	R	0.255360	0.515736	0.295111	0.1732	0.1881	0.1820	0.0490	0.2683	0.1190	0.3598
000993	T	0.251257	0.448858	0.295278	0.1150	0.1969	0.1640	0.0370	0.2452	0.1080	0.3587
000994	V	0.257162	0.414736	0.294281	0.1416	0.2129	0.1480	0.0310	0.2449	0.0935	0.3617
000995	N	0.266353	0.393507	0.292008	0.1495	0.1528	0.1160	0.0260	0.2284	0.0977	0.3668
000996	M	0.271068	0.341366	0.287412	0.1844	0.1702	0.1160	0.0340	0.2284	0.0775	0.3770
000997	D	0.270948	0.305887	0.282370	0.1178	0.1791	0.1110	0.0420	0.2112	0.0789	0.3887
000998	Y	0.237671	0.263539	0.276016	0.0789	0.2034	0.0970	0.0360	0.1927	0.0777	0.4008
000999	L	0.217265	0.211426	0.266406	0.1266	0.2224	0.0870	0.0310	0.1885	0.0616	0.4135
001000	S	0.206577	0.180792	0.253772	0.1456	0.2258	0.0970	0.0350	0.1849	0.0520	0.4230
001001	L	0.195889	0.175167	0.242050	0.0884	0.2258	0.1230	0.0430	0.1750	0.0544	0.4311
001002	L	0.201276	0.176129	0.232838	0.0813	0.2399	0.1330	0.0440	0.1774	0.0559	0.4323
001003	R	0.206935	0.187158	0.225432	0.0813	0.2364	0.1380	0.0420	0.1793	0.0540	0.4335
001004	D	0.194040	0.207252	0.220299	0.0858	0.1852	0.1400	0.0380	0.1720	0.0460	0.4328
001005	A	0.206531	0.224513	0.217386	0.1266	0.2503	0.1540	0.0390	0.1965	0.0427	0.4290
001006	L	0.229103	0.240613	0.215719	0.0771	0.2399	0.1680	0.0490	0.1951	0.0582	0.4263
001007	V	0.230310	0.260305	0.214393	0.1041	0.2258	0.1780	0.0610	0.2022	0.0501	0.4156
001008	Q	0.229856	0.293956	0.213288	0.0991	0.2328	0.1900	0.0630	0.2099	0.0587	0.4030
001009	P	0.237379	0.313414	0.212428	0.0991	0.3286	0.2130	0.0690	0.2340	0.0757	0.3920
001010	L	0.246871	0.329996	0.212695	0.1698	0.3494	0.2220	0.0600	0.2551	0.0642	0.3788
001011	T	0.275795	0.377258	0.212143	0.1766	0.2988	0.2020	0.0630	0.2570	0.0684	0.3662
001012	S	0.297251	0.395939	0.210857	0.1878	0.3460	0.1970	0.0630	0.2725	0.0795	0.3575
001013	Q	0.336829	0.388799	0.208552	0.1998	0.3529	0.1930	0.0610	0.2800	0.0811	0.3508
001014	G	0.365781	0.426667	0.207086	0.1667	0.3149	0.1810	0.0530	0.2770	0.0983	0.3508
001015	V	0.348209	0.416309	0.205763	0.1018	0.3149	0.1480	0.0410	0.2559	0.1122	0.3530
001016	D	0.330495	0.384194	0.203708	0.1018	0.3426	0.1090	0.0230	0.2452	0.1133	0.3575
001017	G	0.313113	0.361070	0.200477	0.1766	0.3321	0.0940	0.0210	0.2462	0.0960	0.3577
001018	V	0.277550	0.323692	0.196422	0.2385	0.3087	0.0830	0.0200	0.2380	0.0813	0.3634
001019	Q	0.240898	0.264522	0.192413	0.1602	0.2292	0.0740	0.0270	0.1935	0.0632	0.3715
001020	D	0.195368	0.227908	0.190514	0.0813	0.1731	0.0730	0.0270	0.1568	0.0587	0.3825
001021	V	0.154810	0.193011	0.189419	0.0858	0.2328	0.0660	0.0240	0.1537	0.0597	0.3943
001022	V	0.093065	0.146746	0.188334	0.0701	0.2470	0.0590	0.0190	0.1341	0.0674	0.4054
001023	A	0.035329	0.114060	0.187159	0.0660	0.2609	0.0580	0.0190	0.1202	0.0799	0.4143
001024	L	0.018359	0.107743	0.187244	0.0723	0.1611	0.0580	0.0180	0.1008	0.0586	0.4237
001025	M	0.016400	0.112656	0.188660	0.0789	0.1731	0.0580	0.0190	0.1047	0.0611	0.4278
001026	D	0.010766	0.109964	0.190283	0.0723	0.2364	0.0580	0.0210	0.1130	0.0778	0.4308
001027	T	0.010578	0.114842	0.192676	0.0723	0.1611	0.0570	0.0210	0.1015	0.0621	0.4321
001028	Y	0.010294	0.129487	0.195014	0.0744	0.1373	0.0610	0.0210	0.1012	0.0599	0.4326
001029	Y	0.012312	0.141611	0.196516	0.0744	0.1942	0.0700	0.0260	0.1149	0.0681	0.4323
001030	L	0.012922	0.171246	0.196996	0.0542	0.1275	0.0940	0.0310	0.1095	0.0638	0.4329
001031	M	0.013293	0.225460	0.195462	0.0542	0.1206	0.1200	0.0480	0.1215	0.0736	0.4277
001032	K	0.013413	0.256328	0.193391	0.0526	0.1611	0.1300	0.0490	0.1344	0.0821	0.4198
001033	E	0.013620	0.272879	0.193108	0.0813	0.1275	0.1310	0.0490	0.1366	0.0817	0.4148
001034	D	0.013898	0.316885	0.196682	0.1018	0.1476	0.1320	0.0460	0.1515	0.0924	0.4112
001035	F	0.015619	0.323999	0.202576	0.0935	0.2064	0.1360	0.0440	0.1629	0.0972	0.4065
001036	E	0.052602	0.315976	0.207797	0.1178	0.2364	0.1170	0.0430	0.1745	0.0879	0.4027
001037	N	0.071189	0.320151	0.210920	0.1041	0.2575	0.1340	0.0490	0.1830	0.0878	0.3973
001038	I	0.092808	0.321121	0.212175	0.1018	0.2541	0.1660	0.0600	0.1914	0.0812	0.3933
001039	M	0.116933	0.300079	0.210911	0.1844	0.3631	0.1800	0.0700	0.2259	0.0819	0.3899
001040	E	0.117296	0.318809	0.209818	0.2602	0.3529	0.2170	0.0800	0.2460	0.0771	0.3865
001041	I	0.117589	0.362797	0.208247	0.3630	0.4186	0.2610	0.0850	0.2886	0.1036	0.3848
001042	S	0.129396	0.387407	0.207569	0.3146	0.4507	0.2680	0.0900	0.2929	0.1072	0.3870
001043	S	0.129561	0.430786	0.206284	0.3184	0.3983	0.3270	0.1250	0.3018	0.1046	0.3894
001044	W	0.127415	0.503167	0.204907	0.2963	0.3872	0.4050	0.1640	0.3206	0.1266	0.3927
001045	G	0.092337	0.568399	0.203796	0.2167	0.4051	0.4200	0.1790	0.3177	0.1607	0.3941
001046	G	0.074797	0.569222	0.203728	0.3096	0.5017	0.4460	0.2020	0.3508	0.1727	0.3966
001047	K	0.100940	0.648875	0.204899	0.3225	0.4369	0.4440	0.2070	0.3597	0.1775	0.3990
001048	P	0.077684	0.673965	0.207356	0.3146	0.4186	0.4400	0.1950	0.3553	0.1885	0.4041
001049	S	0.077402	0.632238	0.213460	0.3225	0.4725	0.4250	0.1830	0.3572	0.1797	0.4078
001050	P	0.097058	0.666621	0.223346	0.3668	0.4864	0.3810	0.1660	0.3703	0.1815	0.4115
001051	F	0.109398	0.673149	0.236080	0.3263	0.3840	0.3500	0.1370	0.3466	0.1717	0.4158
001052	S	0.109490	0.643268	0.248422	0.3806	0.4507	0.3050	0.1200	0.3562	0.1669	0.4189
001053	K	0.109741	0.597303	0.260536	0.3005	0.4541	0.2980	0.1230	0.3368	0.1537	0.4213
001054	L	0.107791	0.608540	0.272475	0.3005	0.4369	0.2830	0.1210	0.3349	0.1553	0.4239
001055	D	0.105703	0.576756	0.283075	0.4037	0.4685	0.2510	0.1080	0.3481	0.1540	0.4253
001056	P	0.055539	0.532658	0.294423	0.3847	0.4801	0.2300	0.1160	0.3296	0.1598	0.4280
001057	K	0.054275	0.504729	0.306811	0.3096	0.4725	0.2030	0.0970	0.3085	0.1534	0.4299
001058	V	0.054852	0.466101	0.320170	0.3225	0.4864	0.1810	0.0990	0.3051	0.1514	0.4319
001059	K	0.035137	0.433663	0.331713	0.3005	0.4369	0.1610	0.0950	0.2831	0.1446	0.4332
001060	A	0.011714	0.428567	0.341229	0.3146	0.4476	0.1610	0.0920	0.2841	0.1534	0.4333
001061	A	0.010651	0.421471	0.350150	0.2657	0.3631	0.1670	0.0920	0.2631	0.1388	0.4330
001062	F	0.009431	0.420578	0.359343	0.3630	0.4541	0.1630	0.0890	0.2949	0.1575	0.4345
001063	T	0.008135	0.429972	0.369140	0.3146	0.4864	0.1520	0.0730	0.2933	0.1651	0.4363
001064	R	0.007155	0.450783	0.377027	0.3096	0.4186	0.1660	0.0640	0.2882	0.1559	0.4401
001065	A	0.006481	0.460436	0.382559	0.4078	0.4766	0.1660	0.0730	0.3167	0.1721	0.4474
001066	Y	0.007327	0.486701	0.385841	0.3311	0.4119	0.1820	0.0810	0.3008	0.1609	0.4564
001067	N	0.005556	0.502638	0.390860	0.3005	0.3983	0.1920	0.0750	0.2984	0.1619	0.4679
001068	K	0.004138	0.525101	0.398710	0.2531	0.3840	0.1910	0.0620	0.2927	0.1677	0.4833
001069	E	0.007252	0.536038	0.409755	0.3359	0.3704	0.2200	0.0570	0.3132	0.1659	0.5052
001070	A	0.039844	0.541461	0.423264	0.3225	0.3667	0.2560	0.0620	0.3250	0.1551	0.5334
001071	H	0.041708	0.542110	0.438150	0.2913	0.3667	0.2820	0.0630	0.3269	0.1554	0.5578
001072	L	0.044968	0.559136	0.455814	0.3096	0.3840	0.2730	0.0720	0.3378	0.1611	0.5837
001073	T	0.064978	0.558099	0.475273	0.3668	0.4766	0.2770	0.0730	0.3698	0.1631	0.5976
001074	P	0.094234	0.571968	0.496039	0.3717	0.4864	0.3030	0.0660	0.3871	0.1576	0.6185
001075	Y	0.186104	0.619101	0.516650	0.3535	0.4831	0.3290	0.0870	0.4146	0.1415	0.6398
001076	S	0.292491	0.655557	0.536725	0.3847	0.4979	0.3620	0.1130	0.4550	0.1216	0.6527
001077	L	0.394767	0.686707	0.555921	0.4556	0.5807	0.4200	0.1430	0.5155	0.1021	0.6628
001078	Q	0.491502	0.708667	0.574098	0.4458	0.6043	0.4370	0.1430	0.5435	0.0963	0.6625
001079	A	0.567500	0.729549	0.591479	0.4420	0.6089	0.4880	0.1540	0.5712	0.0918	0.6567
001080	I	0.671594	0.751741	0.606365	0.4749	0.5254	0.5710	0.1430	0.6002	0.0915	0.6410
001081	K	0.755790	0.769500	0.618207	0.5008	0.5620	0.5630	0.1260	0.6282	0.1010	0.6196
001082	A	0.835673	0.786231	0.626707	0.4458	0.5493	0.5940	0.1010	0.6396	0.1341	0.6066
001083	S	0.897535	0.795191	0.635273	0.5173	0.6375	0.6040	0.1020	0.6812	0.1269	0.5861
001084	R	0.896496	0.802613	0.644442	0.5253	0.5493	0.6560	0.0960	0.6790	0.1321	0.5728
001085	H	0.879754	0.813567	0.654258	0.5173	0.5296	0.6940	0.0790	0.6814	0.1340	0.5670
001086	S	0.867019	0.822256	0.665409	0.5374	0.6322	0.7160	0.0740	0.7067	0.1118	0.5525
001087	T	0.857512	0.836966	0.676077	0.5412	0.6482	0.7060	0.0790	0.7110	0.1090	0.5430
001088	S	0.847089	0.849444	0.686690	0.6174	0.6531	0.7080	0.0770	0.7270	0.0902	0.5373
001089	P	0.844628	0.859312	0.696870	0.6124	0.6531	0.7350	0.0800	0.7335	0.0919	0.5569
001090	S	0.860743	0.871233	0.708703	0.5846	0.6906	0.7950	0.0650	0.7519	0.1013	0.5763
001091	L	0.868124	0.882351	0.722287	0.6442	0.7799	0.8130	0.0740	0.7850	0.0826	0.5989
001092	D	0.886219	0.893842	0.737005	0.6650	0.7951	0.8230	0.0680	0.8000	0.0806	0.6044
001093	S	0.904689	0.906935	0.752856	0.6870	0.8125	0.8400	0.0750	0.8174	0.0789	0.6036
001094	E	0.925835	0.919492	0.768876	0.6984	0.8313	0.8610	0.0710	0.8342	0.0807	0.6080
001095	Y	0.946193	0.930434	0.785366	0.7034	0.8279	0.8840	0.0570	0.8463	0.0846	0.6190
001096	N	0.964618	0.942052	0.801297	0.7192	0.8279	0.8700	0.0710	0.8541	0.0835	0.6070
001097	E	0.976124	0.952712	0.817086	0.7192	0.8421	0.8690	0.0750	0.8628	0.0857	0.6017
001098	E	0.983341	0.961969	0.830976	0.7317	0.8343	0.8740	0.0750	0.8694	0.0849	0.5960
001099	L	0.990292	0.967539	0.843385	0.7388	0.8462	0.9000	0.0620	0.8811	0.0843	0.5882
001100	N	0.992484	0.971840	0.854348	0.6906	0.8313	0.9010	0.0720	0.8736	0.1002	0.5409
001101	E	0.992669	0.976348	0.865332	0.7034	0.8375	0.8920	0.0910	0.8778	0.0960	0.4971
001102	D	0.993086	0.979406	0.875559	0.7573	0.8741	0.8990	0.0860	0.8965	0.0780	0.4542
001103	D	0.993217	0.981328	0.884226	0.7540	0.8125	0.9030	0.0870	0.8880	0.0853	0.4410
001104	S	0.994172	0.982779	0.890921	0.7501	0.8235	0.9040	0.0860	0.8909	0.0853	0.4541
001105	Q	0.994563	0.984190	0.896908	0.7079	0.8085	0.9010	0.0930	0.8821	0.0995	0.4600
001106	S	0.995250	0.985739	0.903187	0.7605	0.8853	0.8970	0.0920	0.9046	0.0775	0.4510
001107	D	0.994768	0.986908	0.909729	0.7501	0.8623	0.9040	0.0860	0.9013	0.0822	0.4544
001108	E	0.988622	0.987819	0.916272	0.7418	0.8343	0.9020	0.0900	0.8951	0.0866	0.4730
001109	K	0.960400	0.988573	0.922599	0.7275	0.7672	0.9020	0.0920	0.8781	0.0970	0.5321
001110	D	0.917745	0.989630	0.928809	0.7772	0.8162	0.9070	0.0870	0.8895	0.0715	0.6255
001111	Q	0.898280	0.990584	0.934361	0.7573	0.7916	0.8980	0.0960	0.8784	0.0803	0.7292
001112	D	0.880838	0.991153	0.939316	0.7342	0.7718	0.8960	0.0980	0.8688	0.0898	0.8060
001113	A	0.863463	0.991777	0.943840	0.7192	0.7595	0.8930	0.1010	0.8618	0.0961	0.8634
001114	I	0.855027	0.992260	0.948098	0.7034	0.7369	0.8900	0.1010	0.8542	0.1046	0.8928
001115	E	0.834987	0.993096	0.952126	0.6944	0.7369	0.8790	0.1010	0.8485	0.1072	0.8947
001116	T	0.800700	0.994241	0.956088	0.6681	0.7163	0.8700	0.1060	0.8343	0.1186	0.9029
001117	D	0.774687	0.994856	0.960227	0.6715	0.7080	0.8600	0.1090	0.8283	0.1212	0.9167
001118	A	0.777627	0.995565	0.964775	0.6715	0.7331	0.8570	0.1050	0.8333	0.1180	0.9271
001119	M	0.757805	0.996034	0.969196	0.6604	0.7163	0.8610	0.1040	0.8269	0.1257	0.9286
001120	I	0.747862	0.996667	0.973410	0.7034	0.7163	0.8420	0.1140	0.8300	0.1185	0.9067
001121	K	0.751933	0.997154	0.977672	0.6944	0.7415	0.8230	0.1090	0.8310	0.1170	0.8377
001122	K	0.750698	0.997494	0.982207	0.6715	0.7289	0.8210	0.1060	0.8252	0.1244	0.7448
001123	K	0.743223	0.997762	0.986999	0.6944	0.7163	0.8100	0.1020	0.8248	0.1237	0.6317
001124	T	0.743512	0.997964	0.991426	0.6827	0.7415	0.8080	0.0980	0.8276	0.1236	0.5065
001125	K	0.764415	0.998194	0.995566	0.7079	0.8013	0.8010	0.1000	0.8447	0.1120	0.4078
001126	S	0.777132	0.998419	0.999465	0.6984	0.7982	0.7920	0.0890	0.8440	0.1144	0.3508
001127	S	0.785374	0.998657	1.003234	0.7111	0.8313	0.7850	0.0820	0.8524	0.1108	0.2800
001128	K	0.830813	0.998814	1.006731	0.6870	0.8279	0.7800	0.0780	0.8552	0.1146	0.2136
001129	P	0.848606	0.998976	1.009950	0.7111	0.8343	0.7910	0.0760	0.8657	0.1075	0.1695
001130	S	0.850275	0.999151	1.013145	0.7275	0.8565	0.8120	0.0720	0.8764	0.1010	0.1331
001131	K	0.863735	0.999335	1.016223	0.7501	0.8942	0.8000	0.0800	0.8873	0.0968	0.1175
001132	P	0.878629	0.999413	1.018739	0.7644	0.9039	0.7980	0.0720	0.8938	0.0940	0.1221
001133	E	0.893422	0.999472	1.020651	0.7912	0.9057	0.8000	0.0670	0.9018	0.0879	0.1210
001134	K	0.898423	0.999518	1.022219	0.8036	0.9106	0.7980	0.0700	0.9054	0.0861	0.1204
001135	D	0.918107	0.999590	1.023967	0.8283	0.9126	0.8060	0.0600	0.9148	0.0800	0.1247
001136	K	0.936449	0.999615	1.025534	0.8311	0.9126	0.8180	0.0660	0.9205	0.0776	0.1282
001137	E	0.954697	0.999639	1.026903	0.8311	0.9106	0.8270	0.0780	0.9251	0.0768	0.1330
001138	P	0.966180	0.999658	1.027872	0.8350	0.9057	0.8380	0.0890	0.9287	0.0752	0.1454
001139	R	0.977414	0.999690	1.028727	0.8424	0.9126	0.9600	0.0460	0.9535	0.0611	0.1530
001140	K	0.981246	0.999716	1.029354	0.8488	0.8942	0.9610	0.0530	0.9523	0.0622	0.1533
001141	G	0.977188	0.999744	1.029796	0.8781	0.8966	0.9240	0.1170	0.9509	0.0552	0.1647
001142	K	0.977333	0.999769	1.030287	0.9119	0.9057	0.8870	0.1750	0.9521	0.0532	0.1721
001143	G	0.982736	0.999794	1.030722	0.9162	0.8828	0.9210	0.1070	0.9555	0.0523	0.1840
001144	K	0.979727	0.999814	1.031041	0.9466	0.8765	0.9480	0.0600	0.9636	0.0487	0.1930
001145	S	0.951270	0.999836	1.031196	0.9632	0.8828	0.9600	0.0390	0.9647	0.0458	0.2028
001146	S	0.953769	0.999866	1.031129	0.9775	0.8741	0.9450	0.0530	0.9636	0.0492	0.2056
001147	K	0.966464	0.999898	1.030939	0.9856	0.8828	0.9020	0.1090	0.9612	0.0527	0.2044
001148	K	0.970311	0.999922	1.030770	0.9964	0.8713	0.8660	0.1420	0.9558	0.0640	0.2016