RESNUM	RES	VL-XT	VSL2B	VL3	IUPred-S	IUPred-L	PONDRFIT	FITERROR	MDP	MDPERROR	ANCHOR2
000001	M	0.770123	0.811006	0.307255	0.3939	0.0072	0.9330	0.0730	0.4858	0.3306	0.0007
000002	G	0.720180	0.721215	0.302067	0.2167	0.0095	0.9070	0.0340	0.4290	0.3254	0.0006
000003	D	0.528039	0.643425	0.297347	0.1667	0.0073	0.8880	0.0520	0.3723	0.3014	0.0006
000004	V	0.300284	0.511528	0.293352	0.1240	0.0060	0.7990	0.0900	0.2902	0.2635	0.0005
000005	L	0.302418	0.366573	0.290061	0.0414	0.0056	0.6510	0.1580	0.2278	0.2205	0.0005
000006	E	0.228999	0.240325	0.287035	0.0121	0.0050	0.5720	0.1070	0.1765	0.1967	0.0005
000007	Q	0.151521	0.155757	0.283113	0.0042	0.0044	0.3910	0.1300	0.1178	0.1473	0.0004
000008	F	0.094396	0.092783	0.278380	0.0007	0.0047	0.4100	0.1400	0.1004	0.1563	0.0003
000009	F	0.061662	0.043953	0.274267	0.0003	0.0044	0.3350	0.1340	0.0743	0.1412	0.0002
000010	I	0.053707	0.025261	0.270322	0.0002	0.0039	0.2540	0.1340	0.0562	0.1237	0.0002
000011	L	0.041369	0.019730	0.265645	0.0001	0.0042	0.5360	0.1910	0.1002	0.2026	0.0002
000012	T	0.033399	0.014938	0.262184	0.0001	0.0046	0.3850	0.1470	0.0730	0.1570	0.0002
000013	G	0.025423	0.012878	0.259329	0.0001	0.0037	0.2580	0.1310	0.0499	0.1248	0.0001
000014	L	0.020365	0.012211	0.256999	0.0001	0.0030	0.1640	0.0710	0.0333	0.1079	0.0001
000015	L	0.008239	0.010809	0.255167	0.0001	0.0037	0.1490	0.0510	0.0286	0.1064	0.0001
000016	V	0.005711	0.010267	0.252262	0.0001	0.0035	0.1300	0.0470	0.0250	0.1036	0.0001
000017	C	0.004181	0.012189	0.246100	0.0001	0.0034	0.1170	0.0430	0.0227	0.1000	0.0001
000018	L	0.003565	0.013394	0.241383	0.0001	0.0034	0.1010	0.0330	0.0202	0.0970	0.0001
000019	A	0.000111	0.015536	0.236567	0.0001	0.0037	0.0870	0.0240	0.0177	0.0944	0.0001
000020	C	0.000118	0.021021	0.230152	0.0001	0.0042	0.0710	0.0190	0.0161	0.0909	0.0001
000021	L	0.000111	0.026134	0.223676	0.0001	0.0042	0.0600	0.0200	0.0151	0.0878	0.0001
000022	A	0.000110	0.029206	0.218040	0.0001	0.0042	0.0550	0.0200	0.0147	0.0853	0.0002
000023	K	0.000138	0.034643	0.211932	0.0001	0.0042	0.0500	0.0190	0.0149	0.0827	0.0002
000024	C	0.000194	0.038848	0.205683	0.0001	0.0033	0.0450	0.0140	0.0146	0.0802	0.0002
000025	V	0.000260	0.039153	0.200960	0.0001	0.0034	0.0450	0.0140	0.0147	0.0783	0.0003
000026	R	0.000375	0.039343	0.193491	0.0001	0.0044	0.0440	0.0150	0.0147	0.0752	0.0005
000027	F	0.003405	0.037265	0.186398	0.0001	0.0044	0.0510	0.0190	0.0160	0.0722	0.0006
000028	S	0.008450	0.034376	0.179318	0.0002	0.0042	0.0510	0.0200	0.0164	0.0690	0.0009
000029	R	0.009280	0.029530	0.170844	0.0002	0.0060	0.0450	0.0180	0.0150	0.0655	0.0011
000030	C	0.009335	0.025707	0.162738	0.0001	0.0066	0.0430	0.0200	0.0141	0.0624	0.0013
000031	V	0.019182	0.023713	0.156185	0.0003	0.0087	0.0420	0.0220	0.0156	0.0589	0.0017
000032	L	0.030701	0.025348	0.149877	0.0006	0.0081	0.0430	0.0250	0.0180	0.0557	0.0022
000033	L	0.030782	0.033385	0.143344	0.0008	0.0067	0.0470	0.0270	0.0197	0.0530	0.0029
000034	N	0.031998	0.037802	0.137337	0.0005	0.0068	0.0430	0.0210	0.0201	0.0505	0.0037
000035	Y	0.032985	0.042772	0.131554	0.0006	0.0088	0.0470	0.0220	0.0220	0.0480	0.0050
000036	W	0.029993	0.053339	0.124662	0.0009	0.0099	0.0560	0.0270	0.0250	0.0457	0.0064
000037	K	0.025106	0.074863	0.117863	0.0009	0.0097	0.0520	0.0210	0.0271	0.0450	0.0073
000038	V	0.024434	0.099278	0.111896	0.0028	0.0174	0.0600	0.0220	0.0341	0.0454	0.0079
000039	L	0.024548	0.140900	0.106420	0.0027	0.0109	0.0660	0.0210	0.0408	0.0541	0.0087
000040	P	0.014993	0.175567	0.100976	0.0029	0.0096	0.0560	0.0170	0.0433	0.0640	0.0109
000041	K	0.003790	0.188665	0.096182	0.0049	0.0099	0.0590	0.0180	0.0444	0.0685	0.0129
000042	S	0.011609	0.202979	0.093079	0.0070	0.0091	0.0620	0.0180	0.0487	0.0714	0.0137
000043	F	0.013910	0.199156	0.088861	0.0090	0.0141	0.0730	0.0200	0.0514	0.0686	0.0139
000044	L	0.013178	0.175829	0.084333	0.0102	0.0231	0.0790	0.0240	0.0502	0.0598	0.0144
000045	R	0.013692	0.162519	0.080717	0.0109	0.0181	0.0650	0.0200	0.0450	0.0553	0.0152
000046	S	0.014112	0.163710	0.076906	0.0245	0.0300	0.0580	0.0190	0.0484	0.0521	0.0155
000047	M	0.014321	0.147162	0.073271	0.0297	0.0568	0.0580	0.0240	0.0509	0.0440	0.0155
000048	G	0.014523	0.132092	0.069857	0.0286	0.0568	0.0440	0.0200	0.0461	0.0395	0.0157
000049	Q	0.014516	0.129697	0.066332	0.0502	0.0473	0.0450	0.0190	0.0477	0.0369	0.0164
000050	W	0.021115	0.133803	0.062848	0.0991	0.0851	0.0530	0.0200	0.0654	0.0372	0.0173
000051	A	0.038082	0.128428	0.058416	0.0464	0.0704	0.0560	0.0180	0.0566	0.0311	0.0156
000052	V	0.034636	0.133684	0.054482	0.0464	0.0568	0.0690	0.0180	0.0567	0.0333	0.0152
000053	I	0.034367	0.162473	0.051151	0.0464	0.0320	0.0820	0.0200	0.0595	0.0460	0.0153
000054	T	0.033857	0.184396	0.049922	0.0744	0.0646	0.0920	0.0210	0.0748	0.0495	0.0164
000055	G	0.033317	0.192389	0.049465	0.0771	0.0568	0.1190	0.0230	0.0798	0.0545	0.0170
000056	A	0.032952	0.251630	0.048930	0.0789	0.0631	0.1350	0.0280	0.0936	0.0747	0.0179
000057	G	0.038312	0.287612	0.049716	0.0425	0.0356	0.1520	0.0300	0.0927	0.0932	0.0196
000058	D	0.044563	0.313729	0.051055	0.0587	0.0364	0.1940	0.0350	0.1078	0.1037	0.0218
000059	G	0.042910	0.349740	0.053933	0.0336	0.0372	0.2030	0.0410	0.1111	0.1189	0.0250
000060	I	0.026401	0.382653	0.058219	0.0259	0.0356	0.2110	0.0410	0.1135	0.1331	0.0285
000061	G	0.032459	0.357984	0.063373	0.0441	0.0646	0.2310	0.0390	0.1217	0.1214	0.0319
000062	K	0.036205	0.351963	0.068927	0.0542	0.0443	0.2200	0.0330	0.1178	0.1182	0.0374
000063	A	0.038292	0.337815	0.075459	0.0884	0.0749	0.1960	0.0230	0.1225	0.1036	0.0423
000064	Y	0.039283	0.304447	0.084498	0.0965	0.0870	0.1520	0.0250	0.1133	0.0869	0.0472
000065	S	0.039845	0.278375	0.091616	0.0965	0.0543	0.1140	0.0240	0.0971	0.0799	0.0510
000066	F	0.035851	0.265877	0.102968	0.0621	0.0306	0.1010	0.0210	0.0826	0.0813	0.0552
000067	E	0.031976	0.248790	0.112493	0.0542	0.0218	0.0870	0.0160	0.0740	0.0786	0.0582
000068	L	0.028158	0.232269	0.119020	0.0350	0.0218	0.0860	0.0240	0.0671	0.0763	0.0619
000069	A	0.051385	0.211305	0.125760	0.0194	0.0214	0.0850	0.0250	0.0648	0.0704	0.0670
000070	K	0.070577	0.203149	0.134698	0.0194	0.0227	0.0830	0.0190	0.0665	0.0680	0.0726
000071	R	0.089055	0.174699	0.140965	0.0387	0.0231	0.0850	0.0180	0.0684	0.0580	0.0780
000072	G	0.160629	0.160132	0.146711	0.0387	0.0253	0.0880	0.0140	0.0787	0.0612	0.0826
000073	L	0.243117	0.138144	0.151540	0.0212	0.0258	0.0980	0.0280	0.0877	0.0808	0.0887
000074	N	0.271910	0.132095	0.159043	0.0286	0.0188	0.1070	0.0470	0.0930	0.0892	0.0958
000075	V	0.308741	0.122584	0.165874	0.0514	0.0356	0.1180	0.0530	0.1061	0.0940	0.1028
000076	V	0.344370	0.118032	0.169405	0.0286	0.0287	0.1220	0.0450	0.1069	0.1102	0.1110
000077	L	0.425632	0.114356	0.171602	0.0567	0.0327	0.1270	0.0460	0.1260	0.1326	0.1184
000078	I	0.463849	0.130463	0.174716	0.0441	0.0240	0.1380	0.0510	0.1335	0.1477	0.1242
000079	S	0.520891	0.144251	0.179031	0.0455	0.0443	0.1470	0.0480	0.1503	0.1635	0.1263
000080	R	0.586857	0.159406	0.182013	0.0464	0.0631	0.1850	0.0460	0.1734	0.1824	0.1265
000081	T	0.601475	0.197317	0.185256	0.0490	0.0334	0.2190	0.0490	0.1834	0.1901	0.1266
000082	L	0.607119	0.243558	0.190324	0.0542	0.0364	0.2360	0.0640	0.1962	0.1908	0.1242
000083	E	0.667982	0.274550	0.197339	0.0297	0.0380	0.2380	0.0630	0.2081	0.2151	0.1237
000084	K	0.721255	0.316845	0.206750	0.0542	0.0734	0.2660	0.0930	0.2386	0.2244	0.1213
000085	L	0.775973	0.356358	0.212770	0.0526	0.0719	0.2810	0.1120	0.2563	0.2443	0.1206
000086	E	0.785339	0.364486	0.217938	0.0813	0.1115	0.2930	0.1080	0.2725	0.2371	0.1204
000087	A	0.808419	0.350655	0.221648	0.1205	0.1643	0.2880	0.0980	0.2887	0.2317	0.1176
000088	I	0.818181	0.368255	0.225478	0.1766	0.2436	0.2930	0.1010	0.3166	0.2191	0.1160
000089	A	0.822151	0.367803	0.228505	0.2483	0.2645	0.2630	0.0840	0.3277	0.2123	0.1177
000090	T	0.822772	0.389115	0.229282	0.2483	0.2680	0.2530	0.0530	0.3303	0.2132	0.1197
000091	E	0.821154	0.423095	0.230119	0.1805	0.1731	0.2960	0.0570	0.3156	0.2286	0.1210
000092	I	0.819958	0.452321	0.229552	0.1698	0.0967	0.3170	0.0750	0.3093	0.2423	0.1194
000093	E	0.781153	0.460738	0.228398	0.1805	0.1671	0.2510	0.0920	0.3068	0.2211	0.1188
000094	R	0.740989	0.445903	0.225752	0.1150	0.1275	0.2100	0.0830	0.2732	0.2240	0.1147
000095	T	0.723567	0.432569	0.220739	0.1205	0.1323	0.1910	0.0740	0.2666	0.2174	0.1100
000096	T	0.706799	0.407921	0.217068	0.1635	0.1137	0.1560	0.0630	0.2580	0.2104	0.1041
000097	G	0.685966	0.372406	0.207970	0.1635	0.1092	0.1310	0.0430	0.2436	0.2044	0.0992
000098	R	0.639613	0.354638	0.201471	0.1266	0.1349	0.1110	0.0320	0.2279	0.1909	0.0979
000099	S	0.580169	0.336734	0.197792	0.1958	0.2224	0.0940	0.0320	0.2382	0.1587	0.0963
000100	V	0.522126	0.301468	0.193530	0.2167	0.2680	0.0850	0.0270	0.2321	0.1377	0.0936
000101	K	0.441583	0.277526	0.187108	0.2255	0.1702	0.0780	0.0220	0.1988	0.1165	0.0937
000102	I	0.394030	0.266176	0.183083	0.2255	0.0909	0.0800	0.0210	0.1761	0.1115	0.0935
000103	I	0.345061	0.254190	0.179513	0.2333	0.1702	0.0770	0.0150	0.1799	0.0879	0.0980
000104	Q	0.276574	0.236609	0.176839	0.1566	0.1554	0.0820	0.0220	0.1511	0.0690	0.1067
000105	A	0.202385	0.225691	0.171351	0.1698	0.0909	0.0910	0.0260	0.1299	0.0589	0.1211
000106	D	0.132175	0.245384	0.167021	0.1766	0.0870	0.0990	0.0290	0.1233	0.0600	0.1375
000107	F	0.087695	0.245627	0.164732	0.1060	0.0929	0.1270	0.0490	0.1099	0.0613	0.1544
000108	T	0.059432	0.271197	0.163806	0.1041	0.0948	0.1080	0.0380	0.1063	0.0740	0.1705
000109	K	0.031133	0.313301	0.162384	0.1178	0.0531	0.1010	0.0300	0.1027	0.0964	0.1814
000110	D	0.024983	0.345370	0.159632	0.1150	0.0433	0.1230	0.0390	0.1085	0.1081	0.1950
000111	D	0.021215	0.341744	0.156933	0.0991	0.0690	0.1800	0.0620	0.1184	0.1059	0.2076
000112	I	0.019183	0.348786	0.154077	0.0858	0.0380	0.2320	0.0780	0.1206	0.1182	0.2152
000113	Y	0.014433	0.356446	0.150826	0.1349	0.0799	0.2230	0.0700	0.1348	0.1116	0.2271
000114	E	0.014000	0.347634	0.147223	0.1178	0.0817	0.2290	0.0620	0.1317	0.1102	0.2318
000115	H	0.014114	0.358978	0.140724	0.1266	0.0780	0.2120	0.0380	0.1316	0.1118	0.2263
000116	I	0.016197	0.368442	0.136620	0.0858	0.0543	0.1890	0.0270	0.1190	0.1179	0.2119
000117	K	0.018716	0.379187	0.133472	0.0832	0.0294	0.1400	0.0210	0.1084	0.1224	0.2006
000118	E	0.018608	0.361900	0.131132	0.0771	0.0398	0.1050	0.0200	0.1003	0.1157	0.1919
000119	K	0.018434	0.340689	0.130099	0.0464	0.0414	0.0800	0.0190	0.0878	0.1114	0.1794
000120	L	0.030138	0.295550	0.127859	0.0308	0.0454	0.0720	0.0200	0.0790	0.0959	0.1704
000121	A	0.029647	0.247616	0.127586	0.0297	0.0269	0.0580	0.0170	0.0653	0.0829	0.1579
000122	G	0.031394	0.212726	0.126977	0.0279	0.0253	0.0520	0.0190	0.0582	0.0723	0.1458
000123	L	0.034251	0.170552	0.128517	0.0304	0.0364	0.0410	0.0140	0.0522	0.0592	0.1359
000124	E	0.042607	0.133185	0.129499	0.0502	0.0380	0.0330	0.0100	0.0494	0.0481	0.1296
000125	I	0.043373	0.112734	0.131564	0.0363	0.0414	0.0290	0.0060	0.0437	0.0461	0.1242
000126	G	0.056860	0.104004	0.132935	0.0167	0.0443	0.0260	0.0060	0.0414	0.0472	0.1229
000127	I	0.102322	0.090936	0.134458	0.0414	0.0463	0.0260	0.0060	0.0511	0.0446	0.1243
000128	L	0.124711	0.093619	0.136660	0.0414	0.0263	0.0270	0.0060	0.0522	0.0509	0.1248
000129	V	0.112755	0.097568	0.139117	0.0182	0.0287	0.0330	0.0080	0.0484	0.0521	0.1235
000130	N	0.112866	0.100562	0.141058	0.0087	0.0281	0.0420	0.0140	0.0487	0.0539	0.1274
000131	N	0.110755	0.118172	0.142807	0.0252	0.0518	0.0520	0.0220	0.0597	0.0487	0.1324
000132	V	0.108450	0.135032	0.145489	0.0316	0.0320	0.0600	0.0260	0.0612	0.0525	0.1446
000133	G	0.103284	0.165885	0.148239	0.0316	0.0198	0.0630	0.0230	0.0639	0.0606	0.1651
000134	M	0.100953	0.192892	0.150533	0.0308	0.0364	0.0680	0.0200	0.0715	0.0642	0.1877
000135	L	0.111010	0.231217	0.152225	0.0124	0.0263	0.0770	0.0210	0.0763	0.0791	0.1987
000136	P	0.088340	0.249168	0.155241	0.0274	0.0581	0.0830	0.0260	0.0844	0.0776	0.2101
000137	N	0.089780	0.259645	0.158698	0.0182	0.0618	0.1110	0.0350	0.0901	0.0815	0.2183
000138	L	0.122660	0.266955	0.163109	0.0441	0.1229	0.1510	0.0480	0.1180	0.0717	0.2283
000139	L	0.150668	0.275640	0.169092	0.0789	0.1229	0.1570	0.0550	0.1309	0.0662	0.2392
000140	P	0.167136	0.275398	0.174229	0.1292	0.1852	0.1450	0.0490	0.1504	0.0550	0.2459
000141	S	0.174585	0.272827	0.180257	0.0723	0.1702	0.1580	0.0490	0.1412	0.0656	0.2456
000142	H	0.174320	0.279935	0.186092	0.0771	0.1007	0.1620	0.0350	0.1323	0.0723	0.2422
000143	F	0.174284	0.286588	0.190966	0.1240	0.0888	0.1700	0.0280	0.1406	0.0693	0.2247
000144	L	0.148072	0.295768	0.195817	0.0771	0.0948	0.1640	0.0320	0.1300	0.0789	0.1926
000145	N	0.126219	0.328328	0.198991	0.0567	0.0817	0.1870	0.0670	0.1300	0.0958	0.1683
000146	A	0.105746	0.378341	0.202115	0.1178	0.1501	0.1710	0.0630	0.1538	0.0972	0.1564
000147	P	0.073206	0.378130	0.205160	0.0643	0.0749	0.1410	0.0580	0.1220	0.1161	0.1478
000148	D	0.044535	0.361811	0.208534	0.0677	0.0719	0.1090	0.0440	0.1091	0.1162	0.1333
000149	E	0.027887	0.338064	0.212411	0.0660	0.1206	0.0780	0.0320	0.1050	0.1113	0.1191
000150	I	0.021694	0.301867	0.215678	0.1240	0.1349	0.0600	0.0250	0.1071	0.1003	0.1045
000151	Q	0.023324	0.232909	0.219625	0.1088	0.0749	0.0530	0.0220	0.0821	0.0882	0.0949
000152	S	0.027904	0.186915	0.222790	0.0660	0.0749	0.0530	0.0300	0.0681	0.0816	0.0860
000153	L	0.030512	0.158469	0.225967	0.0405	0.0568	0.0530	0.0310	0.0565	0.0817	0.0783
000154	I	0.029592	0.135307	0.229242	0.0813	0.1162	0.0430	0.0200	0.0675	0.0768	0.0753
000155	H	0.025061	0.116311	0.233358	0.1266	0.1881	0.0400	0.0180	0.0826	0.0837	0.0797
000156	C	0.027079	0.110498	0.235805	0.1266	0.1115	0.0370	0.0150	0.0688	0.0791	0.0801
000157	N	0.029586	0.118594	0.237984	0.1667	0.0817	0.0360	0.0130	0.0721	0.0835	0.0745
000158	I	0.031824	0.124077	0.239855	0.0789	0.0405	0.0380	0.0140	0.0523	0.0835	0.0669
000159	T	0.028966	0.127867	0.241877	0.0425	0.0372	0.0410	0.0180	0.0462	0.0870	0.0653
000160	S	0.024223	0.133523	0.241497	0.0212	0.0334	0.0400	0.0180	0.0421	0.0903	0.0636
000161	V	0.019844	0.132342	0.241272	0.0425	0.0473	0.0430	0.0160	0.0475	0.0871	0.0631
000162	V	0.019541	0.134737	0.241184	0.0387	0.0506	0.0480	0.0140	0.0487	0.0870	0.0633
000163	K	0.032023	0.146377	0.239759	0.0286	0.0506	0.0550	0.0170	0.0520	0.0867	0.0667
000164	M	0.045925	0.172152	0.237349	0.0514	0.0888	0.0630	0.0210	0.0702	0.0813	0.0690
000165	T	0.056636	0.200746	0.235020	0.0884	0.1528	0.0760	0.0270	0.0957	0.0771	0.0715
000166	Q	0.064397	0.211883	0.232492	0.0858	0.1476	0.0880	0.0310	0.0996	0.0754	0.0704
000167	L	0.068158	0.230588	0.229786	0.1292	0.1969	0.1160	0.0340	0.1235	0.0722	0.0714
000168	I	0.075730	0.287695	0.226824	0.1292	0.1184	0.1490	0.0440	0.1267	0.0807	0.0767
000169	L	0.082056	0.321112	0.221873	0.2080	0.1206	0.1910	0.0460	0.1537	0.0849	0.0864
000170	K	0.085009	0.354407	0.214385	0.1322	0.0690	0.2100	0.0410	0.1418	0.1031	0.0948
000171	H	0.087994	0.404708	0.209489	0.0771	0.0765	0.2400	0.0310	0.1477	0.1238	0.1020
000172	M	0.081546	0.432460	0.204231	0.0660	0.0662	0.2780	0.0310	0.1541	0.1392	0.1073
000173	E	0.071277	0.433571	0.198694	0.1060	0.0985	0.2920	0.0520	0.1669	0.1325	0.1076
000174	S	0.063696	0.435641	0.193010	0.0542	0.0985	0.2940	0.0710	0.1577	0.1415	0.1030
000175	R	0.059355	0.457047	0.187339	0.0643	0.1229	0.2750	0.0690	0.1632	0.1424	0.0999
000176	Q	0.054092	0.469306	0.181260	0.0643	0.0676	0.2510	0.0750	0.1510	0.1506	0.0933
000177	K	0.049092	0.459480	0.175565	0.0607	0.0518	0.1980	0.0570	0.1365	0.1473	0.0860
000178	G	0.042029	0.431268	0.170120	0.0607	0.0506	0.1550	0.0420	0.1232	0.1378	0.0775
000179	L	0.037499	0.384403	0.164103	0.0832	0.0433	0.1080	0.0250	0.1095	0.1217	0.0687
000180	I	0.032092	0.310173	0.157919	0.0789	0.0870	0.0850	0.0200	0.0988	0.0943	0.0585
000181	L	0.025146	0.232873	0.151154	0.0395	0.0473	0.0660	0.0150	0.0684	0.0786	0.0496
000182	N	0.020812	0.192082	0.144577	0.0490	0.0555	0.0510	0.0140	0.0614	0.0657	0.0440
000183	I	0.014131	0.156711	0.137950	0.0316	0.0398	0.0430	0.0110	0.0476	0.0599	0.0398
000184	S	0.007449	0.125323	0.131280	0.0376	0.0202	0.0350	0.0080	0.0377	0.0543	0.0374
000185	S	0.005884	0.104923	0.124140	0.0194	0.0202	0.0300	0.0070	0.0301	0.0504	0.0347
000186	G	0.002988	0.093093	0.116314	0.0086	0.0153	0.0250	0.0050	0.0242	0.0483	0.0319
000187	I	0.003555	0.079774	0.109806	0.0083	0.0097	0.0240	0.0060	0.0209	0.0446	0.0308
000188	A	0.003375	0.076390	0.106343	0.0067	0.0096	0.0240	0.0050	0.0200	0.0432	0.0304
000189	L	0.002776	0.078689	0.102303	0.0029	0.0086	0.0260	0.0050	0.0199	0.0428	0.0313
000190	F	0.002566	0.084548	0.098627	0.0061	0.0115	0.0300	0.0060	0.0224	0.0418	0.0320
000191	P	0.002276	0.087031	0.097754	0.0078	0.0178	0.0310	0.0060	0.0243	0.0412	0.0330
000192	W	0.002001	0.088790	0.097265	0.0141	0.0231	0.0370	0.0070	0.0275	0.0399	0.0341
000193	P	0.001949	0.104390	0.096940	0.0131	0.0117	0.0360	0.0090	0.0279	0.0444	0.0329
000194	L	0.001874	0.118746	0.096441	0.0194	0.0130	0.0420	0.0120	0.0326	0.0467	0.0317
000195	Y	0.001675	0.133978	0.096957	0.0087	0.0093	0.0510	0.0140	0.0342	0.0525	0.0306
000196	S	0.000758	0.158265	0.097741	0.0055	0.0083	0.0660	0.0190	0.0398	0.0602	0.0316
000197	M	0.000393	0.172341	0.097594	0.0033	0.0057	0.0990	0.0350	0.0468	0.0668	0.0323
000198	Y	0.000010	0.195716	0.096950	0.0052	0.0074	0.1330	0.0420	0.0569	0.0764	0.0321
000199	S	0.000010	0.204071	0.094769	0.0028	0.0084	0.1210	0.0360	0.0560	0.0773	0.0328
000200	A	0.000015	0.230379	0.094065	0.0062	0.0099	0.1090	0.0320	0.0593	0.0834	0.0331
000201	S	0.000192	0.256617	0.095597	0.0118	0.0107	0.0910	0.0320	0.0617	0.0903	0.0342
000202	K	0.000369	0.254706	0.096364	0.0069	0.0099	0.0780	0.0320	0.0583	0.0901	0.0353
000203	A	0.000413	0.224048	0.094879	0.0075	0.0171	0.0760	0.0380	0.0543	0.0790	0.0359
000204	F	0.000456	0.214470	0.095360	0.0062	0.0165	0.0730	0.0380	0.0518	0.0761	0.0394
000205	V	0.000484	0.179289	0.095351	0.0118	0.0160	0.0760	0.0380	0.0473	0.0646	0.0434
000206	C	0.000618	0.151466	0.095030	0.0274	0.0263	0.0900	0.0440	0.0492	0.0541	0.0476
000207	A	0.000729	0.147679	0.093905	0.0128	0.0218	0.1060	0.0380	0.0481	0.0570	0.0482
000208	F	0.000795	0.165815	0.092312	0.0167	0.0281	0.1240	0.0410	0.0559	0.0624	0.0488
000209	S	0.000941	0.184300	0.092066	0.0252	0.0592	0.1450	0.0540	0.0691	0.0661	0.0495
000210	K	0.000926	0.225372	0.092550	0.0245	0.0380	0.1620	0.0670	0.0751	0.0815	0.0503
000211	A	0.000933	0.291332	0.092737	0.0363	0.0258	0.1810	0.0740	0.0891	0.1032	0.0505
000212	L	0.001044	0.368762	0.092757	0.0226	0.0157	0.2170	0.0640	0.1042	0.1341	0.0510
000213	Q	0.001426	0.423929	0.093116	0.0121	0.0163	0.2460	0.0580	0.1167	0.1560	0.0508
000214	E	0.002084	0.474221	0.095138	0.0087	0.0136	0.2730	0.0550	0.1287	0.1756	0.0514
000215	E	0.002607	0.508201	0.098971	0.0200	0.0157	0.2780	0.0420	0.1375	0.1851	0.0498
000216	Y	0.003028	0.476215	0.099902	0.0226	0.0240	0.2730	0.0580	0.1331	0.1729	0.0480
000217	K	0.004365	0.408926	0.101612	0.0182	0.0463	0.2350	0.0660	0.1188	0.1452	0.0458
000218	A	0.005955	0.362851	0.103638	0.0259	0.0320	0.1720	0.0660	0.0998	0.1247	0.0453
000219	K	0.008164	0.308077	0.104969	0.0621	0.0531	0.0960	0.0460	0.0879	0.0975	0.0465
000220	E	0.010247	0.229419	0.105299	0.0387	0.0341	0.0550	0.0240	0.0613	0.0754	0.0480
000221	V	0.010581	0.176518	0.103533	0.0316	0.0334	0.0350	0.0100	0.0479	0.0601	0.0475
000222	I	0.010506	0.140454	0.101659	0.0279	0.0443	0.0300	0.0080	0.0423	0.0492	0.0477
000223	I	0.010663	0.106761	0.098029	0.0502	0.0631	0.0300	0.0070	0.0434	0.0380	0.0479
000224	Q	0.010356	0.088036	0.095005	0.0478	0.0443	0.0270	0.0050	0.0363	0.0344	0.0482
000225	V	0.009992	0.088983	0.093135	0.0350	0.0405	0.0270	0.0060	0.0336	0.0348	0.0495
000226	L	0.010389	0.094625	0.090837	0.0252	0.0356	0.0290	0.0090	0.0325	0.0361	0.0508
000227	T	0.026711	0.100265	0.088159	0.0464	0.0356	0.0320	0.0100	0.0402	0.0322	0.0506
000228	P	0.052270	0.116324	0.085895	0.0441	0.0205	0.0360	0.0120	0.0448	0.0354	0.0507
000229	Y	0.084475	0.138706	0.084104	0.0363	0.0281	0.0450	0.0190	0.0554	0.0405	0.0511
000230	A	0.118459	0.154380	0.084049	0.0218	0.0287	0.0480	0.0160	0.0619	0.0502	0.0501
000231	V	0.148816	0.181168	0.083698	0.0200	0.0269	0.0540	0.0180	0.0719	0.0619	0.0498
000232	S	0.157029	0.222783	0.082626	0.0327	0.0275	0.0560	0.0150	0.0826	0.0724	0.0495
000233	T	0.175017	0.250899	0.081230	0.0567	0.0281	0.0630	0.0160	0.0957	0.0793	0.0489
000234	A	0.193545	0.259813	0.080943	0.0660	0.0543	0.0820	0.0250	0.1093	0.0777	0.0475
000235	M	0.192361	0.264150	0.080241	0.0395	0.0518	0.1150	0.0400	0.1105	0.0814	0.0475
000236	T	0.177671	0.263473	0.080943	0.0587	0.0835	0.1150	0.0480	0.1164	0.0720	0.0452
000237	K	0.150120	0.259871	0.083571	0.0909	0.1137	0.1100	0.0490	0.1207	0.0615	0.0436
000238	Y	0.116026	0.258082	0.087749	0.0935	0.1162	0.1250	0.0520	0.1181	0.0594	0.0429
000239	L	0.081599	0.254460	0.092042	0.0587	0.1115	0.1220	0.0500	0.1048	0.0653	0.0421
000240	N	0.051212	0.258688	0.095380	0.1041	0.0948	0.1400	0.0570	0.1081	0.0674	0.0415
000241	T	0.042584	0.270700	0.097556	0.1349	0.0765	0.1520	0.0600	0.1128	0.0747	0.0421
000242	N	0.024510	0.247052	0.099529	0.1240	0.1184	0.1580	0.0550	0.1120	0.0687	0.0423
000243	V	0.006076	0.222516	0.102135	0.0884	0.1373	0.1590	0.0530	0.1022	0.0688	0.0429
000244	I	0.006010	0.233221	0.105256	0.0832	0.1275	0.1540	0.0590	0.1006	0.0712	0.0449
000245	T	0.004379	0.262579	0.106291	0.1205	0.0929	0.1650	0.0620	0.1076	0.0800	0.0480
000246	K	0.006860	0.294120	0.108023	0.1495	0.1323	0.1710	0.0520	0.1256	0.0871	0.0496
000247	T	0.008317	0.327296	0.112495	0.0965	0.0719	0.1790	0.0460	0.1137	0.1024	0.0532
000248	A	0.010384	0.371777	0.117681	0.0991	0.0443	0.1790	0.0420	0.1174	0.1195	0.0561
000249	D	0.012513	0.376712	0.123030	0.0909	0.0851	0.1850	0.0430	0.1250	0.1172	0.0597
000250	E	0.020844	0.376780	0.125482	0.0965	0.0799	0.1590	0.0410	0.1221	0.1147	0.0620
000251	F	0.031838	0.379376	0.129879	0.0909	0.0719	0.1560	0.0430	0.1217	0.1149	0.0597
000252	V	0.037055	0.358781	0.135473	0.0502	0.0676	0.1360	0.0350	0.1082	0.1113	0.0546
000253	K	0.063411	0.327935	0.140113	0.0490	0.0704	0.1050	0.0220	0.1027	0.0980	0.0495
000254	E	0.073857	0.311281	0.146102	0.0701	0.1115	0.0810	0.0100	0.1080	0.0877	0.0468
000255	S	0.079065	0.277102	0.151400	0.1292	0.1229	0.0640	0.0100	0.1120	0.0737	0.0418
000256	L	0.084054	0.219795	0.155549	0.1322	0.1184	0.0580	0.0110	0.1020	0.0580	0.0364
000257	N	0.082256	0.190134	0.159971	0.0813	0.0719	0.0520	0.0090	0.0795	0.0571	0.0322
000258	Y	0.090424	0.183914	0.163152	0.0858	0.0398	0.0550	0.0090	0.0758	0.0596	0.0277
000259	V	0.090747	0.172543	0.167875	0.0587	0.0398	0.0510	0.0090	0.0688	0.0610	0.0243
000260	T	0.100632	0.157098	0.171759	0.0316	0.0364	0.0520	0.0110	0.0629	0.0632	0.0210
000261	I	0.098104	0.154042	0.175831	0.0212	0.0364	0.0540	0.0130	0.0606	0.0653	0.0186
000262	G	0.073454	0.168282	0.179215	0.0327	0.0433	0.0500	0.0150	0.0612	0.0668	0.0186
000263	G	0.062742	0.164374	0.182471	0.0554	0.0380	0.0500	0.0190	0.0617	0.0656	0.0190
000264	E	0.055405	0.156533	0.185661	0.0316	0.0294	0.0530	0.0270	0.0543	0.0693	0.0200
000265	T	0.050921	0.150839	0.189696	0.0124	0.0248	0.0570	0.0320	0.0493	0.0731	0.0192
000266	C	0.052465	0.142517	0.192762	0.0087	0.0134	0.0590	0.0310	0.0461	0.0747	0.0186
000267	G	0.042923	0.128303	0.193971	0.0160	0.0133	0.0620	0.0300	0.0437	0.0727	0.0186
000268	C	0.037673	0.110091	0.194142	0.0078	0.0119	0.0620	0.0300	0.0382	0.0726	0.0185
000269	L	0.019876	0.097826	0.193589	0.0069	0.0120	0.0610	0.0280	0.0330	0.0731	0.0189
000270	A	0.016992	0.093001	0.193256	0.0099	0.0108	0.0540	0.0230	0.0307	0.0729	0.0192
000271	H	0.014753	0.088621	0.192184	0.0052	0.0119	0.0490	0.0200	0.0283	0.0729	0.0197
000272	E	0.013283	0.074992	0.190300	0.0040	0.0157	0.0440	0.0180	0.0253	0.0716	0.0202
000273	I	0.012554	0.070477	0.188620	0.0059	0.0099	0.0410	0.0160	0.0232	0.0713	0.0185
000274	L	0.010216	0.075136	0.185437	0.0037	0.0087	0.0380	0.0150	0.0227	0.0709	0.0177
000275	A	0.008365	0.067991	0.181074	0.0010	0.0055	0.0370	0.0140	0.0199	0.0698	0.0162
000276	G	0.007302	0.066147	0.176589	0.0008	0.0040	0.0370	0.0130	0.0192	0.0683	0.0160
000277	F	0.003473	0.061280	0.169614	0.0007	0.0049	0.0380	0.0120	0.0181	0.0657	0.0161
000278	L	0.000132	0.053415	0.162580	0.0004	0.0049	0.0370	0.0130	0.0160	0.0632	0.0160
000279	S	0.000085	0.043834	0.153494	0.0007	0.0056	0.0350	0.0130	0.0143	0.0594	0.0158
000280	L	0.000086	0.046788	0.143319	0.0010	0.0050	0.0350	0.0130	0.0147	0.0555	0.0150
000281	I	0.000098	0.046780	0.134216	0.0010	0.0057	0.0340	0.0130	0.0146	0.0519	0.0140
000282	P	0.000113	0.046085	0.125189	0.0006	0.0059	0.0320	0.0130	0.0141	0.0485	0.0131
000283	A	0.000126	0.051797	0.116762	0.0005	0.0043	0.0310	0.0120	0.0146	0.0458	0.0123
000284	W	0.000144	0.057560	0.108601	0.0008	0.0044	0.0320	0.0110	0.0158	0.0432	0.0122
000285	A	0.000134	0.053164	0.101414	0.0008	0.0044	0.0330	0.0120	0.0152	0.0403	0.0110
000286	F	0.000133	0.053186	0.094353	0.0006	0.0050	0.0360	0.0120	0.0158	0.0378	0.0100
000287	Y	0.000131	0.063362	0.086799	0.0003	0.0052	0.0370	0.0120	0.0177	0.0365	0.0091
000288	S	0.000110	0.068111	0.079457	0.0006	0.0057	0.0380	0.0120	0.0187	0.0350	0.0083
000289	G	0.000089	0.071386	0.073174	0.0009	0.0061	0.0370	0.0110	0.0192	0.0337	0.0075
000290	A	0.000069	0.088043	0.066547	0.0006	0.0056	0.0360	0.0120	0.0218	0.0360	0.0067
000291	F	0.000052	0.093301	0.060091	0.0006	0.0056	0.0410	0.0140	0.0234	0.0363	0.0061
000292	Q	0.000037	0.094287	0.053571	0.0008	0.0056	0.0490	0.0190	0.0250	0.0360	0.0057
000293	R	0.004742	0.095172	0.049843	0.0004	0.0052	0.0620	0.0290	0.0279	0.0364	0.0052
000294	L	0.010283	0.086994	0.045867	0.0003	0.0045	0.0790	0.0390	0.0301	0.0360	0.0047
000295	L	0.017758	0.070879	0.041997	0.0005	0.0064	0.1150	0.0580	0.0351	0.0409	0.0041
000296	L	0.025242	0.061473	0.037003	0.0004	0.0074	0.1810	0.0920	0.0459	0.0612	0.0038
000297	T	0.036965	0.053815	0.031549	0.0007	0.0115	0.1970	0.0810	0.0500	0.0658	0.0037
000298	H	0.043762	0.050585	0.027860	0.0013	0.0133	0.2220	0.0790	0.0552	0.0748	0.0036
000299	Y	0.053736	0.056090	0.023218	0.0013	0.0141	0.4030	0.1660	0.0880	0.1405	0.0033
000300	V	0.069841	0.063826	0.018525	0.0008	0.0143	0.4180	0.1670	0.0945	0.1457	0.0032
000301	A	0.102174	0.083787	0.013285	0.0010	0.0141	0.1470	0.0800	0.0580	0.0544	0.0033
000302	Y	0.131336	0.142676	0.008562	0.0069	0.0227	0.3650	0.1690	0.1114	0.1258	0.0033
000303	L	0.156285	0.224864	0.005106	0.0086	0.0171	0.4450	0.1780	0.1419	0.1586	0.0035
000304	K	0.200216	0.321335	0.001176	0.0121	0.0127	0.5420	0.1790	0.1814	0.1998	0.0039
000305	L	0.257281	0.450097	-0.001764	0.0395	0.0171	0.7930	0.1310	0.2595	0.2876	0.0043
000306	N	0.296108	0.596880	-0.003970	0.1060	0.0240	0.8010	0.0730	0.3040	0.3015	0.0046
000307	T	0.274435	0.707752	-0.006208	0.2432	0.0380	0.7700	0.0420	0.3390	0.3014	0.0049
000308	K	0.462674	0.802945	-0.008196	0.2913	0.0258	0.8030	0.0510	0.3977	0.3285	0.0051
000309	V	0.580974	0.863199	-0.010528	0.3491	0.0178	0.8190	0.0420	0.4383	0.3492	0.0052
000310	R	0.454949	0.909323	-0.010838	0.5084	0.0306	0.9040	0.0410	0.4680	0.3669	0.0060