RESNUM	RES	VL-XT	VSL2B	VL3	IUPred-S	IUPred-L	PONDRFIT	FITERROR	MDP	MDPERROR	ANCHOR2
000001	M	0.691310	0.813700	0.405151	0.8074	0.1942	0.9660	0.0230	0.5788	0.2733	0.3651
000002	D	0.794592	0.815315	0.393278	0.7724	0.2645	0.9450	0.0260	0.5987	0.2548	0.3691
000003	F	0.811947	0.777210	0.381586	0.7501	0.2884	0.9310	0.0360	0.5931	0.2443	0.3719
000004	S	0.641766	0.713231	0.371682	0.7192	0.3529	0.8790	0.0530	0.5510	0.2007	0.3699
000005	K	0.644721	0.670716	0.360306	0.6715	0.3807	0.8550	0.0910	0.5371	0.1845	0.3700
000006	L	0.649009	0.614375	0.352816	0.6557	0.4149	0.8130	0.0730	0.5245	0.1661	0.3731
000007	P	0.603555	0.575829	0.344499	0.6174	0.3087	0.7390	0.1120	0.4741	0.1644	0.3756
000008	K	0.560035	0.540717	0.335032	0.5667	0.3321	0.7790	0.0360	0.4631	0.1630	0.3787
000009	I	0.520600	0.528920	0.325397	0.4245	0.2609	0.7970	0.0610	0.4220	0.1812	0.3876
000010	L	0.493000	0.565797	0.315484	0.3762	0.2193	0.8140	0.0760	0.4114	0.2000	0.3936
000011	D	0.429468	0.562166	0.306239	0.2483	0.2436	0.7740	0.0550	0.3762	0.1976	0.3930
000012	E	0.380761	0.579991	0.297916	0.2167	0.2849	0.7050	0.0620	0.3612	0.1813	0.3919
000013	D	0.341757	0.597021	0.289826	0.1998	0.2064	0.6820	0.0670	0.3378	0.1934	0.3853
000014	K	0.274569	0.566760	0.284020	0.2786	0.3087	0.5940	0.0920	0.3372	0.1471	0.3763
000015	E	0.228264	0.532319	0.279819	0.2122	0.3053	0.5120	0.1110	0.2983	0.1372	0.3738
000016	S	0.228627	0.504809	0.276601	0.2255	0.3460	0.4230	0.1080	0.2880	0.1127	0.3652
000017	T	0.234545	0.470619	0.260020	0.2963	0.3599	0.3530	0.0830	0.2857	0.0891	0.3535
000018	F	0.229914	0.411051	0.248115	0.2963	0.2645	0.2920	0.0500	0.2490	0.0718	0.3423
000019	G	0.210641	0.363363	0.234717	0.2531	0.2817	0.2350	0.0390	0.2240	0.0633	0.3295
000020	Y	0.212345	0.337188	0.225273	0.2483	0.3321	0.2080	0.0410	0.2230	0.0657	0.3162
000021	V	0.218974	0.313837	0.211684	0.3096	0.3529	0.1710	0.0380	0.2278	0.0744	0.3059
000022	H	0.201446	0.285080	0.198397	0.2657	0.3529	0.1790	0.0470	0.2141	0.0690	0.3029
000023	G	0.191590	0.258920	0.181909	0.1844	0.2951	0.2010	0.0530	0.1885	0.0525	0.3014
000024	V	0.157833	0.265192	0.169072	0.1878	0.2470	0.2010	0.0720	0.1764	0.0483	0.3073
000025	S	0.181549	0.263066	0.158338	0.1602	0.2575	0.1880	0.0660	0.1750	0.0504	0.3146
000026	G	0.155960	0.242173	0.148781	0.1178	0.2034	0.1870	0.0570	0.1511	0.0474	0.3168
000027	P	0.189322	0.245642	0.143525	0.1178	0.1759	0.1710	0.0440	0.1500	0.0464	0.3254
000028	V	0.230296	0.245837	0.139738	0.0991	0.1424	0.1900	0.0630	0.1512	0.0572	0.3327
000029	V	0.289389	0.225469	0.133842	0.1380	0.1554	0.2100	0.0920	0.1697	0.0599	0.3442
000030	T	0.331405	0.221281	0.128109	0.1150	0.1702	0.2000	0.0910	0.1730	0.0748	0.3586
000031	A	0.387877	0.212178	0.123303	0.1088	0.1759	0.1880	0.0840	0.1788	0.0939	0.3745
000032	C	0.438203	0.197648	0.119309	0.1732	0.1791	0.1650	0.0640	0.1922	0.1058	0.3938
000033	D	0.467155	0.183842	0.117418	0.1117	0.1759	0.1680	0.0580	0.1845	0.1225	0.4050
000034	M	0.422810	0.173413	0.117634	0.0771	0.1275	0.1750	0.0560	0.1626	0.1144	0.4116
000035	A	0.458680	0.164661	0.118016	0.1060	0.1791	0.1750	0.0550	0.1805	0.1205	0.4132
000036	G	0.457551	0.154293	0.120196	0.0677	0.1759	0.1810	0.0590	0.1728	0.1260	0.4146
000037	A	0.459562	0.141941	0.120229	0.0701	0.1759	0.1980	0.0580	0.1743	0.1270	0.4215
000038	A	0.452959	0.157501	0.120959	0.0587	0.1671	0.2050	0.0570	0.1736	0.1260	0.4279
000039	M	0.477017	0.179715	0.123398	0.0884	0.1554	0.2060	0.0630	0.1844	0.1290	0.4295
000040	Y	0.501108	0.193984	0.126004	0.1380	0.1583	0.2100	0.0700	0.2002	0.1303	0.4235
000041	E	0.527931	0.206849	0.129871	0.0909	0.1528	0.1990	0.0670	0.1962	0.1458	0.4192
000042	L	0.576284	0.215696	0.134401	0.0744	0.1942	0.2140	0.0780	0.2125	0.1622	0.4204
000043	V	0.626404	0.222046	0.139875	0.1088	0.1731	0.2310	0.0810	0.2270	0.1751	0.4260
000044	R	0.645026	0.228915	0.146393	0.1117	0.1028	0.2270	0.0800	0.2192	0.1879	0.4293
000045	V	0.667794	0.225749	0.150573	0.0909	0.1275	0.2620	0.1090	0.2290	0.1954	0.4283
000046	G	0.690865	0.236624	0.155339	0.0677	0.0948	0.2760	0.1200	0.2276	0.2103	0.4275
000047	H	0.718250	0.254597	0.156845	0.0643	0.1048	0.2760	0.1250	0.2363	0.2188	0.4239
000048	S	0.710578	0.256888	0.160874	0.0478	0.1251	0.2840	0.1290	0.2373	0.2164	0.4222
000049	E	0.707029	0.251781	0.165163	0.0677	0.1554	0.2730	0.1280	0.2425	0.2085	0.4249
000050	L	0.706328	0.268120	0.172791	0.0858	0.1554	0.2630	0.1300	0.2464	0.2048	0.4287
000051	V	0.709374	0.274533	0.179464	0.1602	0.2002	0.2270	0.1130	0.2618	0.1926	0.4332
000052	G	0.718075	0.269276	0.189008	0.1205	0.1914	0.2120	0.0970	0.2519	0.2017	0.4252
000053	E	0.707615	0.262038	0.199824	0.1635	0.1852	0.2260	0.1000	0.2573	0.1920	0.4224
000054	I	0.706145	0.252864	0.211696	0.2255	0.2541	0.2420	0.1160	0.2801	0.1789	0.4172
000055	I	0.709639	0.224632	0.218076	0.1566	0.1942	0.2240	0.1090	0.2515	0.1936	0.4117
000056	R	0.703825	0.208658	0.225953	0.2209	0.1759	0.2110	0.0990	0.2534	0.1891	0.4049
000057	L	0.713570	0.207333	0.236103	0.1667	0.1942	0.1960	0.0850	0.2463	0.1964	0.4000
000058	E	0.721754	0.201409	0.246228	0.1117	0.2094	0.1760	0.0720	0.2366	0.2069	0.3942
000059	G	0.728584	0.192714	0.249755	0.1205	0.2164	0.1840	0.0810	0.2404	0.2077	0.3872
000060	D	0.730696	0.200985	0.256234	0.1178	0.2002	0.1870	0.0840	0.2395	0.2090	0.3858
000061	M	0.733845	0.202784	0.267410	0.1805	0.2752	0.1850	0.0890	0.2630	0.1993	0.3819
000062	A	0.750729	0.205676	0.277103	0.2483	0.2752	0.1730	0.0770	0.2755	0.2008	0.3783
000063	T	0.755615	0.236515	0.284135	0.2558	0.2752	0.1690	0.0740	0.2819	0.2000	0.3777
000064	I	0.770620	0.258831	0.285082	0.1732	0.1942	0.1760	0.0710	0.2622	0.2156	0.3754
000065	Q	0.783716	0.292093	0.285567	0.2531	0.2752	0.1860	0.0620	0.2983	0.2046	0.3759
000066	V	0.783613	0.325175	0.284560	0.2558	0.3631	0.1990	0.0610	0.3210	0.1985	0.3775
000067	Y	0.784458	0.370025	0.282188	0.2700	0.3910	0.2170	0.0750	0.3387	0.1937	0.3830
000068	E	0.787413	0.402590	0.281575	0.3762	0.4119	0.2130	0.0650	0.3652	0.1880	0.3884
000069	E	0.792248	0.449972	0.280436	0.3885	0.3149	0.2360	0.0700	0.3636	0.1904	0.3896
000070	T	0.793045	0.478153	0.283087	0.3225	0.3182	0.2680	0.0700	0.3633	0.1902	0.3899
000071	S	0.798628	0.457234	0.284098	0.2333	0.3087	0.2530	0.0690	0.3418	0.2025	0.3863
000072	G	0.802412	0.468742	0.287326	0.2657	0.3460	0.2680	0.0690	0.3584	0.1964	0.3844
000073	V	0.800692	0.466077	0.295920	0.3005	0.3704	0.2950	0.0690	0.3721	0.1869	0.3843
000074	S	0.805047	0.458675	0.297034	0.3005	0.3910	0.3120	0.0790	0.3779	0.1853	0.3824
000075	V	0.816219	0.453948	0.297870	0.3806	0.3983	0.2710	0.0790	0.3866	0.1874	0.3808
000076	G	0.815681	0.475955	0.302141	0.4037	0.3872	0.2250	0.0700	0.3846	0.1944	0.3806
000077	D	0.818866	0.457620	0.303475	0.3847	0.3872	0.2170	0.0700	0.3776	0.1969	0.3815
000078	P	0.826833	0.433244	0.306196	0.4651	0.4940	0.2120	0.0730	0.4052	0.1988	0.3767
000079	V	0.837800	0.437113	0.310416	0.3806	0.3948	0.2270	0.0670	0.3795	0.2007	0.3720
000080	L	0.837626	0.421297	0.314375	0.3847	0.3774	0.2170	0.0560	0.3730	0.2025	0.3717
000081	R	0.835133	0.406481	0.316056	0.3096	0.3983	0.1980	0.0580	0.3579	0.2088	0.3703
000082	T	0.837383	0.419746	0.314139	0.3096	0.3948	0.1840	0.0500	0.3575	0.2121	0.3720
000083	G	0.835860	0.433283	0.308625	0.3399	0.3149	0.1800	0.0440	0.3507	0.2139	0.3726
000084	K	0.822468	0.433716	0.301808	0.4116	0.3426	0.1650	0.0310	0.3626	0.2089	0.3732
000085	P	0.740463	0.420845	0.295070	0.3263	0.3392	0.1500	0.0270	0.3295	0.1874	0.3790
000086	L	0.673452	0.422030	0.294536	0.3717	0.3740	0.1480	0.0360	0.3316	0.1651	0.3835
000087	S	0.612922	0.429569	0.290358	0.3762	0.2951	0.1260	0.0340	0.3067	0.1563	0.3871
000088	V	0.533024	0.412719	0.282165	0.3225	0.1852	0.1350	0.0390	0.2648	0.1417	0.3900
000089	E	0.457347	0.389194	0.273003	0.2209	0.1731	0.1290	0.0290	0.2282	0.1248	0.4016
000090	L	0.396092	0.366764	0.271366	0.2080	0.2292	0.1250	0.0290	0.2208	0.1033	0.4134
000091	G	0.347195	0.337327	0.265063	0.3005	0.2258	0.1130	0.0220	0.2207	0.0908	0.4237
000092	P	0.278004	0.297687	0.253955	0.3096	0.2364	0.1160	0.0220	0.2062	0.0770	0.4313
000093	G	0.236727	0.249372	0.245067	0.2255	0.2292	0.1220	0.0260	0.1772	0.0598	0.4221
000094	I	0.268755	0.221296	0.239458	0.2333	0.2575	0.1200	0.0330	0.1835	0.0629	0.4115
000095	M	0.280200	0.222430	0.238943	0.2483	0.1881	0.1160	0.0300	0.1759	0.0658	0.4010
000096	G	0.256670	0.219021	0.237227	0.2531	0.1643	0.1160	0.0290	0.1681	0.0648	0.3971
000097	A	0.264820	0.211600	0.236495	0.2531	0.2503	0.1200	0.0300	0.1833	0.0627	0.3920
000098	I	0.270743	0.255425	0.234373	0.2531	0.1731	0.1210	0.0320	0.1789	0.0661	0.3861
000099	F	0.258947	0.265584	0.231142	0.3359	0.2292	0.1320	0.0410	0.2036	0.0718	0.3815
000100	D	0.225040	0.277269	0.228132	0.2292	0.2094	0.1450	0.0440	0.1810	0.0545	0.3892
000101	G	0.226132	0.278525	0.221343	0.3005	0.2951	0.1670	0.0540	0.2111	0.0604	0.3995
000102	I	0.202420	0.300087	0.217593	0.2963	0.3019	0.2110	0.0860	0.2187	0.0576	0.4096
000103	Q	0.179654	0.316457	0.211947	0.2748	0.2849	0.2600	0.1080	0.2192	0.0579	0.4217
000104	R	0.154796	0.360127	0.200064	0.2700	0.2849	0.3210	0.1340	0.2318	0.0771	0.4312
000105	P	0.165560	0.432456	0.195396	0.3578	0.2817	0.4080	0.1720	0.2742	0.1064	0.4270
000106	L	0.225446	0.491016	0.188981	0.3885	0.2364	0.5390	0.1090	0.3135	0.1399	0.4169
000107	S	0.308663	0.513613	0.181045	0.3096	0.1611	0.5500	0.1100	0.3072	0.1522	0.4104
000108	D	0.396950	0.567467	0.174324	0.2602	0.2094	0.6340	0.1510	0.3447	0.1782	0.4054
000109	I	0.490512	0.602978	0.167860	0.2558	0.2918	0.6390	0.1720	0.3800	0.1813	0.3983
000110	S	0.567794	0.568601	0.157831	0.3668	0.3872	0.6230	0.1970	0.4188	0.1623	0.3897
000111	S	0.660137	0.534967	0.146802	0.3456	0.3117	0.5790	0.1990	0.4053	0.1785	0.3862
000112	Q	0.750891	0.524906	0.137387	0.3399	0.3215	0.5430	0.2180	0.4134	0.1972	0.3842
000113	T	0.846085	0.488598	0.132145	0.3535	0.3392	0.4870	0.2100	0.4191	0.2179	0.3801
000114	Q	0.928281	0.439586	0.129021	0.3399	0.3321	0.3980	0.1890	0.4064	0.2451	0.3770
000115	S	0.947872	0.391631	0.126188	0.2748	0.3053	0.3010	0.1530	0.3701	0.2620	0.3726
000116	I	0.946117	0.355842	0.121229	0.2432	0.2002	0.2470	0.1520	0.3320	0.2753	0.3674
000117	Y	0.933351	0.296571	0.114644	0.2913	0.2783	0.2360	0.1410	0.3392	0.2652	0.3600
000118	I	0.877093	0.263718	0.109289	0.2167	0.2783	0.2040	0.1060	0.3066	0.2535	0.3487
000119	P	0.781954	0.256699	0.104591	0.2041	0.2783	0.1470	0.0800	0.2780	0.2262	0.3372
000120	R	0.680161	0.252138	0.101081	0.2913	0.2783	0.1350	0.0600	0.2729	0.1894	0.3270
000121	G	0.576364	0.237762	0.096403	0.2963	0.2752	0.1190	0.0390	0.2507	0.1582	0.3176
000122	V	0.472219	0.229520	0.093244	0.2167	0.1852	0.1120	0.0350	0.2026	0.1253	0.3108
000123	N	0.369624	0.244820	0.090858	0.1998	0.1881	0.0880	0.0230	0.1818	0.0971	0.3087
000124	V	0.266582	0.239201	0.088488	0.1322	0.1092	0.0870	0.0200	0.1390	0.0736	0.3121
000125	S	0.170736	0.231716	0.084962	0.1292	0.1092	0.0870	0.0210	0.1213	0.0537	0.3196
000126	A	0.088348	0.224800	0.080583	0.0771	0.1275	0.1020	0.0310	0.1033	0.0529	0.3265
000127	L	0.037945	0.220874	0.076828	0.1117	0.1476	0.0900	0.0270	0.1013	0.0596	0.3352
000128	S	0.035499	0.216827	0.073510	0.1998	0.2164	0.0790	0.0340	0.1246	0.0766	0.3510
000129	R	0.033408	0.202648	0.073343	0.2255	0.3087	0.0870	0.0510	0.1428	0.0982	0.3702
000130	D	0.037778	0.196108	0.073895	0.1921	0.2064	0.0780	0.0400	0.1185	0.0699	0.3867
000131	I	0.044210	0.192637	0.075224	0.1878	0.2064	0.0970	0.0510	0.1213	0.0651	0.4033
000132	K	0.046818	0.181765	0.076495	0.1205	0.1501	0.0820	0.0330	0.0969	0.0478	0.4221
000133	W	0.050132	0.164474	0.076940	0.1698	0.2064	0.0760	0.0210	0.1112	0.0598	0.4258
000134	D	0.046185	0.157289	0.076296	0.1240	0.1969	0.0630	0.0110	0.0978	0.0554	0.4171
000135	F	0.044004	0.136440	0.075724	0.1698	0.2609	0.0650	0.0090	0.1127	0.0754	0.4122
000136	T	0.043970	0.131055	0.074806	0.1698	0.1823	0.0540	0.0100	0.0969	0.0561	0.4170
000137	P	0.038721	0.151000	0.075230	0.1878	0.2129	0.0460	0.0080	0.1061	0.0698	0.4181
000138	C	0.033472	0.150793	0.074648	0.1805	0.2918	0.0460	0.0070	0.1170	0.0909	0.4216
000139	K	0.027721	0.174022	0.077801	0.1766	0.2918	0.0480	0.0070	0.1196	0.0924	0.4334
000140	N	0.021146	0.194717	0.082627	0.1766	0.3053	0.0580	0.0110	0.1260	0.0974	0.4207
000141	L	0.016100	0.231775	0.088737	0.1732	0.2129	0.0690	0.0210	0.1172	0.0804	0.4137
000142	R	0.013749	0.245772	0.095846	0.2385	0.2129	0.0790	0.0360	0.1317	0.0903	0.4066
000143	V	0.011937	0.254838	0.100590	0.1766	0.2193	0.0680	0.0220	0.1217	0.0873	0.4001
000144	G	0.015790	0.254644	0.105259	0.1844	0.2328	0.0630	0.0180	0.1250	0.0896	0.3899
000145	S	0.047000	0.260631	0.107828	0.1766	0.1643	0.0710	0.0260	0.1199	0.0740	0.3867
000146	H	0.106462	0.250909	0.110081	0.1844	0.2575	0.0770	0.0250	0.1460	0.0737	0.3853
000147	I	0.149770	0.240943	0.113403	0.1416	0.2645	0.0690	0.0150	0.1442	0.0713	0.3872
000148	T	0.194530	0.260904	0.115547	0.1240	0.2470	0.0590	0.0120	0.1476	0.0756	0.3843
000149	G	0.204206	0.285529	0.119708	0.1667	0.3019	0.0540	0.0100	0.1687	0.0897	0.3824
000150	G	0.211577	0.293197	0.121426	0.1667	0.2292	0.0540	0.0130	0.1591	0.0797	0.3849
000151	D	0.210371	0.296047	0.122255	0.1732	0.1501	0.0590	0.0150	0.1481	0.0764	0.3917
000152	I	0.207192	0.277301	0.122807	0.1921	0.2129	0.0700	0.0170	0.1599	0.0699	0.3975
000153	Y	0.199073	0.248913	0.125339	0.1322	0.2129	0.0750	0.0220	0.1447	0.0631	0.3993
000154	G	0.168229	0.221673	0.127096	0.1844	0.2715	0.0780	0.0190	0.1540	0.0658	0.3965
000155	I	0.109828	0.227866	0.127780	0.1878	0.1942	0.1070	0.0270	0.1377	0.0511	0.3942
000156	V	0.068737	0.245654	0.127918	0.1878	0.1671	0.1250	0.0300	0.1323	0.0595	0.3915
000157	S	0.038889	0.263024	0.128009	0.1349	0.1092	0.1500	0.0340	0.1159	0.0698	0.3898
000158	E	0.036861	0.279695	0.129283	0.1698	0.1942	0.1740	0.0590	0.1425	0.0759	0.3901
000159	N	0.063076	0.296953	0.130986	0.1178	0.2094	0.1790	0.0670	0.1443	0.0777	0.3914
000160	S	0.100315	0.302750	0.133555	0.1349	0.2129	0.1960	0.0580	0.1579	0.0706	0.3941
000161	L	0.134110	0.313327	0.133757	0.1566	0.2224	0.2100	0.0580	0.1728	0.0670	0.3952
000162	I	0.172094	0.339540	0.136922	0.1602	0.2094	0.2030	0.0690	0.1807	0.0695	0.3871
000163	K	0.219587	0.350300	0.138907	0.2167	0.2918	0.2090	0.0880	0.2146	0.0709	0.3762
000164	H	0.255507	0.353876	0.138292	0.2865	0.3807	0.2360	0.1200	0.2520	0.0830	0.3697
000165	K	0.298529	0.366080	0.138556	0.2865	0.3149	0.2630	0.1360	0.2548	0.0736	0.3657
000166	I	0.330085	0.356176	0.139848	0.3668	0.3983	0.2980	0.1370	0.2916	0.0873	0.3647
000167	M	0.381215	0.344375	0.142761	0.3578	0.3774	0.3050	0.1160	0.2943	0.0857	0.3619
000168	L	0.445472	0.372888	0.145966	0.3578	0.2951	0.2720	0.0790	0.2906	0.0971	0.3562
000169	P	0.513166	0.386271	0.148078	0.2786	0.2503	0.2410	0.0630	0.2782	0.1197	0.3496
000170	P	0.582261	0.377552	0.148071	0.2080	0.2680	0.2530	0.0770	0.2814	0.1437	0.3446
000171	R	0.651012	0.365286	0.146033	0.1805	0.2918	0.2480	0.1120	0.2894	0.1686	0.3394
000172	N	0.710359	0.348915	0.145464	0.2700	0.3667	0.1790	0.0880	0.3125	0.1871	0.3368
000173	R	0.782513	0.326250	0.144238	0.3668	0.4582	0.1420	0.0680	0.3459	0.2185	0.3405
000174	G	0.847058	0.302960	0.142238	0.3668	0.3774	0.1150	0.0480	0.3349	0.2420	0.3461
000175	T	0.906268	0.301974	0.140411	0.3668	0.3872	0.1250	0.0450	0.3478	0.2610	0.3531
000176	V	0.939113	0.299743	0.138676	0.2786	0.3983	0.1180	0.0410	0.3390	0.2762	0.3614
000177	T	0.906874	0.281673	0.136965	0.3630	0.4801	0.1080	0.0320	0.3566	0.2689	0.3686
000178	Y	0.874474	0.278150	0.135338	0.3992	0.5254	0.1340	0.0380	0.3685	0.2579	0.3776
000179	I	0.832511	0.295645	0.136200	0.4781	0.5456	0.1430	0.0360	0.3826	0.2462	0.3855
000180	A	0.771461	0.324331	0.135292	0.4651	0.4476	0.1420	0.0400	0.3583	0.2191	0.3914
000181	P	0.701871	0.362218	0.137854	0.3668	0.3426	0.1360	0.0370	0.3183	0.1905	0.3968
000182	P	0.604109	0.399087	0.141083	0.3096	0.3529	0.1320	0.0440	0.2996	0.1627	0.4053
000183	G	0.512484	0.397721	0.144501	0.2432	0.2645	0.1210	0.0410	0.2566	0.1393	0.4129
000184	N	0.426997	0.387534	0.150373	0.2558	0.2752	0.1200	0.0370	0.2442	0.1150	0.4220
000185	Y	0.412918	0.370463	0.161627	0.1878	0.1791	0.1170	0.0310	0.2112	0.1147	0.4309
000186	D	0.404526	0.351234	0.175230	0.1958	0.1881	0.0980	0.0290	0.2064	0.1105	0.4287
000187	T	0.391095	0.326428	0.189516	0.1766	0.2503	0.0880	0.0290	0.2054	0.1050	0.4244
000188	S	0.342819	0.313835	0.198454	0.1805	0.1852	0.0790	0.0260	0.1836	0.0943	0.4212
000189	D	0.301434	0.287080	0.206595	0.2558	0.2609	0.0730	0.0230	0.1963	0.0840	0.4187
000190	V	0.268188	0.250739	0.211300	0.2602	0.3566	0.0700	0.0220	0.2009	0.0932	0.4166
000191	V	0.261330	0.230817	0.221295	0.2820	0.3840	0.0720	0.0170	0.2050	0.0998	0.4148
000192	L	0.278121	0.233141	0.229823	0.2700	0.2609	0.0800	0.0220	0.1870	0.0776	0.4154
000193	E	0.295548	0.250662	0.233682	0.2385	0.2399	0.1020	0.0440	0.1878	0.0710	0.4179
000194	L	0.250681	0.260110	0.238356	0.1602	0.2094	0.1150	0.0460	0.1659	0.0657	0.4189
000195	E	0.197165	0.282957	0.245670	0.1602	0.1528	0.1070	0.0450	0.1500	0.0719	0.4210
000196	F	0.140028	0.297312	0.254775	0.2041	0.2328	0.0980	0.0390	0.1620	0.0799	0.4216
000197	E	0.129813	0.306286	0.264739	0.1456	0.1671	0.0720	0.0130	0.1367	0.0917	0.4264
000198	G	0.149279	0.330963	0.273305	0.1532	0.0985	0.0750	0.0120	0.1345	0.1027	0.4283
000199	V	0.177282	0.339148	0.276831	0.1060	0.1162	0.0760	0.0140	0.1358	0.1063	0.4256
000200	K	0.176313	0.343238	0.281662	0.0542	0.0749	0.0810	0.0190	0.1215	0.1199	0.4226
000201	E	0.162643	0.320192	0.280749	0.1018	0.1115	0.0820	0.0250	0.1296	0.1030	0.4175
000202	K	0.127319	0.287984	0.282537	0.0965	0.1583	0.0810	0.0280	0.1251	0.0959	0.4116
000203	F	0.102317	0.228781	0.277969	0.1322	0.1731	0.0700	0.0230	0.1177	0.0855	0.4049
000204	T	0.100835	0.177003	0.276331	0.1292	0.1611	0.0560	0.0210	0.1040	0.0830	0.4013
000205	M	0.105840	0.147376	0.276677	0.1240	0.2575	0.0500	0.0190	0.1142	0.0934	0.3998
000206	V	0.151572	0.128168	0.275730	0.1117	0.1881	0.0520	0.0160	0.1052	0.0832	0.4027
000207	Q	0.133840	0.116984	0.276356	0.1998	0.2884	0.0560	0.0160	0.1325	0.0962	0.4083
000208	V	0.104071	0.112890	0.276357	0.1322	0.2884	0.0610	0.0160	0.1164	0.0988	0.4091
000209	W	0.101068	0.137453	0.277106	0.1292	0.2849	0.0720	0.0190	0.1208	0.0952	0.4124
000210	P	0.096845	0.161706	0.276768	0.1921	0.2715	0.0780	0.0190	0.1334	0.0896	0.4292
000211	V	0.102828	0.183560	0.278804	0.1998	0.2988	0.0910	0.0230	0.1461	0.0914	0.4229
000212	R	0.112296	0.197563	0.279428	0.1266	0.2541	0.1110	0.0320	0.1335	0.0826	0.4061
000213	Q	0.123786	0.216201	0.276204	0.1495	0.2680	0.1250	0.0410	0.1470	0.0787	0.3898
000214	V	0.122482	0.239571	0.274696	0.1958	0.3667	0.1420	0.0450	0.1778	0.0944	0.3755
000215	R	0.083497	0.284699	0.276561	0.1998	0.3872	0.1380	0.0500	0.1822	0.1106	0.3652
000216	P	0.157496	0.325444	0.269274	0.2292	0.3460	0.1770	0.0620	0.2059	0.0833	0.3572
000217	V	0.212871	0.395335	0.259331	0.3184	0.3321	0.2110	0.0770	0.2450	0.0795	0.3558
000218	T	0.284212	0.467690	0.248552	0.2292	0.3321	0.2090	0.0950	0.2537	0.0962	0.3586
000219	E	0.325134	0.479026	0.243061	0.2167	0.3910	0.1810	0.0810	0.2655	0.1118	0.3612
000220	K	0.351593	0.495965	0.237814	0.3096	0.4864	0.1700	0.0700	0.3023	0.1262	0.3626
000221	L	0.393670	0.494548	0.235537	0.2820	0.4652	0.1650	0.0570	0.3000	0.1269	0.3706
000222	P	0.436068	0.456932	0.225323	0.3578	0.4652	0.1580	0.0490	0.3124	0.1244	0.3726
000223	A	0.452859	0.433737	0.217824	0.3717	0.3872	0.1540	0.0400	0.2999	0.1171	0.3740
000224	N	0.450864	0.416817	0.210693	0.3053	0.3948	0.1190	0.0270	0.2811	0.1239	0.3757
000225	H	0.383561	0.364371	0.203757	0.3184	0.4256	0.1080	0.0260	0.2666	0.1158	0.3798
000226	P	0.325661	0.326258	0.196662	0.3359	0.3529	0.1020	0.0260	0.2405	0.0978	0.3825
000227	L	0.253880	0.308145	0.188217	0.2786	0.2292	0.1040	0.0250	0.1956	0.0736	0.3860
000228	L	0.196251	0.281628	0.176977	0.2865	0.3149	0.0910	0.0190	0.1951	0.0830	0.3889
000229	T	0.161814	0.257419	0.165512	0.2041	0.2399	0.0750	0.0170	0.1563	0.0661	0.3859
000230	G	0.102044	0.249741	0.159804	0.2255	0.1731	0.0710	0.0160	0.1369	0.0683	0.3781
000231	Q	0.046141	0.222888	0.152134	0.1349	0.1823	0.0750	0.0170	0.1101	0.0654	0.3725
000232	R	0.023596	0.181962	0.148312	0.1416	0.2503	0.0710	0.0190	0.1115	0.0773	0.3688
000233	V	0.016473	0.149838	0.142648	0.1292	0.2258	0.0640	0.0200	0.0975	0.0706	0.3671
000234	L	0.003514	0.139483	0.141788	0.1495	0.2609	0.0580	0.0190	0.1019	0.0838	0.3658
000235	D	0.004474	0.119800	0.138541	0.1416	0.2575	0.0540	0.0170	0.0962	0.0823	0.3625
000236	A	0.005628	0.106223	0.135550	0.1380	0.2258	0.0490	0.0170	0.0874	0.0737	0.3542
000237	L	0.006339	0.115407	0.133177	0.1178	0.1373	0.0460	0.0160	0.0704	0.0539	0.3481
000238	F	0.006375	0.111164	0.132117	0.1456	0.2193	0.0440	0.0130	0.0878	0.0727	0.3384
000239	P	0.006205	0.115774	0.130733	0.1416	0.2884	0.0390	0.0110	0.0986	0.0924	0.3224
000240	C	0.005933	0.138818	0.127719	0.1667	0.2541	0.0420	0.0110	0.1013	0.0840	0.3090
000241	V	0.005429	0.145054	0.123944	0.1602	0.1611	0.0420	0.0130	0.0857	0.0639	0.3056
000242	Q	0.005260	0.160241	0.119918	0.1240	0.1554	0.0500	0.0160	0.0824	0.0599	0.3055
000243	G	0.005075	0.178468	0.115905	0.0660	0.1048	0.0600	0.0190	0.0691	0.0572	0.3067
000244	G	0.004042	0.214575	0.117026	0.0965	0.1449	0.0640	0.0190	0.0874	0.0682	0.3052
000245	T	0.005573	0.217592	0.114854	0.0677	0.2064	0.0790	0.0240	0.0960	0.0781	0.3034
000246	T	0.006361	0.223488	0.105034	0.0607	0.2002	0.0790	0.0230	0.0950	0.0785	0.3003
000247	A	0.017495	0.247623	0.099484	0.0723	0.1759	0.0930	0.0330	0.1010	0.0763	0.2986
000248	I	0.042784	0.266370	0.095749	0.1041	0.1671	0.0800	0.0360	0.1101	0.0746	0.2978
000249	P	0.055025	0.251049	0.091917	0.1150	0.2609	0.0670	0.0290	0.1248	0.0855	0.2993
000250	G	0.070885	0.244561	0.089260	0.0621	0.2399	0.0820	0.0350	0.1165	0.0802	0.3040
000251	A	0.080398	0.233520	0.086798	0.1178	0.3117	0.0880	0.0360	0.1385	0.0895	0.3086
000252	F	0.081389	0.203644	0.083246	0.1698	0.2988	0.0990	0.0330	0.1421	0.0797	0.3081
000253	G	0.083133	0.186928	0.080919	0.1635	0.2918	0.0870	0.0230	0.1355	0.0773	0.3003
000254	C	0.082021	0.195344	0.079658	0.1178	0.2884	0.0840	0.0200	0.1279	0.0783	0.2924
000255	G	0.086311	0.224637	0.079875	0.1205	0.2034	0.0900	0.0280	0.1209	0.0597	0.2931
000256	K	0.075241	0.241307	0.078154	0.1178	0.1969	0.1230	0.0480	0.1258	0.0623	0.2960
000257	T	0.049999	0.261854	0.078473	0.0771	0.2002	0.1400	0.0420	0.1215	0.0766	0.3035
000258	V	0.037797	0.303320	0.082734	0.0965	0.2258	0.1630	0.0490	0.1377	0.0918	0.3098
000259	I	0.027657	0.335624	0.086442	0.1456	0.3182	0.1920	0.0600	0.1699	0.1138	0.3122
000260	S	0.018166	0.398341	0.089575	0.1205	0.2364	0.2240	0.0650	0.1662	0.1238	0.3123
000261	Q	0.018080	0.479717	0.091531	0.1349	0.1671	0.2480	0.0700	0.1746	0.1481	0.3136
000262	S	0.017215	0.547074	0.098107	0.1240	0.1323	0.2520	0.0580	0.1788	0.1726	0.3196
000263	L	0.016065	0.569071	0.104218	0.1456	0.1424	0.2690	0.0610	0.1904	0.1788	0.3272
000264	S	0.010715	0.584271	0.113442	0.1088	0.1028	0.2160	0.0430	0.1704	0.1873	0.3345
000265	K	0.012359	0.558849	0.125651	0.1380	0.1528	0.2100	0.0300	0.1786	0.1724	0.3424
000266	Y	0.036723	0.522129	0.136066	0.1018	0.1048	0.2200	0.0400	0.1643	0.1611	0.3481
000267	S	0.056402	0.463584	0.146272	0.1060	0.1070	0.1940	0.0580	0.1545	0.1363	0.3464
000268	N	0.068264	0.396255	0.159188	0.0701	0.1137	0.1680	0.0680	0.1361	0.1145	0.3422
000269	S	0.094115	0.330689	0.175259	0.1041	0.1554	0.1420	0.0560	0.1377	0.0837	0.3449
000270	D	0.128350	0.256488	0.186101	0.1635	0.2258	0.1330	0.0490	0.1512	0.0561	0.3492
000271	V	0.162585	0.197951	0.197012	0.1566	0.2364	0.1310	0.0430	0.1474	0.0475	0.3521
000272	I	0.224678	0.152044	0.212577	0.1566	0.2470	0.1310	0.0540	0.1520	0.0554	0.3520
000273	I	0.305630	0.144435	0.224956	0.1566	0.2064	0.1370	0.0540	0.1583	0.0696	0.3469
000274	Y	0.378198	0.145618	0.236983	0.2255	0.2783	0.1500	0.0410	0.1962	0.0886	0.3424
000275	V	0.426569	0.143816	0.243432	0.1998	0.2988	0.1680	0.0380	0.2061	0.1032	0.3384
000276	G	0.466060	0.169370	0.249512	0.2080	0.2399	0.1820	0.0450	0.2110	0.1080	0.3326
000277	C	0.491275	0.227256	0.255840	0.2963	0.2503	0.2060	0.0620	0.2452	0.1042	0.3288
000278	G	0.521313	0.285881	0.262591	0.2385	0.2503	0.2040	0.0640	0.2500	0.1135	0.3368
000279	E	0.566826	0.334410	0.272983	0.1805	0.2541	0.2030	0.0660	0.2565	0.1362	0.3478
000280	R	0.612073	0.409632	0.289625	0.1732	0.1611	0.2230	0.0730	0.2631	0.1654	0.3543
000281	G	0.635229	0.486404	0.309145	0.1766	0.1731	0.2710	0.1050	0.2904	0.1755	0.3633
000282	N	0.640811	0.501001	0.327115	0.1532	0.2399	0.2960	0.1180	0.3052	0.1727	0.3760
000283	E	0.658630	0.516516	0.348132	0.2333	0.2436	0.2850	0.1150	0.3228	0.1667	0.3948
000284	M	0.680521	0.536439	0.369984	0.3053	0.3249	0.2830	0.1150	0.3551	0.1568	0.4172
000285	S	0.718317	0.501134	0.387778	0.3096	0.3704	0.2600	0.1070	0.3600	0.1642	0.4335
000286	E	0.766309	0.453382	0.403219	0.3717	0.4476	0.2520	0.1000	0.3818	0.1706	0.4136
000287	V	0.806098	0.447162	0.419527	0.3399	0.3840	0.2270	0.0890	0.3674	0.1925	0.3945
000288	L	0.819304	0.428761	0.434365	0.4282	0.4685	0.2000	0.0700	0.3908	0.1961	0.3794
000289	R	0.836927	0.400108	0.444298	0.3717	0.4652	0.1920	0.0620	0.3776	0.2075	0.3728
000290	D	0.846488	0.403531	0.454322	0.3668	0.4441	0.2050	0.0610	0.3776	0.2085	0.3685
000291	F	0.852286	0.402970	0.464384	0.3762	0.3807	0.2140	0.0640	0.3710	0.2106	0.3685
000292	P	0.851761	0.392984	0.467573	0.3668	0.3983	0.2000	0.0660	0.3684	0.2134	0.3752
000293	E	0.841167	0.372572	0.464432	0.3146	0.3872	0.2100	0.0750	0.3543	0.2133	0.3835
000294	L	0.833241	0.393927	0.463762	0.3146	0.2918	0.2280	0.0810	0.3436	0.2135	0.3943
000295	T	0.833412	0.398985	0.459417	0.3456	0.2988	0.2320	0.0860	0.3514	0.2095	0.4079
000296	M	0.826328	0.395245	0.449361	0.2700	0.2951	0.2570	0.1010	0.3407	0.2100	0.4171
000297	E	0.817206	0.422710	0.444814	0.2292	0.2783	0.2710	0.1130	0.3364	0.2120	0.4319
000298	V	0.807637	0.452912	0.438687	0.2786	0.3460	0.2650	0.1180	0.3583	0.1969	0.4208
000299	D	0.797878	0.469945	0.430202	0.3399	0.3910	0.2710	0.1190	0.3782	0.1828	0.4063
000300	G	0.769729	0.481286	0.420268	0.3491	0.3182	0.2850	0.1150	0.3672	0.1767	0.3927
000301	K	0.750157	0.517724	0.412621	0.3053	0.2503	0.2920	0.1100	0.3526	0.1850	0.3838
000302	V	0.742589	0.498224	0.402402	0.3225	0.3215	0.2880	0.1080	0.3621	0.1701	0.3812
000303	E	0.729336	0.456718	0.388270	0.2333	0.3053	0.2600	0.0930	0.3308	0.1794	0.3799
000304	S	0.669164	0.422739	0.376465	0.1921	0.2951	0.2600	0.0830	0.3065	0.1660	0.3755
000305	I	0.638778	0.394352	0.365892	0.2657	0.3667	0.2510	0.0790	0.3195	0.1411	0.3706
000306	M	0.599035	0.363666	0.359612	0.2657	0.3704	0.2530	0.0900	0.3087	0.1282	0.3656
000307	K	0.551324	0.341488	0.352460	0.3005	0.3704	0.2410	0.1010	0.3008	0.1122	0.3586
000308	R	0.537287	0.352713	0.346011	0.2865	0.3840	0.2260	0.0920	0.2978	0.1121	0.3593
000309	T	0.555025	0.349793	0.338065	0.3053	0.3840	0.2280	0.0810	0.3037	0.1145	0.3626
000310	A	0.565571	0.336160	0.326028	0.3225	0.3460	0.2530	0.0850	0.3038	0.1117	0.3683
000311	L	0.559255	0.335466	0.308980	0.2558	0.3149	0.2810	0.0900	0.2910	0.1127	0.3771
000312	V	0.579548	0.341000	0.288774	0.2292	0.3215	0.3040	0.1200	0.2959	0.1209	0.3794
000313	A	0.630113	0.350362	0.268421	0.2432	0.3983	0.3590	0.1440	0.3302	0.1337	0.3747
000314	N	0.668244	0.372559	0.245463	0.2385	0.3529	0.3810	0.1480	0.3355	0.1483	0.3735
000315	T	0.727159	0.398326	0.221542	0.2531	0.3494	0.4470	0.1400	0.3624	0.1700	0.3762
000316	S	0.791850	0.405836	0.200701	0.2820	0.3529	0.5110	0.1270	0.3906	0.1937	0.3787
000317	N	0.818899	0.432325	0.183004	0.3146	0.3053	0.4960	0.1290	0.3946	0.2045	0.3826
000318	M	0.841824	0.425845	0.167872	0.2483	0.3149	0.4890	0.1230	0.3867	0.2204	0.3910
000319	P	0.862571	0.401695	0.149481	0.1698	0.3149	0.4370	0.1260	0.3643	0.2385	0.3940
000320	V	0.899077	0.391844	0.131880	0.1698	0.2292	0.3940	0.1260	0.3473	0.2583	0.3939
000321	A	0.902757	0.394204	0.116670	0.1921	0.2645	0.3240	0.1170	0.3462	0.2568	0.3917
000322	A	0.915031	0.334632	0.101338	0.1878	0.2609	0.2620	0.1130	0.3267	0.2661	0.3878
000323	R	0.866930	0.309881	0.093716	0.2483	0.3149	0.2090	0.1020	0.3248	0.2473	0.3907
000324	E	0.804537	0.306890	0.089259	0.2041	0.3667	0.1650	0.0830	0.3078	0.2342	0.3975
000325	A	0.730231	0.270158	0.083689	0.1998	0.2715	0.1390	0.0680	0.2685	0.2117	0.4031
000326	S	0.656202	0.243665	0.079465	0.2167	0.1671	0.1210	0.0500	0.2341	0.1914	0.4072
000327	I	0.579937	0.233419	0.077297	0.1380	0.1702	0.1010	0.0300	0.2038	0.1705	0.4141
000328	Y	0.481865	0.212360	0.071712	0.0832	0.1731	0.0870	0.0210	0.1729	0.1430	0.4192
000329	T	0.378583	0.204330	0.068697	0.1060	0.1731	0.0780	0.0200	0.1566	0.1067	0.4250
000330	G	0.280009	0.197807	0.064633	0.0965	0.1501	0.0790	0.0210	0.1339	0.0763	0.4316
000331	I	0.186935	0.181609	0.057686	0.1088	0.1275	0.0870	0.0310	0.1153	0.0480	0.4285
000332	T	0.139239	0.177179	0.055442	0.1322	0.1528	0.0890	0.0390	0.1151	0.0416	0.4241
000333	L	0.098097	0.188529	0.056666	0.0965	0.1323	0.0980	0.0510	0.1022	0.0418	0.4171
000334	S	0.067704	0.205736	0.059896	0.0909	0.1275	0.0980	0.0530	0.0984	0.0498	0.4162
000335	E	0.051736	0.209422	0.062436	0.0526	0.0929	0.1090	0.0610	0.0859	0.0558	0.4178
000336	Y	0.033471	0.222153	0.065052	0.0677	0.0888	0.1220	0.0610	0.0891	0.0618	0.4232
000337	F	0.038114	0.246690	0.071158	0.0526	0.0749	0.1310	0.0640	0.0906	0.0717	0.4292
000338	R	0.052132	0.260106	0.080714	0.0677	0.1251	0.1170	0.0520	0.1037	0.0702	0.4237
000339	D	0.066327	0.273111	0.088301	0.0991	0.1914	0.1190	0.0480	0.1249	0.0729	0.4109
000340	M	0.072554	0.286538	0.096420	0.1041	0.1914	0.1530	0.0710	0.1346	0.0740	0.3943
000341	G	0.077815	0.296101	0.102192	0.1041	0.1881	0.1430	0.0620	0.1349	0.0755	0.3789
000342	Y	0.083268	0.299726	0.107657	0.1602	0.2645	0.1560	0.0650	0.1606	0.0806	0.3656
000343	H	0.094484	0.332798	0.115665	0.1602	0.1702	0.1560	0.0510	0.1522	0.0792	0.3573
000344	V	0.105667	0.366016	0.123176	0.2209	0.2094	0.2190	0.0950	0.1868	0.0870	0.3442
000345	S	0.114341	0.385484	0.129926	0.1322	0.2258	0.2710	0.1130	0.1881	0.0993	0.3306
000346	M	0.143609	0.412022	0.137923	0.1018	0.1823	0.3100	0.1310	0.1917	0.1126	0.3198
000347	M	0.157804	0.460817	0.144273	0.1766	0.1914	0.3360	0.1310	0.2204	0.1180	0.3130
000348	A	0.177059	0.475244	0.152082	0.2292	0.2884	0.3220	0.1120	0.2487	0.1104	0.3103
000349	D	0.213830	0.469322	0.161720	0.1667	0.3053	0.3230	0.1050	0.2464	0.1108	0.3142
000350	S	0.243580	0.499489	0.172418	0.1566	0.2094	0.3190	0.0780	0.2381	0.1202	0.3178
000351	T	0.271466	0.485193	0.178109	0.2041	0.2470	0.3190	0.0760	0.2545	0.1050	0.3250
000352	S	0.290382	0.467433	0.184930	0.1380	0.2470	0.2950	0.0720	0.2396	0.1087	0.3303
000353	R	0.319889	0.447222	0.194170	0.2167	0.3321	0.3050	0.0810	0.2702	0.0890	0.3328
000354	W	0.349397	0.451554	0.202707	0.2167	0.2541	0.2940	0.0720	0.2609	0.0919	0.3309
000355	A	0.366053	0.441792	0.211522	0.2820	0.2817	0.2870	0.0680	0.2764	0.0814	0.3333
000356	E	0.399625	0.419479	0.220532	0.2122	0.2988	0.3080	0.0720	0.2731	0.0874	0.3401
000357	A	0.417500	0.430038	0.227616	0.2167	0.2918	0.3020	0.0820	0.2764	0.0916	0.3459
000358	L	0.430096	0.429734	0.233852	0.2602	0.3529	0.2690	0.0750	0.2903	0.0889	0.3528
000359	R	0.448478	0.412313	0.235869	0.2531	0.3529	0.2780	0.0700	0.2908	0.0895	0.3518
000360	E	0.484302	0.414327	0.241755	0.2700	0.3494	0.2980	0.0680	0.3027	0.0935	0.3482
000361	I	0.544916	0.436076	0.249705	0.2333	0.3494	0.3220	0.0930	0.3143	0.1155	0.3445
000362	S	0.587078	0.441235	0.255705	0.2385	0.3426	0.3140	0.0920	0.3206	0.1272	0.3383
000363	G	0.620211	0.452801	0.262230	0.2385	0.2575	0.3080	0.0860	0.3128	0.1445	0.3322
000364	R	0.641103	0.487114	0.271177	0.2385	0.2817	0.3170	0.0990	0.3276	0.1511	0.3301
000365	L	0.659564	0.494670	0.278137	0.2602	0.3460	0.3000	0.0950	0.3434	0.1505	0.3308
000366	A	0.697552	0.502569	0.285323	0.3225	0.2918	0.2470	0.0570	0.3435	0.1666	0.3270
000367	E	0.730096	0.539457	0.298829	0.2786	0.2034	0.2210	0.0520	0.3287	0.1984	0.3256
000368	M	0.764020	0.543970	0.308845	0.2292	0.2328	0.2130	0.0640	0.3306	0.2111	0.3282
000369	P	0.775272	0.534361	0.314990	0.2333	0.2783	0.1810	0.0620	0.3337	0.2129	0.3293
000370	A	0.769119	0.528086	0.321384	0.2333	0.2783	0.1710	0.0550	0.3299	0.2120	0.3336
000371	D	0.712800	0.523421	0.323479	0.1878	0.1881	0.1580	0.0390	0.2951	0.2118	0.3401
000372	S	0.636988	0.498603	0.326436	0.2602	0.2364	0.1380	0.0260	0.2950	0.1773	0.3504
000373	G	0.570460	0.474936	0.328205	0.1958	0.2364	0.1310	0.0270	0.2681	0.1648	0.3620
000374	Y	0.497252	0.455357	0.328900	0.1698	0.1424	0.1270	0.0340	0.2319	0.1595	0.3758
000375	P	0.417014	0.443973	0.327342	0.1766	0.0870	0.1050	0.0290	0.2049	0.1538	0.3935
000376	A	0.335796	0.402273	0.328518	0.1667	0.1476	0.1030	0.0250	0.1925	0.1250	0.4100
000377	Y	0.259961	0.363331	0.331662	0.1322	0.1731	0.1040	0.0280	0.1720	0.1126	0.4302
000378	L	0.193517	0.345255	0.336962	0.1349	0.1349	0.1080	0.0280	0.1528	0.1119	0.4206
000379	G	0.115619	0.330052	0.339770	0.1698	0.1702	0.1230	0.0320	0.1514	0.1081	0.4114
000380	A	0.083459	0.300702	0.343906	0.1205	0.1501	0.1480	0.0340	0.1339	0.1119	0.4025
000381	R	0.085557	0.297089	0.346048	0.1416	0.1298	0.1610	0.0310	0.1358	0.1106	0.3955
000382	L	0.081748	0.321982	0.348924	0.1380	0.1184	0.1760	0.0340	0.1394	0.1172	0.3883
000383	A	0.077697	0.329312	0.355990	0.1041	0.0851	0.1990	0.0550	0.1325	0.1285	0.3894
000384	S	0.077106	0.335814	0.363089	0.1018	0.0531	0.2110	0.0780	0.1298	0.1372	0.3889
000385	F	0.107138	0.374084	0.371697	0.1150	0.0929	0.2200	0.0850	0.1515	0.1351	0.3888
000386	Y	0.133935	0.375133	0.379620	0.0660	0.0851	0.2110	0.0770	0.1451	0.1427	0.3984
000387	E	0.167919	0.352090	0.383005	0.0789	0.1184	0.1940	0.0670	0.1519	0.1304	0.4115
000388	R	0.227129	0.368589	0.392654	0.1266	0.2002	0.1920	0.0610	0.1857	0.1167	0.4269
000389	A	0.297812	0.382520	0.403000	0.1958	0.2752	0.1910	0.0560	0.2238	0.1059	0.4270
000390	G	0.360304	0.389966	0.415070	0.2122	0.2918	0.1960	0.0590	0.2418	0.1091	0.4164
000391	R	0.424991	0.380079	0.424428	0.2531	0.3182	0.2020	0.0630	0.2631	0.1102	0.4064
000392	V	0.506455	0.406704	0.438027	0.2700	0.3149	0.1980	0.0610	0.2826	0.1278	0.3969
000393	K	0.586299	0.425468	0.447975	0.3399	0.3286	0.2020	0.0550	0.3137	0.1403	0.3852
000394	C	0.627399	0.446765	0.453520	0.3717	0.3566	0.2280	0.0520	0.3384	0.1427	0.3805
000395	L	0.667386	0.476301	0.457142	0.3096	0.2783	0.2440	0.0530	0.3293	0.1646	0.3715
000396	G	0.693542	0.506279	0.458905	0.3885	0.3249	0.2950	0.0690	0.3679	0.1533	0.3603
000397	N	0.704277	0.519584	0.456837	0.4037	0.4119	0.3180	0.0930	0.3930	0.1432	0.3564
000398	P	0.706771	0.539414	0.442966	0.3311	0.3667	0.2840	0.0990	0.3714	0.1608	0.3578
000399	E	0.727650	0.548991	0.430028	0.3359	0.3053	0.2790	0.1060	0.3661	0.1735	0.3595
000400	R	0.759415	0.558127	0.420294	0.3399	0.3321	0.3180	0.1100	0.3846	0.1737	0.3598
000401	E	0.780390	0.557323	0.414130	0.2820	0.3566	0.3070	0.1040	0.3806	0.1861	0.3593
000402	G	0.796956	0.550826	0.411119	0.2820	0.3872	0.3040	0.1020	0.3869	0.1886	0.3585
000403	S	0.810896	0.557152	0.410742	0.3668	0.4476	0.2860	0.1010	0.4115	0.1824	0.3576
000404	V	0.826434	0.527509	0.408099	0.3992	0.4507	0.2720	0.0990	0.4127	0.1852	0.3566
000405	S	0.842860	0.491468	0.402010	0.4651	0.5254	0.2630	0.0970	0.4313	0.1880	0.3528
000406	I	0.847508	0.478086	0.400527	0.5296	0.4901	0.2380	0.0840	0.4306	0.1946	0.3530
000407	V	0.868419	0.476921	0.395911	0.5473	0.4864	0.2190	0.0690	0.4331	0.2059	0.3534
000408	G	0.869408	0.458930	0.388559	0.4651	0.4864	0.2410	0.0650	0.4202	0.2011	0.3495
000409	A	0.864240	0.470529	0.379084	0.4420	0.4864	0.2600	0.0590	0.4205	0.1966	0.3443
000410	V	0.844988	0.508094	0.369127	0.4420	0.4051	0.3000	0.0640	0.4167	0.1864	0.3386
000411	S	0.836133	0.526336	0.354715	0.4651	0.4087	0.3370	0.0850	0.4288	0.1785	0.3318
000412	P	0.813179	0.549532	0.346046	0.3847	0.3872	0.3750	0.0930	0.4182	0.1744	0.3270
000413	P	0.810008	0.581128	0.340858	0.3847	0.3566	0.3730	0.1050	0.4175	0.1796	0.3216
000414	G	0.805452	0.623934	0.328592	0.3847	0.3667	0.3800	0.1040	0.4269	0.1823	0.3161
000415	G	0.793016	0.653978	0.312274	0.4149	0.3460	0.3670	0.0880	0.4292	0.1860	0.3122
000416	D	0.768672	0.643476	0.294364	0.4116	0.3494	0.3740	0.0850	0.4246	0.1787	0.3112
000417	F	0.748319	0.572864	0.276833	0.3939	0.3494	0.4210	0.0940	0.4143	0.1634	0.3074
000418	S	0.658940	0.576857	0.262371	0.4556	0.3460	0.3850	0.1150	0.4037	0.1423	0.3038
000419	D	0.569341	0.537108	0.242364	0.3717	0.3566	0.3840	0.1090	0.3697	0.1186	0.3038
000420	P	0.472109	0.501198	0.222353	0.3359	0.3286	0.3060	0.0990	0.3240	0.1034	0.3027
000421	V	0.402446	0.433269	0.204693	0.4116	0.2849	0.2700	0.0950	0.3004	0.0920	0.3040
000422	T	0.311388	0.362561	0.185433	0.3456	0.1881	0.2190	0.0720	0.2377	0.0798	0.3082
000423	S	0.224892	0.279622	0.161434	0.2292	0.1643	0.1940	0.0690	0.1821	0.0491	0.3158
000424	A	0.155241	0.217932	0.143063	0.1322	0.0909	0.2100	0.0850	0.1343	0.0501	0.3254
000425	T	0.082381	0.170538	0.128215	0.1322	0.0967	0.1440	0.0510	0.1044	0.0362	0.3383
000426	L	0.009592	0.126910	0.112117	0.0813	0.0948	0.1260	0.0480	0.0731	0.0443	0.3539
000427	G	0.001050	0.092482	0.097680	0.0771	0.0835	0.0870	0.0270	0.0568	0.0367	0.3644
000428	I	0.001176	0.066166	0.087056	0.1266	0.1007	0.0700	0.0210	0.0608	0.0414	0.3758
000429	V	0.004797	0.056165	0.081387	0.1240	0.0851	0.0560	0.0120	0.0544	0.0387	0.3882
000430	Q	0.006795	0.046698	0.074407	0.0660	0.0851	0.0550	0.0190	0.0433	0.0280	0.3963
000431	V	0.006695	0.042728	0.067553	0.0441	0.0704	0.0620	0.0210	0.0377	0.0245	0.4039
000432	F	0.006953	0.049435	0.057796	0.0701	0.0985	0.0690	0.0280	0.0490	0.0293	0.4068
000433	W	0.007293	0.058007	0.049465	0.0660	0.0967	0.0840	0.0280	0.0520	0.0296	0.4012
000434	G	0.007602	0.091392	0.039396	0.0643	0.0494	0.1220	0.0420	0.0557	0.0372	0.3839
000435	L	0.007925	0.158302	0.032642	0.0744	0.0719	0.1550	0.0610	0.0778	0.0568	0.3666
000436	D	0.009544	0.207704	0.028190	0.0376	0.0676	0.1820	0.0790	0.0841	0.0775	0.3446
000437	K	0.010570	0.254586	0.022438	0.0744	0.0749	0.2030	0.0950	0.1029	0.0910	0.3179
000438	K	0.008081	0.322791	0.018003	0.0677	0.0817	0.2130	0.1050	0.1155	0.1132	0.2967
000439	L	0.016062	0.380265	0.013640	0.0701	0.0719	0.2350	0.1120	0.1289	0.1337	0.2788
000440	A	0.016075	0.395662	0.010767	0.1088	0.0646	0.2480	0.1120	0.1389	0.1390	0.2621
000441	Q	0.016044	0.405192	0.008695	0.0478	0.0349	0.2510	0.1080	0.1258	0.1494	0.2506
000442	R	0.022842	0.401388	0.006007	0.0405	0.0506	0.2430	0.0940	0.1264	0.1458	0.2414
000443	K	0.028198	0.349310	0.001317	0.0395	0.0568	0.2240	0.0740	0.1163	0.1267	0.2354
000444	H	0.027894	0.288746	-0.003954	0.0643	0.1048	0.1930	0.0550	0.1132	0.1006	0.2372
000445	F	0.026411	0.230683	-0.007617	0.0350	0.1007	0.1650	0.0480	0.0929	0.0837	0.2432
000446	P	0.025387	0.191801	-0.008938	0.0567	0.0985	0.1170	0.0340	0.0815	0.0654	0.2457
000447	S	0.024324	0.174952	-0.009829	0.0542	0.0704	0.0910	0.0330	0.0691	0.0579	0.2506
000448	V	0.014399	0.166539	-0.010753	0.0308	0.0734	0.0800	0.0300	0.0609	0.0576	0.2617
000449	N	0.014184	0.151354	-0.011382	0.0252	0.0618	0.0660	0.0210	0.0531	0.0522	0.2695
000450	W	0.013935	0.139089	-0.010498	0.0425	0.0618	0.0620	0.0200	0.0532	0.0470	0.2771
000451	L	0.006719	0.136935	-0.008214	0.0455	0.0799	0.0580	0.0170	0.0546	0.0479	0.2769
000452	I	0.001092	0.125317	-0.005342	0.0252	0.0835	0.0610	0.0160	0.0494	0.0465	0.2695
000453	S	0.001046	0.124743	-0.001022	0.0268	0.0483	0.0600	0.0130	0.0435	0.0427	0.2601
000454	Y	0.000878	0.141274	0.003505	0.0279	0.0294	0.0630	0.0160	0.0437	0.0479	0.2511
000455	S	0.000575	0.147599	0.009027	0.0160	0.0320	0.0650	0.0200	0.0435	0.0504	0.2399
000456	K	0.000391	0.151814	0.018871	0.0218	0.0605	0.0710	0.0200	0.0510	0.0502	0.2320
000457	Y	0.000686	0.179999	0.027818	0.0179	0.0506	0.0820	0.0210	0.0553	0.0598	0.2282
000458	M	0.000882	0.229655	0.037255	0.0173	0.0258	0.0970	0.0210	0.0618	0.0786	0.2233
000459	R	0.001099	0.261314	0.046981	0.0297	0.0398	0.1180	0.0260	0.0751	0.0877	0.2124
000460	A	0.001356	0.303036	0.057204	0.0137	0.0405	0.1280	0.0300	0.0811	0.1037	0.2046
000461	L	0.001596	0.333961	0.066948	0.0308	0.0380	0.1450	0.0390	0.0916	0.1132	0.1960
000462	D	0.001684	0.345181	0.075333	0.0587	0.0414	0.1480	0.0440	0.0991	0.1140	0.1933
000463	E	0.001799	0.328355	0.084983	0.0554	0.0851	0.1390	0.0450	0.1015	0.1044	0.1932
000464	Y	0.002550	0.299364	0.094352	0.0376	0.0518	0.1300	0.0420	0.0869	0.0982	0.1967
000465	Y	0.003283	0.281447	0.105892	0.0832	0.0888	0.1090	0.0300	0.0943	0.0855	0.2007
000466	D	0.003786	0.254841	0.117588	0.0490	0.0929	0.0930	0.0240	0.0822	0.0801	0.2017
000467	K	0.005410	0.239140	0.128941	0.0455	0.0929	0.0930	0.0310	0.0792	0.0764	0.2007
000468	H	0.007037	0.228779	0.142318	0.0771	0.1275	0.1080	0.0460	0.0914	0.0711	0.1988
000469	F	0.008418	0.219927	0.152420	0.0909	0.1528	0.1150	0.0440	0.0978	0.0698	0.1949
000470	T	0.008580	0.203755	0.165123	0.0744	0.1671	0.1190	0.0470	0.0954	0.0710	0.1910
000471	E	0.012348	0.218672	0.182839	0.0832	0.1275	0.1270	0.0530	0.0947	0.0732	0.1869
000472	F	0.048923	0.242049	0.195442	0.1495	0.1251	0.1400	0.0580	0.1177	0.0681	0.1842
000473	V	0.082922	0.242489	0.207770	0.0965	0.1251	0.1530	0.0620	0.1167	0.0672	0.1814
000474	P	0.152291	0.240248	0.221275	0.0554	0.1251	0.1430	0.0490	0.1193	0.0716	0.1785
000475	L	0.222015	0.268290	0.241703	0.0965	0.2064	0.1380	0.0480	0.1553	0.0719	0.1739
000476	R	0.304622	0.293031	0.259991	0.1635	0.3053	0.1510	0.0540	0.2029	0.0780	0.1695
000477	T	0.387409	0.304670	0.272765	0.1732	0.3019	0.1790	0.0750	0.2244	0.0876	0.1692
000478	K	0.467378	0.365818	0.290557	0.1921	0.2292	0.1870	0.0740	0.2403	0.1119	0.1710
000479	A	0.553643	0.445424	0.308493	0.2122	0.2002	0.2100	0.0980	0.2703	0.1439	0.1755
000480	K	0.638206	0.470084	0.323105	0.2292	0.3215	0.2410	0.1310	0.3167	0.1529	0.1820
000481	E	0.684124	0.489383	0.339771	0.2080	0.2364	0.2520	0.1180	0.3116	0.1785	0.1937
000482	I	0.733192	0.536017	0.358077	0.2080	0.1671	0.2620	0.0820	0.3177	0.2080	0.2054
000483	L	0.731402	0.526463	0.377247	0.2167	0.2817	0.2610	0.0580	0.3362	0.1902	0.2172
000484	Q	0.691552	0.527989	0.390453	0.2167	0.2680	0.2500	0.0530	0.3258	0.1825	0.2246
000485	E	0.675636	0.541417	0.402898	0.1878	0.1823	0.2280	0.0730	0.3026	0.1998	0.2369
000486	E	0.663590	0.524758	0.414730	0.1921	0.2609	0.2310	0.1030	0.3121	0.1839	0.2495
000487	E	0.664594	0.471972	0.419742	0.1380	0.2541	0.2050	0.0840	0.2890	0.1926	0.2600
000488	D	0.657428	0.424349	0.428124	0.1456	0.2193	0.1950	0.0770	0.2736	0.1913	0.2634
000489	L	0.655584	0.397832	0.436615	0.1456	0.2224	0.1790	0.0730	0.2668	0.1921	0.2631
000490	A	0.663193	0.340346	0.439144	0.1456	0.1759	0.1700	0.0630	0.2492	0.1992	0.2573
000491	E	0.673083	0.299393	0.437794	0.1602	0.1554	0.1650	0.0580	0.2423	0.2030	0.2536
000492	I	0.681121	0.288911	0.435190	0.0909	0.1554	0.1530	0.0440	0.2282	0.2166	0.2472
000493	V	0.717259	0.252815	0.431207	0.1205	0.2292	0.1280	0.0260	0.2413	0.2199	0.2418
000494	Q	0.696936	0.221708	0.426311	0.1921	0.3182	0.1110	0.0140	0.2567	0.2053	0.2350
000495	L	0.635915	0.230465	0.420294	0.1805	0.3053	0.1040	0.0130	0.2427	0.1885	0.2336
000496	V	0.613196	0.264178	0.412703	0.1878	0.2064	0.0940	0.0200	0.2276	0.1844	0.2232
000497	G	0.588412	0.285577	0.404980	0.1602	0.1942	0.0940	0.0240	0.2205	0.1798	0.2114
000498	K	0.515420	0.295696	0.397400	0.0884	0.1206	0.1010	0.0280	0.1868	0.1759	0.2013
000499	A	0.428644	0.332923	0.387888	0.0789	0.1251	0.1190	0.0460	0.1807	0.1554	0.1989
000500	S	0.337823	0.348902	0.380972	0.0771	0.1373	0.1450	0.0660	0.1743	0.1364	0.1996
000501	L	0.263220	0.368571	0.371112	0.1018	0.1373	0.1620	0.0690	0.1722	0.1243	0.2004
000502	A	0.196845	0.394865	0.356951	0.0567	0.1229	0.1470	0.0490	0.1531	0.1367	0.1972
000503	E	0.151907	0.407795	0.347010	0.0813	0.1229	0.1450	0.0410	0.1515	0.1352	0.1918
000504	T	0.153755	0.415515	0.337513	0.1178	0.1092	0.1560	0.0310	0.1587	0.1304	0.1855
000505	D	0.106393	0.421210	0.327202	0.0677	0.0985	0.1480	0.0350	0.1403	0.1426	0.1805
000506	K	0.059825	0.366263	0.311190	0.0677	0.1583	0.1340	0.0440	0.1310	0.1276	0.1698
000507	I	0.052722	0.327899	0.296019	0.1060	0.2193	0.1190	0.0430	0.1376	0.1130	0.1659
000508	T	0.060135	0.295375	0.285650	0.1060	0.1275	0.0940	0.0430	0.1138	0.1049	0.1652
000509	L	0.067901	0.250916	0.268874	0.1240	0.0817	0.0800	0.0450	0.1007	0.0942	0.1697
000510	E	0.068542	0.220145	0.252838	0.0832	0.1048	0.0580	0.0320	0.0891	0.0872	0.1734
000511	V	0.068283	0.211633	0.239692	0.0490	0.1137	0.0540	0.0310	0.0828	0.0860	0.1715
000512	A	0.065085	0.193060	0.224094	0.0909	0.1852	0.0560	0.0290	0.0983	0.0767	0.1722
000513	K	0.052454	0.183980	0.204150	0.1150	0.2129	0.0550	0.0280	0.1033	0.0750	0.1764
000514	L	0.040171	0.186269	0.183324	0.1041	0.1275	0.0760	0.0330	0.0889	0.0615	0.1834
000515	I	0.032403	0.206890	0.167597	0.1041	0.1275	0.0970	0.0460	0.0946	0.0619	0.1922
000516	K	0.026850	0.216828	0.151423	0.0514	0.1424	0.0820	0.0370	0.0866	0.0696	0.2007
000517	D	0.016039	0.236926	0.134053	0.0542	0.0888	0.0980	0.0430	0.0824	0.0731	0.2184
000518	D	0.005405	0.253647	0.118611	0.1205	0.1476	0.1280	0.0500	0.1092	0.0749	0.2322
000519	F	0.003062	0.248378	0.100653	0.0723	0.1449	0.1710	0.0630	0.1067	0.0792	0.2444
000520	L	0.002821	0.246512	0.082190	0.1240	0.1251	0.1750	0.0690	0.1123	0.0766	0.2464
000521	Q	0.002792	0.286539	0.069110	0.1150	0.0799	0.1650	0.0680	0.1082	0.0899	0.2465
000522	Q	0.002041	0.301997	0.059502	0.0965	0.1399	0.1480	0.0600	0.1148	0.0939	0.2576
000523	N	0.001820	0.280940	0.051468	0.0789	0.0888	0.1530	0.0650	0.1005	0.0895	0.2718
000524	G	0.001380	0.275039	0.045583	0.1041	0.0543	0.1500	0.0530	0.0975	0.0896	0.2913
000525	Y	0.000374	0.260150	0.039842	0.0965	0.0870	0.1330	0.0410	0.0961	0.0823	0.3113
000526	T	0.000311	0.213195	0.035292	0.0965	0.1424	0.1090	0.0290	0.0936	0.0696	0.3240
000527	P	0.000287	0.182240	0.031032	0.0991	0.1028	0.0860	0.0210	0.0785	0.0580	0.3391
000528	Y	0.000242	0.173419	0.025879	0.0884	0.0967	0.0710	0.0180	0.0716	0.0555	0.3444
000529	D	0.000183	0.153354	0.021677	0.0514	0.0719	0.0600	0.0150	0.0562	0.0484	0.3485
000530	R	0.000164	0.133689	0.017442	0.0935	0.0870	0.0530	0.0170	0.0612	0.0459	0.3517
000531	F	0.000132	0.120939	0.014862	0.1150	0.1349	0.0540	0.0180	0.0708	0.0532	0.3604
000532	C	0.000128	0.100882	0.012581	0.0660	0.1373	0.0470	0.0140	0.0585	0.0478	0.3638
000533	P	0.000115	0.086775	0.008831	0.0621	0.1028	0.0440	0.0110	0.0492	0.0377	0.3514
000534	F	0.000112	0.093758	0.007413	0.0621	0.0568	0.0470	0.0110	0.0433	0.0323	0.3342
000535	Y	0.000131	0.101317	0.007181	0.0490	0.0463	0.0470	0.0100	0.0406	0.0331	0.3090
000536	K	0.000126	0.094860	0.006588	0.0526	0.0414	0.0430	0.0100	0.0386	0.0313	0.2809
000537	T	0.000114	0.103493	0.005696	0.0455	0.0244	0.0420	0.0100	0.0360	0.0342	0.2632
000538	V	0.000122	0.108900	0.005067	0.0194	0.0214	0.0440	0.0110	0.0323	0.0367	0.2457
000539	G	0.001238	0.099345	0.004894	0.0194	0.0281	0.0420	0.0110	0.0317	0.0329	0.2311
000540	M	0.001894	0.097807	0.006159	0.0194	0.0227	0.0420	0.0110	0.0306	0.0323	0.2196
000541	L	0.003660	0.109501	0.007910	0.0128	0.0227	0.0420	0.0090	0.0317	0.0364	0.2082
000542	S	0.022141	0.107698	0.010227	0.0231	0.0433	0.0420	0.0110	0.0398	0.0319	0.1979
000543	N	0.039129	0.105047	0.012303	0.0363	0.0518	0.0500	0.0130	0.0471	0.0282	0.1909
000544	M	0.056090	0.116322	0.014925	0.0286	0.0287	0.0550	0.0150	0.0474	0.0333	0.1895
000545	I	0.075269	0.117039	0.017325	0.0425	0.0646	0.0510	0.0160	0.0584	0.0310	0.1904
000546	A	0.094092	0.109094	0.019541	0.0455	0.1092	0.0480	0.0170	0.0676	0.0350	0.1937
000547	F	0.115071	0.124141	0.021858	0.0490	0.1137	0.0540	0.0160	0.0760	0.0396	0.1977
000548	Y	0.135377	0.136876	0.024962	0.0502	0.0948	0.0750	0.0170	0.0820	0.0415	0.1954
000549	D	0.154040	0.145004	0.029166	0.0771	0.1449	0.0870	0.0160	0.1014	0.0458	0.1923
000550	M	0.178954	0.161050	0.033548	0.0607	0.1424	0.1140	0.0210	0.1095	0.0528	0.1920
000551	A	0.182841	0.203276	0.037187	0.0858	0.1852	0.1270	0.0340	0.1307	0.0602	0.1924
000552	R	0.192081	0.236860	0.041822	0.1349	0.2752	0.1400	0.0510	0.1632	0.0762	0.1949
000553	R	0.184138	0.298916	0.046848	0.1349	0.2680	0.2080	0.0880	0.1823	0.0839	0.1936
000554	A	0.193727	0.379719	0.053929	0.1322	0.1791	0.2760	0.1000	0.1934	0.1040	0.1893
000555	V	0.200171	0.448833	0.061285	0.1698	0.2193	0.3100	0.1000	0.2248	0.1211	0.1870
000556	E	0.184978	0.486564	0.069503	0.1635	0.2002	0.3370	0.1230	0.2287	0.1357	0.1804
000557	T	0.197937	0.528493	0.077250	0.1878	0.2292	0.3670	0.1280	0.2517	0.1459	0.1742
000558	T	0.234185	0.529738	0.083283	0.1805	0.2575	0.3630	0.1190	0.2608	0.1423	0.1727
000559	A	0.239064	0.501333	0.090829	0.2700	0.2609	0.3430	0.1340	0.2690	0.1239	0.1791
000560	Q	0.238739	0.497082	0.097301	0.1958	0.2541	0.3110	0.1430	0.2495	0.1233	0.1881
000561	S	0.236767	0.481131	0.106383	0.1732	0.3149	0.2510	0.1010	0.2428	0.1194	0.1957
000562	D	0.281338	0.433066	0.112286	0.2080	0.3460	0.2020	0.0560	0.2451	0.1062	0.2048
000563	N	0.256799	0.394939	0.119066	0.2167	0.3117	0.1720	0.0540	0.2254	0.0925	0.2136
000564	K	0.233880	0.347177	0.128022	0.2255	0.3117	0.1520	0.0600	0.2118	0.0812	0.2264
000565	I	0.229414	0.298408	0.136898	0.2385	0.3494	0.1360	0.0560	0.2086	0.0813	0.2433
000566	T	0.195503	0.254486	0.142616	0.3184	0.3321	0.1120	0.0550	0.2021	0.0864	0.2573
000567	W	0.140134	0.222387	0.146406	0.3096	0.2399	0.1020	0.0490	0.1690	0.0747	0.2801
000568	S	0.108746	0.196287	0.149440	0.2483	0.1643	0.0830	0.0370	0.1334	0.0599	0.3055
000569	I	0.086915	0.179520	0.152685	0.1878	0.1554	0.0720	0.0280	0.1136	0.0509	0.3272
000570	I	0.062897	0.170597	0.154786	0.1602	0.1184	0.0690	0.0240	0.0969	0.0503	0.3399
000571	R	0.009518	0.155053	0.157471	0.1456	0.1092	0.0670	0.0220	0.0810	0.0600	0.3485
000572	E	0.005307	0.155447	0.160252	0.0935	0.1115	0.0690	0.0220	0.0725	0.0593	0.3557
000573	H	0.003025	0.171275	0.168758	0.0935	0.0817	0.0730	0.0270	0.0705	0.0646	0.3605
000574	M	0.004051	0.188826	0.176220	0.0965	0.0719	0.0800	0.0330	0.0736	0.0698	0.3640
000575	G	0.006880	0.208085	0.187271	0.0789	0.0389	0.0850	0.0330	0.0697	0.0798	0.3635
000576	D	0.009843	0.250289	0.200558	0.1240	0.0618	0.0920	0.0320	0.0897	0.0879	0.3682
000577	I	0.017949	0.282356	0.210950	0.0771	0.0646	0.1010	0.0310	0.0905	0.0979	0.3731
000578	L	0.018948	0.304961	0.218884	0.1380	0.1399	0.1100	0.0300	0.1186	0.0963	0.3703
000579	Y	0.018975	0.329244	0.230633	0.1380	0.0888	0.1240	0.0350	0.1165	0.1073	0.3632
000580	K	0.020812	0.350959	0.239918	0.2333	0.1349	0.1470	0.0510	0.1479	0.1106	0.3610
000581	L	0.022805	0.360224	0.251894	0.2167	0.2094	0.1730	0.0740	0.1638	0.1089	0.3620
000582	S	0.034351	0.380432	0.264713	0.2167	0.2064	0.1720	0.0670	0.1684	0.1126	0.3613
000583	S	0.033767	0.419652	0.280139	0.2167	0.2064	0.2100	0.0620	0.1810	0.1233	0.3601
000584	M	0.064985	0.465528	0.296051	0.2167	0.1759	0.2670	0.0790	0.1984	0.1318	0.3588
000585	K	0.100438	0.519097	0.312963	0.2483	0.2034	0.2920	0.1020	0.2272	0.1377	0.3573
000586	F	0.165198	0.549824	0.329428	0.2122	0.1373	0.3030	0.1030	0.2279	0.1483	0.3573
000587	K	0.182527	0.596130	0.345843	0.2122	0.1275	0.2910	0.0980	0.2349	0.1637	0.3521
000588	D	0.206361	0.611049	0.362213	0.1998	0.1881	0.2910	0.0930	0.2493	0.1599	0.3463
000589	P	0.225507	0.621616	0.379087	0.2558	0.2680	0.3030	0.0780	0.2790	0.1480	0.3440
000590	L	0.236963	0.628112	0.395756	0.3311	0.2645	0.2950	0.0620	0.2926	0.1464	0.3410
000591	K	0.235119	0.638767	0.411569	0.3456	0.2436	0.2710	0.0530	0.2890	0.1559	0.3324
000592	D	0.237650	0.647914	0.427283	0.3491	0.3392	0.2870	0.0530	0.3101	0.1506	0.3260
000593	G	0.213831	0.667344	0.444985	0.3184	0.2609	0.2820	0.0660	0.2904	0.1701	0.3233
000594	E	0.184880	0.670790	0.459515	0.3359	0.1881	0.2660	0.0850	0.2742	0.1875	0.3250
000595	A	0.121056	0.655495	0.471548	0.3096	0.2399	0.2320	0.0890	0.2596	0.1934	0.3293
000596	K	0.108685	0.632319	0.483683	0.2531	0.2541	0.2150	0.0890	0.2438	0.1949	0.3331
000597	I	0.093089	0.605795	0.497479	0.3456	0.3149	0.1990	0.0800	0.2598	0.1907	0.3398
000598	K	0.082476	0.591609	0.510149	0.3535	0.3356	0.1950	0.0900	0.2597	0.1928	0.3459
000599	S	0.107157	0.561299	0.524454	0.3225	0.3426	0.2190	0.1070	0.2588	0.1816	0.3574
000600	D	0.134532	0.558280	0.534620	0.3053	0.2817	0.2310	0.1020	0.2519	0.1788	0.3669
000601	Y	0.150019	0.563949	0.547324	0.3885	0.2541	0.2620	0.1040	0.2697	0.1791	0.3806
000602	A	0.166451	0.545156	0.558077	0.3717	0.2609	0.2500	0.0870	0.2657	0.1755	0.3991
000603	Q	0.189312	0.522882	0.569635	0.2963	0.2503	0.3030	0.1130	0.2603	0.1697	0.4123
000604	L	0.211356	0.546612	0.576074	0.2865	0.1823	0.4250	0.1560	0.2753	0.1823	0.4218
000605	L	0.246589	0.546980	0.584077	0.2820	0.1823	0.5170	0.1980	0.2958	0.1873	0.4280
000606	E	0.279496	0.560701	0.589429	0.2483	0.2164	0.6010	0.2270	0.3176	0.1956	0.4298
000607	D	0.344241	0.556204	0.592066	0.2700	0.2193	0.6800	0.1860	0.3450	0.1997	0.4320
000608	M	0.381145	0.593397	0.598560	0.3578	0.2752	0.7410	0.1130	0.3914	0.1917	0.4332
000609	Q	0.398275	0.612460	0.609679	0.4116	0.2609	0.7630	0.0830	0.4076	0.1960	0.4309
000610	N	0.477186	0.640781	0.616625	0.4556	0.2364	0.8260	0.0350	0.4393	0.2098	0.4331
000611	A	0.556432	0.650684	0.626288	0.4918	0.2002	0.7180	0.1190	0.4362	0.1978	0.4311
000612	F	0.627480	0.671440	0.632796	0.6124	0.2817	0.7900	0.1160	0.4971	0.1876	0.4303
000613	R	0.704414	0.691557	0.639955	0.6756	0.2918	0.8150	0.1000	0.5297	0.1950	0.4336
000614	S	0.888388	0.715790	0.642495	0.6984	0.2399	0.8560	0.1040	0.5664	0.2380	0.4324
000615	L	0.957508	0.730030	0.643612	0.7912	0.3249	0.8850	0.0910	0.6147	0.2308	0.4319
000616	E	0.932209	0.749517	0.640265	0.8781	0.4256	0.9140	0.0430	0.6499	0.2089	0.4307
000617	D	0.974041	0.715800	0.637793	0.9040	0.3667	0.9000	0.0630	0.6434	0.2327	0.4323