RESNUM	RES	VL-XT	VSL2B	VL3	IUPred-S	IUPred-L	PONDRFIT	FITERROR	MDP	MDPERROR	ANCHOR2
000001	M	0.701285	0.865009	0.776387	0.8650	0.2258	0.9740	0.0140	0.7345	0.2425	0.4339
000002	I	0.674043	0.858295	0.768390	0.8391	0.1823	0.9630	0.0210	0.7141	0.2535	0.4339
000003	S	0.659654	0.852796	0.754556	0.7458	0.2224	0.9600	0.0190	0.6992	0.2331	0.4340
000004	A	0.651840	0.828338	0.739448	0.6650	0.2224	0.9450	0.0230	0.6753	0.2258	0.4345
000005	S	0.604981	0.803799	0.725431	0.6255	0.2224	0.9350	0.0390	0.6529	0.2222	0.4343
000006	R	0.578002	0.765503	0.712122	0.5549	0.2224	0.9510	0.0340	0.6306	0.2246	0.4338
000007	A	0.580339	0.736006	0.703991	0.4918	0.2541	0.9640	0.0220	0.6217	0.2201	0.4332
000008	A	0.583486	0.676443	0.701628	0.4149	0.2884	0.9480	0.0360	0.6021	0.2117	0.4328
000009	A	0.590455	0.681104	0.703160	0.3668	0.3087	0.9380	0.0300	0.5980	0.2123	0.4323
000010	A	0.598134	0.643423	0.702189	0.3263	0.3631	0.9020	0.0500	0.5893	0.1975	0.4316
000011	R	0.633385	0.601462	0.697653	0.2820	0.3872	0.8810	0.0400	0.5804	0.1973	0.4316
000012	L	0.681845	0.628172	0.690449	0.3456	0.3872	0.8690	0.0520	0.6003	0.1816	0.4317
000013	V	0.728898	0.646448	0.683379	0.4203	0.4409	0.8280	0.0640	0.6246	0.1481	0.4321
000014	G	0.768263	0.668002	0.677498	0.3885	0.4476	0.7880	0.0670	0.6231	0.1523	0.4332
000015	A	0.814721	0.669731	0.670546	0.3939	0.4940	0.7850	0.0590	0.6381	0.1502	0.4330
000016	A	0.800311	0.640029	0.658629	0.3939	0.5055	0.7590	0.0610	0.6262	0.1401	0.4320
000017	A	0.785549	0.651902	0.642851	0.3939	0.5055	0.7620	0.0700	0.6235	0.1373	0.4303
000018	S	0.753365	0.670006	0.625546	0.4379	0.5382	0.6700	0.0750	0.6158	0.1021	0.4285
000019	R	0.720943	0.678915	0.609445	0.4651	0.4801	0.6610	0.1060	0.6025	0.0976	0.4266
000020	G	0.687766	0.680261	0.592292	0.4918	0.5211	0.6140	0.1070	0.5979	0.0734	0.4267
000021	P	0.628717	0.672481	0.573529	0.4379	0.5493	0.4870	0.1130	0.5581	0.0795	0.4279
000022	T	0.561268	0.660250	0.553411	0.4333	0.4685	0.4670	0.1070	0.5240	0.0767	0.4281
000023	A	0.504648	0.641643	0.532834	0.4879	0.5456	0.4470	0.1110	0.5265	0.0606	0.4293
000024	A	0.413344	0.602718	0.509926	0.4651	0.6375	0.4540	0.1320	0.5138	0.0808	0.4313
000025	R	0.363245	0.573564	0.488095	0.4651	0.6531	0.5070	0.1750	0.5084	0.0899	0.4321
000026	H	0.305080	0.569606	0.467708	0.4967	0.6531	0.5200	0.1830	0.5021	0.1062	0.4281
000027	Q	0.260476	0.559941	0.450192	0.5331	0.5620	0.5080	0.1730	0.4789	0.1047	0.4261
000028	D	0.215379	0.553384	0.433735	0.5331	0.6043	0.4720	0.1520	0.4686	0.1259	0.4222
000029	S	0.147369	0.547412	0.417423	0.4556	0.5211	0.4320	0.1490	0.4201	0.1305	0.4173
000030	W	0.134904	0.543353	0.400691	0.4513	0.4619	0.4460	0.1500	0.4064	0.1286	0.4111
000031	N	0.143901	0.505363	0.382505	0.3885	0.4619	0.3840	0.1150	0.3778	0.1142	0.4096
000032	G	0.123947	0.453191	0.363700	0.3053	0.4369	0.3440	0.1010	0.3378	0.1085	0.4088
000033	L	0.133375	0.411946	0.346767	0.3005	0.4369	0.3360	0.1270	0.3276	0.0983	0.4067
000034	S	0.136942	0.386434	0.330958	0.3263	0.4725	0.2800	0.1150	0.3223	0.1024	0.4057
000035	H	0.149601	0.345441	0.317313	0.3578	0.4149	0.2790	0.1310	0.3107	0.0829	0.4049
000036	E	0.162304	0.327752	0.304736	0.3630	0.3840	0.2330	0.1300	0.2959	0.0765	0.4065
000037	A	0.181541	0.322211	0.293406	0.2657	0.3704	0.2200	0.1280	0.2755	0.0627	0.4071
000038	F	0.207617	0.307309	0.279635	0.2167	0.3704	0.1880	0.1080	0.2616	0.0640	0.4062
000039	R	0.209211	0.315868	0.262485	0.2167	0.3392	0.1750	0.0970	0.2530	0.0590	0.4087
000040	L	0.204821	0.343881	0.243002	0.2255	0.2645	0.1890	0.1060	0.2450	0.0506	0.4111
000041	V	0.224142	0.348520	0.225551	0.2786	0.3426	0.1900	0.1010	0.2683	0.0604	0.4146
000042	S	0.243692	0.350856	0.211100	0.1998	0.3321	0.2060	0.1040	0.2573	0.0613	0.4170
000043	R	0.251474	0.353741	0.199475	0.1958	0.3087	0.2250	0.1020	0.2558	0.0579	0.4199
000044	R	0.256769	0.346006	0.188137	0.2657	0.3215	0.2490	0.0990	0.2712	0.0512	0.4228
000045	D	0.283415	0.336425	0.176704	0.2292	0.2680	0.2780	0.1210	0.2619	0.0494	0.4244
000046	Y	0.299288	0.338680	0.167286	0.1667	0.2541	0.2930	0.1490	0.2531	0.0657	0.4251
000047	A	0.313373	0.376812	0.161109	0.1150	0.1731	0.2400	0.1160	0.2298	0.0911	0.4260
000048	S	0.332688	0.395877	0.156619	0.1322	0.2002	0.1790	0.0620	0.2327	0.0970	0.4271
000049	E	0.341772	0.371395	0.150701	0.1322	0.2193	0.1410	0.0330	0.2261	0.0968	0.4281
000050	A	0.365383	0.357767	0.143729	0.1380	0.2129	0.1240	0.0200	0.2236	0.1016	0.4266
000051	I	0.381761	0.309033	0.138887	0.1292	0.2849	0.0960	0.0170	0.2233	0.1068	0.4256
000052	K	0.365700	0.255834	0.136833	0.1635	0.3426	0.0790	0.0210	0.2239	0.1061	0.4244
000053	G	0.353119	0.216882	0.137354	0.1635	0.3529	0.0740	0.0200	0.2163	0.1054	0.4225
000054	A	0.320053	0.193645	0.137943	0.1635	0.3494	0.0730	0.0190	0.2062	0.0982	0.4200
000055	V	0.287218	0.167999	0.139687	0.1635	0.2783	0.0760	0.0210	0.1855	0.0750	0.4173
000056	V	0.245864	0.168207	0.142995	0.1602	0.2164	0.0760	0.0200	0.1683	0.0540	0.4158
000057	G	0.197059	0.170616	0.146580	0.1766	0.2752	0.0900	0.0320	0.1760	0.0557	0.4158
000058	I	0.158524	0.172170	0.149521	0.1602	0.2436	0.0940	0.0330	0.1629	0.0440	0.4149
000059	D	0.110700	0.180670	0.150741	0.1322	0.2129	0.0950	0.0270	0.1470	0.0403	0.4150
000060	L	0.067618	0.185217	0.152176	0.0909	0.2129	0.1060	0.0300	0.1358	0.0520	0.4133
000061	G	0.067976	0.186040	0.154929	0.0884	0.2364	0.1090	0.0310	0.1404	0.0584	0.4154
000062	T	0.063414	0.187890	0.159942	0.1495	0.3117	0.1100	0.0340	0.1638	0.0771	0.4169
000063	T	0.058853	0.187275	0.168879	0.1495	0.3215	0.1160	0.0420	0.1670	0.0805	0.4184
000064	N	0.056936	0.188962	0.179695	0.1416	0.2951	0.1220	0.0430	0.1641	0.0728	0.4204
000065	S	0.068063	0.193408	0.191743	0.1698	0.3215	0.1210	0.0510	0.1775	0.0780	0.4210
000066	C	0.068075	0.207452	0.202702	0.1921	0.3182	0.1190	0.0550	0.1845	0.0782	0.4224
000067	V	0.066002	0.221348	0.213114	0.2432	0.3019	0.1140	0.0540	0.1933	0.0795	0.4233
000068	A	0.093740	0.242648	0.222897	0.1878	0.3149	0.1160	0.0540	0.1963	0.0753	0.4231
000069	V	0.124463	0.267293	0.232164	0.1998	0.4017	0.1360	0.0550	0.2270	0.0927	0.4242
000070	M	0.155459	0.308344	0.241484	0.2080	0.3667	0.1670	0.0590	0.2411	0.0755	0.4263
000071	E	0.225005	0.334887	0.252140	0.2820	0.4507	0.1700	0.0550	0.2858	0.0893	0.4322
000072	G	0.290825	0.363966	0.265414	0.2558	0.4507	0.1830	0.0580	0.3016	0.0854	0.4315
000073	K	0.370079	0.413375	0.281318	0.2700	0.4149	0.1940	0.0560	0.3239	0.0817	0.4282
000074	Q	0.439962	0.445004	0.297541	0.2748	0.4149	0.2170	0.0600	0.3482	0.0889	0.4264
000075	A	0.524954	0.468883	0.313825	0.2385	0.4087	0.2350	0.0600	0.3650	0.1109	0.4261
000076	K	0.607776	0.493513	0.329233	0.2483	0.4149	0.2190	0.0540	0.3854	0.1364	0.4250
000077	V	0.658872	0.481765	0.344083	0.3096	0.5098	0.2190	0.0620	0.4206	0.1456	0.4245
000078	L	0.680105	0.499278	0.357426	0.3630	0.5758	0.2050	0.0590	0.4467	0.1568	0.4244
000079	E	0.675521	0.501358	0.370315	0.4203	0.5382	0.1920	0.0540	0.4497	0.1499	0.4235
000080	N	0.662577	0.534490	0.383220	0.4825	0.5382	0.2190	0.0650	0.4700	0.1393	0.4237
000081	A	0.652165	0.539511	0.394774	0.4600	0.5456	0.2070	0.0580	0.4665	0.1406	0.4258
000082	E	0.648735	0.520432	0.401855	0.3939	0.4292	0.1950	0.0690	0.4315	0.1375	0.4279
000083	G	0.637777	0.505973	0.405128	0.3806	0.4369	0.1970	0.0750	0.4273	0.1330	0.4300
000084	A	0.639143	0.499889	0.405884	0.3184	0.4087	0.1900	0.0700	0.4104	0.1398	0.4319
000085	R	0.634377	0.478167	0.408474	0.3184	0.4051	0.1860	0.0670	0.4051	0.1374	0.4334
000086	T	0.604373	0.462973	0.413277	0.3263	0.4292	0.1860	0.0650	0.4037	0.1277	0.4332
000087	T	0.598417	0.457364	0.418488	0.3491	0.4441	0.1810	0.0650	0.4080	0.1260	0.4327
000088	P	0.619436	0.430813	0.422533	0.4078	0.5098	0.1710	0.0630	0.4268	0.1354	0.4326
000089	S	0.586015	0.414559	0.424698	0.4825	0.5098	0.1680	0.0620	0.4310	0.1305	0.4329
000090	V	0.559669	0.401647	0.427215	0.4781	0.4369	0.1680	0.0580	0.4119	0.1203	0.4342
000091	V	0.514764	0.396895	0.430874	0.4149	0.4220	0.1600	0.0500	0.3899	0.1094	0.4374
000092	A	0.483274	0.391652	0.433877	0.3939	0.4149	0.1530	0.0380	0.3784	0.1054	0.4403
000093	F	0.431987	0.371570	0.434915	0.3806	0.4330	0.1530	0.0360	0.3675	0.0995	0.4430
000094	T	0.388325	0.350647	0.431229	0.3535	0.4087	0.1500	0.0370	0.3471	0.0925	0.4441
000095	A	0.361892	0.348581	0.426028	0.4149	0.4369	0.1540	0.0420	0.3570	0.0965	0.4456
000096	D	0.330119	0.368648	0.420895	0.3762	0.4369	0.1630	0.0520	0.3493	0.0904	0.4453
000097	G	0.300726	0.393802	0.417428	0.3762	0.4409	0.1710	0.0600	0.3499	0.0913	0.4450
000098	E	0.303655	0.388603	0.415790	0.3847	0.4119	0.1710	0.0620	0.3459	0.0866	0.4465
000099	R	0.310510	0.392007	0.415969	0.3762	0.3249	0.1740	0.0660	0.3322	0.0798	0.4482
000100	L	0.372340	0.407272	0.419047	0.3491	0.3321	0.1700	0.0640	0.3416	0.0825	0.4499
000101	V	0.422049	0.411925	0.421397	0.3491	0.3983	0.1490	0.0620	0.3585	0.0971	0.4488
000102	G	0.477240	0.416950	0.421652	0.3992	0.4864	0.1480	0.0420	0.3916	0.1134	0.4462
000103	M	0.458113	0.424289	0.418652	0.4282	0.5296	0.1550	0.0420	0.4023	0.1169	0.4436
000104	P	0.450038	0.432664	0.412445	0.5296	0.6712	0.1460	0.0420	0.4403	0.1576	0.4407
000105	A	0.432318	0.432066	0.405736	0.5331	0.6661	0.1410	0.0390	0.4350	0.1584	0.4393
000106	K	0.415147	0.445497	0.397958	0.5667	0.5807	0.1310	0.0330	0.4228	0.1484	0.4376
000107	R	0.396472	0.472084	0.391997	0.5549	0.4801	0.1690	0.0580	0.4107	0.1214	0.4369
000108	Q	0.370578	0.466594	0.385355	0.4967	0.4582	0.2030	0.0800	0.3967	0.0976	0.4362
000109	A	0.282019	0.452351	0.378398	0.4245	0.4476	0.1970	0.0650	0.3637	0.0941	0.4358
000110	V	0.190709	0.458946	0.371472	0.3939	0.4369	0.1750	0.0520	0.3379	0.1131	0.4353
000111	T	0.098122	0.444527	0.364003	0.4513	0.5176	0.1500	0.0480	0.3375	0.1582	0.4345
000112	N	0.091386	0.434210	0.357134	0.5126	0.5017	0.1710	0.0600	0.3447	0.1608	0.4338
000113	P	0.110527	0.424089	0.350616	0.5173	0.4256	0.1510	0.0510	0.3299	0.1493	0.4331
000114	N	0.110879	0.411820	0.345742	0.4781	0.4619	0.1410	0.0420	0.3249	0.1471	0.4322
000115	N	0.117103	0.377762	0.343167	0.3762	0.4330	0.1390	0.0420	0.2978	0.1229	0.4306
000116	T	0.128450	0.343053	0.340771	0.4078	0.4652	0.1540	0.0490	0.3065	0.1245	0.4284
000117	F	0.142780	0.308457	0.335736	0.4203	0.3840	0.1850	0.0730	0.2960	0.1006	0.4251
000118	Y	0.158735	0.278822	0.327601	0.4245	0.3872	0.2160	0.1050	0.2989	0.0924	0.4231
000119	A	0.176249	0.262931	0.319164	0.3456	0.3840	0.2430	0.1320	0.2885	0.0691	0.4199
000120	T	0.192784	0.264662	0.313016	0.3668	0.4409	0.2150	0.1060	0.2989	0.0860	0.4163
000121	K	0.223651	0.269385	0.308532	0.4245	0.5098	0.1890	0.0880	0.3208	0.1126	0.4142
000122	R	0.224306	0.267003	0.303022	0.4513	0.4441	0.1800	0.0830	0.3117	0.1032	0.4117
000123	L	0.256936	0.258944	0.298966	0.4458	0.4441	0.1960	0.0870	0.3169	0.0954	0.4105
000124	I	0.351285	0.268091	0.296542	0.3578	0.4087	0.2080	0.0940	0.3150	0.0658	0.4116
000125	G	0.439110	0.288926	0.296237	0.3717	0.4051	0.2050	0.1030	0.3344	0.0791	0.4148
000126	R	0.521334	0.320969	0.294820	0.3668	0.3149	0.2290	0.1190	0.3413	0.0904	0.4186
000127	R	0.609674	0.369054	0.291056	0.3717	0.3087	0.2570	0.1320	0.3679	0.1155	0.4225
000128	Y	0.666912	0.384240	0.286035	0.3578	0.4119	0.2910	0.1370	0.3996	0.1280	0.4271
000129	D	0.733147	0.419141	0.280439	0.4149	0.4330	0.2830	0.1200	0.4272	0.1507	0.4313
000130	D	0.772570	0.483006	0.273437	0.4420	0.4864	0.2900	0.1200	0.4579	0.1648	0.4326
000131	P	0.817289	0.506355	0.263363	0.3806	0.3872	0.3260	0.1040	0.4468	0.1812	0.4293
000132	E	0.889422	0.502278	0.251985	0.4078	0.3840	0.3500	0.1220	0.4643	0.2041	0.4269
000133	V	0.865672	0.498946	0.240361	0.3184	0.3019	0.3060	0.1080	0.4219	0.2138	0.4246
000134	Q	0.775487	0.479827	0.228728	0.3847	0.3117	0.2370	0.0940	0.4030	0.1876	0.4224
000135	K	0.745966	0.454259	0.217182	0.3885	0.3910	0.2040	0.0920	0.4001	0.1802	0.4231
000136	D	0.686851	0.435077	0.204735	0.3263	0.3631	0.1840	0.0840	0.3667	0.1675	0.4271
000137	I	0.660173	0.393126	0.193053	0.3146	0.3599	0.1760	0.0840	0.3495	0.1604	0.4324
000138	K	0.612957	0.344887	0.180079	0.2700	0.3667	0.1420	0.0680	0.3194	0.1541	0.4308
000139	N	0.532652	0.292246	0.168627	0.3311	0.4476	0.1230	0.0510	0.3158	0.1438	0.4254
000140	V	0.450258	0.259926	0.158396	0.3359	0.4476	0.1170	0.0540	0.2949	0.1295	0.4184
000141	P	0.343843	0.232395	0.148471	0.3399	0.4087	0.0890	0.0360	0.2604	0.1139	0.4128
000142	F	0.259232	0.211170	0.139285	0.3184	0.3019	0.0890	0.0360	0.2199	0.0833	0.4067
000143	K	0.238864	0.219872	0.131030	0.2820	0.2292	0.0770	0.0300	0.1963	0.0699	0.4032
000144	I	0.158064	0.204660	0.125355	0.2657	0.3053	0.0730	0.0260	0.1886	0.0798	0.3998
000145	V	0.106808	0.190162	0.119951	0.1844	0.2645	0.0820	0.0230	0.1579	0.0619	0.3996
000146	R	0.055377	0.194837	0.112976	0.1878	0.2752	0.0930	0.0370	0.1531	0.0738	0.4039
000147	A	0.017608	0.201842	0.104757	0.1602	0.2645	0.1080	0.0400	0.1429	0.0785	0.4096
000148	S	0.012366	0.215532	0.097989	0.2333	0.3356	0.1160	0.0490	0.1685	0.1052	0.4184
000149	N	0.008929	0.236960	0.093811	0.2333	0.2680	0.1050	0.0430	0.1576	0.0942	0.4268
000150	G	0.011864	0.273995	0.091790	0.2292	0.1823	0.0950	0.0430	0.1474	0.0895	0.4330
000151	D	0.025102	0.296629	0.090292	0.2122	0.2328	0.0700	0.0150	0.1546	0.0980	0.4314
000152	A	0.036346	0.311691	0.088924	0.1150	0.2328	0.0760	0.0170	0.1434	0.0967	0.4306
000153	W	0.044891	0.315189	0.087318	0.1766	0.3249	0.1080	0.0270	0.1762	0.1089	0.4297
000154	V	0.053437	0.303704	0.084133	0.1958	0.3356	0.1060	0.0230	0.1798	0.1084	0.4238
000155	E	0.053151	0.290762	0.079904	0.2602	0.3321	0.1130	0.0170	0.1881	0.1096	0.4153
000156	A	0.053180	0.306120	0.075398	0.3359	0.3872	0.1310	0.0360	0.2148	0.1325	0.4125
000157	H	0.053176	0.314939	0.071984	0.2531	0.3566	0.1410	0.0440	0.1985	0.1169	0.4135
000158	G	0.051398	0.305087	0.070036	0.2820	0.2918	0.1330	0.0440	0.1889	0.1072	0.4135
000159	K	0.044908	0.321151	0.068875	0.2531	0.2364	0.1340	0.0520	0.1763	0.1009	0.4222
000160	L	0.030565	0.352379	0.066474	0.1635	0.1583	0.1410	0.0560	0.1521	0.1021	0.4322
000161	Y	0.019025	0.362336	0.062638	0.1205	0.1349	0.1430	0.0460	0.1404	0.1084	0.4205
000162	S	0.009975	0.369586	0.057738	0.0771	0.1251	0.1260	0.0330	0.1275	0.1153	0.4112
000163	P	0.000925	0.365108	0.053683	0.0701	0.1206	0.0980	0.0260	0.1181	0.1166	0.4041
000164	S	0.000921	0.307100	0.049643	0.1088	0.1759	0.0870	0.0210	0.1215	0.0987	0.3958
000165	Q	0.001013	0.247046	0.045856	0.1150	0.2436	0.0730	0.0210	0.1209	0.0943	0.3829
000166	I	0.003364	0.206328	0.042703	0.1088	0.2328	0.0640	0.0180	0.1096	0.0841	0.3685
000167	G	0.003963	0.177988	0.040598	0.1416	0.2364	0.0590	0.0160	0.1100	0.0819	0.3605
000168	A	0.006330	0.153949	0.038952	0.1349	0.2436	0.0590	0.0170	0.1060	0.0803	0.3532
000169	F	0.007938	0.144503	0.037092	0.1088	0.2575	0.0660	0.0180	0.1036	0.0820	0.3467
000170	V	0.008451	0.152184	0.034660	0.1178	0.1881	0.0670	0.0220	0.0947	0.0638	0.3515
000171	L	0.008792	0.172794	0.032177	0.1805	0.1852	0.0810	0.0270	0.1101	0.0727	0.3619
000172	M	0.009105	0.208288	0.029752	0.1878	0.2609	0.1060	0.0410	0.1336	0.0929	0.3758
000173	K	0.009052	0.251273	0.027566	0.1349	0.2680	0.1240	0.0460	0.1358	0.0989	0.3945
000174	M	0.008936	0.305443	0.026496	0.1178	0.2399	0.1420	0.0520	0.1401	0.1064	0.4078
000175	K	0.006608	0.362900	0.026544	0.1266	0.2129	0.1660	0.0630	0.1503	0.1196	0.4240
000176	E	0.006096	0.401427	0.028478	0.1117	0.2002	0.2060	0.0900	0.1590	0.1325	0.4278
000177	T	0.003842	0.449792	0.031569	0.1495	0.2951	0.2210	0.1040	0.1919	0.1532	0.4121
000178	A	0.002097	0.487646	0.034555	0.1495	0.2645	0.2170	0.0940	0.1926	0.1612	0.4002
000179	E	0.001655	0.505530	0.037026	0.1805	0.2328	0.2080	0.0770	0.1943	0.1636	0.3884
000180	N	0.004842	0.490786	0.037917	0.2292	0.2436	0.2100	0.0710	0.2027	0.1590	0.3802
000181	Y	0.007899	0.473535	0.037967	0.2209	0.3053	0.2090	0.0760	0.2090	0.1576	0.3786
000182	L	0.013435	0.405193	0.036962	0.2122	0.3117	0.1730	0.0590	0.1920	0.1393	0.3775
000183	G	0.013478	0.355172	0.035428	0.2531	0.3807	0.1530	0.0620	0.1986	0.1435	0.3757
000184	H	0.013519	0.310835	0.034173	0.1921	0.3566	0.1390	0.0570	0.1744	0.1284	0.3780
000185	T	0.013677	0.274796	0.033111	0.2786	0.3149	0.1240	0.0490	0.1732	0.1218	0.3728
000186	A	0.013584	0.261254	0.032639	0.2483	0.2224	0.1000	0.0420	0.1464	0.1017	0.3718
000187	K	0.013426	0.255693	0.032798	0.1667	0.2224	0.0760	0.0310	0.1278	0.0928	0.3739
000188	N	0.014199	0.231288	0.033395	0.1117	0.2258	0.0690	0.0270	0.1142	0.0864	0.3764
000189	A	0.012499	0.212165	0.033645	0.1416	0.2541	0.0630	0.0210	0.1196	0.0905	0.3808
000190	V	0.010681	0.179529	0.033110	0.1416	0.2470	0.0590	0.0090	0.1118	0.0847	0.3857
000191	I	0.008428	0.153088	0.032459	0.1349	0.2364	0.0640	0.0150	0.1049	0.0782	0.3871
000192	T	0.009822	0.140264	0.032101	0.2122	0.3249	0.0670	0.0170	0.1310	0.1102	0.3909
000193	V	0.013113	0.138712	0.032684	0.2865	0.3704	0.0700	0.0200	0.1519	0.1331	0.3959
000194	P	0.021353	0.142192	0.033321	0.2963	0.3740	0.0700	0.0240	0.1561	0.1342	0.4021
000195	A	0.031204	0.158752	0.034416	0.2531	0.3631	0.0820	0.0330	0.1538	0.1212	0.4052
000196	Y	0.041788	0.198673	0.035433	0.2531	0.3667	0.1120	0.0470	0.1679	0.1185	0.4111
000197	F	0.049973	0.260578	0.036539	0.2865	0.3667	0.1500	0.0570	0.1917	0.1227	0.4128
000198	N	0.067388	0.331048	0.037788	0.3053	0.3704	0.1830	0.0620	0.2158	0.1291	0.4050
000199	D	0.087617	0.410541	0.039159	0.2602	0.3667	0.2330	0.0870	0.2328	0.1347	0.3958
000200	S	0.102582	0.486463	0.040917	0.2913	0.3182	0.2550	0.0930	0.2491	0.1459	0.3839
000201	Q	0.111025	0.530986	0.043658	0.3630	0.3774	0.2640	0.0970	0.2817	0.1653	0.3716
000202	R	0.114939	0.547676	0.050280	0.3491	0.4582	0.2670	0.1030	0.2979	0.1763	0.3617
000203	Q	0.110862	0.582227	0.059744	0.3535	0.3774	0.2730	0.1040	0.2928	0.1744	0.3468
000204	A	0.148153	0.611438	0.069715	0.4245	0.4507	0.2910	0.1040	0.3326	0.1848	0.3327
000205	T	0.174951	0.601526	0.076046	0.3146	0.3566	0.2960	0.1050	0.3033	0.1633	0.3197
000206	K	0.185176	0.590927	0.079255	0.3491	0.3087	0.2540	0.0850	0.2946	0.1586	0.3091
000207	D	0.177463	0.579179	0.079614	0.3630	0.3872	0.2170	0.0800	0.3006	0.1633	0.3015
000208	A	0.196654	0.512957	0.078205	0.3668	0.4256	0.1960	0.0660	0.2960	0.1507	0.2939
000209	G	0.231589	0.448921	0.076499	0.3668	0.3321	0.1820	0.0620	0.2730	0.1237	0.2921
000210	Q	0.271905	0.386497	0.075395	0.2865	0.3356	0.1850	0.0640	0.2568	0.1018	0.2933
000211	I	0.314855	0.308651	0.075798	0.2041	0.3529	0.1940	0.0790	0.2417	0.0943	0.2952
000212	S	0.361133	0.245167	0.076927	0.1998	0.3740	0.1630	0.0740	0.2366	0.1055	0.2991
000213	G	0.388967	0.203293	0.078566	0.2080	0.3740	0.1250	0.0520	0.2297	0.1162	0.3038
000214	L	0.405389	0.170550	0.079971	0.2385	0.3356	0.1270	0.0520	0.2262	0.1144	0.3109
000215	N	0.439905	0.144809	0.080851	0.2700	0.3392	0.1170	0.0510	0.2319	0.1290	0.3149
000216	V	0.476202	0.134088	0.081672	0.2385	0.3087	0.1170	0.0500	0.2260	0.1359	0.3192
000217	L	0.485460	0.138727	0.082154	0.1998	0.2399	0.1000	0.0360	0.2077	0.1356	0.3231
000218	R	0.480596	0.145359	0.082149	0.1602	0.2064	0.0860	0.0270	0.1934	0.1354	0.3242
000219	V	0.469290	0.156911	0.081834	0.1240	0.1611	0.0910	0.0250	0.1806	0.1325	0.3250
000220	I	0.440098	0.189871	0.081867	0.1041	0.1611	0.0830	0.0280	0.1767	0.1244	0.3277
000221	N	0.432934	0.206848	0.082577	0.0587	0.1007	0.0810	0.0300	0.1605	0.1308	0.3292
000222	E	0.432353	0.216355	0.083658	0.1018	0.1643	0.0770	0.0300	0.1793	0.1233	0.3326
000223	P	0.453865	0.219365	0.085585	0.0542	0.1611	0.0710	0.0300	0.1741	0.1375	0.3329
000224	T	0.471109	0.211667	0.087801	0.0607	0.1611	0.0720	0.0330	0.1774	0.1417	0.3264
000225	A	0.450216	0.192321	0.090687	0.0935	0.2470	0.0630	0.0260	0.1894	0.1331	0.3193
000226	A	0.424487	0.197699	0.093685	0.0909	0.2399	0.0630	0.0240	0.1849	0.1243	0.3182
000227	A	0.408221	0.207390	0.097246	0.1416	0.2988	0.0850	0.0370	0.2064	0.1156	0.3192
000228	L	0.396676	0.223353	0.100877	0.2167	0.3117	0.1280	0.0640	0.2295	0.1015	0.3187
000229	A	0.376902	0.264570	0.103798	0.2041	0.2292	0.1880	0.0760	0.2277	0.0828	0.3181
000230	Y	0.334358	0.307863	0.106163	0.1958	0.2645	0.2230	0.0630	0.2386	0.0756	0.3208
000231	G	0.260577	0.346404	0.108115	0.1805	0.2849	0.2660	0.0970	0.2411	0.0768	0.3161
000232	L	0.185951	0.399273	0.108854	0.1456	0.1942	0.2730	0.1040	0.2178	0.0954	0.3111
000233	D	0.115685	0.428035	0.105394	0.0884	0.1881	0.2750	0.1010	0.2000	0.1199	0.3080
000234	K	0.089603	0.451602	0.099481	0.0395	0.1092	0.2610	0.0970	0.1751	0.1412	0.3048
000235	S	0.066481	0.459714	0.094387	0.0455	0.1048	0.1940	0.0530	0.1608	0.1415	0.3101
000236	E	0.034888	0.444107	0.093207	0.0327	0.1229	0.1460	0.0260	0.1457	0.1399	0.3145
000237	D	0.011129	0.396284	0.094722	0.0414	0.1399	0.1160	0.0230	0.1332	0.1254	0.3120
000238	K	0.011728	0.350069	0.097088	0.0514	0.1611	0.0970	0.0260	0.1281	0.1093	0.3041
000239	V	0.015393	0.291707	0.099853	0.0884	0.1424	0.0930	0.0330	0.1218	0.0847	0.3026
000240	I	0.017787	0.226413	0.103232	0.1041	0.1702	0.0840	0.0300	0.1176	0.0659	0.3034
000241	A	0.023640	0.175846	0.106871	0.0935	0.1671	0.0820	0.0350	0.1081	0.0518	0.2998
000242	V	0.034081	0.159082	0.110718	0.1018	0.1671	0.0730	0.0290	0.1076	0.0463	0.2975
000243	Y	0.035673	0.135538	0.114801	0.1041	0.1671	0.0620	0.0190	0.1032	0.0438	0.2960
000244	D	0.036416	0.126547	0.119637	0.0935	0.1070	0.0580	0.0160	0.0901	0.0328	0.2870
000245	L	0.038089	0.126048	0.125393	0.0607	0.1206	0.0590	0.0190	0.0883	0.0365	0.2779
000246	G	0.038378	0.136436	0.131237	0.0376	0.0749	0.0570	0.0230	0.0793	0.0406	0.2673
000247	G	0.041293	0.138239	0.137035	0.0387	0.0719	0.0500	0.0150	0.0796	0.0424	0.2576
000248	G	0.037133	0.144054	0.142798	0.0200	0.0646	0.0450	0.0110	0.0756	0.0497	0.2526
000249	T	0.038765	0.147400	0.147517	0.0252	0.0676	0.0470	0.0130	0.0789	0.0501	0.2474
000250	F	0.067028	0.145983	0.151211	0.0350	0.0676	0.0520	0.0170	0.0864	0.0453	0.2387
000251	D	0.060541	0.152308	0.153484	0.0660	0.0592	0.0550	0.0200	0.0911	0.0438	0.2279
000252	I	0.068700	0.148678	0.155196	0.0542	0.0780	0.0610	0.0200	0.0943	0.0415	0.2237
000253	S	0.075942	0.144461	0.156994	0.0478	0.0765	0.0550	0.0160	0.0928	0.0424	0.2258
000254	I	0.081977	0.140521	0.159054	0.0935	0.1206	0.0520	0.0090	0.1079	0.0362	0.2277
000255	L	0.086276	0.136782	0.161578	0.0514	0.1137	0.0560	0.0100	0.1010	0.0404	0.2296
000256	E	0.103425	0.134564	0.163614	0.0789	0.1702	0.0680	0.0130	0.1198	0.0393	0.2312
000257	I	0.151726	0.158525	0.165807	0.0813	0.1823	0.0900	0.0170	0.1383	0.0384	0.2292
000258	Q	0.155280	0.193452	0.167968	0.0771	0.1823	0.0980	0.0190	0.1457	0.0432	0.2282
000259	K	0.128361	0.203895	0.171183	0.0789	0.1914	0.1170	0.0190	0.1485	0.0441	0.2276
000260	G	0.130102	0.239591	0.175339	0.0858	0.1914	0.1410	0.0300	0.1605	0.0489	0.2332
000261	V	0.130718	0.276156	0.180259	0.1566	0.1942	0.1640	0.0420	0.1836	0.0458	0.2393
000262	F	0.168487	0.303316	0.185454	0.1456	0.1298	0.2080	0.0570	0.1902	0.0566	0.2514
000263	E	0.196773	0.330003	0.190557	0.1532	0.1942	0.2070	0.0600	0.2120	0.0554	0.2589
000264	V	0.200834	0.378567	0.196098	0.0965	0.1942	0.2290	0.0810	0.2159	0.0837	0.2604
000265	K	0.190743	0.409983	0.201321	0.1566	0.2884	0.2390	0.0980	0.2477	0.0834	0.2631
000266	S	0.172349	0.425294	0.206221	0.2292	0.3704	0.2450	0.1010	0.2747	0.0913	0.2720
000267	T	0.192076	0.443793	0.211137	0.2167	0.2575	0.2630	0.1070	0.2640	0.0842	0.2801
000268	N	0.208395	0.464872	0.214842	0.3005	0.3460	0.2510	0.0910	0.2977	0.0888	0.2958
000269	G	0.257377	0.452337	0.217904	0.2041	0.3460	0.2430	0.0930	0.2868	0.0869	0.3104
000270	D	0.262397	0.442527	0.219627	0.2292	0.3249	0.2120	0.0720	0.2817	0.0813	0.3238
000271	T	0.229803	0.439290	0.221372	0.2385	0.2575	0.1710	0.0430	0.2595	0.0846	0.3350
000272	F	0.204021	0.424844	0.222372	0.2786	0.2436	0.1650	0.0500	0.2564	0.0829	0.3499
000273	L	0.199792	0.397733	0.223613	0.3096	0.3426	0.1560	0.0540	0.2715	0.0849	0.3572
000274	G	0.196496	0.388644	0.225020	0.2167	0.3356	0.1520	0.0490	0.2523	0.0825	0.3613
000275	G	0.185721	0.391277	0.225980	0.2913	0.3182	0.1610	0.0730	0.2623	0.0796	0.3709
000276	E	0.165128	0.367877	0.225901	0.3096	0.2609	0.1610	0.0820	0.2484	0.0745	0.3835
000277	D	0.145202	0.341117	0.226453	0.2333	0.2575	0.1650	0.0850	0.2280	0.0640	0.3956
000278	F	0.100511	0.320310	0.229833	0.1878	0.2715	0.1340	0.0470	0.2074	0.0758	0.4057
000279	D	0.132074	0.290590	0.235425	0.1878	0.1671	0.1340	0.0430	0.1912	0.0565	0.4069
000280	Q	0.172215	0.255878	0.243561	0.1921	0.1643	0.1560	0.0510	0.1974	0.0387	0.4129
000281	A	0.216233	0.216368	0.251390	0.1266	0.1583	0.1700	0.0550	0.1899	0.0420	0.4185
000282	L	0.256891	0.187593	0.259868	0.1205	0.1702	0.1810	0.0580	0.1960	0.0491	0.4214
000283	L	0.270739	0.188896	0.268091	0.1805	0.2609	0.1860	0.0620	0.2258	0.0409	0.4186
000284	R	0.272651	0.194507	0.277127	0.2700	0.3286	0.1830	0.0680	0.2543	0.0505	0.4146
000285	H	0.319249	0.222474	0.286790	0.2602	0.2715	0.1850	0.0670	0.2575	0.0435	0.4149
000286	I	0.390077	0.270959	0.297432	0.2558	0.2817	0.1910	0.0690	0.2811	0.0593	0.4123
000287	V	0.471102	0.293183	0.309977	0.1805	0.1942	0.1890	0.0690	0.2730	0.1023	0.4053
000288	K	0.514822	0.350902	0.324194	0.1805	0.1914	0.1850	0.0700	0.2912	0.1212	0.3986
000289	E	0.556165	0.384474	0.338268	0.1998	0.2783	0.1980	0.0670	0.3259	0.1232	0.3954
000290	F	0.600482	0.413482	0.351321	0.1958	0.2783	0.2430	0.0890	0.3471	0.1335	0.3934
000291	K	0.599125	0.428351	0.363165	0.1805	0.2817	0.2630	0.1080	0.3527	0.1349	0.3845
000292	R	0.636274	0.443451	0.374985	0.2080	0.2817	0.2820	0.1210	0.3711	0.1403	0.3779
000293	E	0.716230	0.458181	0.385592	0.2820	0.3249	0.2550	0.1070	0.4037	0.1550	0.3782
000294	T	0.763813	0.459597	0.394838	0.3311	0.3215	0.2530	0.1050	0.4206	0.1663	0.3813
000295	G	0.767320	0.457519	0.402424	0.3184	0.3286	0.2530	0.0990	0.4211	0.1679	0.3909
000296	V	0.754139	0.464195	0.408306	0.2432	0.3215	0.2480	0.0910	0.4066	0.1747	0.3996
000297	D	0.765000	0.464756	0.411893	0.3225	0.3392	0.2490	0.0870	0.4253	0.1665	0.4076
000298	L	0.735907	0.464013	0.411578	0.3762	0.4017	0.2490	0.0890	0.4398	0.1477	0.4201
000299	T	0.725341	0.463145	0.410998	0.3184	0.4256	0.2310	0.0800	0.4290	0.1533	0.4277
000300	K	0.771687	0.463381	0.412272	0.3096	0.3807	0.2330	0.0800	0.4285	0.1702	0.4326
000301	D	0.805897	0.448571	0.418264	0.3939	0.4507	0.2350	0.0810	0.4586	0.1716	0.4226
000302	N	0.812236	0.430949	0.425758	0.3762	0.4766	0.2350	0.0820	0.4594	0.1752	0.4096
000303	M	0.817622	0.405510	0.435234	0.3578	0.4685	0.2280	0.0780	0.4521	0.1805	0.3980
000304	A	0.841070	0.406365	0.445369	0.3578	0.4220	0.2220	0.0730	0.4492	0.1897	0.3948
000305	L	0.864518	0.418606	0.456012	0.3578	0.4119	0.2190	0.0710	0.4546	0.1984	0.3931
000306	Q	0.864701	0.439055	0.465378	0.3263	0.3494	0.2280	0.0780	0.4454	0.2029	0.3987
000307	R	0.891098	0.459592	0.473436	0.3885	0.4292	0.2320	0.0790	0.4790	0.2007	0.4035
000308	V	0.894188	0.479200	0.480112	0.3263	0.3460	0.2400	0.0800	0.4610	0.2115	0.4076
000309	R	0.891097	0.508695	0.485253	0.4037	0.4186	0.2200	0.0710	0.4878	0.2028	0.4133
000310	E	0.888069	0.522555	0.489213	0.3456	0.4149	0.2230	0.0760	0.4806	0.2068	0.4167
000311	A	0.870873	0.547930	0.492262	0.3535	0.4220	0.2280	0.0860	0.4857	0.2001	0.4199
000312	A	0.858553	0.572385	0.496032	0.3535	0.3529	0.2220	0.0840	0.4758	0.2045	0.4252
000313	E	0.849907	0.595765	0.500210	0.3535	0.3494	0.2160	0.0790	0.4775	0.2054	0.4306
000314	K	0.834017	0.607238	0.504879	0.3184	0.3807	0.2140	0.0690	0.4765	0.2037	0.4316
000315	A	0.816571	0.621157	0.505686	0.3535	0.4186	0.2140	0.0650	0.4883	0.1932	0.4294
000316	K	0.798683	0.620055	0.503140	0.4282	0.4149	0.2200	0.0620	0.4975	0.1800	0.4271
000317	C	0.720580	0.594629	0.497799	0.4282	0.4186	0.2380	0.0630	0.4829	0.1508	0.4287
000318	E	0.638315	0.570274	0.490652	0.3578	0.3426	0.2230	0.0460	0.4372	0.1426	0.4280
000319	L	0.555805	0.556197	0.479092	0.4245	0.4409	0.2300	0.0670	0.4477	0.1100	0.4293
000320	S	0.466771	0.530978	0.464992	0.3578	0.3599	0.2200	0.0520	0.4001	0.1014	0.4300
000321	S	0.401165	0.510077	0.449996	0.3847	0.2715	0.2340	0.0530	0.3752	0.0960	0.4315
000322	S	0.345454	0.487002	0.436042	0.3359	0.3019	0.2430	0.0610	0.3582	0.0814	0.4327
000323	V	0.329642	0.464633	0.420820	0.3005	0.3019	0.2380	0.0670	0.3426	0.0769	0.4296
000324	Q	0.342444	0.434289	0.406075	0.2820	0.2988	0.2280	0.0680	0.3320	0.0712	0.4242
000325	T	0.376699	0.415154	0.392448	0.2657	0.3019	0.2310	0.0720	0.3304	0.0685	0.4182
000326	D	0.471746	0.401627	0.380516	0.2963	0.3286	0.2270	0.0760	0.3510	0.0783	0.4112
000327	I	0.560342	0.395984	0.369933	0.3053	0.3356	0.2130	0.0640	0.3633	0.1055	0.4029
000328	N	0.612819	0.368621	0.360528	0.3717	0.4369	0.1900	0.0410	0.3900	0.1249	0.3974
000329	L	0.652178	0.345563	0.353755	0.3578	0.4119	0.1700	0.0410	0.3819	0.1423	0.3876
000330	P	0.683880	0.340453	0.348161	0.4556	0.4940	0.1490	0.0540	0.4119	0.1637	0.3827
000331	Y	0.657935	0.342973	0.342235	0.4458	0.4149	0.1450	0.0400	0.3915	0.1528	0.3768
000332	L	0.592681	0.363338	0.334247	0.4379	0.4256	0.1440	0.0320	0.3830	0.1345	0.3712
000333	T	0.516265	0.402562	0.325361	0.3535	0.3983	0.1630	0.0330	0.3599	0.1062	0.3716
000334	M	0.449971	0.454555	0.315718	0.4116	0.4507	0.2270	0.0710	0.3849	0.0854	0.3671
000335	D	0.386055	0.496328	0.305406	0.3717	0.3667	0.2670	0.1040	0.3655	0.0718	0.3706
000336	S	0.361742	0.524948	0.295192	0.3717	0.3667	0.3190	0.1290	0.3732	0.0733	0.3739
000337	S	0.301841	0.551048	0.286946	0.2865	0.3566	0.3510	0.1360	0.3556	0.0918	0.3794
000338	G	0.274638	0.568105	0.281311	0.3535	0.4087	0.3310	0.1190	0.3695	0.0996	0.3850
000339	P	0.235972	0.544627	0.276126	0.3578	0.4051	0.2940	0.1220	0.3523	0.1021	0.3887
000340	K	0.239995	0.540631	0.269742	0.3885	0.3807	0.2810	0.1290	0.3502	0.1017	0.3958
000341	H	0.246909	0.530364	0.262291	0.3668	0.3631	0.2560	0.0960	0.3376	0.0994	0.3956
000342	L	0.229325	0.487467	0.254698	0.3491	0.4441	0.2590	0.0680	0.3372	0.0990	0.3976
000343	N	0.195016	0.445411	0.247535	0.4203	0.4330	0.2280	0.0620	0.3282	0.1060	0.4033
000344	M	0.154904	0.410153	0.239501	0.4282	0.3667	0.2000	0.0600	0.2999	0.1062	0.4025
000345	K	0.084930	0.378489	0.230142	0.3885	0.3983	0.1830	0.0670	0.2773	0.1192	0.4070
000346	L	0.088556	0.315836	0.222397	0.3263	0.3983	0.1800	0.0730	0.2552	0.1031	0.4068
000347	T	0.087575	0.284687	0.216366	0.3184	0.3249	0.1710	0.0860	0.2337	0.0854	0.4097
000348	R	0.081294	0.263020	0.211664	0.3225	0.2436	0.1700	0.0940	0.2154	0.0759	0.4087
000349	A	0.081451	0.236688	0.207030	0.2602	0.2470	0.1570	0.0890	0.1982	0.0621	0.4064
000350	Q	0.085508	0.218424	0.204473	0.1698	0.2129	0.1250	0.0570	0.1694	0.0492	0.4040
000351	F	0.101005	0.203958	0.204058	0.1805	0.2224	0.1140	0.0460	0.1709	0.0467	0.3987
000352	E	0.102074	0.197690	0.203940	0.1844	0.1449	0.0950	0.0340	0.1546	0.0440	0.4025
000353	G	0.109642	0.177013	0.203339	0.2558	0.1881	0.0970	0.0340	0.1718	0.0545	0.4036
000354	I	0.122741	0.164566	0.203717	0.1766	0.2094	0.1000	0.0370	0.1628	0.0401	0.4001
000355	V	0.125426	0.150922	0.204716	0.1698	0.1791	0.0930	0.0330	0.1539	0.0364	0.3995
000356	T	0.119921	0.137931	0.206175	0.2041	0.1914	0.1050	0.0280	0.1608	0.0411	0.3961
000357	D	0.111485	0.123359	0.207129	0.2209	0.2609	0.1160	0.0360	0.1733	0.0587	0.3926
000358	L	0.131906	0.120179	0.208822	0.2333	0.2292	0.1230	0.0470	0.1745	0.0500	0.3882
000359	I	0.123900	0.124380	0.211201	0.2209	0.2034	0.1310	0.0530	0.1691	0.0431	0.3879
000360	R	0.138720	0.136492	0.214813	0.2209	0.2364	0.1360	0.0560	0.1805	0.0440	0.3881
000361	R	0.165482	0.146100	0.219405	0.1878	0.2399	0.1420	0.0600	0.1835	0.0363	0.3899
000362	T	0.201628	0.183211	0.224801	0.2786	0.3087	0.1450	0.0620	0.2237	0.0556	0.3938
000363	I	0.263723	0.215878	0.230189	0.2786	0.3087	0.1550	0.0650	0.2419	0.0496	0.3919
000364	A	0.312872	0.243963	0.237100	0.2385	0.2470	0.1650	0.0580	0.2407	0.0429	0.3921
000365	P	0.394296	0.275091	0.244987	0.3146	0.3286	0.1680	0.0550	0.2877	0.0707	0.3929
000366	C	0.475720	0.305942	0.252904	0.3005	0.3872	0.1830	0.0620	0.3175	0.0937	0.3956
000367	Q	0.509513	0.334695	0.257357	0.3146	0.3840	0.1750	0.0610	0.3292	0.1039	0.4023
000368	K	0.577962	0.360754	0.259686	0.3005	0.3840	0.2010	0.0540	0.3474	0.1197	0.4084
000369	A	0.616134	0.410620	0.261652	0.3717	0.3740	0.2550	0.0760	0.3814	0.1201	0.4122
000370	M	0.651628	0.444460	0.264371	0.4420	0.4582	0.2720	0.0840	0.4222	0.1305	0.4135
000371	Q	0.667901	0.471075	0.268315	0.3630	0.4725	0.2920	0.0920	0.4224	0.1351	0.4191
000372	D	0.636821	0.509623	0.272628	0.3630	0.4119	0.2910	0.0890	0.4141	0.1269	0.4223
000373	A	0.651957	0.553963	0.277786	0.3762	0.3286	0.3300	0.1110	0.4197	0.1357	0.4254
000374	E	0.635337	0.541858	0.282778	0.3939	0.3392	0.3210	0.1040	0.4190	0.1272	0.4288
000375	V	0.631431	0.528459	0.287875	0.3717	0.3087	0.2760	0.0840	0.4007	0.1337	0.4294
000376	S	0.645931	0.540023	0.292547	0.2786	0.2715	0.2330	0.0760	0.3769	0.1569	0.4314
000377	K	0.655162	0.486749	0.297247	0.2748	0.3321	0.2080	0.0780	0.3757	0.1509	0.4337
000378	S	0.668229	0.450590	0.302607	0.2748	0.3019	0.2140	0.0790	0.3686	0.1517	0.4337
000379	D	0.684631	0.425728	0.309275	0.2786	0.3087	0.2080	0.0780	0.3692	0.1550	0.4326
000380	I	0.701778	0.393965	0.316955	0.2865	0.3392	0.1920	0.0710	0.3718	0.1596	0.4331
000381	G	0.689745	0.357176	0.323907	0.3053	0.3392	0.1720	0.0610	0.3645	0.1575	0.4333
000382	E	0.664022	0.326980	0.329277	0.3096	0.3704	0.1620	0.0570	0.3604	0.1507	0.4303
000383	V	0.630211	0.302894	0.331737	0.2748	0.3566	0.1530	0.0550	0.3416	0.1444	0.4260
000384	I	0.613309	0.278836	0.332204	0.3456	0.3215	0.1380	0.0500	0.3383	0.1411	0.4226
000385	L	0.575103	0.290473	0.331846	0.3263	0.3149	0.1280	0.0430	0.3278	0.1307	0.4217
000386	V	0.527739	0.299821	0.331829	0.3359	0.3807	0.1160	0.0330	0.3320	0.1214	0.4242
000387	G	0.507000	0.293887	0.331367	0.3399	0.3840	0.1100	0.0300	0.3277	0.1183	0.4262
000388	G	0.461725	0.297267	0.330596	0.3578	0.3286	0.1170	0.0310	0.3155	0.1027	0.4269
000389	M	0.380769	0.317713	0.329875	0.3456	0.3356	0.1360	0.0360	0.3077	0.0790	0.4279
000390	T	0.347103	0.353501	0.331176	0.2657	0.3356	0.1640	0.0420	0.2996	0.0669	0.4328
000391	R	0.303924	0.383870	0.333314	0.3491	0.3460	0.1660	0.0450	0.3137	0.0701	0.4313
000392	M	0.269786	0.424201	0.334246	0.3630	0.2609	0.1710	0.0430	0.3039	0.0812	0.4292
000393	P	0.213475	0.448568	0.332742	0.2865	0.2436	0.1750	0.0420	0.2833	0.0894	0.4257
000394	K	0.181623	0.443407	0.329267	0.2700	0.3053	0.1910	0.0440	0.2867	0.0887	0.4194
000395	V	0.156757	0.442191	0.323822	0.3263	0.3529	0.1970	0.0560	0.2999	0.0960	0.4142
000396	Q	0.104977	0.425037	0.316362	0.3885	0.4619	0.1860	0.0700	0.3137	0.1291	0.4093
000397	Q	0.071088	0.386137	0.308565	0.4116	0.5254	0.1970	0.0830	0.3166	0.1484	0.4077
000398	T	0.076350	0.366000	0.302820	0.4420	0.5211	0.2070	0.0890	0.3192	0.1471	0.4082
000399	V	0.086752	0.357398	0.298149	0.4420	0.4901	0.1740	0.0650	0.3081	0.1417	0.4076
000400	Q	0.093911	0.342994	0.292017	0.4651	0.4507	0.1650	0.0650	0.3016	0.1370	0.4084
000401	D	0.151865	0.338318	0.284044	0.4379	0.4582	0.1900	0.0730	0.3101	0.1148	0.4131
000402	L	0.207255	0.337100	0.273538	0.3717	0.4901	0.2470	0.0750	0.3211	0.0932	0.4147
000403	F	0.253549	0.332803	0.261773	0.4037	0.5342	0.2460	0.0690	0.3387	0.1035	0.4158
000404	G	0.299701	0.340148	0.248326	0.4037	0.5139	0.2170	0.0610	0.3371	0.0995	0.4141
000405	R	0.338669	0.371293	0.235020	0.4245	0.4864	0.2420	0.0560	0.3497	0.0909	0.4167
000406	A	0.388333	0.402102	0.222203	0.5008	0.4864	0.2660	0.0790	0.3777	0.1035	0.4169
000407	P	0.440541	0.443402	0.210863	0.4513	0.4507	0.2890	0.1150	0.3809	0.0955	0.4163
000408	S	0.470318	0.486729	0.201446	0.3717	0.3631	0.3330	0.1260	0.3711	0.0944	0.4096
000409	K	0.502818	0.526294	0.192456	0.3359	0.3599	0.3660	0.1250	0.3805	0.1112	0.3974
000410	A	0.538305	0.546852	0.183306	0.3096	0.3910	0.3690	0.1340	0.3897	0.1266	0.3869
000411	V	0.568906	0.530210	0.173295	0.3053	0.3599	0.3990	0.1500	0.3895	0.1334	0.3747
000412	N	0.606179	0.517905	0.164547	0.2483	0.2680	0.3780	0.1380	0.3639	0.1554	0.3619
000413	P	0.637409	0.518058	0.157270	0.2786	0.3460	0.3050	0.1110	0.3737	0.1590	0.3497
000414	D	0.633693	0.447809	0.153467	0.2558	0.4369	0.2810	0.0990	0.3681	0.1570	0.3327
000415	E	0.610425	0.387542	0.151694	0.2657	0.4369	0.2090	0.0810	0.3435	0.1543	0.3161
000416	A	0.634297	0.327919	0.150761	0.2558	0.3704	0.1640	0.0700	0.3172	0.1625	0.2955
000417	V	0.675103	0.281419	0.149315	0.3005	0.3215	0.1340	0.0520	0.3103	0.1785	0.2761
000418	A	0.715005	0.234183	0.147998	0.1921	0.2609	0.1130	0.0390	0.2772	0.2020	0.2623
000419	I	0.699670	0.210242	0.146876	0.1240	0.2609	0.1110	0.0420	0.2589	0.2038	0.2542
000420	G	0.665660	0.198465	0.144318	0.1018	0.2783	0.0970	0.0320	0.2476	0.1970	0.2514
000421	A	0.624570	0.193851	0.138801	0.1205	0.2436	0.0800	0.0230	0.2336	0.1825	0.2506
000422	A	0.542885	0.186991	0.131022	0.1805	0.3087	0.0770	0.0240	0.2378	0.1535	0.2500
000423	I	0.498197	0.183976	0.123400	0.1205	0.3117	0.0740	0.0240	0.2187	0.1458	0.2485
000424	Q	0.464570	0.186556	0.116709	0.0965	0.2164	0.0670	0.0220	0.1913	0.1325	0.2541
000425	G	0.386505	0.200191	0.110683	0.0991	0.1424	0.0650	0.0180	0.1674	0.1064	0.2638
000426	G	0.309497	0.199688	0.104073	0.0526	0.0835	0.0700	0.0150	0.1365	0.0906	0.2793
000427	V	0.231520	0.192686	0.098036	0.0387	0.0618	0.0760	0.0150	0.1164	0.0708	0.2992
000428	L	0.159660	0.186923	0.092273	0.0327	0.0985	0.0790	0.0160	0.1082	0.0512	0.3212
000429	A	0.100915	0.189049	0.087444	0.0218	0.0780	0.0850	0.0190	0.0937	0.0495	0.3372
000430	G	0.059446	0.177097	0.083209	0.0441	0.1275	0.0910	0.0230	0.0970	0.0443	0.3513
000431	D	0.056907	0.167796	0.080222	0.0252	0.1528	0.0940	0.0260	0.0962	0.0503	0.3634
000432	V	0.060029	0.160735	0.078868	0.0308	0.1184	0.0870	0.0230	0.0893	0.0415	0.3761
000433	T	0.060234	0.154854	0.079456	0.0502	0.1373	0.0740	0.0190	0.0926	0.0393	0.3912
000434	D	0.084142	0.139151	0.082133	0.0502	0.1424	0.0650	0.0160	0.0938	0.0351	0.4080
000435	V	0.118420	0.129461	0.085702	0.0478	0.1373	0.0570	0.0120	0.0959	0.0349	0.4205
000436	L	0.141889	0.126947	0.088958	0.0268	0.0870	0.0540	0.0100	0.0875	0.0395	0.4315
000437	L	0.159019	0.128687	0.091855	0.0274	0.0967	0.0540	0.0100	0.0929	0.0438	0.4324
000438	L	0.181410	0.128209	0.094740	0.0218	0.1399	0.0520	0.0120	0.1030	0.0538	0.4327
000439	D	0.193023	0.133681	0.096631	0.0414	0.1373	0.0470	0.0110	0.1082	0.0533	0.4250
000440	V	0.195376	0.134318	0.097330	0.0502	0.1583	0.0510	0.0140	0.1144	0.0537	0.4206
000441	T	0.191317	0.136277	0.096436	0.0286	0.1611	0.0530	0.0130	0.1111	0.0577	0.4176
000442	P	0.190464	0.146466	0.096012	0.0259	0.1048	0.0610	0.0200	0.1041	0.0537	0.4146
000443	L	0.164438	0.169461	0.096344	0.0425	0.0909	0.0760	0.0270	0.1066	0.0460	0.4068
000444	S	0.127026	0.190174	0.098236	0.0286	0.0909	0.0640	0.0180	0.0998	0.0506	0.4034
000445	L	0.102565	0.195698	0.101475	0.0128	0.0817	0.0680	0.0210	0.0937	0.0546	0.3983
000446	G	0.076556	0.219291	0.104951	0.0226	0.0765	0.0710	0.0260	0.0952	0.0606	0.3879
000447	I	0.051282	0.226630	0.108122	0.0395	0.0749	0.0820	0.0350	0.0971	0.0620	0.3819
000448	E	0.026009	0.210278	0.110422	0.0441	0.1251	0.0920	0.0390	0.1014	0.0599	0.3806
000449	T	0.018080	0.191097	0.112841	0.0464	0.1852	0.1030	0.0420	0.1095	0.0643	0.3784
000450	L	0.016603	0.182438	0.115710	0.0455	0.1852	0.1100	0.0440	0.1092	0.0630	0.3801
000451	G	0.016284	0.160480	0.119354	0.0789	0.2503	0.1050	0.0430	0.1217	0.0722	0.3779
000452	G	0.016788	0.141384	0.123961	0.0832	0.2503	0.1050	0.0490	0.1201	0.0703	0.3764
000453	V	0.016711	0.148644	0.129033	0.0607	0.1476	0.1000	0.0440	0.1005	0.0482	0.3753
000454	F	0.017082	0.162423	0.134484	0.1117	0.2503	0.1030	0.0430	0.1299	0.0699	0.3751
000455	T	0.026141	0.169482	0.141513	0.0643	0.2541	0.1050	0.0410	0.1267	0.0739	0.3678
000456	K	0.035554	0.183354	0.150697	0.1416	0.3215	0.1180	0.0460	0.1585	0.0859	0.3623
000457	L	0.046961	0.208438	0.161259	0.1349	0.3149	0.1330	0.0440	0.1666	0.0819	0.3618
000458	I	0.046431	0.224821	0.171368	0.2122	0.3983	0.1350	0.0430	0.1980	0.1070	0.3548
000459	N	0.045940	0.252419	0.182272	0.1878	0.3872	0.1390	0.0560	0.1991	0.1047	0.3473
000460	R	0.045241	0.312603	0.194122	0.1958	0.3182	0.1830	0.0800	0.2082	0.0918	0.3428
000461	N	0.061122	0.361878	0.206354	0.2865	0.3117	0.2190	0.0850	0.2411	0.0964	0.3383
000462	T	0.077734	0.388587	0.219730	0.2255	0.3149	0.2700	0.0880	0.2495	0.0958	0.3402
000463	T	0.076432	0.426444	0.234273	0.1698	0.3182	0.3450	0.1010	0.2617	0.1161	0.3442
000464	I	0.069876	0.481040	0.248985	0.2385	0.3566	0.3200	0.0910	0.2858	0.1255	0.3471
000465	P	0.065759	0.515347	0.260773	0.3184	0.4186	0.2740	0.0910	0.3088	0.1399	0.3517
000466	T	0.059730	0.529910	0.271020	0.2963	0.4292	0.2630	0.0860	0.3083	0.1467	0.3563
000467	K	0.071410	0.551311	0.280298	0.2786	0.4330	0.2310	0.0790	0.3077	0.1518	0.3627
000468	K	0.079661	0.542320	0.288957	0.3578	0.5211	0.2050	0.0750	0.3325	0.1645	0.3710
000469	S	0.089718	0.520165	0.296541	0.4458	0.6269	0.2040	0.0640	0.3639	0.1851	0.3814
000470	Q	0.079056	0.512408	0.303086	0.4420	0.6227	0.2090	0.0520	0.3613	0.1844	0.3907
000471	V	0.063308	0.487225	0.309177	0.4333	0.5382	0.2300	0.0680	0.3435	0.1629	0.3993
000472	F	0.062534	0.477560	0.313275	0.4333	0.5419	0.2540	0.0630	0.3471	0.1598	0.4068
000473	S	0.059084	0.481200	0.316228	0.3762	0.4541	0.2560	0.0630	0.3238	0.1410	0.4080
000474	T	0.053958	0.490055	0.317653	0.3939	0.4441	0.2660	0.0800	0.3277	0.1432	0.4090
000475	A	0.053610	0.487669	0.317879	0.4078	0.4619	0.2650	0.1020	0.3322	0.1467	0.4096
000476	A	0.091086	0.469480	0.316910	0.3578	0.3667	0.2630	0.1200	0.3108	0.1163	0.4102
000477	D	0.143926	0.448428	0.316228	0.3005	0.3704	0.2790	0.1370	0.3098	0.0926	0.4119
000478	G	0.218172	0.431969	0.316758	0.2432	0.3774	0.2990	0.1470	0.3145	0.0734	0.4125
000479	Q	0.299779	0.404543	0.318162	0.2657	0.3983	0.3070	0.1450	0.3322	0.0515	0.4121
000480	T	0.384894	0.388682	0.320164	0.2657	0.4017	0.2490	0.1020	0.3351	0.0608	0.4126
000481	Q	0.471919	0.382609	0.323737	0.2786	0.4087	0.2100	0.0790	0.3459	0.0863	0.4135
000482	V	0.559575	0.375993	0.328337	0.3491	0.4476	0.1970	0.0700	0.3762	0.1110	0.4146
000483	E	0.645544	0.377298	0.333138	0.4245	0.5176	0.1620	0.0520	0.4100	0.1505	0.4156
000484	I	0.725177	0.378153	0.336038	0.3939	0.5139	0.1610	0.0490	0.4181	0.1724	0.4196
000485	K	0.758616	0.374142	0.338079	0.3717	0.5211	0.1510	0.0430	0.4190	0.1865	0.4218
000486	V	0.775960	0.380613	0.337075	0.4037	0.5665	0.1520	0.0430	0.4360	0.1945	0.4250
000487	C	0.771022	0.385474	0.334096	0.4556	0.5901	0.1480	0.0400	0.4474	0.1964	0.4276
000488	Q	0.762039	0.394592	0.328857	0.4513	0.4901	0.1400	0.0400	0.4279	0.1869	0.4289
000489	G	0.748736	0.408259	0.323810	0.4379	0.4186	0.1470	0.0400	0.4141	0.1789	0.4305
000490	E	0.699769	0.425584	0.317198	0.3717	0.4119	0.1630	0.0420	0.3982	0.1604	0.4323
000491	R	0.650230	0.423323	0.309888	0.3053	0.4149	0.1680	0.0480	0.3786	0.1481	0.4336
000492	E	0.604564	0.434695	0.302264	0.3096	0.3249	0.1620	0.0480	0.3564	0.1363	0.4330
000493	M	0.568211	0.451946	0.292949	0.3762	0.3910	0.1730	0.0520	0.3755	0.1232	0.4318
000494	A	0.547638	0.463288	0.281469	0.2963	0.3087	0.1940	0.0560	0.3485	0.1195	0.4312
000495	G	0.538289	0.438123	0.267582	0.3668	0.3149	0.1820	0.0630	0.3514	0.1152	0.4303
000496	D	0.533273	0.443977	0.254610	0.2963	0.3215	0.1790	0.0760	0.3381	0.1181	0.4288
000497	N	0.474999	0.407535	0.241722	0.2820	0.3087	0.1740	0.0720	0.3149	0.1003	0.4271
000498	K	0.422730	0.348443	0.229890	0.3535	0.4017	0.1350	0.0520	0.3152	0.1012	0.4246
000499	L	0.386773	0.292877	0.218786	0.2602	0.4292	0.1220	0.0500	0.2850	0.1023	0.4206
000500	L	0.351945	0.230909	0.208808	0.2913	0.4051	0.1010	0.0390	0.2648	0.0993	0.4152
000501	G	0.312114	0.173846	0.199862	0.3146	0.4256	0.0970	0.0340	0.2539	0.1083	0.4116
000502	Q	0.266790	0.148786	0.191921	0.2657	0.4220	0.0960	0.0270	0.2318	0.1045	0.4088
000503	F	0.218967	0.141708	0.186446	0.2865	0.4051	0.1050	0.0320	0.2240	0.0992	0.4069
000504	T	0.157235	0.135344	0.182062	0.3096	0.3704	0.1050	0.0390	0.2099	0.0965	0.4079
000505	L	0.106016	0.144899	0.178934	0.3456	0.4292	0.1110	0.0420	0.2193	0.1236	0.4085
000506	I	0.113240	0.164048	0.176623	0.2748	0.4330	0.1290	0.0520	0.2151	0.1102	0.4079
000507	G	0.136325	0.195636	0.174463	0.2820	0.3494	0.1260	0.0540	0.2106	0.0802	0.4109
000508	I	0.139265	0.226875	0.172547	0.3005	0.3529	0.1520	0.0570	0.2240	0.0790	0.4130
000509	P	0.152830	0.259640	0.169663	0.2385	0.3053	0.1430	0.0460	0.2116	0.0601	0.4158
000510	P	0.190998	0.285245	0.167442	0.3184	0.3774	0.1330	0.0270	0.2454	0.0876	0.4198
000511	A	0.228579	0.310520	0.164606	0.3263	0.3631	0.1300	0.0360	0.2539	0.0859	0.4243
000512	P	0.264554	0.331288	0.160783	0.3184	0.3740	0.1100	0.0290	0.2599	0.0947	0.4261
000513	R	0.314683	0.317163	0.157564	0.2333	0.2951	0.1130	0.0300	0.2384	0.0792	0.4283
000514	G	0.348902	0.325476	0.155149	0.3225	0.3872	0.0930	0.0220	0.2720	0.1083	0.4293
000515	V	0.377936	0.310849	0.155096	0.2385	0.3599	0.0700	0.0170	0.2521	0.1107	0.4302
000516	P	0.375464	0.292700	0.155386	0.3359	0.4409	0.0590	0.0150	0.2766	0.1307	0.4313
000517	Q	0.394838	0.261533	0.156314	0.3806	0.5176	0.0580	0.0160	0.2948	0.1546	0.4312
000518	I	0.399425	0.240640	0.157092	0.3762	0.4441	0.0570	0.0160	0.2790	0.1396	0.4308
000519	E	0.377406	0.210073	0.158281	0.4703	0.4652	0.0520	0.0160	0.2889	0.1588	0.4316
000520	V	0.361080	0.192837	0.160641	0.3630	0.4409	0.0530	0.0170	0.2619	0.1358	0.4329
000521	T	0.326908	0.184206	0.164793	0.2657	0.3494	0.0530	0.0210	0.2240	0.1019	0.4337
000522	F	0.306631	0.179515	0.168045	0.3184	0.3740	0.0680	0.0250	0.2358	0.1055	0.4345
000523	D	0.262821	0.173316	0.171460	0.2209	0.3182	0.0780	0.0280	0.2042	0.0759	0.4366
000524	I	0.219727	0.191040	0.174665	0.2292	0.3117	0.1030	0.0380	0.2048	0.0629	0.4374
000525	D	0.199572	0.212238	0.179390	0.1998	0.3215	0.1110	0.0420	0.2039	0.0622	0.4391
000526	A	0.175138	0.223601	0.184604	0.2558	0.3740	0.1130	0.0450	0.2210	0.0815	0.4413
000527	N	0.159806	0.229326	0.192402	0.2432	0.3392	0.1090	0.0390	0.2122	0.0720	0.4425
000528	G	0.184984	0.239068	0.202829	0.2209	0.3356	0.1110	0.0330	0.2157	0.0672	0.4447
000529	I	0.236529	0.243339	0.216635	0.3005	0.4119	0.1130	0.0330	0.2536	0.0903	0.4457
000530	V	0.281868	0.273554	0.231983	0.2786	0.3948	0.1110	0.0380	0.2620	0.0838	0.4459
000531	H	0.305925	0.320671	0.249891	0.3456	0.4685	0.1230	0.0400	0.3023	0.1038	0.4454
000532	V	0.312426	0.384655	0.267246	0.3491	0.4725	0.1560	0.0370	0.3236	0.0983	0.4430
000533	S	0.311457	0.453820	0.282953	0.4458	0.5758	0.2100	0.0520	0.3800	0.1233	0.4392
000534	A	0.304087	0.504275	0.297826	0.4420	0.4901	0.2540	0.0780	0.3820	0.0998	0.4359
000535	K	0.320883	0.562316	0.315067	0.5331	0.5139	0.2720	0.0850	0.4196	0.1187	0.4323
000536	D	0.348408	0.564838	0.335617	0.4513	0.4369	0.3000	0.0890	0.4062	0.0892	0.4303
000537	K	0.351047	0.551966	0.357647	0.4379	0.4685	0.3730	0.1200	0.4234	0.0717	0.4290
000538	G	0.342323	0.598460	0.380108	0.3762	0.4582	0.3730	0.0880	0.4214	0.0866	0.4289
000539	T	0.342875	0.582554	0.402633	0.3847	0.4582	0.3350	0.0850	0.4176	0.0843	0.4288
000540	G	0.343426	0.574697	0.425496	0.4651	0.5342	0.3380	0.0810	0.4468	0.0888	0.4293
000541	R	0.371944	0.566263	0.448343	0.5296	0.6043	0.2980	0.0880	0.4698	0.1083	0.4317
000542	E	0.442616	0.560260	0.471283	0.5173	0.5139	0.2770	0.1010	0.4638	0.0912	0.4354
000543	Q	0.512063	0.558799	0.493166	0.5762	0.5807	0.2600	0.1050	0.4968	0.1108	0.4443
000544	Q	0.576437	0.546268	0.513275	0.5229	0.5665	0.2700	0.1140	0.4992	0.1049	0.4565
000545	I	0.631640	0.540231	0.531484	0.5549	0.6136	0.2590	0.1140	0.5219	0.1230	0.4694
000546	V	0.674428	0.551325	0.548633	0.5583	0.6375	0.2280	0.0910	0.5330	0.1445	0.4803
000547	I	0.694283	0.566492	0.564804	0.5473	0.5419	0.2200	0.0760	0.5224	0.1448	0.4862
000548	Q	0.717857	0.584380	0.581469	0.5623	0.5620	0.2160	0.0860	0.5373	0.1535	0.4893
000549	S	0.688757	0.608514	0.597924	0.5043	0.5758	0.2210	0.0890	0.5327	0.1496	0.4934
000550	S	0.670391	0.625178	0.615301	0.5084	0.5493	0.2030	0.0760	0.5286	0.1547	0.4948
000551	G	0.614903	0.648383	0.631958	0.5126	0.4901	0.2160	0.0870	0.5189	0.1481	0.4986
000552	G	0.608503	0.665362	0.648056	0.5008	0.4831	0.2430	0.1000	0.5248	0.1436	0.5059
000553	L	0.579870	0.686517	0.664656	0.4379	0.4801	0.2560	0.0950	0.5175	0.1473	0.5113
000554	S	0.501573	0.707156	0.680454	0.4149	0.4507	0.2460	0.0920	0.5001	0.1579	0.5079
000555	K	0.422808	0.721347	0.696377	0.4078	0.4541	0.2730	0.0830	0.4959	0.1610	0.5033
000556	D	0.344227	0.728461	0.710843	0.4513	0.5176	0.3220	0.0970	0.5124	0.1604	0.5012
000557	D	0.266756	0.732404	0.726187	0.5043	0.4940	0.3710	0.1060	0.5158	0.1706	0.4990
000558	I	0.242949	0.732040	0.739808	0.5549	0.5456	0.4230	0.0920	0.5398	0.1727	0.5030
000559	E	0.236047	0.721500	0.752109	0.4825	0.5533	0.3960	0.0900	0.5235	0.1793	0.5057
000560	N	0.286943	0.723845	0.761503	0.4556	0.5665	0.4360	0.1010	0.5385	0.1660	0.5081
000561	M	0.295128	0.744285	0.769726	0.4556	0.5807	0.4770	0.0830	0.5537	0.1664	0.5135
000562	V	0.327793	0.757425	0.775403	0.4513	0.5807	0.4890	0.0910	0.5637	0.1615	0.5059
000563	K	0.367978	0.784079	0.781243	0.4556	0.5758	0.5150	0.0900	0.5800	0.1564	0.4910
000564	N	0.465966	0.797786	0.788162	0.5008	0.6482	0.5980	0.0790	0.6331	0.1279	0.4776
000565	A	0.564344	0.822548	0.795944	0.4825	0.6375	0.6300	0.0730	0.6555	0.1203	0.4694
000566	E	0.664433	0.832906	0.801500	0.4703	0.6620	0.6240	0.0790	0.6759	0.1195	0.4537
000567	K	0.763543	0.843826	0.803403	0.4458	0.6482	0.6840	0.0870	0.6982	0.1310	0.4354
000568	Y	0.847922	0.851617	0.803042	0.4458	0.5620	0.7510	0.0960	0.7102	0.1534	0.4208
000569	A	0.876403	0.850997	0.801676	0.4967	0.6661	0.7160	0.0980	0.7346	0.1290	0.3970
000570	E	0.889923	0.854363	0.800159	0.4513	0.6269	0.7140	0.1130	0.7227	0.1496	0.3688
000571	E	0.903479	0.857084	0.798650	0.4513	0.5456	0.7560	0.1160	0.7186	0.1646	0.3465
000572	D	0.944506	0.857635	0.796750	0.4458	0.5807	0.7830	0.1140	0.7347	0.1696	0.3302
000573	R	0.936208	0.853034	0.794931	0.4420	0.6375	0.7910	0.1120	0.7424	0.1613	0.3185
000574	R	0.921428	0.851355	0.793712	0.4600	0.6227	0.7900	0.1110	0.7398	0.1543	0.3230
000575	K	0.909354	0.851608	0.792576	0.4379	0.6269	0.7840	0.1210	0.7337	0.1579	0.3319
000576	K	0.896735	0.844212	0.791004	0.4458	0.6576	0.7890	0.1210	0.7374	0.1493	0.3453
000577	E	0.886304	0.839238	0.788946	0.4458	0.5620	0.7740	0.1340	0.7160	0.1579	0.3677
000578	R	0.877656	0.835618	0.788424	0.4556	0.5055	0.7870	0.1300	0.7083	0.1646	0.3991
000579	V	0.875729	0.827108	0.789495	0.4703	0.6136	0.7740	0.1550	0.7251	0.1397	0.4407
000580	E	0.868415	0.817139	0.791801	0.4458	0.6576	0.7350	0.1730	0.7193	0.1390	0.4858
000581	A	0.857023	0.792009	0.793889	0.4458	0.6427	0.7300	0.1560	0.7103	0.1355	0.5380
000582	V	0.844812	0.792494	0.794390	0.4556	0.6427	0.7470	0.1540	0.7129	0.1308	0.5803
000583	N	0.842675	0.797794	0.793193	0.4513	0.6322	0.7250	0.1470	0.7071	0.1325	0.6106
000584	M	0.837833	0.808808	0.792181	0.4600	0.6183	0.7240	0.1610	0.7069	0.1316	0.6444
000585	A	0.827473	0.802551	0.791439	0.4781	0.6043	0.6740	0.1590	0.6964	0.1252	0.6554
000586	E	0.792976	0.789716	0.791049	0.4825	0.6322	0.6430	0.1520	0.6886	0.1150	0.6670
000587	G	0.757901	0.789423	0.790356	0.4879	0.6620	0.6910	0.1710	0.6964	0.1048	0.6753
000588	I	0.725895	0.789823	0.790067	0.4749	0.5456	0.7130	0.1820	0.6732	0.1206	0.6804
000589	I	0.695986	0.805043	0.790087	0.4879	0.5382	0.6680	0.1790	0.6642	0.1181	0.6803
000590	H	0.688145	0.804902	0.790214	0.4600	0.6183	0.6400	0.1900	0.6669	0.1159	0.6592
000591	D	0.672583	0.802386	0.790640	0.4420	0.6183	0.6360	0.1920	0.6603	0.1206	0.6325
000592	T	0.660090	0.800292	0.792113	0.4651	0.5665	0.6300	0.1640	0.6523	0.1186	0.6027
000593	E	0.647596	0.808844	0.794031	0.5229	0.6806	0.5790	0.1600	0.6722	0.1042	0.5861
000594	T	0.610900	0.810262	0.797208	0.4556	0.6482	0.6140	0.1660	0.6560	0.1209	0.5793
000595	K	0.606881	0.816676	0.801283	0.5084	0.6755	0.5470	0.1390	0.6593	0.1178	0.5742
000596	M	0.567446	0.820390	0.804933	0.5043	0.7120	0.5500	0.1060	0.6599	0.1254	0.5866
000597	E	0.527632	0.821929	0.808160	0.5043	0.6183	0.5300	0.0900	0.6351	0.1322	0.5805
000598	E	0.472832	0.824857	0.810274	0.5126	0.6322	0.5580	0.0820	0.6351	0.1378	0.5805
000599	F	0.407827	0.828775	0.812429	0.5084	0.6991	0.5760	0.0830	0.6388	0.1550	0.5825
000600	K	0.343408	0.830356	0.813921	0.5514	0.7036	0.4920	0.0760	0.6224	0.1763	0.5652
000601	D	0.270871	0.831905	0.814191	0.5253	0.6661	0.5280	0.0810	0.6061	0.1927	0.5712
000602	Q	0.213713	0.829035	0.813276	0.4651	0.6661	0.5550	0.0820	0.5904	0.2126	0.5819
000603	L	0.172253	0.819868	0.811721	0.4513	0.6755	0.5720	0.1060	0.5837	0.2248	0.5930
000604	P	0.120447	0.822575	0.810317	0.4556	0.5854	0.5100	0.0830	0.5507	0.2375	0.5804
000605	A	0.150308	0.822266	0.808704	0.4651	0.5854	0.5210	0.0890	0.5588	0.2272	0.5664
000606	D	0.194788	0.815620	0.807366	0.4245	0.5807	0.5490	0.1010	0.5619	0.2156	0.5428
000607	E	0.265059	0.812314	0.806610	0.4379	0.5854	0.5940	0.1090	0.5835	0.1936	0.5116
000608	C	0.332740	0.814626	0.806976	0.4282	0.5665	0.6130	0.1180	0.5937	0.1784	0.5048
000609	N	0.399794	0.823648	0.806638	0.4149	0.5665	0.6090	0.1260	0.6034	0.1674	0.4854
000610	K	0.491107	0.831649	0.805777	0.4825	0.5951	0.6230	0.1380	0.6383	0.1375	0.4666
000611	L	0.576255	0.837827	0.804612	0.5043	0.5419	0.6360	0.1370	0.6502	0.1276	0.4754
000612	K	0.676205	0.849614	0.803475	0.4458	0.5139	0.6180	0.1400	0.6511	0.1445	0.4739
000613	E	0.776020	0.858622	0.803024	0.3847	0.4979	0.6540	0.1410	0.6623	0.1710	0.4804
000614	E	0.828201	0.865283	0.803407	0.4245	0.5533	0.6870	0.1270	0.6936	0.1591	0.4881
000615	I	0.865677	0.864865	0.803381	0.3847	0.5254	0.7070	0.1250	0.6919	0.1802	0.5066
000616	S	0.895667	0.867275	0.802387	0.3992	0.5456	0.6980	0.1260	0.7014	0.1784	0.5174
000617	K	0.915405	0.856691	0.800028	0.4037	0.5419	0.7170	0.1270	0.7058	0.1797	0.5308
000618	M	0.936569	0.851620	0.798371	0.3992	0.5342	0.7560	0.1070	0.7126	0.1865	0.5482
000619	R	0.932510	0.865093	0.797056	0.4556	0.6089	0.7700	0.0920	0.7381	0.1607	0.5486
000620	E	0.924137	0.871769	0.796214	0.4556	0.6043	0.7700	0.0790	0.7370	0.1605	0.5557
000621	L	0.918245	0.877055	0.794985	0.4749	0.6322	0.7970	0.0850	0.7490	0.1518	0.5603
000622	L	0.912762	0.865829	0.792913	0.5253	0.6375	0.7890	0.1010	0.7539	0.1331	0.5454
000623	A	0.906982	0.875392	0.789527	0.5412	0.6427	0.7920	0.0990	0.7579	0.1281	0.5310
000624	R	0.889139	0.878176	0.784842	0.4600	0.6427	0.8090	0.1030	0.7439	0.1505	0.5067
000625	K	0.872061	0.882168	0.779386	0.4556	0.6089	0.8320	0.1050	0.7384	0.1558	0.4830
000626	D	0.867998	0.877894	0.773530	0.5126	0.6712	0.8230	0.1210	0.7544	0.1282	0.4670
000627	S	0.859030	0.877255	0.769206	0.4825	0.6712	0.8340	0.1300	0.7489	0.1374	0.4591
000628	E	0.855780	0.875847	0.765851	0.4749	0.6906	0.8230	0.1430	0.7477	0.1365	0.4523
000629	T	0.850233	0.875105	0.763486	0.4879	0.6375	0.8370	0.1300	0.7419	0.1381	0.4444
000630	G	0.843500	0.878407	0.760758	0.4918	0.6531	0.8420	0.1200	0.7449	0.1352	0.4557
000631	E	0.835706	0.875378	0.758265	0.4282	0.6482	0.8500	0.1110	0.7326	0.1556	0.4654
000632	N	0.828209	0.875735	0.756564	0.4967	0.6991	0.8340	0.1170	0.7484	0.1263	0.4761
000633	I	0.823540	0.872026	0.755873	0.5549	0.7672	0.8320	0.1200	0.7676	0.1029	0.5038
000634	R	0.787471	0.874000	0.756082	0.5549	0.7209	0.7960	0.1410	0.7483	0.0982	0.5239
000635	Q	0.751220	0.876663	0.756259	0.5583	0.7120	0.7910	0.1420	0.7408	0.0961	0.5634
000636	A	0.719994	0.876993	0.756536	0.5173	0.6661	0.7680	0.1490	0.7175	0.1097	0.6020
000637	A	0.683278	0.877467	0.757147	0.5008	0.5665	0.7490	0.1430	0.6890	0.1253	0.6416
000638	S	0.596276	0.876026	0.758333	0.4600	0.5707	0.7210	0.1390	0.6637	0.1366	0.6868
000639	S	0.503371	0.883367	0.759580	0.4037	0.5533	0.6770	0.1170	0.6301	0.1614	0.7273
000640	L	0.410060	0.885728	0.760897	0.4149	0.5382	0.6650	0.0910	0.6124	0.1756	0.7746
000641	Q	0.315884	0.886884	0.762147	0.4078	0.4685	0.6460	0.0980	0.5812	0.2015	0.8044
000642	Q	0.230194	0.890851	0.763624	0.3885	0.4507	0.6470	0.1260	0.5617	0.2268	0.8399
000643	A	0.175103	0.890407	0.765638	0.3225	0.4292	0.6340	0.1300	0.5361	0.2500	0.8710
000644	S	0.120096	0.891890	0.768301	0.3885	0.4725	0.6230	0.0880	0.5441	0.2538	0.8909
000645	L	0.067175	0.892249	0.771286	0.3762	0.4652	0.6690	0.0750	0.5402	0.2739	0.9162
000646	K	0.025341	0.899464	0.774505	0.3630	0.4619	0.7200	0.1050	0.5408	0.2941	0.9303
000647	L	0.036082	0.901546	0.778978	0.3668	0.4831	0.7710	0.1080	0.5562	0.2963	0.9442
000648	F	0.053427	0.906181	0.785096	0.3939	0.4901	0.7740	0.0980	0.5671	0.2901	0.9503
000649	E	0.072258	0.913120	0.791730	0.3992	0.4979	0.7640	0.0940	0.5731	0.2848	0.9493
000650	M	0.095142	0.918749	0.798114	0.4078	0.4940	0.8040	0.0880	0.5863	0.2842	0.9466
000651	A	0.118031	0.924541	0.803726	0.4749	0.5533	0.8210	0.0860	0.6159	0.2721	0.9356
000652	Y	0.147760	0.932290	0.809205	0.4651	0.5493	0.8280	0.0890	0.6219	0.2672	0.9222
000653	K	0.217411	0.939603	0.815268	0.4556	0.5419	0.8130	0.0950	0.6304	0.2490	0.8967
000654	K	0.289441	0.945322	0.821790	0.4879	0.5620	0.8160	0.0890	0.6537	0.2266	0.8676
000655	M	0.364770	0.950393	0.829208	0.4918	0.5620	0.8290	0.0760	0.6712	0.2104	0.8420
000656	A	0.439678	0.954961	0.836398	0.5473	0.6322	0.8330	0.0790	0.7072	0.1810	0.7900
000657	S	0.492618	0.961377	0.843932	0.5583	0.6531	0.8400	0.0780	0.7249	0.1684	0.7255
000658	E	0.537083	0.965351	0.850869	0.5941	0.7209	0.8490	0.0720	0.7530	0.1510	0.6425
000659	R	0.610537	0.968722	0.857469	0.6474	0.8085	0.8720	0.0670	0.7942	0.1265	0.5709
000660	E	0.686026	0.971461	0.864101	0.6412	0.7881	0.8950	0.0620	0.8076	0.1158	0.5164
000661	G	0.754647	0.973651	0.871272	0.6604	0.8050	0.9080	0.0560	0.8289	0.1029	0.4573
000662	S	0.789426	0.976164	0.878945	0.6650	0.8235	0.9220	0.0470	0.8425	0.1002	0.4161
000663	G	0.821226	0.978630	0.886337	0.7275	0.8853	0.9260	0.0360	0.8708	0.0797	0.3835
000664	S	0.837860	0.981999	0.892461	0.7458	0.8853	0.9170	0.0440	0.8767	0.0727	0.3605
000665	S	0.848828	0.984652	0.897249	0.7644	0.9013	0.9080	0.0580	0.8840	0.0667	0.3281
000666	G	0.884042	0.986689	0.901088	0.7605	0.9151	0.8970	0.0680	0.8907	0.0670	0.2891
000667	T	0.928922	0.988613	0.904952	0.7817	0.9151	0.8990	0.0780	0.9031	0.0617	0.2660
000668	G	0.943071	0.990574	0.908540	0.7817	0.9168	0.9030	0.0750	0.9073	0.0634	0.2477
000669	E	0.955351	0.992328	0.912092	0.7605	0.9081	0.9070	0.0720	0.9059	0.0720	0.2287
000670	Q	0.967220	0.992992	0.915588	0.7644	0.9106	0.9870	0.0180	0.9230	0.0778	0.2090
000671	K	0.971877	0.993676	0.919444	0.7951	0.9081	0.9780	0.0310	0.9276	0.0669	0.1920
000672	E	0.975265	0.994268	0.923274	0.8311	0.9081	0.9540	0.0750	0.9309	0.0533	0.1769
000673	D	0.981889	0.994654	0.926876	0.8626	0.9081	0.9260	0.1230	0.9333	0.0444	0.1627
000674	Q	0.988824	0.994912	0.930263	0.8886	0.9081	0.9850	0.0200	0.9494	0.0422	0.1440
000675	K	0.988647	0.995216	0.933712	0.9141	0.9081	0.9820	0.0210	0.9536	0.0360	0.1328
000676	E	0.993964	0.995636	0.937267	0.9348	0.9081	0.9790	0.0230	0.9582	0.0332	0.1235
000677	E	0.997184	0.995883	0.940856	0.9534	0.9081	0.9580	0.0440	0.9590	0.0310	0.1150
000678	K	0.989222	0.996241	0.944360	0.9684	0.9081	0.9110	0.1040	0.9529	0.0348	0.1068
000679	Q	0.965919	0.996758	0.946117	0.9796	0.9081	0.8860	0.1300	0.9471	0.0390	0.0996