RESNUM	RES	VL-XT	VSL2B	VL3	IUPred-S	IUPred-L	PONDRFIT	FITERROR	MDP	MDPERROR	ANCHOR2
000001	M	0.871451	0.855960	0.802969	0.8781	0.1759	0.9760	0.0150	0.7601	0.2663	0.3545
000002	S	0.662705	0.846609	0.799056	0.8626	0.2364	0.9500	0.0400	0.7263	0.2354	0.3549
000003	G	0.740758	0.841836	0.790558	0.7724	0.2951	0.9430	0.0430	0.7306	0.2052	0.3571
000004	S	0.542105	0.824680	0.779899	0.7317	0.2129	0.9040	0.0450	0.6658	0.2308	0.3536
000005	F	0.572731	0.795957	0.769119	0.7111	0.1528	0.9180	0.0190	0.6533	0.2463	0.3466
000006	E	0.507909	0.765707	0.758428	0.6124	0.1791	0.8650	0.0400	0.6148	0.2264	0.3426
000007	L	0.488991	0.709250	0.747914	0.5084	0.2224	0.8230	0.1070	0.5833	0.2021	0.3372
000008	S	0.446547	0.643323	0.736909	0.4651	0.2470	0.7920	0.1190	0.5551	0.1878	0.3360
000009	V	0.419448	0.583519	0.724310	0.4420	0.2680	0.7770	0.1120	0.5358	0.1781	0.3333
000010	Q	0.385119	0.554445	0.712694	0.3939	0.2884	0.7060	0.1550	0.5067	0.1630	0.3326
000011	D	0.322874	0.571094	0.702387	0.3491	0.2292	0.8190	0.1280	0.4990	0.2142	0.3311
000012	L	0.317218	0.565801	0.694190	0.3847	0.1881	0.8040	0.1420	0.4923	0.2152	0.3382
000013	N	0.309715	0.587439	0.685739	0.3005	0.1881	0.7890	0.1570	0.4768	0.2220	0.3444
000014	D	0.323889	0.558038	0.677360	0.2333	0.1298	0.7110	0.1810	0.4389	0.2222	0.3483
000015	L	0.358006	0.571833	0.669025	0.2333	0.1554	0.7210	0.1760	0.4514	0.2153	0.3556
000016	L	0.330886	0.572701	0.658370	0.2531	0.2436	0.6790	0.1880	0.4563	0.1854	0.3697
000017	S	0.315507	0.563688	0.645300	0.2558	0.2328	0.6410	0.1800	0.4423	0.1780	0.3891
000018	D	0.339316	0.555791	0.631002	0.3263	0.3392	0.5650	0.2100	0.4595	0.1268	0.4086
000019	G	0.368586	0.582301	0.616782	0.3311	0.2541	0.5150	0.1880	0.4446	0.1345	0.4293
000020	S	0.424644	0.565018	0.601908	0.4149	0.3249	0.4660	0.1860	0.4662	0.0936	0.4160
000021	G	0.473338	0.544401	0.585997	0.3184	0.3286	0.4580	0.1960	0.4515	0.1001	0.3958
000022	C	0.539023	0.548654	0.568444	0.3005	0.2575	0.4740	0.1830	0.4480	0.1236	0.3779
000023	Y	0.581819	0.529383	0.549345	0.3762	0.3356	0.5220	0.1700	0.4825	0.0922	0.3741
000024	S	0.591452	0.508009	0.528280	0.3146	0.3566	0.5320	0.1720	0.4718	0.1003	0.3672
000025	L	0.650558	0.499527	0.505806	0.2820	0.3460	0.5670	0.1440	0.4751	0.1256	0.3596
000026	P	0.712776	0.496433	0.482874	0.3806	0.3426	0.4880	0.1710	0.4840	0.1178	0.3498
000027	S	0.728079	0.479086	0.459218	0.4458	0.3392	0.5390	0.1530	0.4984	0.1186	0.3411
000028	Q	0.731581	0.461916	0.436563	0.3717	0.2849	0.5130	0.1510	0.4666	0.1386	0.3403
000029	P	0.775579	0.453694	0.414187	0.2820	0.2680	0.4710	0.1520	0.4440	0.1678	0.3441
000030	C	0.791903	0.421948	0.392912	0.2209	0.2817	0.4590	0.1470	0.4280	0.1821	0.3460
000031	N	0.799214	0.392860	0.372095	0.2167	0.2503	0.4080	0.1540	0.4065	0.1897	0.3523
000032	E	0.811419	0.360462	0.351558	0.2209	0.2503	0.3890	0.1520	0.3973	0.1948	0.3616
000033	V	0.827448	0.321134	0.332183	0.2748	0.2715	0.3650	0.1510	0.3986	0.1945	0.3665
000034	T	0.811958	0.281061	0.314247	0.3456	0.3149	0.2960	0.1390	0.3939	0.1880	0.3651
000035	P	0.811637	0.246216	0.298078	0.2786	0.3286	0.2350	0.1170	0.3663	0.2016	0.3687
000036	R	0.789365	0.225735	0.282668	0.3146	0.4186	0.1780	0.0830	0.3682	0.2027	0.3686
000037	I	0.796679	0.208945	0.267880	0.2913	0.3019	0.1160	0.0350	0.3305	0.2177	0.3714
000038	Y	0.766090	0.200453	0.253844	0.3053	0.3356	0.0990	0.0290	0.3267	0.2109	0.3732
000039	V	0.703388	0.194193	0.241127	0.2167	0.3249	0.0870	0.0200	0.2945	0.1959	0.3695
000040	G	0.635770	0.214232	0.230462	0.2122	0.2193	0.0810	0.0150	0.2656	0.1731	0.3601
000041	N	0.568560	0.223786	0.218721	0.3005	0.3182	0.0790	0.0110	0.2849	0.1484	0.3582
000042	A	0.486246	0.220024	0.204823	0.2255	0.3053	0.0800	0.0150	0.2537	0.1233	0.3558
000043	S	0.422304	0.227487	0.189115	0.2209	0.2094	0.0820	0.0190	0.2252	0.1007	0.3523
000044	V	0.342145	0.255840	0.174259	0.2820	0.2645	0.0810	0.0190	0.2333	0.0841	0.3546
000045	A	0.314037	0.279503	0.160487	0.2080	0.1823	0.0830	0.0190	0.2045	0.0763	0.3538
000046	Q	0.257590	0.293048	0.147301	0.1805	0.1583	0.0930	0.0190	0.1882	0.0678	0.3547
000047	D	0.195340	0.323307	0.135260	0.1117	0.1611	0.1290	0.0380	0.1759	0.0711	0.3569
000048	I	0.166588	0.356794	0.123976	0.1635	0.1759	0.1370	0.0470	0.1874	0.0778	0.3597
000049	P	0.146519	0.345342	0.112595	0.2333	0.1791	0.1200	0.0470	0.1895	0.0805	0.3662
000050	K	0.108789	0.333903	0.101312	0.2292	0.2470	0.1250	0.0510	0.1909	0.0858	0.3785
000051	L	0.103803	0.318245	0.091697	0.1635	0.2193	0.1020	0.0430	0.1665	0.0811	0.3933
000052	Q	0.107845	0.291735	0.083369	0.1635	0.1791	0.0820	0.0340	0.1512	0.0730	0.3993
000053	K	0.115626	0.256182	0.077235	0.1602	0.2258	0.0720	0.0290	0.1512	0.0704	0.4028
000054	L	0.095477	0.217832	0.072890	0.1292	0.2258	0.0680	0.0260	0.1349	0.0645	0.4088
000055	G	0.080641	0.190863	0.069851	0.1878	0.2918	0.0630	0.0180	0.1474	0.0836	0.4034
000056	I	0.067499	0.158695	0.066851	0.2122	0.3215	0.0790	0.0160	0.1510	0.0932	0.4040
000057	T	0.053596	0.150139	0.063529	0.2167	0.2094	0.0760	0.0160	0.1283	0.0675	0.4006
000058	H	0.040107	0.165421	0.060173	0.2041	0.1702	0.0720	0.0130	0.1187	0.0631	0.4029
000059	V	0.038212	0.174483	0.055765	0.1958	0.2503	0.0800	0.0190	0.1323	0.0788	0.4045
000060	L	0.035361	0.203173	0.050088	0.1456	0.1643	0.0870	0.0220	0.1142	0.0612	0.4027
000061	N	0.026872	0.254569	0.042429	0.1495	0.1759	0.1100	0.0310	0.1266	0.0781	0.3930
000062	A	0.015273	0.319530	0.033872	0.1566	0.2503	0.1580	0.0650	0.1556	0.1083	0.3852
000063	A	0.014540	0.371746	0.025338	0.1495	0.2541	0.1720	0.0650	0.1645	0.1246	0.3824
000064	E	0.013391	0.391487	0.017944	0.1416	0.2224	0.1660	0.0580	0.1587	0.1288	0.3811
000065	G	0.012819	0.409829	0.011204	0.2167	0.3117	0.1630	0.0660	0.1875	0.1460	0.3755
000066	R	0.015497	0.418795	0.004416	0.1844	0.2129	0.1490	0.0580	0.1641	0.1387	0.3781
000067	S	0.021397	0.388346	-0.002462	0.2748	0.2193	0.1400	0.0570	0.1735	0.1377	0.3801
000068	F	0.028274	0.344743	-0.009121	0.1878	0.2164	0.1310	0.0590	0.1499	0.1185	0.3875
000069	M	0.032123	0.315204	-0.015957	0.1150	0.2224	0.1130	0.0470	0.1303	0.1112	0.3832
000070	H	0.034717	0.294925	-0.023231	0.1602	0.2817	0.1240	0.0530	0.1454	0.1171	0.3767
000071	V	0.032363	0.291437	-0.030697	0.2333	0.3529	0.1330	0.0640	0.1687	0.1371	0.3674
000072	N	0.031403	0.307978	-0.037096	0.2292	0.2575	0.1320	0.0570	0.1535	0.1239	0.3604
000073	T	0.030199	0.320010	-0.041534	0.2602	0.2951	0.1430	0.0620	0.1679	0.1362	0.3517
000074	N	0.029642	0.339749	-0.044935	0.2122	0.2470	0.1650	0.0780	0.1582	0.1301	0.3428
000075	A	0.026146	0.346286	-0.048167	0.1958	0.1643	0.1680	0.0800	0.1420	0.1261	0.3359
000076	N	0.019015	0.339495	-0.051696	0.1349	0.1643	0.1690	0.0820	0.1291	0.1238	0.3354
000077	F	0.011002	0.326867	-0.054916	0.0813	0.1007	0.1700	0.0750	0.1059	0.1214	0.3330
000078	Y	0.005537	0.331015	-0.057908	0.0789	0.1028	0.1450	0.0530	0.1009	0.1223	0.3231
000079	K	0.000141	0.308363	-0.060685	0.0813	0.1501	0.1200	0.0330	0.0999	0.1172	0.3071
000080	D	0.000112	0.275169	-0.062706	0.0965	0.1914	0.1100	0.0270	0.1017	0.1122	0.2962
000081	S	0.000551	0.248811	-0.063966	0.0701	0.1969	0.0910	0.0290	0.0905	0.1070	0.2850
000082	G	0.000684	0.205620	-0.064715	0.1088	0.2645	0.0840	0.0360	0.0998	0.1122	0.2780
000083	I	0.000820	0.172774	-0.065145	0.1117	0.2645	0.0740	0.0300	0.0931	0.1080	0.2740
000084	T	0.001096	0.169611	-0.066107	0.1117	0.2752	0.0760	0.0280	0.0946	0.1106	0.2707
000085	Y	0.003407	0.175818	-0.067875	0.1178	0.1671	0.1120	0.0540	0.0846	0.0883	0.2696
000086	L	0.019337	0.199509	-0.069938	0.1566	0.2034	0.1220	0.0610	0.1051	0.0996	0.2658
000087	G	0.019895	0.215924	-0.071402	0.0935	0.1323	0.1300	0.0700	0.0867	0.0914	0.2549
000088	I	0.019929	0.234121	-0.072253	0.1602	0.2164	0.1450	0.0760	0.1173	0.1092	0.2488
000089	K	0.020587	0.254000	-0.072560	0.1566	0.2680	0.1310	0.0590	0.1262	0.1211	0.2475
000090	A	0.021665	0.277406	-0.072036	0.1566	0.1914	0.1400	0.0620	0.1192	0.1141	0.2480
000091	N	0.023089	0.301556	-0.069811	0.1240	0.1070	0.1610	0.0720	0.1078	0.1150	0.2518
000092	D	0.044603	0.341710	-0.066701	0.0789	0.1184	0.1740	0.0770	0.1152	0.1253	0.2609
000093	T	0.066708	0.350057	-0.063223	0.0464	0.1229	0.1770	0.0750	0.1166	0.1277	0.2695
000094	Q	0.067979	0.359044	-0.059867	0.0884	0.1643	0.1520	0.0690	0.1287	0.1263	0.2800
000095	E	0.055626	0.348352	-0.056513	0.0909	0.1349	0.1370	0.0570	0.1184	0.1216	0.2886
000096	F	0.062657	0.315698	-0.052534	0.1150	0.2129	0.1290	0.0440	0.1305	0.1151	0.2922
000097	N	0.070543	0.291742	-0.048323	0.1456	0.1914	0.1220	0.0430	0.1288	0.1045	0.2924
000098	L	0.077917	0.282775	-0.043976	0.1532	0.1275	0.0970	0.0330	0.1157	0.0972	0.2984
000099	S	0.083667	0.245046	-0.040143	0.1495	0.2034	0.0840	0.0300	0.1209	0.0928	0.3010
000100	A	0.089453	0.205151	-0.036297	0.1018	0.2129	0.0960	0.0410	0.1115	0.0834	0.3041
000101	Y	0.075149	0.182541	-0.031990	0.1292	0.2129	0.0970	0.0430	0.1108	0.0793	0.3096
000102	F	0.054488	0.171852	-0.027242	0.1349	0.1399	0.0870	0.0330	0.0935	0.0660	0.3087
000103	E	0.056935	0.165225	-0.022440	0.1060	0.1115	0.0790	0.0220	0.0827	0.0576	0.3021
000104	R	0.060015	0.169914	-0.017803	0.0677	0.1137	0.0740	0.0180	0.0780	0.0568	0.2910
000105	A	0.065493	0.182414	-0.013207	0.0502	0.1070	0.0790	0.0240	0.0785	0.0591	0.2753
000106	A	0.068398	0.184160	-0.007910	0.0478	0.1048	0.0720	0.0130	0.0782	0.0583	0.2620
000107	D	0.069508	0.184843	-0.001694	0.0813	0.1791	0.0820	0.0170	0.0991	0.0651	0.2520
000108	F	0.074254	0.203161	0.005970	0.0789	0.1731	0.0920	0.0220	0.1045	0.0657	0.2448
000109	I	0.082800	0.218084	0.013772	0.1322	0.1881	0.0850	0.0180	0.1200	0.0687	0.2346
000110	D	0.076589	0.239793	0.020827	0.1322	0.1298	0.0960	0.0250	0.1159	0.0668	0.2244
000111	Q	0.075998	0.259180	0.026457	0.1088	0.1070	0.1130	0.0350	0.1150	0.0710	0.2164
000112	A	0.078614	0.269426	0.032009	0.1060	0.1731	0.1280	0.0490	0.1311	0.0754	0.2075
000113	L	0.081205	0.256577	0.038634	0.1150	0.1881	0.1450	0.0570	0.1373	0.0710	0.2058
000114	A	0.071694	0.270933	0.046358	0.1088	0.1823	0.1350	0.0470	0.1359	0.0745	0.2073
000115	Q	0.075882	0.283052	0.054856	0.0723	0.1881	0.1320	0.0420	0.1344	0.0802	0.2144
000116	K	0.095906	0.288329	0.063805	0.0965	0.2129	0.1140	0.0400	0.1452	0.0790	0.2273
000117	N	0.106141	0.287740	0.072927	0.1240	0.1671	0.0870	0.0280	0.1408	0.0722	0.2396
000118	G	0.124110	0.276159	0.081902	0.1178	0.1583	0.0720	0.0140	0.1383	0.0679	0.2552
000119	R	0.156478	0.225457	0.091438	0.1178	0.2541	0.0670	0.0090	0.1520	0.0682	0.2743
000120	V	0.188845	0.195378	0.101784	0.1805	0.3321	0.0690	0.0180	0.1779	0.0836	0.2950
000121	L	0.206735	0.174342	0.111822	0.1805	0.3529	0.0720	0.0220	0.1831	0.0884	0.3173
000122	V	0.214584	0.179455	0.121223	0.1766	0.3494	0.0730	0.0240	0.1856	0.0863	0.3376
000123	H	0.228637	0.219687	0.130832	0.2385	0.3019	0.0800	0.0270	0.1999	0.0734	0.3564
000124	C	0.229955	0.279371	0.140683	0.3146	0.3117	0.1050	0.0480	0.2302	0.0815	0.3648
000125	R	0.211387	0.318991	0.150322	0.2700	0.2609	0.1160	0.0550	0.2212	0.0704	0.3682
000126	E	0.197252	0.356304	0.159293	0.2041	0.2193	0.1380	0.0780	0.2124	0.0700	0.3655
000127	G	0.175725	0.372304	0.168629	0.1349	0.1501	0.1350	0.0700	0.1894	0.0833	0.3605
000128	Y	0.161698	0.373347	0.178223	0.1117	0.0929	0.1220	0.0460	0.1733	0.0941	0.3609
000129	S	0.153099	0.335777	0.188906	0.0723	0.0765	0.0950	0.0250	0.1537	0.0916	0.3583
000130	R	0.166362	0.333797	0.198421	0.0464	0.0592	0.1090	0.0340	0.1523	0.0974	0.3575
000131	S	0.223918	0.298973	0.206271	0.0643	0.0888	0.1270	0.0560	0.1682	0.0821	0.3618
000132	P	0.272755	0.245560	0.210999	0.0909	0.1449	0.1230	0.0590	0.1813	0.0662	0.3664
000133	T	0.307343	0.193600	0.216061	0.1380	0.1969	0.1120	0.0540	0.1939	0.0623	0.3673
000134	L	0.327105	0.168641	0.221469	0.1416	0.1583	0.0860	0.0300	0.1839	0.0754	0.3702
000135	V	0.389504	0.136294	0.226753	0.2041	0.2399	0.0660	0.0190	0.2103	0.0998	0.3805
000136	I	0.432479	0.112852	0.230644	0.1667	0.1731	0.0640	0.0220	0.1966	0.1175	0.3932
000137	A	0.434109	0.100822	0.232824	0.1667	0.1611	0.0790	0.0260	0.1957	0.1176	0.4086
000138	Y	0.430311	0.093174	0.233788	0.1178	0.1643	0.1050	0.0360	0.1908	0.1169	0.4261
000139	L	0.394871	0.097707	0.232801	0.1844	0.2064	0.1390	0.0470	0.2092	0.0940	0.4289
000140	M	0.323043	0.124768	0.232003	0.1878	0.1424	0.1630	0.0510	0.1955	0.0665	0.4173
000141	M	0.268500	0.165794	0.232200	0.1566	0.1373	0.1840	0.0540	0.1907	0.0456	0.4123
000142	R	0.236542	0.225811	0.234355	0.0965	0.0851	0.1950	0.0560	0.1789	0.0638	0.4152
000143	Q	0.237971	0.301993	0.238554	0.0813	0.0483	0.2120	0.0590	0.1868	0.0909	0.4181
000144	K	0.259268	0.361767	0.244282	0.0464	0.0483	0.2360	0.0710	0.1993	0.1151	0.4144
000145	M	0.304418	0.397096	0.251031	0.0490	0.0851	0.2910	0.1030	0.2296	0.1234	0.4103
000146	D	0.384048	0.422683	0.258714	0.0744	0.1323	0.2960	0.1310	0.2613	0.1251	0.4180
000147	V	0.464246	0.441793	0.265755	0.1266	0.2064	0.2740	0.1170	0.2965	0.1209	0.4281
000148	K	0.564396	0.422460	0.273320	0.1532	0.2470	0.2170	0.0800	0.3129	0.1389	0.4311
000149	S	0.642985	0.392424	0.279368	0.2255	0.2470	0.1760	0.0840	0.3272	0.1560	0.4185
000150	A	0.724030	0.370322	0.285454	0.3005	0.3182	0.1380	0.0520	0.3561	0.1791	0.4054
000151	L	0.777466	0.325140	0.290842	0.2333	0.3840	0.1070	0.0350	0.3530	0.2083	0.3909
000152	S	0.777449	0.289601	0.297829	0.2602	0.4292	0.0990	0.0320	0.3588	0.2106	0.3752
000153	I	0.705323	0.290821	0.304762	0.2963	0.4330	0.0980	0.0250	0.3546	0.1849	0.3605
000154	V	0.628253	0.310752	0.310890	0.2963	0.4186	0.1040	0.0340	0.3448	0.1572	0.3474
000155	R	0.549848	0.324497	0.316273	0.2963	0.3117	0.1280	0.0590	0.3210	0.1228	0.3295
000156	Q	0.464193	0.362187	0.323163	0.3359	0.2752	0.1510	0.0650	0.3186	0.0944	0.3141
000157	N	0.368223	0.402716	0.331894	0.2558	0.2364	0.1500	0.0550	0.2908	0.0859	0.3117
000158	R	0.298303	0.403803	0.341874	0.2602	0.3117	0.1470	0.0510	0.2938	0.0790	0.3127
000159	E	0.212776	0.400947	0.353547	0.2292	0.2328	0.1330	0.0450	0.2604	0.0900	0.3105
000160	I	0.149816	0.426890	0.365612	0.2333	0.1611	0.1360	0.0350	0.2454	0.1124	0.3158
000161	G	0.131251	0.426015	0.379191	0.1998	0.2002	0.1350	0.0340	0.2452	0.1154	0.3267
000162	P	0.124770	0.399527	0.393506	0.2209	0.1969	0.1410	0.0320	0.2461	0.1112	0.3407
000163	N	0.112079	0.385146	0.409931	0.2292	0.2094	0.1430	0.0360	0.2480	0.1129	0.3575
000164	D	0.100549	0.346586	0.424655	0.2432	0.3019	0.1450	0.0440	0.2603	0.1121	0.3767
000165	G	0.097142	0.293223	0.439354	0.3184	0.3667	0.1430	0.0470	0.2762	0.1203	0.3970
000166	F	0.100842	0.276235	0.454752	0.3225	0.2849	0.1410	0.0430	0.2634	0.1170	0.4234
000167	L	0.108337	0.291596	0.472108	0.3225	0.2470	0.1460	0.0430	0.2645	0.1197	0.4259
000168	A	0.118928	0.289484	0.489701	0.2483	0.2328	0.1540	0.0460	0.2556	0.1193	0.4182
000169	Q	0.124019	0.358179	0.507230	0.2209	0.2399	0.1760	0.0660	0.2710	0.1275	0.4104
000170	L	0.124650	0.391874	0.523578	0.2209	0.2224	0.2340	0.1030	0.2862	0.1321	0.4018
000171	C	0.127257	0.394461	0.538100	0.3225	0.3019	0.3160	0.1600	0.3333	0.1222	0.4021
000172	Q	0.156458	0.411765	0.550774	0.3225	0.2292	0.3750	0.2000	0.3409	0.1272	0.4084
000173	L	0.224236	0.415644	0.563369	0.2865	0.2002	0.6120	0.2560	0.3837	0.1603	0.4118
000174	N	0.275207	0.425685	0.574187	0.2080	0.2193	0.7510	0.2370	0.4089	0.1995	0.4172
000175	D	0.347659	0.428786	0.582386	0.1998	0.2094	0.7690	0.2410	0.4228	0.2025	0.4195
000176	R	0.430963	0.478007	0.587700	0.2385	0.1881	0.7860	0.0990	0.4515	0.2025	0.4219
000177	L	0.511712	0.528639	0.590921	0.3578	0.2715	0.7870	0.0990	0.5079	0.1651	0.4273
000178	A	0.574193	0.586544	0.594990	0.4703	0.3321	0.7890	0.0860	0.5578	0.1381	0.4311
000179	K	0.661608	0.641107	0.599324	0.5374	0.3460	0.7380	0.0640	0.5872	0.1238	0.4314
000180	E	0.750289	0.706086	0.606561	0.5667	0.3087	0.7620	0.0970	0.6168	0.1552	0.4333
000181	G	0.814827	0.747302	0.613658	0.6789	0.3872	0.7820	0.1110	0.6707	0.1430	0.4330
000182	K	0.693260	0.750976	0.621221	0.7724	0.4801	0.8230	0.1050	0.6902	0.1133	0.4321
000183	L	0.911457	0.766521	0.626446	0.8036	0.4409	0.8730	0.0840	0.7369	0.1603	0.4266
000184	K	0.940647	0.732979	0.632098	0.8984	0.5577	0.9130	0.0270	0.7792	0.1478	0.4253
000185	P	0.939950	0.707796	0.634110	0.9208	0.5139	0.9210	0.0430	0.7730	0.1645	0.4212