RESNUM	RES	VL-XT	VSL2B	VL3	IUPred-S	IUPred-L	PONDRFIT	FITERROR	MDP	MDPERROR	ANCHOR2
000001	M	0.975079	0.760267	0.356466	0.9280	0.2918	0.9880	0.0070	0.6572	0.2939	0.3903
000002	E	0.746394	0.762050	0.349693	0.8521	0.3182	0.9790	0.0140	0.6096	0.2548	0.3921
000003	S	0.671996	0.741822	0.338202	0.7418	0.3667	0.9700	0.0180	0.5820	0.2292	0.3961
000004	E	0.678814	0.769118	0.329207	0.6944	0.3948	0.9480	0.0290	0.5808	0.2200	0.4004
000005	Q	0.514098	0.724664	0.320598	0.6557	0.3249	0.9440	0.0410	0.5272	0.2284	0.4025
000006	L	0.413602	0.623905	0.315170	0.6174	0.3631	0.9050	0.0540	0.4871	0.2083	0.4016
000007	F	0.337920	0.528422	0.315680	0.4967	0.3872	0.7570	0.1030	0.4179	0.1587	0.4027
000008	H	0.270188	0.445973	0.314295	0.4556	0.3356	0.7750	0.1000	0.3805	0.1753	0.4064
000009	R	0.200350	0.395257	0.313235	0.4078	0.3566	0.8090	0.0780	0.3615	0.1966	0.4100
000010	G	0.128868	0.365485	0.308096	0.2963	0.3774	0.7500	0.1530	0.3197	0.1949	0.4125
000011	Y	0.086876	0.374841	0.300823	0.2483	0.3774	0.7370	0.1110	0.3041	0.2034	0.4139
000012	Y	0.071755	0.411696	0.294089	0.2865	0.4119	0.6560	0.1000	0.3062	0.1825	0.4165
000013	R	0.065547	0.450837	0.294851	0.2483	0.3872	0.6240	0.0880	0.2959	0.1803	0.4212
000014	N	0.104573	0.484662	0.299142	0.2531	0.3910	0.6590	0.0770	0.3153	0.1829	0.4242
000015	S	0.144996	0.530144	0.306707	0.2385	0.3872	0.6090	0.0840	0.3184	0.1687	0.4263
000016	Y	0.155997	0.575861	0.313450	0.2333	0.3872	0.6270	0.1020	0.3299	0.1788	0.4272
000017	N	0.167314	0.603720	0.321891	0.3146	0.3840	0.6260	0.1290	0.3492	0.1720	0.4294
000018	S	0.235438	0.619070	0.335047	0.4078	0.4087	0.6190	0.1280	0.3817	0.1515	0.4281
000019	I	0.319992	0.634810	0.347964	0.3399	0.4186	0.6220	0.1160	0.3892	0.1438	0.4248
000020	T	0.404690	0.621191	0.359397	0.2820	0.4256	0.5880	0.1020	0.3870	0.1348	0.4232
000021	S	0.485449	0.616523	0.366159	0.2913	0.4051	0.5830	0.1000	0.3969	0.1309	0.4220
000022	A	0.555636	0.625717	0.370880	0.3668	0.4766	0.6130	0.1030	0.4396	0.1222	0.4211
000023	S	0.602338	0.644286	0.373727	0.4149	0.4979	0.6640	0.1210	0.4705	0.1279	0.4196
000024	S	0.641449	0.633772	0.374629	0.4245	0.4330	0.6990	0.1380	0.4720	0.1413	0.4160
000025	D	0.707094	0.632887	0.381239	0.3806	0.3872	0.7530	0.1320	0.4768	0.1733	0.4124
000026	E	0.778736	0.624342	0.385714	0.3146	0.3948	0.7430	0.1370	0.4758	0.1939	0.4085
000027	E	0.798628	0.604114	0.388664	0.3630	0.3631	0.6520	0.1500	0.4635	0.1795	0.4064
000028	L	0.810437	0.561921	0.395548	0.3717	0.3704	0.5240	0.1340	0.4398	0.1687	0.4053
000029	L	0.826281	0.500767	0.401918	0.2963	0.3704	0.4050	0.1270	0.3998	0.1842	0.4062
000030	D	0.849032	0.433817	0.405276	0.3847	0.4292	0.3300	0.1140	0.4044	0.1849	0.4076
000031	G	0.874072	0.386105	0.411778	0.3806	0.4476	0.2980	0.1240	0.3977	0.2000	0.4071
000032	A	0.877879	0.345976	0.417186	0.3806	0.4541	0.2670	0.1180	0.3876	0.2090	0.4082
000033	G	0.850190	0.299988	0.420037	0.4379	0.4801	0.2300	0.0970	0.3831	0.2090	0.4081
000034	V	0.787301	0.289873	0.428913	0.4458	0.4901	0.1930	0.0610	0.3676	0.1990	0.4061
000035	I	0.735266	0.278460	0.438157	0.4600	0.4186	0.1860	0.0560	0.3464	0.1862	0.4052
000036	M	0.713473	0.306447	0.442822	0.4420	0.3426	0.2010	0.0660	0.3342	0.1760	0.4063
000037	D	0.666756	0.357018	0.443347	0.3668	0.3321	0.1990	0.0620	0.3202	0.1600	0.4074
000038	F	0.610199	0.412326	0.444471	0.2865	0.3149	0.2140	0.0630	0.3063	0.1481	0.4083
000039	Q	0.540820	0.446865	0.444790	0.3630	0.3840	0.2090	0.0520	0.3240	0.1258	0.4116
000040	T	0.472562	0.466694	0.445813	0.4333	0.4476	0.2170	0.0690	0.3394	0.1161	0.4142
000041	S	0.424584	0.501707	0.457085	0.4333	0.4186	0.2370	0.0870	0.3358	0.1127	0.4148
000042	E	0.411418	0.538112	0.473282	0.4282	0.3631	0.2630	0.0990	0.3339	0.1169	0.4151
000043	D	0.404720	0.548015	0.487916	0.4245	0.3872	0.2850	0.1020	0.3416	0.1156	0.4158
000044	D	0.382658	0.559797	0.496987	0.3717	0.3840	0.3130	0.1070	0.3352	0.1176	0.4163
000045	N	0.357696	0.569845	0.504879	0.4203	0.4220	0.3360	0.1050	0.3510	0.1167	0.4180
000046	L	0.347317	0.564083	0.509036	0.4825	0.4051	0.3740	0.1090	0.3621	0.1148	0.4191
000047	L	0.340998	0.543859	0.508934	0.5084	0.4409	0.3660	0.0970	0.3666	0.1140	0.4202
000048	D	0.339495	0.535170	0.505521	0.4245	0.3983	0.3390	0.0680	0.3395	0.1130	0.4231
000049	G	0.318144	0.528305	0.499320	0.4967	0.4940	0.3010	0.0590	0.3564	0.1246	0.4255
000050	D	0.313773	0.507743	0.485325	0.4458	0.4901	0.2960	0.0690	0.3422	0.1179	0.4268
000051	T	0.306590	0.485172	0.471792	0.4458	0.4901	0.3090	0.0670	0.3394	0.1116	0.4294
000052	A	0.331621	0.458198	0.467104	0.4458	0.4901	0.3060	0.0750	0.3387	0.1051	0.4317
000053	V	0.401398	0.453010	0.459510	0.4149	0.4685	0.3120	0.0910	0.3416	0.0933	0.4328
000054	G	0.460369	0.441811	0.448557	0.4116	0.3872	0.3160	0.0890	0.3361	0.0895	0.4278
000055	T	0.524198	0.433427	0.440667	0.4037	0.3910	0.3320	0.1170	0.3474	0.0937	0.4250
000056	H	0.580980	0.434521	0.425065	0.3359	0.3774	0.3640	0.1420	0.3488	0.1067	0.4232
000057	Y	0.646128	0.434877	0.410590	0.3847	0.4409	0.3810	0.1300	0.3813	0.1136	0.4211
000058	T	0.724628	0.447879	0.397281	0.4458	0.5176	0.4170	0.1190	0.4254	0.1290	0.4178
000059	M	0.740431	0.489475	0.381750	0.4420	0.5017	0.4810	0.1040	0.4424	0.1289	0.4170
000060	T	0.750576	0.517841	0.365013	0.4333	0.4220	0.5750	0.0940	0.4498	0.1408	0.4132
000061	N	0.730087	0.593192	0.355346	0.4078	0.3426	0.6700	0.1160	0.4572	0.1653	0.4133
000062	G	0.653656	0.624030	0.346765	0.3399	0.3494	0.7150	0.1060	0.4469	0.1716	0.4190
000063	G	0.598951	0.674974	0.340792	0.3096	0.2988	0.7280	0.1180	0.4350	0.1886	0.4239
000064	S	0.571569	0.681329	0.334487	0.3668	0.2752	0.7210	0.1360	0.4360	0.1829	0.4331
000065	I	0.539869	0.647139	0.326413	0.2963	0.2817	0.7070	0.1470	0.4121	0.1810	0.4200
000066	N	0.520075	0.573251	0.316282	0.2385	0.2988	0.6150	0.1510	0.3743	0.1561	0.4113
000067	S	0.509689	0.540176	0.312677	0.2483	0.3321	0.5160	0.1590	0.3577	0.1266	0.4013
000068	S	0.528725	0.509735	0.311462	0.3311	0.3426	0.4170	0.1440	0.3548	0.1006	0.3911
000069	T	0.559485	0.446849	0.305505	0.3717	0.3740	0.3590	0.1160	0.3519	0.0959	0.3767
000070	H	0.617524	0.379464	0.300969	0.3359	0.4087	0.3390	0.1070	0.3468	0.1158	0.3601
000071	L	0.663687	0.358622	0.298779	0.3717	0.3599	0.2970	0.0750	0.3417	0.1348	0.3410
000072	L	0.669190	0.345919	0.287556	0.3762	0.3494	0.2850	0.0700	0.3377	0.1395	0.3284
000073	D	0.636051	0.329318	0.272381	0.3263	0.3494	0.2820	0.0610	0.3206	0.1318	0.3248
000074	L	0.579057	0.328250	0.258769	0.3311	0.2680	0.2640	0.0690	0.2950	0.1198	0.3219
000075	L	0.499927	0.356546	0.245387	0.3263	0.2783	0.2210	0.0630	0.2803	0.1008	0.3233
000076	D	0.417885	0.336712	0.231271	0.3263	0.3566	0.1780	0.0520	0.2693	0.0887	0.3310
000077	E	0.342629	0.323163	0.221364	0.3225	0.2541	0.1740	0.0580	0.2361	0.0716	0.3349
000078	P	0.269365	0.334459	0.220324	0.3146	0.2470	0.1600	0.0680	0.2209	0.0688	0.3359
000079	I	0.193340	0.316538	0.221281	0.2333	0.2503	0.1340	0.0540	0.1878	0.0666	0.3407
000080	P	0.138727	0.300572	0.223161	0.2333	0.1852	0.1040	0.0360	0.1603	0.0744	0.3512
000081	G	0.085447	0.323481	0.226849	0.2483	0.1969	0.0970	0.0310	0.1585	0.0918	0.3612
000082	V	0.045675	0.323892	0.230876	0.2602	0.1852	0.1030	0.0350	0.1530	0.1015	0.3715
000083	G	0.039486	0.307531	0.228000	0.3184	0.2064	0.1190	0.0430	0.1651	0.1060	0.3838
000084	T	0.035834	0.302812	0.227157	0.2167	0.1914	0.1460	0.0430	0.1488	0.0904	0.3904
000085	Y	0.031464	0.292423	0.234789	0.2333	0.2817	0.1820	0.0630	0.1702	0.0957	0.3967
000086	D	0.026815	0.252890	0.243615	0.2865	0.3460	0.1930	0.0670	0.1842	0.1078	0.4035
000087	D	0.028146	0.237180	0.251717	0.2865	0.2609	0.2300	0.0900	0.1737	0.0955	0.4053
000088	F	0.029856	0.238063	0.258581	0.2700	0.2328	0.2990	0.1530	0.1784	0.0984	0.4029
000089	H	0.100530	0.232881	0.267844	0.1921	0.2094	0.3270	0.1640	0.1770	0.0826	0.4101
000090	T	0.158007	0.238713	0.275882	0.2531	0.2715	0.3080	0.1740	0.2049	0.0656	0.4171
000091	I	0.259947	0.253882	0.282169	0.2209	0.2609	0.3500	0.2220	0.2243	0.0615	0.4181
000092	D	0.365105	0.253981	0.288438	0.2080	0.2503	0.3250	0.1980	0.2338	0.0707	0.4246
000093	W	0.475309	0.250465	0.294124	0.2558	0.2884	0.3790	0.2060	0.2749	0.0936	0.4301
000094	V	0.586227	0.313752	0.296956	0.2385	0.2783	0.3460	0.1570	0.2938	0.1238	0.4294
000095	R	0.696934	0.356501	0.299199	0.2255	0.2715	0.3090	0.1270	0.3098	0.1637	0.4102
000096	E	0.799705	0.410917	0.299601	0.2748	0.2849	0.2530	0.0790	0.3372	0.1977	0.3885
000097	K	0.908213	0.485597	0.301689	0.2602	0.2849	0.2810	0.0750	0.3700	0.2363	0.3700
000098	C	0.947930	0.538472	0.301640	0.2080	0.2715	0.4070	0.0860	0.3954	0.2534	0.3492
000099	K	0.998221	0.591570	0.304725	0.2865	0.3566	0.4560	0.1060	0.4482	0.2511	0.3184
000100	D	0.999593	0.647305	0.309545	0.2865	0.3529	0.4800	0.1090	0.4610	0.2550	0.2935
000101	R	0.999672	0.686473	0.312377	0.2820	0.3460	0.6030	0.1100	0.4863	0.2611	0.2677
000102	E	0.999749	0.677462	0.310037	0.3359	0.4369	0.6530	0.1200	0.5172	0.2447	0.2425
000103	R	0.999832	0.678429	0.307941	0.3399	0.4220	0.6520	0.1290	0.5154	0.2458	0.2216
000104	H	0.999890	0.706269	0.308890	0.4282	0.4901	0.6470	0.1460	0.5453	0.2294	0.2025
000105	R	0.999916	0.706457	0.308314	0.4749	0.4507	0.6600	0.1480	0.5486	0.2287	0.1898
000106	R	0.999939	0.718828	0.307073	0.4651	0.4801	0.6620	0.1600	0.5544	0.2280	0.1893
000107	I	0.999964	0.758160	0.302189	0.3847	0.4186	0.6630	0.1750	0.5373	0.2487	0.1905
000108	N	0.999940	0.800228	0.293413	0.3806	0.4256	0.6700	0.1680	0.5460	0.2555	0.1939
000109	S	0.998966	0.805451	0.279708	0.4037	0.4979	0.6930	0.1600	0.5665	0.2495	0.1984
000110	K	0.991763	0.778290	0.265681	0.4078	0.5017	0.7490	0.1810	0.5714	0.2503	0.2069
000111	K	0.987399	0.767092	0.252236	0.4078	0.4119	0.7700	0.2000	0.5574	0.2617	0.2183
000112	K	0.907664	0.771121	0.242829	0.4116	0.3286	0.7790	0.1960	0.5330	0.2576	0.2341
000113	E	0.799717	0.733834	0.232275	0.3311	0.3182	0.7790	0.1760	0.4936	0.2444	0.2516
000114	S	0.692355	0.694196	0.225663	0.2531	0.3019	0.7580	0.1690	0.4499	0.2325	0.2674
000115	A	0.604265	0.658607	0.220085	0.2602	0.2224	0.6930	0.1330	0.4065	0.2141	0.2841
000116	W	0.510185	0.596571	0.209485	0.2483	0.2258	0.6390	0.1470	0.3701	0.1848	0.3035
000117	E	0.399439	0.509647	0.199179	0.1878	0.2328	0.5870	0.1470	0.3194	0.1599	0.3033
000118	M	0.289310	0.456316	0.193905	0.2385	0.2164	0.5330	0.1430	0.2890	0.1321	0.3007
000119	T	0.185404	0.403201	0.188912	0.2333	0.1399	0.4730	0.1370	0.2392	0.1271	0.3003
000120	K	0.078666	0.328759	0.182417	0.1766	0.1048	0.3930	0.1330	0.1804	0.1179	0.3034
000121	S	0.047298	0.263507	0.177432	0.1178	0.0799	0.2870	0.0890	0.1325	0.0942	0.3144
000122	L	0.044141	0.230528	0.173385	0.0832	0.0851	0.1910	0.0780	0.1057	0.0733	0.3300
000123	Y	0.040404	0.172690	0.168438	0.0542	0.0531	0.1570	0.0500	0.0796	0.0652	0.3376
000124	D	0.017503	0.127296	0.162987	0.0542	0.0463	0.1280	0.0270	0.0623	0.0592	0.3471
000125	A	0.000686	0.116688	0.160129	0.0308	0.0473	0.1040	0.0250	0.0499	0.0610	0.3610
000126	W	0.000630	0.099840	0.161653	0.0350	0.0327	0.0860	0.0270	0.0424	0.0596	0.3708
000127	S	0.001932	0.081903	0.164365	0.0554	0.0463	0.0670	0.0270	0.0420	0.0562	0.3699
000128	G	0.002183	0.069226	0.165865	0.0316	0.0389	0.0610	0.0320	0.0338	0.0584	0.3855
000129	W	0.002877	0.061765	0.167347	0.0286	0.0494	0.0620	0.0380	0.0342	0.0585	0.4011
000130	L	0.008736	0.052456	0.166235	0.0274	0.0414	0.0520	0.0240	0.0304	0.0578	0.4002
000131	V	0.036182	0.050524	0.164646	0.0274	0.0258	0.0510	0.0170	0.0318	0.0554	0.3936
000132	V	0.052221	0.065485	0.165291	0.0200	0.0227	0.0570	0.0180	0.0363	0.0557	0.3742
000133	T	0.056070	0.078049	0.167657	0.0150	0.0364	0.0630	0.0200	0.0415	0.0558	0.3454
000134	L	0.056799	0.091016	0.172072	0.0226	0.0380	0.0660	0.0200	0.0458	0.0565	0.3248
000135	T	0.057273	0.121901	0.173763	0.0226	0.0227	0.0730	0.0210	0.0496	0.0615	0.3050
000136	G	0.062603	0.154117	0.176240	0.0121	0.0275	0.0840	0.0250	0.0568	0.0676	0.2931
000137	L	0.067853	0.171719	0.180293	0.0097	0.0287	0.0880	0.0250	0.0610	0.0718	0.2851
000138	A	0.067486	0.202451	0.188261	0.0102	0.0253	0.0820	0.0200	0.0645	0.0808	0.2836
000139	S	0.062224	0.214383	0.197007	0.0055	0.0214	0.0830	0.0220	0.0644	0.0873	0.2779
000140	G	0.035375	0.206451	0.205208	0.0069	0.0372	0.0840	0.0230	0.0617	0.0879	0.2787
000141	A	0.020147	0.198875	0.213101	0.0083	0.0356	0.0800	0.0200	0.0572	0.0905	0.2925
000142	L	0.016538	0.190746	0.221048	0.0131	0.0380	0.0770	0.0220	0.0559	0.0909	0.3269
000143	A	0.015755	0.158806	0.228554	0.0141	0.0555	0.0690	0.0200	0.0522	0.0871	0.3694
000144	G	0.020500	0.146100	0.236066	0.0099	0.0581	0.0590	0.0190	0.0489	0.0885	0.4104
000145	L	0.020347	0.129932	0.243253	0.0200	0.0568	0.0570	0.0220	0.0474	0.0884	0.4163
000146	I	0.016962	0.111459	0.250468	0.0218	0.0543	0.0570	0.0210	0.0435	0.0903	0.3880
000147	D	0.016886	0.092652	0.257743	0.0102	0.0605	0.0500	0.0160	0.0384	0.0939	0.3838
000148	I	0.016400	0.091071	0.263893	0.0200	0.1007	0.0490	0.0180	0.0462	0.0949	0.3764
000149	A	0.016227	0.094403	0.267227	0.0316	0.0704	0.0470	0.0190	0.0432	0.0952	0.3772
000150	A	0.015833	0.094236	0.271749	0.0316	0.0443	0.0430	0.0190	0.0382	0.0986	0.3819
000151	D	0.015631	0.097754	0.275511	0.0182	0.0248	0.0440	0.0210	0.0334	0.1029	0.4073
000152	W	0.015480	0.109048	0.278987	0.0109	0.0281	0.0460	0.0220	0.0349	0.1050	0.4330
000153	M	0.009984	0.112719	0.284496	0.0131	0.0389	0.0480	0.0220	0.0370	0.1068	0.3594
000154	T	0.003499	0.129691	0.288528	0.0182	0.0263	0.0510	0.0230	0.0382	0.1103	0.2910
000155	D	0.001381	0.156347	0.293464	0.0157	0.0165	0.0540	0.0210	0.0406	0.1156	0.2422
000156	L	0.001129	0.169556	0.297097	0.0200	0.0148	0.0550	0.0230	0.0435	0.1180	0.2165
000157	K	0.001019	0.158180	0.297013	0.0308	0.0235	0.0500	0.0190	0.0440	0.1151	0.1944
000158	E	0.000592	0.149644	0.296504	0.0144	0.0205	0.0470	0.0180	0.0387	0.1164	0.1800
000159	G	0.000170	0.122027	0.296053	0.0286	0.0364	0.0450	0.0180	0.0387	0.1117	0.1583
000160	I	0.000015	0.088189	0.297166	0.0279	0.0463	0.0440	0.0190	0.0344	0.1106	0.1450
000161	C	0.000010	0.065130	0.297086	0.0395	0.0349	0.0410	0.0190	0.0301	0.1108	0.1326
000162	L	0.000010	0.064108	0.297186	0.0395	0.0218	0.0380	0.0180	0.0272	0.1120	0.1310
000163	S	0.000011	0.060177	0.299545	0.0304	0.0214	0.0360	0.0170	0.0246	0.1137	0.1281
000164	A	0.000015	0.055501	0.301715	0.0200	0.0269	0.0350	0.0170	0.0230	0.1151	0.1462
000165	L	0.000014	0.050090	0.303362	0.0131	0.0253	0.0400	0.0200	0.0214	0.1163	0.1644
000166	W	0.000013	0.048043	0.304426	0.0124	0.0253	0.0510	0.0310	0.0228	0.1165	0.1764
000167	Y	0.000013	0.051766	0.305887	0.0259	0.0494	0.0640	0.0390	0.0319	0.1139	0.1548
000168	N	0.000014	0.068109	0.305389	0.0268	0.0518	0.0830	0.0450	0.0382	0.1126	0.1429
000169	H	0.000373	0.081884	0.304012	0.0231	0.0463	0.1010	0.0560	0.0422	0.1124	0.1354
000170	E	0.001555	0.095822	0.301472	0.0245	0.0231	0.1140	0.0640	0.0432	0.1133	0.1348
000171	Q	0.002450	0.112025	0.300244	0.0395	0.0424	0.1220	0.0620	0.0531	0.1097	0.1306
000172	C	0.003024	0.129048	0.299457	0.0526	0.0780	0.1450	0.0750	0.0680	0.1063	0.1314
000173	C	0.007587	0.163165	0.299281	0.0965	0.1298	0.1180	0.0630	0.0859	0.1006	0.1331
000174	W	0.061211	0.219230	0.299406	0.1041	0.1424	0.1350	0.0540	0.1103	0.0928	0.1368
000175	G	0.116448	0.277030	0.300032	0.1117	0.1643	0.1660	0.0630	0.1393	0.0889	0.1265
000176	S	0.126758	0.323109	0.298027	0.1766	0.1731	0.2620	0.1210	0.1769	0.0874	0.1183
000177	N	0.126926	0.369129	0.296598	0.2080	0.2783	0.3000	0.1460	0.2138	0.0915	0.1102
000178	E	0.126721	0.392584	0.293330	0.1921	0.3840	0.2920	0.1650	0.2312	0.1075	0.1179
000179	T	0.125566	0.405108	0.287106	0.2255	0.2918	0.2960	0.1710	0.2239	0.0968	0.1175
000180	T	0.124748	0.461043	0.282877	0.2748	0.3019	0.3060	0.1540	0.2447	0.1084	0.1210
000181	F	0.147606	0.501095	0.278687	0.1958	0.2884	0.3250	0.1600	0.2430	0.1211	0.1214
000182	E	0.158351	0.535095	0.275943	0.1805	0.1969	0.2980	0.1440	0.2282	0.1351	0.1212
000183	E	0.112713	0.558289	0.274391	0.2748	0.2292	0.2220	0.1040	0.2328	0.1437	0.1205
000184	R	0.062720	0.549089	0.272133	0.3096	0.3182	0.1850	0.0780	0.2374	0.1546	0.1120
000185	D	0.052812	0.470975	0.270598	0.3311	0.3149	0.1600	0.0710	0.2217	0.1399	0.1074
000186	K	0.053090	0.416179	0.269413	0.3456	0.2292	0.1260	0.0670	0.1950	0.1312	0.1042
000187	C	0.053395	0.356373	0.268728	0.2602	0.1583	0.0860	0.0410	0.1524	0.1161	0.1036
000188	P	0.082350	0.262929	0.268109	0.2080	0.1501	0.0580	0.0270	0.1269	0.0934	0.1098
000189	Q	0.087281	0.202678	0.267228	0.1349	0.1399	0.0460	0.0220	0.1017	0.0851	0.1138
000190	W	0.065615	0.162500	0.267966	0.1380	0.1115	0.0420	0.0190	0.0866	0.0860	0.1210
000191	K	0.050559	0.120974	0.267245	0.1416	0.1229	0.0410	0.0170	0.0794	0.0867	0.1141
000192	T	0.043343	0.081043	0.267266	0.1635	0.2129	0.0390	0.0150	0.0900	0.0973	0.1119
000193	W	0.038211	0.075672	0.265470	0.1667	0.2164	0.0370	0.0120	0.0890	0.0990	0.1109
000194	A	0.038140	0.075077	0.261700	0.1532	0.1942	0.0360	0.0120	0.0829	0.0945	0.1012
000195	E	0.037836	0.075276	0.258274	0.1878	0.1914	0.0370	0.0110	0.0881	0.0957	0.0964
000196	L	0.037505	0.097060	0.254655	0.1732	0.1028	0.0410	0.0100	0.0753	0.0872	0.0864
000197	I	0.008828	0.137715	0.252578	0.1805	0.0592	0.0530	0.0170	0.0733	0.0936	0.0783
000198	I	0.006123	0.165205	0.250908	0.1698	0.0704	0.0820	0.0430	0.0822	0.0903	0.0697
000199	G	0.006881	0.223344	0.248861	0.0832	0.0631	0.1050	0.0610	0.0802	0.0959	0.0593
000200	Q	0.014541	0.293787	0.245236	0.0542	0.0300	0.1200	0.0700	0.0855	0.1149	0.0500
000201	A	0.018484	0.342193	0.241515	0.0832	0.0294	0.1320	0.0720	0.1008	0.1233	0.0413
000202	E	0.018500	0.371353	0.238158	0.0395	0.0223	0.1310	0.0680	0.0971	0.1362	0.0371
000203	G	0.018172	0.390308	0.233782	0.0182	0.0123	0.1390	0.0810	0.0963	0.1452	0.0317
000204	P	0.018029	0.386923	0.227022	0.0182	0.0119	0.1290	0.0890	0.0939	0.1432	0.0262
000205	G	0.017905	0.341490	0.219689	0.0087	0.0087	0.1280	0.0950	0.0841	0.1306	0.0233
000206	S	0.017606	0.283651	0.212747	0.0038	0.0061	0.1180	0.0870	0.0716	0.1147	0.0207
000207	Y	0.015304	0.220548	0.208259	0.0029	0.0073	0.1030	0.0740	0.0582	0.0986	0.0199
000208	I	0.012779	0.161686	0.203008	0.0026	0.0070	0.0870	0.0590	0.0452	0.0862	0.0197
000209	M	0.004863	0.094647	0.199807	0.0027	0.0092	0.0760	0.0480	0.0312	0.0779	0.0181
000210	N	0.000149	0.055159	0.198032	0.0008	0.0062	0.0610	0.0330	0.0205	0.0767	0.0167
000211	Y	0.000020	0.034192	0.195601	0.0008	0.0055	0.0530	0.0280	0.0156	0.0761	0.0156
000212	I	0.000017	0.020022	0.194140	0.0006	0.0044	0.0540	0.0300	0.0132	0.0762	0.0154
000213	M	0.000013	0.014226	0.193158	0.0004	0.0032	0.0560	0.0290	0.0123	0.0764	0.0151
000214	Y	0.000009	0.011273	0.189313	0.0002	0.0028	0.0600	0.0290	0.0123	0.0752	0.0142
000215	I	0.000003	0.010031	0.185635	0.0001	0.0021	0.0720	0.0330	0.0141	0.0746	0.0137
000216	F	0.000002	0.008717	0.183511	0.0001	0.0021	0.0880	0.0360	0.0165	0.0751	0.0127
000217	W	0.000001	0.009132	0.183718	0.0001	0.0015	0.0960	0.0340	0.0177	0.0759	0.0115
000218	A	0.000001	0.011893	0.183688	0.0001	0.0017	0.0830	0.0190	0.0161	0.0745	0.0089
000219	L	0.000001	0.013625	0.182906	0.0001	0.0024	0.0730	0.0220	0.0148	0.0733	0.0065
000220	S	0.000002	0.015685	0.183005	0.0001	0.0022	0.0680	0.0230	0.0144	0.0729	0.0052
000221	F	0.000002	0.019416	0.179492	0.0001	0.0015	0.0660	0.0230	0.0145	0.0713	0.0041
000222	A	0.000002	0.023947	0.176884	0.0001	0.0018	0.0630	0.0220	0.0148	0.0699	0.0031
000223	F	0.000002	0.028426	0.172901	0.0001	0.0026	0.0630	0.0230	0.0157	0.0680	0.0022
000224	L	0.000005	0.035777	0.169203	0.0001	0.0023	0.0650	0.0250	0.0172	0.0665	0.0015
000225	A	0.000009	0.049056	0.166004	0.0002	0.0027	0.0760	0.0300	0.0214	0.0658	0.0011
000226	V	0.000014	0.053323	0.163365	0.0001	0.0027	0.0880	0.0370	0.0240	0.0658	0.0008
000227	S	0.000017	0.060866	0.161491	0.0002	0.0038	0.0930	0.0390	0.0264	0.0656	0.0006
000228	L	0.000058	0.062367	0.159875	0.0002	0.0047	0.0910	0.0320	0.0263	0.0647	0.0005
000229	V	0.000195	0.064100	0.159101	0.0003	0.0052	0.0860	0.0270	0.0259	0.0639	0.0005
000230	K	0.000981	0.067256	0.157709	0.0005	0.0052	0.0870	0.0250	0.0268	0.0635	0.0006
000231	V	0.001202	0.079391	0.156898	0.0005	0.0059	0.0940	0.0190	0.0302	0.0644	0.0006
000232	F	0.001420	0.084074	0.157424	0.0005	0.0092	0.1030	0.0200	0.0330	0.0653	0.0006
000233	A	0.001606	0.088698	0.157964	0.0007	0.0075	0.0990	0.0220	0.0329	0.0656	0.0007
000234	P	0.001693	0.101413	0.159526	0.0026	0.0113	0.0910	0.0230	0.0346	0.0656	0.0009
000235	Y	0.001877	0.105531	0.162547	0.0026	0.0188	0.0980	0.0260	0.0378	0.0666	0.0011
000236	A	0.002155	0.112519	0.166847	0.0035	0.0141	0.1010	0.0250	0.0389	0.0694	0.0014
000237	C	0.002304	0.139190	0.170228	0.0075	0.0125	0.1100	0.0300	0.0453	0.0742	0.0019
000238	G	0.002327	0.175616	0.172598	0.0031	0.0125	0.1140	0.0310	0.0512	0.0820	0.0020
000239	S	0.002456	0.194544	0.174968	0.0034	0.0205	0.1240	0.0300	0.0574	0.0859	0.0021
000240	G	0.004251	0.229320	0.176519	0.0078	0.0157	0.1330	0.0330	0.0651	0.0944	0.0021
000241	I	0.005213	0.273637	0.178309	0.0075	0.0102	0.1540	0.0360	0.0750	0.1079	0.0019
000242	P	0.006204	0.277758	0.180484	0.0070	0.0095	0.1140	0.0270	0.0690	0.1075	0.0019
000243	E	0.006798	0.279935	0.179307	0.0081	0.0160	0.0930	0.0250	0.0674	0.1066	0.0017
000244	I	0.009581	0.270540	0.177936	0.0062	0.0194	0.0780	0.0240	0.0640	0.1034	0.0013
000245	K	0.010200	0.232568	0.177603	0.0053	0.0101	0.0530	0.0190	0.0519	0.0950	0.0012
000246	T	0.010037	0.176583	0.178301	0.0116	0.0105	0.0450	0.0180	0.0422	0.0812	0.0010
000247	I	0.009900	0.144655	0.177165	0.0081	0.0125	0.0370	0.0150	0.0354	0.0752	0.0007
000248	L	0.009010	0.101226	0.173656	0.0061	0.0202	0.0330	0.0130	0.0283	0.0676	0.0005
000249	S	0.007007	0.076863	0.169966	0.0061	0.0127	0.0300	0.0110	0.0221	0.0652	0.0005
000250	G	0.005847	0.070692	0.167606	0.0062	0.0138	0.0290	0.0100	0.0209	0.0640	0.0005
000251	F	0.004837	0.060744	0.164565	0.0034	0.0092	0.0290	0.0090	0.0179	0.0632	0.0005
000252	I	0.004184	0.051123	0.163882	0.0082	0.0107	0.0300	0.0100	0.0174	0.0620	0.0005
000253	I	0.001231	0.051271	0.161924	0.0029	0.0070	0.0310	0.0090	0.0155	0.0624	0.0006
000254	R	0.000364	0.054163	0.161182	0.0015	0.0065	0.0320	0.0090	0.0158	0.0625	0.0007
000255	G	0.000368	0.048234	0.161956	0.0015	0.0091	0.0370	0.0120	0.0160	0.0623	0.0008
000256	Y	0.000361	0.050820	0.164659	0.0015	0.0066	0.0400	0.0140	0.0165	0.0636	0.0010
000257	L	0.000348	0.057686	0.167676	0.0018	0.0066	0.0430	0.0150	0.0182	0.0648	0.0013
000258	G	0.000774	0.058432	0.168847	0.0021	0.0066	0.0430	0.0150	0.0184	0.0652	0.0019
000259	K	0.001329	0.063016	0.168425	0.0055	0.0070	0.0440	0.0140	0.0201	0.0647	0.0027
000260	W	0.002450	0.067758	0.168206	0.0022	0.0053	0.0490	0.0140	0.0212	0.0652	0.0035
000261	T	0.003360	0.066662	0.170733	0.0009	0.0047	0.0500	0.0140	0.0210	0.0663	0.0041
000262	L	0.004281	0.061083	0.173576	0.0009	0.0054	0.0480	0.0130	0.0200	0.0670	0.0045
000263	M	0.013882	0.062331	0.174516	0.0018	0.0064	0.0470	0.0110	0.0219	0.0662	0.0052
000264	I	0.048461	0.053483	0.176254	0.0026	0.0083	0.0460	0.0090	0.0265	0.0645	0.0055
000265	K	0.062072	0.046731	0.178676	0.0010	0.0083	0.0440	0.0100	0.0270	0.0658	0.0061
000266	T	0.079501	0.051850	0.180543	0.0012	0.0060	0.0400	0.0100	0.0298	0.0673	0.0067
000267	I	0.123639	0.052926	0.180757	0.0035	0.0083	0.0400	0.0100	0.0380	0.0707	0.0070
000268	T	0.127114	0.049066	0.179198	0.0034	0.0081	0.0400	0.0100	0.0380	0.0708	0.0074
000269	L	0.133284	0.053769	0.177694	0.0035	0.0081	0.0450	0.0140	0.0406	0.0707	0.0072
000270	V	0.145780	0.066920	0.175327	0.0010	0.0081	0.0600	0.0220	0.0469	0.0712	0.0071
000271	L	0.157745	0.076095	0.172181	0.0026	0.0125	0.0760	0.0240	0.0541	0.0707	0.0071
000272	A	0.167066	0.094231	0.169846	0.0026	0.0119	0.0810	0.0260	0.0594	0.0718	0.0077
000273	V	0.142662	0.137151	0.166378	0.0069	0.0223	0.0860	0.0260	0.0659	0.0669	0.0086
000274	A	0.141246	0.183908	0.164565	0.0079	0.0168	0.1230	0.0290	0.0788	0.0743	0.0092
000275	S	0.136226	0.241206	0.161575	0.0212	0.0188	0.2380	0.0570	0.1092	0.0943	0.0102
000276	G	0.097070	0.311598	0.159434	0.0097	0.0181	0.3120	0.0700	0.1248	0.1270	0.0106
000277	L	0.095005	0.381451	0.157727	0.0062	0.0115	0.3910	0.1090	0.1476	0.1610	0.0117
000278	S	0.088474	0.453923	0.156835	0.0121	0.0148	0.4630	0.1220	0.1720	0.1921	0.0131
000279	L	0.076092	0.522676	0.156371	0.0078	0.0102	0.5170	0.1260	0.1890	0.2227	0.0138
000280	G	0.064601	0.575821	0.157235	0.0121	0.0117	0.5340	0.1170	0.1997	0.2394	0.0149
000281	K	0.046523	0.564891	0.157261	0.0102	0.0119	0.5070	0.1120	0.1901	0.2334	0.0166
000282	E	0.036457	0.508477	0.156995	0.0144	0.0194	0.4340	0.1250	0.1688	0.2039	0.0182
000283	G	0.024415	0.414671	0.157315	0.0102	0.0263	0.3120	0.1050	0.1312	0.1585	0.0187
000284	P	0.012030	0.300846	0.157864	0.0182	0.0214	0.1680	0.0840	0.0867	0.1096	0.0193
000285	L	0.006622	0.186932	0.158787	0.0279	0.0130	0.0760	0.0400	0.0517	0.0757	0.0189
000286	V	0.004638	0.113966	0.158566	0.0150	0.0127	0.0310	0.0120	0.0296	0.0644	0.0189
000287	H	0.003712	0.072579	0.154965	0.0082	0.0083	0.0190	0.0060	0.0186	0.0605	0.0191
000288	V	0.002661	0.051107	0.150011	0.0182	0.0081	0.0170	0.0050	0.0161	0.0569	0.0179
000289	A	0.001246	0.039354	0.146506	0.0097	0.0053	0.0160	0.0050	0.0120	0.0563	0.0173
000290	C	0.000370	0.027659	0.143956	0.0137	0.0079	0.0170	0.0050	0.0110	0.0549	0.0176
000291	C	0.000229	0.028127	0.139648	0.0078	0.0079	0.0160	0.0030	0.0099	0.0537	0.0181
000292	C	0.000059	0.029548	0.133854	0.0084	0.0056	0.0170	0.0050	0.0101	0.0514	0.0174
000293	G	0.000025	0.032430	0.127687	0.0079	0.0050	0.0220	0.0100	0.0111	0.0488	0.0166
000294	N	0.000014	0.034126	0.123423	0.0042	0.0052	0.0270	0.0120	0.0117	0.0473	0.0165
000295	I	0.000013	0.042527	0.117446	0.0035	0.0051	0.0340	0.0140	0.0143	0.0452	0.0168
000296	F	0.000011	0.045950	0.110190	0.0070	0.0075	0.0450	0.0190	0.0176	0.0422	0.0179
000297	S	0.000012	0.057614	0.103630	0.0116	0.0083	0.0530	0.0240	0.0218	0.0403	0.0193
000298	Y	0.000203	0.088865	0.097920	0.0137	0.0086	0.0670	0.0340	0.0298	0.0430	0.0201
000299	L	0.000587	0.123672	0.093115	0.0160	0.0115	0.0970	0.0510	0.0415	0.0513	0.0221
000300	F	0.000829	0.160946	0.089048	0.0218	0.0146	0.1250	0.0480	0.0539	0.0622	0.0234
000301	P	0.001142	0.222986	0.086878	0.0395	0.0240	0.1430	0.0490	0.0717	0.0779	0.0245
000302	K	0.001580	0.295192	0.086197	0.0621	0.0214	0.1970	0.0680	0.0962	0.1046	0.0257
000303	Y	0.002541	0.366410	0.085363	0.1266	0.0171	0.2620	0.0850	0.1291	0.1319	0.0274
000304	S	0.003502	0.427377	0.089898	0.0832	0.0165	0.2830	0.0830	0.1357	0.1546	0.0302
000305	T	0.008790	0.499709	0.094809	0.0490	0.0120	0.3100	0.0820	0.1465	0.1828	0.0327
000306	N	0.017006	0.559310	0.105489	0.0789	0.0165	0.3150	0.0750	0.1645	0.1971	0.0333
000307	E	0.056675	0.609948	0.109703	0.1117	0.0349	0.3190	0.0680	0.1887	0.2032	0.0326
000308	A	0.075179	0.608620	0.109056	0.0884	0.0275	0.3190	0.0590	0.1864	0.2037	0.0299
000309	K	0.145155	0.644485	0.108604	0.1349	0.0414	0.3070	0.0450	0.2122	0.2026	0.0283
000310	K	0.209460	0.658371	0.108214	0.1532	0.0799	0.3020	0.0330	0.2338	0.1964	0.0259
000311	R	0.265554	0.620850	0.107206	0.1958	0.1162	0.2890	0.0280	0.2479	0.1737	0.0238
000312	E	0.299132	0.627124	0.109591	0.1732	0.0967	0.2700	0.0320	0.2444	0.1804	0.0206
000313	V	0.335128	0.603872	0.109203	0.1150	0.0581	0.2660	0.0430	0.2297	0.1869	0.0168
000314	L	0.335747	0.562126	0.107646	0.1805	0.0909	0.2690	0.0620	0.2397	0.1618	0.0136
000315	S	0.336905	0.518242	0.105506	0.1240	0.0414	0.2450	0.0610	0.2110	0.1627	0.0105
000316	A	0.309705	0.491301	0.102784	0.1041	0.0380	0.2140	0.0560	0.1928	0.1544	0.0079
000317	A	0.323299	0.448009	0.100975	0.0542	0.0263	0.2080	0.0680	0.1766	0.1524	0.0062
000318	S	0.290439	0.422719	0.099525	0.0490	0.0263	0.2140	0.1020	0.1672	0.1421	0.0050
000319	A	0.276194	0.398687	0.098410	0.0514	0.0191	0.2130	0.1120	0.1598	0.1347	0.0041
000320	A	0.261171	0.409018	0.097526	0.0621	0.0191	0.1970	0.0820	0.1581	0.1337	0.0034
000321	G	0.227600	0.366487	0.097073	0.0350	0.0191	0.1650	0.0730	0.1356	0.1210	0.0029
000322	V	0.191612	0.339962	0.097241	0.0336	0.0125	0.1510	0.0580	0.1214	0.1108	0.0025
000323	S	0.186279	0.326326	0.097210	0.0297	0.0076	0.1240	0.0490	0.1123	0.1076	0.0023
000324	V	0.179853	0.287074	0.097710	0.0279	0.0066	0.1010	0.0450	0.1004	0.0959	0.0022
000325	A	0.208401	0.231765	0.097329	0.0252	0.0094	0.0870	0.0380	0.0937	0.0857	0.0021
000326	F	0.211341	0.205523	0.097044	0.0099	0.0068	0.0700	0.0280	0.0839	0.0845	0.0021
000327	G	0.215470	0.188998	0.097356	0.0131	0.0085	0.0540	0.0250	0.0800	0.0825	0.0022
000328	A	0.192995	0.163757	0.097513	0.0079	0.0107	0.0420	0.0190	0.0695	0.0741	0.0023
000329	P	0.155865	0.149130	0.096759	0.0090	0.0083	0.0320	0.0130	0.0591	0.0642	0.0026
000330	I	0.155306	0.143807	0.096543	0.0157	0.0094	0.0310	0.0130	0.0593	0.0618	0.0028
000331	G	0.155280	0.136022	0.097097	0.0099	0.0075	0.0340	0.0100	0.0571	0.0615	0.0032
000332	G	0.155306	0.133867	0.095947	0.0094	0.0054	0.0400	0.0090	0.0574	0.0609	0.0034
000333	V	0.153294	0.132294	0.094204	0.0081	0.0046	0.0650	0.0170	0.0605	0.0589	0.0036
000334	L	0.112923	0.138619	0.091919	0.0035	0.0050	0.0860	0.0230	0.0577	0.0537	0.0037
000335	F	0.078037	0.135549	0.084782	0.0026	0.0046	0.1060	0.0240	0.0545	0.0514	0.0039
000336	S	0.036554	0.165210	0.075702	0.0040	0.0052	0.1070	0.0220	0.0530	0.0591	0.0042
000337	L	0.008670	0.170468	0.060381	0.0034	0.0083	0.1160	0.0250	0.0512	0.0639	0.0045
000338	E	0.004310	0.171548	0.050927	0.0034	0.0060	0.0970	0.0220	0.0471	0.0625	0.0051
000339	E	0.003906	0.174087	0.045552	0.0049	0.0049	0.0880	0.0240	0.0460	0.0623	0.0053
000340	V	0.002968	0.174055	0.040042	0.0010	0.0047	0.0800	0.0220	0.0438	0.0623	0.0050
000341	S	0.002372	0.141688	0.034394	0.0010	0.0064	0.0720	0.0200	0.0373	0.0510	0.0052
000342	Y	0.001444	0.116605	0.028335	0.0010	0.0044	0.0730	0.0230	0.0327	0.0437	0.0052
000343	Y	0.000613	0.112433	0.019570	0.0010	0.0029	0.0730	0.0230	0.0316	0.0430	0.0049
000344	F	0.000085	0.097740	0.013868	0.0008	0.0033	0.0720	0.0280	0.0290	0.0389	0.0044
000345	P	0.000082	0.087580	0.008752	0.0007	0.0039	0.0480	0.0190	0.0234	0.0326	0.0039
000346	L	0.000068	0.090337	0.004569	0.0009	0.0043	0.0430	0.0170	0.0232	0.0333	0.0033
000347	K	0.000049	0.088354	0.001369	0.0008	0.0035	0.0340	0.0140	0.0210	0.0322	0.0027
000348	T	0.000043	0.070687	-0.002676	0.0008	0.0042	0.0300	0.0120	0.0177	0.0263	0.0020
000349	L	0.000038	0.062213	-0.005485	0.0004	0.0035	0.0290	0.0100	0.0159	0.0239	0.0013
000350	W	0.000095	0.057592	-0.007819	0.0003	0.0022	0.0300	0.0110	0.0151	0.0230	0.0009
000351	R	0.000184	0.048077	-0.010593	0.0004	0.0023	0.0270	0.0100	0.0130	0.0201	0.0006
000352	S	0.000262	0.044163	-0.013548	0.0002	0.0016	0.0270	0.0100	0.0122	0.0195	0.0003
000353	F	0.000346	0.041363	-0.016637	0.0003	0.0024	0.0280	0.0100	0.0121	0.0196	0.0002
000354	F	0.000420	0.037350	-0.019426	0.0002	0.0033	0.0290	0.0100	0.0117	0.0193	0.0001
000355	A	0.000485	0.032827	-0.022526	0.0004	0.0036	0.0270	0.0090	0.0108	0.0189	0.0001
000356	A	0.000559	0.038585	-0.025946	0.0004	0.0035	0.0260	0.0080	0.0115	0.0211	0.0001
000357	L	0.000813	0.039431	-0.028272	0.0003	0.0051	0.0300	0.0100	0.0126	0.0225	0.0000
000358	V	0.000927	0.039461	-0.030342	0.0004	0.0035	0.0330	0.0130	0.0129	0.0237	0.0000
000359	A	0.001117	0.043943	-0.031713	0.0004	0.0034	0.0420	0.0160	0.0151	0.0267	0.0000
000360	A	0.001235	0.048131	-0.032293	0.0003	0.0047	0.0590	0.0270	0.0189	0.0315	0.0000
000361	F	0.001403	0.045993	-0.032415	0.0006	0.0062	0.0910	0.0450	0.0242	0.0399	0.0000
000362	V	0.001503	0.054896	-0.033093	0.0006	0.0062	0.1130	0.0500	0.0293	0.0477	0.0000
000363	L	0.001582	0.081604	-0.033231	0.0006	0.0047	0.1250	0.0420	0.0355	0.0549	0.0000
000364	R	0.001776	0.121289	-0.033920	0.0010	0.0057	0.1250	0.0350	0.0425	0.0627	0.0001
000365	S	0.001961	0.160353	-0.034059	0.0010	0.0062	0.1420	0.0420	0.0520	0.0759	0.0001
000366	I	0.004993	0.197337	-0.033702	0.0007	0.0048	0.1800	0.0570	0.0646	0.0929	0.0001
000367	N	0.006555	0.232266	-0.031412	0.0005	0.0041	0.1890	0.0570	0.0720	0.1033	0.0001
000368	P	0.008672	0.249287	-0.028520	0.0005	0.0045	0.1930	0.0520	0.0760	0.1080	0.0001
000369	F	0.011332	0.249091	-0.025149	0.0004	0.0060	0.2030	0.0550	0.0784	0.1090	0.0001
000370	G	0.016513	0.230377	-0.021413	0.0003	0.0049	0.1840	0.0510	0.0727	0.0993	0.0001
000371	N	0.016336	0.198729	-0.017454	0.0004	0.0055	0.1670	0.0560	0.0647	0.0868	0.0001
000372	S	0.016185	0.163367	-0.014365	0.0004	0.0087	0.1290	0.0480	0.0529	0.0690	0.0001
000373	R	0.015927	0.126717	-0.010092	0.0006	0.0133	0.0980	0.0370	0.0425	0.0521	0.0001
000374	L	0.015669	0.089120	-0.006594	0.0010	0.0134	0.0750	0.0260	0.0323	0.0369	0.0001
000375	V	0.012394	0.073667	-0.002880	0.0018	0.0087	0.0540	0.0140	0.0252	0.0288	0.0001
000376	L	0.010729	0.064576	-0.000033	0.0007	0.0065	0.0480	0.0100	0.0218	0.0252	0.0000
000377	F	0.008364	0.057273	0.004514	0.0008	0.0060	0.0470	0.0090	0.0199	0.0225	0.0000
000378	Y	0.005498	0.052392	0.008964	0.0004	0.0061	0.0460	0.0080	0.0184	0.0209	0.0001
000379	V	0.000072	0.047388	0.014264	0.0002	0.0044	0.0460	0.0090	0.0164	0.0205	0.0001
000380	E	0.000058	0.041260	0.019682	0.0004	0.0044	0.0440	0.0080	0.0151	0.0188	0.0001
000381	Y	0.000058	0.041148	0.024113	0.0002	0.0047	0.0430	0.0100	0.0149	0.0188	0.0001
000382	H	0.000057	0.039000	0.028351	0.0001	0.0032	0.0380	0.0090	0.0135	0.0181	0.0001
000383	T	0.000057	0.039551	0.032739	0.0001	0.0024	0.0400	0.0110	0.0137	0.0192	0.0001
000384	P	0.000047	0.041335	0.038274	0.0001	0.0017	0.0400	0.0130	0.0139	0.0207	0.0001
000385	W	0.000037	0.039049	0.042834	0.0001	0.0017	0.0460	0.0160	0.0144	0.0222	0.0001
000386	Y	0.000032	0.035325	0.047073	0.0001	0.0023	0.0490	0.0180	0.0145	0.0233	0.0001
000387	L	0.000020	0.033761	0.052566	0.0001	0.0024	0.0510	0.0180	0.0146	0.0249	0.0001
000388	F	0.000011	0.029044	0.056800	0.0002	0.0025	0.0530	0.0180	0.0141	0.0260	0.0001
000389	E	0.000010	0.024250	0.061107	0.0002	0.0033	0.0500	0.0150	0.0130	0.0266	0.0001
000390	L	0.000009	0.019604	0.064636	0.0002	0.0042	0.0490	0.0140	0.0121	0.0274	0.0000
000391	F	0.000008	0.018020	0.066817	0.0001	0.0030	0.0480	0.0120	0.0115	0.0281	0.0000
000392	P	0.000007	0.016763	0.069701	0.0002	0.0030	0.0450	0.0120	0.0108	0.0287	0.0000
000393	F	0.000006	0.016736	0.072258	0.0002	0.0031	0.0490	0.0130	0.0115	0.0301	0.0000
000394	I	0.000006	0.017180	0.075275	0.0001	0.0026	0.0510	0.0140	0.0119	0.0316	0.0000
000395	L	0.000029	0.019605	0.078552	0.0001	0.0016	0.0550	0.0150	0.0127	0.0332	0.0000
000396	L	0.000048	0.021461	0.081354	0.0001	0.0015	0.0620	0.0160	0.0142	0.0352	0.0000
000397	G	0.000071	0.022632	0.084778	0.0001	0.0015	0.0710	0.0210	0.0158	0.0376	0.0001
000398	V	0.000102	0.023020	0.088953	0.0001	0.0021	0.0820	0.0310	0.0179	0.0410	0.0001
000399	F	0.000127	0.024048	0.092886	0.0002	0.0027	0.0980	0.0390	0.0208	0.0453	0.0001
000400	G	0.000145	0.025256	0.096029	0.0001	0.0026	0.1060	0.0410	0.0224	0.0480	0.0002
000401	G	0.000157	0.026260	0.098553	0.0002	0.0026	0.1170	0.0480	0.0244	0.0512	0.0002
000402	L	0.000203	0.028667	0.101435	0.0003	0.0034	0.1520	0.0660	0.0307	0.0609	0.0003
000403	W	0.000433	0.028122	0.105383	0.0002	0.0023	0.3910	0.2040	0.0704	0.1416	0.0004
000404	G	0.003698	0.028578	0.108213	0.0003	0.0026	0.5740	0.1720	0.1016	0.2076	0.0005
000405	A	0.065648	0.027390	0.112145	0.0003	0.0036	0.8030	0.0980	0.1500	0.2869	0.0005
000406	F	0.142792	0.023972	0.117189	0.0004	0.0046	0.8920	0.0700	0.1772	0.3161	0.0006
000407	F	0.219632	0.019404	0.123571	0.0007	0.0062	0.9040	0.0570	0.1916	0.3196	0.0008
000408	I	0.320653	0.020931	0.128049	0.0007	0.0062	0.8700	0.0810	0.2032	0.3103	0.0009
000409	R	0.419118	0.027192	0.131753	0.0012	0.0076	0.7890	0.1460	0.2073	0.2897	0.0013
000410	A	0.501392	0.033029	0.134026	0.0044	0.0130	0.7090	0.1610	0.2102	0.2746	0.0016
000411	N	0.602592	0.042209	0.135090	0.0044	0.0127	0.4880	0.1070	0.1917	0.2413	0.0021
000412	I	0.684616	0.053756	0.135707	0.0044	0.0075	0.3500	0.1630	0.1834	0.2453	0.0026
000413	A	0.780045	0.076177	0.136952	0.0099	0.0107	0.2760	0.2180	0.1921	0.2693	0.0037
000414	W	0.822052	0.101450	0.138581	0.0090	0.0174	0.2570	0.2220	0.2011	0.2808	0.0050
000415	C	0.848785	0.135894	0.138719	0.0090	0.0102	0.2800	0.2240	0.2140	0.2894	0.0070
000416	R	0.841299	0.190847	0.138675	0.0131	0.0136	0.3130	0.1820	0.2286	0.2842	0.0087
000417	R	0.805427	0.243116	0.139591	0.0131	0.0171	0.3610	0.1890	0.2400	0.2725	0.0105
000418	R	0.765990	0.311282	0.138705	0.0376	0.0191	0.3990	0.2050	0.2555	0.2586	0.0116
000419	K	0.742749	0.360007	0.137968	0.0425	0.0389	0.4030	0.2100	0.2645	0.2494	0.0118
000420	S	0.696213	0.412305	0.138146	0.0259	0.0235	0.3900	0.2180	0.2580	0.2438	0.0117
000421	T	0.677909	0.455741	0.138417	0.0376	0.0171	0.3840	0.2200	0.2620	0.2418	0.0115
000422	K	0.666549	0.473321	0.139358	0.0218	0.0097	0.3650	0.2150	0.2561	0.2438	0.0104
000423	F	0.568521	0.431819	0.138895	0.0259	0.0107	0.3170	0.1430	0.2257	0.2090	0.0092
000424	G	0.464920	0.379410	0.139351	0.0182	0.0108	0.1960	0.0660	0.1782	0.1723	0.0083
000425	K	0.395577	0.306350	0.139754	0.0218	0.0146	0.1580	0.0500	0.1493	0.1413	0.0070
000426	Y	0.330528	0.209644	0.140699	0.0274	0.0127	0.1390	0.0400	0.1198	0.1105	0.0057
000427	P	0.271545	0.135041	0.141909	0.0218	0.0133	0.1120	0.0280	0.0923	0.0895	0.0054
000428	V	0.212562	0.088055	0.144105	0.0109	0.0107	0.1040	0.0380	0.0710	0.0753	0.0051
000429	L	0.157881	0.061431	0.144726	0.0118	0.0081	0.0990	0.0430	0.0563	0.0636	0.0051
000430	E	0.094511	0.045656	0.146029	0.0086	0.0059	0.0920	0.0440	0.0411	0.0559	0.0055
000431	V	0.007649	0.036503	0.149154	0.0061	0.0052	0.1090	0.0550	0.0274	0.0617	0.0059
000432	I	0.005240	0.030143	0.154113	0.0028	0.0035	0.1340	0.0650	0.0292	0.0689	0.0066
000433	I	0.008477	0.028623	0.158359	0.0018	0.0037	0.1450	0.0650	0.0313	0.0721	0.0078
000434	V	0.010034	0.025322	0.161985	0.0026	0.0058	0.1420	0.0470	0.0310	0.0723	0.0095
000435	A	0.013514	0.025465	0.164769	0.0031	0.0062	0.1140	0.0210	0.0271	0.0680	0.0115
000436	A	0.017057	0.026964	0.166746	0.0029	0.0045	0.0920	0.0120	0.0239	0.0657	0.0144
000437	I	0.017591	0.030931	0.168916	0.0084	0.0064	0.0780	0.0200	0.0236	0.0642	0.0187
000438	T	0.018435	0.035256	0.170288	0.0035	0.0060	0.0700	0.0230	0.0223	0.0646	0.0234
000439	A	0.020552	0.045287	0.169410	0.0070	0.0055	0.0600	0.0190	0.0230	0.0630	0.0290
000440	V	0.039396	0.061408	0.167610	0.0131	0.0081	0.0580	0.0180	0.0300	0.0599	0.0365
000441	I	0.051660	0.073295	0.165373	0.0069	0.0078	0.0630	0.0200	0.0338	0.0598	0.0432
000442	A	0.057693	0.090199	0.165463	0.0109	0.0101	0.0770	0.0250	0.0409	0.0596	0.0501
000443	F	0.059894	0.125020	0.166793	0.0226	0.0184	0.0980	0.0360	0.0539	0.0605	0.0569
000444	P	0.107791	0.160376	0.167149	0.0405	0.0184	0.0920	0.0360	0.0699	0.0620	0.0626
000445	N	0.146683	0.180144	0.166971	0.0723	0.0163	0.1200	0.0380	0.0892	0.0635	0.0697
000446	P	0.160541	0.208458	0.171172	0.0526	0.0205	0.1290	0.0290	0.0951	0.0723	0.0795
000447	Y	0.177715	0.234806	0.180262	0.0405	0.0300	0.1390	0.0240	0.1037	0.0808	0.0884
000448	T	0.203612	0.252844	0.187063	0.0723	0.0287	0.1530	0.0270	0.1184	0.0831	0.0975
000449	R	0.197652	0.292290	0.195035	0.0813	0.0134	0.1640	0.0300	0.1247	0.0950	0.1076
000450	L	0.230689	0.320147	0.202629	0.0643	0.0178	0.1940	0.0320	0.1377	0.1072	0.1218
000451	N	0.269958	0.327802	0.211222	0.0587	0.0300	0.2100	0.0380	0.1495	0.1128	0.1314
000452	T	0.306523	0.341212	0.215066	0.1018	0.0356	0.1890	0.0470	0.1623	0.1126	0.1491
000453	S	0.305437	0.361638	0.224592	0.1322	0.0463	0.1500	0.0540	0.1659	0.1132	0.1647
000454	E	0.342873	0.319395	0.237156	0.1495	0.1206	0.1210	0.0490	0.1755	0.0994	0.1789
000455	L	0.410659	0.291924	0.248971	0.1292	0.0543	0.1010	0.0420	0.1646	0.1299	0.1936
000456	I	0.471890	0.289408	0.264460	0.1566	0.0568	0.0780	0.0280	0.1755	0.1487	0.1979
000457	K	0.522576	0.262027	0.276934	0.0884	0.0463	0.0610	0.0150	0.1633	0.1740	0.1973
000458	E	0.574647	0.228642	0.289061	0.1635	0.0888	0.0580	0.0140	0.1855	0.1781	0.1980
000459	L	0.591638	0.226739	0.294540	0.1667	0.0799	0.0580	0.0130	0.1871	0.1850	0.1944
000460	F	0.552676	0.226805	0.297668	0.1766	0.0398	0.0630	0.0140	0.1764	0.1782	0.1850
000461	T	0.528797	0.236757	0.299440	0.2786	0.0473	0.0670	0.0180	0.1931	0.1685	0.1641
000462	D	0.501796	0.283531	0.299652	0.2167	0.0473	0.0800	0.0300	0.1883	0.1592	0.1435
000463	C	0.442733	0.321221	0.299139	0.1532	0.0227	0.0910	0.0380	0.1717	0.1534	0.1207
000464	G	0.380287	0.357775	0.296010	0.1635	0.0231	0.0920	0.0370	0.1695	0.1434	0.1054
000465	P	0.308811	0.391960	0.292589	0.1018	0.0218	0.1080	0.0350	0.1553	0.1422	0.0932
000466	L	0.240430	0.429884	0.289026	0.1566	0.0454	0.1360	0.0350	0.1681	0.1321	0.0815
000467	E	0.211004	0.448247	0.286693	0.2209	0.0605	0.1630	0.0460	0.1840	0.1279	0.0754
000468	S	0.193094	0.446589	0.281738	0.2432	0.0646	0.1740	0.0550	0.1870	0.1256	0.0683
000469	S	0.228107	0.454348	0.277113	0.1921	0.0433	0.1880	0.0610	0.1844	0.1313	0.0607
000470	S	0.277542	0.458420	0.276045	0.2602	0.0835	0.1770	0.0560	0.2095	0.1228	0.0538
000471	L	0.309004	0.443730	0.275615	0.3096	0.1702	0.1590	0.0530	0.2320	0.1063	0.0483
000472	C	0.318552	0.449637	0.276133	0.3184	0.0929	0.1430	0.0500	0.2204	0.1273	0.0464
000473	D	0.329966	0.476566	0.275003	0.2913	0.0531	0.1490	0.0470	0.2167	0.1418	0.0467
000474	Y	0.343505	0.470905	0.274794	0.2913	0.0929	0.1640	0.0570	0.2271	0.1300	0.0462
000475	R	0.343715	0.463692	0.275421	0.2255	0.0985	0.1550	0.0570	0.2144	0.1289	0.0465
000476	N	0.319983	0.446126	0.277452	0.2041	0.0463	0.1540	0.0620	0.1950	0.1350	0.0469
000477	D	0.286433	0.428578	0.275856	0.2820	0.1048	0.1500	0.0590	0.2086	0.1145	0.0477
000478	M	0.259995	0.394876	0.269161	0.1805	0.1007	0.1700	0.0620	0.1843	0.1036	0.0468
000479	N	0.226897	0.385908	0.264135	0.2041	0.1070	0.1890	0.0770	0.1855	0.0954	0.0469
000480	A	0.205329	0.415075	0.259351	0.2122	0.1275	0.1920	0.0910	0.1920	0.0992	0.0487
000481	S	0.220624	0.442869	0.257173	0.2041	0.1028	0.1900	0.0910	0.1933	0.1121	0.0529
000482	K	0.244769	0.448998	0.253592	0.3005	0.1823	0.2150	0.0920	0.2319	0.0960	0.0564
000483	I	0.261947	0.455886	0.255178	0.3263	0.1702	0.2350	0.0930	0.2416	0.0990	0.0598
000484	V	0.317393	0.476025	0.250130	0.3096	0.1554	0.2280	0.0750	0.2477	0.1078	0.0609
000485	D	0.370407	0.459444	0.244616	0.2786	0.1881	0.2450	0.0810	0.2569	0.0995	0.0623
000486	D	0.407077	0.464877	0.238257	0.2786	0.1070	0.2490	0.0950	0.2510	0.1237	0.0597
000487	I	0.392825	0.450000	0.228354	0.1958	0.0967	0.2280	0.0810	0.2273	0.1259	0.0542
000488	P	0.362960	0.417749	0.221579	0.1088	0.0690	0.1990	0.0720	0.1929	0.1309	0.0503
000489	D	0.333446	0.398236	0.213725	0.1292	0.0543	0.1550	0.0460	0.1784	0.1238	0.0456
000490	R	0.289133	0.399012	0.209642	0.1041	0.0287	0.1280	0.0300	0.1581	0.1281	0.0397
000491	P	0.234861	0.347592	0.208905	0.0701	0.0398	0.1090	0.0190	0.1336	0.1119	0.0361
000492	A	0.196849	0.291324	0.209450	0.0425	0.0227	0.1000	0.0210	0.1089	0.1025	0.0319
000493	G	0.130829	0.261055	0.210428	0.0490	0.0143	0.1040	0.0460	0.0933	0.0927	0.0282
000494	I	0.066058	0.196076	0.210391	0.0387	0.0141	0.1060	0.0490	0.0701	0.0826	0.0246
000495	G	0.015040	0.123714	0.212695	0.0414	0.0174	0.1090	0.0520	0.0512	0.0788	0.0215
000496	V	0.010869	0.082370	0.217327	0.0160	0.0101	0.1180	0.0640	0.0396	0.0835	0.0186
000497	Y	0.007916	0.066318	0.222827	0.0099	0.0070	0.1410	0.0830	0.0386	0.0893	0.0166
000498	S	0.004121	0.041520	0.229069	0.0084	0.0066	0.1510	0.0900	0.0352	0.0944	0.0156
000499	A	0.002721	0.028513	0.236475	0.0033	0.0061	0.1610	0.0980	0.0335	0.1000	0.0143
000500	I	0.001641	0.021870	0.242847	0.0009	0.0044	0.1680	0.1000	0.0328	0.1043	0.0139
000501	W	0.001132	0.016689	0.249965	0.0009	0.0034	0.1730	0.0960	0.0325	0.1081	0.0136
000502	Q	0.000596	0.012235	0.257955	0.0005	0.0026	0.1630	0.0850	0.0299	0.1100	0.0111
000503	L	0.000061	0.009756	0.266485	0.0003	0.0032	0.1490	0.0720	0.0270	0.1114	0.0089
000504	C	0.000039	0.008696	0.274284	0.0003	0.0025	0.1300	0.0570	0.0235	0.1125	0.0076
000505	L	0.000012	0.007837	0.281855	0.0004	0.0023	0.1270	0.0510	0.0230	0.1152	0.0063
000506	A	0.000009	0.007429	0.288619	0.0003	0.0024	0.1260	0.0510	0.0228	0.1177	0.0055
000507	L	0.000009	0.008065	0.292446	0.0002	0.0021	0.1270	0.0560	0.0229	0.1191	0.0050
000508	I	0.000010	0.009415	0.296721	0.0004	0.0029	0.1300	0.0630	0.0238	0.1208	0.0046
000509	F	0.000012	0.010433	0.301573	0.0002	0.0022	0.1270	0.0610	0.0233	0.1224	0.0043
000510	K	0.000018	0.012542	0.304746	0.0002	0.0024	0.1170	0.0500	0.0220	0.1227	0.0039
000511	I	0.000033	0.014337	0.306877	0.0002	0.0025	0.1090	0.0470	0.0210	0.1229	0.0033
000512	I	0.000048	0.015889	0.307061	0.0003	0.0036	0.1020	0.0420	0.0203	0.1225	0.0029
000513	M	0.000049	0.016761	0.306399	0.0002	0.0035	0.0950	0.0340	0.0192	0.1219	0.0029
000514	T	0.000051	0.020191	0.304565	0.0003	0.0046	0.0850	0.0290	0.0184	0.1206	0.0030
000515	V	0.000056	0.029104	0.302717	0.0004	0.0044	0.0790	0.0270	0.0189	0.1192	0.0030
000516	F	0.000092	0.039184	0.298732	0.0008	0.0042	0.0810	0.0270	0.0209	0.1171	0.0029
000517	T	0.000157	0.052463	0.294515	0.0005	0.0036	0.0820	0.0250	0.0230	0.1150	0.0029
000518	F	0.000237	0.071872	0.288997	0.0005	0.0050	0.0850	0.0300	0.0271	0.1124	0.0025
000519	G	0.000313	0.090394	0.282254	0.0005	0.0066	0.0910	0.0340	0.0314	0.1099	0.0023
000520	I	0.000384	0.104083	0.277433	0.0009	0.0082	0.1050	0.0380	0.0364	0.1086	0.0021
000521	K	0.000455	0.133664	0.273945	0.0009	0.0072	0.0990	0.0320	0.0402	0.1088	0.0020
000522	V	0.000533	0.160961	0.270475	0.0013	0.0072	0.0960	0.0260	0.0443	0.1100	0.0019
000523	P	0.001053	0.174371	0.266985	0.0028	0.0099	0.0950	0.0240	0.0472	0.1097	0.0018
000524	S	0.001637	0.179160	0.262551	0.0013	0.0104	0.0950	0.0210	0.0480	0.1090	0.0017
000525	G	0.009492	0.180266	0.259027	0.0013	0.0072	0.1010	0.0200	0.0498	0.1074	0.0014
000526	L	0.012977	0.171991	0.255997	0.0028	0.0081	0.1010	0.0220	0.0495	0.1045	0.0012
000527	F	0.017270	0.153996	0.252997	0.0031	0.0130	0.1000	0.0270	0.0479	0.1002	0.0010
000528	I	0.024878	0.153887	0.250652	0.0022	0.0125	0.0880	0.0250	0.0469	0.0986	0.0009
000529	P	0.030858	0.161067	0.247419	0.0066	0.0143	0.0740	0.0250	0.0477	0.0970	0.0009
000530	S	0.033225	0.162178	0.243885	0.0061	0.0104	0.0730	0.0270	0.0474	0.0963	0.0008
000531	M	0.034197	0.145328	0.242574	0.0074	0.0165	0.0800	0.0320	0.0472	0.0927	0.0007
000532	A	0.036816	0.136882	0.239405	0.0035	0.0105	0.0760	0.0290	0.0439	0.0919	0.0006
000533	I	0.042193	0.128667	0.236741	0.0082	0.0127	0.0760	0.0250	0.0446	0.0888	0.0005
000534	G	0.080310	0.120669	0.233536	0.0029	0.0086	0.0780	0.0220	0.0484	0.0866	0.0005
000535	A	0.145543	0.119606	0.231507	0.0021	0.0094	0.0800	0.0210	0.0594	0.0884	0.0004
000536	I	0.180127	0.121471	0.228689	0.0008	0.0099	0.0780	0.0180	0.0651	0.0918	0.0004
000537	A	0.191312	0.122822	0.224941	0.0035	0.0100	0.0700	0.0150	0.0663	0.0923	0.0004
000538	G	0.192461	0.111792	0.223275	0.0090	0.0146	0.0650	0.0150	0.0655	0.0903	0.0005
000539	R	0.192769	0.099942	0.219670	0.0099	0.0143	0.0610	0.0170	0.0630	0.0894	0.0005
000540	I	0.199892	0.089214	0.217812	0.0067	0.0084	0.0580	0.0190	0.0603	0.0919	0.0004
000541	V	0.196802	0.082536	0.217907	0.0026	0.0083	0.0560	0.0210	0.0577	0.0923	0.0004
000542	G	0.190844	0.079641	0.217321	0.0012	0.0096	0.0540	0.0210	0.0559	0.0912	0.0004
000543	I	0.144844	0.086296	0.215696	0.0021	0.0120	0.0550	0.0200	0.0500	0.0832	0.0005
000544	A	0.076062	0.103598	0.215176	0.0044	0.0127	0.0570	0.0200	0.0423	0.0789	0.0005
000545	V	0.037102	0.116144	0.217345	0.0055	0.0081	0.0580	0.0210	0.0375	0.0825	0.0007
000546	E	0.018228	0.122503	0.219599	0.0042	0.0068	0.0540	0.0210	0.0342	0.0861	0.0010
000547	Q	0.011014	0.119634	0.223678	0.0042	0.0062	0.0510	0.0210	0.0320	0.0882	0.0011
000548	L	0.008251	0.104110	0.229675	0.0028	0.0070	0.0520	0.0240	0.0290	0.0895	0.0012
000549	A	0.000076	0.077897	0.234790	0.0009	0.0078	0.0510	0.0270	0.0230	0.0912	0.0014
000550	Y	0.000025	0.056255	0.239542	0.0009	0.0059	0.0540	0.0300	0.0196	0.0930	0.0019
000551	Y	0.000016	0.048271	0.243746	0.0034	0.0061	0.0520	0.0290	0.0183	0.0945	0.0031
000552	H	0.000008	0.040508	0.246961	0.0037	0.0083	0.0450	0.0250	0.0163	0.0958	0.0052
000553	H	0.000005	0.035565	0.248571	0.0009	0.0065	0.0420	0.0230	0.0142	0.0971	0.0089
000554	D	0.000004	0.035112	0.249520	0.0035	0.0090	0.0400	0.0210	0.0146	0.0971	0.0147
000555	W	0.000003	0.034094	0.251281	0.0026	0.0090	0.0410	0.0230	0.0145	0.0979	0.0213
000556	F	0.000003	0.031303	0.252804	0.0049	0.0130	0.0420	0.0230	0.0151	0.0981	0.0238
000557	I	0.000003	0.039397	0.254226	0.0028	0.0087	0.0410	0.0230	0.0154	0.0989	0.0271
000558	F	0.000003	0.048612	0.255130	0.0028	0.0061	0.0410	0.0200	0.0164	0.0993	0.0341
000559	K	0.000003	0.048488	0.256135	0.0026	0.0087	0.0380	0.0170	0.0164	0.0996	0.0420
000560	E	0.000003	0.046684	0.256823	0.0012	0.0109	0.0380	0.0150	0.0161	0.0999	0.0494
000561	W	0.000002	0.047201	0.257957	0.0038	0.0181	0.0400	0.0140	0.0181	0.0995	0.0522
000562	C	0.000005	0.044368	0.257176	0.0102	0.0191	0.0400	0.0140	0.0189	0.0986	0.0436
000563	E	0.000020	0.046826	0.256226	0.0116	0.0117	0.0400	0.0150	0.0183	0.0986	0.0341
000564	V	0.000055	0.057872	0.254267	0.0067	0.0104	0.0410	0.0150	0.0194	0.0981	0.0229
000565	G	0.000328	0.067639	0.253969	0.0022	0.0082	0.0450	0.0140	0.0206	0.0985	0.0159
000566	A	0.002645	0.068744	0.252579	0.0028	0.0087	0.0520	0.0180	0.0225	0.0974	0.0112
000567	D	0.002807	0.075018	0.249044	0.0042	0.0141	0.0580	0.0200	0.0257	0.0953	0.0090
000568	C	0.004834	0.079209	0.244798	0.0052	0.0188	0.0610	0.0190	0.0281	0.0929	0.0067
000569	I	0.011122	0.082634	0.239972	0.0094	0.0306	0.0630	0.0180	0.0328	0.0888	0.0048
000570	T	0.013827	0.092134	0.236723	0.0075	0.0248	0.0640	0.0180	0.0337	0.0882	0.0037
000571	P	0.020372	0.100782	0.232885	0.0042	0.0148	0.0610	0.0180	0.0335	0.0880	0.0026
000572	G	0.023063	0.101175	0.229861	0.0055	0.0146	0.0600	0.0160	0.0341	0.0864	0.0019
000573	L	0.025652	0.093466	0.228005	0.0062	0.0227	0.0630	0.0180	0.0352	0.0841	0.0015
000574	Y	0.032234	0.084379	0.225684	0.0022	0.0194	0.0670	0.0200	0.0343	0.0832	0.0013
000575	A	0.077747	0.082838	0.221818	0.0040	0.0194	0.0680	0.0190	0.0420	0.0795	0.0013
000576	M	0.148022	0.091899	0.216379	0.0040	0.0205	0.0710	0.0180	0.0559	0.0814	0.0013
000577	V	0.201876	0.094897	0.212287	0.0029	0.0258	0.0710	0.0200	0.0660	0.0879	0.0013
000578	G	0.236557	0.100984	0.207437	0.0028	0.0178	0.0720	0.0240	0.0717	0.0949	0.0014
000579	A	0.250481	0.112328	0.201343	0.0074	0.0287	0.0750	0.0280	0.0790	0.0941	0.0016
000580	A	0.266632	0.118874	0.197641	0.0086	0.0327	0.0790	0.0320	0.0843	0.0963	0.0018
000581	A	0.288739	0.121212	0.194823	0.0087	0.0306	0.0860	0.0350	0.0892	0.1016	0.0020
000582	C	0.298348	0.130028	0.191552	0.0042	0.0157	0.0860	0.0370	0.0890	0.1069	0.0024
000583	L	0.298344	0.156410	0.188281	0.0049	0.0109	0.0930	0.0430	0.0940	0.1075	0.0029
000584	G	0.250703	0.165055	0.187462	0.0049	0.0123	0.0990	0.0440	0.0887	0.0956	0.0037
000585	G	0.180859	0.164791	0.186604	0.0067	0.0130	0.1040	0.0360	0.0783	0.0814	0.0045
000586	V	0.125333	0.159092	0.185065	0.0049	0.0109	0.1120	0.0290	0.0687	0.0755	0.0051
000587	T	0.084716	0.145209	0.182651	0.0029	0.0087	0.1150	0.0210	0.0595	0.0731	0.0058
000588	R	0.068484	0.119701	0.179236	0.0029	0.0130	0.1110	0.0180	0.0526	0.0687	0.0063
000589	M	0.047402	0.103343	0.174861	0.0009	0.0088	0.1040	0.0180	0.0441	0.0675	0.0068
000590	T	0.024207	0.088813	0.169659	0.0018	0.0104	0.0980	0.0230	0.0372	0.0659	0.0079
000591	V	0.043282	0.071626	0.163880	0.0009	0.0123	0.0990	0.0230	0.0378	0.0617	0.0088
000592	S	0.062741	0.063682	0.158456	0.0013	0.0146	0.1040	0.0240	0.0410	0.0591	0.0099
000593	L	0.086221	0.052591	0.153119	0.0049	0.0130	0.1040	0.0240	0.0435	0.0578	0.0106
000594	V	0.104687	0.045986	0.150440	0.0087	0.0244	0.0920	0.0220	0.0460	0.0553	0.0117
000595	V	0.120878	0.040512	0.147246	0.0052	0.0143	0.0760	0.0200	0.0428	0.0582	0.0130
000596	I	0.130265	0.043456	0.142977	0.0066	0.0095	0.0690	0.0180	0.0432	0.0587	0.0145
000597	V	0.140172	0.049706	0.139384	0.0053	0.0097	0.0630	0.0180	0.0446	0.0595	0.0165
000598	F	0.152559	0.051241	0.137655	0.0024	0.0104	0.0600	0.0160	0.0462	0.0621	0.0183
000599	E	0.161090	0.055723	0.139129	0.0009	0.0075	0.0550	0.0150	0.0466	0.0651	0.0208
000600	L	0.142163	0.066417	0.139146	0.0026	0.0076	0.0530	0.0150	0.0453	0.0605	0.0217
000601	T	0.132986	0.072669	0.139078	0.0008	0.0066	0.0530	0.0150	0.0443	0.0592	0.0224
000602	G	0.131225	0.075670	0.136933	0.0010	0.0075	0.0530	0.0160	0.0447	0.0582	0.0223
000603	G	0.149497	0.087236	0.133285	0.0008	0.0061	0.0570	0.0200	0.0501	0.0614	0.0218
000604	L	0.144280	0.096980	0.128866	0.0012	0.0070	0.0630	0.0250	0.0520	0.0594	0.0216
000605	E	0.135748	0.091075	0.125677	0.0012	0.0093	0.0610	0.0250	0.0497	0.0563	0.0215
000606	Y	0.127811	0.089419	0.123113	0.0015	0.0125	0.0650	0.0260	0.0494	0.0534	0.0201
000607	I	0.120725	0.088662	0.120249	0.0052	0.0202	0.0640	0.0230	0.0497	0.0493	0.0197
000608	V	0.111782	0.083919	0.117723	0.0084	0.0181	0.0620	0.0210	0.0474	0.0466	0.0195
000609	P	0.100385	0.078532	0.114894	0.0212	0.0240	0.0580	0.0180	0.0470	0.0404	0.0206
000610	L	0.083281	0.078087	0.111933	0.0083	0.0205	0.0570	0.0180	0.0412	0.0406	0.0213
000611	M	0.061438	0.073596	0.108356	0.0097	0.0398	0.0550	0.0170	0.0399	0.0352	0.0235
000612	A	0.024221	0.072790	0.105721	0.0097	0.0306	0.0520	0.0140	0.0316	0.0369	0.0258
000613	A	0.013480	0.084906	0.103352	0.0116	0.0165	0.0620	0.0150	0.0314	0.0406	0.0298
000614	V	0.013269	0.106178	0.101862	0.0087	0.0165	0.0680	0.0140	0.0354	0.0448	0.0355
000615	M	0.011764	0.122377	0.098333	0.0087	0.0281	0.0840	0.0210	0.0425	0.0474	0.0437
000616	T	0.005087	0.157240	0.095156	0.0082	0.0281	0.0860	0.0240	0.0474	0.0570	0.0541
000617	S	0.012313	0.184268	0.092454	0.0167	0.0543	0.0860	0.0220	0.0590	0.0599	0.0687
000618	K	0.019449	0.199960	0.089731	0.0395	0.0555	0.0950	0.0230	0.0682	0.0604	0.0835
000619	W	0.024030	0.212511	0.088182	0.0643	0.0473	0.1160	0.0350	0.0773	0.0630	0.0984
000620	V	0.026713	0.226157	0.086608	0.0316	0.0454	0.1320	0.0420	0.0769	0.0718	0.1046
000621	G	0.037037	0.215896	0.085125	0.0336	0.0676	0.1320	0.0410	0.0811	0.0648	0.1153
000622	D	0.043916	0.216722	0.084092	0.0514	0.0929	0.1390	0.0410	0.0906	0.0605	0.1264
000623	A	0.050342	0.215890	0.083060	0.0542	0.0662	0.1510	0.0370	0.0896	0.0621	0.1377
000624	F	0.055974	0.212197	0.082541	0.0677	0.0835	0.1610	0.0380	0.0967	0.0582	0.1464
000625	G	0.058359	0.228712	0.080338	0.0660	0.0749	0.1450	0.0430	0.0955	0.0621	0.1504
000626	R	0.072042	0.267085	0.080002	0.0965	0.1092	0.1490	0.0530	0.1157	0.0679	0.1521
000627	E	0.072603	0.270576	0.079933	0.0554	0.1028	0.1420	0.0550	0.1072	0.0736	0.1509
000628	G	0.074540	0.268842	0.079832	0.0567	0.0581	0.1230	0.0410	0.0968	0.0755	0.1462
000629	I	0.078339	0.265471	0.080082	0.0607	0.0704	0.1050	0.0270	0.0966	0.0721	0.1426
000630	Y	0.074448	0.251222	0.082370	0.0677	0.0646	0.0840	0.0230	0.0903	0.0676	0.1449
000631	E	0.083325	0.214903	0.087306	0.1380	0.0592	0.0610	0.0170	0.0928	0.0565	0.1596
000632	A	0.104245	0.194696	0.088743	0.0909	0.0646	0.0640	0.0200	0.0865	0.0466	0.1737
000633	H	0.107859	0.175444	0.089888	0.0554	0.0483	0.0600	0.0230	0.0745	0.0462	0.1910
000634	I	0.107594	0.150194	0.090273	0.0744	0.0592	0.0580	0.0220	0.0749	0.0354	0.2082
000635	R	0.087624	0.136368	0.092009	0.1178	0.1323	0.0520	0.0200	0.0878	0.0330	0.2297
000636	L	0.080947	0.133270	0.095959	0.1205	0.1501	0.0570	0.0200	0.0903	0.0355	0.2567
000637	N	0.103150	0.140663	0.098260	0.1349	0.0799	0.0690	0.0200	0.0880	0.0309	0.2853
000638	G	0.108390	0.157825	0.101370	0.1322	0.0734	0.0890	0.0310	0.0934	0.0326	0.3204
000639	Y	0.109718	0.164660	0.104500	0.0813	0.0734	0.1040	0.0430	0.0889	0.0340	0.3576
000640	P	0.105644	0.180383	0.111911	0.1349	0.1323	0.0950	0.0330	0.1081	0.0334	0.3967
000641	F	0.094332	0.211833	0.118831	0.2209	0.2193	0.1250	0.0530	0.1453	0.0567	0.4259
000642	L	0.091309	0.269574	0.125634	0.2080	0.1349	0.1580	0.0710	0.1436	0.0624	0.4270
000643	D	0.097380	0.331445	0.133130	0.2483	0.1373	0.2070	0.0770	0.1703	0.0829	0.4153
000644	A	0.104148	0.396496	0.144692	0.1844	0.1162	0.2420	0.0610	0.1738	0.1027	0.4071
000645	K	0.116081	0.436842	0.155004	0.2483	0.1969	0.2280	0.0520	0.2044	0.1055	0.3981
000646	E	0.137264	0.447492	0.165771	0.2292	0.1449	0.2380	0.0660	0.1994	0.1094	0.3890
000647	E	0.150527	0.455920	0.180442	0.3184	0.1852	0.2560	0.0680	0.2277	0.1089	0.3836
000648	F	0.178165	0.421396	0.197450	0.2558	0.1759	0.2620	0.0610	0.2155	0.0908	0.3802
000649	T	0.205099	0.386275	0.208969	0.2209	0.2034	0.1970	0.0530	0.2020	0.0757	0.3860
000650	H	0.227276	0.349505	0.222606	0.3005	0.2988	0.1600	0.0500	0.2228	0.0728	0.3914
000651	T	0.264512	0.340247	0.239540	0.3005	0.2752	0.1580	0.0520	0.2231	0.0691	0.3998
000652	T	0.286619	0.327541	0.254103	0.3762	0.3910	0.1750	0.0570	0.2595	0.0850	0.4071
000653	L	0.297613	0.330171	0.266300	0.4333	0.4901	0.1930	0.0660	0.2907	0.1094	0.4114
000654	A	0.303608	0.358724	0.278420	0.4282	0.5139	0.2050	0.0740	0.3016	0.1112	0.4180
000655	A	0.305837	0.393289	0.290577	0.4651	0.5901	0.2110	0.0810	0.3276	0.1339	0.4246
000656	D	0.322289	0.422862	0.303027	0.5008	0.4979	0.2440	0.0830	0.3313	0.1106	0.4314
000657	V	0.340209	0.457009	0.308313	0.5173	0.4476	0.2700	0.0950	0.3386	0.1029	0.4300
000658	M	0.356554	0.487830	0.315519	0.4513	0.3631	0.2730	0.1120	0.3219	0.0910	0.4232
000659	R	0.350347	0.516624	0.323258	0.5173	0.3983	0.2970	0.1220	0.3466	0.1031	0.4168
000660	P	0.344718	0.536998	0.328957	0.4703	0.3983	0.2760	0.1000	0.3378	0.1040	0.4178
000661	R	0.353387	0.550175	0.334666	0.4116	0.4119	0.3020	0.0810	0.3381	0.0978	0.4180
000662	R	0.372497	0.563991	0.337985	0.4078	0.4149	0.2640	0.0530	0.3371	0.1074	0.4204
000663	N	0.413325	0.564505	0.345497	0.4245	0.4220	0.2460	0.0620	0.3451	0.1117	0.4237
000664	D	0.400177	0.561784	0.356791	0.5084	0.4652	0.2160	0.0560	0.3586	0.1273	0.4278
000665	P	0.386163	0.541578	0.370275	0.5331	0.5055	0.1880	0.0590	0.3591	0.1385	0.4330
000666	P	0.357521	0.508013	0.381117	0.5253	0.4725	0.1940	0.0520	0.3429	0.1299	0.4270
000667	L	0.330281	0.476937	0.390086	0.5229	0.4725	0.2200	0.0490	0.3370	0.1219	0.4214
000668	A	0.351312	0.435504	0.399421	0.5229	0.5533	0.2260	0.0540	0.3481	0.1278	0.4191
000669	V	0.395331	0.417683	0.406353	0.5623	0.5017	0.2100	0.0540	0.3478	0.1286	0.4166
000670	L	0.429054	0.440188	0.410509	0.5846	0.5211	0.2070	0.0580	0.3637	0.1357	0.4147
000671	T	0.465761	0.421538	0.405769	0.4825	0.5055	0.2200	0.0770	0.3493	0.1160	0.4169
000672	Q	0.484477	0.439096	0.399813	0.4967	0.4652	0.2200	0.0800	0.3510	0.1150	0.4192
000673	D	0.513842	0.441341	0.393973	0.5084	0.3807	0.2320	0.0800	0.3461	0.1155	0.4200
000674	N	0.568777	0.423403	0.386367	0.4781	0.3807	0.2430	0.0800	0.3491	0.1183	0.4189
000675	M	0.606395	0.409174	0.375177	0.3939	0.3872	0.2570	0.0870	0.3423	0.1206	0.4181
000676	T	0.646614	0.412031	0.367579	0.3630	0.3667	0.2570	0.1030	0.3409	0.1338	0.4198
000677	V	0.672846	0.426844	0.358849	0.3399	0.3392	0.2730	0.1050	0.3420	0.1424	0.4212
000678	D	0.651593	0.435674	0.345624	0.3939	0.3286	0.2890	0.1070	0.3498	0.1320	0.4220
000679	D	0.652437	0.453272	0.329165	0.4203	0.3704	0.3130	0.1040	0.3682	0.1261	0.4203
000680	I	0.645396	0.460211	0.318872	0.3847	0.4330	0.3150	0.0900	0.3730	0.1237	0.4190
000681	E	0.626683	0.441618	0.306495	0.4458	0.4051	0.2820	0.0930	0.3669	0.1236	0.4179
000682	N	0.619069	0.428684	0.291400	0.4458	0.4256	0.3190	0.1210	0.3731	0.1163	0.4115
000683	M	0.603567	0.416287	0.278973	0.3311	0.3494	0.3460	0.1480	0.3411	0.1145	0.4026
000684	I	0.591239	0.400498	0.268226	0.3578	0.2575	0.3130	0.1380	0.3199	0.1212	0.3989
000685	N	0.578336	0.383802	0.257159	0.2913	0.2094	0.2970	0.1260	0.2934	0.1277	0.3978
000686	E	0.556777	0.370901	0.247454	0.2432	0.2470	0.2750	0.1010	0.2822	0.1206	0.3917
000687	T	0.561040	0.350818	0.238511	0.2122	0.2364	0.2570	0.0860	0.2696	0.1272	0.3843
000688	S	0.559239	0.330169	0.236588	0.2748	0.3182	0.2080	0.0750	0.2817	0.1212	0.3775
000689	Y	0.555841	0.305938	0.231943	0.2558	0.3087	0.1950	0.0640	0.2702	0.1236	0.3731
000690	N	0.554946	0.296599	0.228794	0.2531	0.3117	0.1830	0.0700	0.2666	0.1256	0.3711
000691	G	0.562922	0.293118	0.226149	0.3263	0.3983	0.1680	0.0690	0.2915	0.1328	0.3669
000692	F	0.534185	0.293024	0.219686	0.3263	0.3019	0.1590	0.0560	0.2691	0.1223	0.3608
000693	P	0.487026	0.298289	0.214774	0.3184	0.2292	0.1400	0.0320	0.2455	0.1145	0.3598
000694	V	0.433175	0.298563	0.208917	0.2657	0.2680	0.1410	0.0390	0.2344	0.0958	0.3599
000695	I	0.377996	0.313334	0.205269	0.2748	0.2470	0.1410	0.0390	0.2256	0.0831	0.3578
000696	M	0.320027	0.344305	0.203699	0.2700	0.2094	0.1420	0.0400	0.2143	0.0780	0.3523
000697	S	0.266464	0.366792	0.202713	0.1805	0.1323	0.1460	0.0300	0.1820	0.0871	0.3551
000698	K	0.217567	0.373188	0.202196	0.1566	0.1298	0.1500	0.0300	0.1712	0.0878	0.3569
000699	E	0.182501	0.366821	0.200676	0.0991	0.1323	0.1370	0.0320	0.1529	0.0935	0.3571
000700	S	0.131774	0.336390	0.201231	0.1532	0.2129	0.1300	0.0300	0.1607	0.0786	0.3557
000701	Q	0.113448	0.305755	0.206757	0.1495	0.1373	0.1400	0.0320	0.1411	0.0733	0.3527
000702	R	0.130385	0.300978	0.216816	0.1566	0.1424	0.1560	0.0440	0.1478	0.0692	0.3468
000703	L	0.163601	0.271114	0.227312	0.1667	0.1643	0.1760	0.0540	0.1569	0.0556	0.3418
000704	V	0.195069	0.248487	0.236077	0.1349	0.1251	0.1880	0.0560	0.1486	0.0607	0.3378
000705	G	0.208921	0.220692	0.245642	0.1266	0.1162	0.2110	0.0710	0.1473	0.0637	0.3347
000706	F	0.210948	0.185959	0.252909	0.1635	0.1914	0.2370	0.0910	0.1647	0.0520	0.3297
000707	A	0.247716	0.152038	0.257546	0.1266	0.2258	0.2120	0.0850	0.1608	0.0646	0.3344
000708	L	0.329616	0.143879	0.261351	0.1266	0.2002	0.1880	0.0890	0.1647	0.0819	0.3375
000709	R	0.361208	0.145346	0.266562	0.1292	0.2064	0.1800	0.0710	0.1704	0.0907	0.3445
000710	R	0.419050	0.159207	0.275436	0.1018	0.1914	0.1630	0.0560	0.1724	0.1133	0.3507
000711	D	0.480660	0.172399	0.285073	0.1018	0.1914	0.1600	0.0500	0.1844	0.1326	0.3578
000712	L	0.521898	0.197160	0.300876	0.0935	0.1914	0.1710	0.0500	0.1958	0.1463	0.3665
000713	T	0.587245	0.226851	0.318695	0.0965	0.2034	0.1870	0.0610	0.2168	0.1650	0.3814
000714	I	0.666412	0.265901	0.336124	0.1566	0.2849	0.2000	0.0660	0.2623	0.1753	0.3972
000715	A	0.749058	0.322300	0.354347	0.2209	0.2680	0.1850	0.0690	0.2908	0.1965	0.4131
000716	I	0.789387	0.368752	0.368060	0.2209	0.2064	0.1760	0.0730	0.2935	0.2175	0.4264
000717	E	0.776163	0.399678	0.384481	0.2385	0.3087	0.1590	0.0560	0.3137	0.2065	0.4281
000718	S	0.800743	0.431761	0.403624	0.1998	0.3356	0.1470	0.0340	0.3192	0.2220	0.4216
000719	A	0.784623	0.475431	0.418462	0.2820	0.4149	0.1470	0.0320	0.3507	0.2076	0.4159
000720	R	0.741027	0.487043	0.435376	0.2820	0.4149	0.1700	0.0440	0.3491	0.1919	0.4119
000721	K	0.711253	0.512656	0.449983	0.2865	0.3529	0.1840	0.0550	0.3412	0.1853	0.4083
000722	K	0.658717	0.537511	0.468161	0.2820	0.2783	0.1820	0.0590	0.3231	0.1840	0.4061
000723	Q	0.604042	0.541154	0.487989	0.3053	0.2575	0.1680	0.0470	0.3127	0.1787	0.4083
000724	E	0.504721	0.570480	0.507582	0.2558	0.2258	0.1500	0.0340	0.2844	0.1838	0.4156
000725	G	0.415986	0.557091	0.524845	0.2558	0.3182	0.1510	0.0360	0.2830	0.1687	0.4236
000726	I	0.328659	0.535098	0.535097	0.2602	0.3460	0.1490	0.0350	0.2698	0.1657	0.4316
000727	V	0.257103	0.507841	0.537733	0.3491	0.4292	0.1500	0.0420	0.2822	0.1635	0.4299
000728	G	0.201739	0.489578	0.540453	0.3535	0.4476	0.1430	0.0360	0.2726	0.1721	0.4259
000729	S	0.177226	0.487066	0.541996	0.3491	0.4476	0.1410	0.0360	0.2670	0.1767	0.4225
000730	S	0.196963	0.458526	0.543306	0.4116	0.3983	0.1390	0.0390	0.2674	0.1693	0.4193
000731	R	0.166680	0.435020	0.545167	0.4149	0.4256	0.1410	0.0440	0.2639	0.1741	0.4152
000732	V	0.149732	0.400330	0.552071	0.3578	0.4017	0.1460	0.0520	0.2426	0.1718	0.4121
000733	C	0.179744	0.388119	0.560269	0.3885	0.4186	0.1500	0.0560	0.2541	0.1699	0.4094
000734	F	0.235157	0.428085	0.573022	0.3535	0.4051	0.1600	0.0570	0.2637	0.1644	0.4109
000735	A	0.270469	0.465751	0.581624	0.3578	0.4186	0.1630	0.0520	0.2793	0.1660	0.4164
000736	Q	0.290255	0.502301	0.584909	0.3535	0.4220	0.1810	0.0560	0.2915	0.1652	0.4224
000737	H	0.294546	0.561338	0.588551	0.4513	0.5419	0.1930	0.0650	0.3404	0.1766	0.4271
000738	T	0.291693	0.589452	0.594607	0.5173	0.5211	0.2130	0.0700	0.3555	0.1779	0.4320
000739	P	0.244340	0.625593	0.601166	0.5331	0.5211	0.2490	0.0870	0.3622	0.1860	0.4324
000740	S	0.262792	0.648222	0.606727	0.4600	0.4409	0.3070	0.0970	0.3532	0.1736	0.4288
000741	L	0.335585	0.680278	0.612177	0.4556	0.4441	0.3440	0.1020	0.3766	0.1640	0.4259
000742	P	0.397943	0.713426	0.617463	0.3762	0.4409	0.3250	0.1100	0.3756	0.1732	0.4223
000743	A	0.433431	0.721001	0.615583	0.4420	0.4220	0.3460	0.1050	0.3940	0.1648	0.4182
000744	E	0.496815	0.735010	0.607993	0.4967	0.4149	0.3270	0.0900	0.4118	0.1656	0.4144
000745	S	0.582536	0.722397	0.596447	0.5008	0.5296	0.3200	0.1020	0.4426	0.1568	0.4137
000746	P	0.628377	0.689182	0.584367	0.4513	0.5254	0.2730	0.0680	0.4278	0.1669	0.4148
000747	R	0.668026	0.664628	0.577677	0.4458	0.5098	0.2590	0.0740	0.4245	0.1712	0.4191
000748	P	0.702919	0.639321	0.564432	0.4116	0.5419	0.2240	0.0730	0.4199	0.1838	0.4228
000749	L	0.709370	0.603253	0.547503	0.4116	0.4292	0.2390	0.0760	0.3988	0.1765	0.4278
000750	K	0.650885	0.579968	0.532424	0.4149	0.4051	0.2230	0.0880	0.3789	0.1655	0.4325
000751	L	0.569392	0.550199	0.514212	0.3184	0.3426	0.2200	0.0870	0.3333	0.1574	0.4293
000752	R	0.485727	0.513142	0.496158	0.3806	0.4220	0.1960	0.0810	0.3329	0.1363	0.4254
000753	S	0.392859	0.467027	0.474762	0.2786	0.4017	0.1970	0.0830	0.2895	0.1277	0.4214
000754	I	0.291641	0.410042	0.452404	0.3053	0.4292	0.2030	0.0830	0.2731	0.1166	0.4169
000755	L	0.273780	0.352111	0.431672	0.3096	0.4220	0.1950	0.0820	0.2588	0.1096	0.4119
000756	D	0.262799	0.350783	0.411837	0.3005	0.4507	0.1820	0.0780	0.2578	0.1134	0.4099
000757	M	0.237043	0.370187	0.394706	0.2748	0.3872	0.1910	0.0840	0.2434	0.1028	0.4069
000758	S	0.225266	0.386323	0.381176	0.3053	0.3983	0.1820	0.0780	0.2495	0.1052	0.4089
000759	P	0.232261	0.390010	0.369085	0.2531	0.2918	0.1790	0.0680	0.2243	0.0966	0.4117
000760	F	0.250503	0.400583	0.357700	0.3311	0.3053	0.1870	0.0620	0.2458	0.0920	0.4144
000761	T	0.256468	0.406201	0.348938	0.2385	0.2436	0.1560	0.0420	0.2169	0.0997	0.4198
000762	V	0.260467	0.396248	0.340115	0.2432	0.3249	0.1630	0.0530	0.2314	0.0943	0.4240
000763	T	0.269220	0.385487	0.323973	0.1667	0.2436	0.1810	0.0560	0.2076	0.0937	0.4269
000764	D	0.242450	0.383537	0.304572	0.1635	0.1528	0.1740	0.0510	0.1861	0.0983	0.4285
000765	H	0.213720	0.347247	0.282778	0.1456	0.2224	0.1590	0.0490	0.1812	0.0841	0.4262
000766	T	0.190781	0.307288	0.266668	0.1205	0.2988	0.1200	0.0440	0.1729	0.0899	0.4257
000767	P	0.174145	0.275752	0.256425	0.1150	0.2094	0.0900	0.0330	0.1440	0.0806	0.4223
000768	M	0.138273	0.246380	0.248960	0.1349	0.2399	0.0810	0.0300	0.1401	0.0782	0.4183
000769	E	0.114600	0.211397	0.239523	0.0701	0.1671	0.0720	0.0250	0.1059	0.0766	0.4169
000770	I	0.103583	0.175271	0.232670	0.0587	0.1476	0.0680	0.0280	0.0922	0.0725	0.4120
000771	V	0.089321	0.144887	0.225299	0.0587	0.2470	0.0560	0.0250	0.0994	0.0850	0.4069
000772	V	0.076419	0.124475	0.215616	0.0587	0.1791	0.0510	0.0230	0.0816	0.0716	0.4014
000773	D	0.066421	0.102482	0.205359	0.1018	0.1671	0.0500	0.0220	0.0813	0.0643	0.3948
000774	I	0.056922	0.098111	0.195702	0.0621	0.1162	0.0500	0.0220	0.0639	0.0599	0.3861
000775	F	0.052908	0.085312	0.189147	0.0327	0.1137	0.0500	0.0200	0.0557	0.0614	0.3790
000776	R	0.039600	0.082480	0.186015	0.0212	0.1137	0.0470	0.0190	0.0507	0.0636	0.3797
000777	K	0.025702	0.081516	0.184023	0.0200	0.1184	0.0500	0.0230	0.0493	0.0650	0.3799
000778	L	0.017090	0.082698	0.181448	0.0157	0.0985	0.0530	0.0230	0.0446	0.0642	0.3826
000779	G	0.010960	0.085266	0.182365	0.0200	0.1229	0.0550	0.0220	0.0491	0.0669	0.3893
000780	L	0.009473	0.096537	0.182618	0.0194	0.0704	0.0630	0.0240	0.0432	0.0647	0.3903
000781	R	0.006937	0.114293	0.185411	0.0395	0.0704	0.0580	0.0200	0.0481	0.0653	0.3956
000782	Q	0.005971	0.120553	0.187052	0.0350	0.1007	0.0530	0.0170	0.0526	0.0677	0.4035
000783	C	0.006981	0.121124	0.187944	0.0316	0.0909	0.0530	0.0160	0.0506	0.0680	0.4113
000784	L	0.007912	0.135659	0.190703	0.0327	0.0518	0.0520	0.0170	0.0466	0.0712	0.4262
000785	V	0.008637	0.134308	0.193778	0.0316	0.0888	0.0500	0.0160	0.0523	0.0712	0.4218
000786	T	0.008850	0.125405	0.195771	0.0336	0.1554	0.0520	0.0190	0.0625	0.0755	0.4021
000787	H	0.009149	0.127440	0.197882	0.0336	0.1554	0.0620	0.0320	0.0647	0.0753	0.3881
000788	N	0.009244	0.128440	0.200214	0.0363	0.1611	0.0700	0.0390	0.0675	0.0758	0.3732
000789	G	0.009563	0.124998	0.203253	0.0771	0.1583	0.0660	0.0320	0.0727	0.0720	0.3590
000790	R	0.010820	0.134960	0.206882	0.0723	0.1028	0.0640	0.0290	0.0642	0.0704	0.3487
000791	L	0.012337	0.144085	0.211682	0.0789	0.1611	0.0630	0.0270	0.0765	0.0756	0.3360
000792	L	0.013561	0.147783	0.216289	0.0455	0.1611	0.0660	0.0280	0.0723	0.0801	0.3265
000793	G	0.014786	0.157379	0.219405	0.0455	0.1298	0.0730	0.0270	0.0700	0.0787	0.3199
000794	I	0.018736	0.178092	0.222018	0.0701	0.1611	0.0950	0.0330	0.0871	0.0785	0.3193
000795	I	0.023216	0.201779	0.226162	0.1060	0.2436	0.1040	0.0410	0.1131	0.0874	0.3243
000796	T	0.027446	0.218538	0.228603	0.1322	0.3087	0.1080	0.0440	0.1325	0.0994	0.3319
000797	K	0.028447	0.244909	0.231604	0.1380	0.2783	0.1160	0.0440	0.1343	0.0949	0.3400
000798	K	0.034983	0.267955	0.234134	0.1349	0.2849	0.1290	0.0500	0.1420	0.0970	0.3467
000799	D	0.046506	0.261059	0.235828	0.1117	0.2849	0.1420	0.0520	0.1410	0.0948	0.3521
000800	I	0.060772	0.252510	0.238772	0.1117	0.2884	0.1570	0.0530	0.1451	0.0906	0.3571
000801	L	0.076309	0.262898	0.244666	0.1150	0.3087	0.1520	0.0510	0.1526	0.0933	0.3592
000802	R	0.102586	0.270741	0.251909	0.1805	0.3599	0.1880	0.0660	0.1836	0.0912	0.3625
000803	H	0.127187	0.288809	0.254710	0.3096	0.4409	0.2810	0.0890	0.2413	0.1013	0.3622
000804	M	0.157322	0.330552	0.255340	0.2748	0.3599	0.3770	0.1070	0.2500	0.0856	0.3583
000805	A	0.218493	0.375749	0.256404	0.3806	0.4186	0.4110	0.1290	0.3008	0.0884	0.3462
000806	Q	0.288307	0.412861	0.257169	0.3806	0.4017	0.4740	0.1310	0.3263	0.0859	0.3393
000807	T	0.330498	0.485105	0.258604	0.3578	0.4087	0.6010	0.1570	0.3639	0.1193	0.3374
000808	A	0.357278	0.537626	0.259658	0.2748	0.4017	0.6710	0.1670	0.3737	0.1521	0.3348
000809	N	0.381941	0.554845	0.260297	0.2657	0.3807	0.7190	0.0960	0.3838	0.1689	0.3356
000810	Q	0.401437	0.583009	0.259800	0.3146	0.3529	0.7630	0.0830	0.4025	0.1794	0.3396
000811	D	0.410854	0.598367	0.259260	0.4420	0.4256	0.8170	0.0970	0.4489	0.1806	0.3475
000812	P	0.422429	0.628347	0.257180	0.5667	0.5098	0.8070	0.0990	0.4890	0.1757	0.3613
000813	A	0.417222	0.675076	0.258090	0.6035	0.4831	0.8050	0.1080	0.4973	0.1832	0.3729
000814	S	0.371086	0.717589	0.260442	0.6412	0.4582	0.8020	0.1390	0.4983	0.1980	0.3792
000815	I	0.349868	0.744836	0.262077	0.7034	0.4766	0.8730	0.1070	0.5246	0.2249	0.3880
000816	M	0.373968	0.726639	0.264098	0.7724	0.5017	0.8750	0.1120	0.5415	0.2255	0.4020
000817	F	0.272734	0.758198	0.265211	0.8074	0.4582	0.9000	0.0630	0.5328	0.2601	0.4122
000818	N	0.181453	0.769877	0.269007	0.8488	0.4220	0.9090	0.0630	0.5219	0.2910	0.4181