RESNUM	RES	VL-XT	VSL2B	VL3	IUPred-S	IUPred-L	PONDRFIT	FITERROR	MDP	MDPERROR	ANCHOR2
000001	M	0.510119	0.789794	0.239517	0.7688	0.1028	0.9420	0.0240	0.5189	0.3072	0.3763
000002	S	0.549834	0.815086	0.232527	0.7275	0.1349	0.8870	0.0410	0.5190	0.2878	0.3888
000003	S	0.361897	0.790848	0.226219	0.6474	0.1251	0.8540	0.0620	0.4632	0.2812	0.4022
000004	L	0.125276	0.693682	0.221162	0.6079	0.1942	0.7870	0.0830	0.4013	0.2671	0.4187
000005	I	0.295857	0.602368	0.215679	0.5173	0.2193	0.7340	0.0980	0.3949	0.2025	0.4331
000006	R	0.286473	0.486622	0.210972	0.5043	0.2064	0.8260	0.0970	0.3850	0.2204	0.4206
000007	R	0.309500	0.410848	0.207318	0.4600	0.1424	0.7960	0.1290	0.3531	0.2154	0.3961
000008	V	0.353866	0.353345	0.203981	0.3762	0.1611	0.8130	0.0850	0.3428	0.2138	0.3640
000009	I	0.413791	0.301033	0.200215	0.2483	0.2193	0.7740	0.1030	0.3260	0.2009	0.3356
000010	S	0.468799	0.299390	0.198771	0.2041	0.1611	0.8040	0.0660	0.3229	0.2269	0.3126
000011	T	0.541332	0.343575	0.197594	0.1921	0.1823	0.7820	0.1000	0.3403	0.2248	0.2898
000012	A	0.620436	0.352830	0.194321	0.1532	0.2292	0.7930	0.1030	0.3581	0.2391	0.2708
000013	K	0.695255	0.364310	0.191822	0.1532	0.1969	0.7840	0.1040	0.3657	0.2543	0.2596
000014	A	0.764602	0.399974	0.190517	0.1602	0.1424	0.7730	0.0970	0.3734	0.2726	0.2520
000015	P	0.813962	0.420720	0.192089	0.1921	0.1424	0.7330	0.0980	0.3837	0.2708	0.2502
000016	G	0.834583	0.418400	0.190770	0.2041	0.1554	0.6690	0.1060	0.3803	0.2610	0.2507
000017	A	0.835670	0.417358	0.185412	0.1322	0.1611	0.5440	0.1430	0.3484	0.2546	0.2526
000018	I	0.828649	0.379406	0.177638	0.0832	0.1611	0.4620	0.0710	0.3190	0.2531	0.2620
000019	G	0.788524	0.339752	0.171586	0.1416	0.2224	0.3460	0.0820	0.3064	0.2189	0.2784
000020	P	0.785075	0.298257	0.166025	0.2333	0.2193	0.2930	0.0940	0.3049	0.2092	0.2979
000021	Y	0.785338	0.275731	0.160961	0.2333	0.1476	0.2990	0.1080	0.2902	0.2182	0.3128
000022	S	0.763327	0.247524	0.158806	0.1667	0.0888	0.2670	0.1010	0.2556	0.2247	0.3281
000023	Q	0.715100	0.221457	0.157889	0.1416	0.1092	0.2670	0.0960	0.2424	0.2080	0.3417
000024	A	0.672002	0.201268	0.159705	0.0935	0.1092	0.2500	0.0820	0.2210	0.1988	0.3547
000025	V	0.649829	0.181157	0.158788	0.1240	0.1399	0.2380	0.0780	0.2222	0.1850	0.3661
000026	L	0.607370	0.172056	0.155565	0.1041	0.0704	0.2330	0.0780	0.1978	0.1809	0.3743
000027	V	0.583751	0.182584	0.157014	0.1088	0.0719	0.2260	0.0830	0.1954	0.1713	0.3777
000028	D	0.623360	0.184595	0.159954	0.0884	0.0704	0.2310	0.0900	0.1996	0.1877	0.3790
000029	R	0.604281	0.174586	0.163575	0.1380	0.1275	0.2480	0.0980	0.2154	0.1685	0.3765
000030	T	0.584152	0.176573	0.165322	0.1178	0.1528	0.2280	0.0920	0.2099	0.1608	0.3688
000031	I	0.585944	0.169364	0.167239	0.1088	0.1298	0.2270	0.0960	0.2034	0.1652	0.3613
000032	Y	0.614560	0.178035	0.170927	0.2041	0.1969	0.2160	0.0900	0.2349	0.1603	0.3563
000033	I	0.643464	0.208459	0.175644	0.2041	0.1969	0.1860	0.0680	0.2399	0.1703	0.3508
000034	S	0.660748	0.258799	0.179966	0.2041	0.1969	0.1700	0.0550	0.2485	0.1758	0.3438
000035	G	0.726032	0.316172	0.184634	0.2385	0.1554	0.1970	0.0620	0.2722	0.1983	0.3321
000036	Q	0.792531	0.378349	0.189049	0.3096	0.1554	0.2550	0.0890	0.3151	0.2149	0.3244
000037	I	0.823644	0.430440	0.196738	0.3146	0.2258	0.3270	0.0890	0.3535	0.2122	0.3198
000038	G	0.856031	0.470073	0.203914	0.3184	0.2884	0.3800	0.0890	0.3855	0.2143	0.3195
000039	M	0.885883	0.507102	0.213295	0.3005	0.2715	0.4150	0.0900	0.3967	0.2274	0.3203
000040	D	0.909616	0.520344	0.221760	0.2913	0.1969	0.4320	0.1030	0.3917	0.2461	0.3144
000041	P	0.939729	0.570916	0.225649	0.2913	0.1611	0.5110	0.1160	0.4124	0.2664	0.3084
000042	S	0.955697	0.569416	0.226819	0.3053	0.2575	0.5150	0.1340	0.4337	0.2542	0.2978
000043	S	0.954277	0.617436	0.235871	0.3456	0.3599	0.5030	0.1670	0.4634	0.2390	0.2882
000044	G	0.947787	0.605477	0.242986	0.4333	0.4119	0.5020	0.1780	0.4834	0.2222	0.2808
000045	Q	0.935085	0.588166	0.249483	0.4458	0.4119	0.4930	0.1770	0.4789	0.2154	0.2761
000046	L	0.905100	0.584003	0.251636	0.4078	0.4220	0.4620	0.1650	0.4635	0.2079	0.2734
000047	V	0.846308	0.589889	0.254581	0.3847	0.3774	0.4160	0.1480	0.4356	0.1965	0.2647
000048	S	0.770009	0.574084	0.255077	0.4703	0.3840	0.3950	0.1330	0.4322	0.1687	0.2516
000049	G	0.691988	0.557593	0.254172	0.4333	0.3840	0.4080	0.1280	0.4124	0.1447	0.2385
000050	G	0.651656	0.543241	0.250926	0.3939	0.4330	0.4210	0.1230	0.4072	0.1315	0.2252
000051	V	0.607314	0.550746	0.246815	0.3630	0.3807	0.4120	0.1180	0.3856	0.1271	0.2168
000052	A	0.552253	0.551847	0.245505	0.3311	0.3460	0.3740	0.0670	0.3592	0.1214	0.2124
000053	E	0.463688	0.576363	0.243952	0.2963	0.3667	0.3500	0.0520	0.3422	0.1169	0.2099
000054	E	0.383614	0.602816	0.241425	0.2865	0.2849	0.3410	0.0540	0.3165	0.1256	0.2056
000055	A	0.318101	0.624480	0.237621	0.3053	0.2064	0.3580	0.0430	0.3020	0.1418	0.1977
000056	K	0.280122	0.605444	0.233485	0.2209	0.1969	0.3340	0.0520	0.2729	0.1440	0.1925
000057	Q	0.251194	0.560746	0.231714	0.2167	0.2399	0.2890	0.0510	0.2596	0.1256	0.1895
000058	A	0.247047	0.525292	0.227139	0.2700	0.2752	0.2490	0.0430	0.2610	0.1093	0.1896
000059	L	0.191972	0.498843	0.223687	0.2255	0.2715	0.2200	0.0310	0.2346	0.1106	0.1913
000060	K	0.139001	0.444936	0.218892	0.1921	0.2129	0.1930	0.0270	0.1970	0.1046	0.1904
000061	N	0.095991	0.436928	0.214557	0.1921	0.2328	0.1950	0.0280	0.1922	0.1090	0.1923
000062	M	0.082846	0.408304	0.210106	0.1844	0.2002	0.1840	0.0340	0.1767	0.1035	0.1979
000063	G	0.066606	0.349591	0.203580	0.2255	0.2399	0.1590	0.0470	0.1734	0.0919	0.2026
000064	E	0.053542	0.301104	0.195577	0.1349	0.2328	0.1390	0.0520	0.1436	0.0853	0.2107
000065	I	0.040475	0.273825	0.187430	0.1205	0.1554	0.1260	0.0550	0.1194	0.0775	0.2177
000066	L	0.036521	0.232004	0.178579	0.1495	0.1323	0.1120	0.0600	0.1104	0.0669	0.2277
000067	K	0.013236	0.201077	0.171070	0.1060	0.1323	0.0840	0.0430	0.0895	0.0672	0.2335
000068	A	0.004430	0.179924	0.158952	0.0660	0.1298	0.0780	0.0380	0.0763	0.0655	0.2384
000069	A	0.003617	0.161417	0.146297	0.0789	0.1611	0.0630	0.0270	0.0780	0.0636	0.2422
000070	G	0.003530	0.136004	0.131490	0.1150	0.1759	0.0530	0.0190	0.0805	0.0615	0.2475
000071	C	0.003299	0.124097	0.117286	0.1117	0.1162	0.0480	0.0170	0.0672	0.0493	0.2579
000072	D	0.002667	0.132066	0.105219	0.0723	0.0662	0.0410	0.0150	0.0524	0.0453	0.2677
000073	F	0.002545	0.133682	0.095598	0.0514	0.0690	0.0370	0.0110	0.0490	0.0448	0.2737
000074	T	0.002635	0.131924	0.079996	0.0308	0.0765	0.0310	0.0070	0.0455	0.0445	0.2717
000075	N	0.002445	0.131778	0.065547	0.0212	0.0389	0.0300	0.0070	0.0375	0.0433	0.2698
000076	V	0.001816	0.127676	0.050663	0.0376	0.0719	0.0350	0.0090	0.0456	0.0399	0.2704
000077	V	0.001416	0.113909	0.037096	0.0316	0.1275	0.0350	0.0140	0.0516	0.0466	0.2695
000078	K	0.001418	0.105577	0.025351	0.0350	0.0719	0.0350	0.0160	0.0415	0.0341	0.2727
000079	T	0.001221	0.108482	0.016271	0.0478	0.0967	0.0400	0.0170	0.0490	0.0393	0.2820
000080	T	0.008702	0.102677	0.008063	0.0304	0.1206	0.0430	0.0200	0.0508	0.0441	0.2896
000081	V	0.013069	0.092728	0.000996	0.0308	0.0817	0.0540	0.0270	0.0454	0.0338	0.2974
000082	L	0.013951	0.096235	-0.005040	0.0464	0.1275	0.0600	0.0300	0.0574	0.0453	0.2987
000083	L	0.013828	0.107058	-0.011720	0.0259	0.1298	0.0660	0.0340	0.0570	0.0507	0.2919
000084	A	0.014025	0.116373	-0.019748	0.0478	0.1399	0.0750	0.0380	0.0655	0.0554	0.2815
000085	D	0.014086	0.142118	-0.026414	0.0542	0.0835	0.0880	0.0440	0.0636	0.0545	0.2787
000086	I	0.014025	0.153176	-0.032090	0.0304	0.0749	0.0880	0.0400	0.0601	0.0594	0.2731
000087	N	0.013739	0.152531	-0.037569	0.0297	0.1184	0.0800	0.0380	0.0658	0.0648	0.2686
000088	D	0.013708	0.158698	-0.042716	0.0464	0.1070	0.0950	0.0440	0.0702	0.0662	0.2650
000089	F	0.006246	0.166044	-0.047275	0.0502	0.0592	0.1130	0.0520	0.0658	0.0694	0.2585
000090	N	0.001858	0.159909	-0.051834	0.0327	0.0555	0.1090	0.0440	0.0598	0.0695	0.2444
000091	T	0.000944	0.163637	-0.055687	0.0179	0.0531	0.1180	0.0480	0.0590	0.0738	0.2320
000092	V	0.000775	0.186377	-0.058557	0.0297	0.0870	0.1220	0.0490	0.0709	0.0812	0.2188
000093	N	0.000511	0.198702	-0.060386	0.0490	0.0765	0.1170	0.0490	0.0736	0.0831	0.2104
000094	E	0.000387	0.195748	-0.062003	0.0832	0.1449	0.1120	0.0450	0.0894	0.0874	0.2100
000095	I	0.000362	0.211228	-0.061946	0.0554	0.1449	0.1300	0.0630	0.0903	0.0928	0.2120
000096	Y	0.000369	0.229258	-0.059756	0.0677	0.1399	0.1330	0.0650	0.0950	0.0958	0.2114
000097	K	0.000356	0.222616	-0.057562	0.0935	0.1823	0.1320	0.0650	0.1051	0.0984	0.2118
000098	Q	0.000305	0.237941	-0.055953	0.0935	0.1449	0.1480	0.0740	0.1040	0.0983	0.2106
000099	Y	0.000300	0.255958	-0.052510	0.0677	0.0817	0.1690	0.0850	0.0958	0.1026	0.2095
000100	F	0.000271	0.263488	-0.048866	0.1088	0.1528	0.1800	0.0900	0.1176	0.1064	0.2092
000101	K	0.000258	0.283535	-0.045302	0.0621	0.1007	0.1660	0.0780	0.1021	0.1085	0.2045
000102	S	0.000212	0.316989	-0.039448	0.0723	0.0780	0.1550	0.0650	0.1037	0.1161	0.2017
000103	N	0.000175	0.319624	-0.033696	0.0771	0.0967	0.1450	0.0560	0.1064	0.1146	0.1986
000104	F	0.000181	0.302118	-0.028204	0.0567	0.0543	0.1310	0.0400	0.0906	0.1089	0.1954
000105	P	0.000173	0.294497	-0.020671	0.0425	0.0581	0.1020	0.0330	0.0829	0.1040	0.1864
000106	A	0.000882	0.273517	-0.010972	0.0441	0.0967	0.0900	0.0250	0.0841	0.0945	0.1784
000107	R	0.011121	0.246236	-0.002213	0.0884	0.1528	0.0850	0.0250	0.0972	0.0845	0.1746
000108	A	0.045542	0.222578	0.006184	0.0858	0.1528	0.0710	0.0200	0.0962	0.0714	0.1663
000109	A	0.064273	0.215395	0.015329	0.0813	0.1501	0.0740	0.0230	0.0976	0.0650	0.1607
000110	Y	0.131491	0.222439	0.026454	0.1266	0.1476	0.0750	0.0220	0.1171	0.0610	0.1574
000111	Q	0.224539	0.240713	0.036545	0.2122	0.2575	0.0830	0.0270	0.1696	0.0845	0.1495
000112	V	0.308942	0.243904	0.045722	0.1416	0.1731	0.0910	0.0310	0.1598	0.0890	0.1480
000113	A	0.393343	0.267977	0.054318	0.1566	0.1914	0.1050	0.0330	0.1857	0.1115	0.1437
000114	A	0.461469	0.286068	0.062944	0.0884	0.1528	0.1210	0.0300	0.1850	0.1391	0.1422
000115	L	0.530376	0.300401	0.072157	0.1698	0.1823	0.1350	0.0360	0.2196	0.1505	0.1409
000116	P	0.592204	0.324576	0.083884	0.1178	0.1323	0.1460	0.0610	0.2188	0.1788	0.1409
000117	K	0.640277	0.338263	0.093468	0.0991	0.0985	0.1900	0.1110	0.2276	0.1980	0.1397
000118	G	0.692570	0.359257	0.104708	0.0789	0.0985	0.1850	0.0850	0.2357	0.2187	0.1381
000119	S	0.702469	0.357376	0.115771	0.0567	0.1184	0.1610	0.0660	0.2327	0.2232	0.1393
000120	R	0.666378	0.336841	0.126647	0.0744	0.1643	0.1340	0.0600	0.2294	0.2043	0.1396
000121	I	0.637809	0.317642	0.139787	0.1205	0.1702	0.1200	0.0520	0.2277	0.1873	0.1369
000122	E	0.620049	0.309279	0.150700	0.1349	0.1671	0.1040	0.0340	0.2225	0.1806	0.1403
000123	I	0.612364	0.269648	0.157325	0.1240	0.2292	0.1240	0.0520	0.2265	0.1715	0.1411
000124	E	0.580793	0.251849	0.163293	0.1532	0.2328	0.1070	0.0310	0.2209	0.1589	0.1474
000125	A	0.550992	0.232781	0.169453	0.1844	0.2645	0.1190	0.0410	0.2252	0.1437	0.1480
000126	V	0.507371	0.206613	0.174966	0.2255	0.2715	0.1400	0.0580	0.2252	0.1238	0.1496
000127	A	0.478154	0.203989	0.179069	0.1998	0.2328	0.1560	0.0590	0.2118	0.1124	0.1534
000128	I	0.442242	0.206478	0.183494	0.1349	0.2164	0.3530	0.1140	0.2255	0.1108	0.1584
000129	Q	0.424077	0.247901	0.188411	0.1732	0.1942	0.3800	0.0560	0.2367	0.1034	0.1630
000130	G	0.415150	0.309734	0.192850	0.2167	0.1702	0.3350	0.0920	0.2411	0.0929	0.1684
000131	P	0.401096	0.377046	0.198268	0.2531	0.1399	0.3970	0.1190	0.2614	0.1081	0.1753
000132	L	0.388438	0.466254	0.204239	0.3847	0.2034	0.4160	0.0920	0.3098	0.1080	0.1848
000133	T	0.383060	0.585681	0.208595	0.4149	0.1528	0.4780	0.0850	0.3358	0.1532	0.1896
000134	T	0.422284	0.659335	0.214892	0.5549	0.2328	0.6010	0.0670	0.4118	0.1773	0.1952
000135	A	0.473433	0.653778	0.222584	0.5846	0.1731	0.6750	0.0620	0.4266	0.2026	0.1971
000136	S	0.430215	0.748315	0.227461	0.6604	0.1852	0.6760	0.0950	0.4501	0.2253	0.2044
000137	L	0.294286	0.789886	0.229321	0.7644	0.2541	0.8010	0.0610	0.4839	0.2666	0.2103