RESNUM	RES	VL-XT	VSL2B	VL3	IUPred-S	IUPred-L	PONDRFIT	FITERROR	MDP	MDPERROR	ANCHOR2
000001	M	0.460203	0.627911	0.342495	0.1958	0.0018	0.7190	0.2160	0.3340	0.2516	0.0000
000002	G	0.346081	0.547693	0.342865	0.0832	0.0025	0.6290	0.1270	0.2681	0.2326	0.0000
000003	L	0.369172	0.468265	0.343813	0.0350	0.0027	0.5980	0.1500	0.2456	0.2245	0.0000
000004	L	0.397955	0.338693	0.344499	0.0218	0.0041	0.4380	0.1250	0.2001	0.1853	0.0000
000005	E	0.323131	0.214065	0.345206	0.0094	0.0031	0.3720	0.1550	0.1537	0.1635	0.0000
000006	C	0.301577	0.136295	0.345469	0.0083	0.0032	0.4060	0.1790	0.1425	0.1699	0.0000
000007	C	0.273937	0.087455	0.344675	0.0021	0.0039	0.3710	0.2040	0.1231	0.1651	0.0000
000008	A	0.245435	0.061559	0.344151	0.0008	0.0034	0.4810	0.2170	0.1321	0.1908	0.0000
000009	R	0.217521	0.051337	0.344386	0.0006	0.0033	0.3600	0.1320	0.1055	0.1627	0.0000
000010	C	0.194807	0.049272	0.343996	0.0003	0.0035	0.3240	0.1900	0.0954	0.1548	0.0000
000011	L	0.158226	0.051338	0.342905	0.0002	0.0042	0.3380	0.1880	0.0920	0.1558	0.0000
000012	V	0.133894	0.061909	0.341218	0.0002	0.0047	0.2740	0.1250	0.0791	0.1424	0.0000
000013	G	0.109574	0.081048	0.338419	0.0002	0.0037	0.2470	0.0890	0.0735	0.1365	0.0001
000014	A	0.084123	0.095393	0.335863	0.0003	0.0035	0.2120	0.0520	0.0658	0.1314	0.0001
000015	P	0.054589	0.102182	0.333901	0.0003	0.0034	0.1760	0.0630	0.0560	0.1288	0.0002
000016	F	0.043803	0.108474	0.330531	0.0001	0.0022	0.1820	0.0730	0.0561	0.1292	0.0004
000017	A	0.031325	0.106330	0.324954	0.0001	0.0030	0.1730	0.0760	0.0523	0.1274	0.0007
000018	S	0.015054	0.095379	0.319781	0.0002	0.0035	0.1570	0.0710	0.0452	0.1259	0.0009
000019	L	0.000331	0.085450	0.314209	0.0002	0.0035	0.1530	0.0740	0.0404	0.1253	0.0010
000020	V	0.000287	0.075077	0.307358	0.0001	0.0026	0.1510	0.0850	0.0382	0.1230	0.0010
000021	A	0.000281	0.064581	0.297420	0.0003	0.0028	0.1420	0.0790	0.0350	0.1188	0.0010
000022	T	0.000260	0.057001	0.289333	0.0004	0.0026	0.1340	0.0700	0.0324	0.1154	0.0008
000023	G	0.000219	0.048760	0.282165	0.0003	0.0033	0.1300	0.0660	0.0304	0.1126	0.0005
000024	L	0.000188	0.037087	0.276262	0.0002	0.0023	0.1230	0.0600	0.0271	0.1106	0.0003
000025	C	0.000171	0.029287	0.269612	0.0002	0.0026	0.1070	0.0450	0.0233	0.1075	0.0002
000026	F	0.000143	0.024689	0.263261	0.0001	0.0024	0.0950	0.0330	0.0204	0.1047	0.0001
000027	F	0.000124	0.020826	0.257863	0.0002	0.0038	0.0860	0.0340	0.0185	0.1023	0.0001
000028	G	0.000117	0.020660	0.252445	0.0002	0.0038	0.0760	0.0320	0.0168	0.0998	0.0001
000029	V	0.000110	0.023097	0.245715	0.0002	0.0031	0.0690	0.0310	0.0160	0.0969	0.0001
000030	A	0.000190	0.024874	0.239420	0.0003	0.0041	0.0690	0.0280	0.0165	0.0942	0.0000
000031	L	0.000219	0.027619	0.231361	0.0003	0.0049	0.0740	0.0250	0.0178	0.0909	0.0000
000032	F	0.000302	0.035111	0.223123	0.0004	0.0059	0.0760	0.0230	0.0196	0.0873	0.0000
000033	C	0.000636	0.050699	0.215245	0.0003	0.0061	0.0740	0.0240	0.0220	0.0837	0.0000
000034	G	0.016280	0.071032	0.206978	0.0004	0.0062	0.0790	0.0260	0.0288	0.0791	0.0000
000035	C	0.030165	0.106956	0.198028	0.0007	0.0064	0.0870	0.0310	0.0386	0.0764	0.0001
000036	G	0.033208	0.152421	0.189215	0.0035	0.0072	0.0950	0.0300	0.0486	0.0782	0.0001
000037	H	0.033995	0.189870	0.181357	0.0038	0.0120	0.1120	0.0300	0.0586	0.0826	0.0002
000038	E	0.036010	0.221456	0.173715	0.0049	0.0231	0.1570	0.0460	0.0738	0.0890	0.0003
000039	A	0.036625	0.282017	0.164901	0.0066	0.0146	0.2110	0.0600	0.0919	0.1096	0.0005
000040	L	0.038852	0.333594	0.155642	0.0094	0.0117	0.2620	0.0770	0.1093	0.1293	0.0007
000041	T	0.039382	0.382327	0.145842	0.0074	0.0141	0.2900	0.1040	0.1222	0.1461	0.0011
000042	G	0.040364	0.419026	0.136177	0.0067	0.0223	0.3020	0.1100	0.1317	0.1568	0.0017
000043	T	0.026494	0.452099	0.127004	0.0128	0.0473	0.2860	0.1010	0.1375	0.1619	0.0026
000044	E	0.013995	0.434021	0.118188	0.0376	0.0568	0.2680	0.0830	0.1350	0.1514	0.0037
000045	K	0.012335	0.400812	0.109475	0.0387	0.0605	0.2360	0.0670	0.1247	0.1372	0.0039
000046	L	0.012587	0.361984	0.100351	0.0478	0.1349	0.2140	0.0610	0.1285	0.1173	0.0041
000047	I	0.011612	0.327819	0.092400	0.0502	0.0780	0.1810	0.0560	0.1081	0.1060	0.0040
000048	E	0.011772	0.294149	0.084837	0.0621	0.0929	0.1580	0.0560	0.1031	0.0912	0.0040
000049	T	0.010317	0.273856	0.077348	0.0286	0.0433	0.1490	0.0560	0.0842	0.0917	0.0037
000050	Y	0.010396	0.271810	0.071298	0.0455	0.0327	0.1460	0.0530	0.0844	0.0901	0.0035
000051	F	0.009312	0.265512	0.066832	0.0478	0.0327	0.1400	0.0500	0.0825	0.0876	0.0032
000052	S	0.007658	0.268403	0.063275	0.0259	0.0341	0.1180	0.0380	0.0757	0.0894	0.0031
000053	K	0.006462	0.274410	0.058228	0.0118	0.0235	0.0990	0.0400	0.0692	0.0935	0.0030
000054	N	0.005195	0.283673	0.053877	0.0124	0.0143	0.0920	0.0390	0.0678	0.0976	0.0029
000055	Y	0.004155	0.262820	0.048330	0.0055	0.0120	0.0820	0.0330	0.0611	0.0913	0.0028
000056	Q	0.003113	0.230619	0.044007	0.0024	0.0104	0.0670	0.0270	0.0522	0.0804	0.0029
000057	D	0.002257	0.213318	0.039222	0.0049	0.0091	0.0550	0.0200	0.0474	0.0741	0.0029
000058	Y	0.001465	0.178785	0.033631	0.0067	0.0134	0.0500	0.0200	0.0418	0.0613	0.0027
000059	E	0.000775	0.134095	0.029327	0.0013	0.0082	0.0450	0.0200	0.0315	0.0467	0.0024
000060	Y	0.000537	0.106280	0.026500	0.0021	0.0065	0.0400	0.0180	0.0259	0.0371	0.0021
000061	L	0.000415	0.094224	0.023281	0.0015	0.0065	0.0330	0.0120	0.0227	0.0328	0.0019
000062	I	0.000229	0.062489	0.021156	0.0022	0.0068	0.0330	0.0110	0.0174	0.0221	0.0018
000063	N	0.000119	0.043710	0.018231	0.0007	0.0068	0.0330	0.0100	0.0140	0.0167	0.0017
000064	V	0.000107	0.036341	0.015482	0.0005	0.0070	0.0350	0.0100	0.0132	0.0152	0.0016
000065	I	0.000096	0.030625	0.013342	0.0005	0.0060	0.0380	0.0090	0.0125	0.0147	0.0016
000066	H	0.000086	0.024721	0.012146	0.0007	0.0080	0.0370	0.0090	0.0117	0.0133	0.0016
000067	A	0.000067	0.025431	0.010639	0.0006	0.0054	0.0340	0.0080	0.0110	0.0130	0.0016
000068	F	0.000058	0.032295	0.007836	0.0005	0.0037	0.0350	0.0090	0.0120	0.0148	0.0018
000069	Q	0.000049	0.035912	0.006041	0.0005	0.0035	0.0350	0.0100	0.0125	0.0158	0.0021
000070	Y	0.000041	0.039658	0.005009	0.0002	0.0024	0.0380	0.0120	0.0134	0.0176	0.0026
000071	V	0.000026	0.046363	0.003028	0.0002	0.0024	0.0390	0.0100	0.0146	0.0196	0.0033
000072	I	0.000006	0.047195	0.001937	0.0002	0.0031	0.0400	0.0110	0.0151	0.0201	0.0042
000073	Y	0.000003	0.042983	0.002073	0.0002	0.0035	0.0410	0.0100	0.0146	0.0191	0.0053
000074	G	0.000002	0.044665	0.002980	0.0002	0.0026	0.0390	0.0090	0.0144	0.0191	0.0063
000075	T	0.000004	0.044846	0.004745	0.0002	0.0024	0.0370	0.0080	0.0141	0.0187	0.0077
000076	A	0.000007	0.038995	0.006539	0.0002	0.0024	0.0350	0.0070	0.0127	0.0165	0.0090
000077	S	0.000009	0.036338	0.008301	0.0001	0.0022	0.0340	0.0070	0.0120	0.0156	0.0106
000078	F	0.000012	0.035070	0.009855	0.0001	0.0026	0.0340	0.0070	0.0119	0.0152	0.0122
000079	F	0.000016	0.032486	0.011529	0.0002	0.0037	0.0340	0.0060	0.0118	0.0146	0.0137
000080	F	0.000020	0.031427	0.013401	0.0002	0.0025	0.0390	0.0070	0.0123	0.0158	0.0145
000081	L	0.000025	0.035460	0.015443	0.0003	0.0025	0.0400	0.0080	0.0131	0.0168	0.0151
000082	Y	0.000030	0.038276	0.016926	0.0002	0.0032	0.0410	0.0100	0.0138	0.0176	0.0163
000083	G	0.000034	0.038233	0.018735	0.0002	0.0042	0.0420	0.0090	0.0140	0.0176	0.0168
000084	A	0.000062	0.039965	0.021168	0.0004	0.0055	0.0490	0.0110	0.0158	0.0196	0.0174
000085	L	0.000164	0.047117	0.023474	0.0004	0.0049	0.0580	0.0120	0.0185	0.0233	0.0191
000086	L	0.000409	0.061105	0.025346	0.0004	0.0040	0.0640	0.0120	0.0217	0.0277	0.0206
000087	L	0.000653	0.086556	0.027291	0.0004	0.0046	0.0790	0.0160	0.0285	0.0367	0.0220
000088	A	0.001158	0.110915	0.030704	0.0003	0.0047	0.0830	0.0190	0.0334	0.0437	0.0237
000089	E	0.006191	0.128067	0.034542	0.0006	0.0052	0.0760	0.0160	0.0359	0.0468	0.0269
000090	G	0.007209	0.140307	0.038926	0.0010	0.0052	0.0860	0.0170	0.0400	0.0516	0.0297
000091	F	0.007349	0.137917	0.043267	0.0015	0.0075	0.0900	0.0190	0.0408	0.0511	0.0338
000092	Y	0.007588	0.124256	0.050958	0.0026	0.0108	0.0860	0.0190	0.0386	0.0462	0.0374
000093	T	0.007959	0.126017	0.061663	0.0055	0.0108	0.0780	0.0180	0.0381	0.0459	0.0401
000094	T	0.008273	0.133508	0.075377	0.0061	0.0109	0.0730	0.0180	0.0386	0.0488	0.0432
000095	G	0.008140	0.131611	0.088842	0.0044	0.0136	0.0700	0.0180	0.0379	0.0500	0.0465
000096	A	0.007902	0.132875	0.101836	0.0099	0.0227	0.0660	0.0190	0.0399	0.0506	0.0499
000097	V	0.007395	0.147561	0.117386	0.0245	0.0231	0.0630	0.0180	0.0443	0.0556	0.0540
000098	R	0.002368	0.156160	0.136519	0.0478	0.0194	0.0590	0.0160	0.0475	0.0615	0.0591
000099	Q	0.001454	0.154520	0.157246	0.0425	0.0240	0.0570	0.0140	0.0466	0.0665	0.0582
000100	I	0.001463	0.154434	0.174295	0.0200	0.0209	0.0570	0.0120	0.0423	0.0740	0.0561
000101	F	0.001375	0.161030	0.189779	0.0226	0.0214	0.0570	0.0120	0.0438	0.0795	0.0544
000102	G	0.001108	0.161505	0.209783	0.0490	0.0248	0.0590	0.0150	0.0492	0.0831	0.0514
000103	D	0.000789	0.171103	0.229928	0.0935	0.0443	0.0720	0.0260	0.0637	0.0861	0.0505
000104	Y	0.000809	0.179368	0.245003	0.0677	0.0334	0.1030	0.0540	0.0640	0.0936	0.0497
000105	K	0.000853	0.185613	0.258682	0.0744	0.0334	0.1190	0.0620	0.0689	0.0984	0.0491
000106	T	0.000909	0.196772	0.275156	0.0643	0.0227	0.1420	0.0730	0.0711	0.1078	0.0480
000107	T	0.001008	0.224858	0.294400	0.0884	0.0294	0.1650	0.0800	0.0847	0.1155	0.0469
000108	I	0.003078	0.223855	0.313677	0.1088	0.0443	0.1960	0.0980	0.0960	0.1191	0.0454
000109	C	0.005104	0.254115	0.337212	0.0991	0.0414	0.2150	0.1110	0.1025	0.1317	0.0430
000110	G	0.071965	0.299631	0.356517	0.0965	0.0414	0.2260	0.1070	0.1225	0.1333	0.0459
000111	K	0.174275	0.337639	0.371357	0.1532	0.0734	0.2440	0.0970	0.1638	0.1212	0.0484
000112	G	0.268674	0.351798	0.387189	0.2385	0.1449	0.2470	0.0880	0.2084	0.1021	0.0510
000113	L	0.355284	0.373188	0.403832	0.2531	0.1528	0.2380	0.0900	0.2288	0.1110	0.0542
000114	S	0.445798	0.398977	0.425998	0.2483	0.1424	0.2430	0.0920	0.2463	0.1330	0.0565
000115	A	0.546869	0.422508	0.448150	0.3491	0.2224	0.2580	0.0760	0.2998	0.1344	0.0586
000116	T	0.653984	0.467191	0.471562	0.3491	0.2328	0.2630	0.0870	0.3276	0.1635	0.0603
000117	V	0.758757	0.529366	0.487426	0.3578	0.2258	0.2930	0.0860	0.3607	0.1940	0.0636
000118	T	0.859126	0.595746	0.499888	0.3762	0.2258	0.3390	0.0850	0.3994	0.2215	0.0658
000119	G	0.881146	0.657161	0.514262	0.4458	0.3087	0.4050	0.0920	0.4496	0.2063	0.0675
000120	G	0.882869	0.701051	0.522144	0.5374	0.4369	0.4430	0.0990	0.5001	0.1808	0.0708
000121	Q	0.877407	0.732583	0.530323	0.5331	0.4017	0.3890	0.0700	0.4889	0.1965	0.0702
000122	K	0.867772	0.751276	0.534671	0.5412	0.3983	0.3260	0.0710	0.4807	0.2083	0.0705
000123	G	0.854404	0.759059	0.535522	0.5126	0.3948	0.3860	0.0800	0.4845	0.1972	0.0712
000124	R	0.830475	0.763208	0.532397	0.5623	0.3983	0.4520	0.0970	0.5010	0.1803	0.0724
000125	G	0.759599	0.798721	0.526322	0.5623	0.4292	0.5270	0.1390	0.5128	0.1594	0.0727
000126	S	0.672810	0.798169	0.519096	0.5253	0.4801	0.6180	0.1860	0.5158	0.1392	0.0741
000127	R	0.575823	0.810331	0.510901	0.5412	0.4087	0.7030	0.1980	0.5066	0.1563	0.0770
000128	G	0.490003	0.787412	0.496590	0.6035	0.3704	0.7330	0.1960	0.4975	0.1669	0.0778
000129	Q	0.390582	0.777603	0.478657	0.5549	0.3599	0.7550	0.1780	0.4730	0.1819	0.0754
000130	H	0.304762	0.726663	0.458976	0.4556	0.2575	0.7720	0.1490	0.4193	0.2085	0.0751
000131	Q	0.227878	0.688326	0.442662	0.4651	0.1731	0.7610	0.1480	0.3859	0.2281	0.0695
000132	A	0.150823	0.627923	0.428530	0.3578	0.1671	0.7350	0.1490	0.3398	0.2285	0.0662
000133	H	0.073749	0.565469	0.411265	0.2700	0.1671	0.6110	0.1530	0.2812	0.2091	0.0623
000134	S	0.037455	0.500808	0.395976	0.2748	0.1028	0.4300	0.1790	0.2243	0.1828	0.0573
000135	L	0.017379	0.440626	0.385155	0.2700	0.0543	0.3060	0.1690	0.1813	0.1708	0.0561
000136	E	0.011858	0.337445	0.375583	0.1921	0.0555	0.2160	0.1400	0.1355	0.1471	0.0559
000137	R	0.008837	0.251165	0.363618	0.1178	0.0543	0.1470	0.0950	0.0965	0.1340	0.0545
000138	V	0.004118	0.189101	0.348488	0.1060	0.0605	0.0960	0.0560	0.0759	0.1250	0.0510
000139	C	0.000925	0.132677	0.334072	0.0991	0.0676	0.0640	0.0330	0.0607	0.1190	0.0480
000140	H	0.000741	0.091482	0.315822	0.1088	0.0646	0.0460	0.0200	0.0519	0.1135	0.0511
000141	C	0.000617	0.095085	0.302562	0.1150	0.0313	0.0340	0.0100	0.0459	0.1121	0.0534
000142	L	0.000522	0.111290	0.292622	0.1117	0.0205	0.0290	0.0070	0.0454	0.1101	0.0641
000143	G	0.000471	0.116201	0.282432	0.0621	0.0248	0.0270	0.0070	0.0385	0.1064	0.0753
000144	K	0.000384	0.124897	0.270256	0.0387	0.0157	0.0290	0.0090	0.0348	0.1042	0.0895
000145	W	0.000343	0.155360	0.251157	0.0363	0.0165	0.0360	0.0110	0.0408	0.0997	0.1086
000146	L	0.000149	0.154747	0.232987	0.0274	0.0151	0.0490	0.0150	0.0411	0.0934	0.1145
000147	G	0.000120	0.163034	0.212664	0.0245	0.0111	0.0610	0.0210	0.0433	0.0881	0.1172
000148	H	0.000099	0.187831	0.199728	0.0086	0.0076	0.0600	0.0210	0.0441	0.0910	0.1231
000149	P	0.000060	0.198369	0.190435	0.0090	0.0097	0.0600	0.0210	0.0461	0.0904	0.1330
000150	D	0.000040	0.169061	0.177891	0.0084	0.0111	0.0600	0.0220	0.0414	0.0806	0.1430
000151	K	0.000009	0.172172	0.170583	0.0081	0.0088	0.0550	0.0200	0.0406	0.0797	0.1439
000152	F	0.000008	0.156594	0.163235	0.0086	0.0094	0.0560	0.0220	0.0385	0.0742	0.1458
000153	V	0.000008	0.124729	0.158551	0.0086	0.0093	0.0520	0.0180	0.0324	0.0670	0.1428
000154	G	0.000008	0.094761	0.153099	0.0055	0.0069	0.0470	0.0160	0.0257	0.0617	0.1370
000155	I	0.000008	0.079706	0.148464	0.0018	0.0056	0.0460	0.0140	0.0221	0.0592	0.1309
000156	T	0.000007	0.053802	0.143748	0.0012	0.0052	0.0460	0.0140	0.0177	0.0559	0.1235
000157	Y	0.000006	0.030774	0.140256	0.0012	0.0060	0.0490	0.0140	0.0145	0.0543	0.1267
000158	A	0.000006	0.017760	0.137937	0.0006	0.0044	0.0480	0.0130	0.0117	0.0541	0.1349
000159	L	0.000020	0.013706	0.138531	0.0006	0.0044	0.0520	0.0130	0.0118	0.0548	0.1283
000160	T	0.000036	0.010546	0.139160	0.0003	0.0037	0.0560	0.0140	0.0118	0.0556	0.1188
000161	V	0.000035	0.009191	0.139273	0.0003	0.0029	0.0620	0.0160	0.0124	0.0562	0.1103
000162	V	0.000034	0.008782	0.140270	0.0002	0.0032	0.0660	0.0150	0.0130	0.0569	0.1008
000163	W	0.000034	0.008569	0.141750	0.0003	0.0037	0.0700	0.0130	0.0137	0.0577	0.0889
000164	L	0.000034	0.008890	0.142273	0.0004	0.0033	0.0680	0.0140	0.0134	0.0578	0.0678
000165	L	0.000034	0.010715	0.140819	0.0003	0.0025	0.0650	0.0150	0.0131	0.0570	0.0494
000166	V	0.000034	0.011585	0.140130	0.0003	0.0025	0.0590	0.0170	0.0123	0.0562	0.0349
000167	F	0.000033	0.012407	0.138769	0.0002	0.0016	0.0590	0.0190	0.0122	0.0557	0.0231
000168	A	0.000017	0.013789	0.137263	0.0002	0.0024	0.0530	0.0190	0.0116	0.0546	0.0147
000169	C	0.000002	0.015909	0.135593	0.0001	0.0027	0.0510	0.0180	0.0116	0.0537	0.0091
000170	S	0.000001	0.018479	0.132089	0.0002	0.0028	0.0510	0.0180	0.0120	0.0522	0.0072
000171	A	0.000001	0.022721	0.128665	0.0002	0.0028	0.0500	0.0170	0.0125	0.0506	0.0063
000172	V	0.000001	0.023828	0.123440	0.0002	0.0035	0.0480	0.0160	0.0126	0.0484	0.0056
000173	P	0.000001	0.025281	0.119439	0.0003	0.0032	0.0420	0.0140	0.0118	0.0466	0.0051
000174	V	0.000003	0.026140	0.114684	0.0005	0.0042	0.0430	0.0150	0.0123	0.0447	0.0045
000175	Y	0.000004	0.026023	0.110729	0.0005	0.0054	0.0470	0.0160	0.0131	0.0432	0.0044
000176	I	0.000005	0.023762	0.108533	0.0008	0.0055	0.0490	0.0190	0.0132	0.0426	0.0046
000177	Y	0.000006	0.028609	0.106205	0.0015	0.0061	0.0540	0.0240	0.0150	0.0418	0.0050
000178	F	0.000006	0.031688	0.103831	0.0026	0.0062	0.0570	0.0260	0.0162	0.0411	0.0059
000179	N	0.000007	0.033267	0.101496	0.0026	0.0076	0.0600	0.0270	0.0172	0.0404	0.0071
000180	T	0.000007	0.036077	0.098081	0.0015	0.0109	0.0710	0.0340	0.0199	0.0404	0.0087
000181	W	0.000008	0.042433	0.095975	0.0026	0.0113	0.0920	0.0400	0.0247	0.0432	0.0095
000182	T	0.000016	0.052659	0.093526	0.0034	0.0141	0.0840	0.0280	0.0257	0.0409	0.0088
000183	T	0.000023	0.072297	0.090574	0.0067	0.0198	0.0870	0.0290	0.0309	0.0409	0.0080
000184	C	0.000144	0.109066	0.087489	0.0055	0.0141	0.0930	0.0340	0.0370	0.0479	0.0071
000185	Q	0.014577	0.155014	0.087167	0.0086	0.0194	0.1240	0.0450	0.0537	0.0593	0.0070
000186	S	0.021722	0.198711	0.086177	0.0141	0.0214	0.1830	0.0550	0.0731	0.0783	0.0068
000187	I	0.022868	0.290958	0.085377	0.0297	0.0364	0.2330	0.0750	0.1021	0.1071	0.0064
000188	A	0.029681	0.363099	0.083994	0.0363	0.0690	0.2650	0.0770	0.1272	0.1276	0.0062
000189	F	0.031077	0.427932	0.082508	0.0744	0.0835	0.3120	0.0730	0.1547	0.1479	0.0058
000190	P	0.032497	0.525557	0.080646	0.0723	0.0389	0.3250	0.0650	0.1657	0.1847	0.0054
000191	S	0.035556	0.605737	0.079278	0.0464	0.0300	0.3510	0.0580	0.1781	0.2168	0.0044
000192	K	0.038485	0.585996	0.079613	0.0387	0.0543	0.3700	0.0670	0.1812	0.2107	0.0037
000193	T	0.040036	0.588007	0.079455	0.0316	0.0414	0.3660	0.0710	0.1778	0.2130	0.0034
000194	S	0.029259	0.573777	0.078489	0.0350	0.0433	0.3650	0.0630	0.1743	0.2092	0.0030
000195	A	0.024521	0.523402	0.078611	0.0526	0.0646	0.3540	0.0510	0.1698	0.1885	0.0028
000196	S	0.076886	0.473507	0.078185	0.0542	0.0306	0.3070	0.0540	0.1570	0.1642	0.0026
000197	I	0.123582	0.451991	0.076934	0.0490	0.0320	0.2600	0.0560	0.1528	0.1489	0.0024
000198	G	0.125468	0.396483	0.075827	0.0502	0.0364	0.1950	0.0600	0.1339	0.1242	0.0022
000199	S	0.129843	0.354116	0.074172	0.0643	0.0258	0.1200	0.0440	0.1157	0.1076	0.0020
000200	L	0.132719	0.293526	0.073779	0.0858	0.0646	0.0850	0.0340	0.1103	0.0803	0.0019
000201	C	0.129892	0.236798	0.074360	0.0455	0.0313	0.0600	0.0220	0.0839	0.0712	0.0018
000202	A	0.128426	0.191957	0.075685	0.0567	0.0356	0.0400	0.0080	0.0754	0.0572	0.0023
000203	D	0.124936	0.160828	0.076772	0.0395	0.0275	0.0350	0.0050	0.0646	0.0515	0.0031
000204	A	0.122645	0.124655	0.078262	0.0405	0.0141	0.0320	0.0050	0.0556	0.0453	0.0039
000205	R	0.069213	0.101002	0.079967	0.0327	0.0165	0.0310	0.0050	0.0418	0.0330	0.0052
000206	M	0.015723	0.082261	0.083244	0.0226	0.0202	0.0320	0.0060	0.0288	0.0319	0.0065
000207	Y	0.012476	0.075643	0.084671	0.0279	0.0214	0.0320	0.0080	0.0282	0.0310	0.0078
000208	G	0.006822	0.074718	0.085393	0.0441	0.0235	0.0300	0.0080	0.0298	0.0313	0.0103
000209	V	0.001017	0.078396	0.086969	0.0464	0.0136	0.0320	0.0110	0.0286	0.0347	0.0132
000210	L	0.001207	0.083182	0.088730	0.0286	0.0138	0.0340	0.0120	0.0269	0.0363	0.0155
000211	P	0.001169	0.086393	0.091352	0.0212	0.0214	0.0360	0.0100	0.0277	0.0373	0.0183
000212	W	0.001205	0.089168	0.092533	0.0425	0.0443	0.0450	0.0110	0.0370	0.0347	0.0203
000213	N	0.001174	0.101703	0.095874	0.0526	0.0306	0.0500	0.0110	0.0393	0.0385	0.0172
000214	A	0.001282	0.113549	0.099022	0.0490	0.0171	0.0540	0.0120	0.0392	0.0435	0.0141
000215	F	0.001368	0.131213	0.102140	0.0350	0.0202	0.0570	0.0150	0.0409	0.0487	0.0120
000216	P	0.001489	0.152510	0.103025	0.0167	0.0115	0.0490	0.0130	0.0386	0.0575	0.0102
000217	G	0.001653	0.170408	0.104508	0.0200	0.0090	0.0530	0.0130	0.0424	0.0628	0.0084
000218	K	0.001604	0.176937	0.105650	0.0182	0.0143	0.0500	0.0110	0.0434	0.0645	0.0066
000219	V	0.001471	0.171056	0.108841	0.0086	0.0148	0.0570	0.0120	0.0422	0.0643	0.0050
000220	C	0.001484	0.166277	0.112035	0.0144	0.0168	0.0620	0.0140	0.0434	0.0625	0.0038
000221	G	0.001467	0.172832	0.116705	0.0268	0.0320	0.0590	0.0130	0.0486	0.0621	0.0034
000222	S	0.002275	0.167014	0.120167	0.0141	0.0133	0.0560	0.0120	0.0421	0.0647	0.0030
000223	N	0.002204	0.154597	0.123645	0.0274	0.0214	0.0560	0.0100	0.0436	0.0596	0.0027
000224	L	0.002162	0.146451	0.127855	0.0099	0.0148	0.0620	0.0110	0.0392	0.0615	0.0027
000225	L	0.002075	0.137122	0.132130	0.0137	0.0184	0.0650	0.0100	0.0393	0.0596	0.0028
000226	S	0.001788	0.130783	0.134729	0.0194	0.0174	0.0610	0.0120	0.0384	0.0584	0.0029
000227	I	0.001733	0.146296	0.137370	0.0150	0.0141	0.0610	0.0160	0.0396	0.0633	0.0030
000228	C	0.001597	0.145886	0.139065	0.0069	0.0093	0.0540	0.0130	0.0362	0.0654	0.0034
000229	K	0.001442	0.163464	0.140762	0.0067	0.0060	0.0470	0.0110	0.0374	0.0706	0.0041
000230	T	0.001263	0.179006	0.141714	0.0055	0.0055	0.0450	0.0110	0.0394	0.0750	0.0048
000231	A	0.000375	0.175197	0.141612	0.0055	0.0066	0.0460	0.0150	0.0390	0.0739	0.0051
000232	E	0.000273	0.144942	0.142139	0.0026	0.0059	0.0460	0.0170	0.0334	0.0674	0.0052
000233	F	0.000218	0.132070	0.140933	0.0012	0.0041	0.0460	0.0180	0.0305	0.0648	0.0049
000234	Q	0.000163	0.115438	0.140356	0.0008	0.0032	0.0430	0.0160	0.0271	0.0617	0.0046
000235	M	0.000174	0.088070	0.139235	0.0007	0.0042	0.0430	0.0150	0.0227	0.0572	0.0042
000236	T	0.000266	0.064358	0.138547	0.0007	0.0048	0.0390	0.0130	0.0183	0.0546	0.0038
000237	F	0.000326	0.056262	0.136797	0.0007	0.0044	0.0400	0.0120	0.0170	0.0535	0.0032
000238	H	0.000375	0.046239	0.136238	0.0008	0.0050	0.0400	0.0110	0.0154	0.0528	0.0027
000239	L	0.000404	0.035077	0.136289	0.0012	0.0071	0.0410	0.0110	0.0142	0.0524	0.0021
000240	F	0.000439	0.034120	0.136772	0.0008	0.0051	0.0430	0.0090	0.0139	0.0529	0.0017
000241	I	0.000461	0.039352	0.136890	0.0008	0.0041	0.0450	0.0090	0.0149	0.0531	0.0013
000242	A	0.000484	0.042826	0.136368	0.0006	0.0044	0.0470	0.0110	0.0160	0.0529	0.0012
000243	A	0.000493	0.049018	0.136645	0.0003	0.0032	0.0520	0.0130	0.0175	0.0535	0.0010
000244	F	0.000496	0.055836	0.135503	0.0006	0.0034	0.0580	0.0160	0.0197	0.0535	0.0009
000245	V	0.000404	0.061166	0.133886	0.0003	0.0034	0.0590	0.0170	0.0208	0.0533	0.0009
000246	G	0.000355	0.064531	0.133105	0.0003	0.0026	0.0610	0.0180	0.0215	0.0534	0.0009
000247	A	0.000377	0.081739	0.130869	0.0003	0.0023	0.0630	0.0180	0.0246	0.0543	0.0008
000248	A	0.000473	0.088223	0.128444	0.0002	0.0025	0.0650	0.0170	0.0261	0.0544	0.0009
000249	A	0.000486	0.088221	0.126644	0.0002	0.0023	0.0660	0.0160	0.0262	0.0539	0.0009
000250	T	0.000508	0.085621	0.124000	0.0002	0.0026	0.0690	0.0190	0.0263	0.0529	0.0010
000251	L	0.000530	0.085318	0.121425	0.0002	0.0039	0.0710	0.0200	0.0268	0.0520	0.0009
000252	V	0.000579	0.072341	0.118230	0.0003	0.0037	0.0710	0.0210	0.0246	0.0496	0.0010
000253	S	0.000595	0.067136	0.115605	0.0004	0.0044	0.0690	0.0190	0.0236	0.0481	0.0009
000254	L	0.000593	0.063028	0.112275	0.0003	0.0034	0.0660	0.0200	0.0223	0.0466	0.0009
000255	L	0.000562	0.060240	0.107457	0.0005	0.0044	0.0630	0.0180	0.0214	0.0443	0.0008
000256	T	0.000473	0.051312	0.102802	0.0004	0.0044	0.0540	0.0170	0.0185	0.0415	0.0007
000257	F	0.000350	0.046215	0.098831	0.0003	0.0034	0.0540	0.0180	0.0173	0.0399	0.0006
000258	M	0.000307	0.043541	0.095597	0.0003	0.0038	0.0510	0.0170	0.0164	0.0384	0.0005
000259	I	0.000297	0.040799	0.094222	0.0002	0.0033	0.0550	0.0190	0.0166	0.0383	0.0004
000260	A	0.009241	0.041493	0.092567	0.0003	0.0032	0.0600	0.0240	0.0191	0.0372	0.0004
000261	A	0.021435	0.044998	0.091649	0.0002	0.0032	0.0710	0.0340	0.0235	0.0373	0.0003
000262	T	0.031831	0.045703	0.091161	0.0002	0.0044	0.0980	0.0490	0.0300	0.0411	0.0003
000263	Y	0.041774	0.047588	0.090026	0.0004	0.0054	0.1780	0.0660	0.0455	0.0621	0.0003
000264	N	0.064763	0.052914	0.089941	0.0004	0.0057	0.2630	0.1020	0.0645	0.0892	0.0003
000265	F	0.095026	0.062724	0.090436	0.0007	0.0078	0.3230	0.1160	0.0815	0.1086	0.0003
000266	A	0.124163	0.077434	0.090968	0.0013	0.0073	0.2550	0.0710	0.0775	0.0861	0.0003
000267	V	0.157330	0.100098	0.090786	0.0013	0.0071	0.3780	0.1190	0.1072	0.1273	0.0004
000268	L	0.186317	0.112317	0.090509	0.0018	0.0096	0.2310	0.0880	0.0902	0.0855	0.0005
000269	K	0.205153	0.149989	0.090176	0.0052	0.0100	0.3960	0.1810	0.1278	0.1347	0.0007
000270	L	0.221850	0.214254	0.088992	0.0157	0.0134	0.4860	0.1460	0.1585	0.1636	0.0009
000271	M	0.238071	0.318800	0.087389	0.0327	0.0136	0.5590	0.1720	0.1938	0.1919	0.0012
000272	G	0.252953	0.433481	0.086313	0.0643	0.0138	0.6830	0.1370	0.2413	0.2378	0.0018
000273	R	0.289755	0.587190	0.085505	0.0884	0.0104	0.7370	0.0910	0.2855	0.2738	0.0021
000274	G	0.260677	0.727268	0.083806	0.2209	0.0174	0.7470	0.0610	0.3289	0.2907	0.0026
000275	T	0.240000	0.824725	0.082341	0.2700	0.0117	0.7910	0.0680	0.3562	0.3222	0.0030
000276	K	0.223719	0.858025	0.081175	0.4513	0.0253	0.8750	0.0500	0.4056	0.3441	0.0035
000277	F	0.538228	0.903311	0.078645	0.5514	0.0275	0.9460	0.0160	0.4944	0.3576	0.0037