RESNUM	RES	VL-XT	VSL2B	VL3	IUPred-S	IUPred-L	PONDRFIT	FITERROR	MDP	MDPERROR	ANCHOR2
000001	M	0.616925	0.755294	0.194922	0.6124	0.0263	0.9400	0.0320	0.4918	0.3176	0.0141
000002	A	0.702280	0.695060	0.191215	0.4879	0.0473	0.8870	0.0350	0.4700	0.2987	0.0137
000003	A	0.544665	0.662077	0.187543	0.4333	0.0690	0.8620	0.0450	0.4285	0.2718	0.0143
000004	I	0.449412	0.599058	0.185483	0.3992	0.0704	0.7390	0.0600	0.3762	0.2299	0.0151
000005	R	0.434717	0.508509	0.185003	0.3456	0.0463	0.6330	0.1140	0.3280	0.1987	0.0160
000006	K	0.411068	0.399257	0.183307	0.2531	0.0618	0.6420	0.0930	0.2946	0.1887	0.0171
000007	K	0.351908	0.309083	0.180441	0.1322	0.0749	0.5170	0.0760	0.2308	0.1523	0.0187
000008	L	0.307011	0.232122	0.178223	0.1018	0.1007	0.5540	0.0830	0.2160	0.1585	0.0209
000009	V	0.271986	0.172183	0.176190	0.0701	0.0704	0.4650	0.0980	0.1749	0.1386	0.0235
000010	V	0.243322	0.151700	0.174745	0.0514	0.0518	0.4420	0.0890	0.1566	0.1361	0.0262
000011	V	0.203949	0.155700	0.175605	0.0200	0.0389	0.4130	0.0810	0.1385	0.1323	0.0297
000012	G	0.176249	0.166158	0.178751	0.0141	0.0294	0.3630	0.0600	0.1248	0.1192	0.0336
000013	D	0.144292	0.167710	0.182301	0.0109	0.0244	0.2710	0.0430	0.1031	0.0959	0.0396
000014	G	0.110837	0.159320	0.186755	0.0084	0.0157	0.1860	0.0370	0.0801	0.0808	0.0444
000015	A	0.066203	0.133758	0.190675	0.0097	0.0248	0.1070	0.0210	0.0569	0.0703	0.0510
000016	C	0.047384	0.108561	0.193863	0.0052	0.0248	0.0730	0.0200	0.0431	0.0703	0.0589
000017	G	0.031960	0.090320	0.194223	0.0055	0.0294	0.0660	0.0220	0.0372	0.0700	0.0656
000018	K	0.023591	0.075303	0.195839	0.0053	0.0349	0.0620	0.0200	0.0335	0.0705	0.0732
000019	T	0.011427	0.064279	0.199156	0.0097	0.0287	0.0590	0.0190	0.0289	0.0728	0.0839
000020	C	0.011312	0.052937	0.202957	0.0182	0.0506	0.0540	0.0190	0.0313	0.0724	0.0955
000021	L	0.011350	0.045752	0.206000	0.0141	0.0817	0.0510	0.0200	0.0339	0.0744	0.1078
000022	L	0.011473	0.042747	0.207396	0.0316	0.0817	0.0460	0.0180	0.0356	0.0735	0.1216
000023	I	0.012067	0.053581	0.207935	0.0387	0.0483	0.0430	0.0170	0.0327	0.0730	0.1336
000024	V	0.012195	0.069560	0.211029	0.0218	0.0294	0.0410	0.0130	0.0290	0.0767	0.1468
000025	F	0.012451	0.090697	0.214865	0.0118	0.0341	0.0430	0.0120	0.0321	0.0794	0.1607
000026	S	0.013886	0.127997	0.217428	0.0094	0.0433	0.0460	0.0140	0.0401	0.0825	0.1708
000027	K	0.011450	0.175993	0.220808	0.0252	0.0494	0.0550	0.0170	0.0528	0.0874	0.1785
000028	D	0.008559	0.220393	0.224327	0.0245	0.0253	0.0650	0.0180	0.0573	0.0992	0.1934
000029	E	0.009698	0.257546	0.229777	0.0144	0.0300	0.0670	0.0170	0.0631	0.1095	0.2056
000030	F	0.011223	0.277075	0.237227	0.0079	0.0306	0.0740	0.0190	0.0668	0.1163	0.2150
000031	P	0.012818	0.285437	0.244494	0.0173	0.0306	0.0610	0.0170	0.0679	0.1194	0.2199
000032	E	0.015311	0.261104	0.253339	0.0336	0.0349	0.0620	0.0170	0.0679	0.1131	0.2234
000033	V	0.018837	0.226075	0.260689	0.0350	0.0483	0.0580	0.0190	0.0644	0.1064	0.2227
000034	Y	0.024973	0.187451	0.266426	0.0395	0.0888	0.0520	0.0220	0.0655	0.0986	0.2241
000035	V	0.029783	0.158126	0.268082	0.0502	0.0799	0.0430	0.0180	0.0601	0.0954	0.2230
000036	P	0.030054	0.136811	0.270165	0.1117	0.1611	0.0360	0.0140	0.0793	0.0928	0.2220
000037	T	0.033493	0.119183	0.271467	0.0621	0.1184	0.0320	0.0100	0.0608	0.0937	0.2223
000038	V	0.035489	0.112472	0.271940	0.0789	0.1323	0.0250	0.0070	0.0641	0.0938	0.2229
000039	F	0.035848	0.108359	0.271627	0.0464	0.1251	0.0260	0.0080	0.0569	0.0957	0.2215
000040	E	0.037357	0.111293	0.272941	0.0490	0.1092	0.0270	0.0090	0.0556	0.0952	0.2175
000041	N	0.063143	0.112568	0.275572	0.1018	0.2034	0.0380	0.0150	0.0865	0.0941	0.2061
000042	Y	0.093369	0.125776	0.275117	0.0744	0.1323	0.0470	0.0210	0.0788	0.0865	0.1983
000043	V	0.104058	0.138778	0.273992	0.0723	0.1323	0.0520	0.0210	0.0833	0.0850	0.1914
000044	A	0.099104	0.156249	0.272299	0.0789	0.1229	0.0600	0.0230	0.0862	0.0834	0.1893
000045	D	0.096131	0.203408	0.269812	0.1495	0.1643	0.0790	0.0320	0.1154	0.0784	0.1904
000046	I	0.097156	0.228185	0.265265	0.1495	0.1554	0.0870	0.0380	0.1196	0.0783	0.1908
000047	E	0.097052	0.254963	0.261702	0.1088	0.0799	0.0850	0.0340	0.1043	0.0899	0.1976
000048	V	0.098874	0.280917	0.259224	0.0677	0.0835	0.1000	0.0440	0.1051	0.0971	0.2086
000049	D	0.132038	0.300126	0.257411	0.0554	0.1251	0.0970	0.0480	0.1183	0.0975	0.2245
000050	G	0.169424	0.282262	0.255384	0.1178	0.1852	0.0900	0.0450	0.1408	0.0806	0.2370
000051	K	0.204986	0.260183	0.252090	0.1041	0.1731	0.0880	0.0450	0.1384	0.0786	0.2525
000052	Q	0.197377	0.238759	0.249829	0.0832	0.1702	0.0800	0.0410	0.1282	0.0795	0.2815
000053	V	0.209573	0.203687	0.247584	0.1349	0.2609	0.0660	0.0320	0.1458	0.0791	0.3121
000054	E	0.221892	0.185819	0.247385	0.1998	0.3321	0.0570	0.0290	0.1661	0.0920	0.3437
000055	L	0.227588	0.168982	0.245882	0.2558	0.2783	0.0560	0.0270	0.1644	0.0854	0.3728
000056	A	0.246712	0.168414	0.246038	0.2531	0.2783	0.0590	0.0260	0.1676	0.0855	0.3978
000057	L	0.271469	0.162164	0.248000	0.2657	0.3494	0.0720	0.0320	0.1868	0.0977	0.4282
000058	W	0.247834	0.174747	0.251841	0.2657	0.2645	0.0840	0.0320	0.1728	0.0783	0.4252
000059	D	0.196100	0.207465	0.254902	0.3225	0.3149	0.1030	0.0410	0.1906	0.0866	0.4205
000060	T	0.133002	0.235516	0.253506	0.2255	0.3286	0.1190	0.0490	0.1735	0.0833	0.4303
000061	A	0.131145	0.277223	0.252253	0.1998	0.2541	0.1400	0.0610	0.1670	0.0708	0.4289
000062	G	0.124715	0.340751	0.254659	0.2558	0.2609	0.1360	0.0630	0.1864	0.0868	0.4214
000063	Q	0.118191	0.381058	0.255022	0.1667	0.1759	0.1270	0.0530	0.1614	0.1003	0.4066
000064	E	0.114937	0.422199	0.256998	0.2292	0.2575	0.1060	0.0290	0.1883	0.1140	0.3952
000065	D	0.111975	0.457005	0.258038	0.1495	0.2541	0.1130	0.0240	0.1810	0.1277	0.3812
000066	Y	0.101525	0.447015	0.264445	0.2432	0.3392	0.1180	0.0230	0.2081	0.1279	0.3673
000067	D	0.102343	0.454174	0.275600	0.2865	0.3740	0.1230	0.0230	0.2233	0.1338	0.3528
000068	R	0.101732	0.459528	0.289126	0.3717	0.3910	0.1340	0.0280	0.2430	0.1410	0.3348
000069	L	0.100809	0.459527	0.305093	0.4918	0.4051	0.1400	0.0440	0.2662	0.1593	0.3297
000070	R	0.096147	0.443658	0.315250	0.4116	0.3182	0.1410	0.0610	0.2351	0.1391	0.3259
000071	P	0.092349	0.412869	0.319840	0.3535	0.2817	0.1310	0.0590	0.2119	0.1277	0.3365
000072	L	0.089202	0.383018	0.325609	0.3263	0.2292	0.1280	0.0580	0.1926	0.1211	0.3526
000073	S	0.087347	0.353811	0.333057	0.2865	0.1424	0.0850	0.0360	0.1592	0.1260	0.3674
000074	Y	0.076446	0.301436	0.339699	0.2041	0.1349	0.0940	0.0460	0.1352	0.1150	0.3872
000075	P	0.067188	0.264788	0.346483	0.1266	0.0888	0.0980	0.0500	0.1076	0.1184	0.4043
000076	D	0.063801	0.240840	0.357588	0.1178	0.0888	0.1220	0.0640	0.1055	0.1185	0.4266
000077	T	0.065382	0.201440	0.366185	0.1292	0.1399	0.1400	0.0670	0.1126	0.1127	0.4202
000078	D	0.065176	0.166083	0.373810	0.1292	0.1528	0.1460	0.0720	0.1099	0.1143	0.3988
000079	V	0.088630	0.145975	0.379965	0.1416	0.1643	0.1570	0.0840	0.1162	0.1124	0.3793
000080	I	0.104352	0.121201	0.386312	0.2292	0.2292	0.1300	0.0660	0.1357	0.1166	0.3649
000081	L	0.134579	0.119399	0.390858	0.2602	0.1702	0.1180	0.0500	0.1337	0.1183	0.3503
000082	M	0.162659	0.116070	0.395148	0.2292	0.1583	0.1200	0.0480	0.1310	0.1165	0.3443
000083	C	0.227056	0.125037	0.397883	0.2167	0.2364	0.1200	0.0460	0.1542	0.1136	0.3476
000084	F	0.292116	0.153854	0.400787	0.2292	0.1671	0.1250	0.0410	0.1611	0.1159	0.3527
000085	S	0.292701	0.199718	0.403326	0.3005	0.2645	0.1350	0.0470	0.1988	0.1075	0.3647
000086	V	0.287993	0.260498	0.406387	0.1878	0.2503	0.1520	0.0660	0.1897	0.1054	0.3767
000087	D	0.311043	0.335240	0.406560	0.1921	0.2328	0.1600	0.0730	0.2053	0.1092	0.3934
000088	S	0.358912	0.412631	0.408248	0.2080	0.1528	0.1670	0.0780	0.2165	0.1304	0.4132
000089	P	0.408353	0.474173	0.409995	0.1844	0.1048	0.1910	0.0790	0.2271	0.1557	0.4282
000090	D	0.429026	0.514128	0.418843	0.1667	0.1643	0.2050	0.0790	0.2465	0.1578	0.4309
000091	S	0.466316	0.536363	0.427152	0.1635	0.2470	0.2010	0.0780	0.2691	0.1589	0.4209
000092	L	0.431516	0.536403	0.433908	0.2483	0.2609	0.1930	0.0690	0.2784	0.1430	0.4116
000093	E	0.380004	0.509036	0.435822	0.2913	0.2849	0.1530	0.0570	0.2697	0.1363	0.4031
000094	N	0.385651	0.465716	0.434174	0.2963	0.3599	0.1690	0.0710	0.2794	0.1218	0.3968
000095	I	0.387318	0.449081	0.432862	0.3717	0.3599	0.1460	0.0570	0.2857	0.1231	0.3956
000096	P	0.364123	0.457446	0.431619	0.3578	0.2645	0.1070	0.0240	0.2585	0.1376	0.4020
000097	E	0.291545	0.409984	0.425830	0.3359	0.3494	0.1030	0.0190	0.2483	0.1282	0.4097
000098	K	0.223776	0.371644	0.415621	0.2385	0.3460	0.1000	0.0160	0.2133	0.1273	0.4190
000099	W	0.169714	0.346949	0.401754	0.2657	0.2918	0.0990	0.0140	0.1955	0.1222	0.4327
000100	V	0.098355	0.322245	0.388069	0.2483	0.2884	0.0890	0.0140	0.1744	0.1284	0.4283
000101	P	0.060500	0.288592	0.383204	0.1766	0.2064	0.0770	0.0180	0.1348	0.1298	0.4293
000102	E	0.038353	0.276446	0.382176	0.1958	0.1449	0.0710	0.0170	0.1211	0.1341	0.4265
000103	V	0.022043	0.263605	0.378412	0.2209	0.1476	0.0720	0.0220	0.1210	0.1351	0.4194
000104	K	0.009643	0.230231	0.371296	0.1602	0.1007	0.0890	0.0350	0.0984	0.1314	0.4114
000105	H	0.004384	0.237815	0.374109	0.1178	0.0817	0.1150	0.0490	0.0927	0.1349	0.3974
000106	F	0.002937	0.201578	0.377446	0.1322	0.1349	0.1440	0.0680	0.1026	0.1284	0.3854
000107	C	0.002345	0.180741	0.373715	0.1088	0.1115	0.1680	0.0820	0.0953	0.1286	0.3838
000108	P	0.002792	0.197717	0.373355	0.1018	0.0985	0.1670	0.0770	0.0947	0.1304	0.3860
000109	N	0.003856	0.181311	0.373513	0.1041	0.1092	0.1860	0.0850	0.0974	0.1291	0.3900
000110	V	0.005048	0.200209	0.374180	0.1635	0.1162	0.1900	0.0840	0.1126	0.1267	0.3920
000111	P	0.013622	0.211346	0.372426	0.2255	0.1554	0.1860	0.0790	0.1320	0.1227	0.3909
000112	I	0.022284	0.235986	0.377252	0.1532	0.1349	0.2170	0.0990	0.1272	0.1253	0.3891
000113	I	0.043524	0.255861	0.385696	0.1380	0.1349	0.2230	0.1020	0.1325	0.1261	0.3909
000114	L	0.120527	0.261550	0.391312	0.1998	0.1914	0.2280	0.1030	0.1669	0.1056	0.3968
000115	V	0.185719	0.321848	0.400215	0.2080	0.1969	0.2260	0.0900	0.1898	0.1028	0.4083
000116	A	0.273405	0.348226	0.405329	0.2209	0.1528	0.2350	0.0850	0.2050	0.1074	0.4221
000117	N	0.358597	0.393682	0.409748	0.3096	0.2364	0.2520	0.0910	0.2584	0.0952	0.4320
000118	K	0.438324	0.425661	0.418579	0.3263	0.3392	0.2700	0.0930	0.2999	0.0933	0.4229
000119	K	0.534347	0.464030	0.424681	0.3005	0.3249	0.2780	0.1060	0.3169	0.1172	0.4175
000120	D	0.625128	0.503212	0.431150	0.2963	0.2470	0.3020	0.1190	0.3290	0.1511	0.4134
000121	L	0.727221	0.550228	0.429506	0.3578	0.2817	0.3080	0.1300	0.3707	0.1707	0.4103
000122	R	0.816823	0.571369	0.429675	0.2657	0.2470	0.2860	0.1150	0.3644	0.2166	0.4056
000123	S	0.850194	0.572910	0.431923	0.3053	0.2918	0.2860	0.1050	0.3843	0.2158	0.4012
000124	D	0.895180	0.609329	0.430829	0.3630	0.3566	0.2900	0.1170	0.4190	0.2187	0.4020
000125	E	0.908725	0.588479	0.433900	0.3847	0.4369	0.3350	0.1510	0.4422	0.2058	0.4032
000126	H	0.902005	0.564077	0.434714	0.4379	0.5055	0.3540	0.1570	0.4605	0.1916	0.4091
000127	V	0.905974	0.561861	0.442372	0.4651	0.5707	0.3030	0.1230	0.4678	0.1997	0.4127
000128	R	0.891893	0.553926	0.449605	0.4651	0.4940	0.2760	0.1020	0.4467	0.2006	0.4130
000129	T	0.877746	0.545815	0.455817	0.5008	0.4979	0.3130	0.1110	0.4558	0.1872	0.4163
000130	E	0.850946	0.537492	0.466273	0.4513	0.5139	0.3150	0.0900	0.4447	0.1806	0.4176
000131	L	0.821948	0.543140	0.474005	0.4420	0.5139	0.3350	0.0860	0.4426	0.1692	0.4206
000132	A	0.784672	0.541916	0.479031	0.5008	0.6183	0.3310	0.0870	0.4628	0.1598	0.4171
000133	R	0.751531	0.556411	0.488595	0.5084	0.6269	0.3400	0.0920	0.4639	0.1505	0.4116
000134	M	0.729494	0.570500	0.497301	0.5084	0.6227	0.3400	0.0930	0.4618	0.1459	0.4076
000135	K	0.728025	0.590347	0.507573	0.5043	0.5758	0.3180	0.0910	0.4528	0.1492	0.3957
000136	Q	0.720501	0.597756	0.500682	0.4967	0.5296	0.3100	0.1040	0.4424	0.1488	0.3880
000137	E	0.722038	0.603618	0.497573	0.4703	0.5055	0.2900	0.1230	0.4320	0.1554	0.3855
000138	P	0.723664	0.596703	0.497590	0.5084	0.5098	0.2920	0.1280	0.4384	0.1534	0.3887
000139	V	0.726631	0.594442	0.496246	0.4879	0.5139	0.2990	0.1170	0.4370	0.1525	0.3955
000140	R	0.701883	0.593590	0.495347	0.4379	0.4330	0.2940	0.1190	0.4100	0.1533	0.3988
000141	T	0.676772	0.599244	0.494372	0.4333	0.4256	0.2870	0.1330	0.4037	0.1506	0.4052
000142	D	0.617779	0.573732	0.493290	0.4333	0.4766	0.2690	0.1240	0.3951	0.1385	0.4086
000143	D	0.553601	0.535640	0.484478	0.4651	0.4220	0.2660	0.1180	0.3737	0.1246	0.4157
000144	G	0.490540	0.499371	0.471726	0.4420	0.4369	0.2580	0.1240	0.3545	0.1133	0.4270
000145	R	0.420504	0.472182	0.463847	0.4078	0.3910	0.2390	0.1180	0.3218	0.1092	0.4308
000146	A	0.345439	0.451198	0.453640	0.4149	0.3321	0.2390	0.1100	0.2971	0.1072	0.4163
000147	M	0.267084	0.428537	0.448419	0.3359	0.3356	0.2310	0.1080	0.2663	0.1083	0.4028
000148	A	0.191281	0.414830	0.441178	0.2748	0.2258	0.2040	0.0920	0.2185	0.1240	0.3967
000149	V	0.152565	0.372204	0.431992	0.2432	0.2002	0.1960	0.0830	0.1939	0.1242	0.3955
000150	R	0.122682	0.353592	0.422811	0.2255	0.2292	0.1980	0.0900	0.1881	0.1224	0.3967
000151	I	0.137875	0.341329	0.409255	0.2255	0.2292	0.1750	0.0770	0.1848	0.1160	0.3966
000152	Q	0.128922	0.362147	0.395879	0.1998	0.2292	0.1580	0.0610	0.1797	0.1197	0.4006
000153	A	0.118620	0.315120	0.385900	0.1921	0.2164	0.1530	0.0520	0.1659	0.1128	0.4034
000154	Y	0.140982	0.299742	0.373075	0.1878	0.2164	0.1520	0.0560	0.1662	0.1036	0.4078
000155	D	0.160194	0.298212	0.364502	0.1844	0.2129	0.1490	0.0550	0.1675	0.0988	0.4185
000156	Y	0.180467	0.297766	0.353270	0.1958	0.1731	0.1720	0.0660	0.1699	0.0920	0.4304
000157	L	0.171840	0.316168	0.345681	0.2122	0.1914	0.1820	0.0720	0.1790	0.0894	0.4192
000158	E	0.156790	0.335610	0.333744	0.1766	0.2224	0.1980	0.0710	0.1815	0.0908	0.3918
000159	C	0.141906	0.347387	0.326978	0.1998	0.1942	0.2300	0.0690	0.1856	0.0916	0.3684
000160	S	0.111664	0.379721	0.321408	0.2531	0.1583	0.2690	0.0680	0.1954	0.1057	0.3581
000161	A	0.134205	0.407540	0.314256	0.1998	0.1702	0.3630	0.0920	0.2125	0.1149	0.3534
000162	K	0.200778	0.415531	0.312532	0.1805	0.2399	0.4010	0.1200	0.2397	0.1060	0.3447
000163	T	0.261205	0.444166	0.312839	0.1732	0.2094	0.3950	0.1490	0.2472	0.1096	0.3378
000164	K	0.323466	0.452885	0.307450	0.1844	0.2364	0.4010	0.1340	0.2664	0.1045	0.3309
000165	E	0.377960	0.459296	0.303394	0.2122	0.3117	0.3910	0.1640	0.2920	0.0931	0.3258
000166	G	0.464625	0.481187	0.300003	0.1998	0.2783	0.3570	0.1470	0.2968	0.1122	0.3288
000167	V	0.554764	0.491139	0.304306	0.2657	0.3286	0.2780	0.1100	0.3196	0.1223	0.3379
000168	R	0.659986	0.465918	0.300935	0.2820	0.3249	0.2110	0.0900	0.3240	0.1571	0.3476
000169	E	0.744515	0.441898	0.297059	0.2432	0.3215	0.1660	0.0700	0.3194	0.1939	0.3692
000170	V	0.804176	0.407211	0.293300	0.2483	0.4149	0.1250	0.0440	0.3332	0.2184	0.3904
000171	F	0.805941	0.379044	0.288384	0.2333	0.4149	0.1010	0.0310	0.3224	0.2250	0.3925
000172	E	0.762274	0.344050	0.282939	0.2531	0.3631	0.0880	0.0250	0.3018	0.2105	0.3773
000173	T	0.715951	0.335591	0.280033	0.2558	0.3667	0.0880	0.0190	0.2937	0.1955	0.3722
000174	A	0.682123	0.316765	0.277210	0.1878	0.3631	0.0950	0.0210	0.2741	0.1897	0.3654
000175	T	0.640286	0.299645	0.276073	0.1844	0.3740	0.1060	0.0300	0.2674	0.1753	0.3555
000176	R	0.550330	0.311205	0.274421	0.1805	0.3740	0.1290	0.0570	0.2575	0.1443	0.3428
000177	A	0.446497	0.349286	0.278139	0.1766	0.3740	0.1290	0.0550	0.2459	0.1203	0.3249
000178	A	0.367519	0.377685	0.279653	0.2255	0.3249	0.1280	0.0450	0.2372	0.0985	0.3006
000179	L	0.310903	0.430065	0.283633	0.2167	0.2575	0.1340	0.0430	0.2249	0.1019	0.2623
000180	Q	0.257972	0.459709	0.287358	0.0965	0.2575	0.1260	0.0410	0.1996	0.1279	0.2216
000181	K	0.233877	0.467869	0.293517	0.0858	0.2193	0.1230	0.0430	0.1882	0.1336	0.1866
000182	R	0.216382	0.438548	0.295727	0.1416	0.2224	0.1190	0.0400	0.1896	0.1172	0.1537
000183	Y	0.204655	0.410401	0.299553	0.0723	0.2129	0.1180	0.0410	0.1697	0.1225	0.1230
000184	G	0.176449	0.355362	0.301676	0.0350	0.1643	0.1080	0.0310	0.1399	0.1201	0.0926
000185	S	0.185709	0.326263	0.304837	0.0441	0.1349	0.1080	0.0300	0.1331	0.1141	0.0723
000186	Q	0.196838	0.300422	0.309097	0.0327	0.1275	0.1010	0.0250	0.1265	0.1140	0.0588
000187	N	0.203539	0.265686	0.316785	0.0226	0.1092	0.2890	0.1190	0.1484	0.1172	0.0490
000188	G	0.189006	0.251236	0.322886	0.0395	0.1048	0.3650	0.1310	0.1583	0.1268	0.0411
000189	C	0.187571	0.238836	0.329793	0.0643	0.1007	0.3780	0.1640	0.1616	0.1259	0.0344
000190	I	0.183787	0.226029	0.334176	0.1266	0.1298	0.3850	0.1530	0.1751	0.1127	0.0354
000191	N	0.176750	0.226668	0.336293	0.1667	0.1007	0.3510	0.0980	0.1704	0.1067	0.0355
000192	C	0.152939	0.261212	0.339031	0.2167	0.0817	0.3350	0.0950	0.1747	0.1090	0.0340
000193	C	0.170532	0.289019	0.336249	0.2602	0.0618	0.4660	0.1780	0.2079	0.1384	0.0330
000194	K	0.167800	0.309170	0.329979	0.3762	0.0909	0.5240	0.2360	0.2446	0.1507	0.0351
000195	V	0.183510	0.325170	0.325270	0.4282	0.0646	0.4920	0.1860	0.2489	0.1533	0.0393
000196	L	0.127011	0.349024	0.318852	0.4749	0.0433	0.5810	0.2530	0.2625	0.1930	0.0414