RESNUM	RES	VL-XT	VSL2B	VL3	IUPred-S	IUPred-L	PONDRFIT	FITERROR	MDP	MDPERROR	ANCHOR2
000001	M	0.128325	0.779989	0.068216	0.8036	0.0749	0.9350	0.0360	0.4536	0.3782	0.0118
000002	W	0.262345	0.769788	0.068747	0.7275	0.0765	0.8560	0.0500	0.4486	0.3327	0.0120
000003	N	0.328322	0.724504	0.069553	0.6124	0.1092	0.7990	0.0630	0.4290	0.2886	0.0117
000004	L	0.506383	0.653068	0.070383	0.5253	0.1070	0.7090	0.0960	0.4168	0.2506	0.0116
000005	L	0.392306	0.587914	0.070862	0.4879	0.1323	0.7640	0.0840	0.3941	0.2437	0.0122
000006	H	0.438647	0.492495	0.072143	0.3939	0.1583	0.8220	0.0630	0.3842	0.2432	0.0133
000007	E	0.445230	0.432396	0.072589	0.3359	0.2224	0.8520	0.0540	0.3813	0.2418	0.0162
000008	T	0.443519	0.436312	0.073874	0.2748	0.2470	0.7840	0.0950	0.3643	0.2213	0.0188
000009	D	0.425955	0.442827	0.075602	0.2558	0.1671	0.7240	0.0940	0.3359	0.2132	0.0211
000010	S	0.403868	0.457111	0.076478	0.1998	0.1184	0.7900	0.0940	0.3281	0.2447	0.0248
000011	A	0.349721	0.484782	0.076639	0.1060	0.0948	0.7500	0.0810	0.2975	0.2480	0.0293
000012	V	0.332611	0.473987	0.075847	0.0607	0.1007	0.6390	0.0840	0.2679	0.2207	0.0362
000013	A	0.295016	0.414690	0.075112	0.0660	0.1702	0.5680	0.0870	0.2524	0.1830	0.0450
000014	T	0.242698	0.361699	0.074705	0.0502	0.1349	0.5000	0.0930	0.2149	0.1616	0.0582
000015	A	0.185415	0.301860	0.074272	0.0909	0.1373	0.3940	0.1120	0.1849	0.1160	0.0738
000016	R	0.157998	0.245894	0.073521	0.1178	0.1554	0.2770	0.0950	0.1590	0.0712	0.0890
000017	R	0.129679	0.203113	0.074948	0.0701	0.0985	0.1780	0.0490	0.1132	0.0518	0.1025
000018	P	0.091320	0.172750	0.075310	0.0405	0.0749	0.1350	0.0470	0.0857	0.0452	0.1161
000019	R	0.051193	0.137003	0.075481	0.0182	0.0734	0.1100	0.0490	0.0650	0.0404	0.1303
000020	W	0.042118	0.100854	0.075880	0.0137	0.0719	0.0880	0.0350	0.0527	0.0318	0.1444
000021	L	0.033025	0.077730	0.075952	0.0141	0.0356	0.0760	0.0290	0.0394	0.0284	0.1450
000022	C	0.022275	0.069047	0.075646	0.0182	0.0218	0.0690	0.0250	0.0334	0.0283	0.1481
000023	A	0.019069	0.059593	0.076423	0.0157	0.0202	0.0680	0.0290	0.0304	0.0284	0.1445
000024	G	0.015780	0.052704	0.076927	0.0102	0.0148	0.0710	0.0350	0.0274	0.0305	0.1389
000025	A	0.007478	0.045688	0.077837	0.0059	0.0146	0.0700	0.0340	0.0239	0.0320	0.1309
000026	L	0.001033	0.040237	0.078480	0.0037	0.0100	0.0720	0.0330	0.0211	0.0342	0.1237
000027	V	0.000694	0.037427	0.079386	0.0040	0.0076	0.0650	0.0280	0.0192	0.0337	0.1176
000028	L	0.000521	0.041482	0.079016	0.0015	0.0054	0.0580	0.0230	0.0177	0.0332	0.1105
000029	A	0.000374	0.045311	0.078688	0.0007	0.0049	0.0510	0.0210	0.0171	0.0328	0.1026
000030	G	0.000243	0.046002	0.078487	0.0004	0.0037	0.0490	0.0200	0.0166	0.0328	0.0963
000031	G	0.000107	0.044389	0.078010	0.0006	0.0036	0.0470	0.0190	0.0160	0.0323	0.0930
000032	F	0.000057	0.037378	0.077804	0.0007	0.0036	0.0490	0.0190	0.0151	0.0319	0.0927
000033	F	0.000032	0.028292	0.077802	0.0006	0.0044	0.0480	0.0190	0.0136	0.0315	0.0896
000034	L	0.000018	0.021672	0.076747	0.0004	0.0046	0.0430	0.0160	0.0117	0.0307	0.0874
000035	L	0.000016	0.019135	0.076325	0.0004	0.0046	0.0410	0.0160	0.0108	0.0303	0.0855
000036	G	0.000013	0.017099	0.076176	0.0005	0.0052	0.0420	0.0150	0.0108	0.0304	0.0842
000037	F	0.000012	0.017705	0.075684	0.0008	0.0071	0.0600	0.0240	0.0142	0.0324	0.0830
000038	L	0.000010	0.020298	0.075702	0.0013	0.0080	0.0730	0.0370	0.0170	0.0345	0.0826
000039	F	0.000012	0.025923	0.075664	0.0053	0.0111	0.0880	0.0430	0.0217	0.0369	0.0821
000040	G	0.000026	0.035040	0.073673	0.0052	0.0138	0.1290	0.0770	0.0305	0.0474	0.0834
000041	W	0.000030	0.055517	0.071419	0.0049	0.0094	0.1950	0.1290	0.0441	0.0687	0.0855
000042	F	0.000033	0.090631	0.069291	0.0052	0.0095	0.2930	0.1960	0.0663	0.1026	0.0819
000043	I	0.000037	0.129384	0.068253	0.0052	0.0188	0.4200	0.1830	0.0955	0.1472	0.0793
000044	K	0.000077	0.192452	0.066833	0.0087	0.0356	0.4590	0.1460	0.1159	0.1619	0.0802
000045	S	0.000112	0.282017	0.066082	0.0231	0.0605	0.4970	0.1620	0.1438	0.1789	0.0810
000046	S	0.000637	0.355287	0.066271	0.0425	0.1115	0.4980	0.1770	0.1680	0.1832	0.0840
000047	N	0.000670	0.442042	0.070035	0.0387	0.0851	0.4610	0.1840	0.1712	0.1922	0.0872
000048	E	0.000880	0.535770	0.074064	0.0744	0.1583	0.4300	0.1660	0.1999	0.1995	0.0926
000049	A	0.001963	0.616942	0.079667	0.1018	0.2064	0.4540	0.1590	0.2301	0.2203	0.0951
000050	T	0.009509	0.664105	0.081612	0.1805	0.2094	0.4540	0.1650	0.2529	0.2256	0.0984
000051	N	0.042438	0.687675	0.083124	0.1566	0.1399	0.4430	0.1630	0.2450	0.2315	0.1015
000052	I	0.046032	0.674712	0.086474	0.1495	0.2399	0.4200	0.1650	0.2550	0.2186	0.1036
000053	T	0.048655	0.630707	0.090481	0.1698	0.3704	0.3580	0.1340	0.2630	0.2001	0.1133
000054	P	0.066433	0.571908	0.092537	0.2657	0.3704	0.3140	0.1160	0.2647	0.1717	0.1249
000055	K	0.068571	0.521181	0.093487	0.2820	0.3704	0.2870	0.1070	0.2548	0.1564	0.1298
000056	H	0.070253	0.454399	0.094448	0.2080	0.3460	0.2640	0.1040	0.2237	0.1356	0.1357
000057	N	0.070293	0.406199	0.095493	0.2080	0.3740	0.2480	0.1020	0.2178	0.1276	0.1373
000058	M	0.069723	0.383040	0.097063	0.1844	0.3740	0.2230	0.0750	0.2056	0.1230	0.1407
000059	K	0.062421	0.371288	0.102077	0.1844	0.2715	0.1840	0.0410	0.1790	0.1042	0.1398
000060	A	0.029702	0.368581	0.106607	0.2292	0.2988	0.1670	0.0380	0.1822	0.1153	0.1387
000061	F	0.026242	0.373513	0.107866	0.1635	0.2884	0.1880	0.0610	0.1733	0.1151	0.1384
000062	L	0.023618	0.384527	0.109804	0.1635	0.1731	0.1670	0.0640	0.1519	0.1104	0.1351
000063	D	0.005836	0.389639	0.111433	0.2558	0.1823	0.1380	0.0520	0.1619	0.1215	0.1350
000064	E	0.003205	0.385009	0.114206	0.1844	0.1048	0.1310	0.0500	0.1347	0.1181	0.1323
000065	L	0.001523	0.362136	0.114523	0.1060	0.0985	0.1300	0.0490	0.1163	0.1112	0.1274
000066	K	0.001306	0.353877	0.114690	0.0677	0.0494	0.1150	0.0450	0.0978	0.1145	0.1277
000067	A	0.000842	0.348969	0.117493	0.0789	0.0543	0.1060	0.0440	0.0981	0.1119	0.1284
000068	E	0.000684	0.327052	0.119022	0.0478	0.0543	0.0980	0.0380	0.0879	0.1069	0.1310
000069	N	0.000559	0.304960	0.120947	0.0621	0.0405	0.1000	0.0340	0.0846	0.0997	0.1312
000070	I	0.000441	0.289803	0.120534	0.0677	0.0494	0.0880	0.0320	0.0826	0.0935	0.1321
000071	K	0.000409	0.267980	0.121659	0.0478	0.0581	0.0810	0.0330	0.0759	0.0874	0.1370
000072	K	0.000388	0.247324	0.122966	0.1117	0.0690	0.0710	0.0290	0.0832	0.0780	0.1437
000073	F	0.000501	0.225613	0.124259	0.1732	0.0967	0.0600	0.0170	0.0927	0.0761	0.1552
000074	L	0.000625	0.210781	0.125283	0.1117	0.0909	0.0500	0.0120	0.0773	0.0685	0.1667
000075	Y	0.000612	0.177499	0.127694	0.0858	0.0835	0.0520	0.0150	0.0666	0.0595	0.1785
000076	N	0.000551	0.171340	0.128512	0.1416	0.1528	0.0550	0.0150	0.0869	0.0641	0.1935
000077	F	0.000467	0.174174	0.128347	0.1380	0.1671	0.0670	0.0190	0.0911	0.0646	0.2073
000078	T	0.000389	0.152150	0.124357	0.1732	0.2064	0.0700	0.0210	0.1004	0.0716	0.2205
000079	Q	0.000466	0.164570	0.119882	0.1667	0.1048	0.0840	0.0280	0.0867	0.0596	0.2346
000080	I	0.000575	0.184542	0.113612	0.1667	0.1048	0.1130	0.0440	0.0949	0.0617	0.2528
000081	P	0.000783	0.201467	0.111677	0.1635	0.1070	0.0930	0.0350	0.0944	0.0652	0.2731
000082	H	0.001319	0.226399	0.111083	0.1667	0.0929	0.1120	0.0330	0.0999	0.0713	0.2921
000083	L	0.001894	0.268522	0.108506	0.1018	0.0909	0.1220	0.0370	0.0975	0.0808	0.3050
000084	A	0.006275	0.298740	0.105164	0.1292	0.1791	0.1610	0.0520	0.1290	0.0894	0.3087
000085	G	0.011007	0.332691	0.103382	0.1805	0.1731	0.1960	0.0810	0.1488	0.0989	0.3076
000086	T	0.011614	0.390542	0.101963	0.2602	0.2783	0.2040	0.0960	0.1908	0.1242	0.3060
000087	E	0.012237	0.403598	0.099058	0.1635	0.2575	0.2240	0.1140	0.1769	0.1248	0.3042
000088	Q	0.012532	0.386891	0.096711	0.2432	0.3807	0.2280	0.1170	0.2085	0.1378	0.2993
000089	N	0.012510	0.397875	0.093695	0.2483	0.2752	0.2210	0.1120	0.1925	0.1259	0.2942
000090	F	0.012447	0.400829	0.090047	0.2483	0.2575	0.1970	0.0880	0.1860	0.1256	0.2907
000091	Q	0.011870	0.353805	0.086518	0.2333	0.3631	0.1820	0.0730	0.1906	0.1298	0.2789
000092	L	0.011295	0.347745	0.084799	0.1958	0.2258	0.1810	0.0640	0.1602	0.1073	0.2694
000093	A	0.007123	0.359705	0.080764	0.2080	0.2328	0.1720	0.0560	0.1633	0.1131	0.2606
000094	K	0.002414	0.331127	0.076898	0.2080	0.2328	0.1710	0.0560	0.1575	0.1073	0.2532
000095	Q	0.001953	0.304993	0.072817	0.2432	0.2715	0.1650	0.0480	0.1645	0.1097	0.2537
000096	I	0.001405	0.305097	0.072881	0.1635	0.2645	0.1440	0.0520	0.1464	0.1048	0.2593
000097	Q	0.001646	0.296773	0.071582	0.1805	0.1942	0.1330	0.0350	0.1344	0.0946	0.2637
000098	S	0.001890	0.297252	0.068263	0.1698	0.1914	0.1230	0.0250	0.1306	0.0944	0.2662
000099	Q	0.001788	0.317067	0.067075	0.1117	0.1137	0.1200	0.0290	0.1107	0.0970	0.2735
000100	W	0.001956	0.334453	0.065539	0.1178	0.0870	0.1230	0.0340	0.1108	0.1038	0.2847
000101	K	0.002635	0.317311	0.064866	0.1205	0.1611	0.1150	0.0360	0.1194	0.0979	0.2907
000102	E	0.002784	0.323141	0.065547	0.0991	0.0888	0.1110	0.0270	0.1042	0.1000	0.3045
000103	F	0.003118	0.315540	0.066718	0.1635	0.1501	0.1180	0.0290	0.1251	0.0972	0.3167
000104	G	0.003478	0.284881	0.068203	0.1292	0.1229	0.1070	0.0270	0.1078	0.0861	0.3309
000105	L	0.003448	0.257364	0.068836	0.1456	0.0765	0.1000	0.0290	0.0972	0.0796	0.3480
000106	D	0.002918	0.257869	0.068926	0.0965	0.0414	0.0910	0.0240	0.0817	0.0810	0.3663
000107	S	0.004133	0.240973	0.070182	0.1060	0.0690	0.0830	0.0180	0.0838	0.0730	0.3840
000108	V	0.005631	0.204004	0.069711	0.0607	0.0356	0.0690	0.0090	0.0625	0.0634	0.4045
000109	E	0.005814	0.204540	0.069835	0.0621	0.0433	0.0570	0.0090	0.0622	0.0631	0.4313
000110	L	0.006454	0.192394	0.070625	0.0363	0.0433	0.0550	0.0110	0.0555	0.0604	0.4149
000111	A	0.008912	0.172921	0.073726	0.0832	0.0799	0.0530	0.0130	0.0664	0.0506	0.4007
000112	H	0.013727	0.166138	0.076679	0.0832	0.0851	0.0580	0.0160	0.0678	0.0471	0.3893
000113	Y	0.013790	0.164342	0.079844	0.0701	0.0749	0.0690	0.0230	0.0654	0.0462	0.3829
000114	D	0.013915	0.155633	0.087507	0.1178	0.1643	0.0830	0.0320	0.0891	0.0526	0.3803
000115	V	0.014265	0.169804	0.092239	0.1060	0.1759	0.1000	0.0380	0.0943	0.0562	0.3832
000116	L	0.012796	0.206115	0.095580	0.1878	0.1702	0.1140	0.0450	0.1151	0.0676	0.3885
000117	L	0.011335	0.256270	0.106158	0.1732	0.1007	0.1260	0.0410	0.1113	0.0766	0.3969
000118	S	0.010966	0.305668	0.119678	0.1205	0.1007	0.1470	0.0370	0.1141	0.0901	0.4080
000119	Y	0.010023	0.345453	0.133636	0.1178	0.0909	0.1720	0.0530	0.1228	0.1048	0.4201
000120	P	0.012059	0.398897	0.148132	0.1088	0.0473	0.1650	0.0540	0.1220	0.1272	0.4288
000121	N	0.011509	0.415199	0.164001	0.1150	0.0888	0.1750	0.0590	0.1343	0.1284	0.4144
000122	K	0.018291	0.401608	0.178888	0.0909	0.1184	0.1910	0.0480	0.1367	0.1234	0.4028
000123	T	0.034798	0.401678	0.195329	0.0909	0.1298	0.1840	0.0520	0.1401	0.1204	0.4001
000124	H	0.051532	0.402133	0.214991	0.1602	0.2034	0.1370	0.0320	0.1591	0.1127	0.4023
000125	P	0.055120	0.372216	0.239356	0.1635	0.2094	0.1210	0.0310	0.1536	0.1073	0.4073
000126	N	0.092007	0.348375	0.258081	0.2255	0.2918	0.1200	0.0370	0.1795	0.1005	0.4150
000127	Y	0.117763	0.339513	0.276857	0.3096	0.2951	0.1390	0.0500	0.2002	0.0973	0.4277
000128	I	0.149073	0.322458	0.294095	0.4116	0.2752	0.1630	0.0560	0.2202	0.1032	0.4287
000129	S	0.195042	0.320471	0.308435	0.3399	0.2951	0.1820	0.0540	0.2221	0.0803	0.4166
000130	I	0.209909	0.322118	0.326084	0.3456	0.3910	0.2040	0.0580	0.2455	0.0881	0.4055
000131	I	0.251606	0.349718	0.343684	0.3096	0.3599	0.1950	0.0620	0.2444	0.0827	0.3953
000132	N	0.283971	0.369162	0.360914	0.3146	0.2752	0.1980	0.0610	0.2401	0.0834	0.3900
000133	E	0.326925	0.397515	0.380166	0.3225	0.1823	0.2010	0.0570	0.2384	0.1040	0.3798
000134	D	0.414885	0.427552	0.400595	0.2657	0.1914	0.2010	0.0690	0.2500	0.1208	0.3735
000135	G	0.475006	0.435705	0.422194	0.2209	0.2164	0.2080	0.0770	0.2593	0.1355	0.3718
000136	N	0.545357	0.445338	0.448083	0.2167	0.2129	0.2160	0.0730	0.2727	0.1554	0.3721
000137	E	0.598996	0.449680	0.473921	0.2432	0.2224	0.2330	0.0960	0.2913	0.1651	0.3722
000138	I	0.643619	0.429342	0.500538	0.3399	0.3392	0.2330	0.0990	0.3308	0.1560	0.3783
000139	F	0.719595	0.423344	0.527331	0.4379	0.4256	0.1990	0.0710	0.3676	0.1775	0.3854
000140	N	0.757499	0.454229	0.552384	0.4651	0.3426	0.1860	0.0600	0.3676	0.1986	0.3948
000141	T	0.794534	0.493681	0.573494	0.5412	0.4476	0.2000	0.0590	0.4128	0.2004	0.4010
000142	S	0.823137	0.510727	0.591136	0.5374	0.5533	0.2100	0.0630	0.4392	0.2044	0.4049
000143	L	0.816177	0.537100	0.605705	0.5667	0.4685	0.2450	0.0720	0.4389	0.1978	0.4079
000144	F	0.786549	0.571972	0.620422	0.5412	0.4476	0.2610	0.0750	0.4347	0.1910	0.4180
000145	E	0.771865	0.589013	0.630848	0.4600	0.4507	0.2550	0.0750	0.4210	0.1938	0.4302
000146	P	0.786244	0.618299	0.642747	0.4600	0.3667	0.2860	0.0850	0.4196	0.2024	0.4261
000147	P	0.778711	0.651858	0.655661	0.4918	0.2918	0.3010	0.0830	0.4192	0.2140	0.4197
000148	P	0.774091	0.655053	0.663681	0.4078	0.3019	0.3280	0.0920	0.4112	0.2136	0.4163
000149	P	0.775200	0.646429	0.672848	0.4203	0.4087	0.3640	0.1260	0.4357	0.1923	0.4153
000150	G	0.756302	0.649358	0.681516	0.5173	0.4087	0.3660	0.1240	0.4496	0.1830	0.4164
000151	Y	0.762230	0.639585	0.684924	0.5412	0.3910	0.3360	0.0970	0.4450	0.1916	0.4227
000152	E	0.769356	0.602513	0.680760	0.4651	0.3566	0.3060	0.1130	0.4165	0.2030	0.4255
000153	N	0.785400	0.596100	0.672250	0.4651	0.2609	0.3180	0.1290	0.4043	0.2182	0.4261
000154	V	0.778374	0.580461	0.663674	0.4918	0.3286	0.3040	0.1280	0.4140	0.2034	0.4311
000155	S	0.740982	0.531332	0.650042	0.4703	0.4582	0.2670	0.1010	0.4113	0.1855	0.4288
000156	D	0.715519	0.458869	0.633424	0.4458	0.4541	0.2670	0.0940	0.3903	0.1788	0.4201
000157	I	0.709965	0.436181	0.623196	0.4458	0.4292	0.2650	0.0880	0.3810	0.1779	0.4128
000158	V	0.717516	0.420967	0.609152	0.4458	0.3599	0.2680	0.0930	0.3687	0.1819	0.4117
000159	P	0.732444	0.436542	0.596787	0.4282	0.3631	0.2740	0.1100	0.3723	0.1813	0.4136
000160	P	0.712157	0.445579	0.586346	0.3630	0.3566	0.2640	0.1030	0.3568	0.1805	0.4149
000161	F	0.694749	0.465416	0.571371	0.3806	0.3566	0.2450	0.0850	0.3571	0.1755	0.4142
000162	S	0.660487	0.467517	0.555168	0.4749	0.4582	0.2150	0.0680	0.3793	0.1633	0.4222
000163	A	0.623947	0.475801	0.541228	0.4420	0.3667	0.2170	0.0800	0.3542	0.1577	0.4281
000164	F	0.609018	0.500533	0.525507	0.4651	0.2951	0.2470	0.1140	0.3528	0.1552	0.4301
000165	S	0.561102	0.511932	0.505377	0.4651	0.2783	0.2380	0.1370	0.3425	0.1489	0.4287
000166	P	0.484193	0.519527	0.482653	0.4078	0.2193	0.2270	0.1180	0.3096	0.1467	0.4218
000167	Q	0.397528	0.520235	0.456748	0.2963	0.2193	0.2450	0.1320	0.2797	0.1343	0.4180
000168	G	0.359955	0.501432	0.430556	0.2865	0.2193	0.2200	0.1160	0.2645	0.1273	0.4144
000169	M	0.343452	0.442507	0.403106	0.3456	0.2541	0.2180	0.1010	0.2672	0.1031	0.4151
000170	P	0.316886	0.419786	0.376371	0.2385	0.2292	0.2010	0.0870	0.2342	0.1022	0.4149
000171	E	0.315456	0.395435	0.351677	0.1844	0.2094	0.1900	0.0760	0.2158	0.1020	0.4160
000172	G	0.286182	0.351297	0.329815	0.2531	0.3286	0.1400	0.0490	0.2265	0.0898	0.4144
000173	D	0.240515	0.309500	0.308943	0.2531	0.3494	0.0950	0.0320	0.2080	0.0968	0.4185
000174	L	0.227131	0.258735	0.290623	0.2865	0.2817	0.0690	0.0220	0.1871	0.0915	0.4214
000175	V	0.221293	0.210798	0.271341	0.3762	0.2884	0.0620	0.0190	0.1930	0.1058	0.4219
000176	Y	0.216432	0.175863	0.252159	0.2786	0.2849	0.0590	0.0160	0.1691	0.0882	0.4293
000177	V	0.173249	0.150862	0.234407	0.1698	0.1881	0.0530	0.0140	0.1225	0.0675	0.4314
000178	N	0.116349	0.136783	0.217553	0.1456	0.1914	0.0570	0.0160	0.1079	0.0630	0.4321
000179	Y	0.068911	0.127469	0.199069	0.0884	0.1942	0.0650	0.0160	0.0906	0.0645	0.4310
000180	A	0.021529	0.128413	0.179324	0.1178	0.2541	0.0730	0.0200	0.0992	0.0799	0.4269
000181	R	0.013464	0.150293	0.159633	0.1041	0.1881	0.0910	0.0350	0.0912	0.0630	0.4190
000182	T	0.011918	0.182121	0.147428	0.0965	0.1671	0.0850	0.0330	0.0904	0.0630	0.4131
000183	E	0.017946	0.210847	0.140359	0.0744	0.1092	0.0760	0.0340	0.0815	0.0647	0.4090
000184	D	0.024842	0.249429	0.138426	0.0643	0.1070	0.0750	0.0300	0.0867	0.0753	0.4052
000185	F	0.030357	0.269947	0.138645	0.0567	0.1092	0.0780	0.0230	0.0906	0.0814	0.4038
000186	F	0.086001	0.288286	0.143215	0.0884	0.1501	0.0960	0.0330	0.1181	0.0742	0.4073
000187	K	0.136403	0.288528	0.143885	0.0884	0.2224	0.1350	0.0780	0.1451	0.0706	0.4220
000188	L	0.144101	0.284751	0.145250	0.1292	0.2783	0.1500	0.1060	0.1645	0.0703	0.4334
000189	E	0.151858	0.285576	0.149859	0.1266	0.1852	0.1160	0.0670	0.1442	0.0618	0.4157
000190	R	0.170839	0.284145	0.154711	0.1921	0.2064	0.0850	0.0410	0.1564	0.0650	0.3975
000191	D	0.170957	0.275972	0.160003	0.1532	0.1583	0.0720	0.0260	0.1384	0.0651	0.3768
000192	M	0.170366	0.268398	0.165733	0.1150	0.1349	0.0720	0.0260	0.1269	0.0666	0.3539
000193	K	0.254513	0.238948	0.169718	0.0701	0.1323	0.0720	0.0330	0.1279	0.0781	0.3278
000194	I	0.289052	0.214479	0.173354	0.0514	0.0734	0.0690	0.0280	0.1163	0.0922	0.3079
000195	N	0.240214	0.203353	0.175431	0.0502	0.0662	0.0570	0.0180	0.1028	0.0821	0.2899
000196	C	0.267752	0.185512	0.178410	0.0542	0.1162	0.0610	0.0190	0.1140	0.0810	0.2744
000197	S	0.264324	0.170208	0.183619	0.0935	0.1424	0.0600	0.0160	0.1217	0.0726	0.2602
000198	G	0.261186	0.162938	0.188102	0.0965	0.0817	0.0580	0.0160	0.1100	0.0769	0.2527
000199	K	0.282357	0.142397	0.188583	0.1041	0.1298	0.0600	0.0160	0.1197	0.0771	0.2511
000200	I	0.285933	0.113466	0.188329	0.0554	0.1162	0.0630	0.0190	0.1057	0.0854	0.2549
000201	V	0.323342	0.101942	0.189263	0.0567	0.1229	0.0610	0.0210	0.1110	0.0974	0.2545
000202	I	0.273769	0.101587	0.190793	0.0526	0.1070	0.0670	0.0250	0.1003	0.0834	0.2536
000203	A	0.301501	0.101732	0.192316	0.0677	0.0985	0.0750	0.0280	0.1074	0.0891	0.2504
000204	R	0.359582	0.116231	0.193363	0.0701	0.0985	0.0780	0.0220	0.1205	0.1059	0.2510
000205	Y	0.332514	0.128639	0.194405	0.0771	0.1643	0.0800	0.0140	0.1304	0.0926	0.2456
000206	G	0.334828	0.148492	0.196172	0.0744	0.1298	0.0790	0.0120	0.1277	0.0942	0.2386
000207	K	0.340248	0.168700	0.196713	0.1150	0.2034	0.0770	0.0160	0.1507	0.0894	0.2325
000208	V	0.312558	0.214553	0.200808	0.0884	0.1449	0.0730	0.0130	0.1389	0.0882	0.2329
000209	F	0.390575	0.271290	0.204758	0.0991	0.1251	0.0790	0.0250	0.1608	0.1146	0.2346
000210	R	0.430943	0.308903	0.208346	0.0587	0.1298	0.1070	0.0490	0.1725	0.1328	0.2265
000211	G	0.395788	0.358468	0.206937	0.0771	0.1702	0.1690	0.0730	0.1951	0.1172	0.2134
000212	N	0.389541	0.416191	0.205267	0.1060	0.2193	0.2030	0.0690	0.2224	0.1153	0.2047
000213	K	0.375672	0.413723	0.199102	0.1322	0.2988	0.2320	0.0760	0.2420	0.1038	0.1998
000214	V	0.324276	0.420319	0.194056	0.1667	0.2752	0.2570	0.0990	0.2406	0.0898	0.1968
000215	K	0.318211	0.457678	0.192600	0.1566	0.1942	0.1970	0.0750	0.2206	0.1095	0.1948
000216	N	0.328203	0.472621	0.190190	0.1698	0.2034	0.1840	0.0750	0.2263	0.1139	0.1983
000217	A	0.322826	0.432074	0.186975	0.1205	0.1373	0.1610	0.0580	0.1956	0.1172	0.2059
000218	Q	0.247137	0.409897	0.183688	0.0832	0.1399	0.1510	0.0540	0.1719	0.1094	0.2152
000219	L	0.163887	0.342240	0.176537	0.0771	0.2064	0.1580	0.0630	0.1579	0.0849	0.2234
000220	A	0.155493	0.285685	0.169828	0.1322	0.3286	0.1410	0.0530	0.1738	0.0813	0.2302
000221	G	0.089897	0.248184	0.163016	0.1349	0.2951	0.1090	0.0230	0.1462	0.0791	0.2425
000222	A	0.037717	0.228685	0.156024	0.1635	0.3149	0.0960	0.0260	0.1401	0.0928	0.2586
000223	K	0.037832	0.213947	0.146858	0.1349	0.2193	0.0870	0.0290	0.1154	0.0692	0.2771
000224	G	0.037636	0.209342	0.139685	0.1416	0.1399	0.0830	0.0300	0.1019	0.0585	0.2975
000225	V	0.017539	0.190713	0.132864	0.1380	0.1643	0.0820	0.0290	0.0987	0.0610	0.3294
000226	I	0.009962	0.171722	0.125860	0.0909	0.1881	0.0820	0.0320	0.0904	0.0632	0.3583
000227	L	0.003789	0.165121	0.121620	0.0701	0.1791	0.0850	0.0350	0.0838	0.0628	0.3828
000228	Y	0.002743	0.179755	0.117884	0.1117	0.1554	0.0900	0.0370	0.0900	0.0594	0.3959
000229	S	0.002470	0.199647	0.113330	0.1018	0.1373	0.1000	0.0400	0.0902	0.0615	0.4039
000230	D	0.002828	0.202329	0.112655	0.1117	0.1942	0.1170	0.0500	0.1047	0.0685	0.4101
000231	P	0.003020	0.217463	0.114460	0.1416	0.1476	0.1150	0.0470	0.1042	0.0666	0.4171
000232	A	0.002473	0.240418	0.122394	0.1495	0.1643	0.1130	0.0340	0.1116	0.0740	0.4244
000233	D	0.001817	0.246700	0.129432	0.1205	0.2064	0.1030	0.0190	0.1131	0.0810	0.4322
000234	Y	0.001492	0.274422	0.136839	0.1380	0.2094	0.1180	0.0220	0.1235	0.0870	0.4299
000235	F	0.001678	0.318698	0.146883	0.1602	0.1349	0.1210	0.0220	0.1227	0.0959	0.4311
000236	A	0.001723	0.343666	0.156748	0.2080	0.1914	0.1440	0.0320	0.1481	0.1043	0.4271
000237	P	0.001778	0.334451	0.160255	0.2041	0.1969	0.1680	0.0430	0.1509	0.1010	0.4194
000238	G	0.001643	0.357105	0.168987	0.2657	0.2884	0.1810	0.0590	0.1824	0.1166	0.4155
000239	V	0.001285	0.334426	0.172316	0.2700	0.3667	0.1700	0.0600	0.1904	0.1256	0.4182
000240	K	0.000989	0.301761	0.179594	0.2963	0.3667	0.1500	0.0390	0.1860	0.1250	0.4197
000241	S	0.002782	0.305923	0.192187	0.2786	0.3494	0.1400	0.0380	0.1795	0.1208	0.4207
000242	Y	0.096303	0.349039	0.206811	0.2531	0.2680	0.1540	0.0630	0.1867	0.0885	0.4202
000243	P	0.189246	0.355176	0.217598	0.2865	0.3117	0.1510	0.0710	0.2156	0.0803	0.4178
000244	D	0.239952	0.367366	0.226594	0.2255	0.3019	0.1710	0.0770	0.2176	0.0735	0.4154
000245	G	0.264176	0.371007	0.236905	0.3311	0.3840	0.1890	0.0830	0.2566	0.0815	0.4126
000246	W	0.299358	0.373834	0.244789	0.4116	0.4940	0.1880	0.0700	0.2944	0.1109	0.4133
000247	N	0.330000	0.369962	0.252998	0.4379	0.4476	0.1710	0.0520	0.2928	0.1070	0.4093
000248	L	0.348763	0.380928	0.258882	0.4149	0.3529	0.1660	0.0370	0.2772	0.0943	0.4060
000249	P	0.381179	0.398060	0.263688	0.3578	0.3631	0.1420	0.0370	0.2737	0.0996	0.4013
000250	G	0.393707	0.377914	0.270533	0.3578	0.3494	0.1530	0.0360	0.2720	0.0944	0.3939
000251	G	0.365798	0.361291	0.274683	0.3578	0.3667	0.1720	0.0440	0.2706	0.0856	0.3895
000252	G	0.287155	0.360314	0.284172	0.2963	0.3631	0.1870	0.0520	0.2490	0.0755	0.3863
000253	V	0.337774	0.340198	0.293145	0.3806	0.4186	0.2020	0.0610	0.2798	0.0844	0.3845
000254	Q	0.402144	0.350228	0.303992	0.3491	0.3910	0.1920	0.0610	0.2807	0.0865	0.3819
000255	R	0.468614	0.359892	0.315818	0.3005	0.3872	0.1790	0.0620	0.2826	0.1029	0.3776
000256	G	0.539710	0.364234	0.324956	0.3005	0.4119	0.1900	0.0640	0.3010	0.1199	0.3744
000257	N	0.622708	0.351792	0.329228	0.4037	0.4292	0.1970	0.0700	0.3341	0.1391	0.3705
000258	I	0.688454	0.345044	0.334409	0.4282	0.4220	0.2120	0.0770	0.3492	0.1559	0.3740
000259	L	0.780290	0.330411	0.338400	0.4282	0.5254	0.2110	0.0790	0.3792	0.1901	0.3774
000260	N	0.823039	0.335442	0.342649	0.4116	0.4979	0.2040	0.0790	0.3786	0.2027	0.3796
000261	L	0.916535	0.354392	0.347813	0.4379	0.4149	0.2170	0.0990	0.3901	0.2284	0.3821
000262	N	0.921962	0.380989	0.347683	0.4379	0.4409	0.2330	0.1120	0.4025	0.2254	0.3820
000263	G	0.931196	0.390850	0.340983	0.3668	0.4087	0.2370	0.1040	0.3891	0.2310	0.3822
000264	A	0.927929	0.428717	0.334961	0.4420	0.4801	0.2390	0.0940	0.4196	0.2245	0.3826
000265	G	0.880737	0.459542	0.327961	0.3762	0.4801	0.2380	0.0810	0.4058	0.2118	0.3842
000266	D	0.865530	0.441254	0.318955	0.3717	0.3872	0.2650	0.1060	0.3884	0.2044	0.3903
000267	P	0.842507	0.468259	0.310969	0.3939	0.3599	0.2690	0.1150	0.3889	0.1972	0.3940
000268	L	0.827793	0.500810	0.307748	0.3146	0.2645	0.3100	0.1270	0.3697	0.2035	0.3991
000269	T	0.799981	0.505696	0.299785	0.3491	0.3494	0.2840	0.1200	0.3813	0.1866	0.4005
000270	P	0.769246	0.485832	0.293664	0.3311	0.4256	0.2860	0.1070	0.3829	0.1740	0.4013
000271	G	0.728925	0.470698	0.282031	0.3359	0.4119	0.3300	0.1130	0.3797	0.1556	0.4045
000272	Y	0.695480	0.452586	0.266343	0.3992	0.4051	0.3400	0.1190	0.3820	0.1410	0.4079
000273	P	0.677726	0.426158	0.251025	0.3939	0.3599	0.3310	0.1010	0.3649	0.1394	0.4129
000274	A	0.694670	0.424276	0.239487	0.3096	0.3774	0.3250	0.1040	0.3551	0.1511	0.4176
000275	N	0.679627	0.414428	0.232544	0.3053	0.3774	0.2930	0.1050	0.3450	0.1499	0.4228
000276	E	0.687508	0.392980	0.222052	0.3263	0.3215	0.3050	0.1050	0.3389	0.1526	0.4288
000277	Y	0.674012	0.345741	0.210548	0.2700	0.3087	0.3510	0.1190	0.3250	0.1524	0.4331
000278	A	0.659898	0.312949	0.198430	0.1878	0.2094	0.3760	0.1550	0.2911	0.1682	0.4314
000279	Y	0.677952	0.289749	0.188637	0.2558	0.3053	0.3580	0.1680	0.3145	0.1602	0.4283
000280	R	0.696443	0.269051	0.183685	0.1805	0.2988	0.3070	0.1500	0.2919	0.1773	0.4265
000281	R	0.709591	0.252854	0.178366	0.1805	0.1969	0.2920	0.1330	0.2720	0.1893	0.4242
000282	G	0.715052	0.250546	0.174598	0.1878	0.2224	0.2830	0.1280	0.2764	0.1890	0.4220
000283	I	0.726135	0.248766	0.169425	0.1844	0.2470	0.2470	0.0980	0.2756	0.1936	0.4201
000284	A	0.747262	0.243824	0.160072	0.1844	0.2258	0.2020	0.0810	0.2672	0.2063	0.4182
000285	E	0.750457	0.245751	0.153481	0.1635	0.2849	0.1720	0.0660	0.2694	0.2107	0.4162
000286	A	0.758792	0.253430	0.146082	0.1635	0.1942	0.1320	0.0390	0.2503	0.2214	0.4158
000287	V	0.771412	0.260402	0.141388	0.1667	0.1791	0.1030	0.0230	0.2467	0.2303	0.4162
000288	G	0.754817	0.259673	0.140203	0.1732	0.1791	0.0930	0.0200	0.2432	0.2252	0.4187
000289	L	0.746212	0.272795	0.141998	0.1998	0.1349	0.0810	0.0200	0.2391	0.2255	0.4177
000290	P	0.699100	0.271317	0.142940	0.1958	0.2164	0.0750	0.0180	0.2429	0.2041	0.4198
000291	S	0.627826	0.260700	0.146008	0.1266	0.1823	0.0780	0.0160	0.2126	0.1851	0.4184
000292	I	0.554640	0.247302	0.146867	0.1322	0.1914	0.0790	0.0210	0.2008	0.1580	0.4180
000293	P	0.468707	0.245911	0.152618	0.1150	0.1914	0.0740	0.0190	0.1825	0.1312	0.4172
000294	V	0.383063	0.231425	0.156079	0.1998	0.1969	0.0820	0.0270	0.1821	0.0950	0.4171
000295	H	0.297342	0.228564	0.161193	0.2385	0.1611	0.0920	0.0340	0.1695	0.0717	0.4149
000296	P	0.219755	0.231679	0.166605	0.1635	0.1643	0.1030	0.0400	0.1470	0.0507	0.4112
000297	I	0.141900	0.216417	0.171126	0.1380	0.1881	0.1150	0.0420	0.1332	0.0444	0.4058
000298	G	0.066003	0.210478	0.174505	0.2041	0.2034	0.1220	0.0420	0.1344	0.0603	0.4016
000299	Y	0.036814	0.218475	0.174512	0.2080	0.2034	0.1450	0.0470	0.1353	0.0685	0.3952
000300	Y	0.023306	0.232143	0.177290	0.2333	0.2783	0.1510	0.0500	0.1529	0.0874	0.3918
000301	D	0.020260	0.252599	0.183177	0.2122	0.2541	0.1700	0.0660	0.1514	0.0847	0.3874
000302	A	0.027075	0.285883	0.184513	0.2122	0.2258	0.2030	0.0780	0.1591	0.0850	0.3866
000303	Q	0.036424	0.328656	0.191689	0.2913	0.3286	0.2270	0.0920	0.2020	0.1066	0.3847
000304	K	0.058132	0.368193	0.197743	0.2333	0.3286	0.2580	0.1120	0.2077	0.1049	0.3860
000305	L	0.057669	0.413050	0.207696	0.3146	0.4017	0.3080	0.1380	0.2491	0.1266	0.3866
000306	L	0.104920	0.476640	0.222368	0.3359	0.3983	0.3590	0.1260	0.2792	0.1268	0.3924
000307	E	0.179214	0.538376	0.235330	0.3311	0.3740	0.3700	0.1050	0.2987	0.1208	0.4037
000308	K	0.256718	0.560822	0.252473	0.4037	0.3631	0.4060	0.1140	0.3317	0.1126	0.4167
000309	M	0.314152	0.619821	0.267897	0.4037	0.3704	0.4380	0.1250	0.3577	0.1207	0.4256
000310	G	0.395928	0.612220	0.278739	0.4037	0.4541	0.4010	0.1110	0.3778	0.1096	0.4336
000311	G	0.426119	0.617076	0.284355	0.5043	0.5456	0.4550	0.0910	0.4247	0.1144	0.4272
000312	S	0.503018	0.665003	0.291948	0.4879	0.4476	0.4900	0.1210	0.4322	0.1194	0.4229
000313	A	0.570294	0.677842	0.302788	0.5173	0.4766	0.4260	0.1240	0.4446	0.1271	0.4219
000314	P	0.676652	0.648243	0.307014	0.4333	0.4017	0.4090	0.1350	0.4281	0.1449	0.4201
000315	P	0.731681	0.671488	0.317587	0.4333	0.4292	0.3520	0.1260	0.4363	0.1653	0.4210
000316	D	0.760540	0.702068	0.323828	0.4513	0.4149	0.3470	0.0920	0.4460	0.1781	0.4225
000317	S	0.788979	0.675172	0.328076	0.5374	0.5055	0.3180	0.0940	0.4708	0.1791	0.4262
000318	S	0.837488	0.601513	0.329458	0.4458	0.4256	0.2810	0.0880	0.4320	0.1943	0.4315
000319	W	0.757069	0.575373	0.337220	0.4513	0.4292	0.2520	0.0900	0.4109	0.1729	0.4298
000320	R	0.720900	0.517092	0.334158	0.4420	0.4979	0.1800	0.0640	0.3930	0.1756	0.4285
000321	G	0.637475	0.481795	0.327578	0.4458	0.5017	0.1590	0.0560	0.3710	0.1595	0.4297
000322	S	0.549263	0.457902	0.321001	0.4651	0.4017	0.1510	0.0520	0.3375	0.1384	0.4309
000323	L	0.441962	0.430439	0.314336	0.4651	0.4087	0.1380	0.0480	0.3140	0.1243	0.4308
000324	K	0.339078	0.382451	0.305428	0.4203	0.4409	0.1260	0.0520	0.2848	0.1160	0.4334
000325	V	0.235294	0.362669	0.303848	0.3992	0.4256	0.1230	0.0510	0.2576	0.1155	0.4318
000326	P	0.128514	0.353527	0.298043	0.3806	0.3053	0.1180	0.0470	0.2144	0.1146	0.4275
000327	Y	0.021330	0.328283	0.290351	0.3668	0.2918	0.1310	0.0540	0.1898	0.1310	0.4255
000328	N	0.013705	0.309360	0.285405	0.2865	0.2988	0.1410	0.0620	0.1750	0.1191	0.4236
000329	V	0.006164	0.331208	0.282689	0.2865	0.3149	0.1370	0.0570	0.1792	0.1261	0.4227
000330	G	0.002726	0.344874	0.280978	0.3630	0.4017	0.1550	0.0840	0.2112	0.1465	0.4201
000331	P	0.001452	0.351218	0.277086	0.3668	0.3392	0.1990	0.1110	0.2097	0.1351	0.4189
000332	G	0.001414	0.360440	0.270061	0.3717	0.3392	0.2220	0.0960	0.2158	0.1350	0.4202
000333	F	0.001322	0.383722	0.271529	0.3096	0.3019	0.2140	0.0850	0.2018	0.1291	0.4219
000334	T	0.001681	0.388463	0.265375	0.3762	0.3774	0.2000	0.0880	0.2240	0.1446	0.4214
000335	G	0.001515	0.405731	0.263933	0.3359	0.3019	0.2110	0.0900	0.2093	0.1350	0.4231
000336	N	0.001867	0.425931	0.255512	0.3939	0.3631	0.2540	0.1030	0.2398	0.1476	0.4264
000337	F	0.002571	0.418867	0.240464	0.2913	0.3356	0.2890	0.1260	0.2229	0.1348	0.4324
000338	S	0.003010	0.422572	0.227091	0.3762	0.4330	0.2800	0.1140	0.2525	0.1530	0.4335
000339	T	0.003390	0.456050	0.210473	0.3762	0.4330	0.2870	0.1250	0.2593	0.1587	0.4334
000340	Q	0.005914	0.460886	0.194843	0.4203	0.5098	0.2570	0.1020	0.2757	0.1778	0.4337
000341	K	0.007803	0.490015	0.183795	0.4203	0.4441	0.2790	0.1160	0.2736	0.1714	0.4330
000342	V	0.008396	0.513442	0.178075	0.4078	0.4256	0.2700	0.1090	0.2709	0.1727	0.4306
000343	K	0.008566	0.534890	0.173328	0.3456	0.4256	0.2530	0.0970	0.2612	0.1735	0.4313
000344	M	0.012724	0.498235	0.164292	0.4203	0.4441	0.2460	0.0870	0.2702	0.1746	0.4318
000345	H	0.014172	0.479488	0.159017	0.4282	0.3529	0.2420	0.0790	0.2527	0.1623	0.4316
000346	I	0.015657	0.451932	0.148565	0.3535	0.3599	0.2310	0.0580	0.2353	0.1484	0.4324
000347	H	0.017300	0.426110	0.138233	0.2748	0.2951	0.2340	0.0360	0.2078	0.1301	0.4301
000348	S	0.019412	0.426875	0.130533	0.3535	0.3117	0.2190	0.0520	0.2218	0.1395	0.4232
000349	T	0.021950	0.430363	0.124173	0.2963	0.3149	0.2150	0.0720	0.2131	0.1347	0.4203
000350	N	0.031162	0.372507	0.112845	0.2209	0.3149	0.2300	0.0920	0.1949	0.1165	0.4180
000351	E	0.041197	0.357076	0.107793	0.2080	0.2258	0.2210	0.0940	0.1755	0.1010	0.4177
000352	V	0.055007	0.338524	0.107112	0.1998	0.2258	0.2190	0.0930	0.1730	0.0925	0.4185
000353	T	0.112266	0.268528	0.105323	0.1805	0.2849	0.1660	0.0940	0.1686	0.0717	0.4161
000354	R	0.190277	0.200920	0.104827	0.1766	0.2609	0.1160	0.0770	0.1574	0.0556	0.4151
000355	I	0.253175	0.163933	0.105258	0.2080	0.2436	0.0800	0.0440	0.1580	0.0681	0.4131
000356	Y	0.292071	0.139555	0.100895	0.1732	0.2575	0.0630	0.0300	0.1542	0.0830	0.4096
000357	N	0.321941	0.103193	0.098013	0.1878	0.3566	0.0510	0.0210	0.1701	0.1169	0.4042
000358	V	0.336197	0.100799	0.097191	0.1878	0.3667	0.0460	0.0170	0.1729	0.1234	0.4027
000359	I	0.343185	0.104938	0.094663	0.2122	0.3667	0.0490	0.0160	0.1793	0.1243	0.3997
000360	G	0.347221	0.102580	0.089645	0.2255	0.2752	0.0520	0.0170	0.1670	0.1088	0.3946
000361	T	0.350707	0.123301	0.087461	0.2167	0.2064	0.0680	0.0220	0.1608	0.0972	0.3901
000362	L	0.315848	0.155773	0.085979	0.1416	0.1298	0.0770	0.0280	0.1368	0.0802	0.3863
000363	R	0.262271	0.176034	0.085197	0.1456	0.1184	0.0650	0.0190	0.1278	0.0666	0.3845
000364	G	0.217255	0.192861	0.081282	0.0991	0.1137	0.0580	0.0160	0.1135	0.0597	0.3856
000365	A	0.193706	0.227432	0.079107	0.0554	0.1162	0.0640	0.0150	0.1094	0.0671	0.3876
000366	V	0.183650	0.239750	0.074231	0.0884	0.1759	0.0650	0.0140	0.1255	0.0666	0.3895
000367	E	0.182291	0.240333	0.072569	0.1380	0.2503	0.0600	0.0170	0.1451	0.0755	0.3945
000368	P	0.180552	0.251209	0.072677	0.1380	0.2503	0.0570	0.0220	0.1461	0.0780	0.4021
000369	D	0.180078	0.254985	0.072179	0.1732	0.3053	0.0620	0.0260	0.1625	0.0892	0.4069
000370	R	0.169586	0.233613	0.070437	0.2602	0.2849	0.0700	0.0240	0.1697	0.0869	0.4142
000371	Y	0.150000	0.221304	0.068370	0.2602	0.2258	0.0790	0.0300	0.1560	0.0749	0.4272
000372	V	0.129565	0.206758	0.066938	0.1805	0.1349	0.0760	0.0300	0.1212	0.0518	0.4277
000373	I	0.116843	0.182287	0.064155	0.1998	0.1969	0.0730	0.0230	0.1281	0.0578	0.4153
000374	L	0.106499	0.166423	0.057610	0.1322	0.2002	0.0690	0.0230	0.1123	0.0516	0.4095
000375	G	0.089460	0.163906	0.051758	0.1322	0.1323	0.0630	0.0210	0.0967	0.0414	0.4074
000376	G	0.073796	0.157223	0.045354	0.1566	0.1611	0.0590	0.0130	0.1013	0.0507	0.4053
000377	H	0.057886	0.153296	0.043312	0.1416	0.2364	0.0640	0.0140	0.1088	0.0686	0.4029
000378	R	0.044173	0.152406	0.044060	0.1380	0.2328	0.0670	0.0120	0.1057	0.0689	0.4034
000379	D	0.037431	0.162511	0.047648	0.1349	0.2064	0.0660	0.0120	0.1013	0.0634	0.4059
000380	S	0.030805	0.179298	0.052752	0.1416	0.1969	0.0620	0.0110	0.1017	0.0654	0.4068
000381	W	0.025765	0.197139	0.056218	0.1456	0.1791	0.0720	0.0120	0.1033	0.0653	0.4087
000382	V	0.018777	0.228195	0.059137	0.2209	0.2328	0.0770	0.0180	0.1296	0.0901	0.4203
000383	F	0.016538	0.249105	0.061025	0.2558	0.2328	0.0930	0.0220	0.1411	0.0979	0.4330
000384	G	0.016439	0.274044	0.061782	0.3053	0.2541	0.1070	0.0250	0.1596	0.1126	0.4162
000385	G	0.015991	0.298143	0.063017	0.3184	0.3286	0.1400	0.0390	0.1835	0.1271	0.4017
000386	I	0.016330	0.298677	0.063775	0.2432	0.3426	0.1540	0.0380	0.1759	0.1196	0.3889
000387	D	0.016684	0.323917	0.064512	0.2385	0.2680	0.1360	0.0360	0.1639	0.1113	0.3734
000388	P	0.024869	0.363963	0.065973	0.2432	0.2129	0.1390	0.0360	0.1640	0.1142	0.3605
000389	Q	0.035411	0.381588	0.067722	0.1844	0.2094	0.1710	0.0520	0.1636	0.1123	0.3503
000390	S	0.067403	0.358237	0.070124	0.1266	0.1969	0.1490	0.0510	0.1498	0.0995	0.3381
000391	G	0.088803	0.364780	0.073116	0.1178	0.1229	0.1150	0.0500	0.1348	0.0997	0.3266
000392	A	0.097581	0.336494	0.076102	0.1805	0.2002	0.0860	0.0320	0.1502	0.0917	0.3204
000393	A	0.103252	0.279877	0.077846	0.1635	0.2645	0.0850	0.0260	0.1493	0.0836	0.3187
000394	V	0.127839	0.237343	0.078978	0.2531	0.2918	0.0940	0.0330	0.1673	0.0842	0.3177
000395	V	0.147021	0.230228	0.080517	0.2483	0.2849	0.0920	0.0260	0.1671	0.0796	0.3211
000396	H	0.147279	0.214547	0.081323	0.1602	0.2783	0.0940	0.0230	0.1490	0.0693	0.3222
000397	E	0.141189	0.180738	0.081810	0.2209	0.3704	0.0920	0.0350	0.1676	0.0982	0.3231
000398	I	0.133908	0.178972	0.082975	0.2122	0.3631	0.1020	0.0460	0.1651	0.0942	0.3254
000399	V	0.141378	0.181906	0.082923	0.2041	0.2436	0.1130	0.0550	0.1472	0.0564	0.3242
000400	R	0.227202	0.187133	0.084185	0.1958	0.2292	0.1480	0.0750	0.1645	0.0522	0.3245
000401	S	0.321655	0.211427	0.086844	0.1349	0.2575	0.1770	0.0870	0.1837	0.0786	0.3284
000402	F	0.418670	0.237163	0.091255	0.1205	0.2541	0.1810	0.0830	0.2019	0.1082	0.3351
000403	G	0.500126	0.259387	0.093107	0.1602	0.2752	0.1690	0.0800	0.2272	0.1315	0.3294
000404	T	0.573171	0.315773	0.096044	0.1602	0.3019	0.1730	0.0810	0.2540	0.1572	0.3184
000405	L	0.667800	0.382952	0.102456	0.1958	0.2849	0.1950	0.0880	0.2878	0.1848	0.3070
000406	K	0.764035	0.443925	0.107339	0.2748	0.2715	0.1850	0.0840	0.3233	0.2158	0.2980
000407	K	0.814996	0.459871	0.110798	0.2080	0.1791	0.1980	0.0900	0.3099	0.2440	0.2965
000408	E	0.845103	0.480157	0.114125	0.1456	0.1501	0.1720	0.0780	0.2989	0.2668	0.3026
000409	G	0.825236	0.438410	0.118159	0.1349	0.2129	0.1470	0.0560	0.2931	0.2542	0.3112
000410	W	0.815064	0.359334	0.120574	0.1667	0.1759	0.1310	0.0490	0.2747	0.2466	0.3211
000411	R	0.810984	0.301254	0.123718	0.1766	0.1881	0.1070	0.0460	0.2640	0.2444	0.3286
000412	P	0.794409	0.245742	0.125240	0.1178	0.1671	0.0910	0.0390	0.2361	0.2462	0.3391
000413	R	0.734907	0.193583	0.127588	0.1844	0.2715	0.0930	0.0420	0.2462	0.2174	0.3471
000414	R	0.655300	0.166411	0.127730	0.1602	0.2849	0.0840	0.0330	0.2251	0.1940	0.3669
000415	T	0.566259	0.147265	0.128988	0.1635	0.1823	0.0720	0.0250	0.1886	0.1644	0.3956
000416	I	0.521211	0.129167	0.130123	0.2558	0.2503	0.0710	0.0230	0.2045	0.1495	0.4305
000417	L	0.465628	0.127343	0.131538	0.1805	0.1881	0.0730	0.0210	0.1724	0.1290	0.4073
000418	F	0.389280	0.131268	0.132680	0.1921	0.1323	0.0870	0.0240	0.1553	0.1020	0.3832
000419	A	0.308515	0.127494	0.133973	0.1240	0.1229	0.1040	0.0310	0.1312	0.0734	0.3718
000420	S	0.208324	0.134901	0.135816	0.0771	0.1184	0.1310	0.0420	0.1117	0.0449	0.3650
000421	W	0.117749	0.139854	0.137793	0.1240	0.1969	0.1620	0.0500	0.1234	0.0351	0.3572
000422	D	0.092110	0.178304	0.141349	0.1292	0.2129	0.1770	0.0570	0.1316	0.0457	0.3572
000423	A	0.106656	0.213355	0.145886	0.1178	0.1162	0.2080	0.0760	0.1270	0.0500	0.3610
000424	E	0.137631	0.260037	0.153229	0.1416	0.1007	0.2640	0.1230	0.1507	0.0678	0.3623
000425	E	0.207236	0.278505	0.158723	0.1018	0.1115	0.2540	0.1110	0.1588	0.0721	0.3659
000426	F	0.273438	0.278813	0.162467	0.0832	0.1162	0.2320	0.0850	0.1639	0.0802	0.3735
000427	G	0.333345	0.276260	0.169283	0.1349	0.1791	0.1830	0.0680	0.1845	0.0745	0.3923
000428	L	0.405104	0.283169	0.175047	0.2080	0.2436	0.2000	0.0550	0.2234	0.0818	0.4107
000429	L	0.490383	0.286278	0.179171	0.2865	0.3321	0.2350	0.0780	0.2717	0.1015	0.4327
000430	G	0.581408	0.319291	0.181518	0.3005	0.2849	0.2540	0.0980	0.2901	0.1284	0.4057
000431	S	0.659588	0.368180	0.180853	0.2786	0.2129	0.2660	0.1110	0.2976	0.1623	0.3849
000432	T	0.700591	0.412978	0.181809	0.2820	0.3149	0.2930	0.1140	0.3339	0.1676	0.3686
000433	E	0.744915	0.421903	0.181344	0.2041	0.3215	0.3530	0.1150	0.3408	0.1891	0.3570
000434	W	0.750033	0.466350	0.182804	0.2333	0.3392	0.4240	0.1200	0.3689	0.1879	0.3460
000435	A	0.751321	0.504281	0.183161	0.2531	0.3286	0.4440	0.1350	0.3802	0.1892	0.3276
000436	E	0.762584	0.534979	0.177780	0.2209	0.2609	0.4390	0.1580	0.3697	0.2071	0.3078
000437	E	0.755471	0.544402	0.174673	0.3096	0.3356	0.4120	0.1500	0.3928	0.1883	0.2926
000438	N	0.746316	0.528884	0.172747	0.2385	0.2541	0.3500	0.1200	0.3530	0.2004	0.2865
000439	S	0.728947	0.507398	0.168366	0.2865	0.2541	0.2940	0.1040	0.3452	0.1911	0.2883
000440	R	0.699147	0.465560	0.162653	0.2820	0.3356	0.2730	0.0980	0.3426	0.1747	0.2967
000441	L	0.713816	0.406050	0.156028	0.1878	0.3087	0.2530	0.0890	0.3116	0.1887	0.3142
000442	L	0.712486	0.361182	0.145921	0.1921	0.3182	0.1950	0.0770	0.2965	0.1921	0.3266
000443	Q	0.711731	0.332170	0.138169	0.1602	0.3087	0.1690	0.0720	0.2803	0.1986	0.3329
000444	E	0.702005	0.314082	0.131289	0.1566	0.2918	0.1640	0.0720	0.2713	0.1967	0.3400
000445	R	0.692057	0.273208	0.128213	0.2292	0.3117	0.1620	0.0700	0.2780	0.1875	0.3462
000446	G	0.665874	0.244612	0.125110	0.2558	0.3494	0.1430	0.0560	0.2764	0.1822	0.3637
000447	V	0.647004	0.210877	0.121864	0.1667	0.3392	0.1290	0.0520	0.2487	0.1851	0.3826
000448	A	0.633410	0.209310	0.118944	0.1635	0.3356	0.1320	0.0540	0.2457	0.1805	0.3945
000449	Y	0.640397	0.232232	0.117498	0.1635	0.2436	0.1480	0.0580	0.2380	0.1780	0.3981
000450	I	0.611425	0.267017	0.115177	0.1698	0.2541	0.1520	0.0520	0.2424	0.1666	0.3957
000451	N	0.550113	0.309345	0.113810	0.1322	0.1852	0.1450	0.0430	0.2203	0.1542	0.3859
000452	A	0.478174	0.348225	0.111834	0.1958	0.2503	0.1490	0.0350	0.2369	0.1264	0.3821
000453	D	0.415920	0.372292	0.106797	0.1958	0.2680	0.1480	0.0310	0.2333	0.1144	0.3759
000454	S	0.367467	0.372555	0.103951	0.1878	0.2645	0.1360	0.0290	0.2215	0.1066	0.3769
000455	S	0.327541	0.377558	0.100923	0.1205	0.1942	0.1130	0.0220	0.1888	0.1103	0.3803
000456	I	0.302809	0.386757	0.104548	0.1456	0.2034	0.1090	0.0180	0.1912	0.1059	0.3868
000457	E	0.266187	0.344388	0.110774	0.1018	0.2224	0.0910	0.0190	0.1710	0.0971	0.3880
000458	G	0.234483	0.332901	0.116453	0.1380	0.2064	0.0860	0.0170	0.1663	0.0853	0.3871
000459	N	0.198441	0.295114	0.118044	0.1844	0.1914	0.0830	0.0170	0.1588	0.0698	0.3955
000460	Y	0.203119	0.250065	0.122598	0.1878	0.1881	0.0860	0.0170	0.1526	0.0575	0.4167
000461	T	0.201337	0.193775	0.129359	0.2432	0.2541	0.0800	0.0160	0.1620	0.0652	0.4272
000462	L	0.197406	0.169545	0.136962	0.1732	0.1731	0.0720	0.0160	0.1309	0.0465	0.4015
000463	R	0.179344	0.153641	0.139092	0.2041	0.1501	0.0670	0.0130	0.1257	0.0484	0.3815
000464	V	0.164492	0.129843	0.141953	0.1380	0.1399	0.0700	0.0130	0.1070	0.0376	0.3528
000465	D	0.128461	0.134025	0.146614	0.1018	0.1528	0.0800	0.0190	0.0995	0.0354	0.3300
000466	C	0.105551	0.148008	0.156238	0.0935	0.1028	0.0890	0.0210	0.0898	0.0371	0.3122
000467	T	0.077009	0.140219	0.170738	0.1532	0.1583	0.0950	0.0220	0.1039	0.0447	0.2941
000468	P	0.056720	0.131833	0.188210	0.1018	0.1449	0.0980	0.0240	0.0889	0.0518	0.2745
000469	L	0.032320	0.133716	0.209343	0.1018	0.1528	0.0980	0.0260	0.0864	0.0646	0.2591
000470	M	0.022789	0.143018	0.235226	0.0965	0.0948	0.0980	0.0250	0.0758	0.0753	0.2533
000471	Y	0.019116	0.146138	0.257775	0.1495	0.1449	0.1050	0.0270	0.0941	0.0826	0.2523
000472	S	0.018720	0.167594	0.280898	0.1117	0.1349	0.1140	0.0380	0.0912	0.0912	0.2585
000473	L	0.038484	0.201662	0.305851	0.1602	0.2193	0.1170	0.0470	0.1228	0.0980	0.2649
000474	V	0.044435	0.251689	0.330349	0.1602	0.2328	0.1190	0.0510	0.1347	0.1085	0.2786
000475	H	0.052109	0.298010	0.356104	0.2385	0.3019	0.1270	0.0520	0.1696	0.1219	0.3029
000476	N	0.061771	0.354467	0.380424	0.2292	0.2951	0.1440	0.0570	0.1807	0.1297	0.3255
000477	L	0.063903	0.438343	0.405859	0.3053	0.2503	0.1620	0.0540	0.2033	0.1472	0.3447
000478	T	0.090008	0.502659	0.431170	0.3096	0.2575	0.1840	0.0500	0.2239	0.1574	0.3719
000479	K	0.107583	0.544122	0.457503	0.2041	0.2328	0.2230	0.0580	0.2186	0.1712	0.3988
000480	E	0.107899	0.570783	0.482740	0.2865	0.3053	0.2450	0.0630	0.2526	0.1728	0.4232
000481	L	0.106948	0.588631	0.508796	0.3225	0.3356	0.2560	0.0650	0.2683	0.1799	0.4234
000482	K	0.092806	0.624346	0.533888	0.3885	0.3426	0.2440	0.0540	0.2821	0.1970	0.3993
000483	S	0.089712	0.633576	0.559608	0.3885	0.2645	0.2360	0.0470	0.2688	0.2102	0.3878
000484	P	0.084177	0.659961	0.585892	0.4078	0.3494	0.2380	0.0480	0.2899	0.2187	0.3787
000485	D	0.074778	0.690415	0.609472	0.3847	0.4017	0.2740	0.0600	0.3043	0.2279	0.3754
000486	E	0.074921	0.710670	0.629024	0.4078	0.2988	0.2950	0.0690	0.2978	0.2387	0.3751
000487	G	0.046788	0.717594	0.645743	0.4037	0.2918	0.3030	0.0630	0.2939	0.2505	0.3776
000488	F	0.030231	0.726542	0.660552	0.3847	0.3599	0.2740	0.0430	0.2959	0.2587	0.3789
000489	E	0.030191	0.727651	0.671679	0.3885	0.3494	0.2130	0.0590	0.2848	0.2679	0.3785
000490	G	0.029004	0.732509	0.684991	0.3847	0.3494	0.2080	0.0540	0.2839	0.2731	0.3761
000491	K	0.028085	0.737566	0.694949	0.3630	0.3566	0.2410	0.0490	0.2877	0.2733	0.3720
000492	S	0.027271	0.739316	0.701687	0.4116	0.4292	0.2530	0.0420	0.3101	0.2724	0.3717
000493	L	0.024098	0.737162	0.707831	0.4513	0.4582	0.2700	0.0320	0.3234	0.2726	0.3775
000494	Y	0.021100	0.740453	0.720317	0.4458	0.4801	0.2820	0.0610	0.3283	0.2759	0.3712
000495	E	0.018348	0.761598	0.725077	0.4556	0.3426	0.2840	0.0850	0.3104	0.2839	0.3586
000496	S	0.017656	0.775000	0.723981	0.4600	0.3286	0.3250	0.0920	0.3177	0.2842	0.3515
000497	W	0.018778	0.796395	0.718123	0.3806	0.3149	0.3620	0.1160	0.3121	0.2865	0.3450
000498	T	0.024831	0.805511	0.708431	0.3762	0.2715	0.3330	0.1120	0.3018	0.2896	0.3347
000499	K	0.030354	0.809888	0.698824	0.4600	0.4017	0.3660	0.1310	0.3447	0.2762	0.3284
000500	K	0.027722	0.817147	0.689618	0.4245	0.3840	0.4340	0.1670	0.3480	0.2751	0.3266
000501	S	0.040516	0.820415	0.678227	0.4513	0.3019	0.4550	0.1750	0.3448	0.2754	0.3283
000502	P	0.080564	0.807580	0.662162	0.4513	0.3019	0.4530	0.1880	0.3491	0.2594	0.3353
000503	S	0.120612	0.805083	0.652894	0.3939	0.2988	0.4940	0.2270	0.3520	0.2497	0.3396
000504	P	0.163329	0.795050	0.647127	0.4420	0.2951	0.4920	0.2140	0.3645	0.2355	0.3435
000505	E	0.206157	0.784854	0.639693	0.5173	0.3774	0.4840	0.2130	0.3950	0.2124	0.3572
000506	F	0.286982	0.762115	0.619959	0.4458	0.3566	0.5000	0.1930	0.3918	0.1897	0.3766
000507	S	0.331879	0.741491	0.601234	0.4513	0.3631	0.4790	0.1820	0.3944	0.1725	0.3844
000508	G	0.407803	0.720212	0.579764	0.5253	0.4831	0.4600	0.1960	0.4327	0.1395	0.3941
000509	M	0.482887	0.696040	0.557371	0.5296	0.4864	0.4300	0.1780	0.4375	0.1253	0.4043
000510	P	0.510173	0.668199	0.534354	0.5374	0.3840	0.3920	0.1520	0.4153	0.1313	0.4065
000511	R	0.483483	0.641283	0.509085	0.5514	0.4051	0.3940	0.1630	0.4126	0.1199	0.4116
000512	I	0.447002	0.628982	0.485601	0.4879	0.3529	0.4110	0.1660	0.3879	0.1175	0.4150
000513	S	0.414898	0.606170	0.461561	0.4600	0.2224	0.3890	0.1360	0.3488	0.1374	0.4133
000514	K	0.380641	0.581281	0.433586	0.4116	0.1349	0.4080	0.1490	0.3193	0.1504	0.4195
000515	L	0.305744	0.556943	0.407523	0.3184	0.1275	0.3940	0.1520	0.2838	0.1462	0.4322
000516	G	0.259023	0.522953	0.379647	0.2385	0.1162	0.3920	0.1660	0.2547	0.1448	0.4329
000517	S	0.179717	0.483723	0.351379	0.3311	0.1399	0.3300	0.1390	0.2441	0.1284	0.4334
000518	G	0.104154	0.454946	0.321859	0.3359	0.1449	0.2590	0.0970	0.2165	0.1302	0.4222
000519	N	0.065577	0.412869	0.292991	0.2558	0.0929	0.2260	0.1140	0.1756	0.1278	0.4115
000520	D	0.059188	0.376652	0.264317	0.2820	0.1007	0.2000	0.1120	0.1698	0.1171	0.3927
000521	F	0.065601	0.331354	0.238412	0.1844	0.0851	0.1530	0.0740	0.1366	0.0988	0.3692
000522	E	0.068460	0.274262	0.214036	0.1602	0.0870	0.1010	0.0390	0.1152	0.0819	0.3567
000523	V	0.073086	0.200658	0.192812	0.2080	0.1373	0.0870	0.0310	0.1177	0.0632	0.3431
000524	F	0.077260	0.195878	0.173658	0.2080	0.1206	0.0870	0.0370	0.1148	0.0591	0.3339
000525	F	0.083219	0.174762	0.152509	0.2080	0.1275	0.1200	0.0530	0.1190	0.0475	0.3395
000526	Q	0.090737	0.149903	0.137571	0.2333	0.1229	0.1240	0.0600	0.1201	0.0498	0.3594
000527	R	0.089286	0.158581	0.126645	0.2255	0.1275	0.1140	0.0600	0.1192	0.0481	0.3751
000528	L	0.095454	0.179789	0.115535	0.1602	0.1275	0.1380	0.0790	0.1168	0.0338	0.3886
000529	G	0.089924	0.185903	0.105771	0.1532	0.1373	0.1370	0.0700	0.1173	0.0358	0.4173
000530	I	0.081699	0.211587	0.092949	0.1416	0.0646	0.2400	0.1440	0.1233	0.0683	0.4191
000531	A	0.093058	0.252993	0.076164	0.1416	0.0676	0.3180	0.1570	0.1455	0.0957	0.3721
000532	S	0.105084	0.264858	0.058786	0.1150	0.1323	0.3030	0.1340	0.1533	0.0894	0.3264
000533	G	0.120448	0.280182	0.049767	0.1205	0.1298	0.2820	0.1240	0.1556	0.0875	0.2915
000534	R	0.108258	0.302552	0.033242	0.1566	0.1702	0.2750	0.0990	0.1688	0.0926	0.2573
000535	A	0.095077	0.307995	0.012824	0.2080	0.1643	0.3020	0.1250	0.1795	0.1060	0.2285
000536	R	0.094329	0.328076	-0.003966	0.2748	0.2609	0.2420	0.1100	0.2001	0.1157	0.2066
000537	Y	0.084727	0.360356	-0.010015	0.1566	0.2470	0.2290	0.1210	0.1795	0.1191	0.1902
000538	T	0.083004	0.398016	-0.016868	0.1495	0.1671	0.2360	0.1170	0.1723	0.1287	0.1738
000539	K	0.080943	0.421700	-0.022290	0.2080	0.2609	0.2430	0.1170	0.2025	0.1405	0.1562
000540	N	0.055561	0.449171	-0.025826	0.1349	0.1852	0.2540	0.1200	0.1799	0.1516	0.1452
000541	W	0.030161	0.447332	-0.029240	0.2167	0.1791	0.2720	0.1120	0.1909	0.1568	0.1362
000542	E	0.001876	0.444837	-0.030243	0.1732	0.2034	0.2630	0.1090	0.1810	0.1600	0.1328
000543	T	0.000767	0.419621	-0.033406	0.1117	0.2002	0.2670	0.1140	0.1665	0.1558	0.1298
000544	N	0.000641	0.408168	-0.037035	0.1088	0.1501	0.2670	0.1140	0.1558	0.1525	0.1253
000545	K	0.000420	0.398886	-0.038297	0.1060	0.0929	0.2370	0.0930	0.1392	0.1478	0.1212
000546	F	0.000820	0.354098	-0.039895	0.0884	0.1206	0.2170	0.0820	0.1302	0.1324	0.1190
000547	S	0.001259	0.333517	-0.039568	0.0526	0.1206	0.1900	0.0760	0.1163	0.1253	0.1180
000548	G	0.002375	0.312488	-0.038039	0.0935	0.1206	0.1720	0.0630	0.1169	0.1147	0.1177
000549	Y	0.003487	0.283216	-0.036650	0.0935	0.1251	0.1640	0.0660	0.1116	0.1052	0.1177
000550	P	0.004635	0.239378	-0.034536	0.0542	0.0817	0.1410	0.0540	0.0868	0.0901	0.1186
000551	L	0.005704	0.228598	-0.030197	0.0554	0.0518	0.1190	0.0390	0.0767	0.0841	0.1184
000552	Y	0.006391	0.224095	-0.025794	0.0677	0.1137	0.1080	0.0290	0.0866	0.0811	0.1159
000553	H	0.007028	0.205626	-0.021639	0.0414	0.1007	0.1000	0.0220	0.0758	0.0747	0.1131
000554	S	0.007768	0.204514	-0.018150	0.0464	0.0483	0.0990	0.0260	0.0677	0.0725	0.1090
000555	V	0.007864	0.230992	-0.014210	0.0441	0.0253	0.1020	0.0270	0.0684	0.0822	0.1053
000556	Y	0.008259	0.229150	-0.011908	0.0231	0.0275	0.1060	0.0260	0.0657	0.0826	0.1032
000557	E	0.007993	0.222494	-0.009197	0.0259	0.0662	0.0990	0.0250	0.0703	0.0777	0.1015
000558	T	0.007645	0.252710	-0.006211	0.0286	0.0518	0.0960	0.0250	0.0728	0.0873	0.0981
000559	Y	0.007340	0.258531	-0.002468	0.0336	0.0253	0.1030	0.0250	0.0713	0.0905	0.0926
000560	E	0.007136	0.234630	0.001625	0.0395	0.0424	0.1070	0.0220	0.0717	0.0804	0.0867
000561	L	0.007156	0.235998	0.006178	0.0141	0.0214	0.1050	0.0220	0.0639	0.0838	0.0802
000562	V	0.007233	0.248162	0.012140	0.0252	0.0334	0.0900	0.0210	0.0673	0.0844	0.0752
000563	E	0.007469	0.223573	0.015801	0.0231	0.0349	0.0920	0.0230	0.0635	0.0756	0.0721
000564	K	0.007087	0.211423	0.018800	0.0218	0.0364	0.0900	0.0240	0.0611	0.0710	0.0682
000565	F	0.006498	0.217945	0.021796	0.0102	0.0253	0.0870	0.0220	0.0578	0.0750	0.0650
000566	Y	0.006101	0.209085	0.024385	0.0167	0.0306	0.0760	0.0150	0.0564	0.0701	0.0633
000567	D	0.005350	0.182330	0.026256	0.0173	0.0581	0.0580	0.0120	0.0536	0.0592	0.0590
000568	P	0.004574	0.175872	0.027670	0.0121	0.0349	0.0520	0.0110	0.0466	0.0580	0.0547
000569	M	0.003808	0.164152	0.029528	0.0131	0.0349	0.0530	0.0080	0.0448	0.0537	0.0523
000570	F	0.003074	0.138072	0.031307	0.0137	0.0605	0.0480	0.0060	0.0440	0.0445	0.0517
000571	K	0.002344	0.124542	0.031839	0.0121	0.0555	0.0450	0.0070	0.0400	0.0402	0.0520
000572	Y	0.001703	0.120922	0.031677	0.0226	0.0690	0.0440	0.0080	0.0431	0.0387	0.0531
000573	H	0.003543	0.119380	0.031495	0.0336	0.0676	0.0410	0.0090	0.0443	0.0368	0.0522
000574	L	0.003719	0.115016	0.031116	0.0200	0.0294	0.0450	0.0100	0.0355	0.0359	0.0508
000575	T	0.003490	0.124429	0.030650	0.0116	0.0334	0.0440	0.0110	0.0362	0.0399	0.0492
000576	V	0.003776	0.136132	0.032121	0.0097	0.0405	0.0470	0.0110	0.0395	0.0440	0.0484
000577	A	0.004898	0.145275	0.032208	0.0200	0.0581	0.0480	0.0130	0.0460	0.0458	0.0472
000578	Q	0.006781	0.153029	0.031786	0.0086	0.0605	0.0550	0.0160	0.0473	0.0497	0.0471
000579	V	0.007818	0.155486	0.033370	0.0059	0.0506	0.0630	0.0220	0.0472	0.0507	0.0470
000580	R	0.011505	0.162379	0.034070	0.0084	0.0398	0.0600	0.0220	0.0470	0.0524	0.0468
000581	G	0.012554	0.166590	0.034236	0.0212	0.0543	0.0590	0.0210	0.0523	0.0516	0.0445
000582	G	0.017236	0.158996	0.033362	0.0099	0.0327	0.0570	0.0250	0.0459	0.0506	0.0424
000583	M	0.020450	0.145875	0.032945	0.0116	0.0662	0.0500	0.0180	0.0491	0.0450	0.0404
000584	V	0.027217	0.140394	0.032833	0.0067	0.0313	0.0480	0.0130	0.0422	0.0435	0.0399
000585	F	0.036563	0.133874	0.033531	0.0150	0.0543	0.0460	0.0090	0.0476	0.0385	0.0384
000586	E	0.043672	0.120617	0.034283	0.0069	0.0356	0.0350	0.0070	0.0404	0.0357	0.0389
000587	L	0.047209	0.114221	0.035850	0.0121	0.0555	0.0360	0.0080	0.0442	0.0322	0.0394
000588	A	0.050437	0.104644	0.037859	0.0097	0.0719	0.0340	0.0080	0.0451	0.0309	0.0400
000589	N	0.049959	0.092981	0.038911	0.0094	0.0364	0.0340	0.0080	0.0371	0.0261	0.0422
000590	S	0.050710	0.079406	0.038434	0.0200	0.0443	0.0310	0.0070	0.0375	0.0197	0.0439
000591	I	0.049320	0.072113	0.037643	0.0109	0.0287	0.0310	0.0070	0.0319	0.0200	0.0445
000592	V	0.053289	0.064650	0.035848	0.0084	0.0198	0.0330	0.0090	0.0299	0.0199	0.0463
000593	L	0.046976	0.065886	0.032739	0.0059	0.0127	0.0310	0.0080	0.0271	0.0208	0.0485
000594	P	0.038466	0.070566	0.031352	0.0055	0.0165	0.0310	0.0090	0.0271	0.0210	0.0508
000595	F	0.031702	0.068672	0.030671	0.0055	0.0227	0.0350	0.0100	0.0273	0.0196	0.0541
000596	D	0.027218	0.065379	0.029990	0.0121	0.0258	0.0360	0.0120	0.0277	0.0170	0.0619
000597	C	0.023424	0.067128	0.029843	0.0109	0.0198	0.0390	0.0140	0.0266	0.0187	0.0674
000598	R	0.020293	0.065150	0.029822	0.0121	0.0334	0.0390	0.0160	0.0284	0.0175	0.0697
000599	D	0.018266	0.063991	0.030536	0.0124	0.0405	0.0410	0.0180	0.0293	0.0176	0.0706
000600	Y	0.012919	0.067193	0.030352	0.0131	0.0223	0.0440	0.0180	0.0266	0.0198	0.0693
000601	A	0.005389	0.078909	0.030782	0.0131	0.0141	0.0430	0.0200	0.0258	0.0254	0.0687
000602	V	0.005102	0.078454	0.031965	0.0141	0.0214	0.0490	0.0220	0.0280	0.0251	0.0699
000603	V	0.006012	0.091555	0.032736	0.0131	0.0188	0.0550	0.0250	0.0307	0.0299	0.0719
000604	L	0.009071	0.116362	0.031707	0.0286	0.0294	0.0680	0.0260	0.0418	0.0359	0.0741
000605	R	0.008361	0.129001	0.030377	0.0118	0.0188	0.0810	0.0250	0.0415	0.0444	0.0756
000606	K	0.008153	0.150144	0.030844	0.0286	0.0372	0.0990	0.0270	0.0538	0.0497	0.0751
000607	Y	0.008900	0.179938	0.030391	0.0179	0.0334	0.1420	0.0410	0.0637	0.0669	0.0719
000608	A	0.009633	0.207577	0.030605	0.0286	0.0581	0.1410	0.0390	0.0742	0.0715	0.0718
000609	D	0.012769	0.236359	0.031719	0.0268	0.0618	0.1510	0.0440	0.0814	0.0810	0.0746
000610	K	0.016678	0.289131	0.034709	0.0297	0.0631	0.1600	0.0550	0.0930	0.0975	0.0784
000611	I	0.021167	0.330268	0.037504	0.0554	0.0799	0.1940	0.0640	0.1135	0.1098	0.0827
000612	Y	0.019361	0.359708	0.040254	0.0723	0.0967	0.2050	0.0690	0.1255	0.1179	0.0875
000613	S	0.014987	0.393358	0.047333	0.0832	0.1449	0.2090	0.0760	0.1409	0.1267	0.0918
000614	I	0.015048	0.436832	0.053685	0.1240	0.1251	0.2330	0.0750	0.1556	0.1397	0.0956
000615	S	0.014862	0.469954	0.057688	0.1805	0.1881	0.2650	0.0710	0.1863	0.1486	0.0999
000616	M	0.014108	0.493451	0.060812	0.1150	0.1323	0.2830	0.0660	0.1730	0.1621	0.1053
000617	K	0.013707	0.561126	0.066787	0.1150	0.1298	0.2920	0.0580	0.1852	0.1844	0.1101
000618	H	0.010879	0.585492	0.073480	0.1240	0.1115	0.3170	0.0660	0.1914	0.1951	0.1157
000619	P	0.007330	0.601511	0.078844	0.1532	0.1399	0.3200	0.0610	0.2037	0.1969	0.1163
000620	Q	0.002906	0.632929	0.089595	0.0832	0.1323	0.3260	0.0580	0.1962	0.2134	0.1159
000621	E	0.003448	0.664766	0.101118	0.0884	0.0835	0.3000	0.0580	0.1899	0.2243	0.1157
000622	M	0.003618	0.627890	0.112177	0.1416	0.0676	0.2810	0.0580	0.1870	0.2077	0.1159
000623	K	0.003286	0.588755	0.124451	0.1566	0.1162	0.2260	0.0500	0.1818	0.1860	0.1141
000624	T	0.003570	0.514099	0.135756	0.1018	0.0967	0.1870	0.0450	0.1506	0.1636	0.1132
000625	Y	0.003578	0.471865	0.143495	0.1602	0.1092	0.1640	0.0420	0.1514	0.1453	0.1113
000626	S	0.003153	0.425170	0.147602	0.1380	0.1092	0.1370	0.0420	0.1355	0.1306	0.1087
000627	V	0.003739	0.379763	0.149109	0.1292	0.1583	0.1220	0.0380	0.1321	0.1147	0.1057
000628	S	0.003288	0.366131	0.150780	0.1322	0.0817	0.0950	0.0260	0.1131	0.1149	0.1048
000629	F	0.002837	0.362623	0.151588	0.1416	0.0870	0.0890	0.0260	0.1139	0.1138	0.1007
000630	D	0.002318	0.334975	0.151941	0.0677	0.0851	0.0810	0.0220	0.0952	0.1083	0.0990
000631	S	0.001959	0.326024	0.158740	0.0643	0.0443	0.0830	0.0240	0.0865	0.1096	0.0982
000632	L	0.001939	0.329198	0.163789	0.0660	0.0320	0.0760	0.0200	0.0842	0.1127	0.0971
000633	F	0.001613	0.322378	0.168535	0.0554	0.0433	0.0820	0.0250	0.0841	0.1105	0.0948
000634	S	0.002907	0.325469	0.172485	0.0490	0.0433	0.0860	0.0270	0.0845	0.1121	0.0943
000635	A	0.006694	0.353426	0.177947	0.0514	0.0202	0.0890	0.0250	0.0868	0.1235	0.0930
000636	V	0.020365	0.367334	0.182102	0.0858	0.0334	0.1000	0.0280	0.1011	0.1216	0.0932
000637	K	0.025586	0.362987	0.185221	0.0464	0.0389	0.1130	0.0360	0.0978	0.1222	0.0947
000638	N	0.037853	0.385938	0.189279	0.0723	0.0605	0.1510	0.0490	0.1179	0.1223	0.0978
000639	F	0.040754	0.427099	0.194328	0.0832	0.0356	0.2030	0.0590	0.1315	0.1391	0.1018
000640	T	0.060288	0.423871	0.195952	0.1416	0.0817	0.2240	0.0590	0.1552	0.1246	0.1083
000641	E	0.067679	0.408281	0.194723	0.0813	0.0835	0.2160	0.0300	0.1427	0.1235	0.1161
000642	I	0.077243	0.447004	0.196207	0.0935	0.0389	0.2370	0.0350	0.1489	0.1409	0.1243
000643	A	0.087768	0.466612	0.198546	0.1416	0.0719	0.2310	0.0460	0.1664	0.1360	0.1332
000644	S	0.114890	0.448799	0.196573	0.1266	0.1399	0.2420	0.0590	0.1788	0.1194	0.1449
000645	K	0.125179	0.456825	0.195517	0.1349	0.1399	0.2440	0.0710	0.1835	0.1199	0.1558
000646	F	0.181895	0.470503	0.197067	0.1602	0.1791	0.2590	0.0760	0.2084	0.1120	0.1671
000647	S	0.224185	0.474737	0.199116	0.2167	0.2680	0.2680	0.0700	0.2420	0.0986	0.1797
000648	E	0.245547	0.487072	0.201420	0.2255	0.1852	0.2800	0.0720	0.2372	0.1068	0.1920
000649	R	0.254764	0.521270	0.204794	0.2558	0.1206	0.2840	0.0700	0.2393	0.1273	0.2021
000650	L	0.276461	0.539108	0.210461	0.2657	0.1476	0.2750	0.0770	0.2507	0.1271	0.2086
000651	Q	0.293017	0.529396	0.208723	0.1998	0.1449	0.2590	0.0750	0.2377	0.1288	0.2153
000652	D	0.299538	0.525403	0.204578	0.1322	0.1007	0.2610	0.0760	0.2197	0.1435	0.2185
000653	F	0.299523	0.509665	0.200741	0.1805	0.1251	0.2710	0.0910	0.2309	0.1282	0.2227
000654	D	0.298863	0.472295	0.193664	0.1667	0.1643	0.2420	0.0720	0.2240	0.1120	0.2314
000655	K	0.252482	0.443161	0.185699	0.1380	0.1791	0.2130	0.0580	0.2043	0.1040	0.2363
000656	S	0.203432	0.430559	0.181535	0.1456	0.1942	0.1690	0.0470	0.1905	0.1003	0.2431
000657	N	0.184416	0.394881	0.178617	0.2483	0.2258	0.1360	0.0510	0.1982	0.0880	0.2533
000658	P	0.171303	0.357999	0.177692	0.2748	0.1881	0.1250	0.0530	0.1861	0.0831	0.2609
000659	I	0.156579	0.311291	0.177268	0.1698	0.0888	0.1240	0.0540	0.1417	0.0754	0.2690
000660	V	0.155729	0.283658	0.177849	0.1380	0.0506	0.1130	0.0530	0.1234	0.0767	0.2762
000661	L	0.145335	0.239339	0.178351	0.1322	0.0985	0.1050	0.0500	0.1200	0.0564	0.2855
000662	R	0.123410	0.201558	0.173377	0.0723	0.0929	0.0880	0.0320	0.0964	0.0554	0.2938
000663	M	0.109945	0.199454	0.169865	0.0771	0.0704	0.0860	0.0290	0.0905	0.0565	0.3035
000664	M	0.106978	0.205262	0.166076	0.1416	0.0719	0.0840	0.0240	0.1016	0.0544	0.3074
000665	N	0.111007	0.201588	0.162427	0.1150	0.0380	0.0810	0.0250	0.0911	0.0594	0.3043
000666	D	0.116640	0.206200	0.158990	0.0643	0.0424	0.0700	0.0230	0.0832	0.0635	0.3026
000667	Q	0.111600	0.206059	0.157806	0.0387	0.0506	0.0490	0.0160	0.0760	0.0679	0.2995
000668	L	0.110872	0.193399	0.155734	0.0395	0.0263	0.0440	0.0150	0.0690	0.0684	0.2898
000669	M	0.100749	0.183460	0.152505	0.0376	0.0231	0.0410	0.0130	0.0644	0.0661	0.2816
000670	F	0.106190	0.161219	0.147644	0.0376	0.0235	0.0430	0.0110	0.0619	0.0600	0.2716
000671	L	0.112377	0.155330	0.146817	0.0567	0.0414	0.0450	0.0100	0.0684	0.0533	0.2643
000672	E	0.115502	0.142681	0.145634	0.0526	0.0765	0.0470	0.0140	0.0724	0.0469	0.2564
000673	R	0.113686	0.151167	0.142545	0.0660	0.0765	0.0520	0.0190	0.0766	0.0447	0.2489
000674	A	0.117442	0.160391	0.137939	0.0965	0.1206	0.0570	0.0240	0.0920	0.0398	0.2404
000675	F	0.119517	0.154889	0.133751	0.1178	0.0799	0.0820	0.0340	0.0923	0.0349	0.2370
000676	I	0.121604	0.179208	0.129433	0.1349	0.0405	0.1180	0.0460	0.0990	0.0464	0.2368
000677	D	0.120671	0.202599	0.124754	0.0723	0.0380	0.1340	0.0550	0.0946	0.0555	0.2365
000678	P	0.115749	0.216160	0.119265	0.0363	0.0349	0.1560	0.0580	0.0932	0.0670	0.2332
000679	L	0.112693	0.232093	0.111278	0.0621	0.0389	0.2100	0.0730	0.1093	0.0735	0.2334
000680	G	0.103959	0.256610	0.101155	0.0771	0.0306	0.1870	0.0740	0.1092	0.0765	0.2346
000681	L	0.097218	0.261572	0.090543	0.0858	0.0364	0.1750	0.0670	0.1093	0.0751	0.2368
000682	P	0.101218	0.270609	0.083268	0.0858	0.0518	0.1220	0.0570	0.1053	0.0723	0.2370
000683	D	0.102109	0.269805	0.077749	0.0455	0.0543	0.1210	0.0600	0.0988	0.0764	0.2370
000684	R	0.106033	0.242289	0.070626	0.0363	0.0518	0.1150	0.0560	0.0919	0.0689	0.2339
000685	P	0.097254	0.212764	0.067153	0.0526	0.0631	0.0840	0.0420	0.0849	0.0553	0.2320
000686	F	0.085495	0.179877	0.066767	0.0965	0.1275	0.0830	0.0360	0.0954	0.0393	0.2279
000687	Y	0.076086	0.161640	0.068441	0.1532	0.2129	0.0850	0.0380	0.1148	0.0545	0.2198
000688	R	0.067430	0.164458	0.070295	0.1380	0.1969	0.0940	0.0410	0.1102	0.0498	0.2118
000689	H	0.062608	0.189097	0.071384	0.1205	0.1070	0.1130	0.0380	0.0987	0.0428	0.2068
000690	V	0.058149	0.218142	0.070496	0.1805	0.1449	0.1340	0.0490	0.1227	0.0577	0.2005
000691	I	0.043444	0.240882	0.068623	0.1240	0.1476	0.1510	0.0560	0.1178	0.0647	0.1920
000692	Y	0.029327	0.277094	0.067753	0.1732	0.2399	0.1750	0.0650	0.1492	0.0884	0.1819
000693	A	0.013208	0.335481	0.067439	0.1532	0.2129	0.2110	0.0820	0.1543	0.1056	0.1744
000694	P	0.015246	0.394964	0.068444	0.1532	0.1115	0.2400	0.0810	0.1525	0.1252	0.1690
000695	S	0.014458	0.474874	0.069065	0.1532	0.1275	0.2600	0.0700	0.1717	0.1512	0.1656
000696	S	0.014507	0.529412	0.071240	0.0771	0.1115	0.2600	0.0770	0.1655	0.1750	0.1618
000697	H	0.013937	0.578020	0.073203	0.1532	0.1373	0.2810	0.0790	0.1939	0.1857	0.1583
000698	N	0.013445	0.619694	0.074682	0.2333	0.1349	0.3140	0.0880	0.2192	0.2000	0.1550
000699	K	0.011379	0.607227	0.075958	0.1732	0.1424	0.3340	0.0900	0.2114	0.1985	0.1511
000700	Y	0.012385	0.590572	0.076027	0.1205	0.1229	0.3230	0.0880	0.1949	0.1963	0.1499
000701	A	0.012710	0.577673	0.076653	0.1878	0.1137	0.2760	0.0720	0.1947	0.1857	0.1523
000702	G	0.012927	0.530770	0.075599	0.2385	0.0967	0.2370	0.0540	0.1861	0.1705	0.1575
000703	E	0.008211	0.473185	0.075197	0.2531	0.1702	0.1850	0.0480	0.1815	0.1481	0.1658
000704	S	0.009540	0.403541	0.075859	0.1998	0.1298	0.1370	0.0440	0.1466	0.1245	0.1744
000705	F	0.009959	0.322345	0.077214	0.1844	0.1251	0.1030	0.0290	0.1241	0.0988	0.1805
000706	P	0.010001	0.239001	0.078585	0.1240	0.1251	0.0600	0.0100	0.0931	0.0724	0.1896
000707	G	0.034133	0.181589	0.079642	0.1322	0.1251	0.0480	0.0100	0.0868	0.0530	0.1990
000708	I	0.065427	0.163331	0.081314	0.1349	0.0835	0.0440	0.0080	0.0818	0.0432	0.2056
000709	Y	0.073308	0.149569	0.084099	0.1292	0.0817	0.0460	0.0100	0.0799	0.0377	0.2144
000710	D	0.076511	0.129408	0.086654	0.0884	0.0967	0.0490	0.0090	0.0733	0.0280	0.2291
000711	A	0.075309	0.132214	0.088507	0.1456	0.1583	0.0620	0.0140	0.0955	0.0396	0.2369
000712	L	0.074457	0.145634	0.088903	0.1921	0.1791	0.0750	0.0200	0.1110	0.0509	0.2431
000713	F	0.074765	0.161558	0.090471	0.1878	0.1501	0.0850	0.0220	0.1099	0.0457	0.2425
000714	D	0.074680	0.219233	0.091851	0.1635	0.0734	0.1030	0.0330	0.1057	0.0554	0.2360
000715	I	0.075036	0.312064	0.095759	0.1349	0.0765	0.1480	0.0410	0.1244	0.0831	0.2293
000716	E	0.109026	0.372175	0.098175	0.1495	0.1643	0.1870	0.0490	0.1637	0.0926	0.2252
000717	S	0.110669	0.408200	0.099521	0.1292	0.0967	0.2340	0.0600	0.1632	0.1136	0.2183
000718	K	0.125077	0.450882	0.099516	0.1416	0.0929	0.2730	0.0830	0.1805	0.1294	0.2120
000719	V	0.125787	0.483364	0.101299	0.1349	0.1476	0.2890	0.0930	0.1968	0.1361	0.2077
000720	D	0.145024	0.474347	0.104206	0.1878	0.2436	0.3020	0.1060	0.2255	0.1230	0.2050
000721	P	0.148592	0.510221	0.110097	0.1667	0.1554	0.2800	0.0880	0.2101	0.1376	0.1939
000722	S	0.152968	0.524507	0.114557	0.1998	0.1137	0.2700	0.0880	0.2102	0.1439	0.1876
000723	K	0.152005	0.471413	0.117199	0.1844	0.1229	0.2430	0.0640	0.1956	0.1237	0.1820
000724	A	0.150622	0.430845	0.119323	0.1958	0.1881	0.1990	0.0350	0.1941	0.1029	0.1832
000725	W	0.091434	0.400079	0.120262	0.1266	0.1501	0.1530	0.0370	0.1536	0.1053	0.1897
000726	G	0.057898	0.338252	0.122170	0.1667	0.1298	0.1180	0.0360	0.1351	0.0901	0.1930
000727	E	0.034649	0.283402	0.122949	0.1292	0.1229	0.1030	0.0290	0.1121	0.0774	0.1995
000728	V	0.030396	0.239210	0.123636	0.0789	0.0835	0.0870	0.0190	0.0866	0.0682	0.2044
000729	K	0.011156	0.202172	0.124642	0.0813	0.0967	0.0720	0.0230	0.0772	0.0614	0.2099
000730	R	0.008133	0.157653	0.126078	0.0813	0.1184	0.0640	0.0210	0.0716	0.0528	0.2177
000731	Q	0.002864	0.123710	0.131100	0.0771	0.0929	0.0540	0.0110	0.0585	0.0486	0.2241
000732	I	0.037919	0.089165	0.137130	0.0502	0.0662	0.0590	0.0110	0.0503	0.0398	0.2333
000733	Y	0.065019	0.076427	0.140432	0.0425	0.0749	0.0700	0.0190	0.0549	0.0380	0.2394
000734	V	0.096790	0.074215	0.143791	0.0376	0.0817	0.0860	0.0300	0.0627	0.0396	0.2426
000735	A	0.135165	0.081807	0.146554	0.0514	0.0592	0.0930	0.0320	0.0701	0.0432	0.2406
000736	A	0.181170	0.088861	0.148735	0.0813	0.1137	0.0950	0.0260	0.0933	0.0435	0.2336
000737	F	0.214459	0.091724	0.150343	0.0464	0.1251	0.1040	0.0210	0.0970	0.0578	0.2286
000738	T	0.249923	0.117135	0.152065	0.0395	0.0734	0.1170	0.0290	0.0996	0.0710	0.2186
000739	V	0.307480	0.158128	0.153210	0.0723	0.0948	0.1560	0.0400	0.1315	0.0792	0.2087
000740	Q	0.359620	0.198631	0.154443	0.0478	0.0948	0.2050	0.0520	0.1509	0.1021	0.2001
000741	A	0.390719	0.242451	0.155360	0.0405	0.0780	0.4850	0.0950	0.2061	0.1631	0.1899
000742	A	0.435307	0.327489	0.156868	0.0514	0.0555	0.6120	0.1240	0.2469	0.2074	0.1815
000743	A	0.474346	0.423447	0.159199	0.1178	0.0799	0.6780	0.0990	0.2956	0.2204	0.1731
000744	E	0.505416	0.488789	0.159252	0.2209	0.1229	0.7070	0.0940	0.3408	0.2152	0.1675
000745	T	0.526950	0.595299	0.160552	0.3359	0.1583	0.6710	0.0820	0.3812	0.2046	0.1600
000746	L	0.539615	0.645231	0.160670	0.4149	0.1611	0.7040	0.0570	0.4108	0.2170	0.1562
000747	S	0.638074	0.743255	0.161472	0.4918	0.1643	0.7820	0.0490	0.4699	0.2547	0.1529
000748	E	0.626181	0.834406	0.162169	0.6255	0.2951	0.8170	0.0440	0.5331	0.2526	0.1514
000749	V	0.609102	0.883496	0.161878	0.6681	0.2503	0.8620	0.0490	0.5455	0.2792	0.1506
000750	A	0.414273	0.888438	0.160210	0.7688	0.3321	0.9240	0.0140	0.5546	0.2939	0.1517