RESNUM	RES	VL-XT	VSL2B	VL3	IUPred-S	IUPred-L	PONDRFIT	FITERROR	MDP	MDPERROR	ANCHOR2
000001	M	0.005566	0.213669	0.204205	0.4116	0.0049	0.5850	0.2120	0.2035	0.2112	0.1093
000002	A	0.056507	0.179376	0.203463	0.2558	0.0044	0.4600	0.1350	0.1594	0.1510	0.1065
000003	F	0.044510	0.160285	0.202291	0.1766	0.0041	0.3710	0.0860	0.1261	0.1232	0.1072
000004	A	0.065675	0.114705	0.199755	0.0789	0.0052	0.2920	0.1040	0.0928	0.1003	0.1075
000005	W	0.038056	0.082341	0.197464	0.0316	0.0065	0.2880	0.0850	0.0743	0.1068	0.1071
000006	W	0.047588	0.087679	0.194091	0.0226	0.0059	0.3130	0.0490	0.0795	0.1136	0.1059
000007	P	0.053756	0.078485	0.190624	0.0150	0.0065	0.4030	0.0710	0.0928	0.1420	0.1036
000008	C	0.065340	0.073964	0.187639	0.0059	0.0071	0.5750	0.1500	0.1212	0.2009	0.0996
000009	L	0.072632	0.050470	0.185658	0.0028	0.0085	0.6490	0.1610	0.1305	0.2282	0.0884
000010	I	0.088219	0.053738	0.183359	0.0010	0.0102	0.4830	0.1490	0.1060	0.1689	0.0814
000011	L	0.085617	0.058696	0.180316	0.0008	0.0083	0.1670	0.0420	0.0534	0.0762	0.0781
000012	A	0.084355	0.082940	0.182920	0.0010	0.0104	0.1910	0.0480	0.0616	0.0803	0.0748
000013	L	0.082484	0.092347	0.182306	0.0007	0.0123	0.2280	0.0490	0.0693	0.0882	0.0727
000014	L	0.073278	0.127718	0.184725	0.0028	0.0218	0.2870	0.0460	0.0854	0.1027	0.0715
000015	S	0.063520	0.165089	0.185358	0.0035	0.0306	0.3120	0.0620	0.0957	0.1105	0.0700
000016	S	0.051465	0.233129	0.188420	0.0079	0.0287	0.3600	0.0730	0.1136	0.1310	0.0700
000017	L	0.035522	0.310963	0.190954	0.0200	0.0543	0.4180	0.0850	0.1399	0.1539	0.0690
000018	A	0.021331	0.381674	0.199104	0.0078	0.0275	0.4630	0.1010	0.1502	0.1852	0.0701
000019	A	0.005266	0.449335	0.205230	0.0109	0.0248	0.5180	0.1080	0.1681	0.2141	0.0728
000020	S	0.007273	0.520655	0.213210	0.0124	0.0405	0.5400	0.1190	0.1868	0.2313	0.0792
000021	G	0.008550	0.527814	0.222119	0.0124	0.0690	0.5500	0.1220	0.1947	0.2316	0.0860
000022	F	0.011326	0.497662	0.231325	0.0279	0.1137	0.5560	0.1240	0.2011	0.2192	0.0922
000023	P	0.025427	0.490278	0.239134	0.0363	0.1323	0.4610	0.1050	0.1909	0.1913	0.1014
000024	R	0.042898	0.472138	0.247634	0.0677	0.1349	0.4400	0.0880	0.1930	0.1750	0.1109
000025	S	0.058573	0.456481	0.256381	0.1240	0.2224	0.4030	0.0790	0.2107	0.1473	0.1188
000026	P	0.074054	0.434183	0.263775	0.0771	0.2399	0.3070	0.0790	0.1887	0.1343	0.1287
000027	F	0.087857	0.426517	0.268354	0.0935	0.2436	0.2720	0.0840	0.1872	0.1244	0.1382
000028	R	0.100632	0.438912	0.276076	0.1698	0.2645	0.2580	0.0960	0.2053	0.1141	0.1499
000029	L	0.127961	0.455848	0.282301	0.1998	0.2645	0.2910	0.1120	0.2232	0.1107	0.1581
000030	L	0.181839	0.456802	0.284137	0.1805	0.3087	0.2900	0.1100	0.2363	0.1042	0.1650
000031	G	0.244450	0.468455	0.287923	0.1602	0.3117	0.2590	0.0940	0.2407	0.1049	0.1719
000032	K	0.288003	0.478710	0.289621	0.1635	0.2292	0.2360	0.0750	0.2326	0.1093	0.1794
000033	R	0.323737	0.488322	0.293408	0.2786	0.3494	0.2440	0.0830	0.2808	0.0923	0.1824
000034	S	0.391129	0.459734	0.295109	0.1805	0.2609	0.2250	0.0930	0.2528	0.1079	0.1814
000035	L	0.414069	0.456909	0.301988	0.1878	0.1731	0.1850	0.0890	0.2361	0.1250	0.1837
000036	P	0.439793	0.451684	0.310403	0.1456	0.1731	0.1250	0.0470	0.2225	0.1446	0.1857
000037	E	0.477301	0.420815	0.317527	0.0813	0.1554	0.1160	0.0400	0.2085	0.1616	0.1861
000038	G	0.504338	0.404973	0.322156	0.1532	0.2541	0.1080	0.0370	0.2374	0.1476	0.1867
000039	V	0.504825	0.397327	0.323537	0.1566	0.1702	0.0920	0.0260	0.2201	0.1561	0.1880
000040	A	0.449162	0.362571	0.325965	0.2432	0.2541	0.0830	0.0210	0.2319	0.1265	0.1889
000041	N	0.397955	0.334522	0.332528	0.2531	0.3249	0.0770	0.0200	0.2312	0.1169	0.1907
000042	G	0.361860	0.329069	0.338750	0.2602	0.3249	0.0740	0.0180	0.2249	0.1130	0.1920
000043	I	0.324232	0.314677	0.340484	0.2602	0.2680	0.0700	0.0160	0.2062	0.1072	0.1944
000044	E	0.287285	0.306349	0.340290	0.2558	0.2645	0.0710	0.0140	0.1974	0.1035	0.2025
000045	V	0.249193	0.316482	0.337501	0.2080	0.2645	0.0730	0.0140	0.1852	0.1032	0.2125
000046	Y	0.198930	0.331291	0.336088	0.2913	0.3460	0.0840	0.0130	0.2087	0.1099	0.2198
000047	S	0.143538	0.359160	0.333016	0.2602	0.2164	0.1090	0.0300	0.1814	0.1070	0.2277
000048	T	0.087815	0.375299	0.324608	0.2602	0.1791	0.1250	0.0320	0.1712	0.1171	0.2382
000049	K	0.078584	0.404175	0.315568	0.1732	0.1852	0.1520	0.0340	0.1655	0.1209	0.2485
000050	I	0.072987	0.420003	0.309149	0.2041	0.2541	0.1510	0.0290	0.1836	0.1227	0.2604
000051	N	0.056249	0.460896	0.303099	0.2483	0.2224	0.1400	0.0280	0.1880	0.1367	0.2732
000052	S	0.011919	0.464891	0.302566	0.2483	0.1554	0.1600	0.0350	0.1734	0.1494	0.2872
000053	K	0.012482	0.458218	0.294710	0.1878	0.1583	0.1740	0.0360	0.1652	0.1453	0.3021
000054	V	0.012268	0.436814	0.286889	0.2041	0.2034	0.1570	0.0310	0.1690	0.1371	0.3174
000055	T	0.012430	0.409089	0.276969	0.1998	0.2002	0.1370	0.0420	0.1598	0.1299	0.3338
000056	S	0.012401	0.378537	0.268820	0.2255	0.2292	0.1380	0.0590	0.1639	0.1216	0.3503
000057	R	0.013309	0.342053	0.258768	0.3053	0.2575	0.1430	0.0660	0.1768	0.1190	0.3700
000058	F	0.020946	0.309346	0.250765	0.2748	0.2752	0.1430	0.0660	0.1706	0.1085	0.3888
000059	A	0.026529	0.285186	0.237572	0.2041	0.2752	0.1020	0.0390	0.1488	0.1022	0.3999
000060	H	0.033467	0.275414	0.226760	0.2041	0.2470	0.0980	0.0370	0.1431	0.0941	0.4124
000061	N	0.040163	0.264894	0.220225	0.2865	0.3321	0.1000	0.0420	0.1707	0.1101	0.4204
000062	V	0.061755	0.246844	0.211307	0.2483	0.3249	0.0970	0.0390	0.1632	0.0977	0.4269
000063	V	0.080324	0.240598	0.203619	0.2432	0.2988	0.1030	0.0370	0.1609	0.0855	0.4289
000064	T	0.093479	0.256636	0.194192	0.2385	0.2988	0.1090	0.0460	0.1661	0.0820	0.4266
000065	M	0.106856	0.275903	0.187228	0.2602	0.3704	0.1430	0.0610	0.1928	0.0939	0.4218
000066	R	0.127566	0.289595	0.175087	0.2558	0.3053	0.1610	0.0730	0.1898	0.0737	0.4068
000067	A	0.144043	0.316158	0.163159	0.2748	0.3087	0.1980	0.0810	0.2069	0.0740	0.3925
000068	V	0.190426	0.352110	0.153597	0.1998	0.1969	0.2330	0.0910	0.1953	0.0680	0.3766
000069	N	0.233334	0.389987	0.146262	0.2865	0.3053	0.2620	0.1320	0.2462	0.0777	0.3645
000070	R	0.286946	0.407909	0.141699	0.2209	0.2752	0.2830	0.1580	0.2456	0.0834	0.3579
000071	A	0.345391	0.453442	0.136125	0.2167	0.2783	0.3000	0.1640	0.2657	0.1018	0.3515
000072	D	0.407457	0.467567	0.128454	0.1495	0.1881	0.2980	0.1510	0.2518	0.1308	0.3447
000073	T	0.474356	0.486891	0.123204	0.2080	0.2752	0.2910	0.1340	0.2893	0.1340	0.3454
000074	A	0.515251	0.459351	0.121045	0.1921	0.3356	0.2680	0.1120	0.2950	0.1407	0.3492
000075	K	0.545733	0.455562	0.122868	0.2255	0.3356	0.2390	0.0940	0.3002	0.1452	0.3521
000076	E	0.574236	0.422017	0.125448	0.2483	0.3392	0.2250	0.0780	0.3014	0.1472	0.3578
000077	V	0.558426	0.391557	0.130249	0.2432	0.2258	0.2100	0.0650	0.2716	0.1434	0.3700
000078	S	0.516360	0.368756	0.134653	0.2432	0.1759	0.2090	0.0750	0.2522	0.1322	0.3862
000079	F	0.458520	0.341591	0.140005	0.2292	0.2364	0.1820	0.0660	0.2413	0.1089	0.4061
000080	D	0.378161	0.326287	0.141106	0.1602	0.2364	0.1570	0.0480	0.2096	0.0937	0.4142
000081	V	0.298170	0.293443	0.142264	0.1532	0.1373	0.1470	0.0420	0.1715	0.0752	0.4218
000082	E	0.224928	0.267346	0.140565	0.1805	0.1671	0.1210	0.0280	0.1602	0.0548	0.4326
000083	L	0.170875	0.241350	0.132935	0.1240	0.1070	0.0950	0.0160	0.1230	0.0539	0.4226
000084	P	0.120168	0.223153	0.130995	0.1205	0.1070	0.0740	0.0080	0.1074	0.0507	0.4167
000085	K	0.068129	0.202707	0.133548	0.1018	0.0765	0.0710	0.0090	0.0868	0.0525	0.4131
000086	T	0.036271	0.180667	0.138402	0.0991	0.0817	0.0710	0.0100	0.0782	0.0522	0.4028
000087	A	0.027953	0.156684	0.142368	0.0542	0.0749	0.0730	0.0110	0.0644	0.0520	0.3934
000088	F	0.024790	0.135273	0.149380	0.0935	0.0734	0.0760	0.0120	0.0672	0.0483	0.3873
000089	I	0.022543	0.129941	0.160717	0.0935	0.0780	0.0810	0.0150	0.0676	0.0509	0.3907
000090	T	0.020370	0.123863	0.171368	0.1117	0.0888	0.0830	0.0150	0.0713	0.0539	0.4009
000091	N	0.011986	0.127757	0.179563	0.1060	0.1007	0.0830	0.0170	0.0716	0.0585	0.4001
000092	F	0.010417	0.121612	0.184938	0.1060	0.1424	0.0800	0.0190	0.0768	0.0623	0.3975
000093	T	0.008475	0.133379	0.190402	0.1178	0.1476	0.0760	0.0190	0.0806	0.0658	0.4059
000094	L	0.007234	0.147365	0.202296	0.1732	0.1583	0.0850	0.0260	0.0952	0.0731	0.4132
000095	T	0.006038	0.165501	0.217387	0.1566	0.1349	0.0930	0.0310	0.0926	0.0756	0.4236
000096	I	0.010653	0.181223	0.232899	0.1178	0.1449	0.1100	0.0380	0.0941	0.0788	0.4330
000097	D	0.014755	0.189450	0.249565	0.1178	0.1399	0.1200	0.0450	0.0969	0.0831	0.4172
000098	G	0.015222	0.212416	0.270028	0.1456	0.1731	0.1310	0.0510	0.1129	0.0905	0.4004
000099	V	0.015433	0.241780	0.293026	0.2080	0.2129	0.1390	0.0570	0.1362	0.1011	0.3857
000100	T	0.015721	0.268703	0.316577	0.2865	0.2680	0.1410	0.0580	0.1633	0.1176	0.3770
000101	Y	0.016093	0.303795	0.341217	0.2333	0.2609	0.1510	0.0610	0.1609	0.1219	0.3739
000102	P	0.017594	0.356508	0.368242	0.1958	0.2436	0.1530	0.0530	0.1610	0.1353	0.3602
000103	G	0.022450	0.409186	0.392985	0.2700	0.3599	0.1960	0.0590	0.2097	0.1499	0.3421
000104	N	0.018903	0.459244	0.415615	0.2700	0.2752	0.2450	0.0520	0.2115	0.1575	0.3284
000105	V	0.014574	0.511696	0.434919	0.3399	0.3631	0.3310	0.0900	0.2600	0.1714	0.3158
000106	K	0.010401	0.556355	0.455352	0.2786	0.3566	0.3580	0.1150	0.2600	0.1860	0.3036
000107	E	0.010651	0.585841	0.476216	0.3578	0.4119	0.3840	0.1220	0.2917	0.1945	0.2902
000108	K	0.011005	0.611313	0.494325	0.3456	0.3460	0.3390	0.0850	0.2754	0.2019	0.2831
000109	E	0.015772	0.624702	0.511072	0.3146	0.3426	0.3070	0.0710	0.2674	0.2081	0.2784
000110	V	0.020280	0.627063	0.529633	0.3225	0.4149	0.2690	0.0440	0.2756	0.2141	0.2737
000111	A	0.023192	0.638654	0.550003	0.3311	0.4087	0.2480	0.0670	0.2750	0.2210	0.2628
000112	K	0.023825	0.644617	0.567553	0.4078	0.4979	0.2490	0.0860	0.3039	0.2293	0.2510
000113	K	0.023593	0.654028	0.587233	0.3668	0.4725	0.2460	0.0920	0.2938	0.2340	0.2438
000114	Q	0.023587	0.658750	0.607327	0.3668	0.4441	0.2640	0.0880	0.2929	0.2361	0.2418
000115	Y	0.023362	0.670057	0.627311	0.3535	0.4292	0.2550	0.0880	0.2885	0.2435	0.2425
000116	E	0.029481	0.670563	0.645601	0.3885	0.4186	0.2220	0.0900	0.2882	0.2491	0.2391
000117	K	0.039656	0.668874	0.661518	0.3939	0.3631	0.2120	0.0880	0.2796	0.2515	0.2420
000118	A	0.046472	0.658229	0.673846	0.3311	0.3460	0.2100	0.0970	0.2652	0.2527	0.2490
000119	V	0.076697	0.632192	0.681438	0.2786	0.3215	0.1850	0.0780	0.2489	0.2496	0.2541
000120	S	0.106892	0.619915	0.684807	0.2700	0.3053	0.1700	0.0750	0.2453	0.2458	0.2569
000121	Q	0.123577	0.615535	0.691312	0.2963	0.3704	0.1640	0.0650	0.2617	0.2420	0.2604
000122	G	0.158140	0.607456	0.699872	0.3263	0.4051	0.1590	0.0670	0.2760	0.2367	0.2685
000123	K	0.265353	0.609382	0.710013	0.3311	0.4051	0.1740	0.0800	0.2975	0.2223	0.2802
000124	T	0.286293	0.607281	0.719090	0.3456	0.3356	0.1790	0.0840	0.2923	0.2233	0.2909
000125	A	0.300739	0.615691	0.721283	0.3263	0.3392	0.1630	0.0700	0.2908	0.2276	0.3059
000126	G	0.311244	0.592774	0.721072	0.3311	0.4186	0.1550	0.0740	0.3015	0.2225	0.3155
000127	L	0.320673	0.597702	0.723028	0.3311	0.3053	0.1480	0.0680	0.2838	0.2288	0.3293
000128	V	0.304087	0.603396	0.722681	0.3311	0.3087	0.1440	0.0640	0.2818	0.2311	0.3378
000129	K	0.286515	0.591039	0.716794	0.2700	0.2817	0.1640	0.0910	0.2655	0.2312	0.3390
000130	A	0.267924	0.580573	0.709098	0.3184	0.3356	0.1830	0.1100	0.2809	0.2189	0.3441
000131	S	0.236604	0.584828	0.705630	0.2558	0.2817	0.2080	0.1300	0.2612	0.2259	0.3501
000132	G	0.132549	0.585152	0.696483	0.2531	0.2884	0.2120	0.1430	0.2452	0.2363	0.3568
000133	R	0.114766	0.571591	0.687273	0.1921	0.2328	0.2520	0.1720	0.2272	0.2397	0.3656
000134	K	0.098842	0.572224	0.678833	0.2041	0.2094	0.2460	0.1800	0.2217	0.2408	0.3715
000135	L	0.101389	0.558498	0.663661	0.1566	0.1823	0.2420	0.1570	0.2068	0.2408	0.3813
000136	E	0.085465	0.544290	0.648118	0.1602	0.2064	0.1850	0.1280	0.1969	0.2374	0.3813
000137	K	0.072285	0.510502	0.634346	0.1322	0.2064	0.1860	0.1350	0.1845	0.2325	0.3852
000138	F	0.055592	0.478330	0.617295	0.1698	0.2715	0.1950	0.1410	0.1951	0.2177	0.3888
000139	T	0.055243	0.429015	0.598855	0.2167	0.2752	0.1840	0.1280	0.1934	0.2026	0.3869
000140	V	0.051782	0.372292	0.578781	0.2209	0.2783	0.1810	0.1180	0.1840	0.1911	0.3890
000141	S	0.049807	0.356476	0.562610	0.1844	0.2064	0.1570	0.1000	0.1590	0.1901	0.3848
000142	V	0.046437	0.365402	0.544027	0.1844	0.2193	0.1300	0.0810	0.1577	0.1871	0.3836
000143	N	0.041322	0.342928	0.522078	0.1117	0.1583	0.1250	0.0710	0.1299	0.1863	0.3764
000144	V	0.036182	0.343430	0.502657	0.1060	0.1528	0.1300	0.0710	0.1281	0.1808	0.3695
000145	A	0.066263	0.347621	0.486928	0.0701	0.1028	0.1240	0.0620	0.1184	0.1797	0.3607
000146	A	0.088849	0.362496	0.473006	0.1060	0.1611	0.1280	0.0610	0.1410	0.1652	0.3485
000147	G	0.092833	0.350663	0.453854	0.0607	0.1611	0.1240	0.0550	0.1315	0.1630	0.3374
000148	S	0.118696	0.342556	0.440193	0.0607	0.1137	0.1110	0.0460	0.1244	0.1590	0.3249
000149	K	0.144263	0.327655	0.425122	0.1060	0.1373	0.1090	0.0450	0.1374	0.1419	0.3145
000150	V	0.146780	0.319418	0.418424	0.0677	0.1298	0.1030	0.0410	0.1278	0.1448	0.3161
000151	T	0.152214	0.295750	0.412416	0.0607	0.1823	0.0930	0.0390	0.1307	0.1391	0.3158
000152	F	0.153627	0.284778	0.408485	0.0587	0.1914	0.0890	0.0360	0.1296	0.1372	0.3194
000153	E	0.136317	0.285092	0.401603	0.0884	0.2399	0.0810	0.0350	0.1384	0.1335	0.3181
000154	L	0.103881	0.273556	0.394380	0.0884	0.2258	0.0850	0.0380	0.1294	0.1321	0.3219
000155	T	0.078799	0.293538	0.389990	0.1205	0.2783	0.1000	0.0460	0.1452	0.1334	0.3188
000156	Y	0.075734	0.325999	0.388811	0.1416	0.2258	0.1220	0.0450	0.1486	0.1299	0.3156
000157	E	0.048290	0.352817	0.388114	0.1602	0.2680	0.1610	0.0640	0.1651	0.1349	0.3112
000158	E	0.025025	0.388846	0.386322	0.1060	0.2399	0.2030	0.0620	0.1605	0.1487	0.3117
000159	L	0.023510	0.430429	0.379975	0.1117	0.1731	0.2260	0.0420	0.1608	0.1562	0.3193
000160	L	0.019373	0.468025	0.374770	0.0909	0.1229	0.2410	0.0520	0.1570	0.1711	0.3238
000161	K	0.020387	0.474686	0.369730	0.0884	0.1611	0.2430	0.0580	0.1646	0.1688	0.3208
000162	R	0.035893	0.503187	0.361252	0.0542	0.1162	0.2550	0.0660	0.1607	0.1804	0.3194
000163	H	0.046674	0.520790	0.355198	0.0991	0.2002	0.2330	0.0600	0.1833	0.1693	0.3147
000164	K	0.051971	0.518172	0.342332	0.0607	0.2164	0.1710	0.0410	0.1697	0.1728	0.3046
000165	G	0.073894	0.495660	0.331992	0.1041	0.2783	0.1220	0.0270	0.1790	0.1599	0.2986
000166	K	0.145634	0.483422	0.329347	0.1266	0.2849	0.1080	0.0340	0.1914	0.1450	0.2953
000167	Y	0.216220	0.464875	0.326456	0.1805	0.2918	0.1180	0.0430	0.2118	0.1248	0.2935
000168	E	0.223419	0.430428	0.321775	0.1921	0.2164	0.1140	0.0400	0.1960	0.1146	0.2921
000169	M	0.221954	0.399857	0.319058	0.1292	0.2002	0.1180	0.0470	0.1782	0.1136	0.2892
000170	Y	0.219362	0.369785	0.318545	0.1349	0.2752	0.1070	0.0380	0.1843	0.1083	0.2731
000171	L	0.202610	0.337761	0.319999	0.1878	0.2364	0.1000	0.0390	0.1775	0.0967	0.2578
000172	K	0.188912	0.337238	0.318453	0.1998	0.2575	0.0970	0.0380	0.1800	0.0977	0.2446
000173	V	0.181800	0.336399	0.319743	0.1266	0.1791	0.1030	0.0380	0.1545	0.1042	0.2339
000174	Q	0.159350	0.358817	0.323623	0.1266	0.1852	0.0990	0.0350	0.1548	0.1118	0.2263
000175	P	0.085971	0.351985	0.323380	0.0789	0.1373	0.0840	0.0310	0.1231	0.1275	0.2270
000176	K	0.013751	0.346464	0.320723	0.0832	0.1449	0.0730	0.0230	0.1103	0.1371	0.2223
000177	Q	0.007998	0.321771	0.316718	0.0526	0.0967	0.0770	0.0310	0.0926	0.1365	0.2212
000178	L	0.014149	0.298196	0.318200	0.0991	0.0817	0.1170	0.0640	0.1016	0.1251	0.2231
000179	V	0.052002	0.260755	0.316889	0.0542	0.0817	0.1720	0.0980	0.1034	0.1159	0.2250
000180	K	0.087353	0.235637	0.318260	0.0376	0.1137	0.1880	0.0950	0.1104	0.1086	0.2282
000181	H	0.126658	0.214654	0.315599	0.0660	0.1731	0.2060	0.1080	0.1311	0.0937	0.2417
000182	F	0.156106	0.193817	0.313117	0.1322	0.2364	0.2200	0.1230	0.1565	0.0785	0.2501
000183	E	0.212644	0.178753	0.308517	0.1416	0.1702	0.2050	0.1220	0.1513	0.0736	0.2557
000184	I	0.267147	0.179878	0.306701	0.2080	0.2224	0.1950	0.1190	0.1787	0.0674	0.2606
000185	E	0.330146	0.195508	0.306593	0.1266	0.1881	0.1770	0.1090	0.1695	0.0890	0.2652
000186	V	0.403567	0.204677	0.304911	0.1060	0.1092	0.1780	0.1040	0.1670	0.1180	0.2730
000187	D	0.488422	0.211076	0.301545	0.0935	0.1206	0.2050	0.1190	0.1864	0.1405	0.2894
000188	I	0.548980	0.221853	0.295563	0.0514	0.0985	0.2290	0.1270	0.1917	0.1679	0.3037
000189	F	0.611985	0.226265	0.285075	0.0935	0.1554	0.2460	0.1260	0.2222	0.1720	0.3153
000190	E	0.655573	0.235606	0.282195	0.1178	0.1823	0.2350	0.1080	0.2377	0.1798	0.3256
000191	P	0.713270	0.236245	0.275556	0.1349	0.1881	0.2190	0.0950	0.2486	0.1976	0.3368
000192	Q	0.718834	0.249288	0.269301	0.1060	0.1048	0.2150	0.0970	0.2323	0.2125	0.3420
000193	G	0.734873	0.258727	0.262732	0.1732	0.1229	0.2050	0.1020	0.2490	0.2082	0.3600
000194	I	0.730799	0.270916	0.262632	0.1018	0.1162	0.1900	0.0980	0.2349	0.2167	0.3834
000195	S	0.712309	0.277153	0.268086	0.1117	0.1881	0.1580	0.0720	0.2412	0.2043	0.4022
000196	M	0.703672	0.291744	0.269864	0.1041	0.1823	0.1520	0.0630	0.2390	0.2036	0.4188
000197	L	0.662969	0.299279	0.270431	0.1566	0.1731	0.1410	0.0500	0.2389	0.1849	0.4222
000198	D	0.608227	0.298964	0.271614	0.1566	0.1115	0.1160	0.0240	0.2153	0.1773	0.4192
000199	A	0.556187	0.293755	0.271727	0.1667	0.1702	0.1080	0.0240	0.2158	0.1534	0.4195
000200	E	0.496150	0.294352	0.278338	0.1878	0.2645	0.0930	0.0170	0.2227	0.1308	0.4190
000201	A	0.461762	0.279728	0.279694	0.1766	0.2224	0.0960	0.0220	0.2061	0.1221	0.4208
000202	S	0.420125	0.278818	0.285425	0.1456	0.1349	0.0980	0.0180	0.1795	0.1217	0.4209
000203	F	0.369087	0.279258	0.291200	0.1205	0.1323	0.1110	0.0220	0.1687	0.1113	0.4258
000204	I	0.328338	0.289142	0.294426	0.0789	0.1298	0.1170	0.0210	0.1572	0.1111	0.4177
000205	T	0.250852	0.300784	0.301087	0.1349	0.1942	0.1280	0.0260	0.1682	0.0870	0.4012
000206	N	0.194420	0.307125	0.309448	0.1349	0.1162	0.1420	0.0320	0.1491	0.0949	0.3898
000207	D	0.150771	0.326824	0.320027	0.1602	0.1349	0.1520	0.0290	0.1540	0.0982	0.3868
000208	L	0.119944	0.320054	0.327494	0.1635	0.1969	0.1610	0.0300	0.1602	0.0970	0.3880
000209	L	0.091856	0.343387	0.336756	0.1495	0.1823	0.1590	0.0320	0.1544	0.1109	0.3856
000210	G	0.063781	0.387693	0.347931	0.1766	0.2034	0.1630	0.0350	0.1657	0.1255	0.3744
000211	S	0.036575	0.421423	0.360836	0.1602	0.1942	0.1750	0.0320	0.1646	0.1425	0.3617
000212	A	0.027938	0.464911	0.374699	0.1844	0.2224	0.2140	0.0520	0.1856	0.1532	0.3504
000213	L	0.009800	0.513538	0.385594	0.1844	0.1643	0.2840	0.0750	0.1927	0.1746	0.3382
000214	T	0.005201	0.563657	0.397488	0.2700	0.2575	0.3520	0.0890	0.2414	0.1814	0.3227
000215	K	0.004510	0.596583	0.407312	0.2820	0.2258	0.3860	0.0860	0.2491	0.1940	0.3135
000216	S	0.005073	0.638359	0.416980	0.2820	0.2164	0.4460	0.0870	0.2647	0.2105	0.3172
000217	F	0.005296	0.642524	0.418646	0.1998	0.2328	0.4620	0.0910	0.2571	0.2175	0.3193
000218	S	0.005549	0.671850	0.424121	0.1844	0.2193	0.4410	0.0990	0.2536	0.2260	0.3137
000219	G	0.004997	0.670288	0.430157	0.2963	0.2164	0.4620	0.1110	0.2751	0.2207	0.3093
000220	K	0.017864	0.690460	0.438290	0.3668	0.2988	0.4500	0.1110	0.3040	0.2139	0.3114
000221	K	0.035411	0.687274	0.443899	0.2913	0.3053	0.4690	0.1190	0.2981	0.2126	0.3202
000222	G	0.036092	0.703908	0.450808	0.2913	0.3149	0.4790	0.1360	0.3041	0.2175	0.3334
000223	H	0.036714	0.699435	0.461950	0.3359	0.3460	0.4880	0.1450	0.3177	0.2144	0.3454
000224	V	0.049595	0.684691	0.473426	0.4203	0.4186	0.4130	0.1320	0.3310	0.2029	0.3581
000225	S	0.053442	0.665218	0.480940	0.4282	0.3460	0.3660	0.1200	0.3098	0.1999	0.3702
000226	F	0.057211	0.671376	0.485487	0.4282	0.3807	0.3780	0.1360	0.3192	0.1997	0.3770
000227	K	0.058415	0.676076	0.488683	0.3311	0.3872	0.3500	0.1220	0.3004	0.2025	0.3724
000228	P	0.061220	0.672708	0.493866	0.4513	0.4220	0.3190	0.0980	0.3210	0.2034	0.3700
000229	S	0.048238	0.674340	0.497617	0.4420	0.4292	0.3110	0.0850	0.3174	0.2083	0.3650
000230	L	0.032319	0.667814	0.502015	0.3491	0.4409	0.2920	0.0920	0.2971	0.2133	0.3601
000231	D	0.033798	0.645616	0.498177	0.3491	0.4409	0.2710	0.0930	0.2901	0.2090	0.3494
000232	Q	0.034667	0.639810	0.503914	0.3630	0.3667	0.2560	0.0970	0.2766	0.2074	0.3342
000233	Q	0.048103	0.631703	0.502814	0.3668	0.2918	0.2290	0.0800	0.2613	0.2058	0.3216
000234	R	0.052040	0.605542	0.493592	0.3184	0.3019	0.2060	0.0820	0.2473	0.1987	0.3125
000235	S	0.053579	0.572884	0.484157	0.3263	0.3704	0.1860	0.0770	0.2515	0.1918	0.3022
000236	C	0.055268	0.549639	0.473018	0.3263	0.3840	0.1640	0.0750	0.2465	0.1879	0.2937
000237	P	0.056751	0.512139	0.458281	0.4149	0.3872	0.1410	0.0640	0.2521	0.1850	0.2924
000238	T	0.056938	0.450126	0.439203	0.4333	0.3983	0.1580	0.0790	0.2494	0.1721	0.2939
000239	C	0.058264	0.419598	0.422703	0.3005	0.2884	0.1870	0.1060	0.2089	0.1461	0.2935
000240	T	0.058202	0.409275	0.405948	0.2963	0.2951	0.1770	0.1040	0.2061	0.1414	0.3013
000241	D	0.057089	0.371784	0.386871	0.2865	0.2918	0.1740	0.0960	0.1968	0.1316	0.3091
000242	S	0.031766	0.337586	0.366266	0.2786	0.2918	0.1480	0.0870	0.1812	0.1316	0.3195
000243	L	0.032416	0.315439	0.344000	0.1998	0.2193	0.1420	0.0870	0.1515	0.1191	0.3336
000244	L	0.034213	0.292259	0.325103	0.1998	0.2258	0.1060	0.0520	0.1430	0.1146	0.3415
000245	N	0.042367	0.277161	0.304487	0.1349	0.2258	0.0870	0.0370	0.1279	0.1096	0.3416
000246	G	0.062186	0.267245	0.285952	0.1380	0.2470	0.0840	0.0330	0.1330	0.1015	0.3470
000247	D	0.084683	0.236694	0.267904	0.2209	0.3117	0.0840	0.0330	0.1563	0.0980	0.3528
000248	F	0.108044	0.212432	0.257524	0.2041	0.3117	0.0900	0.0370	0.1544	0.0889	0.3522
000249	T	0.129092	0.204707	0.242391	0.2122	0.3087	0.0920	0.0250	0.1579	0.0818	0.3510
000250	I	0.152099	0.200395	0.228259	0.3311	0.3910	0.0970	0.0300	0.1953	0.1075	0.3497
000251	T	0.176642	0.218897	0.214627	0.3311	0.3249	0.1100	0.0460	0.1936	0.0861	0.3417
000252	Y	0.193743	0.253461	0.202263	0.3263	0.3215	0.1490	0.0700	0.2073	0.0742	0.3354
000253	D	0.212498	0.293244	0.190832	0.2558	0.2470	0.1810	0.0670	0.1982	0.0505	0.3272
000254	V	0.215055	0.341577	0.173963	0.3225	0.2645	0.2080	0.0730	0.2252	0.0678	0.3190
000255	N	0.204537	0.370312	0.156603	0.2865	0.3529	0.2280	0.0720	0.2403	0.0818	0.3149
000256	R	0.191166	0.407197	0.139243	0.2080	0.3392	0.2700	0.0830	0.2359	0.0942	0.3162
000257	E	0.174866	0.427399	0.123219	0.2080	0.2575	0.3260	0.1010	0.2323	0.1027	0.3110
000258	S	0.153555	0.469616	0.110671	0.1998	0.1528	0.3590	0.1030	0.2225	0.1306	0.3077
000259	P	0.133812	0.476072	0.096836	0.2080	0.1881	0.3390	0.1130	0.2241	0.1307	0.3120
000260	G	0.108673	0.442340	0.084234	0.1416	0.1881	0.2980	0.0790	0.1964	0.1252	0.3174
000261	N	0.084621	0.393525	0.071874	0.1416	0.1702	0.2340	0.0630	0.1706	0.1093	0.3258
000262	V	0.060725	0.327210	0.061902	0.1456	0.0967	0.2060	0.0430	0.1393	0.0946	0.3444
000263	Q	0.047406	0.247351	0.046377	0.1240	0.1323	0.1720	0.0340	0.1206	0.0704	0.3673
000264	I	0.033512	0.182769	0.034278	0.0621	0.1476	0.1430	0.0280	0.0949	0.0597	0.3945
000265	V	0.022599	0.139587	0.028164	0.0771	0.2129	0.1090	0.0340	0.0935	0.0661	0.4177
000266	N	0.012491	0.108093	0.024083	0.0884	0.2002	0.0840	0.0270	0.0822	0.0617	0.4303
000267	G	0.010498	0.074493	0.020639	0.0935	0.1373	0.0660	0.0190	0.0637	0.0431	0.4097
000268	Y	0.006475	0.056544	0.020119	0.0832	0.1476	0.0570	0.0180	0.0584	0.0461	0.3837
000269	F	0.005374	0.046089	0.020618	0.0478	0.1070	0.0520	0.0180	0.0431	0.0319	0.3640
000270	V	0.003185	0.044934	0.021728	0.0490	0.0605	0.0470	0.0190	0.0342	0.0197	0.3599
000271	H	0.000842	0.051586	0.020943	0.0308	0.0734	0.0460	0.0190	0.0338	0.0235	0.3568
000272	F	0.000233	0.061826	0.020242	0.0179	0.0662	0.0500	0.0200	0.0327	0.0248	0.3568
000273	F	0.000190	0.079902	0.020402	0.0363	0.1028	0.0540	0.0220	0.0455	0.0349	0.3741
000274	A	0.000136	0.112284	0.023149	0.0316	0.0676	0.0560	0.0250	0.0447	0.0362	0.4043
000275	P	0.000130	0.146386	0.026010	0.0587	0.0948	0.0660	0.0270	0.0610	0.0472	0.4280
000276	Q	0.000169	0.176978	0.029593	0.0554	0.0749	0.0750	0.0260	0.0638	0.0553	0.3944
000277	G	0.000191	0.200841	0.033486	0.0425	0.0483	0.0800	0.0190	0.0619	0.0643	0.3695
000278	L	0.000275	0.214674	0.037156	0.0212	0.0300	0.0830	0.0170	0.0582	0.0720	0.3427
000279	P	0.000662	0.217680	0.042272	0.0218	0.0543	0.0740	0.0140	0.0614	0.0710	0.3106
000280	V	0.011247	0.207844	0.048599	0.0200	0.0631	0.0890	0.0200	0.0653	0.0660	0.2827
000281	V	0.022392	0.195010	0.054730	0.0376	0.0929	0.0700	0.0140	0.0697	0.0573	0.2593
000282	P	0.027372	0.174270	0.062371	0.0182	0.0909	0.0520	0.0110	0.0604	0.0530	0.2389
000283	K	0.032676	0.152446	0.071360	0.0395	0.1583	0.0520	0.0120	0.0725	0.0529	0.2166
000284	N	0.034839	0.131285	0.078930	0.0744	0.2193	0.0530	0.0110	0.0855	0.0629	0.2033
000285	V	0.038295	0.113673	0.084667	0.0991	0.2224	0.0530	0.0100	0.0878	0.0614	0.1971
000286	A	0.039462	0.099855	0.090668	0.0660	0.1942	0.0590	0.0170	0.0765	0.0523	0.1951
000287	F	0.050701	0.104904	0.096299	0.0490	0.1852	0.0690	0.0210	0.0765	0.0491	0.1955
000288	V	0.065610	0.121476	0.101696	0.0502	0.1791	0.0710	0.0250	0.0812	0.0464	0.1918
000289	I	0.064257	0.139316	0.106275	0.0858	0.1823	0.0790	0.0280	0.0917	0.0440	0.1914
000290	D	0.062342	0.170409	0.112107	0.0660	0.1702	0.0840	0.0350	0.0921	0.0488	0.1947
000291	I	0.121255	0.202557	0.118350	0.0567	0.2364	0.1090	0.0460	0.1209	0.0636	0.1968
000292	S	0.184021	0.234105	0.124312	0.0991	0.3053	0.1300	0.0560	0.1588	0.0746	0.2028
000293	G	0.242857	0.272359	0.130630	0.0884	0.2680	0.1610	0.0720	0.1721	0.0743	0.2098
000294	S	0.307065	0.325090	0.138095	0.0909	0.2884	0.2200	0.1090	0.2053	0.0908	0.2174
000295	M	0.396598	0.394052	0.146871	0.0832	0.2541	0.3090	0.1480	0.2395	0.1201	0.2241
000296	A	0.476024	0.467182	0.154448	0.1495	0.2436	0.3820	0.1570	0.2863	0.1389	0.2248
000297	G	0.522572	0.559195	0.159366	0.1532	0.2002	0.4350	0.1350	0.3117	0.1740	0.2238
000298	R	0.604928	0.615007	0.163159	0.1667	0.2988	0.5290	0.1180	0.3690	0.1957	0.2231
000299	K	0.689091	0.647165	0.169630	0.1602	0.2849	0.5650	0.1330	0.3910	0.2229	0.2251
000300	L	0.718396	0.640964	0.173816	0.2292	0.2884	0.5660	0.1820	0.4072	0.2149	0.2287
000301	E	0.742872	0.609528	0.177317	0.1456	0.2918	0.4770	0.1890	0.3778	0.2230	0.2348
000302	Q	0.774281	0.568316	0.180880	0.1532	0.3807	0.4020	0.1670	0.3798	0.2170	0.2410
000303	T	0.798630	0.516628	0.185124	0.1635	0.3566	0.3100	0.1150	0.3576	0.2196	0.2490
000304	K	0.799705	0.442088	0.190119	0.1635	0.3667	0.1990	0.0710	0.3285	0.2235	0.2594
000305	E	0.747098	0.369887	0.194336	0.1349	0.3840	0.1380	0.0420	0.2957	0.2153	0.2723
000306	A	0.749171	0.320634	0.198758	0.1698	0.4292	0.1230	0.0380	0.2986	0.2153	0.2830
000307	L	0.728859	0.279588	0.203218	0.2167	0.4652	0.1190	0.0450	0.3016	0.2081	0.2964
000308	L	0.687393	0.237591	0.206206	0.2255	0.3872	0.1350	0.0470	0.2787	0.1868	0.3089
000309	R	0.636667	0.234696	0.208880	0.2432	0.3149	0.1690	0.0490	0.2664	0.1601	0.3199
000310	I	0.577895	0.261905	0.211356	0.1732	0.3321	0.1920	0.0640	0.2562	0.1428	0.3353
000311	L	0.509475	0.278622	0.212572	0.1878	0.3149	0.1860	0.0820	0.2461	0.1178	0.3502
000312	E	0.430700	0.304254	0.213360	0.1805	0.2258	0.1450	0.0660	0.2144	0.1008	0.3666
000313	D	0.353480	0.334843	0.211782	0.1117	0.1528	0.1190	0.0440	0.1786	0.1039	0.3860
000314	M	0.328869	0.352538	0.209427	0.0677	0.0888	0.1030	0.0300	0.1568	0.1198	0.4047
000315	Q	0.280889	0.338932	0.209744	0.0464	0.0909	0.0990	0.0300	0.1427	0.1125	0.4214
000316	E	0.229823	0.310443	0.210926	0.0259	0.0835	0.0890	0.0260	0.1232	0.1051	0.4286
000317	E	0.208516	0.282877	0.211409	0.0327	0.1028	0.0820	0.0240	0.1182	0.0938	0.4120
000318	D	0.168364	0.235179	0.210104	0.0587	0.1092	0.0800	0.0250	0.1085	0.0744	0.3973
000319	Y	0.134879	0.189846	0.208256	0.1117	0.1583	0.0740	0.0240	0.1115	0.0572	0.3848
000320	L	0.112218	0.156387	0.208057	0.0771	0.1643	0.0640	0.0170	0.0956	0.0615	0.3743
000321	N	0.099699	0.131499	0.207621	0.1292	0.1476	0.0590	0.0130	0.0944	0.0570	0.3703
000322	F	0.085531	0.110226	0.204391	0.1998	0.2034	0.0520	0.0140	0.1085	0.0710	0.3636
000323	I	0.072036	0.095613	0.199065	0.1150	0.2064	0.0520	0.0170	0.0902	0.0681	0.3639
000324	L	0.056091	0.091995	0.192184	0.1018	0.2002	0.0600	0.0190	0.0851	0.0664	0.3678
000325	F	0.035872	0.103017	0.186875	0.1349	0.1583	0.0820	0.0300	0.0857	0.0588	0.3746
000326	S	0.005259	0.122315	0.179936	0.1266	0.1092	0.1190	0.0530	0.0804	0.0602	0.3828
000327	G	0.002985	0.134657	0.175210	0.0813	0.1070	0.1720	0.0750	0.0831	0.0660	0.3909
000328	D	0.003337	0.155061	0.172982	0.0526	0.0817	0.2070	0.0860	0.0833	0.0773	0.3989
000329	V	0.005616	0.184106	0.173913	0.0526	0.0817	0.2300	0.0710	0.0923	0.0849	0.4047
000330	S	0.008316	0.208370	0.174511	0.0771	0.1501	0.2310	0.0870	0.1125	0.0822	0.4101
000331	T	0.014209	0.233179	0.178730	0.1205	0.2258	0.1940	0.0690	0.1313	0.0810	0.4144
000332	W	0.081322	0.276170	0.180360	0.1416	0.2292	0.1710	0.0600	0.1499	0.0688	0.4161
000333	K	0.142936	0.295615	0.181804	0.2255	0.2470	0.1450	0.0540	0.1760	0.0631	0.4226
000334	E	0.220058	0.295087	0.181698	0.3096	0.3321	0.1460	0.0510	0.2172	0.0754	0.4215
000335	H	0.275353	0.303356	0.179967	0.3005	0.4186	0.1730	0.0590	0.2452	0.0883	0.4195
000336	L	0.318463	0.294243	0.177569	0.3885	0.4864	0.2330	0.0850	0.2868	0.1049	0.4178
000337	V	0.349706	0.294920	0.174435	0.3992	0.4864	0.2590	0.1160	0.2983	0.1042	0.4164
000338	Q	0.357387	0.330692	0.176507	0.3630	0.4940	0.3230	0.1420	0.3113	0.0973	0.4189
000339	A	0.428938	0.380905	0.178777	0.3491	0.3840	0.3710	0.1210	0.3191	0.0851	0.4207
000340	T	0.507276	0.454570	0.181633	0.4245	0.3807	0.3440	0.1050	0.3518	0.1079	0.4210
000341	P	0.524794	0.462048	0.183550	0.3491	0.3774	0.3340	0.1000	0.3413	0.1115	0.4197
000342	E	0.552670	0.461925	0.189649	0.2963	0.3704	0.3570	0.1060	0.3397	0.1197	0.4228
000343	N	0.564484	0.485415	0.200025	0.3939	0.4292	0.3190	0.1050	0.3654	0.1214	0.4261
000344	L	0.599614	0.475344	0.212813	0.4116	0.4476	0.2700	0.0850	0.3673	0.1338	0.4234
000345	Q	0.646785	0.439334	0.225420	0.3668	0.4441	0.2170	0.0570	0.3523	0.1514	0.4264
000346	E	0.705182	0.438575	0.239553	0.3806	0.4369	0.1930	0.0630	0.3591	0.1705	0.4285
000347	A	0.784121	0.432328	0.251112	0.4458	0.5176	0.1900	0.0660	0.3950	0.1971	0.4304
000348	R	0.795069	0.401904	0.261220	0.5043	0.5456	0.1870	0.0640	0.4057	0.2039	0.4320
000349	T	0.778087	0.377401	0.274051	0.5008	0.5419	0.2190	0.0690	0.4028	0.1919	0.4281
000350	F	0.773299	0.397665	0.291976	0.5043	0.5951	0.2280	0.0590	0.4164	0.1908	0.4253
000351	V	0.768465	0.429374	0.309982	0.5126	0.4864	0.2180	0.0590	0.4025	0.1809	0.4281
000352	K	0.759833	0.476457	0.325603	0.4825	0.4652	0.2220	0.0580	0.4010	0.1746	0.4309
000353	S	0.701796	0.510587	0.347010	0.4078	0.4619	0.2150	0.0510	0.3828	0.1605	0.4316
000354	M	0.657824	0.529004	0.364790	0.4116	0.4476	0.2140	0.0660	0.3767	0.1500	0.4326
000355	E	0.602338	0.524076	0.380597	0.4967	0.4476	0.2060	0.0820	0.3794	0.1410	0.4308
000356	D	0.538382	0.513367	0.396430	0.4879	0.3566	0.2170	0.0960	0.3523	0.1286	0.4306
000357	K	0.516286	0.527655	0.414853	0.4149	0.3356	0.2140	0.0950	0.3347	0.1277	0.4324
000358	G	0.519668	0.523897	0.428810	0.3806	0.3667	0.2070	0.0870	0.3330	0.1290	0.4328
000359	M	0.507031	0.525617	0.440615	0.3847	0.2849	0.1930	0.0690	0.3159	0.1395	0.4305
000360	T	0.482098	0.514988	0.449714	0.3885	0.2783	0.1860	0.0550	0.3082	0.1387	0.4298
000361	N	0.453364	0.485703	0.455303	0.3885	0.3392	0.1990	0.0540	0.3110	0.1230	0.4290
000362	I	0.431481	0.461842	0.459381	0.4458	0.3286	0.2180	0.0680	0.3144	0.1177	0.4256
000363	N	0.408461	0.462927	0.463853	0.4282	0.3426	0.2110	0.0650	0.3088	0.1174	0.4232
000364	D	0.418439	0.444385	0.469448	0.3578	0.3392	0.2140	0.0640	0.2956	0.1154	0.4219
000365	G	0.471049	0.419137	0.473553	0.3762	0.3460	0.2100	0.0600	0.3037	0.1197	0.4209
000366	L	0.479897	0.410740	0.478606	0.3717	0.3286	0.2090	0.0600	0.3000	0.1230	0.4187
000367	L	0.472056	0.414135	0.483582	0.3399	0.3356	0.2070	0.0580	0.2949	0.1242	0.4153
000368	R	0.462470	0.426518	0.493613	0.3399	0.3566	0.2110	0.0590	0.2994	0.1246	0.4132
000369	G	0.473341	0.436987	0.499833	0.3456	0.3599	0.2160	0.0660	0.3054	0.1264	0.4113
000370	I	0.507766	0.432848	0.508298	0.3806	0.3910	0.2340	0.0690	0.3243	0.1259	0.4130
000371	S	0.583052	0.452698	0.518311	0.3806	0.3053	0.2370	0.0750	0.3264	0.1473	0.4154
000372	M	0.646647	0.493732	0.531801	0.3717	0.3215	0.2680	0.0870	0.3503	0.1578	0.4195
000373	L	0.691262	0.526974	0.539229	0.3630	0.4256	0.2800	0.0860	0.3812	0.1607	0.4258
000374	N	0.705118	0.554466	0.540112	0.3885	0.4087	0.2750	0.0830	0.3886	0.1653	0.4316
000375	K	0.724348	0.579449	0.542512	0.3992	0.3983	0.2780	0.0770	0.3966	0.1713	0.4340
000376	A	0.751859	0.598474	0.548348	0.3885	0.4087	0.3100	0.0730	0.4096	0.1744	0.4357
000377	R	0.784939	0.604765	0.548516	0.4556	0.4864	0.3510	0.1000	0.4472	0.1633	0.4367
000378	E	0.804191	0.613475	0.553874	0.5253	0.4864	0.3770	0.1170	0.4678	0.1600	0.4366
000379	E	0.806051	0.639085	0.562664	0.5331	0.4292	0.4230	0.1230	0.4718	0.1612	0.4359
000380	H	0.809907	0.644697	0.569784	0.4651	0.3494	0.4630	0.1270	0.4553	0.1761	0.4356
000381	R	0.810343	0.628526	0.568181	0.4918	0.3983	0.4910	0.1450	0.4701	0.1616	0.4347
000382	I	0.797045	0.626512	0.566167	0.4245	0.3286	0.4690	0.1180	0.4410	0.1782	0.4342
000383	P	0.773252	0.622808	0.564498	0.4282	0.3704	0.3680	0.1170	0.4270	0.1750	0.4337
000384	E	0.765099	0.607279	0.558272	0.4379	0.4582	0.3520	0.1150	0.4368	0.1629	0.4326
000385	R	0.740267	0.588139	0.550534	0.4458	0.4476	0.3550	0.1160	0.4295	0.1541	0.4313
000386	S	0.684702	0.559783	0.548091	0.4556	0.4652	0.3130	0.1050	0.4131	0.1461	0.4283
000387	T	0.641388	0.519006	0.539272	0.4879	0.4652	0.2900	0.1010	0.4006	0.1385	0.4258
000388	S	0.638241	0.472595	0.526433	0.4967	0.4831	0.2610	0.0880	0.3920	0.1423	0.4234
000389	I	0.639229	0.438828	0.516670	0.4651	0.4017	0.2460	0.0800	0.3651	0.1467	0.4220
000390	V	0.624214	0.365282	0.506043	0.4513	0.3840	0.2300	0.0740	0.3426	0.1487	0.4211
000391	I	0.609431	0.367417	0.494672	0.3885	0.4017	0.2400	0.0800	0.3345	0.1406	0.4210
000392	M	0.631121	0.341587	0.483148	0.3992	0.4051	0.2480	0.0900	0.3375	0.1436	0.4196
000393	L	0.637354	0.327011	0.471831	0.4749	0.4801	0.2490	0.0940	0.3613	0.1468	0.4207
000394	T	0.658827	0.347878	0.463521	0.4458	0.4801	0.2600	0.0910	0.3655	0.1452	0.4226
000395	D	0.709376	0.366355	0.456504	0.4333	0.4801	0.2950	0.1080	0.3808	0.1494	0.4251
000396	G	0.755283	0.406948	0.451803	0.4703	0.4801	0.3120	0.1080	0.4041	0.1551	0.4291
000397	D	0.764106	0.458837	0.451655	0.4749	0.3948	0.3170	0.0990	0.4016	0.1580	0.4337
000398	A	0.767554	0.501896	0.449877	0.4651	0.3983	0.3430	0.0800	0.4127	0.1544	0.4292
000399	N	0.787433	0.540332	0.445616	0.3762	0.4186	0.4030	0.0870	0.4209	0.1589	0.4238
000400	V	0.819708	0.567622	0.438032	0.4651	0.5139	0.4580	0.0890	0.4708	0.1496	0.4185
000401	G	0.822678	0.587021	0.426995	0.5229	0.5098	0.4680	0.1040	0.4850	0.1473	0.4131
000402	E	0.825266	0.591678	0.414782	0.5802	0.5992	0.5340	0.1170	0.5217	0.1403	0.4100
000403	S	0.830512	0.620288	0.400879	0.5229	0.6620	0.5740	0.1020	0.5350	0.1474	0.4080
000404	R	0.838264	0.604236	0.388582	0.5762	0.7209	0.6640	0.1200	0.5673	0.1526	0.4064
000405	P	0.840774	0.636128	0.375667	0.5711	0.6043	0.6210	0.1600	0.5456	0.1495	0.4068
000406	E	0.837864	0.653359	0.361063	0.5296	0.5854	0.6220	0.1700	0.5381	0.1549	0.4084
000407	K	0.836601	0.613760	0.344345	0.4420	0.5854	0.6130	0.1590	0.5151	0.1644	0.4097
000408	I	0.835786	0.599777	0.330072	0.4282	0.5620	0.5270	0.1350	0.4921	0.1664	0.4103
000409	Q	0.810472	0.573451	0.313152	0.4458	0.4801	0.4090	0.1090	0.4531	0.1656	0.4088
000410	E	0.780069	0.536432	0.294864	0.4420	0.5017	0.3590	0.1260	0.4366	0.1624	0.4090
000411	N	0.705692	0.468857	0.273762	0.4149	0.4864	0.3180	0.1170	0.3990	0.1466	0.4100
000412	V	0.625504	0.410619	0.254538	0.4379	0.4087	0.2920	0.0890	0.3624	0.1265	0.4142
000413	R	0.532149	0.341744	0.233374	0.3535	0.4017	0.2320	0.0890	0.3101	0.1100	0.4183
000414	N	0.437861	0.295909	0.218039	0.2748	0.3321	0.1990	0.0940	0.2567	0.0868	0.4227
000415	A	0.348273	0.266711	0.201439	0.2786	0.3356	0.1800	0.0820	0.2349	0.0708	0.4301
000416	I	0.256369	0.245575	0.189211	0.1766	0.2129	0.1480	0.0640	0.1732	0.0494	0.4322
000417	G	0.165034	0.226357	0.173915	0.1667	0.1942	0.1250	0.0480	0.1462	0.0423	0.4278
000418	G	0.096846	0.219140	0.164557	0.1018	0.2129	0.1100	0.0360	0.1235	0.0580	0.4231
000419	K	0.033638	0.211758	0.155142	0.1532	0.3053	0.0890	0.0250	0.1321	0.0903	0.4180
000420	F	0.015386	0.189352	0.146465	0.1380	0.2224	0.0830	0.0220	0.1080	0.0722	0.4113
000421	P	0.002943	0.177052	0.140790	0.1292	0.2164	0.0700	0.0160	0.0992	0.0737	0.4098
000422	L	0.002815	0.178932	0.138567	0.0789	0.1424	0.0650	0.0150	0.0780	0.0630	0.4109
000423	Y	0.002158	0.184479	0.136705	0.1205	0.2034	0.0630	0.0210	0.0957	0.0725	0.4135
000424	N	0.001127	0.187526	0.133796	0.0771	0.1298	0.0670	0.0210	0.0771	0.0633	0.4198
000425	L	0.000193	0.200097	0.130747	0.0771	0.0817	0.0950	0.0430	0.0757	0.0641	0.4216
000426	G	0.000125	0.212414	0.126939	0.0526	0.1092	0.0970	0.0310	0.0786	0.0688	0.4251
000427	F	0.000094	0.214159	0.123063	0.0514	0.1759	0.1060	0.0300	0.0912	0.0746	0.4254
000428	G	0.000638	0.220456	0.113438	0.0567	0.1476	0.0920	0.0210	0.0862	0.0716	0.4295
000429	N	0.001616	0.237075	0.105521	0.0587	0.1323	0.0950	0.0250	0.0874	0.0741	0.4311
000430	N	0.007924	0.240034	0.095767	0.0441	0.0929	0.1030	0.0200	0.0814	0.0739	0.4308
000431	L	0.015326	0.236039	0.091100	0.0554	0.1759	0.1040	0.0170	0.0977	0.0752	0.4270
000432	N	0.017181	0.233655	0.085802	0.0274	0.1583	0.0860	0.0200	0.0871	0.0764	0.4201
000433	Y	0.018794	0.230857	0.080520	0.0490	0.2258	0.0920	0.0220	0.1028	0.0838	0.4103
000434	N	0.035150	0.231651	0.074654	0.0813	0.3019	0.1170	0.0380	0.1278	0.0956	0.4010
000435	F	0.049104	0.247986	0.068533	0.0723	0.2002	0.1580	0.0610	0.1213	0.0753	0.3874
000436	L	0.060938	0.263969	0.064205	0.1088	0.2436	0.1580	0.0620	0.1392	0.0811	0.3821
000437	E	0.065662	0.289975	0.058830	0.0607	0.2399	0.1490	0.0630	0.1342	0.0926	0.3822
000438	N	0.077835	0.297726	0.051165	0.0884	0.3286	0.1660	0.0580	0.1597	0.1089	0.3870
000439	M	0.079767	0.302588	0.046072	0.0832	0.2541	0.1930	0.0740	0.1521	0.0966	0.3890
000440	A	0.100964	0.304478	0.041721	0.0771	0.1731	0.2080	0.0730	0.1440	0.0890	0.3963
000441	L	0.121140	0.306234	0.040308	0.0425	0.1791	0.1980	0.0760	0.1411	0.0933	0.4037
000442	E	0.170030	0.307721	0.043424	0.0455	0.2541	0.2050	0.0870	0.1637	0.0992	0.4183
000443	N	0.202769	0.305086	0.049015	0.0502	0.2436	0.1910	0.0880	0.1654	0.0953	0.4328
000444	H	0.206777	0.281605	0.053779	0.0935	0.3286	0.1600	0.0720	0.1785	0.0975	0.4205
000445	G	0.213680	0.264937	0.055340	0.0935	0.2884	0.1500	0.0670	0.1684	0.0861	0.4086
000446	F	0.222969	0.258122	0.063649	0.1698	0.3948	0.1580	0.0620	0.2007	0.1025	0.3963
000447	A	0.224914	0.272747	0.075766	0.2167	0.3872	0.1540	0.0600	0.2092	0.0974	0.3863
000448	R	0.236810	0.293476	0.083399	0.2255	0.3807	0.1560	0.0610	0.2155	0.0956	0.3839
000449	R	0.217603	0.328613	0.089239	0.1566	0.2951	0.1780	0.0580	0.1959	0.0828	0.3869
000450	I	0.199120	0.356571	0.097372	0.2167	0.3426	0.1890	0.0560	0.2174	0.0918	0.3933
000451	Y	0.153624	0.367661	0.106987	0.1805	0.3631	0.1800	0.0480	0.2075	0.1036	0.4019
000452	E	0.111183	0.396190	0.117562	0.2786	0.3321	0.1650	0.0370	0.2138	0.1108	0.4035
000453	D	0.116179	0.417410	0.126036	0.2602	0.2399	0.1760	0.0380	0.2016	0.1042	0.4069
000454	S	0.120363	0.422247	0.137664	0.1732	0.2470	0.1730	0.0350	0.1893	0.1045	0.4110
000455	D	0.125580	0.413633	0.151536	0.1292	0.2609	0.1680	0.0470	0.1829	0.1054	0.4166
000456	A	0.125905	0.400056	0.168793	0.1532	0.2002	0.1520	0.0590	0.1718	0.0964	0.4227
000457	D	0.120629	0.386411	0.184440	0.2602	0.2645	0.1360	0.0570	0.1946	0.0958	0.4294
000458	L	0.183325	0.331191	0.198025	0.2333	0.3019	0.1510	0.0630	0.2001	0.0723	0.4328
000459	Q	0.231519	0.304385	0.208321	0.2122	0.3356	0.1380	0.0640	0.2036	0.0739	0.4323
000460	L	0.286148	0.292371	0.216534	0.2255	0.2680	0.1290	0.0650	0.2002	0.0664	0.4327
000461	Q	0.326239	0.266401	0.220668	0.3578	0.2680	0.1150	0.0560	0.2222	0.0864	0.4324
000462	G	0.368491	0.226818	0.223912	0.3578	0.3494	0.1150	0.0570	0.2362	0.1001	0.4313
000463	F	0.411318	0.215403	0.229139	0.2602	0.3286	0.1180	0.0560	0.2222	0.0996	0.4314
000464	Y	0.463512	0.214703	0.233644	0.2385	0.2609	0.1050	0.0390	0.2138	0.1136	0.4280
000465	E	0.465771	0.216581	0.238731	0.2385	0.2783	0.1020	0.0380	0.2169	0.1153	0.4292
000466	E	0.473968	0.218262	0.243703	0.1635	0.2258	0.1220	0.0420	0.2006	0.1191	0.4323
000467	V	0.427078	0.225491	0.248734	0.2209	0.2715	0.1380	0.0440	0.2138	0.0966	0.4298
000468	A	0.399419	0.223742	0.253138	0.1602	0.1881	0.1450	0.0430	0.1862	0.0946	0.4267
000469	N	0.362527	0.220362	0.259170	0.2558	0.2884	0.1500	0.0450	0.2128	0.0776	0.4288
000470	P	0.356298	0.222540	0.264998	0.1667	0.2951	0.1410	0.0520	0.1969	0.0861	0.4312
000471	L	0.376330	0.227215	0.266592	0.2748	0.3807	0.1410	0.0540	0.2333	0.0945	0.4245
000472	L	0.394127	0.231083	0.262819	0.2865	0.3426	0.1290	0.0520	0.2305	0.0947	0.4209
000473	T	0.398166	0.264238	0.258436	0.2913	0.2680	0.1280	0.0490	0.2250	0.0897	0.4203
000474	G	0.459805	0.298327	0.255549	0.3456	0.2951	0.1330	0.0480	0.2553	0.1067	0.4199
000475	V	0.516843	0.311394	0.256297	0.3263	0.3840	0.1250	0.0330	0.2773	0.1264	0.4134
000476	E	0.571739	0.317316	0.255726	0.2255	0.2884	0.0990	0.0200	0.2503	0.1487	0.4016
000477	M	0.620392	0.328087	0.251593	0.2255	0.2783	0.0930	0.0160	0.2576	0.1659	0.3900
000478	E	0.628069	0.331201	0.246429	0.2041	0.3494	0.0800	0.0200	0.2654	0.1739	0.3768
000479	Y	0.628160	0.313202	0.245939	0.2333	0.3910	0.0770	0.0270	0.2738	0.1742	0.3684
000480	P	0.573904	0.305606	0.244805	0.2432	0.3840	0.0810	0.0360	0.2646	0.1561	0.3671
000481	E	0.500984	0.300887	0.242338	0.2041	0.2817	0.0830	0.0400	0.2285	0.1318	0.3708
000482	N	0.426370	0.279862	0.236026	0.2820	0.3631	0.0790	0.0350	0.2384	0.1153	0.3731
000483	A	0.347608	0.261043	0.229527	0.2820	0.4409	0.0660	0.0260	0.2329	0.1208	0.3730
000484	I	0.268116	0.244343	0.220883	0.2963	0.3356	0.0610	0.0230	0.2008	0.0947	0.3727
000485	L	0.188313	0.251453	0.210674	0.2913	0.2609	0.0580	0.0180	0.1750	0.0836	0.3717
000486	D	0.125928	0.240200	0.198495	0.2657	0.3321	0.0630	0.0160	0.1712	0.0949	0.3747
000487	L	0.099113	0.234378	0.181584	0.1667	0.3117	0.0750	0.0150	0.1478	0.0852	0.3796
000488	T	0.059389	0.236330	0.165266	0.2255	0.3494	0.0710	0.0140	0.1570	0.1041	0.3869
000489	Q	0.028992	0.232625	0.150923	0.1958	0.3494	0.0730	0.0160	0.1466	0.1082	0.3923
000490	N	0.018919	0.228751	0.141114	0.2786	0.3426	0.0830	0.0230	0.1586	0.1145	0.3933
000491	T	0.018835	0.245637	0.134055	0.2602	0.2541	0.1030	0.0410	0.1469	0.0936	0.3890
000492	Y	0.023589	0.244752	0.130005	0.1667	0.1791	0.1050	0.0420	0.1198	0.0718	0.3806
000493	Q	0.027401	0.242275	0.123688	0.1266	0.1449	0.0880	0.0320	0.1049	0.0678	0.3755
000494	H	0.032456	0.242422	0.118344	0.1150	0.1643	0.0900	0.0400	0.1074	0.0678	0.3694
000495	F	0.026230	0.228740	0.111734	0.1635	0.2292	0.0850	0.0370	0.1221	0.0766	0.3648
000496	Y	0.031749	0.216880	0.103860	0.2333	0.2258	0.0840	0.0390	0.1320	0.0810	0.3682
000497	D	0.035596	0.229913	0.097836	0.2041	0.1611	0.0910	0.0370	0.1202	0.0698	0.3713
000498	G	0.040002	0.234303	0.096406	0.2122	0.2364	0.1030	0.0420	0.1376	0.0787	0.3738
000499	S	0.066502	0.222979	0.095324	0.1635	0.2503	0.0970	0.0400	0.1333	0.0706	0.3738
000500	E	0.096617	0.204965	0.096037	0.1602	0.2470	0.0840	0.0280	0.1322	0.0634	0.3734
000501	I	0.106904	0.185541	0.096891	0.1732	0.1942	0.0890	0.0250	0.1247	0.0470	0.3753
000502	V	0.147641	0.170859	0.107259	0.1805	0.2002	0.0880	0.0270	0.1313	0.0436	0.3785
000503	V	0.214454	0.161761	0.121143	0.2167	0.2715	0.0860	0.0280	0.1584	0.0658	0.3857
000504	A	0.282484	0.174473	0.134934	0.2122	0.1643	0.0870	0.0280	0.1533	0.0652	0.3925
000505	G	0.339215	0.200848	0.149618	0.2209	0.1554	0.0960	0.0290	0.1687	0.0803	0.3981
000506	R	0.403210	0.207756	0.159331	0.2255	0.2164	0.1120	0.0370	0.1942	0.0942	0.4039
000507	L	0.438997	0.234555	0.173286	0.2820	0.3019	0.1280	0.0490	0.2309	0.1040	0.4040
000508	V	0.450928	0.276966	0.185633	0.2432	0.2292	0.1290	0.0430	0.2216	0.1049	0.4071
000509	D	0.466693	0.330755	0.198928	0.2483	0.2224	0.1450	0.0420	0.2356	0.1098	0.4103
000510	E	0.504021	0.353772	0.215859	0.1921	0.2224	0.1510	0.0450	0.2372	0.1258	0.4168
000511	D	0.511530	0.397092	0.233086	0.1602	0.2064	0.1640	0.0420	0.2398	0.1366	0.4260
000512	M	0.489321	0.429700	0.253053	0.2292	0.2849	0.1800	0.0480	0.2689	0.1186	0.4325
000513	N	0.466435	0.461762	0.274468	0.2865	0.3182	0.1890	0.0610	0.2870	0.1107	0.4230
000514	S	0.449850	0.483834	0.293002	0.3456	0.3840	0.2260	0.0740	0.3149	0.1007	0.4153
000515	F	0.437849	0.488619	0.308025	0.3491	0.4256	0.2500	0.0860	0.3253	0.0965	0.4075
000516	K	0.410623	0.492747	0.319106	0.3456	0.4409	0.2260	0.0910	0.3193	0.1021	0.3945
000517	A	0.372265	0.512557	0.328866	0.3491	0.3774	0.2140	0.0770	0.3042	0.1035	0.3844
000518	D	0.329583	0.537260	0.336536	0.4379	0.4619	0.2550	0.0940	0.3369	0.1101	0.3729
000519	V	0.310540	0.547049	0.342156	0.4333	0.4220	0.2900	0.1060	0.3337	0.1047	0.3616
000520	K	0.286657	0.535895	0.350817	0.4245	0.4186	0.2890	0.0900	0.3258	0.1049	0.3517
000521	G	0.262808	0.518042	0.360498	0.3184	0.4186	0.3020	0.0890	0.3032	0.1038	0.3457
000522	H	0.273754	0.499796	0.367034	0.3053	0.4292	0.2780	0.0990	0.2977	0.1033	0.3431
000523	G	0.284700	0.470419	0.371304	0.3578	0.4149	0.2590	0.0850	0.2978	0.0950	0.3428
000524	A	0.295953	0.467503	0.374335	0.3717	0.4149	0.2370	0.0780	0.2978	0.0979	0.3460
000525	T	0.348862	0.461432	0.377402	0.3096	0.3774	0.2290	0.0740	0.2878	0.0947	0.3479
000526	N	0.421527	0.450637	0.381622	0.4037	0.4725	0.2220	0.0710	0.3284	0.1034	0.3519
000527	D	0.490349	0.440731	0.385383	0.3717	0.5055	0.2340	0.0680	0.3404	0.1111	0.3591
000528	L	0.527964	0.428737	0.389214	0.3847	0.4940	0.2340	0.0700	0.3450	0.1143	0.3642
000529	T	0.571503	0.422856	0.390903	0.3939	0.5055	0.2340	0.0820	0.3546	0.1238	0.3699
000530	F	0.616976	0.433483	0.393522	0.4078	0.5665	0.2350	0.0820	0.3766	0.1405	0.3779
000531	T	0.631244	0.461247	0.393416	0.4420	0.5493	0.2230	0.0710	0.3844	0.1435	0.3803
000532	E	0.659710	0.493751	0.392475	0.4203	0.4766	0.2860	0.0900	0.3893	0.1312	0.3826
000533	E	0.685782	0.536861	0.386770	0.3847	0.4864	0.3130	0.0940	0.4011	0.1385	0.3869
000534	V	0.648448	0.553712	0.379660	0.2913	0.5139	0.3160	0.0980	0.3872	0.1451	0.3904
000535	D	0.604774	0.570125	0.371331	0.3225	0.5382	0.3170	0.0990	0.3920	0.1350	0.3934
000536	M	0.544097	0.606294	0.361601	0.3456	0.5456	0.3540	0.1010	0.3993	0.1235	0.3949
000537	K	0.504130	0.638794	0.354509	0.3263	0.4507	0.4330	0.1320	0.3922	0.1185	0.3919
000538	E	0.463211	0.640544	0.340467	0.3263	0.3631	0.4630	0.1430	0.3760	0.1218	0.3956
000539	M	0.395650	0.613913	0.325535	0.3096	0.3356	0.4920	0.1770	0.3577	0.1217	0.4021
000540	E	0.324233	0.599645	0.310715	0.2292	0.3286	0.4690	0.1710	0.3250	0.1325	0.4081
000541	K	0.239312	0.542912	0.293463	0.2292	0.4441	0.4170	0.1540	0.3121	0.1253	0.4126
000542	A	0.158463	0.493537	0.278979	0.2385	0.3631	0.4150	0.1640	0.2782	0.1213	0.4225
000543	L	0.139771	0.435060	0.262252	0.2209	0.2715	0.3780	0.1500	0.2409	0.1069	0.4304
000544	Q	0.113468	0.367016	0.246644	0.1416	0.2715	0.3090	0.1270	0.2005	0.0982	0.4333
000545	E	0.102402	0.298999	0.234178	0.1266	0.3215	0.2370	0.1220	0.1811	0.0901	0.4309
000546	R	0.071043	0.246857	0.223930	0.1292	0.2436	0.1970	0.0980	0.1479	0.0746	0.4289
000547	D	0.039702	0.196622	0.215780	0.1495	0.1823	0.1610	0.0820	0.1215	0.0674	0.4223
000548	Y	0.035791	0.152296	0.209518	0.1060	0.1702	0.1210	0.0600	0.0975	0.0649	0.4134
000549	I	0.032792	0.129447	0.207909	0.0514	0.1007	0.0980	0.0490	0.0687	0.0665	0.4091
000550	F	0.029171	0.122391	0.207004	0.0587	0.0851	0.0860	0.0400	0.0635	0.0661	0.4063
000551	G	0.016109	0.104249	0.201435	0.0327	0.0765	0.0780	0.0350	0.0513	0.0687	0.4056
000552	N	0.005726	0.093752	0.194089	0.0226	0.0518	0.0690	0.0320	0.0405	0.0694	0.4041
000553	Y	0.002374	0.087910	0.189157	0.0279	0.0690	0.0670	0.0310	0.0424	0.0668	0.4028
000554	I	0.000844	0.087065	0.186856	0.0274	0.1115	0.0580	0.0280	0.0474	0.0681	0.4029
000555	E	0.000846	0.084039	0.186161	0.0274	0.0690	0.0500	0.0240	0.0385	0.0664	0.4024
000556	R	0.001689	0.077328	0.189806	0.0252	0.0398	0.0440	0.0160	0.0313	0.0688	0.4002
000557	L	0.004651	0.077189	0.191721	0.0141	0.0473	0.0450	0.0160	0.0314	0.0698	0.3924
000558	W	0.007243	0.069039	0.193081	0.0075	0.0398	0.0640	0.0290	0.0313	0.0706	0.3898
000559	A	0.009827	0.073863	0.191869	0.0131	0.0605	0.0880	0.0310	0.0409	0.0686	0.3920
000560	Y	0.026629	0.076466	0.188665	0.0245	0.0888	0.1540	0.0570	0.0618	0.0686	0.3962
000561	L	0.053893	0.097996	0.183444	0.0387	0.1643	0.2580	0.0980	0.1022	0.0828	0.4052
000562	T	0.081215	0.102898	0.177800	0.0350	0.1449	0.4230	0.1610	0.1312	0.1291	0.4172
000563	I	0.090232	0.118026	0.171308	0.0350	0.1323	0.5650	0.2010	0.1568	0.1771	0.4294
000564	E	0.093035	0.152216	0.168133	0.0464	0.1942	0.4480	0.1970	0.1557	0.1310	0.4258
000565	Q	0.108145	0.207020	0.166499	0.0723	0.2884	0.4960	0.1800	0.1954	0.1431	0.4133
000566	L	0.120941	0.288880	0.167964	0.0677	0.2849	0.6390	0.2210	0.2336	0.1893	0.4029
000567	L	0.190615	0.382910	0.167127	0.0789	0.2817	0.7030	0.1610	0.2728	0.2051	0.3849
000568	E	0.263921	0.482203	0.164519	0.1292	0.3704	0.6800	0.1320	0.3209	0.1922	0.3567
000569	K	0.323112	0.584082	0.169421	0.2122	0.4864	0.6490	0.1830	0.3758	0.1837	0.3333
000570	R	0.389912	0.647200	0.177639	0.2432	0.4409	0.6490	0.1890	0.3950	0.1828	0.3173
000571	K	0.460088	0.706872	0.187108	0.3263	0.5254	0.6550	0.1730	0.4456	0.1824	0.3132
000572	N	0.547488	0.752397	0.198380	0.3146	0.5758	0.7070	0.1560	0.4828	0.2020	0.3160
000573	A	0.642968	0.792921	0.209068	0.3096	0.5577	0.7370	0.1400	0.5066	0.2173	0.3259
000574	H	0.725418	0.797768	0.218334	0.3717	0.6269	0.7090	0.1550	0.5384	0.2118	0.3301
000575	G	0.812794	0.804523	0.226892	0.3630	0.5139	0.7010	0.1800	0.5325	0.2249	0.3341
000576	E	0.832883	0.820117	0.235242	0.3311	0.5139	0.6690	0.1930	0.5279	0.2320	0.3439
000577	E	0.834295	0.819087	0.248430	0.3578	0.5098	0.6560	0.1870	0.5295	0.2242	0.3535
000578	K	0.813910	0.794243	0.262712	0.4513	0.5901	0.5790	0.1970	0.5381	0.1955	0.3692
000579	E	0.767773	0.725943	0.276993	0.3847	0.4801	0.5130	0.1610	0.4786	0.1805	0.3900
000580	N	0.692368	0.634232	0.286140	0.3992	0.4831	0.4780	0.1460	0.4478	0.1445	0.4117
000581	L	0.620976	0.542236	0.296323	0.3535	0.4087	0.3940	0.1460	0.3865	0.1218	0.4278
000582	T	0.545950	0.459949	0.306058	0.3535	0.4256	0.2950	0.1330	0.3466	0.1026	0.4305
000583	A	0.466742	0.387395	0.314579	0.2913	0.3149	0.2480	0.1040	0.2847	0.0884	0.4240
000584	R	0.364412	0.344416	0.324244	0.3399	0.2849	0.1830	0.0630	0.2528	0.0811	0.4197
000585	A	0.275633	0.309447	0.328842	0.2786	0.2918	0.1550	0.0450	0.2184	0.0783	0.4153
000586	L	0.198453	0.275784	0.335605	0.2333	0.3182	0.1320	0.0380	0.1930	0.0896	0.4168
000587	D	0.142987	0.258491	0.341942	0.2292	0.2292	0.1340	0.0310	0.1657	0.0906	0.4232
000588	L	0.095340	0.259644	0.348425	0.2531	0.2129	0.1440	0.0260	0.1608	0.1006	0.4319
000589	S	0.073489	0.277481	0.360479	0.1958	0.2258	0.1510	0.0240	0.1539	0.1090	0.4438
000590	L	0.048650	0.265879	0.373257	0.1878	0.1731	0.1570	0.0280	0.1388	0.1177	0.4566
000591	K	0.025264	0.301095	0.388164	0.1878	0.1229	0.1610	0.0320	0.1330	0.1347	0.4687
000592	Y	0.006113	0.317063	0.408980	0.2531	0.1349	0.1800	0.0450	0.1485	0.1464	0.4826
000593	H	0.005694	0.317461	0.427067	0.2041	0.1349	0.2250	0.0800	0.1478	0.1507	0.4964
000594	F	0.002536	0.361948	0.448935	0.1844	0.1476	0.3000	0.1540	0.1661	0.1652	0.5081
000595	V	0.003113	0.362582	0.467886	0.1878	0.1759	0.3190	0.1690	0.1748	0.1692	0.5153
000596	T	0.008487	0.386979	0.486215	0.1998	0.2164	0.3160	0.1650	0.1880	0.1723	0.5181
000597	P	0.022005	0.421061	0.501919	0.2865	0.2951	0.2780	0.1240	0.2172	0.1710	0.5205
000598	L	0.073769	0.439469	0.522784	0.3005	0.2951	0.2750	0.1280	0.2306	0.1656	0.5255
000599	T	0.164318	0.453630	0.544016	0.3717	0.3840	0.2460	0.1350	0.2699	0.1549	0.5243
000600	S	0.257568	0.475372	0.561179	0.3717	0.3948	0.2730	0.1450	0.2954	0.1418	0.5235
000601	M	0.351517	0.495966	0.577783	0.4556	0.4864	0.3140	0.1540	0.3505	0.1314	0.5243
000602	V	0.446151	0.519342	0.592505	0.4749	0.4940	0.3560	0.1780	0.3818	0.1221	0.5208
000603	V	0.543877	0.549158	0.601712	0.5583	0.5577	0.4070	0.1900	0.4359	0.1173	0.5099
000604	T	0.637467	0.581237	0.610589	0.5473	0.4766	0.4370	0.1830	0.4466	0.1242	0.4962
000605	K	0.730925	0.616660	0.621621	0.5900	0.5577	0.4760	0.1680	0.4952	0.1288	0.4842
000606	P	0.816664	0.634723	0.633913	0.5802	0.6531	0.4810	0.1620	0.5276	0.1455	0.4798
000607	E	0.866259	0.652305	0.645591	0.5583	0.6269	0.5180	0.1410	0.5369	0.1541	0.4781
000608	D	0.881896	0.684571	0.654767	0.5549	0.6269	0.5760	0.1090	0.5540	0.1530	0.4740
000609	N	0.895908	0.705177	0.665176	0.5992	0.7209	0.5940	0.1260	0.5859	0.1501	0.4682
000610	E	0.911731	0.711637	0.674435	0.6219	0.7369	0.5930	0.1190	0.5958	0.1527	0.4663
000611	D	0.926495	0.715566	0.686633	0.6255	0.7547	0.5820	0.1140	0.6008	0.1588	0.4642
000612	E	0.938730	0.719070	0.696259	0.6650	0.7628	0.6110	0.1040	0.6161	0.1555	0.4625
000613	R	0.954747	0.722073	0.705577	0.7275	0.8421	0.6780	0.1210	0.6540	0.1522	0.4614
000614	A	0.964292	0.719794	0.716650	0.7501	0.8713	0.7280	0.1220	0.6723	0.1518	0.4637
000615	I	0.970287	0.724551	0.727273	0.7644	0.8681	0.7190	0.1430	0.6743	0.1531	0.4668
000616	A	0.975851	0.735972	0.741759	0.7540	0.8991	0.6760	0.1610	0.6735	0.1620	0.4670
000617	D	0.973274	0.749621	0.754259	0.7275	0.8235	0.6970	0.1690	0.6618	0.1554	0.4636
000618	K	0.965956	0.764725	0.759148	0.7342	0.8013	0.7060	0.1720	0.6620	0.1522	0.4592
000619	P	0.956636	0.769952	0.763401	0.6870	0.8198	0.6640	0.2010	0.6496	0.1593	0.4581
000620	G	0.945510	0.769509	0.759272	0.6870	0.7843	0.6660	0.2060	0.6420	0.1554	0.4577
000621	E	0.929906	0.765214	0.755713	0.6906	0.7209	0.6480	0.2020	0.6257	0.1542	0.4576
000622	D	0.917832	0.761687	0.753417	0.6604	0.7080	0.6290	0.1670	0.6128	0.1563	0.4572
000623	A	0.909759	0.748196	0.741102	0.6035	0.5807	0.6230	0.1580	0.5776	0.1678	0.4549
000624	E	0.881234	0.747775	0.736169	0.6035	0.5017	0.6130	0.1500	0.5579	0.1735	0.4540
000625	A	0.877759	0.736811	0.727111	0.5623	0.5296	0.6290	0.1360	0.5559	0.1692	0.4536
000626	T	0.877601	0.712779	0.716802	0.5583	0.6183	0.6520	0.1490	0.5699	0.1560	0.4531
000627	P	0.884376	0.687587	0.704360	0.5802	0.5493	0.6690	0.1620	0.5617	0.1593	0.4563
000628	V	0.894764	0.659784	0.692757	0.5583	0.5493	0.6780	0.1710	0.5567	0.1624	0.4625
000629	S	0.907054	0.643636	0.677309	0.5043	0.5992	0.6410	0.1710	0.5492	0.1665	0.4693
000630	P	0.923292	0.622671	0.659180	0.5043	0.5992	0.5670	0.1990	0.5361	0.1725	0.4737
000631	A	0.935646	0.604254	0.640673	0.5253	0.6136	0.5250	0.2050	0.5339	0.1752	0.4783
000632	M	0.943010	0.588396	0.620190	0.5331	0.6043	0.4890	0.1970	0.5263	0.1798	0.4814
000633	S	0.971753	0.573659	0.597339	0.5296	0.6227	0.4580	0.1820	0.5259	0.1915	0.4820
000634	Y	0.966222	0.564804	0.577132	0.5514	0.5533	0.4710	0.1860	0.5177	0.1878	0.4826
000635	L	0.964150	0.551078	0.557041	0.5583	0.4476	0.4750	0.2070	0.4993	0.1953	0.4835
000636	T	0.956414	0.534220	0.536620	0.5126	0.3948	0.4310	0.1880	0.4716	0.2051	0.4809
000637	S	0.875336	0.529665	0.515646	0.4458	0.3356	0.4600	0.1740	0.4410	0.1887	0.4803
000638	Y	0.823820	0.538463	0.495675	0.3491	0.3149	0.4430	0.1430	0.4115	0.1859	0.4783
000639	Q	0.743423	0.530041	0.475929	0.3263	0.3740	0.4000	0.1230	0.3957	0.1585	0.4746
000640	P	0.632934	0.504560	0.456240	0.3491	0.3840	0.4200	0.1400	0.3819	0.1199	0.4690
000641	P	0.525269	0.494848	0.437504	0.3225	0.3840	0.3310	0.1080	0.3429	0.1061	0.4638
000642	Q	0.419750	0.478326	0.419199	0.3717	0.4087	0.2880	0.0960	0.3277	0.0910	0.4575
000643	N	0.321914	0.436804	0.401594	0.4420	0.3494	0.2680	0.0970	0.3030	0.0920	0.4496
000644	P	0.220409	0.422596	0.386991	0.4282	0.2783	0.2160	0.0750	0.2610	0.1110	0.4404
000645	Y	0.122759	0.395968	0.372112	0.4149	0.2783	0.1740	0.0420	0.2309	0.1280	0.4289
000646	Y	0.094969	0.353702	0.356203	0.3992	0.3566	0.1430	0.0340	0.2245	0.1326	0.4154
000647	Y	0.036313	0.314489	0.341458	0.3146	0.2817	0.1120	0.0290	0.1765	0.1293	0.4012
000648	V	0.006040	0.287457	0.325618	0.3263	0.3117	0.1020	0.0300	0.1723	0.1369	0.3892
000649	D	0.006069	0.245552	0.314172	0.3096	0.4087	0.0950	0.0350	0.1774	0.1475	0.3780
000650	G	0.006059	0.210057	0.304987	0.3225	0.3872	0.0950	0.0420	0.1701	0.1430	0.3682
000651	D	0.005842	0.193408	0.298450	0.3184	0.3740	0.1020	0.0490	0.1656	0.1383	0.3594
000652	P	0.005598	0.177583	0.291881	0.2820	0.3566	0.0980	0.0520	0.1533	0.1307	0.3513
000653	H	0.005750	0.158751	0.282651	0.2865	0.3215	0.0970	0.0540	0.1449	0.1238	0.3434
000654	F	0.009872	0.163966	0.278895	0.3146	0.2470	0.1030	0.0610	0.1397	0.1157	0.3377
000655	I	0.012491	0.181501	0.270086	0.2531	0.1643	0.1000	0.0560	0.1185	0.0990	0.3379
000656	I	0.016301	0.204861	0.261620	0.2385	0.1528	0.1020	0.0520	0.1190	0.0948	0.3398
000657	Q	0.028787	0.231419	0.253055	0.2333	0.2328	0.0970	0.0430	0.1372	0.0949	0.3381
000658	I	0.046496	0.252717	0.246101	0.2167	0.2399	0.1040	0.0450	0.1433	0.0896	0.3383
000659	P	0.064199	0.251514	0.240372	0.2786	0.3053	0.0950	0.0390	0.1657	0.1004	0.3379
000660	E	0.094720	0.239648	0.232673	0.1635	0.3117	0.0940	0.0430	0.1506	0.0886	0.3371
000661	K	0.156662	0.230129	0.229215	0.1766	0.2884	0.0870	0.0380	0.1564	0.0746	0.3386
000662	D	0.221554	0.217050	0.224900	0.1732	0.3053	0.0800	0.0390	0.1663	0.0773	0.3368
000663	D	0.280449	0.192882	0.220341	0.1266	0.2817	0.0740	0.0380	0.1592	0.0846	0.3366
000664	A	0.329041	0.178317	0.218989	0.1667	0.2817	0.0630	0.0300	0.1698	0.0930	0.3404
000665	L	0.376922	0.169073	0.216843	0.2385	0.3149	0.0580	0.0240	0.1929	0.1081	0.3476
000666	C	0.396505	0.160043	0.213342	0.3096	0.3182	0.0600	0.0270	0.2074	0.1173	0.3571
000667	F	0.389828	0.152191	0.210434	0.3225	0.3948	0.0670	0.0310	0.2210	0.1275	0.3642
000668	N	0.377687	0.160054	0.207277	0.2255	0.3117	0.0670	0.0280	0.1903	0.1061	0.3767
000669	I	0.355013	0.166121	0.202254	0.3096	0.3087	0.0720	0.0250	0.2019	0.1038	0.3837
000670	D	0.299689	0.169143	0.198801	0.2041	0.2884	0.0730	0.0210	0.1724	0.0829	0.3896
000671	E	0.241153	0.162781	0.196722	0.1322	0.2783	0.0830	0.0240	0.1496	0.0731	0.3958
000672	A	0.187218	0.164180	0.199511	0.1456	0.2609	0.1010	0.0380	0.1431	0.0595	0.4000
000673	P	0.150573	0.167403	0.209304	0.1292	0.1942	0.1170	0.0460	0.1264	0.0481	0.4046
000674	G	0.144546	0.155182	0.214547	0.1018	0.1852	0.1240	0.0430	0.1185	0.0516	0.4080
000675	T	0.151921	0.147762	0.218115	0.0909	0.2064	0.1290	0.0460	0.1209	0.0568	0.4100
000676	V	0.190919	0.151041	0.222363	0.1416	0.2002	0.1320	0.0550	0.1359	0.0498	0.4110
000677	L	0.241119	0.153462	0.230468	0.1998	0.2609	0.1390	0.0690	0.1657	0.0592	0.4098
000678	R	0.268850	0.159301	0.237940	0.2167	0.2918	0.1330	0.0560	0.1782	0.0690	0.4125
000679	L	0.279283	0.162245	0.245664	0.2122	0.2918	0.1340	0.0530	0.1799	0.0710	0.4124
000680	I	0.278225	0.159719	0.247879	0.2432	0.3667	0.1260	0.0460	0.1956	0.0887	0.4157
000681	Q	0.273338	0.162007	0.248781	0.2292	0.3667	0.1130	0.0430	0.1907	0.0908	0.4206
000682	D	0.262019	0.168340	0.252731	0.2080	0.2715	0.1210	0.0550	0.1718	0.0689	0.4259
000683	A	0.219522	0.172052	0.257508	0.2558	0.2988	0.1410	0.0650	0.1812	0.0688	0.4314
000684	V	0.192580	0.175011	0.260207	0.1532	0.2715	0.1590	0.0680	0.1586	0.0640	0.4293
000685	T	0.152497	0.181507	0.263687	0.1456	0.2817	0.1820	0.0640	0.1572	0.0686	0.4215
000686	G	0.128510	0.212204	0.272200	0.1495	0.2715	0.2080	0.0860	0.1616	0.0710	0.4144
000687	L	0.175231	0.240834	0.275155	0.2080	0.3249	0.3070	0.1460	0.2094	0.0700	0.4067
000688	T	0.228376	0.257687	0.279271	0.2865	0.3983	0.2760	0.1470	0.2412	0.0705	0.3974
000689	V	0.314016	0.296841	0.282054	0.3005	0.3983	0.2900	0.1680	0.2666	0.0611	0.3904
000690	N	0.381436	0.338385	0.284947	0.3717	0.4979	0.2600	0.1510	0.3082	0.0905	0.3818
000691	G	0.460544	0.374345	0.287502	0.4420	0.6089	0.3080	0.1380	0.3656	0.1180	0.3781
000692	Q	0.556090	0.418635	0.289116	0.4703	0.5951	0.4020	0.1520	0.4069	0.1123	0.3752
000693	I	0.652975	0.480425	0.294657	0.4703	0.5665	0.4910	0.1510	0.4435	0.1194	0.3717
000694	T	0.753193	0.560330	0.302239	0.4967	0.6089	0.5970	0.1380	0.5028	0.1452	0.3675
000695	G	0.831292	0.619287	0.313853	0.5331	0.6906	0.6360	0.1430	0.5517	0.1664	0.3639
000696	D	0.840462	0.675196	0.321802	0.5331	0.6755	0.6390	0.1400	0.5605	0.1676	0.3613
000697	K	0.864032	0.700323	0.330003	0.5412	0.6755	0.6480	0.1690	0.5716	0.1723	0.3562
000698	R	0.879367	0.692286	0.333583	0.6035	0.6620	0.6630	0.1490	0.5834	0.1707	0.3511
000699	G	0.908873	0.702270	0.333623	0.6035	0.5254	0.6950	0.1670	0.5724	0.1849	0.3508
000700	S	0.931051	0.651880	0.333949	0.5992	0.6043	0.6950	0.1860	0.5803	0.1839	0.3537
000701	P	0.935138	0.699702	0.334191	0.5296	0.5807	0.6890	0.1850	0.5723	0.1915	0.3568
000702	D	0.927975	0.695651	0.331884	0.5331	0.4864	0.6820	0.1530	0.5543	0.1960	0.3559
000703	S	0.912018	0.697576	0.322196	0.5173	0.4766	0.6930	0.1600	0.5494	0.1966	0.3579
000704	K	0.844844	0.734519	0.305497	0.5253	0.4725	0.6130	0.1400	0.5317	0.1828	0.3602
000705	T	0.756533	0.698917	0.294861	0.5331	0.4441	0.5720	0.1640	0.5008	0.1615	0.3679
000706	R	0.665626	0.628348	0.285300	0.4749	0.4541	0.5280	0.1870	0.4586	0.1335	0.3767
000707	K	0.562117	0.532996	0.273607	0.4420	0.4119	0.4600	0.1890	0.4015	0.1038	0.3857
000708	T	0.459704	0.448829	0.258378	0.4458	0.4292	0.3770	0.1560	0.3601	0.0822	0.3977
000709	Y	0.353151	0.376252	0.243341	0.4116	0.3840	0.2970	0.1180	0.3036	0.0702	0.4090
000710	F	0.249501	0.306602	0.228580	0.4245	0.3948	0.2700	0.1180	0.2742	0.0826	0.4189
000711	G	0.147547	0.276014	0.218786	0.3939	0.2884	0.2250	0.0890	0.2218	0.0842	0.4200
000712	K	0.053546	0.256838	0.211221	0.3491	0.2680	0.2100	0.0660	0.1896	0.0962	0.4259
000713	L	0.010631	0.232141	0.201830	0.2657	0.1969	0.2070	0.0750	0.1520	0.0883	0.4311
000714	G	0.007979	0.208458	0.191644	0.2748	0.2129	0.1710	0.0760	0.1458	0.0883	0.4238
000715	I	0.013653	0.194752	0.183923	0.2167	0.1611	0.1620	0.0710	0.1247	0.0729	0.4173
000716	A	0.022401	0.195797	0.175315	0.2333	0.1611	0.1390	0.0580	0.1252	0.0721	0.4135
000717	N	0.041694	0.188203	0.162831	0.1667	0.1611	0.1420	0.0630	0.1166	0.0548	0.4135
000718	A	0.059179	0.188381	0.157247	0.1667	0.1823	0.1250	0.0540	0.1202	0.0513	0.4131
000719	Q	0.098704	0.199448	0.150628	0.1667	0.1759	0.1000	0.0450	0.1235	0.0452	0.4154
000720	M	0.099962	0.207763	0.145065	0.2385	0.1759	0.0960	0.0410	0.1364	0.0579	0.4169
000721	D	0.101127	0.221531	0.137228	0.2963	0.2752	0.0890	0.0300	0.1638	0.0852	0.4189
000722	F	0.107971	0.227937	0.132651	0.2080	0.1969	0.0900	0.0350	0.1384	0.0572	0.4157
000723	Q	0.114291	0.246535	0.130252	0.2041	0.1251	0.0780	0.0280	0.1280	0.0613	0.4219
000724	V	0.110906	0.240897	0.125659	0.1878	0.1969	0.0830	0.0330	0.1366	0.0588	0.4222
000725	E	0.108511	0.236246	0.119174	0.1322	0.1969	0.0780	0.0260	0.1254	0.0577	0.4256
000726	V	0.100820	0.209485	0.105240	0.1844	0.2503	0.0870	0.0260	0.1387	0.0643	0.4284
000727	T	0.094449	0.204964	0.094485	0.1998	0.2164	0.0890	0.0250	0.1341	0.0595	0.4334
000728	T	0.055459	0.193003	0.083741	0.1698	0.2292	0.0900	0.0270	0.1229	0.0653	0.4329
000729	E	0.056723	0.179832	0.077094	0.1380	0.2575	0.0820	0.0260	0.1190	0.0710	0.4314
000730	K	0.055226	0.178371	0.074236	0.1532	0.2470	0.0650	0.0180	0.1164	0.0712	0.4279
000731	I	0.048447	0.170886	0.071013	0.1732	0.1881	0.0590	0.0160	0.1067	0.0607	0.4251
000732	T	0.041628	0.163085	0.066922	0.1698	0.1759	0.0550	0.0110	0.1010	0.0591	0.4235
000733	L	0.036490	0.145653	0.062246	0.1602	0.1914	0.0600	0.0140	0.0989	0.0595	0.4186
000734	W	0.027183	0.149091	0.060160	0.1532	0.1206	0.0540	0.0120	0.0840	0.0501	0.4047
000735	N	0.015581	0.140828	0.058690	0.1456	0.1759	0.0520	0.0120	0.0883	0.0594	0.4106
000736	R	0.004625	0.130185	0.057357	0.0858	0.1643	0.0500	0.0110	0.0726	0.0536	0.4113
000737	A	0.004185	0.127716	0.055476	0.1322	0.1643	0.0500	0.0100	0.0798	0.0568	0.4148
000738	V	0.001177	0.132565	0.055322	0.1349	0.1643	0.0470	0.0130	0.0800	0.0589	0.4169
000739	P	0.001129	0.123333	0.054852	0.0965	0.1162	0.0420	0.0130	0.0633	0.0445	0.4259
000740	S	0.001153	0.137734	0.055208	0.0884	0.1048	0.0430	0.0130	0.0625	0.0453	0.4231
000741	T	0.001617	0.151957	0.056138	0.0587	0.1137	0.0440	0.0140	0.0617	0.0497	0.4041
000742	F	0.002295	0.150347	0.057681	0.0991	0.1791	0.0480	0.0130	0.0799	0.0615	0.3837
000743	S	0.002658	0.154921	0.059012	0.1060	0.1791	0.0460	0.0120	0.0814	0.0626	0.3616
000744	W	0.003042	0.174823	0.058788	0.1667	0.1791	0.0550	0.0110	0.0964	0.0705	0.3377
000745	L	0.003227	0.180595	0.058213	0.2255	0.2680	0.0600	0.0110	0.1228	0.0979	0.2985
000746	D	0.003291	0.173644	0.057099	0.1380	0.2193	0.0610	0.0140	0.0992	0.0752	0.2686
000747	T	0.003381	0.180109	0.056277	0.1380	0.1881	0.0650	0.0150	0.0957	0.0689	0.2419
000748	V	0.003458	0.200281	0.054796	0.1292	0.1449	0.0700	0.0160	0.0913	0.0654	0.2209
000749	T	0.004712	0.200236	0.051832	0.1495	0.2094	0.0750	0.0170	0.1064	0.0770	0.2024
000750	V	0.005120	0.216423	0.049803	0.0723	0.1852	0.0930	0.0220	0.0954	0.0747	0.1872
000751	T	0.016729	0.267884	0.048198	0.0744	0.1852	0.1070	0.0220	0.1085	0.0861	0.1761
000752	Q	0.032698	0.304561	0.047465	0.0744	0.1942	0.1070	0.0170	0.1188	0.0956	0.1647
000753	D	0.070272	0.306138	0.046173	0.1322	0.2645	0.1320	0.0360	0.1509	0.0959	0.1566
000754	G	0.070777	0.326870	0.044667	0.1349	0.2064	0.1290	0.0350	0.1446	0.0938	0.1537
000755	L	0.072020	0.322844	0.041575	0.1602	0.2364	0.1110	0.0240	0.1504	0.0973	0.1505
000756	S	0.075597	0.301346	0.038978	0.1698	0.3149	0.1150	0.0320	0.1628	0.1061	0.1568
000757	M	0.081458	0.287257	0.038400	0.1178	0.2034	0.1370	0.0370	0.1379	0.0817	0.1654
000758	M	0.084504	0.310651	0.039051	0.1205	0.2064	0.1520	0.0340	0.1457	0.0882	0.1732
000759	I	0.087608	0.307215	0.039749	0.0858	0.2715	0.1650	0.0390	0.1528	0.0997	0.1784
000760	N	0.075503	0.313827	0.038464	0.0909	0.2752	0.1740	0.0380	0.1549	0.1033	0.1844
000761	R	0.059303	0.339309	0.037113	0.1349	0.2752	0.1620	0.0450	0.1618	0.1089	0.1898
000762	K	0.021502	0.338001	0.036695	0.1380	0.2752	0.1530	0.0540	0.1543	0.1155	0.1941
000763	N	0.020774	0.298501	0.035471	0.0884	0.1671	0.1480	0.0560	0.1205	0.0938	0.1990
000764	M	0.019466	0.273258	0.034767	0.0832	0.1184	0.1490	0.0550	0.1071	0.0846	0.1995
000765	V	0.015692	0.252668	0.034836	0.0387	0.0817	0.1240	0.0440	0.0855	0.0807	0.1967
000766	V	0.009778	0.211247	0.036162	0.0464	0.0929	0.1180	0.0450	0.0797	0.0669	0.1914
000767	S	0.005429	0.193503	0.036536	0.0304	0.0581	0.1140	0.0440	0.0669	0.0637	0.1821
000768	F	0.001377	0.187868	0.036836	0.0268	0.0719	0.1080	0.0460	0.0660	0.0622	0.1708
000769	G	0.001102	0.171327	0.037439	0.0173	0.0909	0.0910	0.0430	0.0619	0.0577	0.1603
000770	D	0.000887	0.149805	0.038341	0.0316	0.1007	0.0810	0.0390	0.0607	0.0498	0.1508
000771	G	0.000643	0.134925	0.038390	0.0336	0.0543	0.0650	0.0300	0.0481	0.0417	0.1412
000772	V	0.000479	0.112519	0.038487	0.0212	0.0531	0.0450	0.0160	0.0387	0.0353	0.1325
000773	T	0.000360	0.084333	0.037867	0.0090	0.0531	0.0300	0.0080	0.0295	0.0286	0.1255
000774	F	0.000273	0.069557	0.036946	0.0094	0.0483	0.0300	0.0090	0.0263	0.0240	0.1194
000775	V	0.000308	0.056741	0.036599	0.0131	0.0719	0.0380	0.0150	0.0300	0.0250	0.1173
000776	V	0.000310	0.047413	0.037080	0.0226	0.0719	0.0520	0.0210	0.0324	0.0235	0.1167
000777	V	0.000334	0.047011	0.037569	0.0414	0.1048	0.0750	0.0290	0.0448	0.0331	0.1176
000778	L	0.000347	0.061451	0.037492	0.0259	0.1070	0.0890	0.0330	0.0474	0.0372	0.1206
000779	H	0.000375	0.085574	0.037692	0.0526	0.1914	0.1030	0.0430	0.0721	0.0606	0.1279
000780	Q	0.000381	0.134149	0.038499	0.0514	0.1092	0.1300	0.0620	0.0709	0.0507	0.1352
000781	V	0.000376	0.200389	0.038983	0.0526	0.0646	0.1670	0.0780	0.0809	0.0719	0.1449
000782	W	0.000372	0.252971	0.038453	0.0252	0.0646	0.1940	0.0850	0.0896	0.0940	0.1594
000783	K	0.000370	0.297119	0.038068	0.0218	0.0483	0.1990	0.0830	0.0944	0.1090	0.1739
000784	K	0.000217	0.344860	0.037227	0.0245	0.0281	0.1870	0.0730	0.0974	0.1241	0.1873
000785	H	0.000114	0.328642	0.035030	0.0259	0.0372	0.1760	0.0590	0.0947	0.1169	0.1997
000786	P	0.000080	0.270666	0.032781	0.0200	0.0364	0.1450	0.0470	0.0788	0.0956	0.2102
000787	V	0.000276	0.229853	0.031546	0.0179	0.0543	0.1090	0.0410	0.0686	0.0780	0.2146
000788	H	0.000534	0.203765	0.034004	0.0157	0.0765	0.0750	0.0280	0.0619	0.0673	0.2229
000789	R	0.002586	0.156044	0.034004	0.0327	0.1206	0.0590	0.0190	0.0618	0.0540	0.2288
000790	D	0.006245	0.140639	0.034051	0.0336	0.1229	0.0540	0.0160	0.0595	0.0496	0.2302
000791	F	0.012333	0.141006	0.035966	0.0297	0.0929	0.0570	0.0180	0.0556	0.0440	0.2329
000792	L	0.019819	0.140326	0.037406	0.0464	0.1275	0.0590	0.0180	0.0655	0.0460	0.2376
000793	G	0.024389	0.134292	0.039443	0.0660	0.1731	0.0620	0.0210	0.0766	0.0533	0.2351
000794	F	0.029978	0.139573	0.042541	0.0621	0.1791	0.0740	0.0300	0.0808	0.0541	0.2337
000795	Y	0.035700	0.144427	0.047137	0.0502	0.1852	0.0800	0.0320	0.0827	0.0561	0.2330
000796	V	0.036883	0.155590	0.049915	0.0607	0.1823	0.0900	0.0370	0.0876	0.0552	0.2361
000797	V	0.036887	0.184137	0.052439	0.0502	0.1554	0.1000	0.0400	0.0877	0.0567	0.2402
000798	D	0.035639	0.241717	0.059335	0.0789	0.1373	0.1070	0.0310	0.1001	0.0680	0.2508
000799	S	0.032470	0.295807	0.068054	0.0858	0.0851	0.1250	0.0330	0.1041	0.0860	0.2610
000800	H	0.026665	0.351488	0.076877	0.0542	0.0835	0.1530	0.0370	0.1114	0.1094	0.2749
000801	R	0.019648	0.410894	0.091411	0.0336	0.0851	0.1660	0.0400	0.1191	0.1332	0.2889
000802	M	0.015677	0.459939	0.105658	0.0771	0.0835	0.1690	0.0410	0.1342	0.1461	0.2995
000803	S	0.010612	0.480023	0.119303	0.1532	0.0676	0.1680	0.0360	0.1466	0.1512	0.3038
000804	A	0.008982	0.483478	0.129068	0.0909	0.0704	0.1860	0.0410	0.1400	0.1553	0.3111
000805	Q	0.008137	0.464260	0.138445	0.1060	0.1528	0.1800	0.0410	0.1519	0.1422	0.3180
000806	T	0.007972	0.432775	0.147333	0.1921	0.1349	0.1610	0.0370	0.1547	0.1296	0.3275
000807	H	0.007308	0.394387	0.154630	0.3053	0.1881	0.1410	0.0350	0.1727	0.1263	0.3373
000808	G	0.006862	0.330370	0.165460	0.2963	0.1449	0.1240	0.0330	0.1504	0.1120	0.3427
000809	L	0.006730	0.283356	0.173163	0.3005	0.1399	0.1030	0.0220	0.1389	0.1056	0.3472
000810	L	0.006335	0.261656	0.179687	0.2167	0.0985	0.0750	0.0190	0.1097	0.0926	0.3499
000811	G	0.006402	0.235186	0.183614	0.2255	0.0967	0.0640	0.0200	0.1047	0.0906	0.3510
000812	Q	0.006871	0.218830	0.187226	0.1698	0.0985	0.0660	0.0250	0.0934	0.0803	0.3516
000813	F	0.003873	0.237006	0.191636	0.2167	0.0765	0.0840	0.0410	0.1031	0.0909	0.3534
000814	F	0.005278	0.220774	0.195970	0.2255	0.0780	0.1050	0.0460	0.1058	0.0881	0.3592
000815	Q	0.011757	0.196027	0.202817	0.1844	0.1115	0.1200	0.0430	0.1040	0.0747	0.3649
000816	P	0.021660	0.202276	0.213472	0.1732	0.1070	0.1390	0.0370	0.1071	0.0742	0.3733
000817	F	0.033410	0.218163	0.226468	0.2080	0.1028	0.1670	0.0400	0.1216	0.0796	0.3784
000818	D	0.038136	0.250803	0.239056	0.2209	0.1070	0.1730	0.0280	0.1316	0.0864	0.3795
000819	F	0.044584	0.283762	0.246061	0.2167	0.1251	0.1930	0.0320	0.1438	0.0894	0.3809
000820	K	0.066682	0.344737	0.260984	0.2913	0.1942	0.2050	0.0340	0.1837	0.0981	0.3802
000821	V	0.109045	0.397429	0.277514	0.3992	0.2752	0.2840	0.0550	0.2441	0.1076	0.3772
000822	S	0.150021	0.438362	0.292293	0.3847	0.2988	0.3410	0.0700	0.2688	0.1024	0.3729
000823	D	0.175972	0.490563	0.309901	0.3578	0.2951	0.4130	0.1290	0.2888	0.1112	0.3700
000824	I	0.225231	0.546778	0.327982	0.4879	0.3774	0.4940	0.1460	0.3552	0.1236	0.3675
000825	R	0.251209	0.579916	0.346980	0.5802	0.4940	0.4810	0.1410	0.3977	0.1334	0.3623
000826	P	0.343173	0.584274	0.361845	0.5374	0.3983	0.4720	0.1410	0.3891	0.1079	0.3529
000827	G	0.431424	0.602006	0.379980	0.4967	0.3087	0.4550	0.1340	0.3823	0.1114	0.3440
000828	S	0.512986	0.611411	0.397570	0.5253	0.3566	0.3970	0.1090	0.4005	0.1115	0.3384
000829	D	0.572357	0.609015	0.409473	0.4651	0.3494	0.3190	0.0900	0.3858	0.1274	0.3375
000830	P	0.579688	0.639401	0.422598	0.5043	0.4801	0.2460	0.0640	0.4082	0.1436	0.3391
000831	T	0.588304	0.631091	0.429276	0.5008	0.4801	0.2240	0.0470	0.4040	0.1494	0.3401
000832	K	0.591103	0.607236	0.419826	0.5667	0.5620	0.2000	0.0450	0.4212	0.1599	0.3462
000833	P	0.549560	0.567085	0.408338	0.5667	0.4725	0.1780	0.0430	0.3890	0.1532	0.3540
000834	D	0.529876	0.556478	0.395880	0.5711	0.3872	0.1650	0.0500	0.3682	0.1556	0.3629
000835	A	0.438977	0.511594	0.388021	0.5846	0.4051	0.1360	0.0550	0.3461	0.1540	0.3750
000836	T	0.381107	0.446274	0.380192	0.5173	0.4051	0.1320	0.0500	0.3136	0.1351	0.3880
000837	L	0.312189	0.370865	0.373326	0.4282	0.3840	0.1500	0.0470	0.2742	0.1095	0.4045
000838	V	0.282128	0.306854	0.366601	0.4116	0.3807	0.1520	0.0370	0.2555	0.1053	0.4164
000839	V	0.241478	0.254830	0.355934	0.4149	0.3840	0.1700	0.0490	0.2442	0.1055	0.4224
000840	K	0.193110	0.232967	0.349665	0.4116	0.3910	0.2130	0.0770	0.2403	0.1057	0.4227
000841	N	0.169820	0.240140	0.344416	0.3717	0.3631	0.3220	0.1200	0.2444	0.0930	0.4217
000842	H	0.214577	0.239046	0.341699	0.3885	0.3667	0.3790	0.1430	0.2646	0.0894	0.4223
000843	Q	0.269017	0.232394	0.338568	0.3885	0.2752	0.3230	0.1440	0.2481	0.0764	0.4178
000844	L	0.340759	0.243388	0.335399	0.3535	0.2503	0.2610	0.1080	0.2414	0.0727	0.4145
000845	I	0.402516	0.268996	0.332231	0.2700	0.2470	0.1980	0.0800	0.2311	0.0855	0.4060
000846	V	0.477813	0.292348	0.326260	0.2963	0.2817	0.1780	0.0630	0.2544	0.1040	0.3896
000847	T	0.470219	0.349552	0.316278	0.3005	0.2503	0.1780	0.0740	0.2580	0.1042	0.3714
000848	R	0.504985	0.401271	0.303725	0.3717	0.3321	0.1840	0.0520	0.2990	0.1099	0.3561
000849	G	0.606084	0.442882	0.290891	0.3885	0.3087	0.2320	0.0790	0.3296	0.1318	0.3434
000850	S	0.697833	0.493536	0.280621	0.4420	0.3740	0.3030	0.1050	0.3851	0.1475	0.3362
000851	Q	0.740303	0.547826	0.264508	0.3578	0.3774	0.3700	0.1310	0.3989	0.1632	0.3309
000852	K	0.758894	0.560056	0.246840	0.3491	0.3631	0.4660	0.1630	0.4162	0.1716	0.3239
000853	D	0.739878	0.586044	0.230528	0.3311	0.3019	0.5660	0.1470	0.4209	0.1865	0.3168
000854	Y	0.656116	0.662586	0.211395	0.3225	0.2258	0.6510	0.1240	0.4197	0.2078	0.3133
000855	R	0.561791	0.646551	0.190915	0.3263	0.2436	0.6330	0.1150	0.4018	0.1888	0.3090
000856	K	0.517399	0.618745	0.169497	0.3311	0.2258	0.5680	0.0980	0.3769	0.1746	0.3068
000857	D	0.472667	0.549843	0.151258	0.3005	0.1823	0.4320	0.0780	0.3229	0.1503	0.3195
000858	A	0.369316	0.445454	0.131184	0.2209	0.1298	0.3270	0.0830	0.2487	0.1212	0.3432
000859	S	0.270150	0.333048	0.110431	0.1380	0.1251	0.2780	0.0740	0.1908	0.0892	0.3680
000860	I	0.168610	0.234580	0.092248	0.0965	0.1349	0.2520	0.0890	0.1478	0.0643	0.3961
000861	G	0.079397	0.162989	0.072609	0.0909	0.1501	0.2000	0.0780	0.1139	0.0493	0.4205
000862	T	0.013842	0.101769	0.059755	0.0832	0.1424	0.1390	0.0520	0.0800	0.0459	0.4219
000863	K	0.000623	0.074286	0.057337	0.0832	0.1501	0.1090	0.0360	0.0695	0.0468	0.3955
000864	V	0.000518	0.062144	0.057657	0.0813	0.1476	0.0920	0.0300	0.0638	0.0450	0.3691
000865	V	0.000465	0.049763	0.059576	0.1322	0.1583	0.0660	0.0200	0.0678	0.0536	0.3520
000866	C	0.000412	0.041943	0.059824	0.1292	0.0985	0.0620	0.0220	0.0553	0.0420	0.3385
000867	W	0.000362	0.040918	0.060530	0.0789	0.1007	0.0720	0.0330	0.0488	0.0334	0.3271
000868	F	0.000368	0.043259	0.061243	0.0464	0.1007	0.0830	0.0390	0.0456	0.0334	0.3389
000869	V	0.000371	0.054320	0.063840	0.0567	0.0817	0.0830	0.0340	0.0460	0.0295	0.3711
000870	H	0.000213	0.081209	0.066840	0.0542	0.0817	0.0850	0.0310	0.0504	0.0314	0.4124
000871	N	0.000185	0.106775	0.068944	0.0587	0.1349	0.0940	0.0270	0.0657	0.0440	0.4104
000872	N	0.000156	0.164837	0.069519	0.0526	0.1373	0.1040	0.0210	0.0764	0.0558	0.3697
000873	G	0.027703	0.245255	0.068966	0.0542	0.0817	0.1280	0.0200	0.0894	0.0722	0.3303
000874	E	0.068641	0.326811	0.068939	0.0554	0.0506	0.1660	0.0530	0.1112	0.0999	0.2978
000875	G	0.095855	0.379112	0.068998	0.0425	0.0518	0.1930	0.0760	0.1270	0.1190	0.2694
000876	L	0.103528	0.394760	0.068656	0.0363	0.0948	0.1970	0.0650	0.1377	0.1209	0.2514
000877	I	0.106796	0.365323	0.068669	0.0387	0.1476	0.1730	0.0570	0.1386	0.1069	0.2345
000878	D	0.110841	0.312423	0.068928	0.0789	0.1611	0.1450	0.0650	0.1347	0.0821	0.2172
000879	G	0.120806	0.247762	0.070022	0.1322	0.1643	0.1390	0.0490	0.1341	0.0550	0.2129
000880	V	0.130360	0.186404	0.071708	0.1060	0.2164	0.1240	0.0470	0.1272	0.0500	0.2255
000881	H	0.133515	0.148345	0.073004	0.0587	0.1942	0.1590	0.0440	0.1156	0.0491	0.2420
000882	T	0.109688	0.136028	0.074832	0.0813	0.1554	0.1550	0.0660	0.1063	0.0350	0.2593
000883	D	0.075956	0.155223	0.076764	0.1060	0.1184	0.1650	0.0760	0.1034	0.0369	0.2818
000884	Y	0.057709	0.193388	0.078922	0.1380	0.0929	0.2090	0.0720	0.1152	0.0586	0.3118
000885	I	0.055465	0.263132	0.082076	0.1667	0.0662	0.2620	0.0830	0.1355	0.0887	0.3382
000886	V	0.071598	0.377667	0.085663	0.2080	0.0483	0.2740	0.1010	0.1633	0.1210	0.3513
000887	P	0.065199	0.476388	0.088905	0.3359	0.0719	0.4430	0.1400	0.2320	0.1775	0.3618
000888	N	0.080884	0.555949	0.092029	0.4651	0.1115	0.5230	0.1370	0.2895	0.2124	0.3776
000889	L	0.049030	0.605249	0.095026	0.5084	0.0780	0.5220	0.1330	0.2938	0.2385	0.4048
000890	F	0.174754	0.649017	0.098844	0.5514	0.0518	0.6210	0.1680	0.3413	0.2541	0.4305