RESNUM	RES	VL-XT	VSL2B	VL3	IUPred-S	IUPred-L	PONDRFIT	FITERROR	MDP	MDPERROR	ANCHOR2
000001	M	0.591326	0.789327	0.839297	0.9369	0.5665	0.9910	0.0070	0.7857	0.1601	0.4321
000002	G	0.440283	0.808346	0.832847	0.9141	0.4766	0.9900	0.0090	0.7436	0.2102	0.4289
000003	V	0.164498	0.773398	0.819329	0.8945	0.5098	0.9880	0.0120	0.6916	0.2778	0.4252
000004	D	0.308839	0.779408	0.807576	0.8036	0.5419	0.9780	0.0180	0.7032	0.2174	0.4217
000005	I	0.392361	0.754779	0.796513	0.7605	0.5807	0.9710	0.0130	0.7092	0.1815	0.4211
000006	R	0.367024	0.730279	0.787460	0.7275	0.5854	0.9710	0.0160	0.6948	0.1856	0.4219
000007	H	0.403529	0.699927	0.778932	0.7034	0.6482	0.9610	0.0230	0.6991	0.1657	0.4193
000008	N	0.473198	0.677361	0.771265	0.6474	0.6755	0.9720	0.0180	0.7028	0.1496	0.4127
000009	K	0.543196	0.685256	0.763876	0.6374	0.6851	0.9400	0.0480	0.7092	0.1226	0.4078
000010	D	0.599314	0.694592	0.758554	0.6079	0.7036	0.9180	0.0820	0.7136	0.1067	0.3998
000011	R	0.658708	0.706759	0.752794	0.5667	0.7036	0.9330	0.0650	0.7203	0.1113	0.3963
000012	K	0.723450	0.715240	0.746581	0.5941	0.6227	0.9360	0.0530	0.7231	0.1102	0.3893
000013	V	0.803717	0.747577	0.740209	0.5711	0.5254	0.9450	0.0520	0.7222	0.1409	0.3839
000014	R	0.868576	0.746350	0.735115	0.5374	0.5055	0.9510	0.0480	0.7240	0.1611	0.3827
000015	R	0.939305	0.734743	0.730801	0.4879	0.5211	0.9440	0.0560	0.7262	0.1787	0.3836
000016	K	0.964974	0.734627	0.720605	0.4879	0.5296	0.9280	0.0730	0.7275	0.1794	0.3819
000017	E	0.988085	0.725730	0.703509	0.4879	0.4441	0.9000	0.1060	0.7081	0.1973	0.3789
000018	P	0.992612	0.690706	0.680376	0.3939	0.3704	0.8330	0.1770	0.6602	0.2223	0.3875
000019	K	0.997424	0.625604	0.657216	0.3005	0.3631	0.7680	0.2260	0.6187	0.2359	0.3984
000020	S	0.996760	0.548347	0.634553	0.2080	0.2783	0.7000	0.2660	0.5610	0.2644	0.4073
000021	Q	0.949138	0.478541	0.610626	0.2333	0.2064	0.5970	0.2520	0.5124	0.2517	0.4188
000022	D	0.839185	0.381742	0.586401	0.1566	0.2064	0.5630	0.2580	0.4556	0.2355	0.4302
000023	I	0.749876	0.296742	0.562931	0.1018	0.1184	0.5440	0.2810	0.3957	0.2410	0.4179
000024	Y	0.744613	0.231255	0.542040	0.1566	0.1092	0.5200	0.2960	0.3840	0.2324	0.3951
000025	L	0.737107	0.203708	0.521041	0.0858	0.0909	0.4760	0.2390	0.3524	0.2426	0.3770
000026	R	0.677391	0.175383	0.500053	0.0526	0.0909	0.4270	0.2230	0.3205	0.2297	0.3606
000027	L	0.619891	0.164570	0.479885	0.0395	0.0888	0.4220	0.1960	0.3024	0.2161	0.3455
000028	L	0.559198	0.178924	0.462722	0.0455	0.0948	0.3900	0.1500	0.2886	0.1926	0.3323
000029	V	0.455880	0.189873	0.451699	0.0387	0.0870	0.3730	0.1100	0.2661	0.1691	0.3283
000030	K	0.401595	0.212823	0.446221	0.0350	0.0817	0.3400	0.1050	0.2529	0.1557	0.3253
000031	L	0.408070	0.206730	0.443937	0.0376	0.0835	0.3260	0.1240	0.2509	0.1544	0.3229
000032	Y	0.394691	0.223691	0.441401	0.0336	0.0424	0.2950	0.1130	0.2385	0.1578	0.3206
000033	R	0.289299	0.240377	0.438200	0.0387	0.0483	0.2970	0.1150	0.2253	0.1420	0.3226
000034	F	0.186148	0.274428	0.436839	0.0308	0.0851	0.3060	0.1270	0.2199	0.1369	0.3294
000035	L	0.136846	0.303281	0.436837	0.0490	0.0948	0.2900	0.1220	0.2184	0.1358	0.3402
000036	A	0.147693	0.341360	0.437570	0.0884	0.1048	0.2610	0.1110	0.2302	0.1284	0.3519
000037	R	0.105845	0.339414	0.439568	0.0502	0.0646	0.2740	0.1270	0.2123	0.1478	0.3618
000038	R	0.105287	0.379101	0.443210	0.0514	0.1070	0.2890	0.1480	0.2291	0.1493	0.3695
000039	T	0.100511	0.398283	0.449575	0.0464	0.1643	0.3090	0.1550	0.2447	0.1507	0.3767
000040	N	0.093310	0.408893	0.457140	0.0832	0.1554	0.3380	0.1500	0.2560	0.1511	0.3800
000041	S	0.093594	0.426785	0.464947	0.0813	0.0870	0.3610	0.1560	0.2524	0.1679	0.3803
000042	T	0.104108	0.426658	0.473464	0.0813	0.1184	0.3800	0.1390	0.2640	0.1653	0.3771
000043	F	0.114496	0.430276	0.482220	0.0660	0.1759	0.3220	0.1060	0.2652	0.1570	0.3686
000044	N	0.123283	0.434756	0.490861	0.0542	0.1759	0.2080	0.0910	0.2478	0.1601	0.3642
000045	Q	0.062095	0.435812	0.498113	0.1041	0.2783	0.1880	0.0880	0.2611	0.1616	0.3575
000046	V	0.055123	0.418507	0.504147	0.1667	0.3631	0.1950	0.0990	0.2838	0.1564	0.3471
000047	V	0.049655	0.404294	0.511937	0.1958	0.3948	0.2030	0.0960	0.2932	0.1568	0.3359
000048	L	0.046328	0.420292	0.523776	0.1998	0.4186	0.2020	0.0870	0.3019	0.1646	0.3290
000049	K	0.046746	0.416649	0.539127	0.2041	0.4409	0.2010	0.0910	0.3080	0.1700	0.3264
000050	R	0.042301	0.393425	0.554905	0.2255	0.3631	0.2270	0.0970	0.3010	0.1607	0.3246
000051	L	0.070828	0.365165	0.570283	0.2432	0.3494	0.2920	0.1320	0.3152	0.1495	0.3249
000052	F	0.098739	0.364072	0.586925	0.1805	0.2817	0.3280	0.1750	0.3067	0.1539	0.3304
000053	M	0.123395	0.410621	0.605390	0.1805	0.2783	0.3570	0.1820	0.3258	0.1585	0.3412
000054	S	0.230026	0.479402	0.622999	0.2209	0.3840	0.3890	0.1780	0.3877	0.1393	0.3589
000055	R	0.339255	0.558424	0.638983	0.2167	0.3494	0.4040	0.1600	0.4179	0.1415	0.3741
000056	T	0.446731	0.596104	0.654353	0.2167	0.2645	0.4450	0.1490	0.4372	0.1586	0.3863
000057	N	0.547651	0.641212	0.671610	0.2748	0.3321	0.5110	0.1570	0.4964	0.1475	0.3983
000058	R	0.648821	0.668561	0.690559	0.2748	0.3948	0.5200	0.1530	0.5329	0.1541	0.4080
000059	P	0.755628	0.689142	0.708157	0.3806	0.4441	0.5010	0.1500	0.5797	0.1436	0.4156
000060	P	0.827212	0.685243	0.720838	0.3668	0.4441	0.5460	0.1540	0.5984	0.1608	0.4183
000061	L	0.899570	0.669514	0.729180	0.3359	0.3667	0.6320	0.1400	0.6055	0.1984	0.4195
000062	S	0.974881	0.650362	0.737451	0.4282	0.4685	0.6320	0.1570	0.6485	0.1806	0.4200
000063	L	0.978041	0.652879	0.746831	0.4556	0.5807	0.6260	0.1530	0.6733	0.1617	0.4195
000064	S	0.978459	0.627936	0.754616	0.5043	0.6227	0.5760	0.1710	0.6774	0.1539	0.4180
000065	R	0.980737	0.618443	0.756889	0.5084	0.6227	0.6200	0.1980	0.6846	0.1507	0.4137
000066	M	0.989287	0.632240	0.754895	0.5084	0.6322	0.6660	0.1980	0.6972	0.1493	0.4120
000067	I	0.996966	0.643897	0.749624	0.5008	0.6375	0.6620	0.2130	0.6984	0.1521	0.4144
000068	R	0.995840	0.625669	0.743041	0.5008	0.6227	0.6290	0.2170	0.6861	0.1552	0.4153
000069	K	0.993773	0.629039	0.735120	0.4967	0.5854	0.6470	0.2060	0.6811	0.1569	0.4167
000070	M	0.992602	0.629111	0.724603	0.4703	0.4864	0.6870	0.1840	0.6650	0.1744	0.4182
000071	K	0.991286	0.625880	0.711921	0.4149	0.4051	0.7030	0.1510	0.6420	0.1994	0.4223
000072	L	0.955810	0.612003	0.699678	0.4245	0.4220	0.7030	0.1530	0.6362	0.1835	0.4263
000073	P	0.919086	0.616311	0.688909	0.3630	0.4220	0.6470	0.1640	0.6094	0.1824	0.4301
000074	G	0.906831	0.597667	0.679862	0.3717	0.5017	0.6110	0.1630	0.6115	0.1641	0.4334
000075	R	0.863706	0.583700	0.671070	0.3717	0.4220	0.6150	0.1590	0.5878	0.1623	0.4317
000076	E	0.814574	0.570843	0.664060	0.3578	0.4186	0.5680	0.1790	0.5657	0.1508	0.4286
000077	N	0.789021	0.545678	0.658350	0.3053	0.4369	0.5430	0.1850	0.5463	0.1536	0.4268
000078	K	0.731172	0.523910	0.651827	0.3847	0.5139	0.4780	0.2040	0.5473	0.1137	0.4257
000079	T	0.682672	0.497211	0.644357	0.3762	0.4476	0.4490	0.2050	0.5162	0.1105	0.4227
000080	A	0.649836	0.469477	0.634925	0.3578	0.4507	0.4460	0.1980	0.5014	0.1058	0.4192
000081	V	0.646797	0.432067	0.625278	0.3146	0.4220	0.4570	0.2010	0.4830	0.1172	0.4167
000082	V	0.655864	0.441251	0.615163	0.3146	0.4256	0.4130	0.1720	0.4775	0.1194	0.4147
000083	V	0.613283	0.433741	0.605560	0.3225	0.4901	0.3720	0.1560	0.4728	0.1095	0.4130
000084	G	0.590621	0.413565	0.594249	0.3005	0.4087	0.3690	0.1390	0.4460	0.1099	0.4115
000085	T	0.574838	0.411582	0.582495	0.2865	0.4369	0.3430	0.1380	0.4393	0.1097	0.4091
000086	I	0.528388	0.391965	0.570620	0.2167	0.4369	0.3190	0.1300	0.4107	0.1200	0.4074
000087	T	0.491756	0.386883	0.559445	0.2483	0.3704	0.2980	0.1180	0.3924	0.1065	0.4069
000088	D	0.449544	0.386315	0.546641	0.2432	0.3631	0.3180	0.1250	0.3844	0.0961	0.4051
000089	D	0.389029	0.378002	0.531787	0.1667	0.3053	0.3430	0.1000	0.3522	0.1088	0.4037
000090	V	0.368729	0.357463	0.515933	0.1667	0.2328	0.3810	0.1100	0.3370	0.1119	0.4044
000091	R	0.327092	0.344761	0.501056	0.1322	0.2328	0.4650	0.1560	0.3338	0.1266	0.4050
000092	V	0.312876	0.345231	0.486418	0.1322	0.2224	0.5690	0.1970	0.3446	0.1480	0.4063
000093	Q	0.328198	0.328787	0.472159	0.1566	0.2849	0.6620	0.2020	0.3721	0.1591	0.4070
000094	E	0.380592	0.323491	0.458112	0.1322	0.2849	0.7010	0.1660	0.3801	0.1746	0.4095
000095	V	0.424514	0.313369	0.446880	0.1322	0.2884	0.7840	0.1150	0.3982	0.2008	0.4164
000096	P	0.514354	0.296598	0.439391	0.0858	0.2849	0.6710	0.0740	0.3819	0.1865	0.4219
000097	K	0.602070	0.275479	0.435550	0.1322	0.3667	0.5630	0.0840	0.3959	0.1617	0.4278
000098	L	0.692870	0.257946	0.434285	0.1349	0.3356	0.4860	0.1210	0.3903	0.1772	0.4334
000099	K	0.747280	0.236923	0.432605	0.1380	0.3494	0.3940	0.1030	0.3831	0.1905	0.4284
000100	V	0.809319	0.211317	0.431049	0.1205	0.3566	0.3990	0.1350	0.3879	0.2173	0.4242
000101	C	0.877487	0.215948	0.429283	0.1698	0.4186	0.3290	0.0890	0.4067	0.2312	0.4221
000102	A	0.927617	0.222466	0.427643	0.1698	0.3356	0.2860	0.0740	0.3949	0.2518	0.4199
000103	L	0.940228	0.240479	0.422574	0.2292	0.3215	0.2680	0.0770	0.4037	0.2485	0.4166
000104	R	0.965983	0.246970	0.415029	0.1566	0.3215	0.2670	0.0850	0.3956	0.2667	0.4142
000105	V	0.971948	0.265995	0.406642	0.1041	0.3019	0.2820	0.0860	0.3887	0.2755	0.4134
000106	T	0.972746	0.292515	0.399570	0.1495	0.3529	0.2830	0.0920	0.4084	0.2639	0.4164
000107	S	0.972898	0.327117	0.393806	0.1018	0.3286	0.2910	0.1080	0.4026	0.2706	0.4181
000108	R	0.976399	0.356944	0.390725	0.0991	0.3249	0.3360	0.1620	0.4139	0.2687	0.4203
000109	A	0.975323	0.399970	0.391142	0.1532	0.3182	0.3340	0.1800	0.4286	0.2576	0.4231
000110	R	0.974736	0.427980	0.394627	0.1566	0.2399	0.2970	0.1470	0.4152	0.2662	0.4239
000111	S	0.931956	0.431681	0.400420	0.1495	0.2988	0.2450	0.0950	0.4095	0.2518	0.4230
000112	R	0.887405	0.409020	0.406860	0.1380	0.2680	0.2170	0.0810	0.3877	0.2437	0.4222
000113	I	0.845195	0.387619	0.410636	0.1635	0.2849	0.2070	0.0750	0.3831	0.2248	0.4186
000114	L	0.790045	0.351681	0.411886	0.1635	0.3566	0.1670	0.0500	0.3735	0.2092	0.4171
000115	R	0.700895	0.334719	0.411597	0.1602	0.2817	0.1510	0.0430	0.3400	0.1857	0.4197
000116	A	0.614651	0.326075	0.411672	0.2333	0.3087	0.1390	0.0370	0.3389	0.1492	0.4194
000117	G	0.511031	0.321533	0.409860	0.1667	0.2399	0.1320	0.0320	0.2968	0.1333	0.4179
000118	G	0.415127	0.299090	0.408330	0.1416	0.2328	0.1220	0.0270	0.2699	0.1160	0.4130
000119	K	0.307046	0.264605	0.407889	0.0935	0.2258	0.1200	0.0250	0.2364	0.1075	0.4086
000120	I	0.240237	0.257994	0.408842	0.1117	0.2752	0.1180	0.0260	0.2353	0.1011	0.4053
000121	L	0.176141	0.245097	0.410205	0.1117	0.2752	0.1200	0.0270	0.2231	0.1028	0.4050
000122	T	0.111383	0.222102	0.411018	0.1349	0.2783	0.1310	0.0290	0.2148	0.1054	0.4077
000123	F	0.056680	0.245017	0.412479	0.1380	0.2002	0.1530	0.0250	0.2010	0.1108	0.4104
000124	D	0.038354	0.264327	0.413011	0.2041	0.2752	0.1580	0.0300	0.2255	0.1149	0.4165
000125	Q	0.017649	0.263118	0.415190	0.2167	0.3426	0.1650	0.0430	0.2367	0.1273	0.4202
000126	L	0.011621	0.299605	0.418681	0.2122	0.2884	0.1800	0.0580	0.2351	0.1253	0.4222
000127	A	0.005240	0.323992	0.424367	0.2531	0.2503	0.1990	0.0800	0.2426	0.1279	0.4249
000128	L	0.005712	0.342663	0.432024	0.1958	0.1914	0.2320	0.1050	0.2333	0.1332	0.4266
000129	D	0.007696	0.380145	0.442606	0.1532	0.1942	0.2330	0.1060	0.2352	0.1439	0.4293
000130	S	0.025893	0.405080	0.454944	0.1088	0.1852	0.2290	0.1020	0.2348	0.1525	0.4316
000131	P	0.065914	0.421076	0.466936	0.1667	0.2849	0.2450	0.1170	0.2751	0.1382	0.4336
000132	K	0.106630	0.418190	0.479144	0.2385	0.3631	0.2650	0.1260	0.3118	0.1235	0.4349
000133	G	0.184044	0.423020	0.494078	0.2657	0.3667	0.2710	0.1180	0.3340	0.1047	0.4364
000134	C	0.254201	0.429817	0.512836	0.3668	0.4652	0.2240	0.0940	0.3755	0.1062	0.4382
000135	G	0.335472	0.437335	0.533746	0.3762	0.4831	0.1790	0.0770	0.3908	0.1150	0.4419
000136	T	0.432200	0.437338	0.555017	0.3717	0.4685	0.1680	0.0610	0.4054	0.1195	0.4470
000137	V	0.510208	0.430704	0.575421	0.4651	0.4901	0.1700	0.0620	0.4403	0.1286	0.4519
000138	L	0.523660	0.448745	0.593091	0.4967	0.4369	0.1770	0.0670	0.4461	0.1307	0.4585
000139	L	0.513563	0.462165	0.607512	0.5296	0.5176	0.1810	0.0730	0.4686	0.1355	0.4641
000140	S	0.488977	0.497068	0.620382	0.4703	0.5419	0.1810	0.0820	0.4665	0.1370	0.4686
000141	G	0.481652	0.524738	0.631563	0.4879	0.4476	0.1930	0.0780	0.4611	0.1331	0.4746
000142	P	0.447453	0.552798	0.642360	0.4600	0.4220	0.2120	0.0850	0.4561	0.1322	0.4854
000143	R	0.423466	0.568597	0.653418	0.3847	0.4220	0.2700	0.1090	0.4536	0.1249	0.4972
000144	K	0.394488	0.589772	0.669070	0.3847	0.4017	0.2700	0.1160	0.4515	0.1353	0.5093
000145	G	0.373077	0.610140	0.687593	0.4703	0.4979	0.2990	0.1270	0.4896	0.1318	0.5188
000146	R	0.368064	0.615120	0.708557	0.4458	0.4940	0.3330	0.1230	0.4942	0.1321	0.5284
000147	E	0.426753	0.612660	0.730395	0.4703	0.4940	0.3490	0.1320	0.5139	0.1249	0.5359
000148	V	0.478362	0.618578	0.755029	0.5253	0.5854	0.3510	0.1520	0.5523	0.1246	0.5502
000149	Y	0.509620	0.617489	0.779833	0.5846	0.6906	0.3380	0.1600	0.5866	0.1397	0.5603
000150	R	0.497674	0.618065	0.803639	0.6557	0.7672	0.3210	0.1580	0.6106	0.1635	0.5716
000151	H	0.476069	0.676784	0.826445	0.6715	0.7881	0.3730	0.1720	0.6353	0.1618	0.5832
000152	F	0.437450	0.709683	0.848828	0.6715	0.7916	0.4490	0.1610	0.6514	0.1577	0.5904
000153	G	0.385462	0.743335	0.871551	0.6650	0.7718	0.4570	0.1480	0.6491	0.1732	0.5811
000154	K	0.310838	0.780250	0.893719	0.6604	0.7916	0.4980	0.1220	0.6557	0.1977	0.5739
000155	A	0.238942	0.806363	0.916860	0.6715	0.6948	0.5580	0.1200	0.6477	0.2143	0.5660
000156	P	0.215427	0.829407	0.938134	0.6906	0.6322	0.5940	0.1190	0.6499	0.2270	0.5595
000157	G	0.167419	0.844524	0.956941	0.6293	0.6269	0.6450	0.1300	0.6450	0.2469	0.5593
000158	T	0.193697	0.855985	0.972476	0.5941	0.6322	0.6490	0.1440	0.6495	0.2443	0.5677
000159	P	0.282884	0.866895	0.985023	0.6474	0.7080	0.6320	0.1510	0.6869	0.2197	0.5735
000160	H	0.367365	0.873842	0.994736	0.7079	0.7982	0.6360	0.1450	0.7296	0.1985	0.5880
000161	S	0.411551	0.879065	1.002442	0.7111	0.7951	0.6900	0.1270	0.7482	0.1835	0.5979
000162	H	0.519168	0.886773	1.010288	0.7034	0.7843	0.7090	0.1210	0.7688	0.1542	0.6129
000163	T	0.624078	0.895513	1.017933	0.7772	0.7843	0.7540	0.1160	0.8088	0.1225	0.6252
000164	K	0.732056	0.903781	1.023901	0.7951	0.7799	0.7770	0.1230	0.8353	0.0992	0.6627
000165	P	0.791676	0.910369	1.027519	0.7275	0.7843	0.8130	0.1370	0.8424	0.0991	0.6871
000166	Y	0.889894	0.912608	1.029951	0.7317	0.7799	0.8450	0.1450	0.8649	0.0962	0.7160
000167	V	0.927374	0.916695	1.031480	0.7317	0.7595	0.8560	0.1480	0.8704	0.1025	0.7373
000168	R	0.927358	0.924299	1.032741	0.7192	0.7595	0.8710	0.1410	0.8724	0.1062	0.7461
000169	S	0.932104	0.932182	1.034003	0.7388	0.7628	0.8930	0.1190	0.8821	0.1024	0.7488
000170	K	0.991326	0.941699	1.035277	0.7192	0.7415	0.9030	0.1080	0.8887	0.1193	0.7510
000171	G	0.994238	0.946567	1.036191	0.7232	0.6948	0.9060	0.1090	0.8835	0.1300	0.7526
000172	R	0.999262	0.951228	1.036313	0.7388	0.6948	0.8990	0.1260	0.8865	0.1278	0.7673
000173	K	0.999513	0.956139	1.036186	0.7147	0.6851	0.8950	0.1300	0.8812	0.1354	0.7774
000174	F	0.999726	0.957413	1.036043	0.7111	0.6806	0.9060	0.1170	0.8818	0.1376	0.7918
000175	E	0.999779	0.957986	1.035744	0.7111	0.5758	0.9160	0.1010	0.8661	0.1663	0.7837
000176	R	0.999804	0.958232	1.035046	0.6906	0.5493	0.9300	0.0870	0.8605	0.1779	0.7955
000177	A	0.999820	0.955879	1.034094	0.6944	0.6620	0.9420	0.0710	0.8814	0.1470	0.8028
000178	R	0.999772	0.954921	1.033010	0.7458	0.7163	0.9530	0.0520	0.9005	0.1232	0.8092
000179	G	0.999763	0.958178	1.031894	0.7388	0.6948	0.9760	0.0360	0.8999	0.1320	0.8173
000180	R	0.999670	0.961075	1.030706	0.7724	0.6851	0.9830	0.0230	0.9054	0.1291	0.8291
000181	R	0.999618	0.961276	1.029615	0.8001	0.6661	0.9500	0.0820	0.9011	0.1276	0.8353
000182	A	0.999051	0.964318	1.028555	0.8350	0.6576	0.9240	0.1250	0.9014	0.1252	0.8377
000183	S	0.992681	0.968198	1.027871	0.8556	0.6269	0.9910	0.0110	0.9104	0.1377	0.8318
000184	R	0.990573	0.972248	1.027205	0.8713	0.6043	0.9930	0.0090	0.9097	0.1449	0.8306
000185	G	0.999361	0.974322	1.026453	0.9369	0.7547	0.9880	0.0160	0.9466	0.0900	0.8271
000186	Y	0.994721	0.975248	1.025237	0.9640	0.7505	0.9790	0.0260	0.9482	0.0905	0.8390
000187	K	0.942349	0.976600	1.023790	0.9697	0.7209	0.9490	0.0590	0.9304	0.0973	0.8372
000188	N	0.980945	0.977846	1.023033	0.9843	0.7595	0.9310	0.0810	0.9428	0.0862	0.8354