RESNUM	RES	VL-XT	VSL2B	VL3	IUPred-S	IUPred-L	PONDRFIT	FITERROR	MDP	MDPERROR	ANCHOR2
000001	M	0.680062	0.981871	0.922211	0.9665	0.6482	0.9860	0.0120	0.8641	0.1432	0.7090
000002	S	0.801700	0.977320	0.920405	0.9604	0.6755	0.9880	0.0080	0.8872	0.1131	0.6850
000003	S	0.756518	0.974771	0.916911	0.9491	0.5342	0.9690	0.0330	0.8501	0.1595	0.6667
000004	F	0.855471	0.972733	0.914119	0.9257	0.5533	0.9670	0.0210	0.8648	0.1446	0.6495
000005	D	0.825194	0.969374	0.911071	0.8521	0.6043	0.9710	0.0130	0.8555	0.1248	0.6285
000006	L	0.848702	0.962894	0.908133	0.8200	0.6620	0.9720	0.0120	0.8622	0.1051	0.6040
000007	P	0.825725	0.958071	0.905433	0.7951	0.5342	0.9690	0.0130	0.8313	0.1473	0.5550
000008	A	0.810404	0.958312	0.903563	0.7817	0.5758	0.9730	0.0130	0.8338	0.1352	0.5233
000009	P	0.774029	0.956847	0.902262	0.6827	0.5901	0.9780	0.0080	0.8141	0.1439	0.4925
000010	S	0.753000	0.955396	0.901031	0.6604	0.5176	0.9550	0.0360	0.7904	0.1630	0.4711
000011	P	0.753783	0.949166	0.899813	0.6219	0.5419	0.9560	0.0330	0.7871	0.1613	0.4589
000012	P	0.759908	0.953484	0.898204	0.5992	0.6183	0.9440	0.0380	0.7955	0.1465	0.4534
000013	R	0.765666	0.955352	0.896685	0.6079	0.6531	0.9390	0.0360	0.8029	0.1369	0.4556
000014	C	0.797799	0.958985	0.895193	0.6334	0.6806	0.9370	0.0370	0.8171	0.1247	0.4583
000015	S	0.804550	0.959670	0.894043	0.6870	0.8050	0.9210	0.0360	0.8452	0.0908	0.4623
000016	P	0.838852	0.959190	0.892847	0.6681	0.7951	0.8850	0.0490	0.8399	0.0919	0.4702
000017	Q	0.866440	0.959099	0.891256	0.7232	0.8125	0.8490	0.0540	0.8503	0.0723	0.4896
000018	F	0.889068	0.957520	0.889697	0.7275	0.8085	0.8110	0.0590	0.8473	0.0740	0.5158
000019	P	0.889220	0.954301	0.887833	0.7147	0.7672	0.6550	0.0980	0.8114	0.1065	0.5246
000020	S	0.835394	0.952941	0.885923	0.7034	0.6269	0.6490	0.1200	0.7756	0.1228	0.5467
000021	I	0.760060	0.950289	0.882866	0.6715	0.5139	0.6230	0.1300	0.7335	0.1497	0.5649
000022	G	0.661707	0.945248	0.878932	0.5992	0.5211	0.5400	0.1600	0.6911	0.1637	0.5693
000023	Q	0.560690	0.938385	0.874626	0.5229	0.5139	0.5360	0.1630	0.6578	0.1774	0.5677
000024	E	0.461564	0.935147	0.870189	0.5412	0.4119	0.5110	0.1350	0.6219	0.2034	0.5566
000025	P	0.385683	0.928211	0.866264	0.6079	0.3948	0.4940	0.1260	0.6128	0.2148	0.5498
000026	P	0.308947	0.922815	0.862275	0.5667	0.3872	0.4970	0.1260	0.5908	0.2288	0.5534
000027	E	0.241982	0.916737	0.858651	0.5084	0.3872	0.4940	0.1440	0.5678	0.2430	0.5604
000028	M	0.189325	0.907617	0.854268	0.4781	0.3872	0.5460	0.1370	0.5604	0.2522	0.5600
000029	N	0.164964	0.901678	0.848009	0.5583	0.4864	0.4700	0.1200	0.5715	0.2478	0.5592
000030	L	0.162602	0.888198	0.838789	0.5711	0.4087	0.4680	0.1160	0.5561	0.2500	0.5711
000031	Y	0.183185	0.879735	0.826646	0.5762	0.4256	0.4670	0.1370	0.5597	0.2389	0.5714
000032	Y	0.214525	0.859979	0.813182	0.5583	0.4979	0.4800	0.1280	0.5707	0.2172	0.5678
000033	E	0.244069	0.837087	0.799545	0.5667	0.5055	0.4480	0.1100	0.5668	0.2038	0.5695
000034	N	0.235717	0.791200	0.785678	0.5331	0.5055	0.5410	0.0970	0.5654	0.1886	0.5676
000035	F	0.219036	0.777953	0.772062	0.5296	0.4864	0.5950	0.0900	0.5633	0.1898	0.5699
000036	F	0.212440	0.780385	0.760701	0.5374	0.4864	0.6080	0.1180	0.5642	0.1905	0.5635
000037	H	0.199771	0.792268	0.753629	0.5173	0.4652	0.5880	0.1280	0.5527	0.1968	0.5410
000038	P	0.214250	0.797107	0.749901	0.5173	0.3460	0.5730	0.1410	0.5330	0.2062	0.5224
000039	Q	0.234089	0.804117	0.746748	0.5549	0.4087	0.5880	0.1280	0.5560	0.1933	0.5141
000040	G	0.256609	0.801903	0.742940	0.4967	0.4017	0.6590	0.1130	0.5598	0.1928	0.5042
000041	V	0.262902	0.801696	0.739598	0.5514	0.4685	0.6810	0.0990	0.5842	0.1819	0.4929
000042	P	0.305683	0.805495	0.737338	0.6079	0.5807	0.6230	0.1040	0.6100	0.1571	0.4832
000043	S	0.389347	0.806287	0.736451	0.6681	0.7331	0.6640	0.1210	0.6662	0.1327	0.4777
000044	P	0.489166	0.805687	0.735499	0.6474	0.5758	0.6840	0.1370	0.6563	0.1032	0.4733
000045	Q	0.584147	0.805147	0.734060	0.6681	0.5665	0.6790	0.1510	0.6728	0.0822	0.4740
000046	R	0.674999	0.802739	0.732072	0.6374	0.6620	0.6840	0.1190	0.6989	0.0545	0.4719
000047	P	0.738847	0.801121	0.729926	0.6789	0.7916	0.6510	0.0830	0.7320	0.0543	0.4738
000048	S	0.788762	0.800298	0.727915	0.6650	0.8162	0.6230	0.0980	0.7369	0.0720	0.4814
000049	F	0.830662	0.797611	0.724783	0.6557	0.8085	0.6680	0.1030	0.7475	0.0689	0.4855
000050	E	0.828051	0.792781	0.721287	0.6412	0.8085	0.5800	0.0710	0.7286	0.0915	0.4802
000051	G	0.751711	0.791056	0.717688	0.6374	0.6906	0.5780	0.0870	0.6944	0.0707	0.4767
000052	G	0.654344	0.790218	0.715035	0.7079	0.6806	0.4530	0.1070	0.6669	0.1042	0.4743
000053	G	0.552467	0.789056	0.712126	0.6293	0.5139	0.3890	0.1120	0.5977	0.1311	0.4749
000054	E	0.450591	0.785566	0.708644	0.5992	0.4087	0.4210	0.1200	0.5622	0.1465	0.4732
000055	Y	0.348939	0.776728	0.704366	0.5084	0.4051	0.4610	0.1510	0.5341	0.1553	0.4728
000056	G	0.251833	0.766823	0.699333	0.4245	0.3872	0.3660	0.1190	0.4826	0.1858	0.4730
000057	A	0.151661	0.747836	0.693458	0.4333	0.4017	0.3470	0.1160	0.4625	0.2038	0.4740
000058	T	0.063738	0.724829	0.687883	0.4149	0.3910	0.3550	0.1260	0.4395	0.2215	0.4722
000059	P	0.041664	0.699405	0.683017	0.4282	0.3494	0.3610	0.1100	0.4271	0.2231	0.4686
000060	N	0.080482	0.687470	0.680917	0.4967	0.4541	0.3320	0.0900	0.4553	0.2091	0.4656
000061	P	0.085261	0.671016	0.682269	0.4245	0.4507	0.2770	0.0810	0.4318	0.2099	0.4662
000062	Y	0.124985	0.697788	0.688157	0.4282	0.4619	0.2790	0.0790	0.4466	0.2056	0.4680
000063	L	0.185687	0.725990	0.696311	0.4420	0.4725	0.3230	0.0780	0.4742	0.1914	0.4685
000064	W	0.251617	0.750372	0.704305	0.4600	0.3740	0.3840	0.0880	0.4874	0.1808	0.4641
000065	F	0.331463	0.747758	0.711979	0.4556	0.2849	0.4000	0.0980	0.4887	0.1790	0.4605
000066	N	0.395243	0.762609	0.717655	0.4513	0.3948	0.3870	0.1010	0.5181	0.1589	0.4557
000067	G	0.455756	0.793447	0.721172	0.3885	0.3948	0.4580	0.1020	0.5353	0.1606	0.4509
000068	P	0.492857	0.805445	0.720601	0.4203	0.4409	0.5270	0.0980	0.5679	0.1443	0.4462
000069	T	0.553655	0.788604	0.719197	0.4149	0.4409	0.6010	0.0810	0.5864	0.1356	0.4434
000070	M	0.564202	0.795019	0.718671	0.4149	0.3948	0.6260	0.1270	0.5856	0.1468	0.4406
000071	T	0.596879	0.802994	0.719900	0.4149	0.3807	0.5920	0.1280	0.5846	0.1509	0.4374
000072	P	0.646180	0.812909	0.720983	0.3717	0.3807	0.5510	0.1450	0.5806	0.1645	0.4340
000073	P	0.690545	0.813456	0.719415	0.4420	0.3740	0.5660	0.1470	0.6009	0.1556	0.4312
000074	P	0.714085	0.811432	0.715039	0.4918	0.3704	0.6450	0.1200	0.6247	0.1493	0.4311
000075	Y	0.758376	0.803448	0.709871	0.4918	0.5017	0.7600	0.0850	0.6709	0.1261	0.4330
000076	L	0.801824	0.794897	0.705384	0.4825	0.6531	0.6720	0.1060	0.6849	0.1067	0.4345
000077	P	0.857036	0.788884	0.701538	0.4918	0.5992	0.5390	0.1560	0.6628	0.1316	0.4352
000078	G	0.865018	0.778813	0.696784	0.5173	0.4831	0.5700	0.1290	0.6519	0.1395	0.4351
000079	P	0.955895	0.751667	0.691105	0.4781	0.4725	0.5560	0.1130	0.6509	0.1710	0.4338
000080	N	0.991316	0.739126	0.686305	0.3885	0.4051	0.6050	0.1030	0.6358	0.2061	0.4317
000081	A	0.972524	0.739999	0.683117	0.4458	0.4725	0.5820	0.1110	0.6493	0.1785	0.4278
000082	S	0.939399	0.689481	0.680546	0.3762	0.4652	0.6140	0.1410	0.6276	0.1796	0.4236
000083	P	0.934385	0.679874	0.677055	0.3885	0.4685	0.5530	0.1540	0.6169	0.1764	0.4190
000084	F	0.926233	0.665904	0.671438	0.3762	0.3840	0.5530	0.1540	0.5962	0.1892	0.4159
000085	L	0.908448	0.665433	0.664491	0.3762	0.3019	0.4200	0.1190	0.5560	0.2095	0.4149
000086	P	0.880543	0.666137	0.657183	0.3939	0.4119	0.3430	0.1160	0.5589	0.1914	0.4159
000087	Q	0.858216	0.651366	0.649587	0.3847	0.4766	0.3130	0.0990	0.5556	0.1843	0.4159
000088	A	0.814672	0.636964	0.642887	0.3992	0.4017	0.3160	0.0820	0.5352	0.1753	0.4159
000089	Y	0.760350	0.628930	0.638014	0.3992	0.3948	0.3620	0.0810	0.5305	0.1518	0.4165
000090	G	0.698298	0.587518	0.635657	0.3146	0.3807	0.3540	0.0720	0.4951	0.1502	0.4174
000091	V	0.730412	0.577359	0.634559	0.3146	0.3053	0.3410	0.0890	0.4839	0.1698	0.4182
000092	Q	0.735238	0.526069	0.630726	0.3491	0.3356	0.3170	0.0940	0.4822	0.1605	0.4192
000093	R	0.740530	0.561584	0.625626	0.2786	0.3426	0.3430	0.0910	0.4821	0.1702	0.4211
000094	P	0.755652	0.604365	0.620136	0.2700	0.3215	0.3780	0.1030	0.4915	0.1780	0.4231
000095	L	0.720707	0.649960	0.616344	0.3491	0.4441	0.4120	0.1030	0.5320	0.1368	0.4248
000096	L	0.668884	0.646903	0.611772	0.4116	0.4476	0.3440	0.1110	0.5218	0.1256	0.4253
000097	P	0.661144	0.653360	0.606476	0.4245	0.4330	0.3380	0.1180	0.5194	0.1258	0.4239
000098	S	0.657273	0.649723	0.599392	0.3146	0.3117	0.4230	0.1100	0.4927	0.1485	0.4214
000099	V	0.700716	0.651115	0.589791	0.3456	0.2752	0.4860	0.1130	0.5081	0.1557	0.4185
000100	S	0.691892	0.640515	0.575807	0.3184	0.3840	0.4930	0.1350	0.5173	0.1335	0.4139
000101	G	0.673591	0.622368	0.557858	0.2292	0.3053	0.4780	0.1110	0.4778	0.1619	0.4101
000102	L	0.657170	0.605213	0.537264	0.3146	0.3807	0.4180	0.1050	0.4855	0.1233	0.4079
000103	G	0.649181	0.573251	0.515416	0.1878	0.3566	0.3600	0.1170	0.4404	0.1550	0.4081
000104	G	0.680055	0.528670	0.495121	0.2080	0.3740	0.3520	0.1220	0.4397	0.1497	0.4081
000105	S	0.714225	0.506185	0.476837	0.1878	0.3704	0.3320	0.1280	0.4313	0.1636	0.4079
000106	D	0.699223	0.480670	0.459840	0.2657	0.4507	0.2860	0.1280	0.4404	0.1434	0.4070
000107	L	0.670903	0.430290	0.442736	0.3399	0.4507	0.2930	0.1230	0.4379	0.1191	0.4077
000108	G	0.612536	0.397067	0.425356	0.3359	0.3872	0.2630	0.0890	0.4036	0.1070	0.4114
000109	W	0.558009	0.381280	0.408869	0.2531	0.3872	0.2880	0.0820	0.3794	0.0976	0.4185
000110	L	0.524079	0.361281	0.392849	0.2820	0.3807	0.2770	0.0870	0.3696	0.0826	0.4258
000111	P	0.502739	0.370905	0.376572	0.2820	0.3321	0.2760	0.0770	0.3567	0.0760	0.4303
000112	I	0.456101	0.383018	0.359114	0.1998	0.3286	0.2870	0.0680	0.3356	0.0798	0.4185
000113	P	0.419201	0.374713	0.341241	0.2041	0.4149	0.2590	0.0610	0.3354	0.0797	0.4111
000114	S	0.371437	0.376244	0.324662	0.1958	0.4292	0.2670	0.0610	0.3274	0.0771	0.4066
000115	Q	0.357514	0.403533	0.311854	0.2209	0.3392	0.3040	0.0810	0.3229	0.0560	0.4026
000116	E	0.430203	0.424067	0.300793	0.2531	0.3392	0.3110	0.0920	0.3430	0.0647	0.3969
000117	E	0.509965	0.421413	0.290525	0.1416	0.2328	0.3330	0.1040	0.3216	0.1203	0.3887
000118	L	0.539377	0.440756	0.279634	0.2122	0.2951	0.3790	0.1160	0.3576	0.1092	0.3790
000119	M	0.566053	0.445969	0.268928	0.1322	0.2645	0.3530	0.0900	0.3385	0.1393	0.3703
000120	K	0.569761	0.418341	0.255607	0.2255	0.3053	0.3380	0.0840	0.3520	0.1151	0.3627
000121	L	0.582682	0.390513	0.239511	0.2657	0.2951	0.3600	0.0940	0.3555	0.1140	0.3564
000122	V	0.594584	0.377945	0.221141	0.1635	0.2541	0.3180	0.1040	0.3215	0.1399	0.3513
000123	R	0.592576	0.331022	0.204742	0.1732	0.2884	0.2850	0.1160	0.3124	0.1361	0.3473
000124	P	0.609048	0.306768	0.188143	0.1266	0.2470	0.2450	0.0980	0.2872	0.1543	0.3397
000125	P	0.585535	0.283790	0.170808	0.0965	0.1852	0.2360	0.0910	0.2596	0.1567	0.3326
000126	Y	0.583584	0.248468	0.151718	0.0677	0.1671	0.2420	0.0880	0.2434	0.1637	0.3208
000127	S	0.608747	0.220339	0.133709	0.0336	0.1554	0.1740	0.0560	0.2210	0.1824	0.3140
000128	Y	0.616877	0.218551	0.118003	0.0304	0.1275	0.1490	0.0450	0.2101	0.1901	0.3084
000129	S	0.642656	0.206951	0.104285	0.0490	0.1969	0.1060	0.0320	0.2175	0.1979	0.3065
000130	A	0.662108	0.188250	0.092894	0.0490	0.2503	0.0740	0.0210	0.2194	0.2098	0.3060
000131	L	0.658211	0.177919	0.083433	0.0567	0.2503	0.0650	0.0200	0.2152	0.2098	0.3073
000132	I	0.644300	0.179467	0.076319	0.0991	0.3117	0.0620	0.0190	0.2289	0.2040	0.3061
000133	A	0.630594	0.165955	0.070711	0.1495	0.3019	0.0660	0.0290	0.2308	0.1952	0.3077
000134	M	0.580691	0.169643	0.066120	0.1532	0.3019	0.0740	0.0380	0.2242	0.1774	0.3088
000135	A	0.503321	0.176093	0.061773	0.0771	0.2193	0.0930	0.0510	0.1885	0.1515	0.3093
000136	I	0.407907	0.195464	0.057511	0.0587	0.1969	0.1450	0.0530	0.1769	0.1179	0.3099
000137	H	0.321121	0.225154	0.053085	0.0643	0.2988	0.1750	0.0550	0.1895	0.1041	0.3141
000138	G	0.226813	0.292106	0.048404	0.0607	0.2328	0.2260	0.0890	0.1812	0.0924	0.3166
000139	A	0.148078	0.353528	0.043307	0.1205	0.2364	0.2210	0.0820	0.1872	0.0983	0.3205
000140	P	0.105681	0.379313	0.037804	0.0701	0.2575	0.1900	0.0670	0.1733	0.1179	0.3256
000141	D	0.104417	0.395529	0.032395	0.0514	0.2002	0.2000	0.0680	0.1640	0.1223	0.3338
000142	K	0.078321	0.418713	0.026545	0.0991	0.2129	0.1640	0.0500	0.1666	0.1276	0.3405
000143	R	0.057475	0.369132	0.020065	0.0965	0.2609	0.1660	0.0530	0.1617	0.1211	0.3504
000144	L	0.044410	0.306877	0.012821	0.0771	0.2951	0.1660	0.0480	0.1503	0.1163	0.3592
000145	T	0.039040	0.259407	0.004708	0.0832	0.3426	0.1440	0.0480	0.1455	0.1203	0.3674
000146	L	0.032639	0.223744	-0.004208	0.1060	0.2715	0.1390	0.0480	0.1280	0.0974	0.3775
000147	S	0.027695	0.172014	-0.012905	0.1766	0.3631	0.0930	0.0300	0.1365	0.1227	0.3882
000148	Q	0.020806	0.136355	-0.020827	0.1060	0.2752	0.0790	0.0290	0.0993	0.0943	0.3975
000149	I	0.013926	0.120779	-0.027487	0.1292	0.1914	0.0630	0.0170	0.0818	0.0738	0.4084
000150	Y	0.008576	0.105826	-0.033590	0.0991	0.2224	0.0650	0.0180	0.0779	0.0811	0.4180
000151	Q	0.003447	0.090015	-0.038586	0.0502	0.2002	0.0660	0.0220	0.0619	0.0748	0.4248
000152	Y	0.002866	0.092663	-0.042585	0.0478	0.1852	0.0790	0.0310	0.0609	0.0719	0.4279
000153	V	0.000405	0.103248	-0.045762	0.0478	0.1852	0.0820	0.0360	0.0621	0.0740	0.4286
000154	A	0.000096	0.112537	-0.047770	0.0455	0.1643	0.0870	0.0350	0.0603	0.0705	0.4255
000155	D	0.000050	0.135858	-0.047178	0.0813	0.2224	0.0890	0.0370	0.0802	0.0876	0.4220
000156	N	0.000022	0.171071	-0.043952	0.0677	0.1373	0.0950	0.0340	0.0712	0.0744	0.4172
000157	F	0.000021	0.190341	-0.036891	0.1150	0.2064	0.1040	0.0500	0.0965	0.0898	0.4152
000158	P	0.000012	0.207694	-0.026549	0.0621	0.2193	0.0880	0.0270	0.0917	0.0940	0.4116
000159	F	0.000023	0.244002	-0.012326	0.0621	0.2002	0.1190	0.0410	0.1021	0.0959	0.4080
000160	Y	0.000035	0.293781	0.002167	0.1088	0.2034	0.1420	0.0550	0.1250	0.1048	0.4016
000161	N	0.000042	0.337730	0.013616	0.1732	0.2849	0.1700	0.0620	0.1633	0.1254	0.3972
000162	K	0.000061	0.357744	0.021543	0.1150	0.2680	0.1840	0.0740	0.1577	0.1279	0.3947
000163	S	0.000074	0.377426	0.026288	0.1844	0.3599	0.2020	0.0840	0.1916	0.1455	0.3938
000164	K	0.000512	0.392690	0.031715	0.2333	0.3529	0.2020	0.0720	0.2022	0.1470	0.3941
000165	A	0.000572	0.388926	0.039605	0.2748	0.3740	0.1890	0.0660	0.2112	0.1508	0.3986
000166	G	0.001361	0.402411	0.050967	0.2041	0.3019	0.1920	0.0680	0.1921	0.1371	0.4021
000167	W	0.001625	0.433807	0.062817	0.1998	0.3019	0.1860	0.0720	0.1976	0.1434	0.4089
000168	Q	0.004724	0.429680	0.073268	0.2333	0.4119	0.1720	0.0740	0.2207	0.1587	0.4121
000169	N	0.007821	0.419970	0.082791	0.2080	0.3087	0.1820	0.0890	0.2015	0.1362	0.4149
000170	S	0.009849	0.387375	0.093280	0.3005	0.3117	0.1820	0.0800	0.2141	0.1319	0.4176
000171	I	0.010097	0.352308	0.103374	0.2913	0.3910	0.1760	0.0700	0.2207	0.1363	0.4220
000172	R	0.013860	0.301087	0.115585	0.2209	0.3740	0.1640	0.0590	0.1983	0.1183	0.4250
000173	H	0.018462	0.284397	0.130108	0.2167	0.3286	0.1570	0.0710	0.1892	0.1024	0.4275
000174	N	0.047831	0.289082	0.148159	0.2167	0.3599	0.1720	0.0820	0.2056	0.1002	0.4303
000175	L	0.084332	0.276458	0.167045	0.1766	0.3667	0.1880	0.0940	0.2098	0.0896	0.4332
000176	S	0.119666	0.275917	0.186763	0.2292	0.3983	0.1840	0.0880	0.2323	0.0881	0.4334
000177	L	0.155609	0.306671	0.207116	0.2255	0.4087	0.1700	0.0800	0.2456	0.0876	0.4327
000178	N	0.198602	0.315499	0.228259	0.3311	0.5211	0.1700	0.0800	0.2941	0.1170	0.4332
000179	D	0.264162	0.315348	0.249999	0.3146	0.5176	0.1830	0.0850	0.3074	0.1041	0.4325
000180	C	0.344122	0.349715	0.272954	0.3096	0.5296	0.1730	0.0720	0.3299	0.1070	0.4328
000181	F	0.420572	0.403242	0.297112	0.3096	0.5382	0.1500	0.0510	0.3532	0.1207	0.4334
000182	K	0.434515	0.429020	0.322141	0.3992	0.6183	0.1760	0.0630	0.3965	0.1329	0.4331
000183	K	0.410456	0.480822	0.348318	0.3992	0.6183	0.2040	0.0790	0.4101	0.1257	0.4310
000184	V	0.381091	0.531271	0.375383	0.4203	0.6322	0.2500	0.1070	0.4317	0.1217	0.4273
000185	P	0.350905	0.565535	0.402291	0.4149	0.5211	0.2690	0.1200	0.4206	0.0995	0.4207
000186	R	0.317264	0.599969	0.427196	0.4879	0.4831	0.3470	0.1490	0.4437	0.0944	0.4135
000187	D	0.292326	0.631695	0.449955	0.4420	0.4901	0.3470	0.1490	0.4422	0.1078	0.4060
000188	E	0.311795	0.637882	0.469127	0.4282	0.4901	0.2820	0.1180	0.4366	0.1182	0.3981
000189	D	0.252778	0.649546	0.484817	0.4149	0.4901	0.2770	0.1020	0.4282	0.1353	0.3965
000190	D	0.210010	0.650836	0.496027	0.3668	0.5017	0.2570	0.1020	0.4137	0.1522	0.3964
000191	P	0.226546	0.647866	0.506287	0.4513	0.6136	0.2380	0.0970	0.4472	0.1654	0.3980
000192	G	0.244852	0.656876	0.518773	0.5412	0.6269	0.2380	0.0880	0.4711	0.1691	0.4001
000193	K	0.238879	0.663530	0.533961	0.5473	0.6531	0.2360	0.0740	0.4788	0.1774	0.4050
000194	G	0.235419	0.660072	0.551454	0.4749	0.6531	0.2600	0.0730	0.4724	0.1710	0.4110
000195	N	0.230417	0.652989	0.567157	0.5126	0.6851	0.2760	0.0810	0.4874	0.1752	0.4175
000196	Y	0.209446	0.655170	0.579330	0.4879	0.5342	0.3150	0.1010	0.4634	0.1541	0.4351
000197	W	0.122421	0.626583	0.587626	0.4825	0.5456	0.3250	0.0890	0.4482	0.1748	0.4537
000198	T	0.101214	0.669619	0.594266	0.4149	0.5456	0.3430	0.1260	0.4448	0.1881	0.4653
000199	L	0.063783	0.669779	0.601251	0.4149	0.5342	0.3770	0.1330	0.4435	0.1974	0.4775
000200	D	0.031474	0.669181	0.608434	0.4203	0.5342	0.4100	0.1120	0.4457	0.2073	0.4789
000201	P	0.009284	0.654010	0.616179	0.4282	0.4292	0.5020	0.1240	0.4397	0.2107	0.4811
000202	N	0.084419	0.715568	0.626894	0.4078	0.4087	0.6140	0.1520	0.4762	0.2088	0.4878
000203	C	0.190949	0.736008	0.637874	0.3491	0.4119	0.6850	0.1390	0.5018	0.1979	0.4966
000204	E	0.301476	0.760824	0.648067	0.3456	0.4087	0.6980	0.1220	0.5272	0.1809	0.5071
000205	K	0.412336	0.772951	0.655591	0.3456	0.4119	0.7010	0.1030	0.5499	0.1651	0.5193
000206	M	0.523360	0.798372	0.662433	0.3399	0.3983	0.7520	0.0770	0.5791	0.1722	0.5327
000207	F	0.634423	0.809651	0.669295	0.3885	0.4801	0.7700	0.0720	0.6253	0.1495	0.5255
000208	D	0.745450	0.819186	0.676536	0.4600	0.5807	0.7590	0.0820	0.6735	0.1211	0.5026
000209	N	0.853299	0.834198	0.684308	0.4651	0.5707	0.8330	0.0660	0.7067	0.1477	0.4831
000210	G	0.962888	0.834307	0.691395	0.5043	0.6661	0.8820	0.0660	0.7568	0.1530	0.4635
000211	N	0.996799	0.849776	0.696620	0.5084	0.5951	0.9170	0.0550	0.7606	0.1747	0.4488
000212	F	0.999305	0.864785	0.700557	0.4781	0.5577	0.9460	0.0360	0.7578	0.1944	0.4428
000213	R	0.999355	0.873252	0.703829	0.4333	0.5382	0.9320	0.0480	0.7466	0.2073	0.4179
000214	R	0.999345	0.877940	0.707066	0.5084	0.6375	0.9340	0.0450	0.7774	0.1736	0.3935
000215	K	0.999049	0.883351	0.709661	0.5126	0.6183	0.9340	0.0450	0.7761	0.1755	0.3702
000216	R	0.998760	0.887201	0.712414	0.5126	0.5992	0.9330	0.0470	0.7738	0.1786	0.3472
000217	K	0.998303	0.890041	0.715354	0.5173	0.6269	0.9170	0.0680	0.7776	0.1709	0.3310
000218	R	0.998251	0.892991	0.719053	0.5623	0.6755	0.8880	0.0960	0.7894	0.1492	0.3310
000219	K	0.998278	0.896241	0.723167	0.5623	0.6322	0.8690	0.1070	0.7803	0.1536	0.3602
000220	S	0.998364	0.898425	0.727610	0.5229	0.5493	0.8640	0.1000	0.7600	0.1772	0.4058
000221	D	0.998254	0.899556	0.732655	0.5043	0.5620	0.8590	0.0990	0.7594	0.1786	0.4713
000222	V	0.995006	0.899116	0.738709	0.4556	0.5456	0.8630	0.0930	0.7495	0.1930	0.5425
000223	S	0.974913	0.899173	0.746239	0.5229	0.6620	0.8110	0.1210	0.7694	0.1493	0.5892
000224	S	0.955417	0.895996	0.754876	0.5229	0.6712	0.8020	0.1230	0.7671	0.1428	0.6446
000225	S	0.932879	0.894830	0.764364	0.5229	0.6620	0.8220	0.1090	0.7665	0.1400	0.6947
000226	T	0.921085	0.897382	0.774597	0.5253	0.6620	0.8300	0.1000	0.7684	0.1380	0.7390
000227	A	0.907149	0.915062	0.785719	0.5296	0.5901	0.8160	0.0940	0.7573	0.1480	0.7835
000228	S	0.894849	0.930519	0.797166	0.5331	0.6269	0.7790	0.0880	0.7602	0.1403	0.8228
000229	L	0.888781	0.938182	0.809965	0.5084	0.5707	0.7900	0.0830	0.7511	0.1583	0.8553
000230	A	0.870379	0.949761	0.823972	0.5412	0.5901	0.7880	0.0900	0.7606	0.1471	0.8707
000231	L	0.850195	0.957344	0.838967	0.5126	0.5901	0.8060	0.0860	0.7593	0.1557	0.8753
000232	E	0.841159	0.963497	0.852774	0.5296	0.6089	0.7890	0.0880	0.7642	0.1490	0.8618
000233	K	0.841655	0.966862	0.864476	0.5667	0.6620	0.7850	0.0860	0.7811	0.1325	0.8475
000234	T	0.848570	0.969474	0.874415	0.5992	0.6661	0.7860	0.0750	0.7907	0.1255	0.8396
000235	E	0.843601	0.970593	0.883647	0.5846	0.6712	0.7810	0.0710	0.7891	0.1295	0.8328
000236	S	0.846828	0.972113	0.892960	0.5846	0.6991	0.7800	0.0780	0.7959	0.1274	0.8254
000237	S	0.846201	0.974617	0.902768	0.5900	0.7289	0.7750	0.0750	0.8028	0.1245	0.8169
000238	L	0.839359	0.977105	0.912207	0.6255	0.7755	0.7740	0.0760	0.8173	0.1121	0.8045
000239	P	0.846769	0.978882	0.920667	0.6442	0.7916	0.7710	0.0840	0.8255	0.1080	0.7648
000240	V	0.862944	0.980115	0.927828	0.7079	0.7916	0.8070	0.0810	0.8462	0.0899	0.7174
000241	D	0.884817	0.981477	0.934797	0.7388	0.7595	0.8250	0.0850	0.8541	0.0883	0.6726
000242	S	0.897986	0.982937	0.942244	0.7540	0.8313	0.8300	0.0900	0.8730	0.0767	0.6558
000243	P	0.909123	0.983946	0.949352	0.7388	0.8198	0.8250	0.1010	0.8710	0.0842	0.6676
000244	K	0.920683	0.984343	0.955656	0.7573	0.8050	0.8320	0.1030	0.8759	0.0828	0.6785
000245	T	0.928237	0.984835	0.960445	0.7688	0.8013	0.8420	0.1030	0.8810	0.0814	0.6985
000246	T	0.935432	0.985303	0.964586	0.7573	0.8162	0.8560	0.1030	0.8858	0.0825	0.7179
000247	E	0.943907	0.985750	0.967788	0.7573	0.8235	0.8600	0.1030	0.8896	0.0827	0.7386
000248	P	0.953607	0.986039	0.970255	0.7772	0.8343	0.8680	0.0980	0.8983	0.0770	0.7605
000249	Q	0.959465	0.985843	0.971868	0.8200	0.8792	0.8790	0.0910	0.9160	0.0603	0.7812
000250	D	0.965263	0.986091	0.973169	0.8001	0.8596	0.8860	0.0900	0.9118	0.0683	0.8121
000251	I	0.967944	0.985423	0.974510	0.8350	0.8872	0.8900	0.0900	0.9233	0.0558	0.8381
000252	L	0.967369	0.984919	0.974892	0.8283	0.8765	0.8890	0.0890	0.9201	0.0588	0.8501
000253	D	0.963946	0.985884	0.973428	0.8311	0.8991	0.8860	0.0920	0.9233	0.0556	0.8369
000254	G	0.965397	0.984698	0.970021	0.8036	0.8920	0.8910	0.0940	0.9177	0.0631	0.8179
000255	A	0.968632	0.983694	0.965662	0.8350	0.8920	0.8910	0.0960	0.9226	0.0538	0.7975
000256	S	0.971740	0.983002	0.961269	0.8521	0.8942	0.8900	0.1000	0.9254	0.0489	0.7584
000257	P	0.973166	0.983290	0.957107	0.8488	0.9126	0.8880	0.1030	0.9272	0.0484	0.7162
000258	G	0.974664	0.983173	0.953571	0.8424	0.8991	0.8880	0.1040	0.9235	0.0508	0.6693
000259	G	0.976177	0.982399	0.950134	0.8424	0.9013	0.8840	0.1040	0.9227	0.0510	0.6130
000260	T	0.979659	0.983684	0.946389	0.8158	0.9057	0.8880	0.0990	0.9199	0.0583	0.5496
000261	T	0.985044	0.984410	0.942395	0.8158	0.9151	0.8850	0.1010	0.9214	0.0591	0.4917
000262	S	0.994178	0.984862	0.938624	0.8556	0.9415	0.8740	0.1080	0.9314	0.0517	0.4387
000263	S	0.995967	0.985224	0.934978	0.8823	0.9649	0.8660	0.1040	0.9383	0.0493	0.4044
000264	P	0.998405	0.985182	0.930921	0.8626	0.9534	0.8620	0.0980	0.9321	0.0538	0.3979
000265	E	0.999678	0.984826	0.926177	0.8595	0.9621	0.8650	0.0930	0.9329	0.0548	0.4021
000266	K	0.999713	0.984226	0.921123	0.8457	0.9287	0.8630	0.0910	0.9238	0.0566	0.4004
000267	R	0.995404	0.983756	0.916029	0.8595	0.9057	0.8700	0.0880	0.9218	0.0518	0.4153
000268	P	0.986114	0.982974	0.911045	0.7912	0.8942	0.8660	0.0970	0.9053	0.0674	0.4496
000269	S	0.976823	0.981421	0.905804	0.7573	0.8894	0.8720	0.0980	0.8971	0.0751	0.4814
000270	P	0.967533	0.979316	0.900508	0.7501	0.8125	0.8580	0.1080	0.8781	0.0815	0.5171
000271	P	0.946787	0.978405	0.895196	0.7458	0.7628	0.8510	0.1130	0.8633	0.0869	0.5787
000272	P	0.934421	0.977298	0.890561	0.6944	0.7595	0.8280	0.1290	0.8474	0.0982	0.6595
000273	S	0.929240	0.975859	0.886209	0.6715	0.7595	0.8080	0.1450	0.8384	0.1036	0.7302
000274	G	0.926610	0.972928	0.882375	0.6715	0.7415	0.7920	0.1480	0.8312	0.1056	0.7903
000275	A	0.916173	0.971855	0.878398	0.6474	0.7120	0.7940	0.1470	0.8199	0.1139	0.8452
000276	P	0.910007	0.970532	0.874228	0.6124	0.6712	0.7750	0.1420	0.8023	0.1285	0.8792
000277	C	0.897824	0.967881	0.869387	0.6219	0.5807	0.7820	0.1330	0.7866	0.1424	0.9102
000278	L	0.866719	0.966554	0.863941	0.5941	0.5296	0.7810	0.1210	0.7670	0.1558	0.9351
000279	N	0.821317	0.962292	0.857819	0.5173	0.4940	0.7840	0.1220	0.7395	0.1742	0.9469
000280	S	0.801665	0.959141	0.851505	0.4825	0.5055	0.7790	0.1230	0.7299	0.1763	0.9577
000281	F	0.767140	0.956514	0.844639	0.4600	0.4831	0.7930	0.1180	0.7173	0.1838	0.9662
000282	L	0.740046	0.955407	0.837753	0.4420	0.4507	0.7630	0.1110	0.6981	0.1908	0.9677
000283	S	0.656621	0.953486	0.831084	0.4245	0.4507	0.7610	0.1200	0.6795	0.1926	0.9622
000284	S	0.654448	0.950322	0.825834	0.4245	0.4582	0.7590	0.1150	0.6787	0.1896	0.9555
000285	M	0.652275	0.948464	0.821629	0.4379	0.4476	0.7710	0.0950	0.6798	0.1888	0.9485
000286	T	0.654643	0.947225	0.818043	0.4600	0.4685	0.7820	0.0860	0.6884	0.1799	0.9329
000287	A	0.664837	0.944344	0.814338	0.4379	0.4685	0.8050	0.0820	0.6891	0.1855	0.9169
000288	Y	0.718938	0.943077	0.810970	0.4967	0.5098	0.8240	0.0680	0.7172	0.1647	0.8921
000289	V	0.758960	0.941340	0.807545	0.5374	0.5176	0.8380	0.0560	0.7334	0.1556	0.8624
000290	S	0.805172	0.939437	0.804395	0.4918	0.5139	0.8520	0.0520	0.7345	0.1700	0.8332
000291	G	0.836814	0.938610	0.800700	0.4420	0.5456	0.8890	0.0360	0.7421	0.1832	0.7980
000292	G	0.922493	0.936454	0.796667	0.4967	0.6576	0.9050	0.0340	0.7858	0.1611	0.7548
000293	S	0.935027	0.934996	0.792611	0.5412	0.6531	0.9160	0.0320	0.7955	0.1519	0.7224
000294	P	0.947638	0.934782	0.788653	0.5473	0.6531	0.9120	0.0330	0.7973	0.1517	0.7243
000295	T	0.966697	0.933683	0.785371	0.4967	0.6906	0.9260	0.0250	0.7998	0.1661	0.7249
000296	S	0.996874	0.933653	0.781864	0.5084	0.7369	0.9250	0.0240	0.8139	0.1636	0.7241
000297	H	0.997258	0.933641	0.778302	0.5253	0.7672	0.9270	0.0170	0.8215	0.1566	0.7386
000298	P	0.997367	0.933050	0.774389	0.5583	0.7799	0.9290	0.0140	0.8287	0.1460	0.7480
000299	L	0.997795	0.932313	0.770423	0.6374	0.8681	0.9350	0.0180	0.8568	0.1207	0.7608
000300	V	0.998081	0.931619	0.767050	0.6681	0.8920	0.9240	0.0230	0.8635	0.1116	0.7581
000301	T	0.997284	0.929873	0.763417	0.6789	0.8966	0.9230	0.0220	0.8648	0.1088	0.7465
000302	P	0.996727	0.927895	0.759224	0.6756	0.8991	0.8960	0.0320	0.8591	0.1082	0.7363
000303	G	0.993845	0.923211	0.752935	0.6715	0.9057	0.8870	0.0440	0.8557	0.1092	0.7311
000304	L	0.992761	0.917891	0.746138	0.6789	0.9151	0.8890	0.0510	0.8567	0.1084	0.7250
000305	S	0.939512	0.916484	0.739110	0.6906	0.8966	0.8520	0.0740	0.8390	0.0927	0.6868
000306	P	0.900856	0.916842	0.733611	0.6906	0.8596	0.8050	0.1070	0.8177	0.0836	0.6470
000307	E	0.878582	0.915204	0.728549	0.6944	0.8655	0.7990	0.1030	0.8135	0.0805	0.6147
000308	P	0.813851	0.916513	0.723487	0.6604	0.7799	0.7730	0.1170	0.7779	0.0788	0.5748
000309	S	0.742514	0.917994	0.718035	0.6442	0.7595	0.7310	0.1410	0.7521	0.0826	0.5448
000310	D	0.683505	0.919311	0.712731	0.6374	0.8050	0.6810	0.1570	0.7399	0.0951	0.5138
000311	K	0.623939	0.918237	0.707291	0.6789	0.7547	0.6440	0.1430	0.7212	0.0978	0.4884
000312	T	0.558694	0.917666	0.701182	0.6827	0.7459	0.6390	0.1080	0.7075	0.1104	0.4844
000313	G	0.477876	0.916299	0.693709	0.6035	0.7459	0.6260	0.1020	0.6773	0.1353	0.4795
000314	Q	0.421299	0.911479	0.686347	0.5992	0.6806	0.6380	0.1050	0.6562	0.1446	0.4732
000315	N	0.350006	0.904110	0.679192	0.6681	0.7459	0.6590	0.1070	0.6678	0.1649	0.4766
000316	S	0.262130	0.894500	0.672185	0.6374	0.7628	0.7020	0.1090	0.6552	0.1941	0.5028
000317	L	0.216698	0.889302	0.664438	0.6174	0.6661	0.7300	0.1260	0.6307	0.2044	0.5297
000318	T	0.178344	0.875609	0.655934	0.5992	0.6375	0.7370	0.1250	0.6139	0.2144	0.5451
000319	F	0.128667	0.878113	0.646665	0.5296	0.6183	0.7640	0.1180	0.5943	0.2359	0.5642
000320	N	0.078990	0.880426	0.636257	0.5296	0.6227	0.7240	0.1320	0.5786	0.2482	0.5655
000321	S	0.037308	0.874679	0.624740	0.5173	0.5992	0.7270	0.1260	0.5634	0.2607	0.5710
000322	F	0.009329	0.861300	0.613914	0.5084	0.6136	0.7570	0.1160	0.5607	0.2712	0.5825
000323	S	0.008181	0.854645	0.604128	0.5043	0.6183	0.7610	0.1110	0.5584	0.2708	0.5775
000324	P	0.007381	0.851870	0.594962	0.5008	0.6183	0.7740	0.0920	0.5578	0.2721	0.5756
000325	L	0.006837	0.843884	0.584618	0.4749	0.6227	0.8050	0.0700	0.5563	0.2764	0.5751
000326	T	0.015302	0.832248	0.572544	0.4749	0.4940	0.8110	0.0610	0.5333	0.2711	0.5579
000327	N	0.024365	0.825459	0.561080	0.4879	0.4801	0.8600	0.0650	0.5397	0.2757	0.5439
000328	L	0.038789	0.822916	0.549634	0.4333	0.5419	0.8630	0.0740	0.5415	0.2729	0.5350
000329	S	0.143545	0.806279	0.538021	0.3992	0.5707	0.8400	0.0800	0.5496	0.2375	0.5149
000330	N	0.245852	0.790705	0.524845	0.4600	0.6531	0.8470	0.0750	0.5869	0.2041	0.4961
000331	H	0.341223	0.778410	0.511439	0.4781	0.6755	0.8960	0.0310	0.6134	0.1887	0.4920
000332	S	0.437664	0.770329	0.499531	0.4333	0.6851	0.9300	0.0300	0.6261	0.1851	0.4851
000333	G	0.538730	0.762810	0.489111	0.5173	0.7951	0.9390	0.0360	0.6737	0.1683	0.4790
000334	G	0.633254	0.756947	0.479545	0.5126	0.7718	0.9440	0.0330	0.6830	0.1603	0.4754
000335	G	0.727767	0.750249	0.468179	0.4967	0.6806	0.9530	0.0320	0.6794	0.1635	0.4735
000336	D	0.819216	0.732651	0.455748	0.5008	0.7369	0.9590	0.0310	0.7006	0.1746	0.4778
000337	W	0.908518	0.713975	0.440949	0.4333	0.6322	0.9620	0.0300	0.6818	0.2054	0.4846
000338	A	0.909120	0.694442	0.425865	0.4282	0.6269	0.9460	0.0440	0.6718	0.2058	0.4889
000339	N	0.903849	0.659327	0.410212	0.3939	0.6991	0.9250	0.0680	0.6653	0.2099	0.4887
000340	P	0.908459	0.621270	0.395223	0.3939	0.6991	0.8990	0.0950	0.6529	0.2092	0.4965
000341	M	0.912434	0.578539	0.381378	0.3939	0.6322	0.8790	0.1130	0.6295	0.2089	0.5021
000342	P	0.815107	0.574623	0.370116	0.3939	0.5707	0.8190	0.1520	0.5905	0.1781	0.5053
000343	T	0.762221	0.553949	0.363421	0.3535	0.5665	0.7580	0.1790	0.5596	0.1641	0.5133
000344	N	0.764703	0.540304	0.360952	0.3005	0.5854	0.6930	0.2060	0.5407	0.1660	0.5201
000345	M	0.762924	0.537270	0.359202	0.2963	0.4801	0.6230	0.1800	0.5097	0.1564	0.5314
000346	L	0.661759	0.531337	0.356872	0.3146	0.4652	0.5330	0.1620	0.4771	0.1163	0.5386
000347	S	0.555516	0.512831	0.353146	0.2209	0.4725	0.4400	0.1180	0.4259	0.1111	0.5331
000348	Y	0.457499	0.503139	0.349521	0.3146	0.5758	0.3690	0.0910	0.4282	0.0921	0.5309
000349	G	0.356506	0.501050	0.345646	0.3630	0.4979	0.2960	0.0790	0.3934	0.0780	0.5260
000350	G	0.256091	0.497218	0.342684	0.3535	0.4087	0.2910	0.0770	0.3583	0.0785	0.5258
000351	S	0.252312	0.485689	0.341572	0.2531	0.3948	0.2600	0.0760	0.3313	0.0870	0.5263
000352	V	0.210628	0.487113	0.341647	0.2122	0.4119	0.2330	0.0680	0.3161	0.1064	0.5276
000353	L	0.104841	0.477487	0.342304	0.1958	0.3460	0.2070	0.0500	0.2790	0.1227	0.5245
000354	S	0.005354	0.469510	0.342137	0.1958	0.3529	0.2160	0.0520	0.2635	0.1473	0.5157
000355	Q	0.002552	0.453667	0.341706	0.1456	0.3460	0.2620	0.0690	0.2586	0.1477	0.5071
000356	F	0.002706	0.447736	0.341037	0.1766	0.3667	0.2750	0.0790	0.2683	0.1450	0.4971
000357	S	0.002500	0.422911	0.341206	0.2385	0.4186	0.2550	0.0960	0.2798	0.1430	0.4861
000358	P	0.002417	0.419513	0.341680	0.2333	0.3774	0.2380	0.1060	0.2687	0.1372	0.4812
000359	H	0.002791	0.421598	0.342720	0.3184	0.4017	0.2640	0.1200	0.2919	0.1394	0.4785
000360	F	0.009894	0.417911	0.344233	0.2558	0.3182	0.2810	0.1230	0.2713	0.1276	0.4822
000361	Y	0.020757	0.408771	0.347726	0.1958	0.3356	0.2840	0.1220	0.2654	0.1273	0.4803
000362	N	0.030079	0.425397	0.352153	0.1416	0.3494	0.2540	0.1010	0.2587	0.1359	0.4751
000363	S	0.078348	0.427256	0.354899	0.1998	0.4119	0.2860	0.1030	0.2931	0.1230	0.4718
000364	V	0.124620	0.406327	0.355009	0.2531	0.4619	0.3270	0.1090	0.3213	0.1092	0.4721
000365	N	0.162671	0.387718	0.354330	0.2748	0.4685	0.3600	0.1270	0.3347	0.0957	0.4711
000366	T	0.224534	0.388339	0.356168	0.2531	0.4725	0.3810	0.1510	0.3459	0.0842	0.4716
000367	S	0.270269	0.384135	0.359316	0.3311	0.5139	0.4460	0.1440	0.3842	0.0786	0.4719
000368	G	0.344967	0.383063	0.364179	0.3456	0.5098	0.5820	0.1370	0.4216	0.0912	0.4761
000369	V	0.381570	0.379588	0.369724	0.2700	0.4685	0.5830	0.1800	0.4087	0.0969	0.4804
000370	L	0.408038	0.408456	0.377497	0.3225	0.4507	0.6480	0.1150	0.4358	0.1025	0.4795
000371	Y	0.454297	0.459499	0.386580	0.4458	0.5342	0.6460	0.1210	0.4878	0.0828	0.4726
000372	P	0.476275	0.518981	0.395896	0.5711	0.6322	0.6620	0.1350	0.5427	0.0909	0.4678
000373	R	0.535879	0.601879	0.402827	0.6124	0.5992	0.6820	0.1820	0.5724	0.0869	0.4655
000374	E	0.594642	0.686606	0.405444	0.6516	0.5901	0.7210	0.1250	0.6082	0.1020	0.4636
000375	G	0.503373	0.751184	0.404015	0.7458	0.6576	0.8010	0.0730	0.6438	0.1438	0.4603
000376	T	0.634507	0.767871	0.402402	0.7817	0.6136	0.8470	0.0830	0.6745	0.1468	0.4606
000377	E	0.961260	0.734550	0.401574	0.8242	0.5807	0.8840	0.0380	0.7311	0.1899	0.4608
000378	V	0.875293	0.813941	0.401897	0.8626	0.5665	0.8930	0.0690	0.7355	0.1855	0.4602