RESNUM	RES	VL-XT	VSL2B	VL3	IUPred-S	IUPred-L	PONDRFIT	FITERROR	MDP	MDPERROR	ANCHOR2
000001	M	0.998440	0.950673	0.914435	0.9684	0.4582	0.9830	0.0140	0.8789	0.1900	0.4159
000002	E	0.999736	0.938405	0.908364	0.9562	0.5382	0.9890	0.0080	0.8883	0.1595	0.4095
000003	D	0.993206	0.925622	0.896577	0.9392	0.5665	0.9790	0.0240	0.8834	0.1453	0.4052
000004	S	0.984215	0.915076	0.885173	0.9280	0.5139	0.9730	0.0280	0.8666	0.1613	0.3994
000005	P	0.950912	0.904164	0.875146	0.9040	0.4292	0.9740	0.0250	0.8395	0.1863	0.3912
000006	T	0.945329	0.890071	0.866398	0.8556	0.4441	0.9750	0.0200	0.8295	0.1775	0.3834
000007	M	0.929306	0.860291	0.858569	0.7724	0.4619	0.9700	0.0170	0.8087	0.1669	0.3716
000008	V	0.913551	0.828384	0.851616	0.7388	0.4979	0.9630	0.0180	0.7989	0.1517	0.3632
000009	R	0.888566	0.812799	0.843769	0.6984	0.5254	0.9480	0.0320	0.7862	0.1394	0.3591
000010	V	0.881199	0.797586	0.833361	0.6681	0.5419	0.9380	0.0570	0.7767	0.1339	0.3568
000011	D	0.868451	0.789897	0.820479	0.6293	0.4725	0.9390	0.0670	0.7533	0.1570	0.3605
000012	S	0.854163	0.783082	0.807484	0.6516	0.5139	0.9120	0.0750	0.7537	0.1334	0.3665
000013	P	0.839612	0.771121	0.795834	0.5992	0.5342	0.8770	0.0790	0.7362	0.1258	0.3694
000014	T	0.798644	0.761022	0.785053	0.5846	0.4507	0.8640	0.0790	0.7074	0.1431	0.3731
000015	M	0.741452	0.735026	0.775355	0.5992	0.4582	0.8550	0.0800	0.6940	0.1298	0.3757
000016	V	0.685292	0.721985	0.765875	0.4967	0.4292	0.8540	0.1050	0.6588	0.1490	0.3874
000017	R	0.608932	0.721104	0.756982	0.5084	0.4220	0.8070	0.1160	0.6374	0.1377	0.4051
000018	G	0.544072	0.725948	0.746241	0.5229	0.4619	0.7230	0.1210	0.6207	0.1140	0.4265
000019	E	0.460643	0.708847	0.734092	0.5623	0.4685	0.6410	0.1640	0.5959	0.1076	0.4233
000020	N	0.377663	0.696612	0.719299	0.5667	0.3566	0.5860	0.1590	0.5505	0.1407	0.4096
000021	Q	0.302523	0.677521	0.704289	0.5296	0.4582	0.5000	0.1560	0.5287	0.1354	0.4013
000022	V	0.224806	0.655894	0.687359	0.4333	0.4441	0.4560	0.1480	0.4835	0.1544	0.3982
000023	S	0.181889	0.635814	0.667973	0.4513	0.4119	0.3810	0.1670	0.4549	0.1633	0.3924
000024	P	0.138519	0.601237	0.645104	0.4333	0.2918	0.3770	0.1660	0.4144	0.1737	0.3874
000025	C	0.103835	0.563406	0.619873	0.4037	0.2817	0.3690	0.1740	0.3902	0.1718	0.3832
000026	Q	0.086197	0.518515	0.593950	0.3578	0.2224	0.3280	0.1860	0.3512	0.1704	0.3772
000027	G	0.068183	0.492740	0.567114	0.4078	0.2164	0.2670	0.1760	0.3365	0.1703	0.3795
000028	R	0.053467	0.443975	0.540522	0.3263	0.2258	0.2520	0.1820	0.3070	0.1568	0.3870
000029	R	0.044171	0.375340	0.513911	0.2602	0.2224	0.2120	0.1690	0.2713	0.1457	0.3963
000030	C	0.049868	0.353618	0.487747	0.2531	0.2224	0.1520	0.1190	0.2532	0.1400	0.4052
000031	F	0.046336	0.299447	0.461958	0.2483	0.1702	0.1150	0.0780	0.2235	0.1350	0.4137
000032	P	0.048331	0.262924	0.437865	0.2432	0.1671	0.0660	0.0340	0.2042	0.1319	0.4157
000033	K	0.057522	0.232921	0.415544	0.2558	0.2503	0.0630	0.0210	0.2125	0.1234	0.4142
000034	A	0.066746	0.229112	0.395338	0.2483	0.1671	0.0550	0.0160	0.1936	0.1161	0.4158
000035	L	0.067608	0.217832	0.375511	0.2255	0.1162	0.0500	0.0130	0.1755	0.1119	0.4152
000036	G	0.066142	0.185851	0.355447	0.2209	0.1702	0.0450	0.0120	0.1739	0.1029	0.4073
000037	Y	0.065018	0.197405	0.334654	0.1732	0.1702	0.0470	0.0140	0.1646	0.0947	0.3980
000038	V	0.063783	0.226407	0.313478	0.1732	0.1007	0.0530	0.0180	0.1551	0.0933	0.3800
000039	T	0.050520	0.258101	0.292069	0.1667	0.1007	0.0620	0.0270	0.1550	0.0932	0.3586
000040	G	0.046428	0.288560	0.271904	0.0909	0.1092	0.1020	0.0320	0.1515	0.0933	0.3355
000041	D	0.031964	0.339176	0.254460	0.1495	0.1528	0.1560	0.0470	0.1807	0.0958	0.3163
000042	M	0.018639	0.374331	0.239775	0.2333	0.2884	0.2260	0.0490	0.2300	0.1073	0.2940
000043	K	0.005822	0.399610	0.226269	0.2080	0.1852	0.2430	0.0610	0.2113	0.1152	0.2686
000044	E	0.005828	0.440857	0.212815	0.2385	0.1298	0.2920	0.0810	0.2200	0.1344	0.2430
000045	L	0.007052	0.467537	0.200026	0.1878	0.0909	0.3300	0.0930	0.2139	0.1509	0.2167
000046	A	0.013259	0.476155	0.187489	0.1766	0.1554	0.3310	0.0860	0.2233	0.1459	0.1908
000047	N	0.012785	0.458624	0.173906	0.1041	0.0765	0.3160	0.0700	0.1904	0.1528	0.1682
000048	Q	0.012267	0.470430	0.158355	0.1602	0.0765	0.2930	0.0670	0.1951	0.1502	0.1511
000049	L	0.011343	0.448654	0.142900	0.1240	0.1298	0.2540	0.0660	0.1850	0.1372	0.1377
000050	K	0.010884	0.399290	0.128734	0.0607	0.0690	0.1640	0.0520	0.1388	0.1265	0.1279
000051	D	0.010373	0.360413	0.116774	0.0660	0.0364	0.0980	0.0320	0.1146	0.1155	0.1255
000052	K	0.009903	0.302874	0.104725	0.0350	0.0194	0.0630	0.0220	0.0892	0.1005	0.1142
000053	P	0.008616	0.207014	0.094340	0.0200	0.0248	0.0480	0.0180	0.0671	0.0685	0.1027
000054	V	0.007554	0.134913	0.086604	0.0084	0.0248	0.0410	0.0140	0.0506	0.0462	0.0931
000055	V	0.001174	0.094581	0.083263	0.0081	0.0133	0.0360	0.0120	0.0395	0.0367	0.0870
000056	L	0.001267	0.050958	0.083704	0.0150	0.0205	0.0350	0.0110	0.0344	0.0270	0.0792
000057	Q	0.001276	0.032292	0.086664	0.0082	0.0258	0.0310	0.0080	0.0309	0.0275	0.0745
000058	F	0.001290	0.027142	0.091374	0.0082	0.0165	0.0290	0.0060	0.0290	0.0296	0.0718
000059	I	0.001128	0.025707	0.096215	0.0082	0.0113	0.0270	0.0050	0.0283	0.0318	0.0644
000060	D	0.001008	0.023316	0.100832	0.0083	0.0102	0.0240	0.0060	0.0280	0.0336	0.0577
000061	W	0.000900	0.023324	0.105526	0.0042	0.0080	0.0270	0.0060	0.0282	0.0359	0.0486
000062	I	0.000759	0.026484	0.110808	0.0012	0.0079	0.0310	0.0070	0.0297	0.0381	0.0347
000063	L	0.000627	0.027054	0.116291	0.0007	0.0082	0.0350	0.0100	0.0314	0.0401	0.0270
000064	R	0.000537	0.030306	0.121368	0.0006	0.0081	0.0390	0.0100	0.0333	0.0420	0.0217
000065	G	0.000472	0.038180	0.125437	0.0008	0.0082	0.0430	0.0100	0.0360	0.0435	0.0182
000066	I	0.000533	0.043675	0.128885	0.0026	0.0102	0.0500	0.0140	0.0393	0.0444	0.0146
000067	S	0.000696	0.050259	0.131590	0.0026	0.0160	0.0530	0.0170	0.0423	0.0450	0.0127
000068	Q	0.000958	0.067729	0.133892	0.0026	0.0097	0.0540	0.0170	0.0448	0.0474	0.0109
000069	V	0.001285	0.096882	0.136394	0.0066	0.0109	0.0570	0.0180	0.0514	0.0508	0.0090
000070	V	0.001957	0.113132	0.139589	0.0061	0.0109	0.0590	0.0180	0.0551	0.0543	0.0079
000071	F	0.003143	0.128345	0.143031	0.0013	0.0075	0.0680	0.0210	0.0586	0.0592	0.0067
000072	V	0.003598	0.149807	0.146483	0.0010	0.0083	0.0730	0.0220	0.0638	0.0645	0.0058
000073	N	0.004174	0.149630	0.149907	0.0010	0.0120	0.0760	0.0220	0.0655	0.0647	0.0055
000074	N	0.004522	0.130101	0.153531	0.0013	0.0119	0.0760	0.0190	0.0630	0.0615	0.0050
000075	P	0.004818	0.121628	0.156817	0.0013	0.0084	0.0640	0.0150	0.0594	0.0610	0.0044
000076	V	0.006054	0.109574	0.159103	0.0006	0.0066	0.0610	0.0140	0.0571	0.0599	0.0034
000077	S	0.006237	0.086422	0.160358	0.0006	0.0095	0.0600	0.0140	0.0539	0.0570	0.0028
000078	G	0.024472	0.072858	0.160724	0.0004	0.0101	0.0620	0.0140	0.0551	0.0540	0.0021
000079	I	0.050116	0.063379	0.160924	0.0004	0.0109	0.0640	0.0140	0.0583	0.0520	0.0016
000080	L	0.063853	0.050448	0.161293	0.0006	0.0097	0.0660	0.0140	0.0586	0.0524	0.0014
000081	I	0.078494	0.043451	0.162331	0.0010	0.0087	0.0640	0.0120	0.0596	0.0536	0.0013
000082	L	0.085341	0.037881	0.164014	0.0013	0.0119	0.0550	0.0100	0.0593	0.0544	0.0013
000083	V	0.090579	0.031581	0.166230	0.0013	0.0108	0.0500	0.0090	0.0584	0.0563	0.0014
000084	G	0.091539	0.026765	0.168081	0.0009	0.0107	0.0460	0.0110	0.0574	0.0575	0.0015
000085	L	0.091468	0.024117	0.169548	0.0005	0.0101	0.0430	0.0100	0.0564	0.0585	0.0016
000086	L	0.094041	0.023474	0.169619	0.0004	0.0065	0.0430	0.0100	0.0563	0.0593	0.0019
000087	V	0.079704	0.028586	0.168155	0.0007	0.0061	0.0440	0.0110	0.0546	0.0571	0.0026
000088	Q	0.058824	0.032935	0.164730	0.0005	0.0062	0.0490	0.0100	0.0520	0.0546	0.0035
000089	N	0.061162	0.035753	0.160008	0.0003	0.0064	0.0550	0.0120	0.0531	0.0529	0.0048
000090	P	0.069870	0.036849	0.154673	0.0005	0.0070	0.0580	0.0150	0.0544	0.0513	0.0069
000091	W	0.073738	0.037241	0.149105	0.0009	0.0074	0.0650	0.0180	0.0555	0.0497	0.0083
000092	W	0.089938	0.032459	0.143436	0.0010	0.0102	0.0640	0.0180	0.0568	0.0492	0.0088
000093	A	0.123426	0.031707	0.137462	0.0013	0.0165	0.0600	0.0190	0.0617	0.0519	0.0084
000094	L	0.151636	0.035226	0.131774	0.0038	0.0143	0.0550	0.0200	0.0653	0.0567	0.0083
000095	T	0.164713	0.039657	0.126955	0.0038	0.0109	0.0480	0.0150	0.0657	0.0597	0.0085
000096	G	0.168966	0.040165	0.123016	0.0040	0.0143	0.0470	0.0140	0.0663	0.0597	0.0081
000097	W	0.168924	0.046822	0.119515	0.0074	0.0141	0.0480	0.0130	0.0675	0.0581	0.0073
000098	L	0.164149	0.060983	0.116517	0.0094	0.0127	0.0480	0.0140	0.0687	0.0556	0.0056
000099	G	0.143110	0.067741	0.114222	0.0049	0.0085	0.0500	0.0140	0.0648	0.0509	0.0044
000100	T	0.132723	0.074885	0.111867	0.0013	0.0080	0.0550	0.0150	0.0639	0.0488	0.0032
000101	V	0.114402	0.081854	0.108668	0.0006	0.0074	0.0610	0.0170	0.0624	0.0448	0.0023
000102	V	0.081190	0.083998	0.104924	0.0009	0.0113	0.0670	0.0190	0.0583	0.0386	0.0017
000103	S	0.052277	0.086782	0.100720	0.0026	0.0194	0.0700	0.0190	0.0554	0.0350	0.0015
000104	T	0.041770	0.097291	0.096159	0.0040	0.0227	0.0780	0.0180	0.0567	0.0361	0.0014
000105	L	0.057177	0.107459	0.090878	0.0090	0.0223	0.0930	0.0160	0.0633	0.0371	0.0012
000106	M	0.075652	0.126890	0.085326	0.0086	0.0127	0.1090	0.0180	0.0697	0.0448	0.0010
000107	A	0.073462	0.152102	0.079742	0.0042	0.0107	0.1270	0.0310	0.0746	0.0546	0.0008
000108	L	0.084833	0.175486	0.074584	0.0035	0.0171	0.1710	0.0340	0.0877	0.0669	0.0007
000109	L	0.113643	0.198314	0.070521	0.0066	0.0281	0.2300	0.0390	0.1078	0.0827	0.0007
000110	L	0.120924	0.242369	0.067351	0.0061	0.0163	0.2690	0.0380	0.1204	0.1031	0.0008
000111	S	0.129929	0.294400	0.064509	0.0059	0.0094	0.2990	0.0450	0.1339	0.1223	0.0009
000112	Q	0.156590	0.329029	0.061073	0.0044	0.0127	0.2920	0.0510	0.1426	0.1290	0.0009
000113	D	0.175870	0.342785	0.057081	0.0038	0.0105	0.2870	0.0660	0.1461	0.1329	0.0010
000114	R	0.161514	0.356033	0.052361	0.0038	0.0113	0.2840	0.0780	0.1449	0.1358	0.0009
000115	S	0.151680	0.340336	0.048090	0.0010	0.0094	0.2830	0.1010	0.1390	0.1327	0.0008
000116	L	0.182637	0.315907	0.044556	0.0040	0.0148	0.2670	0.0850	0.1382	0.1240	0.0007
000117	I	0.221690	0.290328	0.042713	0.0040	0.0119	0.2350	0.0720	0.1343	0.1172	0.0006
000118	A	0.205858	0.275549	0.041716	0.0059	0.0100	0.1860	0.0530	0.1209	0.1058	0.0006
000119	S	0.208047	0.250104	0.041991	0.0055	0.0157	0.1520	0.0340	0.1122	0.0961	0.0007
000120	G	0.229593	0.222801	0.043209	0.0062	0.0171	0.1180	0.0310	0.1061	0.0921	0.0006
000121	L	0.234630	0.186317	0.045632	0.0121	0.0165	0.0980	0.0360	0.0989	0.0849	0.0006
000122	Y	0.209778	0.158679	0.048465	0.0069	0.0127	0.0830	0.0290	0.0867	0.0749	0.0006
000123	G	0.200477	0.140767	0.051713	0.0028	0.0102	0.0700	0.0180	0.0793	0.0706	0.0006
000124	Y	0.186654	0.131357	0.054997	0.0012	0.0074	0.0630	0.0170	0.0742	0.0661	0.0006
000125	N	0.145386	0.123857	0.058179	0.0009	0.0049	0.0530	0.0170	0.0644	0.0545	0.0008
000126	A	0.092154	0.111206	0.060751	0.0006	0.0049	0.0510	0.0160	0.0534	0.0409	0.0009
000127	T	0.078237	0.098089	0.063175	0.0006	0.0069	0.0550	0.0210	0.0504	0.0356	0.0011
000128	L	0.065209	0.083213	0.065934	0.0009	0.0097	0.0590	0.0240	0.0474	0.0307	0.0013
000129	V	0.033028	0.066974	0.069117	0.0022	0.0113	0.0600	0.0240	0.0404	0.0266	0.0016
000130	G	0.000669	0.059622	0.072709	0.0021	0.0127	0.0610	0.0240	0.0348	0.0301	0.0019
000131	V	0.000614	0.062459	0.076771	0.0018	0.0082	0.0590	0.0230	0.0348	0.0319	0.0022
000132	L	0.000359	0.072688	0.081518	0.0059	0.0073	0.0590	0.0200	0.0378	0.0340	0.0025
000133	M	0.000104	0.078156	0.086492	0.0055	0.0076	0.0610	0.0180	0.0398	0.0362	0.0028
000134	A	0.000075	0.092991	0.091602	0.0015	0.0056	0.0630	0.0180	0.0425	0.0413	0.0029
000135	V	0.000055	0.108561	0.096781	0.0024	0.0058	0.0660	0.0220	0.0465	0.0457	0.0032
000136	F	0.000027	0.113923	0.102182	0.0008	0.0041	0.0650	0.0250	0.0477	0.0484	0.0033
000137	S	0.000010	0.115765	0.107920	0.0007	0.0035	0.0570	0.0240	0.0475	0.0496	0.0036
000138	D	0.000001	0.115511	0.114134	0.0004	0.0036	0.0520	0.0230	0.0476	0.0508	0.0037
000139	K	0.000001	0.100563	0.120375	0.0004	0.0038	0.0480	0.0210	0.0455	0.0491	0.0037
000140	G	0.000001	0.079473	0.125785	0.0008	0.0040	0.0470	0.0210	0.0428	0.0472	0.0034
000141	D	0.000001	0.063425	0.130410	0.0005	0.0035	0.0460	0.0210	0.0406	0.0470	0.0031
000142	Y	0.000001	0.044178	0.134826	0.0006	0.0037	0.0430	0.0170	0.0377	0.0474	0.0027
000143	F	0.000001	0.027277	0.139604	0.0008	0.0048	0.0410	0.0150	0.0355	0.0489	0.0026
000144	W	0.000001	0.017469	0.144369	0.0008	0.0047	0.0400	0.0130	0.0345	0.0510	0.0026
000145	W	0.000002	0.012280	0.148526	0.0009	0.0055	0.0380	0.0090	0.0342	0.0527	0.0024
000146	L	0.000002	0.010386	0.151922	0.0010	0.0057	0.0350	0.0070	0.0340	0.0540	0.0023
000147	L	0.000002	0.010860	0.154841	0.0038	0.0094	0.0340	0.0060	0.0355	0.0545	0.0022
000148	L	0.000003	0.012241	0.157714	0.0021	0.0066	0.0350	0.0060	0.0355	0.0558	0.0023
000149	P	0.000018	0.016285	0.160865	0.0024	0.0043	0.0340	0.0070	0.0363	0.0569	0.0023
000150	V	0.000105	0.020872	0.164035	0.0008	0.0042	0.0360	0.0080	0.0376	0.0579	0.0022
000151	C	0.000313	0.027235	0.166383	0.0005	0.0041	0.0380	0.0080	0.0395	0.0585	0.0023
000152	A	0.001737	0.040363	0.167579	0.0005	0.0035	0.0410	0.0090	0.0424	0.0586	0.0023
000153	M	0.004913	0.064500	0.168196	0.0008	0.0036	0.0440	0.0090	0.0477	0.0589	0.0023
000154	S	0.008089	0.093055	0.168194	0.0013	0.0053	0.0460	0.0090	0.0536	0.0604	0.0024
000155	M	0.019203	0.107605	0.167853	0.0012	0.0070	0.0540	0.0100	0.0596	0.0604	0.0023
000156	T	0.023086	0.130348	0.166518	0.0035	0.0081	0.0660	0.0150	0.0662	0.0624	0.0025
000157	C	0.024059	0.167887	0.165147	0.0074	0.0081	0.0760	0.0180	0.0748	0.0688	0.0024
000158	P	0.024653	0.199880	0.162955	0.0087	0.0113	0.0890	0.0180	0.0828	0.0754	0.0023
000159	I	0.024897	0.221470	0.159799	0.0086	0.0194	0.1140	0.0220	0.0913	0.0802	0.0020
000160	F	0.025357	0.264009	0.155796	0.0078	0.0102	0.1510	0.0380	0.1024	0.0955	0.0019
000161	S	0.024245	0.295118	0.151293	0.0141	0.0163	0.1800	0.0320	0.1134	0.1050	0.0021
000162	S	0.021102	0.282119	0.146378	0.0116	0.0133	0.2180	0.0330	0.1154	0.1075	0.0023
000163	A	0.017960	0.288377	0.140771	0.0179	0.0188	0.2230	0.0400	0.1179	0.1084	0.0026
000164	L	0.006898	0.288720	0.135103	0.0137	0.0171	0.2230	0.0410	0.1141	0.1109	0.0029
000165	N	0.003066	0.291092	0.129922	0.0167	0.0096	0.2030	0.0350	0.1090	0.1096	0.0034
000166	S	0.002113	0.299022	0.124994	0.0150	0.0130	0.1740	0.0380	0.1047	0.1080	0.0037
000167	M	0.001572	0.308448	0.119838	0.0074	0.0083	0.1580	0.0430	0.1006	0.1110	0.0040
000168	L	0.001297	0.289213	0.114301	0.0118	0.0117	0.1320	0.0440	0.0933	0.1017	0.0046
000169	S	0.000676	0.267139	0.108810	0.0055	0.0066	0.0860	0.0280	0.0792	0.0941	0.0056
000170	K	0.000399	0.240844	0.104117	0.0118	0.0099	0.0640	0.0190	0.0718	0.0839	0.0067
000171	W	0.000422	0.192023	0.100466	0.0118	0.0138	0.0530	0.0150	0.0620	0.0672	0.0074
000172	D	0.000448	0.159690	0.097354	0.0124	0.0117	0.0360	0.0090	0.0530	0.0574	0.0075
000173	L	0.000399	0.134639	0.094038	0.0083	0.0082	0.0280	0.0070	0.0456	0.0507	0.0070
000174	P	0.000350	0.117742	0.090480	0.0084	0.0092	0.0220	0.0050	0.0413	0.0455	0.0067
000175	V	0.000334	0.093680	0.086917	0.0094	0.0108	0.0220	0.0050	0.0372	0.0381	0.0062
000176	F	0.000270	0.083070	0.084116	0.0090	0.0069	0.0220	0.0050	0.0343	0.0355	0.0056
000177	T	0.000232	0.092015	0.081631	0.0074	0.0052	0.0250	0.0070	0.0352	0.0374	0.0052
000178	L	0.000632	0.099684	0.079411	0.0055	0.0060	0.0290	0.0080	0.0367	0.0389	0.0047
000179	P	0.000779	0.107726	0.076285	0.0062	0.0073	0.0340	0.0110	0.0387	0.0402	0.0043
000180	F	0.000761	0.118205	0.072562	0.0062	0.0076	0.0410	0.0140	0.0411	0.0426	0.0037
000181	N	0.000719	0.134552	0.068152	0.0042	0.0075	0.0470	0.0170	0.0437	0.0476	0.0035
000182	M	0.000773	0.138098	0.064270	0.0086	0.0104	0.0640	0.0230	0.0477	0.0480	0.0034
000183	A	0.000828	0.151805	0.060684	0.0082	0.0066	0.0830	0.0320	0.0519	0.0542	0.0036
000184	L	0.000829	0.171028	0.057396	0.0137	0.0096	0.0970	0.0320	0.0582	0.0603	0.0037
000185	S	0.000841	0.183523	0.054523	0.0061	0.0096	0.1010	0.0330	0.0593	0.0657	0.0040
000186	M	0.000830	0.213605	0.052432	0.0094	0.0080	0.1310	0.0340	0.0692	0.0785	0.0043
000187	Y	0.000400	0.246606	0.051694	0.0274	0.0080	0.1600	0.0340	0.0824	0.0906	0.0047
000188	L	0.000228	0.250426	0.051488	0.0118	0.0086	0.1720	0.0310	0.0824	0.0952	0.0055
000189	S	0.000196	0.252174	0.051783	0.0102	0.0105	0.1660	0.0320	0.0818	0.0948	0.0065
000190	A	0.000182	0.272258	0.053098	0.0116	0.0095	0.1690	0.0360	0.0859	0.1011	0.0075
000191	T	0.000139	0.256818	0.055511	0.0212	0.0108	0.1740	0.0450	0.0864	0.0958	0.0089
000192	G	0.000087	0.243234	0.059089	0.0212	0.0079	0.1470	0.0390	0.0797	0.0881	0.0100
000193	H	0.000087	0.245694	0.062862	0.0150	0.0067	0.1210	0.0290	0.0752	0.0869	0.0112
000194	Y	0.000173	0.244381	0.066942	0.0121	0.0085	0.1010	0.0200	0.0722	0.0850	0.0119
000195	N	0.000338	0.202032	0.070594	0.0121	0.0083	0.0900	0.0190	0.0638	0.0702	0.0139
000196	P	0.000560	0.190023	0.073688	0.0144	0.0087	0.0610	0.0150	0.0581	0.0650	0.0155
000197	F	0.000782	0.169698	0.076930	0.0099	0.0111	0.0590	0.0180	0.0545	0.0585	0.0172
000198	F	0.000918	0.148428	0.080839	0.0226	0.0160	0.0530	0.0150	0.0536	0.0498	0.0194
000199	P	0.001091	0.125255	0.085468	0.0425	0.0327	0.0410	0.0090	0.0547	0.0400	0.0202
000200	A	0.001096	0.123350	0.090533	0.0327	0.0372	0.0410	0.0100	0.0544	0.0405	0.0211
000201	K	0.001372	0.115165	0.095451	0.0502	0.0248	0.0340	0.0080	0.0535	0.0398	0.0224
000202	L	0.001471	0.107049	0.099853	0.0502	0.0231	0.0340	0.0090	0.0526	0.0388	0.0223
000203	V	0.001421	0.103354	0.103289	0.0274	0.0133	0.0340	0.0090	0.0471	0.0410	0.0221
000204	I	0.002338	0.115662	0.106426	0.0304	0.0136	0.0340	0.0080	0.0504	0.0442	0.0220
000205	P	0.083125	0.115018	0.109519	0.0363	0.0275	0.0340	0.0080	0.0676	0.0364	0.0231
000206	I	0.116252	0.122956	0.112824	0.0363	0.0148	0.0440	0.0110	0.0746	0.0438	0.0234
000207	T	0.121629	0.140186	0.115616	0.0350	0.0125	0.0470	0.0150	0.0787	0.0488	0.0244
000208	T	0.126203	0.156092	0.118658	0.0387	0.0198	0.0490	0.0170	0.0847	0.0510	0.0249
000209	A	0.130936	0.179946	0.121376	0.0744	0.0231	0.0520	0.0190	0.0970	0.0526	0.0242
000210	P	0.134936	0.234012	0.124735	0.0514	0.0235	0.0550	0.0210	0.1040	0.0706	0.0240
000211	N	0.146835	0.253271	0.127531	0.0376	0.0171	0.0720	0.0240	0.1090	0.0791	0.0246
000212	I	0.149724	0.286984	0.129853	0.0425	0.0104	0.1000	0.0320	0.1199	0.0888	0.0247
000213	S	0.160637	0.310715	0.131673	0.0425	0.0171	0.1110	0.0350	0.1290	0.0952	0.0267
000214	W	0.087771	0.302858	0.133984	0.0387	0.0244	0.1380	0.0360	0.1209	0.0920	0.0291
000215	S	0.064183	0.285686	0.137367	0.0677	0.0244	0.1450	0.0310	0.1207	0.0850	0.0305
000216	D	0.065181	0.298466	0.141236	0.0587	0.0244	0.1510	0.0290	0.1232	0.0905	0.0298
000217	L	0.063867	0.272283	0.144317	0.0567	0.0294	0.1690	0.0320	0.1226	0.0832	0.0276
000218	S	0.063011	0.270850	0.146369	0.0701	0.0275	0.1240	0.0250	0.1169	0.0793	0.0256
000219	A	0.062625	0.261748	0.147544	0.0414	0.0171	0.1000	0.0210	0.1051	0.0816	0.0240
000220	L	0.051054	0.272423	0.149308	0.0542	0.0214	0.0940	0.0220	0.1071	0.0842	0.0232
000221	E	0.070548	0.252150	0.151539	0.0279	0.0198	0.0820	0.0300	0.1006	0.0802	0.0227
000222	L	0.061281	0.256758	0.154139	0.0279	0.0109	0.0800	0.0300	0.0985	0.0842	0.0208
000223	L	0.055858	0.255629	0.156297	0.0542	0.0102	0.0710	0.0290	0.1006	0.0820	0.0186
000224	K	0.051460	0.240468	0.158284	0.0304	0.0105	0.0480	0.0170	0.0899	0.0821	0.0157
000225	S	0.053007	0.202917	0.159935	0.0268	0.0113	0.0410	0.0130	0.0824	0.0722	0.0132
000226	I	0.049723	0.195796	0.162159	0.0268	0.0127	0.0390	0.0090	0.0810	0.0709	0.0113
000227	P	0.046155	0.167707	0.164292	0.0121	0.0123	0.0330	0.0070	0.0726	0.0671	0.0111
000228	V	0.044142	0.129691	0.165718	0.0279	0.0244	0.0320	0.0070	0.0707	0.0558	0.0109
000229	G	0.050325	0.132862	0.166312	0.0268	0.0146	0.0310	0.0050	0.0704	0.0578	0.0112
000230	V	0.035021	0.139200	0.166858	0.0414	0.0194	0.0340	0.0060	0.0727	0.0578	0.0122
000231	G	0.032397	0.119730	0.166835	0.0441	0.0349	0.0410	0.0070	0.0731	0.0516	0.0137
000232	Q	0.029698	0.121447	0.166207	0.0395	0.0287	0.0400	0.0070	0.0709	0.0533	0.0152
000233	I	0.024405	0.124337	0.164996	0.0677	0.0281	0.0400	0.0070	0.0749	0.0526	0.0172
000234	Y	0.016376	0.124934	0.164994	0.1178	0.0240	0.0410	0.0090	0.0815	0.0569	0.0200
000235	G	0.016254	0.118808	0.165283	0.0607	0.0141	0.0390	0.0120	0.0690	0.0555	0.0249
000236	C	0.015939	0.133366	0.165886	0.0308	0.0146	0.0400	0.0130	0.0667	0.0600	0.0300
000237	D	0.014067	0.130680	0.166408	0.0304	0.0205	0.0410	0.0150	0.0671	0.0591	0.0366
000238	N	0.007466	0.123829	0.167630	0.0245	0.0107	0.0430	0.0170	0.0629	0.0610	0.0385
000239	P	0.000354	0.110602	0.168800	0.0297	0.0097	0.0440	0.0180	0.0605	0.0601	0.0402
000240	W	0.000316	0.100789	0.170451	0.0141	0.0070	0.0480	0.0200	0.0567	0.0611	0.0383
000241	T	0.000427	0.082924	0.171543	0.0116	0.0089	0.0480	0.0180	0.0539	0.0597	0.0309
000242	G	0.000481	0.073460	0.173392	0.0059	0.0087	0.0490	0.0170	0.0517	0.0604	0.0235
000243	G	0.000581	0.066383	0.175786	0.0055	0.0091	0.0480	0.0140	0.0510	0.0608	0.0177
000244	I	0.000997	0.058055	0.179287	0.0094	0.0092	0.0490	0.0130	0.0510	0.0612	0.0137
000245	F	0.001202	0.054703	0.182895	0.0274	0.0117	0.0520	0.0130	0.0550	0.0604	0.0107
000246	L	0.001293	0.062770	0.185723	0.0118	0.0084	0.0540	0.0140	0.0540	0.0633	0.0079
000247	G	0.001695	0.071522	0.188449	0.0150	0.0080	0.0570	0.0130	0.0569	0.0642	0.0060
000248	A	0.001911	0.074349	0.191640	0.0075	0.0073	0.0640	0.0150	0.0577	0.0664	0.0042
000249	I	0.002071	0.073708	0.195462	0.0034	0.0061	0.0740	0.0190	0.0591	0.0685	0.0033
000250	L	0.002225	0.085735	0.199805	0.0018	0.0050	0.0820	0.0230	0.0628	0.0712	0.0026
000251	L	0.002376	0.102439	0.203328	0.0028	0.0049	0.0920	0.0290	0.0680	0.0737	0.0021
000252	S	0.016095	0.122267	0.206404	0.0013	0.0047	0.1010	0.0310	0.0752	0.0753	0.0019
000253	S	0.050968	0.130380	0.208296	0.0007	0.0047	0.1090	0.0320	0.0840	0.0737	0.0017
000254	P	0.065549	0.135653	0.209207	0.0007	0.0036	0.1050	0.0310	0.0866	0.0736	0.0016
000255	L	0.080248	0.137872	0.208912	0.0013	0.0036	0.1030	0.0320	0.0892	0.0731	0.0014
000256	M	0.109940	0.127696	0.208014	0.0012	0.0052	0.1050	0.0350	0.0929	0.0719	0.0012
000257	C	0.168930	0.114974	0.206981	0.0010	0.0051	0.1040	0.0360	0.1002	0.0766	0.0010
000258	L	0.227919	0.120207	0.207210	0.0010	0.0045	0.1060	0.0420	0.1111	0.0880	0.0009
000259	H	0.286842	0.119220	0.209261	0.0007	0.0045	0.1070	0.0490	0.1212	0.1029	0.0008
000260	A	0.309129	0.110002	0.212689	0.0009	0.0061	0.1080	0.0550	0.1244	0.1093	0.0007
000261	A	0.309361	0.111400	0.216005	0.0013	0.0061	0.0970	0.0520	0.1235	0.1100	0.0007
000262	I	0.304551	0.115895	0.218396	0.0040	0.0083	0.0950	0.0480	0.1244	0.1082	0.0006
000263	G	0.347110	0.121618	0.219462	0.0010	0.0062	0.1030	0.0480	0.1330	0.1210	0.0006
000264	S	0.335964	0.150688	0.219945	0.0010	0.0062	0.1120	0.0470	0.1377	0.1175	0.0006
000265	L	0.311606	0.167759	0.219677	0.0005	0.0050	0.1230	0.0460	0.1380	0.1114	0.0006
000266	L	0.278813	0.182766	0.220005	0.0008	0.0075	0.1400	0.0490	0.1383	0.1036	0.0006
000267	G	0.236978	0.195903	0.219677	0.0008	0.0060	0.1560	0.0490	0.1358	0.0969	0.0006
000268	I	0.192720	0.227631	0.219203	0.0026	0.0090	0.1920	0.0630	0.1405	0.0961	0.0006
000269	A	0.174791	0.229529	0.218547	0.0021	0.0148	0.2110	0.0670	0.1418	0.0958	0.0007
000270	A	0.165349	0.234380	0.218738	0.0033	0.0097	0.1930	0.0650	0.1374	0.0950	0.0009
000271	G	0.136662	0.245494	0.218864	0.0055	0.0076	0.1580	0.0550	0.1288	0.0936	0.0010
000272	L	0.079329	0.245608	0.219229	0.0033	0.0059	0.1340	0.0460	0.1146	0.0948	0.0010
000273	S	0.075728	0.222434	0.218714	0.0029	0.0082	0.1180	0.0380	0.1077	0.0890	0.0011
000274	L	0.069989	0.220562	0.217743	0.0009	0.0061	0.1050	0.0320	0.1034	0.0893	0.0011
000275	S	0.043577	0.231376	0.215577	0.0009	0.0046	0.0940	0.0320	0.0983	0.0938	0.0011
000276	A	0.026214	0.219358	0.212973	0.0009	0.0061	0.0800	0.0410	0.0910	0.0922	0.0012
000277	P	0.011286	0.194443	0.210459	0.0013	0.0057	0.0630	0.0340	0.0811	0.0883	0.0013
000278	F	0.006661	0.179928	0.207708	0.0013	0.0059	0.0570	0.0300	0.0764	0.0855	0.0012
000279	E	0.002049	0.146370	0.205247	0.0012	0.0081	0.0470	0.0220	0.0683	0.0794	0.0012
000280	D	0.000233	0.105176	0.203265	0.0026	0.0092	0.0460	0.0230	0.0610	0.0733	0.0010
000281	I	0.000214	0.075623	0.202013	0.0035	0.0076	0.0460	0.0250	0.0558	0.0707	0.0008
000282	Y	0.000165	0.065251	0.201255	0.0037	0.0067	0.0430	0.0220	0.0534	0.0702	0.0007
000283	F	0.000158	0.049305	0.200212	0.0040	0.0070	0.0420	0.0190	0.0504	0.0696	0.0006
000284	G	0.000142	0.050825	0.199347	0.0028	0.0052	0.0380	0.0150	0.0494	0.0697	0.0006
000285	L	0.000127	0.051384	0.198689	0.0031	0.0061	0.0380	0.0130	0.0496	0.0694	0.0006
000286	W	0.000094	0.050489	0.198362	0.0010	0.0053	0.0430	0.0140	0.0497	0.0695	0.0006
000287	G	0.000077	0.053165	0.198449	0.0010	0.0060	0.0430	0.0130	0.0503	0.0694	0.0005
000288	F	0.000046	0.062511	0.198852	0.0006	0.0055	0.0470	0.0140	0.0525	0.0698	0.0004
000289	N	0.000069	0.074025	0.199040	0.0013	0.0069	0.0500	0.0150	0.0553	0.0699	0.0004
000290	S	0.000116	0.081272	0.198233	0.0009	0.0044	0.0530	0.0170	0.0562	0.0704	0.0004
000291	S	0.000160	0.092622	0.196313	0.0007	0.0036	0.0560	0.0200	0.0583	0.0706	0.0004
000292	L	0.000185	0.099365	0.193667	0.0006	0.0043	0.0610	0.0220	0.0598	0.0703	0.0004
000293	A	0.000252	0.100175	0.191403	0.0008	0.0045	0.0630	0.0220	0.0600	0.0696	0.0004
000294	C	0.000305	0.104803	0.190599	0.0013	0.0067	0.0640	0.0210	0.0613	0.0694	0.0003
000295	I	0.000888	0.111234	0.191414	0.0006	0.0050	0.0650	0.0190	0.0623	0.0706	0.0003
000296	A	0.001192	0.112096	0.193224	0.0012	0.0070	0.0620	0.0170	0.0627	0.0709	0.0003
000297	M	0.001296	0.101234	0.194884	0.0010	0.0102	0.0600	0.0160	0.0614	0.0699	0.0004
000298	G	0.001341	0.093437	0.196737	0.0012	0.0099	0.0590	0.0150	0.0602	0.0698	0.0005
000299	G	0.001360	0.075791	0.197984	0.0049	0.0109	0.0550	0.0160	0.0577	0.0685	0.0006
000300	M	0.001396	0.069273	0.198176	0.0037	0.0075	0.0550	0.0160	0.0558	0.0689	0.0007
000301	F	0.001450	0.069815	0.196922	0.0012	0.0066	0.0560	0.0180	0.0554	0.0689	0.0008
000302	M	0.001529	0.077712	0.195461	0.0007	0.0050	0.0580	0.0170	0.0564	0.0690	0.0010
000303	A	0.001545	0.085609	0.194335	0.0009	0.0067	0.0570	0.0170	0.0577	0.0688	0.0012
000304	L	0.000974	0.090059	0.194507	0.0007	0.0057	0.0580	0.0170	0.0583	0.0694	0.0014
000305	T	0.000683	0.087776	0.195273	0.0012	0.0066	0.0590	0.0170	0.0585	0.0694	0.0017
000306	W	0.000590	0.076661	0.196618	0.0009	0.0067	0.0630	0.0160	0.0574	0.0692	0.0019
000307	Q	0.000519	0.071995	0.197922	0.0009	0.0052	0.0580	0.0150	0.0557	0.0696	0.0017
000308	T	0.000450	0.064358	0.199332	0.0008	0.0064	0.0570	0.0160	0.0548	0.0698	0.0013
000309	H	0.000371	0.056855	0.200717	0.0005	0.0056	0.0580	0.0160	0.0536	0.0703	0.0010
000310	L	0.000290	0.050809	0.201578	0.0005	0.0040	0.0600	0.0170	0.0529	0.0708	0.0008
000311	L	0.000150	0.049368	0.201638	0.0005	0.0036	0.0630	0.0170	0.0530	0.0709	0.0006
000312	A	0.000078	0.048234	0.201287	0.0005	0.0050	0.0600	0.0160	0.0526	0.0706	0.0005
000313	L	0.000129	0.046274	0.201092	0.0004	0.0047	0.0600	0.0150	0.0521	0.0706	0.0004
000314	G	0.000173	0.048565	0.201093	0.0005	0.0052	0.0590	0.0140	0.0524	0.0705	0.0003
000315	C	0.000168	0.044311	0.201565	0.0006	0.0060	0.0580	0.0150	0.0517	0.0706	0.0003
000316	A	0.000183	0.042763	0.202934	0.0005	0.0050	0.0540	0.0160	0.0509	0.0712	0.0002
000317	L	0.000202	0.039499	0.205743	0.0006	0.0070	0.0520	0.0160	0.0508	0.0720	0.0002
000318	F	0.000366	0.039505	0.208999	0.0004	0.0046	0.0520	0.0170	0.0509	0.0735	0.0002
000319	T	0.000480	0.041932	0.211709	0.0004	0.0038	0.0510	0.0160	0.0516	0.0744	0.0002
000320	A	0.000717	0.045422	0.212798	0.0002	0.0035	0.0520	0.0160	0.0524	0.0748	0.0002
000321	Y	0.000826	0.054066	0.212480	0.0003	0.0050	0.0520	0.0150	0.0542	0.0744	0.0002
000322	L	0.001762	0.061974	0.210767	0.0004	0.0054	0.0510	0.0160	0.0553	0.0737	0.0003
000323	G	0.002706	0.076264	0.209496	0.0006	0.0060	0.0500	0.0150	0.0575	0.0735	0.0004
000324	V	0.003129	0.089758	0.208570	0.0006	0.0060	0.0500	0.0140	0.0597	0.0739	0.0005
000325	G	0.006379	0.110003	0.207704	0.0006	0.0065	0.0510	0.0150	0.0637	0.0748	0.0006
000326	M	0.006436	0.118027	0.206172	0.0007	0.0076	0.0550	0.0170	0.0657	0.0749	0.0008
000327	A	0.006441	0.133034	0.204132	0.0009	0.0066	0.0550	0.0180	0.0677	0.0764	0.0011
000328	N	0.006408	0.150400	0.202377	0.0015	0.0094	0.0680	0.0250	0.0730	0.0778	0.0013
000329	F	0.006219	0.153851	0.200436	0.0013	0.0101	0.0870	0.0310	0.0765	0.0780	0.0017
000330	M	0.006140	0.164253	0.198805	0.0013	0.0109	0.0940	0.0330	0.0792	0.0794	0.0022
000331	A	0.005183	0.159330	0.197576	0.0010	0.0079	0.0800	0.0280	0.0752	0.0785	0.0032
000332	E	0.004222	0.149791	0.196800	0.0053	0.0087	0.0650	0.0210	0.0716	0.0761	0.0047
000333	V	0.003820	0.124274	0.195863	0.0044	0.0086	0.0620	0.0200	0.0665	0.0721	0.0054
000334	G	0.000577	0.106206	0.194950	0.0026	0.0074	0.0530	0.0160	0.0608	0.0707	0.0059
000335	L	0.000507	0.076187	0.194012	0.0026	0.0099	0.0490	0.0150	0.0553	0.0678	0.0063
000336	P	0.000350	0.064754	0.193788	0.0013	0.0072	0.0430	0.0120	0.0517	0.0678	0.0069
000337	A	0.000277	0.049479	0.193091	0.0028	0.0064	0.0410	0.0110	0.0489	0.0673	0.0073
000338	C	0.000234	0.039076	0.191538	0.0022	0.0049	0.0410	0.0120	0.0465	0.0670	0.0082
000339	T	0.000206	0.034683	0.189078	0.0009	0.0037	0.0400	0.0120	0.0448	0.0665	0.0094
000340	W	0.000174	0.029818	0.186196	0.0012	0.0039	0.0420	0.0130	0.0439	0.0656	0.0106
000341	P	0.000138	0.025437	0.182793	0.0010	0.0039	0.0410	0.0130	0.0425	0.0645	0.0108
000342	F	0.000117	0.020278	0.178598	0.0009	0.0046	0.0430	0.0140	0.0412	0.0632	0.0105
000343	C	0.000102	0.017421	0.173292	0.0006	0.0044	0.0420	0.0130	0.0397	0.0615	0.0106
000344	L	0.000099	0.015187	0.167674	0.0010	0.0054	0.0420	0.0130	0.0385	0.0595	0.0120
000345	A	0.000096	0.013855	0.161520	0.0010	0.0057	0.0400	0.0120	0.0371	0.0573	0.0139
000346	T	0.000085	0.014695	0.155055	0.0037	0.0075	0.0410	0.0110	0.0369	0.0545	0.0164
000347	L	0.000075	0.016542	0.148298	0.0029	0.0071	0.0420	0.0110	0.0362	0.0520	0.0187
000348	L	0.000066	0.021844	0.141625	0.0049	0.0060	0.0480	0.0150	0.0370	0.0494	0.0213
000349	F	0.000101	0.034276	0.135213	0.0109	0.0055	0.0600	0.0260	0.0410	0.0468	0.0226
000350	L	0.000222	0.050645	0.129198	0.0066	0.0053	0.0620	0.0290	0.0424	0.0455	0.0226
000351	I	0.000617	0.071272	0.124198	0.0062	0.0061	0.0710	0.0390	0.0466	0.0459	0.0225
000352	M	0.000734	0.104113	0.121170	0.0052	0.0061	0.0890	0.0460	0.0544	0.0513	0.0238
000353	T	0.000817	0.151686	0.120268	0.0082	0.0066	0.1320	0.0550	0.0699	0.0653	0.0257
000354	T	0.000959	0.204768	0.121053	0.0182	0.0090	0.2200	0.0840	0.0957	0.0918	0.0268
000355	K	0.001001	0.261291	0.123605	0.0200	0.0136	0.2710	0.1040	0.1151	0.1141	0.0263
000356	N	0.011714	0.324236	0.128639	0.0286	0.0117	0.2890	0.1000	0.1323	0.1299	0.0256
000357	S	0.012296	0.392139	0.135039	0.0297	0.0117	0.3060	0.1040	0.1478	0.1504	0.0248
000358	N	0.012757	0.411095	0.142109	0.0308	0.0105	0.3060	0.0730	0.1522	0.1555	0.0247
000359	I	0.013104	0.434286	0.148796	0.0514	0.0194	0.3060	0.0490	0.1622	0.1581	0.0243
000360	Y	0.017173	0.430058	0.154940	0.0526	0.0494	0.2890	0.0540	0.1656	0.1493	0.0240
000361	K	0.019949	0.419660	0.160496	0.1041	0.1048	0.2670	0.0670	0.1793	0.1306	0.0256
000362	M	0.024294	0.394032	0.164956	0.1667	0.1914	0.2690	0.0720	0.2018	0.1123	0.0277
000363	P	0.025436	0.390234	0.169490	0.2080	0.2541	0.2400	0.0760	0.2145	0.1087	0.0298
000364	L	0.026220	0.372545	0.175528	0.2167	0.1554	0.2310	0.0760	0.1962	0.1030	0.0325
000365	S	0.016380	0.385314	0.184698	0.2292	0.0719	0.2070	0.0640	0.1824	0.1181	0.0349
000366	K	0.016929	0.390776	0.195510	0.1667	0.0334	0.1660	0.0650	0.1616	0.1232	0.0384
000367	V	0.017150	0.389159	0.206123	0.1117	0.0181	0.1270	0.0550	0.1449	0.1273	0.0415
000368	T	0.017404	0.390659	0.214603	0.0771	0.0198	0.1060	0.0420	0.1375	0.1310	0.0458
000369	Y	0.023664	0.382232	0.223198	0.0514	0.0148	0.0980	0.0340	0.1323	0.1317	0.0493
000370	P	0.027901	0.367182	0.231393	0.1041	0.0258	0.0800	0.0350	0.1394	0.1228	0.0559
000371	E	0.031699	0.333272	0.238834	0.1456	0.0555	0.0710	0.0300	0.1459	0.1085	0.0627
000372	E	0.061272	0.303144	0.245914	0.1495	0.0581	0.0740	0.0310	0.1487	0.0955	0.0666
000373	N	0.092778	0.269976	0.254288	0.1844	0.0581	0.0920	0.0440	0.1586	0.0827	0.0706
000374	R	0.137808	0.245865	0.263622	0.1667	0.0306	0.0990	0.0450	0.1573	0.0806	0.0749
000375	I	0.165638	0.213516	0.272638	0.2122	0.0690	0.1040	0.0340	0.1728	0.0693	0.0763
000376	F	0.184708	0.201998	0.280872	0.1532	0.0690	0.1290	0.0320	0.1698	0.0654	0.0798
000377	Y	0.211011	0.204527	0.289832	0.1532	0.0799	0.1400	0.0500	0.1797	0.0658	0.0815
000378	L	0.237370	0.235187	0.299145	0.2255	0.0719	0.1430	0.0690	0.2020	0.0739	0.0848
000379	Q	0.305184	0.282014	0.308508	0.2531	0.0690	0.1730	0.0940	0.2319	0.0858	0.0873
000380	A	0.371901	0.321685	0.318332	0.2748	0.1206	0.5060	0.0860	0.3188	0.1147	0.0916
000381	K	0.418539	0.375232	0.328855	0.2913	0.0851	0.6240	0.1530	0.3538	0.1603	0.0963
000382	K	0.465999	0.426626	0.340210	0.3359	0.0581	0.6780	0.1090	0.3841	0.1850	0.1009
000383	R	0.494692	0.475363	0.351375	0.3806	0.0364	0.7110	0.1050	0.4083	0.2025	0.1081
000384	M	0.533245	0.526952	0.362681	0.4203	0.0248	0.7550	0.0910	0.4372	0.2214	0.1124
000385	V	0.579153	0.580985	0.372405	0.4556	0.0181	0.7340	0.0650	0.4567	0.2261	0.1140
000386	E	0.718143	0.662268	0.380445	0.5711	0.0294	0.7980	0.0700	0.5265	0.2579	0.1184
000387	S	0.671383	0.703748	0.384561	0.6870	0.0719	0.8410	0.0570	0.5599	0.2573	0.1219
000388	P	0.607648	0.752060	0.386492	0.7869	0.1702	0.8040	0.0980	0.5846	0.2341	0.1279
000389	L	0.591378	0.764262	0.386513	0.8746	0.2951	0.8100	0.0610	0.6204	0.2171	0.1347