RESNUM	RES	VL-XT	VSL2B	VL3	IUPred-S	IUPred-L	PONDRFIT	FITERROR	MDP	MDPERROR	ANCHOR2
000001	M	0.850544	0.886715	0.121736	0.7342	0.1583	0.9800	0.0100	0.6219	0.3485	0.1304
000002	A	0.847038	0.855590	0.118932	0.7079	0.2094	0.9560	0.0210	0.6158	0.3284	0.1268
000003	A	0.820898	0.798505	0.113556	0.5623	0.1323	0.9510	0.0270	0.5632	0.3318	0.1241
000004	A	0.706164	0.724882	0.108588	0.5296	0.0765	0.9280	0.0340	0.5123	0.3186	0.1230
000005	L	0.729814	0.629705	0.104305	0.3847	0.0985	0.9190	0.0520	0.4777	0.3091	0.1235
000006	P	0.679639	0.508911	0.100858	0.2531	0.0618	0.9020	0.0840	0.4177	0.3070	0.1235
000007	R	0.621421	0.406014	0.098297	0.2122	0.0424	0.8350	0.0830	0.3692	0.2847	0.1145
000008	T	0.555160	0.332323	0.096566	0.0965	0.0592	0.8090	0.0980	0.3249	0.2777	0.1102
000009	L	0.495649	0.253962	0.095319	0.0395	0.0749	0.6970	0.1220	0.2761	0.2433	0.1026
000010	G	0.433685	0.206170	0.094773	0.0297	0.0749	0.6310	0.0820	0.2451	0.2176	0.0968
000011	E	0.354032	0.197310	0.095482	0.0200	0.0985	0.4630	0.0950	0.2047	0.1562	0.0912
000012	L	0.296102	0.169179	0.098805	0.0200	0.0780	0.4020	0.0970	0.1773	0.1325	0.0829
000013	Q	0.226503	0.147935	0.104033	0.0286	0.0581	0.3280	0.0800	0.1488	0.1023	0.0777
000014	L	0.164489	0.133074	0.110431	0.0212	0.0690	0.2540	0.0710	0.1254	0.0735	0.0723
000015	Y	0.120448	0.121568	0.117377	0.0150	0.0483	0.1860	0.0390	0.1014	0.0554	0.0677
000016	R	0.084630	0.116191	0.121906	0.0350	0.0424	0.1330	0.0370	0.0889	0.0385	0.0635
000017	I	0.059719	0.121890	0.124258	0.0141	0.0389	0.1060	0.0390	0.0774	0.0424	0.0611
000018	L	0.040771	0.130510	0.123719	0.0081	0.0327	0.0740	0.0230	0.0684	0.0459	0.0649
000019	Q	0.022437	0.137360	0.123513	0.0087	0.0174	0.0630	0.0160	0.0620	0.0514	0.0689
000020	K	0.013857	0.143720	0.123582	0.0167	0.0174	0.0650	0.0170	0.0635	0.0530	0.0759
000021	A	0.001403	0.134740	0.125513	0.0087	0.0181	0.0690	0.0230	0.0596	0.0544	0.0828
000022	N	0.001264	0.117700	0.130088	0.0038	0.0171	0.0680	0.0290	0.0563	0.0527	0.0914
000023	L	0.001184	0.106904	0.137663	0.0084	0.0281	0.0600	0.0230	0.0570	0.0505	0.1038
000024	L	0.001144	0.102283	0.146377	0.0081	0.0269	0.0570	0.0190	0.0569	0.0524	0.1155
000025	S	0.001577	0.092482	0.155600	0.0160	0.0494	0.0570	0.0180	0.0620	0.0511	0.1279
000026	Y	0.002050	0.092137	0.164777	0.0308	0.0985	0.0730	0.0280	0.0768	0.0519	0.1400
000027	F	0.003676	0.104196	0.174371	0.0350	0.0676	0.0870	0.0260	0.0787	0.0541	0.1537
000028	D	0.004100	0.114425	0.183786	0.0789	0.1206	0.1080	0.0370	0.1017	0.0538	0.1618
000029	A	0.005406	0.125001	0.193200	0.0858	0.1914	0.1390	0.0550	0.1233	0.0647	0.1596
000030	F	0.007617	0.164966	0.201621	0.0884	0.1229	0.1440	0.0500	0.1217	0.0618	0.1575
000031	I	0.011206	0.207043	0.209364	0.0965	0.0734	0.1630	0.0710	0.1267	0.0726	0.1495
000032	Q	0.018901	0.249701	0.216213	0.0677	0.0985	0.1870	0.0750	0.1396	0.0833	0.1489
000033	Q	0.092789	0.295349	0.223216	0.0414	0.0765	0.2090	0.0840	0.1563	0.0914	0.1501
000034	G	0.190935	0.341201	0.230611	0.0813	0.1229	0.2640	0.1130	0.2052	0.0865	0.1524
000035	G	0.278737	0.354337	0.238813	0.1088	0.1969	0.2720	0.1180	0.2416	0.0760	0.1557
000036	D	0.358914	0.358351	0.248480	0.1060	0.2164	0.2420	0.1020	0.2550	0.0870	0.1607
000037	D	0.453567	0.385095	0.258674	0.1766	0.3182	0.2380	0.1050	0.3051	0.0929	0.1648
000038	V	0.547338	0.407511	0.268641	0.2786	0.3182	0.2000	0.0730	0.3367	0.1128	0.1660
000039	Q	0.639874	0.412800	0.275516	0.2748	0.2292	0.1600	0.0490	0.3321	0.1569	0.1751
000040	Q	0.729792	0.402808	0.279843	0.2209	0.2752	0.1800	0.0670	0.3482	0.1839	0.1886
000041	L	0.808703	0.399552	0.281399	0.2209	0.2918	0.2040	0.0730	0.3677	0.2070	0.2039
000042	C	0.815017	0.393275	0.281409	0.3399	0.3460	0.2090	0.0870	0.3974	0.1956	0.2208
000043	E	0.797260	0.369468	0.278981	0.2558	0.3087	0.2310	0.0870	0.3735	0.1945	0.2328
000044	A	0.791294	0.375392	0.274622	0.2255	0.2224	0.3000	0.1090	0.3649	0.1975	0.2432
000045	G	0.794078	0.404991	0.268874	0.1998	0.1643	0.2970	0.1270	0.3548	0.2108	0.2516
000046	E	0.785218	0.394836	0.261883	0.1380	0.1643	0.2670	0.1190	0.3352	0.2176	0.2580
000047	E	0.767727	0.359705	0.254909	0.0858	0.1298	0.2570	0.1150	0.3092	0.2238	0.2623
000048	E	0.758635	0.337278	0.247823	0.0789	0.1028	0.2430	0.1020	0.2947	0.2256	0.2704
000049	F	0.754217	0.285191	0.241998	0.1088	0.1449	0.2350	0.0970	0.2950	0.2139	0.2804
000050	L	0.751520	0.228797	0.236334	0.0884	0.1373	0.2220	0.0980	0.2774	0.2188	0.2821
000051	E	0.753261	0.194790	0.230585	0.0884	0.1528	0.2030	0.0950	0.2705	0.2206	0.2814
000052	I	0.760342	0.174815	0.223724	0.1495	0.1528	0.1960	0.1040	0.2762	0.2180	0.2801
000053	M	0.757840	0.144670	0.215819	0.2483	0.2364	0.1760	0.0860	0.2966	0.2093	0.2855
000054	A	0.705102	0.125863	0.207692	0.1566	0.1643	0.1790	0.0790	0.2565	0.2021	0.2868
000055	L	0.620510	0.139641	0.199942	0.1844	0.1881	0.2000	0.0880	0.2555	0.1645	0.2865
000056	V	0.555888	0.158035	0.193003	0.1240	0.1881	0.1910	0.0710	0.2350	0.1456	0.2850
000057	G	0.490104	0.189929	0.187478	0.1088	0.1162	0.1980	0.0690	0.2152	0.1281	0.2868
000058	M	0.435553	0.249843	0.182052	0.0935	0.1115	0.2120	0.0670	0.2141	0.1129	0.2894
000059	A	0.430187	0.306051	0.177325	0.0490	0.0985	0.2220	0.0700	0.2139	0.1273	0.2852
000060	S	0.420389	0.328380	0.171954	0.0965	0.1501	0.2480	0.0750	0.2359	0.1108	0.2795
000061	K	0.425365	0.350826	0.167230	0.1566	0.1501	0.2500	0.0770	0.2501	0.1053	0.2773
000062	P	0.440464	0.350082	0.162711	0.1240	0.1399	0.2190	0.0820	0.2393	0.1170	0.2813
000063	L	0.506365	0.328368	0.158980	0.1178	0.2258	0.1780	0.0780	0.2526	0.1312	0.2827
000064	H	0.601110	0.337189	0.156844	0.1416	0.1671	0.1370	0.0760	0.2569	0.1686	0.2831
000065	V	0.689561	0.338152	0.154843	0.1766	0.1424	0.1270	0.0640	0.2714	0.1997	0.2872
000066	R	0.772026	0.325279	0.151939	0.1532	0.2129	0.1250	0.0580	0.2900	0.2253	0.2926
000067	R	0.832083	0.303727	0.146075	0.1380	0.2884	0.1380	0.0670	0.3078	0.2446	0.3016
000068	L	0.757555	0.293864	0.139507	0.1349	0.3149	0.1330	0.0540	0.2956	0.2200	0.3076
000069	Q	0.688427	0.274029	0.133925	0.1667	0.3460	0.1060	0.0470	0.2859	0.1980	0.3125
000070	K	0.599575	0.235620	0.131385	0.2167	0.3019	0.0900	0.0330	0.2625	0.1658	0.3230
000071	A	0.511690	0.231390	0.130334	0.2167	0.2094	0.0720	0.0160	0.2286	0.1383	0.3402
000072	L	0.420331	0.218836	0.130280	0.1602	0.2224	0.0670	0.0130	0.2031	0.1107	0.3622
000073	R	0.324496	0.192336	0.130379	0.0832	0.2002	0.0640	0.0200	0.1658	0.0870	0.3755
000074	D	0.223397	0.173223	0.130578	0.1416	0.3087	0.0670	0.0230	0.1740	0.0764	0.3934
000075	W	0.121369	0.167239	0.131026	0.1602	0.2328	0.0810	0.0360	0.1490	0.0469	0.4044
000076	V	0.026746	0.154857	0.132246	0.2483	0.3019	0.0820	0.0350	0.1577	0.0936	0.4097
000077	T	0.023043	0.154039	0.134849	0.1732	0.2988	0.0850	0.0340	0.1448	0.0848	0.4129
000078	N	0.020511	0.176989	0.138500	0.1805	0.2258	0.0950	0.0340	0.1395	0.0667	0.4133
000079	P	0.018449	0.196892	0.143413	0.2602	0.3321	0.0990	0.0320	0.1750	0.1030	0.4187
000080	G	0.013829	0.205756	0.149757	0.1698	0.2715	0.1200	0.0390	0.1550	0.0791	0.4236
000081	L	0.051743	0.238452	0.159051	0.1878	0.2715	0.1380	0.0450	0.1743	0.0711	0.4283
000082	F	0.128829	0.277403	0.171585	0.1602	0.2918	0.1420	0.0390	0.1953	0.0647	0.4227
000083	N	0.205255	0.310730	0.186857	0.2385	0.2884	0.1550	0.0410	0.2308	0.0549	0.4078
000084	Q	0.255646	0.356753	0.200982	0.2333	0.3182	0.1780	0.0540	0.2572	0.0627	0.4006
000085	P	0.285288	0.380572	0.212417	0.1566	0.2224	0.2150	0.0830	0.2454	0.0711	0.3924
000086	L	0.314930	0.379442	0.222530	0.2748	0.2364	0.2240	0.0940	0.2754	0.0568	0.3905
000087	T	0.323202	0.370066	0.235292	0.2786	0.2951	0.2120	0.0920	0.2857	0.0527	0.3901
000088	S	0.340058	0.366596	0.249775	0.1998	0.2164	0.2030	0.0780	0.2626	0.0666	0.3894
000089	L	0.445548	0.359001	0.265424	0.1878	0.2328	0.1980	0.0700	0.2814	0.0925	0.3928
000090	P	0.511226	0.364254	0.279039	0.1205	0.2224	0.1870	0.0500	0.2808	0.1277	0.3898
000091	V	0.543417	0.359799	0.291820	0.1266	0.2224	0.1710	0.0330	0.2858	0.1381	0.3874
000092	S	0.548272	0.367852	0.304787	0.1878	0.2918	0.1450	0.0270	0.3076	0.1307	0.3839
000093	S	0.579161	0.371809	0.318552	0.2748	0.4220	0.1340	0.0180	0.3500	0.1364	0.3837
000094	I	0.635092	0.374926	0.333444	0.2657	0.4149	0.1270	0.0190	0.3586	0.1542	0.3865
000095	P	0.658664	0.396043	0.344969	0.2700	0.3182	0.1230	0.0270	0.3519	0.1614	0.3858
000096	I	0.736923	0.430244	0.355448	0.2531	0.2193	0.1280	0.0310	0.3539	0.1965	0.3919
000097	Y	0.732870	0.440505	0.364312	0.2483	0.2951	0.1290	0.0280	0.3684	0.1894	0.3982
000098	K	0.660681	0.458364	0.373679	0.1878	0.2094	0.1380	0.0290	0.3380	0.1821	0.4034
000099	L	0.586436	0.478556	0.382237	0.1921	0.2094	0.1560	0.0340	0.3342	0.1603	0.4101
000100	P	0.477834	0.475331	0.387990	0.2080	0.1942	0.1630	0.0310	0.3178	0.1333	0.4102
000101	E	0.397119	0.459299	0.393336	0.1844	0.1671	0.1670	0.0330	0.2946	0.1240	0.4096
000102	G	0.318629	0.444894	0.400565	0.1602	0.2164	0.1650	0.0360	0.2843	0.1116	0.4099
000103	S	0.241835	0.452956	0.411035	0.1602	0.1449	0.1620	0.0300	0.2622	0.1246	0.4103
000104	P	0.234200	0.448539	0.423414	0.1635	0.1611	0.1650	0.0330	0.2660	0.1230	0.4130
000105	T	0.229116	0.447535	0.434528	0.1602	0.2328	0.1710	0.0410	0.2792	0.1176	0.4161
000106	W	0.308793	0.457000	0.444455	0.1495	0.2034	0.1840	0.0400	0.2913	0.1228	0.4215
000107	L	0.338621	0.484338	0.452857	0.2167	0.2783	0.1750	0.0370	0.3243	0.1142	0.4165
000108	G	0.368450	0.509317	0.460040	0.2913	0.3704	0.1800	0.0340	0.3633	0.1076	0.4053
000109	I	0.445902	0.506542	0.465776	0.2963	0.3494	0.2030	0.0490	0.3778	0.1056	0.3937
000110	S	0.499771	0.503515	0.468595	0.3630	0.4220	0.2020	0.0580	0.4099	0.1047	0.3798
000111	C	0.523834	0.532697	0.470311	0.3146	0.4119	0.2610	0.0690	0.4190	0.1021	0.3704
000112	S	0.535945	0.579397	0.471453	0.3096	0.4220	0.2740	0.0700	0.4321	0.1112	0.3677
000113	S	0.568643	0.626971	0.473253	0.3146	0.4256	0.3260	0.0790	0.4559	0.1155	0.3649
000114	Y	0.577071	0.648856	0.474848	0.3359	0.3599	0.3920	0.0900	0.4648	0.1151	0.3640
000115	E	0.569291	0.668528	0.478200	0.3146	0.3286	0.3560	0.0950	0.4526	0.1320	0.3627
000116	R	0.580968	0.702157	0.483148	0.2602	0.2470	0.3910	0.0890	0.4441	0.1645	0.3621
000117	S	0.587801	0.717644	0.487449	0.3456	0.3667	0.3310	0.0680	0.4726	0.1420	0.3627
000118	S	0.597355	0.710783	0.487713	0.3456	0.4369	0.2920	0.0430	0.4784	0.1428	0.3672
000119	N	0.627171	0.694285	0.485799	0.3668	0.3460	0.2890	0.0470	0.4682	0.1495	0.3749
000120	A	0.680434	0.682958	0.483380	0.4245	0.4051	0.2630	0.0480	0.4899	0.1509	0.3812
000121	R	0.716913	0.676800	0.483171	0.3184	0.3872	0.2720	0.0530	0.4758	0.1696	0.3893
000122	E	0.650724	0.643078	0.484168	0.3885	0.4831	0.2770	0.0580	0.4877	0.1323	0.3973
000123	P	0.568528	0.620251	0.484987	0.3578	0.4940	0.2960	0.0940	0.4703	0.1125	0.4015
000124	H	0.490196	0.590443	0.485077	0.3491	0.4087	0.2890	0.0900	0.4355	0.0992	0.4046
000125	L	0.417234	0.553166	0.480689	0.4245	0.4409	0.2870	0.0800	0.4339	0.0800	0.4019
000126	K	0.349639	0.513040	0.475060	0.3053	0.4292	0.2240	0.0480	0.3826	0.1001	0.3984
000127	I	0.266514	0.499231	0.466955	0.2483	0.4256	0.1560	0.0260	0.3437	0.1268	0.3967
000128	P	0.187236	0.504708	0.460110	0.2531	0.3631	0.1280	0.0240	0.3160	0.1382	0.3922
000129	K	0.152876	0.482772	0.453468	0.2531	0.3667	0.1370	0.0290	0.3077	0.1362	0.3919
000130	C	0.129520	0.456988	0.447384	0.1958	0.3667	0.1450	0.0350	0.2903	0.1379	0.3927
000131	A	0.126304	0.376068	0.442533	0.2255	0.3948	0.1420	0.0300	0.2846	0.1253	0.3981
000132	A	0.129745	0.355722	0.439245	0.2255	0.3948	0.1420	0.0310	0.2812	0.1216	0.4012
000133	T	0.131450	0.348021	0.437021	0.2167	0.3740	0.1460	0.0330	0.2755	0.1170	0.4032
000134	T	0.148522	0.313823	0.435942	0.1958	0.3566	0.1500	0.0360	0.2668	0.1092	0.4065
000135	C	0.158531	0.315929	0.434850	0.2041	0.3019	0.1530	0.0360	0.2614	0.1003	0.4102
000136	V	0.163914	0.352500	0.436813	0.2602	0.3149	0.1570	0.0390	0.2809	0.1000	0.4181
000137	Q	0.209693	0.419113	0.441019	0.2167	0.3215	0.1640	0.0420	0.2953	0.1065	0.4242
000138	S	0.193034	0.464572	0.447550	0.2255	0.3983	0.1830	0.0510	0.3186	0.1205	0.4286
000139	L	0.190720	0.503236	0.454955	0.2041	0.3053	0.2140	0.0670	0.3120	0.1245	0.4321
000140	G	0.228085	0.533817	0.464041	0.2080	0.2884	0.2250	0.0800	0.3246	0.1273	0.4334
000141	Q	0.250194	0.554664	0.475692	0.2558	0.3117	0.2360	0.0970	0.3474	0.1231	0.4322
000142	G	0.329917	0.574868	0.486977	0.2657	0.3426	0.2370	0.1020	0.3729	0.1201	0.4326
000143	K	0.380437	0.592747	0.495326	0.2432	0.3631	0.2270	0.0900	0.3836	0.1297	0.4348
000144	S	0.446972	0.587434	0.499897	0.2531	0.3087	0.2220	0.0720	0.3864	0.1340	0.4392
000145	D	0.515422	0.578846	0.503061	0.2602	0.3053	0.2140	0.0550	0.3962	0.1407	0.4474
000146	V	0.543278	0.569087	0.506614	0.3184	0.4051	0.1930	0.0510	0.4226	0.1336	0.4589
000147	V	0.520359	0.556389	0.511094	0.3762	0.4582	0.1640	0.0360	0.4311	0.1323	0.4722
000148	G	0.494647	0.536266	0.517743	0.3885	0.4507	0.1550	0.0310	0.4238	0.1295	0.4834
000149	S	0.454397	0.535903	0.525490	0.3885	0.3910	0.1710	0.0340	0.4110	0.1220	0.4928
000150	L	0.425988	0.550929	0.532651	0.4513	0.3667	0.1870	0.0280	0.4190	0.1212	0.5056
000151	A	0.337687	0.568118	0.538963	0.3992	0.3774	0.1860	0.0300	0.4012	0.1277	0.5186
000152	L	0.268531	0.571289	0.545385	0.3184	0.3704	0.2040	0.0330	0.3796	0.1362	0.5289
000153	Q	0.191450	0.592948	0.553363	0.3359	0.3740	0.2300	0.0400	0.3797	0.1502	0.5296
000154	S	0.127992	0.606142	0.562369	0.3399	0.3840	0.2840	0.0470	0.3841	0.1626	0.5327
000155	V	0.068228	0.627549	0.572213	0.3491	0.3631	0.2960	0.0510	0.3793	0.1843	0.5386
000156	G	0.127713	0.655704	0.585691	0.3535	0.3566	0.2790	0.0550	0.3930	0.1791	0.5367
000157	E	0.186343	0.678705	0.602591	0.3885	0.4220	0.3000	0.0640	0.4298	0.1681	0.5355
000158	S	0.249900	0.708851	0.622886	0.4420	0.4725	0.3590	0.0680	0.4758	0.1538	0.5353
000159	R	0.314406	0.721770	0.643603	0.4600	0.4831	0.4270	0.0830	0.5083	0.1360	0.5403
000160	L	0.386402	0.734562	0.664920	0.4556	0.4901	0.4710	0.0750	0.5338	0.1232	0.5460
000161	W	0.460953	0.748307	0.686145	0.5374	0.5620	0.4750	0.0620	0.5783	0.1056	0.5435
000162	Q	0.537502	0.769204	0.707496	0.5711	0.5139	0.4540	0.0590	0.5922	0.1105	0.5313
000163	G	0.604764	0.791568	0.726524	0.6255	0.5854	0.4990	0.0680	0.6389	0.0954	0.5265
000164	H	0.628828	0.808834	0.743050	0.5623	0.6089	0.5600	0.0720	0.6520	0.0929	0.5265
000165	H	0.601304	0.827911	0.756893	0.5583	0.5807	0.6110	0.0760	0.6561	0.0999	0.5231
000166	A	0.576368	0.847513	0.770621	0.6412	0.6661	0.6180	0.0830	0.6866	0.0934	0.5177
000167	T	0.580375	0.863461	0.783699	0.6174	0.5807	0.6340	0.0780	0.6765	0.1082	0.5149
000168	E	0.611149	0.875046	0.796263	0.6219	0.5620	0.6420	0.0790	0.6847	0.1118	0.5168
000169	S	0.640078	0.885951	0.807151	0.5667	0.5620	0.6940	0.0810	0.6926	0.1198	0.5157
000170	E	0.667971	0.893763	0.817207	0.5711	0.5992	0.7200	0.0910	0.7116	0.1145	0.5166
000171	H	0.691093	0.899589	0.825866	0.6219	0.6576	0.7220	0.0990	0.7363	0.0968	0.5180
000172	S	0.710911	0.903010	0.834107	0.7147	0.7718	0.7270	0.0970	0.7770	0.0706	0.5217
000173	L	0.771347	0.904498	0.842418	0.6756	0.7881	0.7540	0.0900	0.7893	0.0714	0.5314
000174	S	0.837655	0.910549	0.851204	0.6681	0.7843	0.7450	0.0900	0.7995	0.0784	0.5326
000175	P	0.902232	0.916066	0.859582	0.6789	0.7916	0.7660	0.0840	0.8191	0.0828	0.5346
000176	A	0.931881	0.919755	0.867069	0.6650	0.7843	0.8040	0.0980	0.8287	0.0911	0.5377
000177	D	0.937019	0.926119	0.873789	0.7079	0.8013	0.8190	0.0900	0.8441	0.0788	0.5375
000178	L	0.940789	0.934805	0.880476	0.7079	0.8125	0.8520	0.0870	0.8547	0.0794	0.5345
000179	G	0.940724	0.940052	0.886572	0.6870	0.7755	0.8430	0.1010	0.8455	0.0910	0.5233
000180	S	0.943592	0.941328	0.891538	0.7079	0.7036	0.8360	0.1140	0.8373	0.0997	0.5144
000181	P	0.946791	0.947394	0.895528	0.6715	0.6991	0.8290	0.1270	0.8315	0.1110	0.5084
000182	A	0.946489	0.950753	0.898646	0.6174	0.6620	0.8290	0.1260	0.8174	0.1325	0.5012
000183	S	0.942777	0.951410	0.900845	0.6412	0.6375	0.8150	0.1440	0.8148	0.1317	0.4955
000184	P	0.942006	0.950074	0.901921	0.6715	0.6948	0.8060	0.1500	0.8277	0.1126	0.4921
000185	K	0.943360	0.949317	0.902578	0.6557	0.6712	0.8040	0.1490	0.8210	0.1212	0.4921
000186	E	0.941803	0.948204	0.902665	0.6079	0.5577	0.8040	0.1430	0.7937	0.1571	0.4961
000187	S	0.935177	0.945803	0.902183	0.6079	0.5807	0.7830	0.1400	0.7924	0.1500	0.5044
000188	S	0.921434	0.941357	0.900750	0.5296	0.5098	0.7480	0.1570	0.7585	0.1801	0.5143
000189	E	0.904253	0.934453	0.897969	0.5802	0.5577	0.7200	0.1470	0.7658	0.1554	0.5284
000190	A	0.889917	0.926624	0.894152	0.5253	0.5707	0.7070	0.1330	0.7522	0.1613	0.5483
000191	L	0.876685	0.917240	0.889297	0.5008	0.4725	0.7040	0.1390	0.7268	0.1832	0.5649
000192	D	0.865892	0.915452	0.883969	0.4918	0.3948	0.6820	0.1350	0.7057	0.2018	0.5716
000193	A	0.849166	0.908416	0.877865	0.4556	0.4292	0.6760	0.1400	0.6993	0.1962	0.5815
000194	A	0.832823	0.899012	0.871832	0.4037	0.4292	0.6650	0.1280	0.6836	0.2031	0.5868
000195	A	0.815451	0.891070	0.865977	0.3885	0.3840	0.6710	0.1150	0.6694	0.2119	0.5844
000196	A	0.790087	0.889009	0.859229	0.4037	0.3667	0.7280	0.0960	0.6727	0.2099	0.5865
000197	L	0.780313	0.882502	0.850366	0.3535	0.3807	0.7740	0.0860	0.6702	0.2178	0.5825
000198	S	0.774485	0.869428	0.839217	0.3263	0.3872	0.6890	0.1020	0.6476	0.2140	0.5746
000199	V	0.758115	0.853816	0.825443	0.3535	0.3249	0.6480	0.0990	0.6273	0.2139	0.5685
000200	A	0.754597	0.838952	0.808799	0.3311	0.3426	0.6250	0.1110	0.6169	0.2090	0.5624
000201	E	0.746418	0.816739	0.790425	0.2786	0.3599	0.6230	0.1300	0.6026	0.2106	0.5531
000202	C	0.740994	0.792501	0.772489	0.3578	0.4186	0.6230	0.1100	0.6176	0.1717	0.5442
000203	V	0.741585	0.767423	0.755476	0.3311	0.4186	0.5190	0.1270	0.5888	0.1748	0.5361
000204	E	0.744602	0.751572	0.739349	0.3535	0.3740	0.4440	0.1350	0.5679	0.1794	0.5253
000205	R	0.757563	0.715373	0.724304	0.3806	0.4087	0.4810	0.1200	0.5778	0.1579	0.5173
000206	M	0.766416	0.664544	0.710425	0.3225	0.4409	0.4930	0.1070	0.5663	0.1586	0.5099
000207	A	0.771298	0.673152	0.698466	0.3456	0.4087	0.4850	0.0830	0.5637	0.1587	0.4995
000208	P	0.779740	0.679075	0.688235	0.4116	0.4685	0.4450	0.0680	0.5787	0.1416	0.4875
000209	T	0.779308	0.694224	0.680299	0.3491	0.4831	0.4460	0.0670	0.5720	0.1545	0.4783
000210	L	0.785103	0.703968	0.673574	0.4037	0.4685	0.4140	0.0780	0.5748	0.1512	0.4712
000211	P	0.771540	0.708754	0.668384	0.4379	0.4256	0.3510	0.0710	0.5606	0.1608	0.4637
000212	K	0.684742	0.714462	0.664787	0.3630	0.4087	0.3250	0.0620	0.5268	0.1636	0.4587
000213	S	0.597665	0.717639	0.662021	0.3630	0.5017	0.3020	0.0670	0.5240	0.1516	0.4560
000214	D	0.512776	0.712002	0.658949	0.4078	0.5707	0.3000	0.0700	0.5270	0.1413	0.4527
000215	L	0.424089	0.706443	0.655862	0.3939	0.5493	0.3010	0.0770	0.5051	0.1447	0.4480
000216	N	0.359689	0.701346	0.652189	0.3939	0.5456	0.2630	0.0650	0.4860	0.1590	0.4437
000217	E	0.302744	0.695242	0.648234	0.4037	0.4940	0.2480	0.0590	0.4654	0.1656	0.4422
000218	V	0.238869	0.690894	0.642673	0.4245	0.4940	0.2230	0.0500	0.4524	0.1797	0.4406
000219	K	0.152456	0.671653	0.635246	0.3399	0.4582	0.1990	0.0600	0.4094	0.1988	0.4400
000220	E	0.085200	0.651915	0.626160	0.3263	0.4369	0.2010	0.0580	0.3880	0.2078	0.4391
000221	L	0.083431	0.646132	0.615821	0.3939	0.4292	0.2340	0.0570	0.4004	0.1983	0.4384
000222	L	0.080715	0.627397	0.605427	0.3456	0.4017	0.2420	0.0580	0.3839	0.1924	0.4381
000223	K	0.078507	0.608664	0.595112	0.2786	0.4119	0.2100	0.0450	0.3638	0.1949	0.4376
000224	T	0.077030	0.608157	0.584927	0.2786	0.3460	0.2090	0.0580	0.3507	0.1920	0.4369
000225	N	0.053031	0.607233	0.574453	0.2786	0.2470	0.2230	0.0670	0.3306	0.1976	0.4365
000226	K	0.026622	0.577187	0.564745	0.2913	0.3215	0.2000	0.0660	0.3303	0.1943	0.4369
000227	K	0.004513	0.547370	0.558368	0.2122	0.2918	0.1980	0.0710	0.3021	0.1972	0.4380
000228	L	0.004008	0.542331	0.555841	0.2080	0.2884	0.2120	0.0730	0.3018	0.1950	0.4389
000229	A	0.005972	0.488016	0.556829	0.2432	0.3460	0.2090	0.0750	0.3082	0.1830	0.4388
000230	K	0.011050	0.475712	0.560321	0.2483	0.3566	0.2020	0.0700	0.3090	0.1813	0.4393
000231	M	0.012523	0.470976	0.567451	0.2292	0.3494	0.2130	0.0770	0.3071	0.1817	0.4397
000232	I	0.019987	0.459654	0.575335	0.2913	0.4409	0.2360	0.0940	0.3373	0.1804	0.4395
000233	G	0.043142	0.487674	0.582187	0.3399	0.5139	0.2350	0.1030	0.3670	0.1850	0.4389
000234	H	0.109967	0.543560	0.586954	0.3806	0.5139	0.2560	0.1280	0.3985	0.1702	0.4388
000235	I	0.177815	0.556760	0.588990	0.3847	0.5254	0.3110	0.1330	0.4241	0.1473	0.4384
000236	F	0.262237	0.566305	0.588607	0.3885	0.5254	0.3090	0.1070	0.4400	0.1270	0.4382
000237	E	0.345890	0.603688	0.588047	0.3939	0.5456	0.2830	0.0940	0.4600	0.1246	0.4378
000238	M	0.364718	0.634976	0.587337	0.3939	0.4725	0.3700	0.0890	0.4706	0.1063	0.4371
000239	N	0.392497	0.654691	0.585843	0.4513	0.5382	0.3980	0.1070	0.5034	0.0975	0.4352
000240	D	0.422338	0.661209	0.580784	0.4078	0.5577	0.4490	0.1390	0.5131	0.0931	0.4337
000241	D	0.447880	0.665706	0.575670	0.4078	0.4801	0.4760	0.1470	0.5089	0.0865	0.4321
000242	D	0.429459	0.673884	0.571142	0.4245	0.4979	0.4610	0.1520	0.5096	0.0884	0.4307
000243	P	0.372146	0.670228	0.566817	0.4203	0.5577	0.4720	0.1760	0.5099	0.0997	0.4301
000244	H	0.342188	0.677247	0.561458	0.4245	0.4801	0.5570	0.1920	0.5070	0.1073	0.4307
000245	K	0.267956	0.686628	0.554775	0.4037	0.3983	0.5660	0.1700	0.4796	0.1373	0.4317
000246	E	0.190892	0.687337	0.546421	0.4078	0.4725	0.5620	0.1630	0.4778	0.1544	0.4330
000247	E	0.181938	0.663572	0.536845	0.4203	0.5758	0.5410	0.1830	0.4866	0.1538	0.4334
000248	E	0.159932	0.642660	0.526120	0.4203	0.4582	0.5260	0.1810	0.4556	0.1492	0.4328
000249	I	0.203095	0.607393	0.515150	0.4420	0.4864	0.4560	0.1870	0.4518	0.1234	0.4328
000250	R	0.276019	0.564420	0.504982	0.3630	0.4725	0.3960	0.1940	0.4294	0.0956	0.4335
000251	K	0.377743	0.511962	0.496263	0.3668	0.4582	0.3150	0.1440	0.4210	0.0723	0.4327
000252	Y	0.437230	0.468884	0.489470	0.3762	0.4507	0.2630	0.1120	0.4143	0.0761	0.4309
000253	S	0.508709	0.423960	0.483291	0.3762	0.4409	0.2180	0.0990	0.4084	0.0952	0.4299
000254	A	0.606899	0.355754	0.477643	0.3311	0.4149	0.2010	0.0940	0.3978	0.1262	0.4291
000255	I	0.692426	0.340143	0.471871	0.3184	0.4087	0.2080	0.0930	0.4065	0.1515	0.4295
000256	Y	0.778301	0.368055	0.465513	0.3184	0.4087	0.2130	0.0940	0.4254	0.1761	0.4306
000257	G	0.788294	0.389567	0.458190	0.3184	0.4051	0.2220	0.0770	0.4302	0.1766	0.4326
000258	R	0.715749	0.443650	0.449217	0.3184	0.3321	0.2690	0.0970	0.4213	0.1471	0.4331
000259	F	0.665514	0.506256	0.438945	0.3225	0.3249	0.3150	0.0960	0.4289	0.1272	0.4314
000260	D	0.592450	0.547486	0.428550	0.3096	0.3321	0.3160	0.0640	0.4210	0.1132	0.4279
000261	S	0.556463	0.612594	0.420358	0.3096	0.3460	0.3310	0.0840	0.4293	0.1161	0.4252
000262	K	0.484263	0.662786	0.412872	0.2385	0.3631	0.3280	0.1090	0.4150	0.1339	0.4227
000263	R	0.453977	0.647757	0.405019	0.3184	0.3740	0.3460	0.1150	0.4242	0.1088	0.4185
000264	K	0.456963	0.629729	0.396370	0.3096	0.3740	0.3500	0.1000	0.4194	0.1042	0.4157
000265	D	0.405487	0.620627	0.388305	0.2483	0.3426	0.3010	0.0850	0.3844	0.1180	0.4134
000266	G	0.459266	0.555380	0.383780	0.3005	0.4220	0.2690	0.0770	0.3983	0.0962	0.4139
000267	K	0.492147	0.517522	0.380804	0.2913	0.5055	0.2620	0.0980	0.4082	0.1035	0.4159
000268	H	0.466854	0.510632	0.375314	0.2913	0.4831	0.2570	0.0980	0.3974	0.0969	0.4199
000269	L	0.473428	0.457067	0.364900	0.3053	0.4619	0.2840	0.0950	0.3911	0.0772	0.4228
000270	T	0.442943	0.407111	0.351720	0.3491	0.5382	0.2870	0.0770	0.3960	0.0802	0.4248
000271	L	0.413934	0.368900	0.340317	0.3184	0.5419	0.2820	0.0910	0.3775	0.0842	0.4302
000272	H	0.336505	0.359125	0.328132	0.2865	0.4725	0.2570	0.0970	0.3399	0.0682	0.4325
000273	E	0.242199	0.360995	0.313976	0.3053	0.3948	0.2260	0.0870	0.3072	0.0597	0.4319
000274	L	0.202026	0.352010	0.296827	0.2333	0.3426	0.2380	0.0950	0.2775	0.0568	0.4288
000275	T	0.139185	0.345045	0.279864	0.1732	0.3426	0.1880	0.0590	0.2446	0.0821	0.4275
000276	V	0.116636	0.326043	0.263500	0.1240	0.3426	0.1670	0.0580	0.2233	0.0920	0.4260
000277	N	0.093762	0.308573	0.248809	0.1266	0.3529	0.1530	0.0560	0.2140	0.0959	0.4293
000278	E	0.066054	0.277658	0.234743	0.1266	0.3356	0.1520	0.0570	0.1987	0.0925	0.4336
000279	A	0.108963	0.252097	0.222290	0.1266	0.2645	0.1470	0.0580	0.1869	0.0617	0.4317
000280	A	0.108419	0.232345	0.211959	0.1602	0.2609	0.1280	0.0480	0.1836	0.0555	0.4327
000281	A	0.130910	0.212854	0.204106	0.1041	0.2609	0.1150	0.0480	0.1713	0.0579	0.4313
000282	Q	0.185948	0.184753	0.198543	0.0965	0.3182	0.1030	0.0430	0.1812	0.0735	0.4319
000283	L	0.232533	0.182920	0.194451	0.0935	0.3087	0.0950	0.0360	0.1845	0.0755	0.4293
000284	C	0.244760	0.186827	0.192505	0.0909	0.3019	0.0870	0.0300	0.1839	0.0773	0.4328
000285	V	0.241438	0.197583	0.191427	0.1416	0.3704	0.0780	0.0230	0.2033	0.0905	0.4319
000286	K	0.240670	0.221665	0.192202	0.1456	0.3087	0.0720	0.0200	0.1968	0.0745	0.4245
000287	D	0.235007	0.239048	0.194615	0.2041	0.2715	0.0760	0.0190	0.2033	0.0624	0.4223
000288	N	0.204948	0.242994	0.198966	0.1416	0.2364	0.0810	0.0200	0.1843	0.0568	0.4294
000289	A	0.212857	0.232410	0.203927	0.0832	0.1702	0.0890	0.0260	0.1652	0.0590	0.4283
000290	L	0.205358	0.241565	0.209745	0.0832	0.1702	0.0930	0.0330	0.1671	0.0597	0.4180
000291	L	0.171779	0.243017	0.213224	0.0621	0.1881	0.0960	0.0380	0.1624	0.0636	0.4125
000292	T	0.179258	0.245081	0.213746	0.0621	0.2164	0.1010	0.0390	0.1696	0.0660	0.4127
000293	R	0.172663	0.262292	0.212491	0.0554	0.1476	0.1080	0.0410	0.1598	0.0673	0.4103
000294	R	0.182083	0.282793	0.214941	0.0935	0.2002	0.1020	0.0360	0.1793	0.0655	0.4064
000295	D	0.193865	0.275867	0.222426	0.0909	0.2783	0.0890	0.0300	0.1918	0.0777	0.4001
000296	E	0.203695	0.268668	0.232486	0.1292	0.3392	0.0840	0.0270	0.2095	0.0848	0.3938
000297	L	0.224644	0.262493	0.242731	0.1292	0.2951	0.0860	0.0260	0.2066	0.0744	0.3824
000298	F	0.239896	0.251634	0.251708	0.1292	0.2884	0.0920	0.0280	0.2089	0.0717	0.3765
000299	A	0.254957	0.239569	0.261457	0.0884	0.2094	0.0960	0.0290	0.1916	0.0723	0.3799
000300	L	0.234576	0.256440	0.272449	0.1060	0.2258	0.1040	0.0350	0.1998	0.0688	0.3833
000301	A	0.176256	0.266637	0.284346	0.1178	0.2224	0.1080	0.0410	0.1959	0.0680	0.3921
000302	R	0.162596	0.256821	0.294275	0.1766	0.2884	0.1170	0.0460	0.2160	0.0673	0.3988
000303	Q	0.146955	0.276678	0.304456	0.1322	0.2164	0.1270	0.0520	0.2006	0.0705	0.4029
000304	I	0.130778	0.278767	0.317041	0.1349	0.2164	0.1340	0.0560	0.2019	0.0748	0.4045
000305	S	0.160243	0.308880	0.333259	0.0935	0.2193	0.1290	0.0530	0.2073	0.0891	0.4100
000306	R	0.208042	0.330835	0.351165	0.0909	0.2164	0.1290	0.0500	0.2211	0.0953	0.4158
000307	E	0.239743	0.364776	0.370199	0.0909	0.2064	0.1400	0.0460	0.2354	0.1046	0.4218
000308	V	0.275482	0.376325	0.390329	0.1349	0.2680	0.1620	0.0570	0.2679	0.0963	0.4289
000309	T	0.278587	0.388495	0.411783	0.1998	0.3529	0.1680	0.0600	0.3000	0.0922	0.4325
000310	Y	0.347866	0.422284	0.433756	0.2292	0.2951	0.1680	0.0620	0.3160	0.0967	0.4300
000311	K	0.423743	0.439003	0.456207	0.2913	0.3599	0.1650	0.0610	0.3558	0.1019	0.4240
000312	Y	0.464151	0.446351	0.476534	0.2602	0.3910	0.1850	0.0650	0.3706	0.1101	0.4222
000313	T	0.467405	0.461203	0.493918	0.2748	0.3910	0.1970	0.0730	0.3809	0.1094	0.4166
000314	Y	0.431195	0.496612	0.508449	0.2748	0.3872	0.2300	0.0830	0.3881	0.1048	0.4117
000315	R	0.360132	0.512529	0.522131	0.3578	0.4685	0.2280	0.0770	0.4082	0.1038	0.4034
000316	T	0.378913	0.548559	0.534959	0.3630	0.4087	0.2680	0.0770	0.4170	0.0982	0.3962
000317	T	0.423142	0.585544	0.548158	0.3578	0.4087	0.3350	0.0900	0.4431	0.0930	0.3932
000318	K	0.526193	0.623606	0.560708	0.3005	0.4330	0.3440	0.0930	0.4647	0.1160	0.3906
000319	S	0.565162	0.647503	0.574297	0.3630	0.4831	0.3250	0.1060	0.4931	0.1160	0.3915
000320	K	0.595870	0.669381	0.587195	0.4037	0.4766	0.3520	0.1010	0.5141	0.1125	0.3931
000321	C	0.663564	0.678980	0.599446	0.4513	0.4831	0.3600	0.0800	0.5395	0.1165	0.3944
000322	G	0.768484	0.687757	0.612539	0.4556	0.4801	0.3710	0.0790	0.5626	0.1387	0.4000
000323	E	0.869188	0.696984	0.626218	0.4600	0.5017	0.3820	0.0900	0.5893	0.1627	0.4040
000324	R	0.965219	0.714726	0.639885	0.4513	0.5098	0.3940	0.1070	0.6125	0.1915	0.4108
000325	D	0.984822	0.707429	0.649949	0.4651	0.6089	0.3440	0.1130	0.6267	0.2006	0.4160
000326	E	0.974610	0.696399	0.655554	0.4703	0.6136	0.3290	0.1270	0.6232	0.2001	0.4215
000327	L	0.930468	0.692866	0.658622	0.4825	0.5055	0.3470	0.1300	0.6029	0.1861	0.4258
000328	S	0.899894	0.696523	0.659591	0.4879	0.5419	0.3310	0.1260	0.6029	0.1784	0.4289
000329	P	0.868750	0.688983	0.662063	0.4282	0.5533	0.3110	0.1320	0.5854	0.1816	0.4315
000330	K	0.813833	0.692907	0.665587	0.4651	0.4582	0.3200	0.1390	0.5692	0.1683	0.4334
000331	R	0.772926	0.702298	0.671519	0.4879	0.4725	0.3130	0.1180	0.5700	0.1589	0.4323
000332	I	0.732434	0.689449	0.678999	0.4781	0.5707	0.3160	0.1080	0.5777	0.1443	0.4326
000333	K	0.661296	0.691512	0.688355	0.4825	0.5665	0.2700	0.0940	0.5600	0.1497	0.4329
000334	V	0.598536	0.701087	0.697017	0.4967	0.4979	0.2610	0.0840	0.5421	0.1502	0.4344
000335	E	0.508758	0.726015	0.702666	0.4967	0.5055	0.2250	0.0510	0.5275	0.1649	0.4360
000336	D	0.452130	0.720565	0.705341	0.4333	0.5017	0.2350	0.0640	0.5080	0.1670	0.4384
000337	G	0.384690	0.722830	0.707092	0.4513	0.4292	0.2480	0.0720	0.4904	0.1715	0.4404
000338	F	0.315724	0.723160	0.709329	0.5084	0.4051	0.2720	0.0600	0.4890	0.1770	0.4438
000339	P	0.274831	0.743976	0.711463	0.4556	0.4119	0.2780	0.0710	0.4792	0.1878	0.4483
000340	D	0.221991	0.731873	0.713690	0.3535	0.3872	0.3330	0.0810	0.4568	0.1948	0.4518
000341	F	0.168719	0.745551	0.714968	0.3762	0.3740	0.3660	0.0730	0.4575	0.2060	0.4556
000342	Q	0.140525	0.739491	0.715176	0.3847	0.3740	0.3260	0.0670	0.4467	0.2142	0.4548
000343	D	0.117614	0.763945	0.716486	0.4203	0.4220	0.3450	0.0730	0.4643	0.2204	0.4548
000344	S	0.140610	0.774736	0.719116	0.4282	0.4220	0.3600	0.0780	0.4742	0.2158	0.4569
000345	V	0.194623	0.791791	0.723138	0.4556	0.4766	0.3600	0.0730	0.5002	0.2043	0.4580
000346	Q	0.235174	0.797857	0.725823	0.4420	0.4725	0.3660	0.0740	0.5065	0.1965	0.4569
000347	T	0.278897	0.795315	0.728829	0.4420	0.4766	0.4390	0.0730	0.5267	0.1788	0.4565
000348	L	0.337501	0.797033	0.729722	0.4458	0.4119	0.4920	0.0930	0.5357	0.1686	0.4565
000349	F	0.396972	0.789876	0.730251	0.5331	0.4831	0.5570	0.0810	0.5817	0.1368	0.4532
000350	Q	0.441637	0.781043	0.727547	0.4333	0.4330	0.5800	0.0860	0.5661	0.1434	0.4476
000351	Q	0.489058	0.791920	0.723557	0.3939	0.3667	0.6520	0.0910	0.5696	0.1625	0.4450
000352	A	0.537376	0.798950	0.717688	0.4333	0.4541	0.6740	0.0910	0.6025	0.1365	0.4456
000353	R	0.575074	0.804859	0.711429	0.3578	0.4476	0.6310	0.0730	0.5879	0.1511	0.4466
000354	A	0.603182	0.789876	0.706222	0.3456	0.4476	0.6430	0.0860	0.5893	0.1508	0.4475
000355	K	0.637005	0.809431	0.702241	0.3491	0.4541	0.6180	0.0930	0.5950	0.1528	0.4462
000356	S	0.674114	0.819307	0.700158	0.4037	0.5456	0.6840	0.0580	0.6379	0.1314	0.4451
000357	E	0.691868	0.820755	0.699588	0.3885	0.5493	0.6830	0.0580	0.6388	0.1368	0.4446
000358	E	0.706779	0.831958	0.699196	0.4282	0.5419	0.6740	0.0640	0.6470	0.1292	0.4447
000359	L	0.728529	0.824989	0.699182	0.4967	0.5533	0.6110	0.0840	0.6522	0.1107	0.4450
000360	A	0.714363	0.814729	0.698120	0.5583	0.6482	0.5800	0.0770	0.6689	0.0864	0.4453
000361	A	0.694843	0.808626	0.696922	0.4879	0.6136	0.5710	0.1010	0.6456	0.1025	0.4480
000362	L	0.713889	0.803574	0.694301	0.4513	0.5951	0.5330	0.0850	0.6318	0.1182	0.4496
000363	S	0.703958	0.816685	0.688689	0.4458	0.6322	0.5210	0.0750	0.6347	0.1221	0.4479
000364	S	0.672061	0.803872	0.681362	0.4458	0.6089	0.5080	0.0720	0.6199	0.1179	0.4462
000365	Q	0.584569	0.807530	0.674128	0.4781	0.6482	0.4800	0.0640	0.6121	0.1151	0.4468
000366	Q	0.498949	0.805427	0.670177	0.4600	0.5382	0.4910	0.0650	0.5773	0.1222	0.4483
000367	P	0.414004	0.807774	0.668509	0.4600	0.4725	0.4450	0.0690	0.5446	0.1437	0.4525
000368	E	0.337032	0.809137	0.667291	0.3668	0.3807	0.4200	0.0610	0.4968	0.1772	0.4599
000369	K	0.303529	0.797195	0.665540	0.2913	0.3872	0.3670	0.0610	0.4687	0.1925	0.4685
000370	V	0.261077	0.774958	0.662789	0.2820	0.4541	0.3170	0.0660	0.4586	0.1967	0.4769
000371	M	0.178911	0.758197	0.659772	0.3225	0.4507	0.2810	0.0490	0.4418	0.2069	0.4872
000372	A	0.141890	0.756398	0.657475	0.3535	0.4685	0.2810	0.0630	0.4431	0.2120	0.4947
000373	K	0.121595	0.738876	0.655679	0.3939	0.4619	0.3100	0.0840	0.4470	0.2067	0.5021
000374	Q	0.144962	0.740026	0.653423	0.3992	0.4685	0.3300	0.1030	0.4560	0.1982	0.5162
000375	M	0.142086	0.726488	0.651478	0.3225	0.4685	0.3210	0.1140	0.4387	0.2018	0.5346
000376	E	0.153236	0.732048	0.649561	0.3311	0.4017	0.3210	0.1050	0.4315	0.1994	0.5460
000377	F	0.205809	0.721943	0.648466	0.3359	0.4051	0.4070	0.0970	0.4540	0.1778	0.5621
000378	L	0.263865	0.730688	0.646446	0.2432	0.3807	0.4410	0.0970	0.4509	0.1824	0.5683
000379	C	0.316593	0.734765	0.644630	0.2432	0.3529	0.4030	0.1110	0.4491	0.1785	0.5716
000380	N	0.339847	0.744794	0.642887	0.2483	0.3667	0.3460	0.0900	0.4482	0.1801	0.5755
000381	Q	0.330572	0.736128	0.641277	0.2913	0.4149	0.3620	0.0940	0.4627	0.1663	0.5793
000382	A	0.329055	0.722199	0.641102	0.3263	0.4330	0.3750	0.0970	0.4711	0.1548	0.5877
000383	G	0.319020	0.737002	0.642034	0.3535	0.3948	0.3810	0.0860	0.4713	0.1585	0.5942
000384	Y	0.347854	0.732462	0.644501	0.3578	0.3983	0.4210	0.0780	0.4837	0.1490	0.6092
000385	E	0.360687	0.740174	0.646546	0.3005	0.3704	0.4040	0.0770	0.4704	0.1628	0.6125
000386	R	0.331884	0.750243	0.649117	0.3359	0.3948	0.4440	0.0700	0.4843	0.1596	0.6184
000387	L	0.294865	0.751458	0.652237	0.3146	0.3286	0.4760	0.0610	0.4697	0.1767	0.6300
000388	Q	0.273226	0.752712	0.655169	0.3939	0.3529	0.4960	0.0830	0.4873	0.1690	0.6363
000389	H	0.276973	0.757003	0.658221	0.4078	0.4149	0.5870	0.0910	0.5170	0.1645	0.6573
000390	A	0.296984	0.766029	0.660865	0.4245	0.5098	0.6430	0.0810	0.5502	0.1576	0.6753
000391	E	0.345413	0.773910	0.664400	0.4116	0.4940	0.6240	0.0740	0.5523	0.1488	0.6849
000392	R	0.383630	0.780369	0.668430	0.4245	0.4831	0.6690	0.0680	0.5681	0.1456	0.6984
000393	R	0.431452	0.792350	0.673989	0.4556	0.5176	0.7000	0.0630	0.5952	0.1344	0.7118
000394	L	0.487246	0.794735	0.681507	0.4556	0.5211	0.7100	0.0660	0.6083	0.1265	0.7270
000395	S	0.542776	0.804462	0.689476	0.5331	0.6227	0.7090	0.0820	0.6502	0.0955	0.7260
000396	A	0.600674	0.805191	0.696665	0.5331	0.6089	0.7400	0.0860	0.6642	0.0922	0.7320
000397	G	0.654395	0.817636	0.700845	0.5374	0.6531	0.7880	0.0850	0.6919	0.0930	0.7325
000398	L	0.696714	0.824287	0.702802	0.5941	0.7459	0.7950	0.0770	0.7264	0.0748	0.7319
000399	Y	0.740385	0.835530	0.703126	0.6219	0.7369	0.7950	0.0760	0.7389	0.0677	0.7199
000400	R	0.754055	0.850626	0.703608	0.6255	0.6576	0.8130	0.0710	0.7341	0.0804	0.6922
000401	Q	0.797055	0.865695	0.705044	0.6516	0.6851	0.8320	0.0700	0.7562	0.0797	0.6749
000402	S	0.816116	0.876937	0.707179	0.6035	0.6712	0.8610	0.0580	0.7560	0.1018	0.6616
000403	S	0.823664	0.885641	0.709155	0.6079	0.6906	0.8760	0.0510	0.7655	0.1030	0.6446
000404	E	0.831688	0.893314	0.711560	0.6174	0.7080	0.8800	0.0450	0.7737	0.1014	0.6237
000405	E	0.840044	0.901622	0.714494	0.6756	0.7799	0.8850	0.0430	0.7995	0.0840	0.6046
000406	H	0.854242	0.910041	0.717996	0.6789	0.7916	0.9030	0.0390	0.8093	0.0882	0.6012
000407	S	0.882292	0.915693	0.721941	0.7034	0.8162	0.9020	0.0410	0.8236	0.0846	0.5882
000408	P	0.885684	0.922361	0.726197	0.7111	0.8235	0.8850	0.0550	0.8257	0.0812	0.5775
000409	N	0.891951	0.926112	0.731311	0.7573	0.8828	0.8960	0.0380	0.8476	0.0746	0.5645
000410	G	0.892536	0.928591	0.736892	0.8311	0.9287	0.9090	0.0300	0.8711	0.0685	0.5673
000411	L	0.891364	0.931707	0.742943	0.8457	0.9287	0.9160	0.0340	0.8760	0.0662	0.5763
000412	T	0.895411	0.933641	0.749331	0.8424	0.9415	0.9120	0.0350	0.8790	0.0663	0.5628
000413	S	0.886885	0.936875	0.753168	0.8391	0.9081	0.9120	0.0410	0.8727	0.0613	0.5490
000414	D	0.870001	0.934641	0.755123	0.8556	0.9190	0.9100	0.0450	0.8741	0.0599	0.5464
000415	N	0.849519	0.931523	0.754456	0.8118	0.8713	0.9100	0.0520	0.8548	0.0594	0.5407
000416	S	0.823886	0.927606	0.753462	0.8118	0.8655	0.9000	0.0700	0.8471	0.0580	0.5486
000417	D	0.791123	0.924493	0.751199	0.7605	0.8375	0.8950	0.0840	0.8266	0.0654	0.5511
000418	G	0.768338	0.920866	0.748246	0.7540	0.8713	0.8930	0.0930	0.8260	0.0709	0.5712
000419	Q	0.748032	0.911259	0.745284	0.7079	0.8565	0.8960	0.0940	0.8107	0.0798	0.5939
000420	G	0.694180	0.905999	0.743229	0.7275	0.7843	0.8980	0.0880	0.7923	0.0821	0.6170
000421	E	0.666796	0.900459	0.742183	0.7275	0.7881	0.8870	0.0950	0.7853	0.0845	0.6493
000422	R	0.666079	0.889838	0.741818	0.7232	0.8596	0.8640	0.1140	0.7907	0.0840	0.6852
000423	P	0.650784	0.874395	0.741253	0.7418	0.8565	0.8450	0.1340	0.7849	0.0800	0.7285
000424	L	0.651674	0.856551	0.740274	0.7418	0.8655	0.8590	0.1110	0.7858	0.0803	0.7634
000425	N	0.588754	0.858353	0.739192	0.7317	0.8828	0.8360	0.1170	0.7728	0.1001	0.7787
000426	L	0.534905	0.843341	0.738608	0.7458	0.8828	0.8270	0.1260	0.7621	0.1139	0.7958
000427	R	0.467588	0.851765	0.737604	0.7644	0.8920	0.7970	0.1440	0.7517	0.1371	0.7980
000428	M	0.397315	0.850422	0.735668	0.7605	0.8013	0.8220	0.1410	0.7279	0.1526	0.8057
000429	P	0.357372	0.846925	0.733466	0.7605	0.7415	0.8030	0.1450	0.7071	0.1611	0.8057
000430	N	0.300637	0.842586	0.731943	0.6789	0.6620	0.8130	0.1330	0.6714	0.1782	0.8106
000431	L	0.229807	0.830924	0.729740	0.6334	0.6755	0.7800	0.1360	0.6465	0.1972	0.8212
000432	Q	0.180827	0.817295	0.725714	0.5667	0.6661	0.7210	0.1290	0.6130	0.2073	0.8173
000433	N	0.117549	0.798451	0.720786	0.5802	0.6806	0.6790	0.1280	0.5961	0.2235	0.8101
000434	R	0.116192	0.779043	0.716497	0.5549	0.5620	0.6990	0.1490	0.5713	0.2191	0.8037
000435	Q	0.116085	0.759902	0.712180	0.6079	0.6375	0.6440	0.1480	0.5796	0.2134	0.8090
000436	P	0.118557	0.738497	0.706624	0.5331	0.6183	0.5730	0.1790	0.5481	0.2048	0.8194
000437	H	0.126381	0.698981	0.698732	0.5802	0.6227	0.5550	0.1770	0.5469	0.1958	0.8254
000438	H	0.165032	0.680470	0.688887	0.5846	0.5419	0.5460	0.1640	0.5345	0.1753	0.8377
000439	F	0.193123	0.644584	0.678239	0.5374	0.6043	0.5350	0.1710	0.5322	0.1603	0.8474
000440	V	0.235792	0.649741	0.668800	0.4379	0.5577	0.4880	0.1680	0.5064	0.1459	0.8501
000441	V	0.287672	0.644844	0.660976	0.4600	0.5533	0.4320	0.1730	0.5064	0.1296	0.8444
000442	D	0.329131	0.644928	0.653246	0.5084	0.6136	0.4250	0.1450	0.5291	0.1205	0.8306
000443	G	0.367962	0.642881	0.643194	0.4918	0.5951	0.4350	0.1490	0.5293	0.1054	0.8230
000444	E	0.420751	0.613100	0.634357	0.4600	0.5758	0.4100	0.1210	0.5190	0.0917	0.8163
000445	L	0.487957	0.612250	0.627396	0.4600	0.5951	0.4000	0.1120	0.5305	0.0857	0.8111
000446	S	0.562401	0.613849	0.625458	0.4333	0.5807	0.3560	0.0940	0.5286	0.0995	0.7955
000447	R	0.610204	0.613537	0.625215	0.4149	0.5419	0.3350	0.0870	0.5234	0.1108	0.7789
000448	L	0.660568	0.622232	0.627618	0.4078	0.5419	0.3400	0.0770	0.5334	0.1198	0.7659
000449	Y	0.695827	0.658556	0.630251	0.3992	0.5254	0.3140	0.0950	0.5372	0.1400	0.7365
000450	P	0.716563	0.700793	0.633440	0.4749	0.5620	0.3020	0.0910	0.5650	0.1433	0.6961
000451	S	0.712103	0.734615	0.635539	0.5173	0.6375	0.3550	0.0900	0.5987	0.1292	0.6671
000452	E	0.737319	0.753520	0.637250	0.5008	0.6227	0.3380	0.1200	0.5982	0.1432	0.6439
000453	A	0.690313	0.754715	0.638269	0.4967	0.5382	0.3770	0.1400	0.5826	0.1263	0.6338
000454	K	0.615014	0.759427	0.640441	0.4282	0.5342	0.3520	0.1220	0.5550	0.1355	0.6245
000455	S	0.530008	0.750809	0.643450	0.3668	0.5342	0.3010	0.0940	0.5210	0.1529	0.6193
000456	H	0.495637	0.739845	0.647378	0.4245	0.5211	0.2800	0.0830	0.5181	0.1483	0.6120
000457	S	0.444278	0.724904	0.650617	0.4282	0.5577	0.2930	0.0710	0.5165	0.1449	0.6107
000458	S	0.363031	0.718096	0.654826	0.3578	0.5707	0.3110	0.0780	0.4959	0.1587	0.6059
000459	E	0.275805	0.711287	0.660496	0.4600	0.6482	0.2970	0.0960	0.5088	0.1756	0.6040
000460	S	0.221733	0.713208	0.667021	0.5331	0.7163	0.2540	0.0950	0.5176	0.2070	0.6143
000461	L	0.180985	0.704314	0.673357	0.5008	0.5577	0.2470	0.0790	0.4774	0.1991	0.6342
000462	G	0.165853	0.695471	0.679302	0.4825	0.5665	0.2120	0.0630	0.4669	0.2095	0.6467
000463	I	0.160327	0.684451	0.685232	0.3992	0.4901	0.2060	0.0580	0.4376	0.2070	0.6566
000464	L	0.154696	0.674395	0.688708	0.4203	0.5211	0.1790	0.0450	0.4396	0.2135	0.6627
000465	K	0.098968	0.649091	0.688413	0.3668	0.5211	0.1770	0.0430	0.4168	0.2235	0.6615
000466	D	0.058331	0.630768	0.686755	0.3806	0.5211	0.1940	0.0420	0.4119	0.2269	0.6566
000467	Y	0.048105	0.594100	0.687487	0.3630	0.4619	0.2220	0.0440	0.3962	0.2163	0.6502
000468	P	0.046890	0.584312	0.693706	0.3578	0.4017	0.2200	0.0460	0.3840	0.2151	0.6428
000469	H	0.046287	0.582702	0.704653	0.3146	0.3983	0.2850	0.0700	0.3887	0.2125	0.6410
000470	S	0.019244	0.613693	0.717670	0.2558	0.3948	0.3270	0.1020	0.3880	0.2298	0.6302
000471	A	0.033301	0.645822	0.729443	0.2531	0.4051	0.3970	0.0950	0.4106	0.2325	0.6185
000472	F	0.048116	0.678959	0.738593	0.3146	0.4901	0.4780	0.1210	0.4580	0.2301	0.5995
000473	T	0.070506	0.689240	0.747166	0.3146	0.4940	0.5110	0.1160	0.4710	0.2276	0.5754
000474	L	0.123810	0.709433	0.758026	0.4078	0.5758	0.6120	0.1020	0.5312	0.2133	0.5525
000475	E	0.200671	0.721245	0.769600	0.4651	0.6427	0.6430	0.1170	0.5736	0.1917	0.5217
000476	K	0.302132	0.740812	0.780467	0.4749	0.6482	0.7000	0.1000	0.6077	0.1677	0.4983
000477	K	0.401409	0.743815	0.787057	0.4600	0.6183	0.7520	0.0890	0.6270	0.1493	0.4777
000478	V	0.504088	0.747066	0.791087	0.5253	0.6991	0.8710	0.0630	0.6896	0.1342	0.4618
000479	I	0.593259	0.759646	0.791999	0.5331	0.6482	0.9200	0.0420	0.7077	0.1304	0.4414
000480	K	0.684627	0.768817	0.792120	0.5711	0.6136	0.9400	0.0400	0.7283	0.1226	0.4117
000481	T	0.780056	0.774389	0.791169	0.6174	0.5992	0.9220	0.0830	0.7473	0.1103	0.3905
000482	E	0.868275	0.779111	0.790385	0.6715	0.6043	0.9360	0.0500	0.7750	0.1117	0.3710
000483	P	0.925832	0.784911	0.788993	0.7724	0.7369	0.9330	0.0440	0.8237	0.0767	0.3604
000484	E	0.994943	0.781389	0.787161	0.8200	0.7163	0.9530	0.0450	0.8422	0.0990	0.3520
000485	D	0.999905	0.787553	0.783045	0.8920	0.8050	0.9340	0.0640	0.8668	0.0816	0.3423
000486	S	0.999980	0.794924	0.777014	0.9119	0.7843	0.9360	0.0680	0.8673	0.0861	0.3392
000487	R	1.000000	0.787728	0.773251	0.9392	0.7799	0.9100	0.0900	0.8650	0.0889	0.3348