RESNUM	RES	VL-XT	VSL2B	VL3	IUPred-S	IUPred-L	PONDRFIT	FITERROR	MDP	MDPERROR	ANCHOR2
000001	M	0.946627	0.809764	0.515374	0.9562	0.3840	0.9760	0.0170	0.6787	0.2475	0.3763
000002	S	0.899018	0.807138	0.500110	0.9040	0.3631	0.9780	0.0130	0.6586	0.2431	0.3626
000003	S	0.926050	0.797442	0.488258	0.8521	0.2645	0.9630	0.0210	0.6339	0.2664	0.3546
000004	S	0.957209	0.812913	0.471758	0.7869	0.1791	0.9500	0.0230	0.6144	0.2914	0.3540
000005	G	0.834530	0.785727	0.455240	0.6827	0.2164	0.9450	0.0280	0.5774	0.2585	0.3541
000006	L	0.763864	0.759106	0.439968	0.5623	0.2470	0.9260	0.0370	0.5431	0.2383	0.3533
000007	N	0.697424	0.740009	0.428682	0.5296	0.1731	0.8530	0.0640	0.4989	0.2364	0.3451
000008	S	0.646294	0.667346	0.415555	0.4825	0.2129	0.8740	0.0470	0.4805	0.2209	0.3447
000009	E	0.582310	0.598531	0.402192	0.3491	0.2258	0.8390	0.0540	0.4325	0.2106	0.3460
000010	K	0.499309	0.503426	0.388920	0.3096	0.2609	0.7190	0.0850	0.3821	0.1644	0.3479
000011	V	0.409041	0.434234	0.376540	0.2657	0.3087	0.7810	0.1040	0.3664	0.1788	0.3490
000012	A	0.326239	0.368708	0.365577	0.2963	0.3356	0.5400	0.0510	0.3112	0.0998	0.3525
000013	A	0.252033	0.319770	0.356206	0.3311	0.2258	0.4510	0.0590	0.2633	0.0941	0.3591
000014	L	0.196929	0.310774	0.346833	0.3311	0.1702	0.4440	0.0760	0.2421	0.1092	0.3703
000015	I	0.164762	0.321811	0.339023	0.2333	0.1115	0.4430	0.0900	0.2124	0.1252	0.3746
000016	Q	0.132241	0.320096	0.331201	0.1766	0.0929	0.3880	0.0750	0.1850	0.1239	0.3849
000017	K	0.081633	0.325604	0.311947	0.1805	0.1528	0.3160	0.0570	0.1761	0.1079	0.4039
000018	L	0.040879	0.331763	0.290964	0.1532	0.1528	0.2710	0.0440	0.1583	0.1112	0.4208
000019	N	0.018622	0.326164	0.270179	0.1532	0.1092	0.2050	0.0450	0.1354	0.1111	0.4304
000020	S	0.016340	0.326213	0.254036	0.1416	0.1028	0.1400	0.0370	0.1211	0.1094	0.4252
000021	D	0.015836	0.328884	0.239900	0.0884	0.1048	0.1000	0.0320	0.1063	0.1125	0.4142
000022	P	0.014347	0.309230	0.225483	0.1266	0.1528	0.0720	0.0200	0.1124	0.1038	0.4065
000023	Q	0.011960	0.282325	0.211738	0.1416	0.1759	0.0710	0.0190	0.1138	0.0956	0.4065
000024	F	0.014020	0.263050	0.198207	0.1602	0.2094	0.0820	0.0200	0.1214	0.0897	0.3927
000025	V	0.017691	0.252617	0.185602	0.2292	0.2064	0.0940	0.0240	0.1333	0.0880	0.3926
000026	L	0.017658	0.247572	0.173788	0.3263	0.2064	0.0960	0.0250	0.1491	0.1041	0.3890
000027	A	0.016434	0.251881	0.162755	0.2333	0.2094	0.0770	0.0240	0.1313	0.0896	0.3937
000028	Q	0.014914	0.252691	0.153999	0.1635	0.1399	0.0710	0.0220	0.1070	0.0790	0.4062
000029	N	0.014148	0.248789	0.144359	0.2558	0.1373	0.0700	0.0170	0.1210	0.0907	0.4101
000030	V	0.012800	0.235191	0.137627	0.1732	0.0799	0.0700	0.0180	0.0952	0.0765	0.4197
000031	G	0.011645	0.212133	0.131544	0.1060	0.0835	0.0630	0.0250	0.0794	0.0657	0.4296
000032	T	0.011164	0.196825	0.129277	0.0643	0.0799	0.0590	0.0270	0.0685	0.0629	0.4291
000033	T	0.007194	0.191220	0.131079	0.0514	0.0568	0.0480	0.0190	0.0591	0.0652	0.4255
000034	H	0.003927	0.172864	0.130487	0.0542	0.0568	0.0430	0.0150	0.0551	0.0610	0.4285
000035	D	0.004033	0.155809	0.134277	0.0832	0.0765	0.0400	0.0130	0.0599	0.0564	0.4162
000036	L	0.005010	0.157837	0.140723	0.1150	0.1184	0.0390	0.0100	0.0725	0.0599	0.4080
000037	L	0.005977	0.157911	0.149402	0.1205	0.1823	0.0390	0.0090	0.0842	0.0693	0.3915
000038	D	0.006533	0.151483	0.155011	0.1456	0.1852	0.0380	0.0100	0.0878	0.0712	0.3751
000039	I	0.006843	0.151088	0.157393	0.1532	0.1852	0.0430	0.0140	0.0898	0.0714	0.3600
000040	C	0.007059	0.155341	0.159601	0.1266	0.1731	0.0450	0.0160	0.0844	0.0682	0.3361
000041	L	0.007276	0.148175	0.162735	0.1878	0.1731	0.0540	0.0160	0.0950	0.0725	0.3307
000042	K	0.006950	0.167320	0.166689	0.1878	0.0948	0.0680	0.0290	0.0874	0.0703	0.3204
000043	R	0.005743	0.182544	0.171114	0.1495	0.0948	0.0890	0.0320	0.0870	0.0668	0.3134
000044	A	0.004784	0.180667	0.175255	0.0991	0.0909	0.1020	0.0300	0.0795	0.0658	0.3005
000045	T	0.003606	0.198455	0.179945	0.0909	0.0765	0.0950	0.0260	0.0774	0.0720	0.2867
000046	V	0.003680	0.239512	0.183022	0.0789	0.0473	0.1020	0.0320	0.0785	0.0856	0.2817
000047	Q	0.006802	0.276857	0.187592	0.1117	0.0948	0.1120	0.0390	0.1004	0.0893	0.2788
000048	R	0.012034	0.303505	0.192795	0.1240	0.1554	0.1400	0.0480	0.1225	0.0925	0.2852
000049	A	0.022466	0.331425	0.195825	0.1380	0.1583	0.1640	0.0640	0.1357	0.0967	0.2887
000050	Q	0.027842	0.344306	0.199074	0.2041	0.2364	0.1650	0.0720	0.1630	0.0996	0.2914
000051	H	0.033446	0.335798	0.200276	0.2913	0.3249	0.1650	0.0780	0.1917	0.1113	0.3019
000052	V	0.038981	0.328480	0.201451	0.3668	0.4369	0.2090	0.0940	0.2301	0.1348	0.2969
000053	F	0.046875	0.330060	0.204919	0.3717	0.3529	0.2200	0.0860	0.2202	0.1175	0.2960
000054	Q	0.051229	0.361326	0.208706	0.3939	0.3566	0.2080	0.0730	0.2285	0.1249	0.2840
000055	H	0.054242	0.380664	0.210515	0.3491	0.3983	0.2450	0.0970	0.2378	0.1245	0.2781
000056	A	0.055712	0.420735	0.211426	0.3491	0.3983	0.2520	0.1090	0.2460	0.1302	0.2674
000057	V	0.055525	0.440118	0.212504	0.4203	0.4652	0.2550	0.1080	0.2727	0.1516	0.2510
000058	P	0.056232	0.478325	0.213248	0.4203	0.4507	0.2500	0.1050	0.2760	0.1556	0.2341
000059	Q	0.056162	0.522688	0.215647	0.4203	0.4476	0.2620	0.1090	0.2848	0.1628	0.2135
000060	E	0.084413	0.587476	0.218305	0.4513	0.4766	0.2550	0.1000	0.3091	0.1768	0.1990
000061	G	0.098722	0.608191	0.221538	0.4556	0.4725	0.2670	0.1100	0.3171	0.1767	0.1871
000062	K	0.091626	0.663705	0.224233	0.4556	0.3807	0.2690	0.1090	0.3101	0.1862	0.1731
000063	P	0.088440	0.692446	0.226226	0.5126	0.3529	0.2720	0.1200	0.3197	0.2007	0.1549
000064	I	0.085010	0.683987	0.224385	0.4967	0.3840	0.2730	0.1230	0.3205	0.1976	0.1381
000065	T	0.080102	0.668652	0.223926	0.4078	0.2715	0.2690	0.1130	0.2828	0.1868	0.1273
000066	N	0.074976	0.621749	0.217914	0.3491	0.2715	0.2510	0.0880	0.2614	0.1705	0.1157
000067	Q	0.063942	0.560770	0.209945	0.2913	0.2129	0.2210	0.0600	0.2250	0.1546	0.1062
000068	K	0.058708	0.468710	0.198934	0.3578	0.2002	0.1920	0.0610	0.2129	0.1360	0.0952
000069	S	0.025093	0.373866	0.188230	0.2333	0.1852	0.1520	0.0630	0.1615	0.1082	0.0843
000070	S	0.005325	0.297297	0.181977	0.1635	0.1298	0.1220	0.0620	0.1197	0.0918	0.0749
000071	G	0.004603	0.242456	0.177261	0.1635	0.1007	0.1050	0.0590	0.1027	0.0800	0.0657
000072	R	0.003369	0.187842	0.173411	0.1041	0.1007	0.0920	0.0520	0.0813	0.0670	0.0584
000073	C	0.002807	0.124201	0.168827	0.0771	0.0618	0.0750	0.0400	0.0569	0.0588	0.0526
000074	W	0.003550	0.089565	0.164044	0.0607	0.0605	0.0640	0.0320	0.0464	0.0552	0.0528
000075	I	0.004313	0.064033	0.158561	0.0526	0.0531	0.0480	0.0190	0.0370	0.0535	0.0522
000076	F	0.004687	0.049898	0.154113	0.0621	0.0414	0.0390	0.0120	0.0328	0.0529	0.0515
000077	S	0.005024	0.051592	0.149354	0.0327	0.0380	0.0310	0.0100	0.0265	0.0523	0.0527
000078	C	0.005377	0.041605	0.144000	0.0252	0.0364	0.0270	0.0080	0.0227	0.0510	0.0540
000079	L	0.005187	0.040579	0.137150	0.0212	0.0231	0.0260	0.0070	0.0193	0.0493	0.0597
000080	N	0.004886	0.050542	0.133197	0.0182	0.0248	0.0250	0.0060	0.0206	0.0481	0.0679
000081	V	0.005117	0.058055	0.127906	0.0083	0.0168	0.0290	0.0070	0.0196	0.0477	0.0773
000082	M	0.018290	0.074794	0.123542	0.0081	0.0178	0.0350	0.0110	0.0257	0.0456	0.0897
000083	R	0.030526	0.087651	0.118294	0.0040	0.0188	0.0420	0.0160	0.0306	0.0446	0.0985
000084	L	0.042761	0.109182	0.111588	0.0084	0.0171	0.0520	0.0200	0.0383	0.0446	0.1085
000085	P	0.072937	0.143250	0.105426	0.0167	0.0306	0.0550	0.0200	0.0530	0.0467	0.1144
000086	F	0.116411	0.166736	0.100540	0.0097	0.0258	0.0900	0.0310	0.0681	0.0560	0.1216
000087	M	0.121227	0.203588	0.096063	0.0200	0.0483	0.1450	0.0400	0.0897	0.0628	0.1278
000088	K	0.126073	0.234478	0.091508	0.0078	0.0518	0.1960	0.0480	0.1027	0.0800	0.1244
000089	K	0.126737	0.270740	0.086447	0.0128	0.0870	0.2420	0.0550	0.1233	0.0920	0.1214
000090	L	0.126547	0.298776	0.079722	0.0259	0.0835	0.2700	0.0840	0.1341	0.1024	0.1123
000091	N	0.113252	0.344228	0.074470	0.0245	0.0463	0.2760	0.0990	0.1341	0.1211	0.0993
000092	I	0.099980	0.365022	0.069139	0.0212	0.0364	0.2920	0.0940	0.1358	0.1328	0.0884
000093	E	0.086715	0.385884	0.065039	0.0131	0.0240	0.2740	0.0760	0.1307	0.1398	0.0779
000094	E	0.055666	0.377799	0.060243	0.0074	0.0143	0.2460	0.0500	0.1169	0.1380	0.0726
000095	F	0.011739	0.334173	0.056418	0.0069	0.0231	0.2150	0.0500	0.0984	0.1241	0.0706
000096	E	0.006415	0.274404	0.052303	0.0026	0.0194	0.1570	0.0420	0.0767	0.0999	0.0694
000097	F	0.001695	0.215849	0.054018	0.0066	0.0244	0.1120	0.0290	0.0601	0.0759	0.0684
000098	S	0.001057	0.173942	0.056560	0.0075	0.0327	0.0820	0.0180	0.0496	0.0592	0.0687
000099	Q	0.000949	0.132389	0.058679	0.0042	0.0334	0.0650	0.0120	0.0393	0.0455	0.0741
000100	S	0.000987	0.103143	0.059869	0.0053	0.0198	0.0510	0.0100	0.0300	0.0370	0.0794
000101	Y	0.000971	0.088859	0.061903	0.0087	0.0191	0.0460	0.0100	0.0272	0.0328	0.0846
000102	L	0.000951	0.073739	0.062233	0.0062	0.0107	0.0420	0.0120	0.0222	0.0302	0.0908
000103	F	0.000925	0.056123	0.061948	0.0067	0.0099	0.0410	0.0120	0.0192	0.0267	0.0946
000104	F	0.000552	0.055175	0.060524	0.0028	0.0073	0.0400	0.0110	0.0176	0.0270	0.0963
000105	W	0.000354	0.055859	0.059153	0.0009	0.0070	0.0390	0.0130	0.0172	0.0270	0.0936
000106	D	0.000219	0.050354	0.058143	0.0012	0.0092	0.0370	0.0130	0.0163	0.0254	0.0847
000107	K	0.000153	0.051568	0.055639	0.0010	0.0062	0.0320	0.0110	0.0152	0.0250	0.0758
000108	V	0.000094	0.047606	0.054782	0.0033	0.0072	0.0280	0.0090	0.0144	0.0235	0.0677
000109	E	0.000054	0.042193	0.054080	0.0010	0.0075	0.0270	0.0090	0.0130	0.0227	0.0597
000110	R	0.000210	0.037849	0.054548	0.0007	0.0074	0.0280	0.0080	0.0123	0.0223	0.0523
000111	C	0.000335	0.037485	0.058200	0.0008	0.0069	0.0310	0.0100	0.0128	0.0236	0.0473
000112	Y	0.001922	0.035888	0.059066	0.0018	0.0094	0.0360	0.0130	0.0141	0.0234	0.0437
000113	F	0.004627	0.034879	0.061083	0.0034	0.0133	0.0360	0.0110	0.0153	0.0229	0.0420
000114	F	0.015143	0.038817	0.063777	0.0081	0.0223	0.0530	0.0170	0.0229	0.0228	0.0412
000115	L	0.023849	0.048104	0.065556	0.0137	0.0454	0.0650	0.0190	0.0326	0.0221	0.0412
000116	S	0.031088	0.053717	0.067444	0.0279	0.0967	0.0710	0.0220	0.0467	0.0263	0.0430
000117	A	0.038326	0.069760	0.066819	0.0286	0.0985	0.1090	0.0370	0.0573	0.0310	0.0473
000118	F	0.047643	0.102764	0.067553	0.0387	0.1028	0.1600	0.0470	0.0752	0.0424	0.0526
000119	V	0.065000	0.152781	0.068510	0.0701	0.1476	0.1890	0.0800	0.1041	0.0508	0.0590
000120	D	0.096121	0.235519	0.071231	0.0677	0.1373	0.2240	0.1210	0.1269	0.0695	0.0676
000121	T	0.125794	0.350409	0.074523	0.0771	0.0851	0.2820	0.1470	0.1535	0.1103	0.0746
000122	A	0.154350	0.460037	0.076188	0.1088	0.1007	0.3420	0.1650	0.1944	0.1439	0.0809
000123	Q	0.168917	0.550650	0.077175	0.1088	0.1702	0.4200	0.1470	0.2364	0.1747	0.0862
000124	R	0.185560	0.646136	0.077429	0.1292	0.1671	0.4700	0.1420	0.2664	0.2069	0.0894
000125	K	0.231262	0.706312	0.075917	0.2255	0.1852	0.5190	0.1400	0.3111	0.2176	0.0954
000126	E	0.287927	0.702633	0.074690	0.2209	0.1852	0.4970	0.1560	0.3156	0.2112	0.1045
000127	P	0.347773	0.697871	0.075134	0.1532	0.1554	0.4590	0.1160	0.3022	0.2154	0.1138
000128	E	0.399317	0.646488	0.077133	0.1178	0.1881	0.3970	0.1240	0.2915	0.1982	0.1240
000129	D	0.431853	0.564608	0.075965	0.1602	0.3117	0.3310	0.1330	0.2999	0.1624	0.1335
000130	G	0.464931	0.447515	0.075853	0.2385	0.3494	0.2600	0.1050	0.2934	0.1340	0.1417
000131	R	0.516239	0.336984	0.078435	0.2558	0.3494	0.1770	0.0530	0.2726	0.1394	0.1482
000132	L	0.567595	0.240638	0.081044	0.2255	0.3529	0.1170	0.0320	0.2507	0.1624	0.1604
000133	V	0.550305	0.170045	0.084017	0.2657	0.3840	0.0870	0.0340	0.2428	0.1682	0.1726
000134	Q	0.507169	0.132330	0.084788	0.2700	0.3774	0.0790	0.0250	0.2276	0.1602	0.1857
000135	F	0.445655	0.118113	0.086204	0.2963	0.3872	0.0800	0.0280	0.2213	0.1485	0.2005
000136	L	0.376796	0.119118	0.087133	0.3096	0.2951	0.0890	0.0290	0.1983	0.1184	0.2099
000137	L	0.307935	0.142477	0.090214	0.3053	0.2884	0.1050	0.0390	0.1916	0.0966	0.2175
000138	M	0.244230	0.167252	0.093466	0.1878	0.2292	0.1180	0.0390	0.1577	0.0568	0.2217
000139	N	0.179986	0.214442	0.096393	0.1921	0.1501	0.1180	0.0390	0.1425	0.0443	0.2246
000140	P	0.097513	0.265305	0.097483	0.1566	0.1028	0.1050	0.0350	0.1212	0.0629	0.2337
000141	A	0.021973	0.315778	0.097683	0.1088	0.1092	0.0930	0.0240	0.1081	0.0921	0.2447
000142	N	0.016113	0.339056	0.095506	0.0813	0.0704	0.0750	0.0150	0.0970	0.1053	0.2549
000143	D	0.007373	0.369371	0.097305	0.1349	0.0780	0.0760	0.0240	0.1109	0.1159	0.2667
000144	G	0.008036	0.348641	0.098650	0.1322	0.1229	0.0800	0.0290	0.1152	0.1064	0.2806
000145	G	0.009435	0.298968	0.098755	0.0858	0.1162	0.0720	0.0260	0.0971	0.0909	0.2949
000146	Q	0.010038	0.242717	0.099626	0.1602	0.1275	0.0670	0.0210	0.1013	0.0749	0.3096
000147	W	0.010757	0.202443	0.100032	0.2333	0.1914	0.0640	0.0160	0.1170	0.0824	0.3266
000148	D	0.010765	0.143618	0.101696	0.2333	0.2094	0.0630	0.0130	0.1100	0.0799	0.3354
000149	M	0.010741	0.112506	0.102013	0.2748	0.1731	0.0600	0.0190	0.1051	0.0861	0.3498
000150	L	0.009879	0.100519	0.102904	0.2080	0.1852	0.0530	0.0200	0.0928	0.0712	0.3636
000151	V	0.007680	0.085248	0.102380	0.1240	0.1611	0.0480	0.0160	0.0710	0.0527	0.3688
000152	N	0.006620	0.077614	0.102072	0.1698	0.1791	0.0480	0.0170	0.0801	0.0642	0.3722
000153	I	0.003580	0.091683	0.104326	0.1667	0.1028	0.0500	0.0170	0.0692	0.0533	0.3785
000154	V	0.002128	0.108496	0.106552	0.1532	0.0506	0.0500	0.0190	0.0607	0.0526	0.3783
000155	E	0.001349	0.113316	0.107519	0.1088	0.0581	0.0450	0.0180	0.0545	0.0450	0.3837
000156	K	0.000568	0.123144	0.110631	0.0643	0.0618	0.0500	0.0140	0.0500	0.0444	0.3905
000157	Y	0.000506	0.138009	0.113678	0.0701	0.0581	0.0700	0.0270	0.0562	0.0474	0.3960
000158	G	0.001079	0.140065	0.117603	0.1178	0.0581	0.0850	0.0250	0.0671	0.0504	0.3985
000159	V	0.001698	0.159735	0.119571	0.1117	0.0568	0.1080	0.0260	0.0729	0.0544	0.4087
000160	I	0.002519	0.203769	0.124663	0.0813	0.0734	0.1320	0.0280	0.0822	0.0652	0.4122
000161	P	0.005298	0.240110	0.129148	0.1205	0.1251	0.1430	0.0320	0.1057	0.0715	0.4099
000162	K	0.014770	0.267875	0.131814	0.1635	0.1476	0.1740	0.0410	0.1280	0.0777	0.4085
000163	K	0.034918	0.297833	0.137022	0.1602	0.1449	0.2030	0.0550	0.1401	0.0819	0.4090
000164	C	0.096661	0.300777	0.143234	0.1921	0.2034	0.2350	0.0690	0.1713	0.0691	0.4073
000165	F	0.165498	0.321573	0.151705	0.2483	0.2609	0.2510	0.0700	0.2079	0.0635	0.4081
000166	P	0.232361	0.362553	0.161965	0.2385	0.2094	0.2490	0.0800	0.2153	0.0665	0.3905
000167	E	0.298113	0.404161	0.172822	0.2385	0.2224	0.2830	0.0950	0.2410	0.0781	0.3747
000168	S	0.354677	0.421938	0.179961	0.2963	0.3215	0.2840	0.0940	0.2797	0.0794	0.3576
000169	Y	0.393757	0.453853	0.186117	0.2963	0.2470	0.2560	0.0750	0.2745	0.0964	0.3411
000170	T	0.430875	0.493290	0.191360	0.3535	0.2292	0.2030	0.0770	0.2850	0.1211	0.3261
000171	T	0.478451	0.504147	0.201344	0.3668	0.3149	0.2170	0.1210	0.3136	0.1212	0.3196
000172	E	0.533831	0.485145	0.211089	0.2748	0.2849	0.1990	0.1150	0.2962	0.1351	0.3139
000173	A	0.556661	0.483126	0.219713	0.2748	0.2849	0.1840	0.0990	0.2972	0.1422	0.3115
000174	T	0.522104	0.473252	0.226787	0.2700	0.2503	0.1940	0.0990	0.2850	0.1321	0.3065
000175	R	0.478102	0.459898	0.235606	0.3263	0.3392	0.2080	0.1060	0.3019	0.1089	0.3042
000176	R	0.436816	0.442381	0.243796	0.3885	0.4619	0.2130	0.1000	0.3238	0.1070	0.3018
000177	M	0.416625	0.444471	0.252863	0.3668	0.3321	0.2030	0.0900	0.2939	0.0952	0.3075
000178	N	0.411832	0.422396	0.261496	0.3717	0.2328	0.1640	0.0570	0.2672	0.1062	0.3120
000179	D	0.476016	0.414723	0.271475	0.2820	0.1671	0.1640	0.0550	0.2506	0.1249	0.3120
000180	I	0.523030	0.388223	0.282543	0.3096	0.2541	0.1500	0.0480	0.2709	0.1250	0.3152
000181	L	0.550998	0.345836	0.289681	0.2432	0.1759	0.1300	0.0360	0.2410	0.1449	0.3111
000182	N	0.505820	0.303835	0.294075	0.2432	0.1702	0.1210	0.0320	0.2240	0.1320	0.3024
000183	H	0.476094	0.260873	0.298413	0.1805	0.1702	0.1210	0.0380	0.2015	0.1266	0.2994
000184	K	0.458690	0.232928	0.301217	0.2122	0.1349	0.1170	0.0490	0.1927	0.1249	0.2938
000185	M	0.439589	0.218864	0.303945	0.2122	0.0929	0.1110	0.0510	0.1791	0.1279	0.2971
000186	R	0.403562	0.197914	0.307483	0.1532	0.0909	0.0930	0.0360	0.1564	0.1252	0.2978
000187	E	0.369830	0.167366	0.309868	0.1060	0.0929	0.0770	0.0180	0.1356	0.1241	0.2984
000188	F	0.270447	0.170362	0.312701	0.1240	0.1162	0.0780	0.0110	0.1266	0.0997	0.2997
000189	C	0.171505	0.155114	0.313101	0.1292	0.0909	0.0890	0.0170	0.1059	0.0919	0.2927
000190	I	0.114039	0.148280	0.312055	0.1292	0.0888	0.1060	0.0220	0.0977	0.0912	0.2997
000191	R	0.094287	0.153449	0.309805	0.1456	0.1349	0.1270	0.0280	0.1093	0.0863	0.3014
000192	L	0.111840	0.146838	0.308934	0.1998	0.1969	0.1390	0.0490	0.1324	0.0822	0.3046
000193	R	0.127994	0.144732	0.308329	0.1998	0.1969	0.1780	0.0740	0.1412	0.0775	0.3046
000194	N	0.122830	0.150236	0.305441	0.2041	0.1424	0.2190	0.0910	0.1398	0.0799	0.3007
000195	L	0.127282	0.181464	0.301633	0.2080	0.1449	0.2700	0.1160	0.1553	0.0806	0.3085
000196	V	0.167205	0.221936	0.297306	0.1602	0.1554	0.2900	0.1270	0.1658	0.0775	0.3057
000197	H	0.207925	0.273298	0.292884	0.1602	0.1611	0.3070	0.1130	0.1849	0.0775	0.3011
000198	S	0.242544	0.345540	0.286751	0.1292	0.1583	0.3680	0.1370	0.2073	0.1009	0.2968
000199	G	0.254040	0.411844	0.285390	0.1958	0.2645	0.4520	0.1790	0.2630	0.1024	0.2907
000200	A	0.309842	0.421029	0.285083	0.2602	0.2918	0.5130	0.1900	0.2994	0.1021	0.2917
000201	T	0.376244	0.493292	0.283526	0.3311	0.3321	0.4990	0.1960	0.3387	0.0951	0.2851
000202	K	0.443372	0.522841	0.279431	0.2602	0.2988	0.5110	0.1960	0.3394	0.1193	0.2891
000203	G	0.529034	0.598627	0.276187	0.2913	0.3840	0.4950	0.1910	0.3830	0.1292	0.3029
000204	E	0.614212	0.562048	0.274179	0.2602	0.4017	0.4620	0.1900	0.3834	0.1408	0.3209
000205	I	0.661239	0.572743	0.273220	0.2700	0.3149	0.4490	0.1770	0.3780	0.1580	0.3411
000206	S	0.702274	0.533907	0.269878	0.3535	0.2951	0.4120	0.1460	0.3828	0.1566	0.3498
000207	A	0.741535	0.479891	0.266551	0.3491	0.3566	0.3730	0.1070	0.3834	0.1598	0.3687
000208	T	0.758930	0.422354	0.263768	0.2786	0.3087	0.3440	0.0920	0.3521	0.1759	0.3882
000209	Q	0.736683	0.374525	0.261186	0.2602	0.2575	0.2930	0.0860	0.3203	0.1771	0.4129
000210	D	0.690188	0.318755	0.256527	0.2080	0.1791	0.2950	0.1070	0.2819	0.1756	0.4260
000211	V	0.614922	0.260007	0.249693	0.1921	0.1424	0.2780	0.1060	0.2479	0.1581	0.4011
000212	M	0.547357	0.220533	0.247512	0.1266	0.0870	0.2610	0.1020	0.2071	0.1535	0.3806
000213	M	0.479870	0.185719	0.248682	0.0884	0.0568	0.2640	0.1240	0.1791	0.1447	0.3812
000214	E	0.424614	0.144108	0.249130	0.0526	0.0568	0.2590	0.1240	0.1561	0.1366	0.3909
000215	E	0.404398	0.113510	0.250292	0.0327	0.0568	0.2290	0.0950	0.1394	0.1350	0.3988
000216	I	0.390455	0.075015	0.250126	0.0542	0.1028	0.1820	0.0540	0.1341	0.1241	0.4078
000217	F	0.360260	0.052001	0.251555	0.0514	0.1206	0.1460	0.0250	0.1216	0.1184	0.4221
000218	R	0.356581	0.033598	0.253028	0.0771	0.1476	0.1080	0.0160	0.1205	0.1180	0.4160
000219	V	0.319839	0.027817	0.252695	0.0935	0.1476	0.0950	0.0170	0.1139	0.1088	0.3901
000220	V	0.336143	0.027740	0.249659	0.0991	0.0765	0.0880	0.0240	0.1045	0.1167	0.3583
000221	C	0.318651	0.028353	0.247426	0.0935	0.0749	0.0890	0.0330	0.1007	0.1119	0.3280
000222	I	0.296516	0.033389	0.245170	0.0858	0.0605	0.0840	0.0360	0.0934	0.1073	0.3062
000223	C	0.267044	0.050995	0.242065	0.1060	0.0817	0.0860	0.0410	0.0986	0.0928	0.2887
000224	L	0.204082	0.063314	0.240657	0.0701	0.0605	0.1100	0.0510	0.0846	0.0822	0.2855
000225	G	0.139987	0.089196	0.240384	0.0723	0.0568	0.1470	0.0590	0.0841	0.0734	0.2822
000226	N	0.095393	0.117572	0.241286	0.0395	0.0555	0.1840	0.0610	0.0820	0.0813	0.2781
000227	P	0.046394	0.146042	0.241510	0.0554	0.0870	0.1770	0.0570	0.0852	0.0805	0.2774
000228	P	0.041421	0.169527	0.241306	0.1018	0.1554	0.1630	0.0760	0.1051	0.0737	0.2805
000229	E	0.012111	0.198217	0.241902	0.0991	0.1528	0.1640	0.0930	0.1044	0.0838	0.2935
000230	T	0.014034	0.223859	0.243453	0.1495	0.2064	0.1920	0.1070	0.1309	0.0863	0.3046
000231	F	0.016473	0.254083	0.246806	0.1878	0.1791	0.2050	0.1100	0.1404	0.0890	0.3176
000232	T	0.016319	0.290879	0.253439	0.2657	0.2680	0.1570	0.0790	0.1664	0.1048	0.3259
000233	W	0.017805	0.315456	0.254080	0.2531	0.3392	0.1810	0.0900	0.1844	0.1143	0.3298
000234	E	0.019511	0.349679	0.252711	0.3491	0.3426	0.2030	0.1000	0.2107	0.1253	0.3219
000235	Y	0.020906	0.392443	0.248583	0.4116	0.4119	0.2540	0.1170	0.2485	0.1448	0.3145
000236	R	0.020711	0.403364	0.244154	0.3456	0.4369	0.2590	0.1190	0.2442	0.1431	0.3074
000237	D	0.020603	0.417998	0.239232	0.3456	0.3494	0.2550	0.1200	0.2315	0.1334	0.2993
000238	K	0.026853	0.452481	0.236398	0.3399	0.3286	0.2090	0.0910	0.2262	0.1383	0.2878
000239	D	0.025444	0.480970	0.238243	0.2385	0.3249	0.1980	0.0820	0.2113	0.1425	0.2781
000240	K	0.024346	0.492745	0.238354	0.2255	0.2399	0.1730	0.0690	0.1926	0.1439	0.2626
000241	N	0.025876	0.532272	0.244875	0.2531	0.2470	0.1490	0.0660	0.2013	0.1579	0.2552
000242	Y	0.038882	0.502021	0.252576	0.2700	0.2470	0.1270	0.0600	0.1975	0.1492	0.2508
000243	Q	0.039483	0.462608	0.256985	0.2786	0.1671	0.0960	0.0330	0.1739	0.1446	0.2515
000244	K	0.039567	0.398681	0.260439	0.3053	0.2575	0.0790	0.0250	0.1800	0.1329	0.2557
000245	I	0.041080	0.353636	0.260395	0.2255	0.2575	0.0720	0.0240	0.1583	0.1184	0.2689
000246	G	0.041515	0.288358	0.258573	0.3096	0.3426	0.0720	0.0330	0.1758	0.1251	0.2742
000247	P	0.036943	0.247985	0.259229	0.3225	0.2817	0.0730	0.0380	0.1604	0.1164	0.2802
000248	I	0.035531	0.233706	0.259287	0.3005	0.2752	0.0790	0.0430	0.1540	0.1104	0.2913
000249	T	0.037445	0.223505	0.256157	0.2531	0.2988	0.0740	0.0410	0.1478	0.1072	0.2981
000250	P	0.036585	0.221001	0.252266	0.2432	0.2193	0.0670	0.0350	0.1312	0.0966	0.3030
000251	L	0.070553	0.238668	0.252170	0.2748	0.1373	0.0680	0.0370	0.1316	0.0951	0.3214
000252	E	0.119578	0.246236	0.255525	0.2167	0.1373	0.0590	0.0280	0.1297	0.0839	0.3379
000253	F	0.138444	0.234645	0.255490	0.2122	0.1759	0.0540	0.0180	0.1359	0.0798	0.3531
000254	Y	0.148448	0.243596	0.257493	0.2041	0.1759	0.0500	0.0110	0.1370	0.0813	0.3636
000255	R	0.155205	0.252718	0.258490	0.1732	0.1823	0.0580	0.0200	0.1370	0.0796	0.3665
000256	E	0.158319	0.246777	0.255610	0.2333	0.2541	0.0660	0.0240	0.1597	0.0815	0.3688
000257	H	0.160354	0.261718	0.252837	0.2483	0.1823	0.0690	0.0250	0.1536	0.0802	0.3758
000258	V	0.159897	0.277417	0.248065	0.2255	0.1048	0.0650	0.0210	0.1388	0.0873	0.3863
000259	K	0.156693	0.271010	0.244469	0.2167	0.1070	0.0590	0.0180	0.1350	0.0859	0.3911
000260	P	0.118074	0.268362	0.243476	0.1602	0.0734	0.0480	0.0180	0.1113	0.0913	0.4079
000261	L	0.124686	0.265062	0.238214	0.0965	0.0690	0.0480	0.0190	0.1006	0.0916	0.4324
000262	F	0.169480	0.238481	0.232699	0.0991	0.1115	0.0550	0.0250	0.1123	0.0786	0.4262
000263	N	0.176838	0.217997	0.224780	0.0991	0.1184	0.0580	0.0320	0.1118	0.0723	0.4291
000264	M	0.188655	0.219784	0.222035	0.1495	0.2034	0.0620	0.0360	0.1372	0.0669	0.4330
000265	E	0.203603	0.213530	0.217000	0.2255	0.3087	0.0630	0.0370	0.1691	0.0810	0.4321
000266	D	0.209394	0.201789	0.212639	0.2255	0.3182	0.0620	0.0310	0.1694	0.0831	0.4337
000267	K	0.209745	0.198942	0.209800	0.2483	0.3019	0.0570	0.0230	0.1693	0.0822	0.4333
000268	I	0.211182	0.200873	0.213804	0.2657	0.3019	0.0650	0.0240	0.1742	0.0819	0.4312
000269	C	0.208556	0.199595	0.218226	0.3146	0.2715	0.0630	0.0200	0.1762	0.0861	0.4302
000270	L	0.150986	0.223100	0.213829	0.3146	0.2849	0.0820	0.0280	0.1759	0.0859	0.4269
000271	V	0.086734	0.266828	0.211022	0.2167	0.2609	0.1300	0.0500	0.1602	0.0748	0.4078
000272	N	0.067655	0.311439	0.197970	0.2865	0.2575	0.1810	0.0750	0.1839	0.0875	0.3795
000273	D	0.048613	0.342581	0.183388	0.3717	0.2715	0.2160	0.0790	0.2085	0.1117	0.3617
000274	P	0.028494	0.370319	0.173778	0.2913	0.2645	0.1830	0.0600	0.1896	0.1117	0.3546
000275	R	0.020240	0.412607	0.169320	0.2657	0.2436	0.1830	0.0600	0.1875	0.1213	0.3489
000276	P	0.016865	0.427012	0.169044	0.2558	0.2470	0.1810	0.0590	0.1879	0.1258	0.3428
000277	Q	0.015839	0.462643	0.170329	0.1844	0.1643	0.1980	0.0700	0.1708	0.1355	0.3374
000278	H	0.007273	0.493570	0.166384	0.1844	0.1115	0.2000	0.0720	0.1662	0.1511	0.3337
000279	K	0.007344	0.460061	0.160250	0.1921	0.1671	0.1860	0.0670	0.1688	0.1365	0.3278
000280	Y	0.006993	0.417947	0.155988	0.1878	0.2575	0.1680	0.0580	0.1730	0.1260	0.3273
000281	N	0.007273	0.387501	0.151049	0.2602	0.2918	0.1390	0.0530	0.1810	0.1252	0.3216
000282	K	0.007516	0.341879	0.146346	0.3311	0.2918	0.1090	0.0380	0.1802	0.1274	0.3238
000283	L	0.007492	0.305550	0.137799	0.2820	0.2817	0.0910	0.0210	0.1613	0.1147	0.3315
000284	Y	0.007466	0.252867	0.133972	0.2167	0.2752	0.0750	0.0130	0.1378	0.0994	0.3313
000285	T	0.006786	0.222764	0.127245	0.1921	0.2541	0.0610	0.0120	0.1228	0.0907	0.3262
000286	V	0.005582	0.204966	0.121711	0.1878	0.2436	0.0620	0.0100	0.1174	0.0857	0.3219
000287	E	0.003814	0.191397	0.118310	0.1805	0.2224	0.0580	0.0090	0.1094	0.0800	0.3171
000288	Y	0.002556	0.185399	0.113521	0.1732	0.1501	0.0670	0.0120	0.0964	0.0667	0.3114
000289	L	0.003013	0.206586	0.111249	0.1732	0.0948	0.0670	0.0170	0.0908	0.0694	0.3090
000290	S	0.013142	0.223093	0.107415	0.1150	0.1007	0.0780	0.0190	0.0884	0.0647	0.3022
000291	N	0.050795	0.233767	0.101691	0.1041	0.1759	0.1000	0.0200	0.1108	0.0622	0.2927
000292	M	0.089983	0.263593	0.096158	0.1041	0.1759	0.1130	0.0240	0.1245	0.0639	0.2871
000293	V	0.095419	0.297718	0.088977	0.1041	0.2002	0.1210	0.0290	0.1364	0.0767	0.2790
000294	G	0.095550	0.327313	0.083156	0.1566	0.2002	0.1110	0.0300	0.1484	0.0849	0.2673
000295	G	0.095894	0.378826	0.077991	0.2432	0.2918	0.1320	0.0490	0.1904	0.1107	0.2609
000296	R	0.096586	0.400234	0.077425	0.1635	0.1914	0.1440	0.0590	0.1659	0.1070	0.2578
000297	K	0.097066	0.385499	0.077972	0.2209	0.1791	0.1700	0.0670	0.1754	0.1016	0.2546
000298	T	0.096168	0.361684	0.076889	0.1349	0.1643	0.1750	0.0580	0.1554	0.0941	0.2558
000299	L	0.086074	0.326069	0.069662	0.1322	0.2399	0.1730	0.0530	0.1595	0.0900	0.2582
000300	Y	0.048622	0.275171	0.061964	0.1844	0.2680	0.1640	0.0540	0.1567	0.0894	0.2535
000301	N	0.010102	0.266381	0.057345	0.1766	0.2164	0.1360	0.0430	0.1342	0.0888	0.2516
000302	N	0.005000	0.262202	0.052738	0.1416	0.1823	0.1500	0.0460	0.1235	0.0844	0.2544
000303	Q	0.004932	0.251310	0.052680	0.1266	0.1942	0.1420	0.0410	0.1199	0.0827	0.2594
000304	P	0.004503	0.233440	0.054110	0.1456	0.2436	0.1120	0.0310	0.1232	0.0877	0.2663
000305	I	0.003691	0.214571	0.052807	0.1240	0.1759	0.0960	0.0270	0.1023	0.0715	0.2759
000306	D	0.003476	0.208507	0.047854	0.1240	0.1731	0.0950	0.0250	0.1006	0.0704	0.2815
000307	F	0.006682	0.197285	0.042215	0.0723	0.1759	0.1100	0.0330	0.0937	0.0688	0.2860
000308	L	0.009017	0.208738	0.036618	0.0723	0.1823	0.1100	0.0260	0.0970	0.0729	0.2841
000309	K	0.008513	0.214863	0.034213	0.0744	0.1914	0.0910	0.0250	0.0967	0.0765	0.2712
000310	K	0.007750	0.215663	0.032921	0.1150	0.2328	0.0900	0.0260	0.1102	0.0847	0.2578
000311	M	0.007324	0.213278	0.032157	0.1844	0.2680	0.1040	0.0370	0.1295	0.0951	0.2474
000312	V	0.007162	0.223195	0.034041	0.1495	0.1643	0.1060	0.0420	0.1084	0.0750	0.2381
000313	A	0.007128	0.244948	0.034860	0.1041	0.0888	0.1050	0.0460	0.0917	0.0755	0.2279
000314	A	0.007114	0.270544	0.035985	0.0567	0.0817	0.1060	0.0440	0.0870	0.0856	0.2164
000315	S	0.006737	0.287431	0.036364	0.0268	0.0443	0.1070	0.0440	0.0787	0.0959	0.2038
000316	I	0.003097	0.293360	0.037899	0.0478	0.0734	0.1090	0.0410	0.0878	0.0950	0.1936
000317	K	0.000336	0.275202	0.037898	0.0297	0.0494	0.0990	0.0370	0.0756	0.0915	0.1863
000318	D	0.000210	0.256191	0.038175	0.0567	0.0929	0.0870	0.0260	0.0821	0.0814	0.1790
000319	G	0.000204	0.215323	0.039710	0.0587	0.1349	0.0700	0.0240	0.0798	0.0706	0.1756
000320	E	0.000205	0.176779	0.041736	0.0587	0.1349	0.0540	0.0240	0.0708	0.0600	0.1809
000321	A	0.000206	0.131723	0.043217	0.0567	0.0749	0.0430	0.0190	0.0512	0.0404	0.1884
000322	V	0.000205	0.113867	0.044993	0.0701	0.1048	0.0400	0.0150	0.0549	0.0398	0.1986
000323	W	0.000180	0.089662	0.046288	0.0514	0.1399	0.0440	0.0160	0.0541	0.0442	0.2061
000324	F	0.000131	0.083689	0.048032	0.0660	0.1554	0.0500	0.0170	0.0592	0.0476	0.2075
000325	G	0.000085	0.093487	0.048494	0.0832	0.1229	0.0610	0.0190	0.0601	0.0394	0.2095
000326	C	0.000048	0.110892	0.048215	0.0813	0.1251	0.0730	0.0270	0.0650	0.0419	0.2165
000327	D	0.000047	0.119067	0.047573	0.0771	0.1251	0.0880	0.0270	0.0682	0.0435	0.2189
000328	V	0.000044	0.144793	0.047302	0.0744	0.1251	0.0920	0.0230	0.0728	0.0487	0.2224
000329	G	0.000038	0.178457	0.050316	0.0441	0.1275	0.0940	0.0240	0.0741	0.0593	0.2250
000330	K	0.000035	0.229395	0.053243	0.0455	0.1007	0.1090	0.0320	0.0807	0.0728	0.2299
000331	H	0.000072	0.275075	0.055398	0.0441	0.1007	0.1480	0.0420	0.0947	0.0899	0.2345
000332	F	0.000080	0.351869	0.061416	0.0425	0.0749	0.1920	0.0510	0.1102	0.1193	0.2326
000333	N	0.001736	0.418159	0.068583	0.0643	0.0605	0.2270	0.0620	0.1286	0.1426	0.2289
000334	S	0.002061	0.473753	0.076920	0.0660	0.1162	0.2510	0.0690	0.1515	0.1582	0.2268
000335	K	0.002388	0.491926	0.084671	0.0723	0.1942	0.2630	0.0730	0.1707	0.1621	0.2272
000336	L	0.002425	0.473626	0.089028	0.0723	0.2064	0.2670	0.0680	0.1703	0.1566	0.2302
000337	G	0.002735	0.453555	0.091884	0.1041	0.2034	0.2500	0.0590	0.1689	0.1452	0.2279
000338	L	0.003175	0.434340	0.096627	0.1060	0.1501	0.2440	0.0510	0.1563	0.1382	0.2330
000339	S	0.009034	0.415220	0.101210	0.1041	0.1137	0.2120	0.0440	0.1424	0.1298	0.2376
000340	D	0.012177	0.388891	0.104483	0.0771	0.1137	0.1850	0.0430	0.1295	0.1209	0.2477
000341	M	0.012404	0.352596	0.104135	0.0425	0.0817	0.1540	0.0420	0.1073	0.1127	0.2564
000342	N	0.012714	0.318609	0.104942	0.0455	0.0835	0.1170	0.0370	0.0963	0.0997	0.2645
000343	L	0.016497	0.256786	0.104745	0.0587	0.1007	0.1000	0.0360	0.0888	0.0762	0.2786
000344	Y	0.019562	0.224088	0.104054	0.0567	0.0909	0.0810	0.0320	0.0787	0.0657	0.2929
000345	D	0.020317	0.204957	0.103449	0.0350	0.0985	0.0700	0.0320	0.0715	0.0626	0.3086
000346	H	0.020521	0.193107	0.104531	0.0363	0.0780	0.0670	0.0280	0.0659	0.0588	0.3250
000347	E	0.021744	0.180535	0.105990	0.0621	0.1275	0.0700	0.0250	0.0770	0.0539	0.3405
000348	L	0.031543	0.166888	0.108483	0.0514	0.1251	0.0730	0.0230	0.0747	0.0493	0.3520
000349	V	0.038834	0.149070	0.112892	0.0909	0.1583	0.0750	0.0220	0.0853	0.0456	0.3527
000350	F	0.054374	0.167689	0.120936	0.0884	0.1759	0.0820	0.0270	0.0947	0.0491	0.3500
000351	G	0.070976	0.197804	0.128726	0.0701	0.1671	0.0930	0.0330	0.0997	0.0528	0.3406
000352	V	0.071834	0.232180	0.137648	0.1060	0.1424	0.1230	0.0490	0.1126	0.0542	0.3319
000353	S	0.124700	0.278829	0.141700	0.1060	0.1349	0.1250	0.0430	0.1283	0.0625	0.3238
000354	L	0.134363	0.308738	0.145038	0.1117	0.1115	0.1430	0.0460	0.1349	0.0724	0.3141
000355	K	0.144303	0.338096	0.150132	0.1766	0.1791	0.1590	0.0530	0.1662	0.0714	0.3065
000356	N	0.156273	0.366612	0.161398	0.1041	0.1852	0.1930	0.0690	0.1676	0.0864	0.3006
000357	M	0.166513	0.384211	0.165107	0.1150	0.1852	0.2140	0.0780	0.1775	0.0897	0.2984
000358	N	0.173455	0.416580	0.171315	0.1205	0.1162	0.2160	0.0710	0.1739	0.1056	0.2922
000359	K	0.178662	0.430857	0.174474	0.1766	0.1399	0.2020	0.0710	0.1880	0.1016	0.2968
000360	A	0.177774	0.433183	0.178454	0.1667	0.1881	0.2200	0.0880	0.1977	0.0981	0.3118
000361	E	0.196423	0.425178	0.180747	0.2292	0.2918	0.2100	0.0870	0.2255	0.0888	0.3245
000362	R	0.166384	0.431273	0.184357	0.2292	0.2645	0.2140	0.0820	0.2176	0.0929	0.3376
000363	L	0.182302	0.408688	0.179722	0.2913	0.2783	0.2350	0.0950	0.2326	0.0835	0.3540
000364	T	0.197614	0.402811	0.175082	0.2657	0.2849	0.2320	0.0910	0.2305	0.0796	0.3669
000365	F	0.205551	0.402643	0.171242	0.3184	0.2503	0.2440	0.0970	0.2369	0.0813	0.3801
000366	G	0.212055	0.417294	0.170041	0.3146	0.2609	0.2420	0.0930	0.2412	0.0844	0.3903
000367	E	0.268856	0.403658	0.168788	0.2292	0.2193	0.2480	0.0830	0.2282	0.0779	0.3981
000368	S	0.274246	0.390446	0.168218	0.2657	0.2064	0.2600	0.0810	0.2328	0.0745	0.4051
000369	L	0.299912	0.373042	0.166921	0.2483	0.1914	0.2240	0.0830	0.2228	0.0745	0.4187
000370	M	0.341394	0.333659	0.166076	0.2080	0.2129	0.1740	0.0590	0.2117	0.0766	0.4205
000371	T	0.381745	0.307901	0.169865	0.2432	0.2328	0.1520	0.0600	0.2196	0.0836	0.4162
000372	H	0.443908	0.307958	0.172983	0.2333	0.2258	0.1620	0.0680	0.2288	0.1001	0.4149
000373	A	0.506677	0.306915	0.172518	0.2292	0.2364	0.1820	0.0710	0.2435	0.1172	0.4138
000374	M	0.551339	0.298947	0.172366	0.3005	0.3215	0.1840	0.0800	0.2761	0.1279	0.4066
000375	T	0.544134	0.338478	0.173828	0.3053	0.3249	0.1870	0.0940	0.2833	0.1256	0.3980
000376	F	0.504171	0.359659	0.174960	0.4149	0.4369	0.2230	0.1020	0.3231	0.1208	0.3899
000377	T	0.498428	0.393096	0.175246	0.4116	0.4119	0.2670	0.1220	0.3303	0.1107	0.3794
000378	A	0.455266	0.447421	0.177486	0.3939	0.2884	0.3080	0.1290	0.3155	0.1024	0.3725
000379	V	0.394557	0.520646	0.178131	0.3806	0.2951	0.3520	0.1460	0.3238	0.1079	0.3648
000380	S	0.331391	0.547416	0.176608	0.3717	0.3631	0.3760	0.1610	0.3316	0.1119	0.3501
000381	E	0.252512	0.552581	0.171222	0.4037	0.3149	0.3770	0.1580	0.3168	0.1239	0.3379
000382	K	0.173565	0.565550	0.167998	0.3885	0.3087	0.3740	0.1510	0.3018	0.1395	0.3302
000383	D	0.159217	0.514597	0.162624	0.3263	0.2541	0.3520	0.1490	0.2677	0.1255	0.3231
000384	D	0.141553	0.547544	0.161382	0.3399	0.2951	0.2980	0.1290	0.2703	0.1363	0.3204
000385	Q	0.115763	0.522010	0.160829	0.3225	0.3494	0.2500	0.1200	0.2599	0.1362	0.3217
000386	D	0.119533	0.479676	0.160151	0.3456	0.3426	0.2130	0.0970	0.2500	0.1271	0.3246
000387	G	0.137316	0.405882	0.151989	0.4245	0.3599	0.1970	0.0830	0.2541	0.1229	0.3290
000388	A	0.142094	0.376843	0.151581	0.4203	0.3566	0.1960	0.0900	0.2487	0.1162	0.3414
000389	F	0.148176	0.322360	0.148024	0.3578	0.4017	0.1730	0.0750	0.2338	0.1079	0.3498
000390	T	0.143255	0.271394	0.147383	0.4037	0.4725	0.1260	0.0550	0.2361	0.1377	0.3561
000391	K	0.134257	0.245840	0.142150	0.4149	0.4685	0.1230	0.0560	0.2310	0.1411	0.3680
000392	W	0.083001	0.233617	0.137757	0.4078	0.4507	0.1540	0.0710	0.2216	0.1403	0.3830
000393	R	0.075480	0.233588	0.131845	0.3885	0.4507	0.1850	0.0850	0.2221	0.1361	0.3879
000394	V	0.067023	0.265412	0.131151	0.3939	0.4330	0.1980	0.0690	0.2262	0.1339	0.3930
000395	E	0.042624	0.336625	0.130201	0.3668	0.4256	0.1740	0.0520	0.2244	0.1401	0.3859
000396	N	0.024676	0.392830	0.129125	0.3359	0.3182	0.1750	0.0550	0.2078	0.1314	0.3780
000397	S	0.015527	0.449962	0.127955	0.3491	0.2364	0.1680	0.0520	0.2032	0.1446	0.3720
000398	W	0.006139	0.521342	0.132313	0.2700	0.1759	0.1850	0.0600	0.1931	0.1595	0.3681
000399	G	0.025618	0.574103	0.135389	0.2255	0.1611	0.2000	0.0710	0.1977	0.1719	0.3601
000400	E	0.025244	0.549281	0.135992	0.2385	0.2645	0.2100	0.0700	0.2146	0.1618	0.3557
000401	D	0.024682	0.522539	0.134237	0.1958	0.2715	0.2410	0.0760	0.2093	0.1543	0.3528
000402	H	0.024671	0.478678	0.130036	0.2080	0.2951	0.2450	0.0700	0.2086	0.1425	0.3484
000403	G	0.024766	0.432723	0.131516	0.2820	0.2951	0.2650	0.0930	0.2166	0.1314	0.3447
000404	H	0.024793	0.420189	0.137605	0.3053	0.1942	0.2220	0.0860	0.1944	0.1265	0.3548
000405	K	0.025063	0.370247	0.147924	0.2558	0.2503	0.1520	0.0550	0.1755	0.1110	0.3701
000406	G	0.025160	0.309886	0.155229	0.1532	0.2503	0.1220	0.0550	0.1434	0.0947	0.3976
000407	Y	0.025178	0.259450	0.160621	0.1566	0.1528	0.1080	0.0510	0.1171	0.0748	0.4257
000408	L	0.001082	0.217314	0.166190	0.1667	0.1137	0.1020	0.0500	0.1002	0.0736	0.4140
000409	C	0.001016	0.155409	0.170355	0.1667	0.1137	0.0830	0.0410	0.0866	0.0661	0.3916
000410	M	0.001053	0.129858	0.176649	0.1240	0.1251	0.0710	0.0390	0.0752	0.0628	0.3764
000411	T	0.001177	0.123751	0.183673	0.0660	0.0799	0.0670	0.0360	0.0563	0.0640	0.3616
000412	D	0.001117	0.114722	0.191060	0.0701	0.0531	0.0620	0.0310	0.0502	0.0670	0.3430
000413	E	0.001157	0.105255	0.197766	0.0542	0.0389	0.0470	0.0200	0.0412	0.0712	0.3233
000414	W	0.000997	0.099722	0.206133	0.0363	0.0405	0.0410	0.0170	0.0364	0.0754	0.3067
000415	F	0.001038	0.103235	0.213632	0.0279	0.0405	0.0410	0.0170	0.0355	0.0792	0.3027
000416	S	0.001786	0.104979	0.220268	0.0363	0.0405	0.0440	0.0210	0.0379	0.0807	0.3137
000417	E	0.003479	0.105792	0.224803	0.0297	0.0389	0.0540	0.0300	0.0386	0.0824	0.3340
000418	Y	0.006028	0.106359	0.230614	0.0425	0.0494	0.0590	0.0300	0.0438	0.0821	0.3596
000419	V	0.008649	0.107570	0.234946	0.0554	0.0948	0.0570	0.0200	0.0540	0.0810	0.3855
000420	Y	0.010110	0.111500	0.241381	0.0502	0.1501	0.0760	0.0260	0.0664	0.0848	0.4155
000421	E	0.018598	0.138998	0.248337	0.0771	0.2034	0.0900	0.0270	0.0881	0.0881	0.4280
000422	V	0.037722	0.173613	0.256110	0.0884	0.1528	0.1080	0.0370	0.0935	0.0814	0.4024
000423	V	0.049304	0.217422	0.262661	0.0965	0.0967	0.1350	0.0440	0.0992	0.0861	0.3718
000424	V	0.060857	0.264862	0.270088	0.0567	0.0734	0.1490	0.0380	0.1008	0.1018	0.3396
000425	D	0.127224	0.303529	0.277424	0.0621	0.0929	0.1860	0.0710	0.1286	0.1014	0.3088
000426	R	0.195215	0.343055	0.287115	0.0965	0.1115	0.2560	0.1150	0.1670	0.1018	0.2820
000427	K	0.283722	0.357116	0.291827	0.0621	0.1275	0.2830	0.1170	0.1855	0.1143	0.2747
000428	H	0.368361	0.362648	0.295344	0.0316	0.1229	0.2940	0.1100	0.1967	0.1348	0.2792
000429	V	0.453400	0.370147	0.297677	0.0607	0.2164	0.3110	0.1190	0.2353	0.1331	0.2901
000430	P	0.530510	0.379565	0.302017	0.0909	0.3019	0.2710	0.1090	0.2623	0.1404	0.3029
000431	E	0.601035	0.371977	0.306693	0.1667	0.3182	0.2730	0.1200	0.2886	0.1419	0.3204
000432	E	0.679066	0.374226	0.315946	0.1667	0.2258	0.2990	0.1310	0.2909	0.1722	0.3369
000433	V	0.724466	0.355417	0.326336	0.1416	0.2129	0.2990	0.1180	0.2890	0.1928	0.3544
000434	L	0.736571	0.303329	0.338690	0.1266	0.2951	0.2560	0.1090	0.2862	0.1968	0.3737
000435	A	0.756429	0.259825	0.351827	0.1117	0.3249	0.2140	0.0900	0.2777	0.2117	0.3882
000436	V	0.757182	0.238802	0.357810	0.1150	0.2224	0.2090	0.0820	0.2571	0.2177	0.3982
000437	L	0.758427	0.215224	0.361663	0.1088	0.2436	0.2210	0.0830	0.2579	0.2187	0.4088
000438	E	0.733365	0.191997	0.365075	0.0701	0.2783	0.2260	0.0910	0.2500	0.2175	0.4125
000439	Q	0.693366	0.189186	0.368630	0.0935	0.2436	0.2160	0.0800	0.2392	0.2030	0.4034
000440	E	0.656364	0.182385	0.372223	0.1635	0.3053	0.2340	0.0970	0.2569	0.1780	0.3939
000441	P	0.635217	0.152518	0.373875	0.1205	0.2575	0.2750	0.1270	0.2401	0.1814	0.3814
000442	I	0.626345	0.129830	0.375210	0.1150	0.1731	0.3550	0.1600	0.2332	0.1905	0.3721
000443	I	0.585115	0.137849	0.376232	0.0884	0.1424	0.4610	0.2110	0.2358	0.1968	0.3650
000444	L	0.536135	0.133893	0.375629	0.0813	0.2064	0.4410	0.2170	0.2331	0.1774	0.3586
000445	P	0.496102	0.135030	0.374429	0.1117	0.2715	0.2650	0.1060	0.2132	0.1464	0.3535
000446	A	0.489718	0.152473	0.373924	0.1532	0.2752	0.4480	0.1250	0.2532	0.1468	0.3571
000447	W	0.491541	0.171118	0.374897	0.2531	0.3117	0.4470	0.1630	0.2790	0.1264	0.3667
000448	D	0.507669	0.209385	0.376486	0.3885	0.3740	0.4500	0.1820	0.3216	0.1110	0.3754
000449	P	0.547325	0.307914	0.379545	0.4149	0.3249	0.4810	0.1150	0.3460	0.1053	0.3764
000450	M	0.555999	0.429993	0.384788	0.4513	0.2884	0.6130	0.0970	0.3898	0.1247	0.3852
000451	G	0.552012	0.519149	0.388357	0.4781	0.2292	0.6640	0.1220	0.4071	0.1510	0.3897
000452	A	0.555925	0.655234	0.391452	0.5008	0.1611	0.7010	0.1120	0.4290	0.1913	0.3957
000453	L	0.831367	0.744755	0.395107	0.6412	0.2364	0.7640	0.0850	0.5364	0.2249	0.3996
000454	A	0.695453	0.758988	0.402963	0.7540	0.3182	0.8320	0.0590	0.5598	0.2053	0.4041
000455	E	0.398295	0.733354	0.410496	0.8650	0.4149	0.9140	0.0470	0.5542	0.2317	0.4093