RESNUM	RES	VL-XT	VSL2B	VL3	IUPred-S	IUPred-L	PONDRFIT	FITERROR	MDP	MDPERROR	ANCHOR2
000001	M	0.550692	0.716732	0.205335	0.3806	0.0115	0.9140	0.0580	0.4632	0.3036	0.1747
000002	G	0.403576	0.627204	0.208839	0.3359	0.0178	0.8360	0.0720	0.4050	0.2673	0.1714
000003	K	0.365491	0.540727	0.216425	0.1998	0.0134	0.7740	0.0980	0.3516	0.2482	0.1713
000004	L	0.301163	0.435556	0.227358	0.1635	0.0191	0.6720	0.1270	0.3031	0.2079	0.1730
000005	V	0.302159	0.308051	0.239781	0.0677	0.0151	0.5670	0.1170	0.2500	0.1804	0.1799
000006	A	0.259177	0.211308	0.251726	0.0526	0.0130	0.5110	0.1300	0.2164	0.1622	0.1906
000007	L	0.226644	0.138698	0.260439	0.0218	0.0178	0.4270	0.1580	0.1821	0.1430	0.1960
000008	V	0.194475	0.105373	0.266135	0.0084	0.0269	0.3920	0.1360	0.1655	0.1353	0.2005
000009	L	0.170615	0.094778	0.268675	0.0069	0.0281	0.3890	0.1290	0.1596	0.1350	0.2119
000010	L	0.155216	0.104903	0.270883	0.0055	0.0194	0.3130	0.1050	0.1449	0.1163	0.2247
000011	G	0.123490	0.116048	0.274801	0.0027	0.0160	0.3270	0.1060	0.1433	0.1211	0.2379
000012	V	0.109836	0.116746	0.281743	0.0013	0.0163	0.2670	0.1160	0.1321	0.1094	0.2537
000013	G	0.097528	0.121661	0.291859	0.0008	0.0097	0.2680	0.1480	0.1316	0.1137	0.2786
000014	L	0.093020	0.128160	0.303899	0.0006	0.0099	0.2990	0.1480	0.1391	0.1231	0.3010
000015	S	0.087026	0.121857	0.318158	0.0007	0.0160	0.3040	0.1400	0.1412	0.1268	0.3189
000016	L	0.089543	0.131784	0.334403	0.0010	0.0223	0.3210	0.1370	0.1501	0.1328	0.3347
000017	V	0.100861	0.149497	0.352926	0.0026	0.0178	0.3150	0.1450	0.1564	0.1352	0.3416
000018	G	0.107331	0.155411	0.373966	0.0059	0.0294	0.3130	0.1420	0.1642	0.1371	0.3504
000019	E	0.120488	0.166764	0.396378	0.0061	0.0364	0.3090	0.1420	0.1726	0.1401	0.3577
000020	M	0.145804	0.179171	0.419297	0.0116	0.0592	0.3150	0.1480	0.1883	0.1409	0.3575
000021	F	0.191211	0.181698	0.441733	0.0200	0.0929	0.3170	0.1380	0.2074	0.1391	0.3457
000022	L	0.238103	0.202698	0.463122	0.0212	0.1048	0.3000	0.1240	0.2217	0.1408	0.3267
000023	A	0.285974	0.244559	0.484236	0.0327	0.1048	0.2750	0.1040	0.2379	0.1439	0.3071
000024	F	0.357469	0.280429	0.505688	0.0387	0.1162	0.2780	0.1040	0.2628	0.1529	0.2829
000025	R	0.428420	0.299168	0.528268	0.0478	0.2034	0.2250	0.0730	0.2887	0.1562	0.2620
000026	E	0.494437	0.344270	0.551233	0.0526	0.1424	0.2070	0.0710	0.2987	0.1815	0.2499
000027	R	0.563889	0.392282	0.573917	0.1150	0.2292	0.2280	0.0920	0.3503	0.1744	0.2313
000028	V	0.625947	0.433761	0.595251	0.1240	0.3215	0.2530	0.1170	0.3923	0.1797	0.2193
000029	N	0.690185	0.475259	0.615388	0.1349	0.3426	0.2690	0.1320	0.4212	0.1933	0.2135
000030	A	0.724732	0.540087	0.635057	0.1495	0.3356	0.2930	0.1420	0.4463	0.2024	0.2113
000031	S	0.758920	0.597156	0.654653	0.1998	0.3087	0.3130	0.1450	0.4720	0.2072	0.2126
000032	R	0.792755	0.635645	0.674354	0.3096	0.4149	0.3550	0.1500	0.5304	0.1795	0.2245
000033	E	0.801617	0.661683	0.693350	0.3535	0.4149	0.3600	0.1440	0.5476	0.1776	0.2449
000034	V	0.807070	0.695203	0.711152	0.3847	0.3529	0.4300	0.1490	0.5634	0.1792	0.2646
000035	E	0.815952	0.695515	0.725514	0.4245	0.4831	0.3990	0.1520	0.5907	0.1611	0.2874
000036	P	0.826250	0.668048	0.737237	0.3668	0.5139	0.4180	0.1580	0.5884	0.1676	0.3089
000037	V	0.832535	0.650219	0.748276	0.3630	0.3983	0.4050	0.1350	0.5663	0.1855	0.3280
000038	E	0.838938	0.645373	0.759571	0.3992	0.4256	0.3260	0.1080	0.5657	0.1930	0.3576
000039	P	0.853536	0.609885	0.772708	0.4037	0.4979	0.2900	0.0990	0.5713	0.1977	0.3828
000040	E	0.866614	0.586686	0.786712	0.4203	0.4864	0.2730	0.1030	0.5699	0.2053	0.4019
000041	N	0.877482	0.543224	0.799417	0.4556	0.5211	0.2630	0.0980	0.5766	0.2071	0.4136
000042	C	0.889008	0.516493	0.808117	0.4556	0.5493	0.2780	0.1040	0.5828	0.2078	0.4261
000043	H	0.893596	0.523893	0.812242	0.4879	0.5707	0.3050	0.1300	0.5989	0.1990	0.4331
000044	L	0.892555	0.540515	0.812908	0.4825	0.4441	0.3670	0.1680	0.5899	0.1942	0.4309
000045	I	0.889066	0.603569	0.810381	0.5762	0.5419	0.3830	0.1840	0.6340	0.1692	0.4281
000046	E	0.881888	0.618728	0.805366	0.4918	0.4186	0.4030	0.1920	0.6032	0.1850	0.4198
000047	E	0.868615	0.652529	0.800252	0.4918	0.3087	0.4720	0.2160	0.5989	0.1949	0.4117
000048	L	0.841816	0.673960	0.795994	0.4967	0.4087	0.5800	0.2230	0.6328	0.1547	0.4032
000049	E	0.828709	0.673407	0.791525	0.4116	0.3840	0.5830	0.2050	0.6120	0.1712	0.3968
000050	S	0.820130	0.670159	0.786966	0.4078	0.3566	0.6150	0.2080	0.6095	0.1752	0.3929
000051	G	0.811192	0.683359	0.780786	0.3885	0.2541	0.6750	0.1780	0.5988	0.2058	0.3881
000052	S	0.815605	0.680669	0.772806	0.3992	0.2129	0.6720	0.1490	0.5923	0.2152	0.3792
000053	E	0.818127	0.670366	0.763679	0.3762	0.1702	0.6630	0.1250	0.5770	0.2291	0.3706
000054	D	0.813798	0.667988	0.752832	0.3491	0.1028	0.6590	0.1320	0.5576	0.2505	0.3571
000055	I	0.812765	0.651528	0.740907	0.3456	0.1583	0.5780	0.1410	0.5479	0.2280	0.3463
000056	D	0.783227	0.610357	0.727406	0.3456	0.2399	0.5090	0.1880	0.5358	0.1949	0.3338
000057	I	0.729784	0.556278	0.713480	0.3311	0.2193	0.4590	0.2030	0.5014	0.1873	0.3284
000058	L	0.671638	0.526238	0.698632	0.3184	0.1323	0.3860	0.2010	0.4555	0.1995	0.3245
000059	P	0.605444	0.528869	0.682664	0.3992	0.1969	0.3010	0.1940	0.4524	0.1699	0.3204
000060	S	0.513496	0.496346	0.667005	0.3005	0.1115	0.3060	0.1740	0.3991	0.1805	0.3193
000061	G	0.419768	0.498890	0.650746	0.2820	0.1323	0.2680	0.1550	0.3754	0.1695	0.3144
000062	L	0.336672	0.487212	0.635337	0.1998	0.1298	0.2600	0.1450	0.3415	0.1728	0.3095
000063	A	0.249113	0.481308	0.620219	0.2292	0.1070	0.2660	0.1490	0.3254	0.1720	0.3066
000064	F	0.161905	0.472764	0.605275	0.2122	0.1115	0.3040	0.1700	0.3112	0.1754	0.3026
000065	I	0.112286	0.528856	0.589245	0.1635	0.1092	0.3070	0.1760	0.3017	0.1942	0.3072
000066	S	0.090456	0.518258	0.571785	0.2558	0.0985	0.2970	0.1690	0.3054	0.1861	0.3153
000067	S	0.070453	0.506175	0.555381	0.2292	0.0734	0.3170	0.1630	0.2919	0.1900	0.3217
000068	G	0.061782	0.536548	0.539384	0.2122	0.1449	0.3230	0.1620	0.3029	0.1836	0.3293
000069	L	0.090656	0.518906	0.527242	0.2385	0.2292	0.3350	0.1530	0.3233	0.1582	0.3352
000070	K	0.088483	0.505456	0.517003	0.2483	0.2193	0.3160	0.1430	0.3157	0.1538	0.3404
000071	Y	0.093659	0.517293	0.509565	0.2657	0.2503	0.3220	0.1350	0.3264	0.1492	0.3390
000072	P	0.097542	0.516907	0.503742	0.2786	0.2470	0.3210	0.1220	0.3275	0.1465	0.3400
000073	G	0.098509	0.539144	0.501084	0.3806	0.3249	0.4100	0.1450	0.3757	0.1432	0.3424
000074	M	0.096010	0.556577	0.501016	0.4116	0.2645	0.4780	0.1480	0.3846	0.1582	0.3456
000075	P	0.099345	0.568409	0.500803	0.4879	0.2645	0.4510	0.1590	0.3954	0.1620	0.3570
000076	N	0.090910	0.567790	0.501890	0.4918	0.2715	0.4690	0.1700	0.3988	0.1652	0.3574
000077	F	0.091827	0.577955	0.503174	0.4149	0.2328	0.4830	0.1630	0.3840	0.1687	0.3489
000078	A	0.148476	0.584288	0.503841	0.3399	0.2470	0.3810	0.1620	0.3675	0.1466	0.3490
000079	P	0.227407	0.589527	0.501593	0.3005	0.1702	0.3310	0.1540	0.3533	0.1475	0.3463
000080	D	0.290783	0.582583	0.495573	0.3992	0.2575	0.3070	0.1360	0.3888	0.1173	0.3443
000081	E	0.374137	0.561248	0.487177	0.3491	0.2849	0.2710	0.1040	0.3880	0.1047	0.3455
000082	P	0.438724	0.533720	0.478159	0.4282	0.3807	0.2290	0.0820	0.4148	0.0953	0.3536
000083	G	0.504103	0.514272	0.471475	0.4203	0.3667	0.2020	0.0740	0.4131	0.1071	0.3602
000084	K	0.587621	0.461937	0.465070	0.4420	0.3948	0.1880	0.0810	0.4233	0.1201	0.3668
000085	I	0.671139	0.410909	0.459197	0.4749	0.4292	0.1940	0.1000	0.4399	0.1394	0.3660
000086	F	0.730115	0.387872	0.452307	0.4749	0.3667	0.1910	0.0940	0.4338	0.1610	0.3592
000087	L	0.731120	0.390730	0.445667	0.4703	0.3631	0.1890	0.0800	0.4317	0.1615	0.3640
000088	M	0.721178	0.391480	0.438320	0.5126	0.4441	0.1920	0.0690	0.4499	0.1569	0.3751
000089	D	0.709604	0.410750	0.431163	0.5711	0.3840	0.2160	0.0830	0.4538	0.1543	0.3854
000090	L	0.691939	0.409871	0.424610	0.5173	0.3774	0.2630	0.1120	0.4473	0.1327	0.3983
000091	N	0.693605	0.439262	0.417231	0.4149	0.2715	0.2740	0.1230	0.4184	0.1406	0.4095
000092	E	0.669386	0.477574	0.409308	0.4203	0.2470	0.2820	0.1270	0.4176	0.1381	0.4153
000093	Q	0.651122	0.500542	0.399361	0.3096	0.2193	0.3050	0.1480	0.3975	0.1431	0.4248
000094	N	0.645761	0.503997	0.387849	0.3146	0.2193	0.3130	0.1470	0.3975	0.1407	0.4287
000095	P	0.657928	0.498876	0.375378	0.3184	0.1275	0.3180	0.1540	0.3826	0.1647	0.4171
000096	R	0.657152	0.502852	0.363581	0.3885	0.2094	0.3020	0.1590	0.4040	0.1437	0.4039
000097	A	0.666999	0.485868	0.353767	0.3668	0.3149	0.2500	0.1270	0.4064	0.1362	0.3929
000098	Q	0.680145	0.462245	0.343748	0.4513	0.4186	0.1830	0.0830	0.4231	0.1486	0.3891
000099	A	0.675659	0.438598	0.333622	0.4879	0.3704	0.1370	0.0480	0.4072	0.1629	0.3848
000100	L	0.664960	0.418975	0.321209	0.4879	0.2436	0.1380	0.0340	0.3791	0.1707	0.3878
000101	E	0.681842	0.382210	0.306994	0.4600	0.3392	0.1630	0.0420	0.3889	0.1587	0.3934
000102	I	0.655602	0.360890	0.291297	0.3668	0.3494	0.2120	0.0610	0.3726	0.1374	0.3936
000103	S	0.621491	0.356705	0.275522	0.3491	0.3286	0.2340	0.0720	0.3609	0.1242	0.3954
000104	G	0.568990	0.345871	0.259009	0.3578	0.3182	0.2610	0.0850	0.3519	0.1042	0.4021
000105	G	0.491548	0.354137	0.242249	0.3578	0.2164	0.2940	0.0850	0.3261	0.0906	0.4131
000106	F	0.415863	0.392128	0.225956	0.3263	0.1881	0.2740	0.0720	0.3037	0.0829	0.4238
000107	D	0.348358	0.407737	0.209110	0.2531	0.1206	0.1990	0.0620	0.2564	0.0960	0.4286
000108	K	0.283133	0.420756	0.191299	0.2820	0.0749	0.1580	0.0490	0.2350	0.1100	0.4286
000109	E	0.227554	0.412296	0.172700	0.1766	0.0398	0.1320	0.0350	0.1935	0.1134	0.4315
000110	L	0.169420	0.385703	0.155131	0.1240	0.0531	0.1140	0.0170	0.1670	0.1045	0.4233
000111	F	0.126981	0.308899	0.141352	0.1178	0.0870	0.1010	0.0080	0.1472	0.0744	0.4232
000112	N	0.079115	0.269165	0.129948	0.1117	0.0835	0.0850	0.0120	0.1264	0.0663	0.4328
000113	P	0.039899	0.206184	0.121481	0.1635	0.1554	0.0760	0.0140	0.1271	0.0558	0.4298
000114	H	0.028449	0.168068	0.112254	0.1698	0.1643	0.0790	0.0190	0.1203	0.0530	0.4217
000115	G	0.021017	0.150350	0.103952	0.1667	0.1115	0.0920	0.0350	0.1076	0.0467	0.4092
000116	I	0.005358	0.153834	0.095921	0.1602	0.0662	0.0940	0.0350	0.0959	0.0526	0.3927
000117	S	0.005053	0.157464	0.090009	0.1805	0.0835	0.0860	0.0310	0.1004	0.0568	0.3778
000118	I	0.003322	0.160133	0.084576	0.1117	0.0443	0.0760	0.0220	0.0800	0.0494	0.3682
000119	F	0.002131	0.169479	0.079764	0.0677	0.0300	0.0750	0.0200	0.0707	0.0520	0.3649
000120	I	0.001108	0.174103	0.074759	0.0376	0.0181	0.0690	0.0210	0.0625	0.0563	0.3478
000121	D	0.000481	0.160497	0.070055	0.0405	0.0320	0.0590	0.0180	0.0605	0.0498	0.3262
000122	K	0.000149	0.152394	0.066395	0.0441	0.0646	0.0490	0.0150	0.0628	0.0456	0.3067
000123	D	0.000081	0.136412	0.063448	0.0455	0.0704	0.0460	0.0180	0.0602	0.0408	0.3002
000124	N	0.000034	0.116997	0.061847	0.0350	0.0581	0.0410	0.0190	0.0522	0.0353	0.2929
000125	T	0.000037	0.102424	0.061800	0.0425	0.0443	0.0370	0.0170	0.0481	0.0306	0.2902
000126	V	0.000065	0.104008	0.063205	0.0425	0.0424	0.0370	0.0150	0.0481	0.0312	0.2951
000127	Y	0.000510	0.101516	0.064922	0.0526	0.0719	0.0410	0.0160	0.0555	0.0308	0.3035
000128	L	0.000580	0.112723	0.066711	0.0514	0.0765	0.0530	0.0210	0.0602	0.0335	0.3044
000129	Y	0.000662	0.134888	0.069051	0.0884	0.0835	0.0850	0.0360	0.0769	0.0397	0.3001
000130	V	0.000669	0.163846	0.072146	0.1416	0.1759	0.1250	0.0490	0.1132	0.0603	0.2837
000131	V	0.000668	0.178697	0.075145	0.1456	0.1731	0.1370	0.0450	0.1184	0.0625	0.2763
000132	N	0.000705	0.224822	0.078122	0.1416	0.0835	0.1420	0.0420	0.1117	0.0693	0.2747
000133	H	0.001440	0.258938	0.081239	0.0832	0.0835	0.1660	0.0360	0.1124	0.0810	0.2747
000134	P	0.002969	0.279141	0.085162	0.0395	0.0364	0.1990	0.0470	0.1070	0.0991	0.2642
000135	H	0.005254	0.316629	0.089537	0.0387	0.0372	0.2110	0.0470	0.1164	0.1114	0.2511
000136	M	0.063417	0.353723	0.093901	0.0182	0.0398	0.2230	0.0530	0.1320	0.1191	0.2310
000137	K	0.129905	0.366841	0.097837	0.0308	0.0676	0.2200	0.0580	0.1521	0.1125	0.2047
000138	S	0.194084	0.397501	0.101648	0.0526	0.1206	0.2160	0.0610	0.1805	0.1116	0.1815
000139	T	0.254743	0.427404	0.106042	0.0884	0.1852	0.2070	0.0570	0.2115	0.1122	0.1630
000140	V	0.274794	0.415174	0.111189	0.1416	0.2645	0.1920	0.0550	0.2332	0.1007	0.1484
000141	E	0.285356	0.398459	0.116209	0.1998	0.2436	0.1810	0.0530	0.2373	0.0891	0.1423
000142	I	0.287555	0.408452	0.119586	0.2748	0.2436	0.1880	0.0490	0.2537	0.0894	0.1331
000143	F	0.288862	0.402646	0.120859	0.1805	0.1476	0.2000	0.0380	0.2234	0.0958	0.1227
000144	K	0.297419	0.398165	0.120570	0.1292	0.0929	0.2040	0.0310	0.2070	0.1090	0.1130
000145	F	0.240505	0.398490	0.120685	0.0660	0.0765	0.2110	0.0270	0.1856	0.1150	0.1060
000146	E	0.175099	0.398484	0.120954	0.0387	0.0817	0.1750	0.0320	0.1650	0.1151	0.1012
000147	E	0.114574	0.355246	0.121486	0.0490	0.0605	0.1490	0.0470	0.1417	0.1016	0.0989
000148	Q	0.054902	0.338266	0.121303	0.0490	0.0618	0.1250	0.0390	0.1251	0.1001	0.0946
000149	Q	0.035816	0.306399	0.120925	0.0279	0.0631	0.1070	0.0320	0.1102	0.0941	0.0891
000150	R	0.026038	0.262962	0.120491	0.0279	0.0676	0.0930	0.0300	0.0996	0.0804	0.0845
000151	S	0.026461	0.237836	0.119645	0.0478	0.0605	0.0840	0.0280	0.0960	0.0698	0.0798
000152	L	0.031849	0.226463	0.118279	0.0478	0.0306	0.0870	0.0330	0.0903	0.0685	0.0738
000153	V	0.022315	0.203567	0.115932	0.0502	0.0531	0.1000	0.0480	0.0909	0.0594	0.0694
000154	Y	0.022083	0.199859	0.113578	0.0554	0.1092	0.1090	0.0540	0.1016	0.0553	0.0656
000155	L	0.021779	0.216755	0.110805	0.0542	0.0734	0.1130	0.0520	0.0983	0.0617	0.0606
000156	K	0.018615	0.231991	0.107351	0.1060	0.1554	0.1060	0.0350	0.1209	0.0641	0.0554
000157	T	0.017642	0.232758	0.103258	0.0607	0.1501	0.1040	0.0260	0.1113	0.0680	0.0514
000158	I	0.016685	0.244971	0.099434	0.0621	0.0799	0.1040	0.0260	0.1012	0.0705	0.0478
000159	K	0.015883	0.272971	0.096260	0.0643	0.0483	0.0880	0.0170	0.0976	0.0827	0.0461
000160	H	0.012571	0.279133	0.093406	0.0336	0.0287	0.0820	0.0120	0.0882	0.0902	0.0447
000161	E	0.005719	0.270553	0.090520	0.0212	0.0174	0.0760	0.0140	0.0802	0.0907	0.0424
000162	L	0.006749	0.275849	0.088097	0.0116	0.0178	0.0850	0.0190	0.0808	0.0934	0.0398
000163	L	0.012691	0.267663	0.085449	0.0102	0.0341	0.0810	0.0300	0.0818	0.0883	0.0380
000164	K	0.012726	0.248221	0.082221	0.0179	0.0592	0.0640	0.0210	0.0807	0.0789	0.0366
000165	S	0.013628	0.240989	0.077657	0.0405	0.1115	0.0560	0.0190	0.0901	0.0740	0.0356
000166	V	0.027100	0.221665	0.072226	0.0771	0.0929	0.0460	0.0170	0.0896	0.0628	0.0350
000167	N	0.072784	0.195363	0.066014	0.0813	0.0555	0.0470	0.0200	0.0863	0.0500	0.0353
000168	D	0.087059	0.171319	0.059728	0.0387	0.0443	0.0540	0.0240	0.0759	0.0453	0.0349
000169	I	0.100730	0.144346	0.053527	0.0376	0.0799	0.0650	0.0320	0.0801	0.0349	0.0336
000170	V	0.101672	0.119163	0.047333	0.0304	0.0817	0.0660	0.0340	0.0744	0.0304	0.0332
000171	V	0.100684	0.106094	0.040373	0.0286	0.0888	0.0710	0.0360	0.0726	0.0293	0.0328
000172	L	0.094325	0.115963	0.033209	0.0259	0.0799	0.0810	0.0380	0.0718	0.0322	0.0335
000173	G	0.094761	0.136065	0.026798	0.0478	0.0799	0.0760	0.0290	0.0769	0.0346	0.0350
000174	P	0.095007	0.154261	0.021567	0.0744	0.0662	0.0710	0.0270	0.0804	0.0397	0.0366
000175	E	0.082851	0.172095	0.017214	0.0414	0.0690	0.0710	0.0240	0.0756	0.0483	0.0377
000176	Q	0.038453	0.183014	0.013154	0.0173	0.0765	0.0810	0.0270	0.0682	0.0576	0.0386
000177	F	0.026335	0.194664	0.009714	0.0316	0.1162	0.1090	0.0410	0.0812	0.0651	0.0406
000178	Y	0.013324	0.211086	0.006728	0.0308	0.0618	0.1160	0.0420	0.0733	0.0716	0.0431
000179	A	0.011305	0.234350	0.003924	0.0286	0.0341	0.1150	0.0370	0.0713	0.0815	0.0449
000180	T	0.010246	0.242555	0.001247	0.0279	0.0592	0.1340	0.0450	0.0793	0.0852	0.0476
000181	R	0.009431	0.243772	-0.001450	0.0226	0.0443	0.1300	0.0410	0.0748	0.0870	0.0484
000182	D	0.008253	0.242280	-0.003368	0.0363	0.0327	0.1180	0.0340	0.0723	0.0853	0.0479
000183	H	0.006625	0.227374	-0.004438	0.0308	0.0631	0.1030	0.0240	0.0711	0.0785	0.0447
000184	Y	0.005546	0.204071	-0.004311	0.0121	0.0463	0.0990	0.0210	0.0605	0.0729	0.0415
000185	F	0.006898	0.204852	-0.003893	0.0097	0.0227	0.0960	0.0240	0.0561	0.0742	0.0378
000186	T	0.011077	0.214661	-0.003268	0.0062	0.0133	0.0830	0.0210	0.0541	0.0771	0.0348
000187	N	0.012216	0.198836	-0.003003	0.0027	0.0133	0.0720	0.0180	0.0494	0.0713	0.0315
000188	S	0.012095	0.179433	-0.002887	0.0033	0.0151	0.0660	0.0210	0.0456	0.0639	0.0283
000189	L	0.011778	0.156419	-0.002734	0.0070	0.0244	0.0600	0.0190	0.0428	0.0546	0.0247
000190	L	0.011545	0.122276	-0.002487	0.0042	0.0165	0.0510	0.0150	0.0338	0.0430	0.0226
000191	S	0.011430	0.095665	-0.002434	0.0042	0.0165	0.0420	0.0100	0.0279	0.0334	0.0212
000192	F	0.011363	0.082595	-0.002879	0.0013	0.0107	0.0390	0.0100	0.0237	0.0295	0.0201
000193	F	0.011104	0.073029	-0.003542	0.0012	0.0082	0.0360	0.0100	0.0209	0.0264	0.0198
000194	E	0.008460	0.062872	-0.003898	0.0007	0.0062	0.0310	0.0100	0.0176	0.0231	0.0206
000195	M	0.002110	0.054791	-0.003818	0.0008	0.0059	0.0310	0.0100	0.0151	0.0210	0.0209
000196	I	0.000451	0.043339	-0.003444	0.0009	0.0064	0.0310	0.0090	0.0131	0.0176	0.0212
000197	L	0.000753	0.033867	-0.003009	0.0006	0.0062	0.0280	0.0090	0.0111	0.0144	0.0224
000198	D	0.001076	0.025572	-0.002616	0.0003	0.0065	0.0240	0.0070	0.0092	0.0115	0.0241
000199	L	0.001274	0.024227	-0.002321	0.0003	0.0066	0.0240	0.0060	0.0090	0.0110	0.0258
000200	R	0.001898	0.022711	-0.002346	0.0006	0.0093	0.0260	0.0080	0.0097	0.0109	0.0291
000201	W	0.001962	0.020211	-0.003051	0.0010	0.0097	0.0290	0.0110	0.0099	0.0115	0.0324
000202	T	0.002049	0.023880	-0.004076	0.0012	0.0097	0.0330	0.0130	0.0110	0.0134	0.0346
000203	Y	0.002103	0.028054	-0.005505	0.0022	0.0119	0.0470	0.0200	0.0142	0.0179	0.0361
000204	V	0.002205	0.032702	-0.007055	0.0059	0.0153	0.0690	0.0320	0.0197	0.0253	0.0370
000205	L	0.002025	0.042852	-0.008184	0.0027	0.0120	0.0930	0.0380	0.0241	0.0348	0.0377
000206	F	0.001547	0.055130	-0.008959	0.0022	0.0151	0.1180	0.0450	0.0305	0.0442	0.0393
000207	Y	0.001221	0.085471	-0.009542	0.0033	0.0244	0.1450	0.0510	0.0417	0.0558	0.0419
000208	S	0.001025	0.123653	-0.010199	0.0067	0.0209	0.1590	0.0520	0.0501	0.0658	0.0437
000209	P	0.000381	0.169257	-0.010429	0.0061	0.0141	0.1740	0.0540	0.0590	0.0802	0.0446
000210	R	0.000388	0.197508	-0.009776	0.0055	0.0218	0.1890	0.0620	0.0674	0.0896	0.0477
000211	E	0.000386	0.219025	-0.008430	0.0031	0.0181	0.1880	0.0620	0.0701	0.0952	0.0485
000212	V	0.000470	0.235537	-0.006153	0.0075	0.0372	0.1970	0.0650	0.0786	0.0990	0.0474
000213	K	0.001379	0.248886	-0.003002	0.0059	0.0356	0.1760	0.0560	0.0775	0.0986	0.0482
000214	V	0.004512	0.238009	0.001028	0.0109	0.0349	0.1720	0.0460	0.0768	0.0931	0.0493
000215	V	0.007056	0.244790	0.004961	0.0194	0.0543	0.1650	0.0410	0.0826	0.0910	0.0490
000216	A	0.010985	0.236413	0.008575	0.0194	0.0605	0.1360	0.0410	0.0787	0.0832	0.0486
000217	K	0.012540	0.209647	0.011296	0.0405	0.1206	0.1160	0.0400	0.0851	0.0712	0.0475
000218	G	0.013152	0.179212	0.013881	0.0464	0.1611	0.1110	0.0430	0.0875	0.0671	0.0459
000219	F	0.013090	0.170795	0.016361	0.0490	0.1731	0.1120	0.0470	0.0891	0.0670	0.0438
000220	C	0.013066	0.162016	0.018574	0.0308	0.1583	0.1020	0.0430	0.0809	0.0633	0.0436
000221	S	0.012930	0.183070	0.020179	0.0327	0.1528	0.0930	0.0390	0.0825	0.0663	0.0404
000222	A	0.011919	0.208240	0.021182	0.0316	0.0870	0.0850	0.0350	0.0742	0.0668	0.0374
000223	N	0.008787	0.228567	0.021969	0.0554	0.0888	0.0970	0.0320	0.0834	0.0723	0.0360
000224	G	0.006269	0.229929	0.022535	0.0350	0.0543	0.0940	0.0260	0.0737	0.0751	0.0339
000225	I	0.002354	0.236103	0.022795	0.0414	0.0555	0.1030	0.0250	0.0768	0.0777	0.0324
000226	T	0.001190	0.253460	0.022968	0.0414	0.0690	0.0990	0.0170	0.0812	0.0832	0.0329
000227	V	0.006660	0.252506	0.023204	0.0376	0.0909	0.0930	0.0150	0.0840	0.0820	0.0337
000228	S	0.006860	0.262104	0.023694	0.0308	0.0605	0.0880	0.0170	0.0787	0.0862	0.0360
000229	A	0.007024	0.281278	0.024550	0.0327	0.0494	0.0930	0.0200	0.0814	0.0933	0.0379
000230	D	0.007123	0.276618	0.025710	0.0455	0.0835	0.0950	0.0250	0.0890	0.0893	0.0407
000231	Q	0.007149	0.251815	0.027126	0.0526	0.1229	0.0830	0.0200	0.0908	0.0812	0.0423
000232	K	0.007176	0.233984	0.028803	0.0441	0.1349	0.0740	0.0130	0.0872	0.0771	0.0462
000233	Y	0.007182	0.214425	0.030713	0.0554	0.0948	0.0690	0.0120	0.0787	0.0667	0.0507
000234	V	0.007595	0.186914	0.032829	0.0554	0.0870	0.0650	0.0140	0.0724	0.0569	0.0552
000235	Y	0.007287	0.166139	0.034928	0.0316	0.0494	0.0600	0.0140	0.0582	0.0509	0.0618
000236	V	0.001247	0.158121	0.036912	0.0621	0.0676	0.0590	0.0160	0.0642	0.0476	0.0684
000237	A	0.001058	0.150982	0.038992	0.0350	0.0719	0.0650	0.0190	0.0605	0.0465	0.0745
000238	D	0.000874	0.140256	0.041341	0.0425	0.1070	0.0760	0.0190	0.0680	0.0460	0.0816
000239	V	0.000771	0.147914	0.043820	0.0478	0.1092	0.0930	0.0220	0.0737	0.0483	0.0869
000240	A	0.000761	0.174665	0.045930	0.0587	0.1373	0.0850	0.0210	0.0837	0.0579	0.0946
000241	A	0.000744	0.199276	0.047308	0.0567	0.1399	0.0870	0.0320	0.0885	0.0650	0.1032
000242	K	0.000955	0.242004	0.048356	0.0587	0.0734	0.1060	0.0440	0.0882	0.0756	0.1133
000243	N	0.000970	0.286828	0.048854	0.0621	0.0780	0.1330	0.0590	0.1016	0.0916	0.1319
000244	I	0.001083	0.295855	0.048702	0.0607	0.0780	0.1650	0.0640	0.1083	0.0972	0.1554
000245	H	0.001178	0.315306	0.047537	0.0965	0.1184	0.1760	0.0650	0.1258	0.1008	0.1878
000246	I	0.001273	0.328252	0.046064	0.0909	0.1881	0.1870	0.0680	0.1403	0.1084	0.2161
000247	M	0.001319	0.341035	0.045267	0.1240	0.1731	0.1960	0.0640	0.1468	0.1102	0.2502
000248	E	0.001414	0.348802	0.045504	0.1602	0.1969	0.1940	0.0660	0.1579	0.1129	0.2860
000249	K	0.001441	0.373478	0.046345	0.0884	0.1349	0.1950	0.0670	0.1399	0.1212	0.3165
000250	H	0.001485	0.382848	0.047255	0.1292	0.1162	0.1790	0.0520	0.1427	0.1218	0.3544
000251	D	0.001343	0.351592	0.048406	0.1117	0.1424	0.1560	0.0400	0.1353	0.1105	0.3878
000252	N	0.001012	0.309003	0.050115	0.0858	0.1070	0.1300	0.0380	0.1138	0.0966	0.4186
000253	W	0.000943	0.274603	0.051945	0.0965	0.1070	0.1150	0.0390	0.1077	0.0842	0.4105
000254	D	0.000966	0.242972	0.053451	0.0542	0.1007	0.0900	0.0270	0.0903	0.0753	0.4052
000255	L	0.000855	0.191755	0.054618	0.1018	0.1070	0.0760	0.0190	0.0887	0.0580	0.4060
000256	T	0.000782	0.174756	0.055590	0.0935	0.0704	0.0640	0.0170	0.0765	0.0521	0.4113
000257	Q	0.000719	0.155573	0.056567	0.1060	0.1298	0.0570	0.0170	0.0842	0.0519	0.4059
000258	L	0.000724	0.125464	0.057690	0.0935	0.1759	0.0560	0.0160	0.0849	0.0558	0.4002
000259	K	0.000688	0.117231	0.059381	0.0884	0.1028	0.0510	0.0130	0.0698	0.0386	0.4040
000260	V	0.003731	0.110896	0.061807	0.0935	0.1048	0.0500	0.0120	0.0708	0.0371	0.3986
000261	I	0.005677	0.105752	0.065207	0.0526	0.0704	0.0500	0.0130	0.0583	0.0298	0.4029
000262	Q	0.009928	0.108336	0.069828	0.0490	0.0704	0.0470	0.0110	0.0591	0.0298	0.4067
000263	L	0.015196	0.112565	0.076884	0.0316	0.0749	0.0500	0.0120	0.0602	0.0321	0.4088
000264	G	0.022417	0.112296	0.085811	0.0567	0.1137	0.0500	0.0120	0.0735	0.0335	0.4217
000265	T	0.030084	0.116539	0.096661	0.0660	0.1115	0.0560	0.0180	0.0795	0.0312	0.4188
000266	L	0.036530	0.128423	0.110263	0.1018	0.1702	0.0700	0.0300	0.1028	0.0423	0.4136
000267	V	0.046758	0.156639	0.126205	0.1060	0.1731	0.0750	0.0320	0.1139	0.0440	0.4149
000268	D	0.069917	0.188173	0.143756	0.1041	0.1028	0.0850	0.0310	0.1157	0.0395	0.4208
000269	N	0.070200	0.229288	0.160087	0.1878	0.1048	0.0990	0.0310	0.1419	0.0554	0.4305
000270	L	0.071297	0.250866	0.174057	0.1322	0.0870	0.1040	0.0260	0.1366	0.0609	0.4276
000271	T	0.073688	0.263129	0.186274	0.1322	0.1275	0.0810	0.0120	0.1440	0.0649	0.4305
000272	V	0.074930	0.268640	0.198637	0.1766	0.1373	0.0870	0.0130	0.1573	0.0665	0.4294
000273	D	0.098969	0.290619	0.211321	0.1698	0.1323	0.0910	0.0170	0.1656	0.0694	0.4265
000274	P	0.136661	0.273507	0.222903	0.1878	0.2258	0.0950	0.0210	0.1903	0.0594	0.4238
000275	A	0.153341	0.274234	0.232976	0.1921	0.2399	0.0980	0.0170	0.1984	0.0590	0.4174
000276	T	0.154370	0.291559	0.244057	0.2255	0.2609	0.0940	0.0180	0.2117	0.0673	0.4156
000277	G	0.142498	0.284606	0.258061	0.3096	0.2988	0.1010	0.0260	0.2325	0.0806	0.4131
000278	D	0.150207	0.278739	0.274071	0.4037	0.3631	0.1110	0.0340	0.2635	0.1049	0.4025
000279	I	0.156843	0.285842	0.290236	0.3668	0.2715	0.1240	0.0430	0.2492	0.0832	0.3945
000280	L	0.176235	0.282946	0.305883	0.3578	0.1791	0.1340	0.0480	0.2394	0.0806	0.3806
000281	A	0.195727	0.268979	0.321868	0.3847	0.2715	0.1400	0.0540	0.2637	0.0797	0.3721
000282	G	0.182233	0.267117	0.338219	0.3359	0.1852	0.1500	0.0600	0.2431	0.0752	0.3662
000283	C	0.170243	0.266513	0.353993	0.3992	0.2609	0.1620	0.0690	0.2688	0.0871	0.3574
000284	H	0.194815	0.293455	0.368600	0.3263	0.2752	0.1720	0.0690	0.2718	0.0691	0.3530
000285	P	0.241799	0.312073	0.382819	0.3005	0.2645	0.1790	0.0690	0.2801	0.0632	0.3514
000286	N	0.313107	0.345778	0.397725	0.3491	0.3087	0.1840	0.0610	0.3164	0.0660	0.3498
000287	P	0.404496	0.384177	0.412893	0.3630	0.3286	0.1840	0.0600	0.3461	0.0778	0.3454
000288	M	0.487919	0.405262	0.428861	0.3806	0.3599	0.2040	0.0670	0.3777	0.0877	0.3420
000289	K	0.549547	0.449935	0.444751	0.3847	0.3460	0.2220	0.0690	0.3996	0.1013	0.3451
000290	L	0.619816	0.490984	0.460054	0.4825	0.4330	0.2650	0.0830	0.4586	0.1046	0.3472
000291	L	0.702149	0.513523	0.474079	0.5473	0.5419	0.2500	0.0760	0.5049	0.1341	0.3572
000292	N	0.762546	0.537242	0.486467	0.5762	0.5055	0.2470	0.0890	0.5192	0.1517	0.3703
000293	Y	0.809229	0.577693	0.498019	0.5802	0.4292	0.2610	0.0860	0.5259	0.1664	0.3781
000294	N	0.840928	0.593873	0.507139	0.5900	0.5176	0.2620	0.0880	0.5519	0.1704	0.3872
000295	P	0.845592	0.597163	0.515018	0.5296	0.4256	0.2940	0.0880	0.5345	0.1688	0.3915
000296	E	0.829041	0.629114	0.521022	0.5084	0.4051	0.3060	0.1100	0.5330	0.1662	0.3960
000297	D	0.828733	0.635905	0.524576	0.4379	0.4051	0.3250	0.1290	0.5263	0.1665	0.4012
000298	P	0.834687	0.613589	0.526654	0.4282	0.3215	0.3450	0.1320	0.5117	0.1759	0.4103
000299	P	0.829617	0.616919	0.527998	0.4703	0.2918	0.3450	0.1480	0.5136	0.1781	0.4180
000300	G	0.826694	0.606056	0.529920	0.4203	0.2918	0.3130	0.1370	0.4980	0.1842	0.4207
000301	S	0.828617	0.553552	0.531576	0.4245	0.3910	0.2750	0.1310	0.5007	0.1732	0.4225
000302	E	0.828149	0.514638	0.532880	0.4825	0.4766	0.2430	0.1060	0.5130	0.1707	0.4205
000303	V	0.832902	0.480028	0.533399	0.4918	0.4901	0.2280	0.0970	0.5094	0.1761	0.4171
000304	L	0.844318	0.438718	0.531854	0.5549	0.6043	0.2130	0.0870	0.5312	0.1887	0.4174
000305	R	0.849359	0.387557	0.528435	0.5762	0.5098	0.2050	0.0700	0.5094	0.1948	0.4200
000306	I	0.840342	0.376091	0.522545	0.5583	0.4831	0.2130	0.0680	0.4989	0.1905	0.4244
000307	Q	0.829118	0.365194	0.513927	0.4967	0.4685	0.2050	0.0630	0.4798	0.1880	0.4273
000308	N	0.816109	0.371068	0.501517	0.4781	0.3983	0.2320	0.0750	0.4663	0.1789	0.4291
000309	V	0.758627	0.405142	0.486794	0.4600	0.2951	0.2770	0.0880	0.4471	0.1595	0.4272
000310	L	0.719905	0.437321	0.470559	0.3762	0.2436	0.3140	0.1070	0.4269	0.1510	0.4259
000311	S	0.713886	0.448762	0.453924	0.3096	0.2609	0.3510	0.1310	0.4229	0.1475	0.4308
000312	E	0.695282	0.480472	0.436788	0.2748	0.2783	0.3720	0.1340	0.4230	0.1432	0.4294
000313	K	0.671078	0.492026	0.419922	0.2700	0.2575	0.3850	0.1290	0.4159	0.1404	0.4197
000314	P	0.654553	0.466537	0.403521	0.3263	0.3182	0.3910	0.1340	0.4266	0.1134	0.4106
000315	R	0.651150	0.442281	0.387672	0.3847	0.3356	0.3970	0.1370	0.4331	0.1023	0.4037
000316	V	0.659234	0.454304	0.371786	0.3762	0.2541	0.3620	0.1320	0.4130	0.1246	0.3993
000317	S	0.686647	0.419670	0.354728	0.3762	0.3494	0.3260	0.1320	0.4188	0.1232	0.3972
000318	T	0.742772	0.380388	0.337158	0.2657	0.3392	0.3160	0.1220	0.3969	0.1584	0.3927
000319	V	0.790891	0.368544	0.318527	0.2602	0.3321	0.3200	0.1170	0.3984	0.1784	0.3854
000320	Y	0.811949	0.368842	0.299513	0.3053	0.3910	0.3520	0.1300	0.4214	0.1777	0.3751
000321	A	0.839124	0.353435	0.280417	0.3535	0.4051	0.3650	0.1280	0.4328	0.1854	0.3603
000322	N	0.867165	0.390749	0.261708	0.3491	0.3774	0.3740	0.1280	0.4366	0.1972	0.3490
000323	N	0.891651	0.413141	0.243863	0.2700	0.3599	0.4150	0.1200	0.4323	0.2155	0.3403
000324	G	0.906214	0.409591	0.225786	0.2255	0.3053	0.4620	0.1160	0.4224	0.2334	0.3353
000325	S	0.873710	0.422677	0.208239	0.1998	0.2002	0.5100	0.1110	0.4024	0.2428	0.3346
000326	V	0.818606	0.442916	0.190391	0.1416	0.1969	0.5170	0.1270	0.3846	0.2385	0.3386
000327	L	0.811172	0.420880	0.172978	0.1240	0.2541	0.4810	0.1290	0.3773	0.2316	0.3439
000328	Q	0.778899	0.426598	0.155752	0.1240	0.2575	0.4060	0.1330	0.3580	0.2198	0.3399
000329	G	0.748369	0.458479	0.138189	0.1178	0.1731	0.3520	0.1070	0.3314	0.2230	0.3399
000330	T	0.723861	0.456119	0.120166	0.1602	0.1643	0.3040	0.1020	0.3214	0.2128	0.3430
000331	S	0.682160	0.404317	0.102908	0.1349	0.1611	0.2570	0.1000	0.2903	0.2015	0.3503
000332	V	0.583504	0.363063	0.088205	0.1041	0.1852	0.2040	0.0950	0.2546	0.1721	0.3590
000333	A	0.488683	0.306311	0.075736	0.0542	0.1759	0.1660	0.0770	0.2111	0.1485	0.3631
000334	S	0.430723	0.243139	0.064308	0.0490	0.1206	0.1470	0.0600	0.1758	0.1303	0.3651
000335	V	0.380188	0.195954	0.054956	0.0464	0.0690	0.1530	0.0510	0.1500	0.1165	0.3643
000336	Y	0.291824	0.184780	0.049045	0.0304	0.0704	0.1330	0.0340	0.1265	0.0905	0.3620
000337	H	0.220438	0.161696	0.047278	0.0245	0.1007	0.0970	0.0160	0.1085	0.0663	0.3511
000338	G	0.144163	0.153310	0.047660	0.0425	0.1554	0.0810	0.0110	0.1041	0.0486	0.3333
000339	K	0.070861	0.145424	0.048052	0.0405	0.1007	0.0730	0.0110	0.0798	0.0352	0.3246
000340	I	0.013156	0.128607	0.047234	0.0395	0.0631	0.0720	0.0100	0.0606	0.0357	0.3170
000341	L	0.020361	0.115876	0.046379	0.0194	0.0380	0.0630	0.0120	0.0506	0.0329	0.3147
000342	I	0.024689	0.118730	0.046238	0.0094	0.0424	0.0600	0.0170	0.0503	0.0346	0.3043
000343	G	0.027942	0.102975	0.046444	0.0084	0.0398	0.0600	0.0200	0.0476	0.0295	0.2977
000344	T	0.034806	0.084961	0.045734	0.0124	0.0463	0.0760	0.0180	0.0500	0.0243	0.2986
000345	V	0.042578	0.070745	0.044613	0.0066	0.0364	0.1320	0.0730	0.0555	0.0390	0.3011
000346	F	0.049882	0.069197	0.044166	0.0128	0.0414	0.2200	0.0960	0.0728	0.0677	0.3067
000347	H	0.058297	0.083683	0.044676	0.0327	0.0568	0.2300	0.0900	0.0844	0.0671	0.3082
000348	K	0.066365	0.142154	0.046088	0.0425	0.0414	0.2520	0.0910	0.0985	0.0772	0.3075
000349	T	0.082698	0.218874	0.048217	0.0587	0.0313	0.2880	0.1430	0.1213	0.0968	0.3165
000350	L	0.095810	0.310814	0.050931	0.0789	0.0231	0.3080	0.1490	0.1445	0.1186	0.3226
000351	Y	0.095389	0.433002	0.054416	0.1766	0.0334	0.4790	0.1190	0.2120	0.1787	0.3278
000352	C	0.122195	0.571921	0.058454	0.2963	0.0443	0.5960	0.0700	0.2815	0.2290	0.3255
000353	E	0.175158	0.630725	0.062997	0.4379	0.0734	0.6960	0.0520	0.3460	0.2567	0.3317
000354	L	0.185786	0.695240	0.065377	0.4918	0.0506	0.7670	0.0460	0.3759	0.2905	0.3370