RESNUM	RES	VL-XT	VSL2B	VL3	IUPred-S	IUPred-L	PONDRFIT	FITERROR	MDP	MDPERROR	ANCHOR2
000001	M	0.610032	0.870536	0.853037	0.8920	0.4330	0.9870	0.0080	0.7744	0.1907	0.5747
000002	S	0.143640	0.873358	0.854293	0.8781	0.4725	0.9880	0.0080	0.7016	0.2971	0.5489
000003	H	0.256096	0.870151	0.856869	0.8424	0.5055	0.9830	0.0140	0.7191	0.2539	0.5264
000004	G	0.211560	0.864389	0.857467	0.8036	0.5707	0.9830	0.0120	0.7150	0.2570	0.5061
000005	T	0.333218	0.854787	0.856931	0.7605	0.6375	0.9780	0.0140	0.7369	0.2082	0.4920
000006	Y	0.311315	0.842687	0.854678	0.7418	0.6906	0.9780	0.0100	0.7366	0.2108	0.4805
000007	Y	0.353583	0.837625	0.852204	0.7192	0.6089	0.9700	0.0210	0.7236	0.2002	0.4580
000008	E	0.398816	0.829035	0.849234	0.7034	0.6620	0.9760	0.0080	0.7364	0.1822	0.4363
000009	C	0.452989	0.827692	0.845068	0.6219	0.5456	0.9470	0.0250	0.7067	0.1775	0.4134
000010	E	0.503754	0.805031	0.838654	0.5992	0.5620	0.8710	0.0780	0.6966	0.1456	0.4209
000011	P	0.533635	0.799093	0.832838	0.4967	0.5807	0.9000	0.0640	0.6905	0.1583	0.4224
000012	R	0.569225	0.787051	0.830169	0.5331	0.6269	0.8960	0.0700	0.7071	0.1373	0.4223
000013	G	0.617700	0.797387	0.830771	0.5296	0.6269	0.8840	0.0780	0.7144	0.1294	0.4361
000014	G	0.664945	0.797318	0.832731	0.5331	0.5992	0.8640	0.0890	0.7153	0.1238	0.4486
000015	Q	0.708898	0.790742	0.834661	0.5253	0.5992	0.8450	0.0830	0.7173	0.1200	0.4646
000016	Q	0.742647	0.785445	0.837030	0.4918	0.6183	0.8230	0.1000	0.7164	0.1234	0.4774
000017	P	0.756092	0.798708	0.838840	0.5549	0.7331	0.7960	0.1110	0.7463	0.0919	0.4908
000018	L	0.752655	0.803277	0.839768	0.6474	0.8530	0.7930	0.1310	0.7815	0.0682	0.5035
000019	E	0.760917	0.805648	0.840734	0.6293	0.7718	0.7850	0.1530	0.7656	0.0662	0.5091
000020	F	0.768214	0.806363	0.842501	0.7192	0.8681	0.7930	0.1600	0.7995	0.0484	0.5183
000021	S	0.784099	0.810625	0.844752	0.6474	0.8655	0.7670	0.1860	0.7865	0.0706	0.5062
000022	G	0.785941	0.810616	0.845075	0.6255	0.8162	0.7630	0.1840	0.7743	0.0713	0.4995
000023	G	0.789829	0.799840	0.842821	0.6516	0.7209	0.7780	0.1820	0.7639	0.0617	0.5013
000024	R	0.791525	0.789943	0.835604	0.6334	0.7369	0.7960	0.1770	0.7639	0.0650	0.4965
000025	A	0.793946	0.780472	0.826265	0.5667	0.7369	0.7920	0.1810	0.7494	0.0858	0.4989
000026	G	0.794059	0.774885	0.814582	0.5711	0.7289	0.7640	0.2040	0.7412	0.0805	0.4999
000027	P	0.811699	0.763052	0.803305	0.5514	0.6755	0.7220	0.2150	0.7212	0.0891	0.5048
000028	G	0.807777	0.747784	0.792321	0.5514	0.6482	0.7150	0.2100	0.7103	0.0883	0.5091
000029	E	0.814420	0.732668	0.784038	0.5711	0.6375	0.6880	0.2030	0.7045	0.0834	0.5163
000030	L	0.810603	0.719147	0.778248	0.5514	0.6375	0.6700	0.1930	0.6944	0.0870	0.5287
000031	G	0.797230	0.694249	0.773674	0.5473	0.6851	0.6170	0.1910	0.6857	0.0858	0.5349
000032	D	0.771509	0.675642	0.766860	0.5623	0.6851	0.6370	0.1940	0.6830	0.0726	0.5564
000033	M	0.751390	0.642256	0.758269	0.5008	0.6531	0.6460	0.2020	0.6587	0.0855	0.5725
000034	C	0.722799	0.640286	0.746937	0.5043	0.5456	0.6300	0.2140	0.6316	0.0869	0.5806
000035	E	0.701360	0.632573	0.735353	0.4879	0.4766	0.5800	0.1880	0.6022	0.0982	0.6007
000036	H	0.675285	0.630921	0.724392	0.4420	0.5211	0.5780	0.1710	0.5953	0.0945	0.6154
000037	E	0.670362	0.638486	0.715284	0.3806	0.5176	0.5490	0.1640	0.5786	0.1114	0.6293
000038	A	0.663280	0.642077	0.706831	0.3717	0.4979	0.5380	0.1610	0.5699	0.1142	0.6422
000039	S	0.646558	0.620798	0.700139	0.3762	0.5139	0.5160	0.1600	0.5623	0.1069	0.6518
000040	I	0.632714	0.618850	0.694908	0.3491	0.5098	0.5130	0.1680	0.5531	0.1124	0.6627
000041	D	0.649134	0.610267	0.691875	0.4333	0.5992	0.4100	0.1560	0.5656	0.1062	0.6720
000042	L	0.660057	0.606466	0.686696	0.4556	0.5254	0.4110	0.1400	0.5576	0.1020	0.6841
000043	S	0.677341	0.603346	0.677934	0.4458	0.4476	0.3800	0.1150	0.5387	0.1189	0.6895
000044	A	0.676311	0.584255	0.663843	0.4078	0.4766	0.3820	0.1200	0.5318	0.1168	0.7040
000045	Y	0.675280	0.575117	0.646902	0.4116	0.6043	0.3840	0.1360	0.5495	0.1121	0.7192
000046	I	0.645213	0.568843	0.629840	0.3885	0.5098	0.3690	0.1100	0.5186	0.1082	0.7277
000047	E	0.594699	0.567074	0.615437	0.4149	0.4220	0.3690	0.1020	0.4971	0.0978	0.7331
000048	S	0.569027	0.573997	0.603460	0.3225	0.3840	0.4810	0.1320	0.4889	0.1045	0.7394
000049	G	0.560420	0.572084	0.594866	0.2786	0.3566	0.4540	0.1580	0.4695	0.1183	0.7427
000050	E	0.533360	0.573054	0.588262	0.2531	0.3494	0.4090	0.1490	0.4511	0.1236	0.7530
000051	E	0.507257	0.554164	0.584951	0.2602	0.4330	0.3530	0.1290	0.4488	0.1140	0.7571
000052	Q	0.518147	0.539691	0.583032	0.2255	0.3910	0.3170	0.0990	0.4291	0.1286	0.7606
000053	L	0.548534	0.525867	0.583142	0.3225	0.4652	0.2870	0.0800	0.4555	0.1125	0.7639
000054	L	0.576240	0.513940	0.583392	0.2913	0.4864	0.2460	0.0630	0.4495	0.1330	0.7604
000055	S	0.614021	0.517036	0.586771	0.3491	0.4864	0.2100	0.0530	0.4605	0.1407	0.7484
000056	D	0.670074	0.520944	0.591883	0.4420	0.5758	0.2100	0.0560	0.5018	0.1476	0.7380
000057	L	0.696654	0.538037	0.599570	0.4749	0.6712	0.2060	0.0580	0.5310	0.1638	0.7256
000058	F	0.667767	0.509300	0.607577	0.4513	0.5665	0.2090	0.0660	0.5020	0.1477	0.7116
000059	A	0.635328	0.529853	0.615347	0.4556	0.5577	0.2160	0.0710	0.5016	0.1405	0.6914
000060	V	0.613262	0.517648	0.620951	0.3939	0.5577	0.2240	0.0690	0.4879	0.1400	0.6637
000061	K	0.579473	0.577963	0.624263	0.3717	0.5665	0.2190	0.0740	0.4897	0.1456	0.6314
000062	P	0.536650	0.615609	0.627107	0.3535	0.5456	0.2440	0.0770	0.4870	0.1409	0.6027
000063	A	0.448708	0.634553	0.632481	0.3578	0.5342	0.2710	0.0850	0.4797	0.1353	0.5750
000064	P	0.369659	0.657802	0.640482	0.4245	0.6322	0.2790	0.0860	0.5006	0.1493	0.5464
000065	E	0.319798	0.676064	0.651627	0.4967	0.6755	0.2750	0.0870	0.5158	0.1665	0.5229
000066	A	0.280612	0.698453	0.664141	0.5126	0.5577	0.2770	0.0820	0.4984	0.1672	0.5034
000067	R	0.283615	0.721319	0.676348	0.4749	0.5620	0.2960	0.0980	0.5024	0.1698	0.4868
000068	G	0.347245	0.732919	0.687711	0.4749	0.6427	0.3580	0.1150	0.5406	0.1549	0.4748
000069	L	0.401633	0.746239	0.698710	0.5623	0.6427	0.4020	0.1190	0.5756	0.1350	0.4700
000070	K	0.428151	0.760749	0.708140	0.5846	0.5951	0.3550	0.0960	0.5720	0.1429	0.4622
000071	G	0.462520	0.767343	0.716217	0.5762	0.6906	0.3380	0.0940	0.5918	0.1513	0.4674
000072	P	0.522671	0.768716	0.722994	0.5412	0.7250	0.3000	0.0860	0.5967	0.1626	0.4727
000073	G	0.598558	0.777806	0.730970	0.5331	0.7250	0.2720	0.0730	0.6062	0.1714	0.4773
000074	T	0.571982	0.785787	0.740544	0.5762	0.7799	0.2610	0.0590	0.6192	0.1829	0.4845
000075	P	0.548489	0.792100	0.753482	0.5667	0.7547	0.2740	0.0730	0.6150	0.1793	0.4911
000076	A	0.527187	0.802455	0.768720	0.5583	0.7595	0.3260	0.0980	0.6237	0.1702	0.5004
000077	F	0.476114	0.813299	0.783008	0.6035	0.6755	0.3080	0.0700	0.6100	0.1754	0.5068
000078	P	0.440472	0.821583	0.793130	0.6219	0.6427	0.2320	0.0450	0.5920	0.2038	0.5129
000079	H	0.375681	0.828005	0.800738	0.5623	0.5296	0.2430	0.0470	0.5566	0.2102	0.5235
000080	Y	0.308555	0.853283	0.805801	0.6035	0.6322	0.2690	0.0500	0.5787	0.2234	0.5357
000081	L	0.247803	0.860770	0.809082	0.5374	0.6712	0.2610	0.0460	0.5645	0.2423	0.5508
000082	P	0.164008	0.874053	0.808603	0.5514	0.6712	0.2710	0.0470	0.5567	0.2624	0.5502
000083	P	0.157862	0.874774	0.806047	0.5473	0.6531	0.3360	0.0480	0.5625	0.2518	0.5565
000084	D	0.165472	0.885444	0.802176	0.5374	0.5342	0.3890	0.0690	0.5523	0.2416	0.5653
000085	P	0.174799	0.892735	0.799784	0.5374	0.5296	0.4570	0.0720	0.5652	0.2340	0.5758
000086	R	0.150319	0.894005	0.799312	0.4556	0.5254	0.5400	0.0490	0.5608	0.2412	0.5923
000087	P	0.120104	0.892701	0.800315	0.4781	0.5807	0.5350	0.0390	0.5679	0.2481	0.6056
000088	F	0.120875	0.886342	0.801269	0.5583	0.7036	0.5710	0.0700	0.6069	0.2467	0.6268
000089	A	0.121160	0.886240	0.801773	0.5623	0.6661	0.5130	0.0880	0.5918	0.2466	0.6383
000090	Y	0.137091	0.877863	0.802105	0.5667	0.6269	0.4630	0.1050	0.5789	0.2416	0.6402
000091	P	0.148317	0.883731	0.802173	0.6334	0.6661	0.4140	0.1190	0.5913	0.2466	0.6395
000092	P	0.151385	0.880191	0.801414	0.6604	0.7415	0.4540	0.1070	0.6148	0.2463	0.6531
000093	H	0.135533	0.869736	0.800271	0.6035	0.7415	0.5320	0.0990	0.6138	0.2422	0.6770
000094	T	0.121009	0.876400	0.798603	0.5941	0.7209	0.6240	0.1020	0.6226	0.2441	0.6939
000095	F	0.137067	0.872816	0.797468	0.5900	0.5992	0.6620	0.1050	0.6098	0.2349	0.7057
000096	G	0.174460	0.875616	0.796325	0.5802	0.4766	0.6300	0.1100	0.5889	0.2278	0.7091
000097	P	0.238021	0.880290	0.795331	0.5374	0.4725	0.6010	0.1080	0.5873	0.2109	0.7112
000098	D	0.291851	0.877866	0.794328	0.4749	0.4507	0.6030	0.1360	0.5821	0.2025	0.7194
000099	R	0.294602	0.875991	0.793608	0.5296	0.5758	0.6400	0.1410	0.6182	0.1880	0.7205
000100	K	0.311062	0.877433	0.793596	0.5473	0.6089	0.6530	0.1520	0.6319	0.1814	0.7249
000101	A	0.355545	0.876782	0.794515	0.6334	0.7209	0.6420	0.1540	0.6705	0.1642	0.7383
000102	L	0.464047	0.876552	0.796308	0.6174	0.5758	0.6420	0.1550	0.6620	0.1373	0.7453
000103	G	0.572427	0.873639	0.798706	0.5992	0.5707	0.6270	0.1900	0.6735	0.1185	0.7303
000104	P	0.645905	0.877006	0.801024	0.5374	0.5951	0.6460	0.1920	0.6837	0.1178	0.7122
000105	G	0.695691	0.881393	0.802161	0.5514	0.5901	0.7000	0.1690	0.7034	0.1136	0.6968
000106	I	0.719022	0.878239	0.802015	0.6293	0.6806	0.7550	0.1400	0.7441	0.0809	0.6823
000107	Y	0.754905	0.881005	0.800381	0.6334	0.6043	0.7690	0.1360	0.7405	0.0952	0.6639
000108	S	0.836448	0.881883	0.799291	0.6035	0.5493	0.7670	0.1250	0.7397	0.1216	0.6463
000109	S	0.897160	0.880489	0.798090	0.5374	0.4685	0.7500	0.1190	0.7220	0.1637	0.6276
000110	P	0.941706	0.884377	0.796520	0.5126	0.4652	0.7130	0.1180	0.7189	0.1779	0.6181
000111	G	0.925421	0.881856	0.794524	0.4749	0.4831	0.7220	0.0800	0.7136	0.1779	0.6136
000112	S	0.909510	0.881895	0.793054	0.4967	0.5211	0.7570	0.0780	0.7266	0.1623	0.6065
000113	Y	0.906510	0.875317	0.792916	0.5412	0.6183	0.7670	0.0960	0.7503	0.1312	0.6029
000114	D	0.894593	0.868349	0.794111	0.5374	0.6227	0.7110	0.0970	0.7381	0.1284	0.6055
000115	P	0.882509	0.858270	0.796145	0.5473	0.5951	0.6790	0.0930	0.7264	0.1279	0.6065
000116	R	0.870425	0.843857	0.797692	0.5412	0.6227	0.6550	0.0920	0.7218	0.1222	0.6118
000117	A	0.861462	0.825578	0.796900	0.5667	0.7289	0.6890	0.0700	0.7447	0.0983	0.6127
000118	V	0.865125	0.788807	0.795191	0.6412	0.8235	0.6860	0.0980	0.7667	0.0779	0.6138
000119	A	0.863108	0.815772	0.793521	0.6474	0.8235	0.6820	0.1100	0.7708	0.0786	0.6068
000120	V	0.866463	0.829321	0.792781	0.6442	0.8313	0.7220	0.0870	0.7811	0.0758	0.5949
000121	K	0.872419	0.842951	0.791922	0.6293	0.7843	0.7270	0.0910	0.7746	0.0796	0.5760
000122	E	0.870890	0.847128	0.791035	0.6334	0.7547	0.7280	0.1030	0.7709	0.0788	0.5589
000123	E	0.870652	0.851212	0.790346	0.6124	0.7547	0.7230	0.1020	0.7670	0.0860	0.5419
000124	P	0.869581	0.853273	0.789001	0.6474	0.8493	0.7430	0.0940	0.7920	0.0778	0.5268
000125	R	0.869113	0.853054	0.787401	0.6374	0.8343	0.8010	0.0770	0.7971	0.0767	0.5189
000126	G	0.872288	0.848237	0.785115	0.6293	0.8085	0.8020	0.0950	0.7908	0.0780	0.5116
000127	P	0.875266	0.845129	0.782901	0.6219	0.7120	0.7870	0.1300	0.7707	0.0841	0.5017
000128	E	0.877468	0.846795	0.780943	0.6442	0.7547	0.7750	0.1550	0.7798	0.0742	0.4991
000129	G	0.882211	0.848256	0.779516	0.6219	0.8343	0.7700	0.1690	0.7893	0.0843	0.4974
000130	S	0.893157	0.845124	0.777181	0.6412	0.7951	0.7650	0.1780	0.7861	0.0781	0.4992
000131	R	0.901809	0.837029	0.773590	0.6984	0.8655	0.7900	0.1700	0.8111	0.0663	0.5127
000132	A	0.914501	0.823315	0.767430	0.6557	0.7843	0.8080	0.1640	0.7923	0.0769	0.5273
000133	A	0.927122	0.806975	0.760078	0.6650	0.7881	0.7890	0.1790	0.7894	0.0770	0.5376
000134	S	0.912874	0.792913	0.751524	0.5992	0.7120	0.7640	0.1980	0.7554	0.0936	0.5460
000135	R	0.909679	0.779328	0.742687	0.5992	0.6576	0.7560	0.2000	0.7408	0.0977	0.5574
000136	G	0.905571	0.756126	0.733967	0.5412	0.6661	0.7580	0.1890	0.7268	0.1095	0.5647
000137	S	0.890780	0.747806	0.724829	0.5253	0.5577	0.7300	0.2030	0.6961	0.1231	0.5787
000138	Y	0.880119	0.733214	0.716109	0.5173	0.5382	0.7290	0.1980	0.6856	0.1245	0.5853
000139	N	0.861889	0.705669	0.706814	0.4333	0.5419	0.7040	0.1910	0.6590	0.1368	0.5856
000140	P	0.823173	0.678241	0.697358	0.4379	0.5493	0.6530	0.1750	0.6398	0.1208	0.5935
000141	L	0.737118	0.644169	0.687570	0.4556	0.5254	0.6140	0.1630	0.6107	0.0952	0.6061
000142	Q	0.699567	0.640471	0.678635	0.4513	0.4901	0.5340	0.1530	0.5823	0.0953	0.6018
000143	Y	0.707096	0.597498	0.672196	0.4420	0.5296	0.5380	0.1480	0.5810	0.0897	0.6023
000144	Q	0.690388	0.610694	0.667977	0.4245	0.4901	0.4660	0.1310	0.5582	0.1028	0.6078
000145	V	0.685170	0.613485	0.664272	0.4379	0.5176	0.4470	0.1280	0.5608	0.0991	0.6218
000146	A	0.692739	0.590548	0.661350	0.3630	0.5382	0.4230	0.1240	0.5448	0.1194	0.6270
000147	H	0.668346	0.587154	0.658646	0.3885	0.5419	0.4600	0.1170	0.5507	0.1012	0.6308
000148	C	0.676207	0.615480	0.658738	0.4078	0.4801	0.5350	0.1210	0.5622	0.0970	0.6238
000149	G	0.708558	0.655989	0.658526	0.4781	0.5493	0.5320	0.1130	0.5971	0.0820	0.6375
000150	Q	0.789275	0.657289	0.659407	0.4078	0.5139	0.5860	0.1140	0.6023	0.1205	0.6552
000151	T	0.825399	0.679696	0.660414	0.3491	0.5139	0.6350	0.1070	0.6105	0.1482	0.6702
000152	A	0.841977	0.693979	0.663052	0.3630	0.5901	0.6270	0.1050	0.6299	0.1432	0.6806
000153	M	0.862885	0.694361	0.667003	0.3668	0.5854	0.6640	0.1050	0.6401	0.1481	0.6944
000154	H	0.876880	0.698065	0.671755	0.4333	0.7250	0.6450	0.1230	0.6750	0.1311	0.7007
000155	L	0.895262	0.701532	0.676867	0.4245	0.6269	0.6980	0.1010	0.6706	0.1383	0.6969
000156	P	0.934759	0.711350	0.681769	0.4967	0.7036	0.6600	0.1040	0.6981	0.1281	0.6862
000157	P	0.940293	0.729426	0.685942	0.4513	0.6620	0.6620	0.1040	0.6884	0.1430	0.6844
000158	T	0.948084	0.733856	0.689687	0.4600	0.5665	0.7050	0.1000	0.6839	0.1509	0.6906
000159	L	0.948946	0.746826	0.693022	0.4781	0.6755	0.6900	0.0940	0.7053	0.1378	0.7036
000160	A	0.947025	0.751690	0.696523	0.4116	0.6427	0.6570	0.1030	0.6844	0.1584	0.6964
000161	A	0.948215	0.752959	0.701029	0.4078	0.6531	0.6550	0.1140	0.6863	0.1596	0.6894
000162	P	0.958081	0.764010	0.706315	0.3762	0.5620	0.6470	0.1300	0.6690	0.1787	0.6775
000163	G	0.963178	0.760912	0.713660	0.4245	0.5620	0.7140	0.1170	0.6897	0.1672	0.6754
000164	Q	0.963209	0.770441	0.722448	0.4078	0.6043	0.6830	0.1370	0.6919	0.1679	0.6767
000165	P	0.966872	0.776396	0.732938	0.3717	0.5620	0.6690	0.1270	0.6799	0.1842	0.6843
000166	L	0.969078	0.780957	0.744583	0.4379	0.6089	0.6700	0.1170	0.7019	0.1627	0.6976
000167	R	0.969401	0.794542	0.756575	0.3885	0.6089	0.6660	0.1340	0.6973	0.1785	0.7061
000168	V	0.973059	0.804451	0.769555	0.3359	0.6136	0.6440	0.1230	0.6900	0.1970	0.7079
000169	L	0.973893	0.830815	0.782508	0.3578	0.5098	0.6170	0.1510	0.6787	0.2067	0.7028
000170	K	0.967565	0.836363	0.796167	0.4420	0.5707	0.5650	0.1150	0.6963	0.1830	0.6793
000171	A	0.959585	0.834492	0.809983	0.4037	0.6269	0.5650	0.0920	0.7000	0.1866	0.6609
000172	P	0.942720	0.858291	0.824117	0.4379	0.5758	0.5770	0.1070	0.7026	0.1820	0.6420
000173	L	0.940587	0.858387	0.837209	0.4379	0.4831	0.6280	0.1060	0.6975	0.1927	0.6340
000174	A	0.939727	0.888404	0.847886	0.3847	0.4801	0.6100	0.0970	0.6919	0.2122	0.6189
000175	T	0.942056	0.885260	0.856049	0.3225	0.4409	0.6130	0.0970	0.6766	0.2350	0.5992
000176	A	0.943665	0.895017	0.863794	0.3146	0.4409	0.5840	0.0960	0.6736	0.2413	0.5817
000177	A	0.944352	0.884027	0.871226	0.3491	0.5017	0.5940	0.0820	0.6907	0.2221	0.5584
000178	P	0.948293	0.890534	0.879396	0.3535	0.5211	0.6180	0.1040	0.7018	0.2194	0.5415
000179	P	0.956576	0.894233	0.886181	0.4149	0.5533	0.6710	0.1020	0.7294	0.1986	0.5298
000180	C	0.965311	0.900821	0.892956	0.4967	0.6322	0.6660	0.0940	0.7590	0.1704	0.5253
000181	S	0.984194	0.906951	0.898223	0.4600	0.6661	0.6280	0.1000	0.7573	0.1858	0.5401
000182	P	0.988446	0.910150	0.902318	0.4879	0.6089	0.6180	0.1020	0.7526	0.1878	0.5545
000183	L	0.989941	0.914227	0.905082	0.4879	0.5951	0.6770	0.0850	0.7616	0.1852	0.5778
000184	L	0.990951	0.914200	0.906792	0.4879	0.6755	0.6520	0.0780	0.7712	0.1783	0.5901
000185	K	0.991282	0.913222	0.908423	0.5229	0.7036	0.6060	0.1080	0.7743	0.1736	0.5938
000186	A	0.989929	0.908927	0.910354	0.5253	0.6948	0.6730	0.0890	0.7837	0.1639	0.5984
000187	P	0.989985	0.905628	0.912385	0.5514	0.7250	0.6510	0.1010	0.7893	0.1574	0.5988
000188	S	0.990921	0.892613	0.914697	0.5900	0.7209	0.6910	0.0970	0.8000	0.1417	0.6034
000189	P	0.988409	0.897366	0.916919	0.5802	0.6183	0.6860	0.1030	0.7813	0.1585	0.6101
000190	A	0.988692	0.901107	0.919440	0.5412	0.5992	0.6750	0.1080	0.7708	0.1722	0.6189
000191	G	0.988872	0.898816	0.921822	0.5667	0.7080	0.6650	0.1040	0.7916	0.1532	0.6227
000192	P	0.899885	0.898474	0.924006	0.5711	0.7209	0.6550	0.1080	0.7782	0.1366	0.6234
000193	L	0.790678	0.895774	0.925955	0.5667	0.6906	0.6850	0.1110	0.7592	0.1256	0.6271
000194	H	0.714865	0.895759	0.927361	0.6219	0.6851	0.6570	0.1040	0.7503	0.1178	0.6175
000195	K	0.624873	0.892956	0.928509	0.6681	0.7628	0.6880	0.1220	0.7609	0.1139	0.6072
000196	G	0.621062	0.890535	0.929361	0.6079	0.6712	0.7050	0.1410	0.7375	0.1265	0.5960
000197	K	0.621092	0.889468	0.929856	0.6174	0.7080	0.6880	0.1650	0.7422	0.1234	0.5917
000198	K	0.624683	0.885042	0.930230	0.5296	0.5951	0.7290	0.1470	0.7157	0.1485	0.5869
000199	A	0.625778	0.882568	0.930502	0.5374	0.5992	0.7620	0.1350	0.7229	0.1468	0.5868
000200	V	0.626875	0.880185	0.931105	0.4703	0.5707	0.7830	0.1360	0.7104	0.1668	0.5852
000201	N	0.717060	0.874750	0.931697	0.5084	0.6089	0.7790	0.1440	0.7367	0.1459	0.5784
000202	K	0.826660	0.870925	0.932685	0.5229	0.6136	0.8000	0.1400	0.7612	0.1448	0.5708
000203	D	0.903201	0.862859	0.933538	0.4879	0.5951	0.8370	0.1340	0.7699	0.1672	0.5619
000204	S	0.992557	0.859583	0.934186	0.5549	0.6948	0.8300	0.1490	0.8110	0.1472	0.5531
000205	L	0.981994	0.856705	0.933740	0.5514	0.5707	0.8430	0.1480	0.7895	0.1682	0.5481
000206	E	0.981826	0.848523	0.932794	0.5514	0.5456	0.8290	0.1550	0.7815	0.1724	0.5411
000207	Y	0.981605	0.838426	0.930648	0.4825	0.4864	0.8310	0.1710	0.7584	0.2005	0.5482
000208	R	0.981561	0.839603	0.927771	0.4513	0.4901	0.8280	0.1790	0.7530	0.2066	0.5505
000209	L	0.980816	0.814516	0.924281	0.3847	0.4901	0.8570	0.1580	0.7419	0.2236	0.5505
000210	R	0.980769	0.798017	0.920971	0.4078	0.5139	0.8780	0.1400	0.7499	0.2137	0.5396
000211	R	0.980754	0.807572	0.918365	0.4556	0.5854	0.8860	0.1350	0.7723	0.1890	0.5301
000212	E	0.980776	0.812299	0.916461	0.4556	0.5807	0.8850	0.1340	0.7718	0.1895	0.5198
000213	R	0.983581	0.808027	0.915319	0.4379	0.5854	0.8890	0.1270	0.7698	0.1943	0.5150
000214	N	0.998516	0.824539	0.914427	0.4420	0.5419	0.8730	0.1360	0.7656	0.2025	0.5111
000215	N	0.998773	0.839654	0.913101	0.4458	0.5456	0.8730	0.1340	0.7693	0.2015	0.5103
000216	I	0.999002	0.828380	0.910675	0.4825	0.6269	0.8780	0.1200	0.7876	0.1773	0.5107
000217	A	0.999037	0.838559	0.907177	0.5084	0.6269	0.8720	0.1260	0.7921	0.1695	0.5096
000218	V	0.999774	0.839686	0.902704	0.5583	0.6269	0.8800	0.1190	0.8013	0.1564	0.4981
000219	R	0.999797	0.847205	0.897682	0.5412	0.5419	0.8790	0.1190	0.7844	0.1780	0.4863
000220	K	0.999794	0.841974	0.892139	0.5173	0.6227	0.8790	0.1150	0.7922	0.1671	0.4833
000221	S	0.999780	0.847694	0.886269	0.4458	0.6227	0.8670	0.1250	0.7782	0.1863	0.4815
000222	R	0.999761	0.851772	0.879841	0.4116	0.6322	0.8620	0.1280	0.7729	0.1947	0.4780
000223	D	0.999739	0.848908	0.872820	0.4333	0.6322	0.8640	0.1220	0.7751	0.1873	0.4741
000224	K	0.999755	0.848795	0.864957	0.4282	0.6322	0.8610	0.1310	0.7726	0.1880	0.4686
000225	A	0.999770	0.850631	0.856836	0.4245	0.5419	0.8630	0.1170	0.7560	0.2023	0.4628
000226	K	0.999758	0.850777	0.847958	0.4149	0.4619	0.8520	0.1300	0.7379	0.2187	0.4540
000227	R	0.999339	0.846950	0.838481	0.4333	0.5456	0.8460	0.1350	0.7517	0.1961	0.4487
000228	R	0.997857	0.837211	0.827797	0.3885	0.4831	0.8380	0.1350	0.7288	0.2168	0.4440
000229	I	0.976672	0.822796	0.816403	0.4282	0.5211	0.8470	0.1170	0.7354	0.1937	0.4477
000230	L	0.943673	0.810892	0.804807	0.3668	0.4940	0.8340	0.1260	0.7091	0.2056	0.4543
000231	E	0.928454	0.822109	0.792753	0.3535	0.4979	0.7920	0.1400	0.6978	0.2021	0.4541
000232	T	0.912450	0.818155	0.780191	0.3263	0.5098	0.7960	0.1350	0.6905	0.2041	0.4565
000233	Q	0.889883	0.803814	0.767474	0.3184	0.5098	0.7980	0.1230	0.6813	0.2003	0.4582
000234	Q	0.868959	0.776010	0.755646	0.3311	0.5055	0.8000	0.1170	0.6729	0.1901	0.4595
000235	K	0.848058	0.780237	0.744689	0.3184	0.4369	0.8010	0.1240	0.6549	0.2013	0.4604
000236	V	0.827911	0.788106	0.733453	0.3311	0.4619	0.7970	0.1170	0.6565	0.1898	0.4632
000237	L	0.810629	0.754760	0.721422	0.2531	0.4619	0.7710	0.1090	0.6287	0.2027	0.4643
000238	E	0.812406	0.770576	0.708272	0.2558	0.4619	0.7030	0.1100	0.6186	0.1966	0.4624
000239	Y	0.825043	0.763058	0.694578	0.2657	0.3983	0.7410	0.0860	0.6146	0.2071	0.4632
000240	M	0.819722	0.761246	0.679409	0.3359	0.4801	0.7200	0.0860	0.6328	0.1697	0.4581
000241	A	0.815187	0.742222	0.663245	0.3184	0.5620	0.7090	0.0920	0.6350	0.1611	0.4467
000242	E	0.817098	0.733557	0.646128	0.3399	0.4831	0.6840	0.0960	0.6173	0.1600	0.4362
000243	N	0.816964	0.720214	0.628421	0.3359	0.4864	0.6990	0.0940	0.6145	0.1600	0.4299
000244	E	0.816964	0.692504	0.610794	0.2432	0.4864	0.6770	0.1060	0.5879	0.1830	0.4253
000245	R	0.811429	0.679965	0.594160	0.2385	0.4801	0.6530	0.1400	0.5762	0.1805	0.4219
000246	L	0.805197	0.664974	0.579921	0.2432	0.4119	0.6470	0.1110	0.5587	0.1832	0.4182
000247	R	0.787914	0.655520	0.567183	0.3005	0.4725	0.6220	0.0990	0.5676	0.1526	0.4151
000248	S	0.771375	0.634030	0.554574	0.2865	0.5533	0.5980	0.1100	0.5663	0.1450	0.4133
000249	R	0.723780	0.631333	0.541462	0.3053	0.4766	0.6050	0.0930	0.5472	0.1324	0.4136
000250	V	0.655755	0.616067	0.526884	0.3668	0.5665	0.5870	0.0900	0.5531	0.0924	0.4143
000251	E	0.594171	0.593715	0.511680	0.2963	0.6043	0.5320	0.1250	0.5220	0.1067	0.4170
000252	Q	0.522945	0.575849	0.495061	0.3096	0.5533	0.5470	0.1620	0.5006	0.0891	0.4204
000253	L	0.451667	0.564915	0.477969	0.3184	0.4541	0.5760	0.1660	0.4738	0.0854	0.4248
000254	T	0.389433	0.540322	0.459741	0.2385	0.4441	0.5240	0.1760	0.4326	0.1002	0.4280
000255	Q	0.342666	0.498351	0.442090	0.1732	0.4441	0.4800	0.1620	0.3967	0.1114	0.4304
000256	E	0.333723	0.483642	0.424652	0.1698	0.3631	0.4590	0.1370	0.3722	0.1042	0.4317
000257	L	0.328193	0.446627	0.407833	0.2432	0.4507	0.3890	0.1270	0.3776	0.0726	0.4325
000258	D	0.322797	0.385771	0.391354	0.1698	0.4476	0.3530	0.1220	0.3451	0.0872	0.4334
000259	T	0.331432	0.338896	0.376417	0.1958	0.4256	0.3310	0.1170	0.3333	0.0699	0.4337
000260	L	0.334127	0.334794	0.362621	0.2041	0.4017	0.2770	0.1110	0.3190	0.0635	0.4338
000261	R	0.360840	0.303249	0.348970	0.2483	0.4685	0.2320	0.1090	0.3269	0.0791	0.4336
000262	N	0.388149	0.257031	0.335699	0.2167	0.4051	0.2240	0.0970	0.3045	0.0758	0.4332
000263	L	0.372928	0.251706	0.324004	0.2167	0.3249	0.2040	0.0790	0.2824	0.0621	0.4325
000264	F	0.364279	0.237886	0.313998	0.2292	0.3872	0.1730	0.0630	0.2843	0.0768	0.4317
000265	R	0.322404	0.219929	0.305281	0.1532	0.3807	0.1520	0.0540	0.2555	0.0868	0.4314
000266	Q	0.286754	0.227877	0.297128	0.1416	0.3182	0.1410	0.0420	0.2354	0.0720	0.4317
000267	I	0.274178	0.248174	0.290047	0.1416	0.3182	0.1430	0.0470	0.2359	0.0693	0.4316
000268	P	0.286119	0.239232	0.283462	0.1416	0.3807	0.1370	0.0520	0.2448	0.0855	0.4319
000269	E	0.311025	0.228857	0.278234	0.1322	0.3117	0.1580	0.0750	0.2367	0.0707	0.4325
000270	A	0.311202	0.252505	0.273899	0.1349	0.3053	0.1940	0.1040	0.2453	0.0628	0.4329
000271	A	0.292801	0.241528	0.271443	0.1416	0.3599	0.2140	0.1090	0.2535	0.0676	0.4332
000272	N	0.314236	0.234701	0.269735	0.1532	0.3356	0.4400	0.1320	0.2912	0.0887	0.4334
000273	L	0.311273	0.260950	0.268203	0.1878	0.2988	0.4360	0.1440	0.2939	0.0748	0.4335
000274	I	0.316701	0.299092	0.266543	0.3005	0.3426	0.4220	0.1270	0.3246	0.0491	0.4324
000275	K	0.313967	0.342011	0.263751	0.4203	0.4186	0.4160	0.1370	0.3624	0.0604	0.4305
000276	G	0.318196	0.437538	0.258729	0.4703	0.3948	0.4160	0.1210	0.3826	0.0724	0.4300
000277	V	0.304563	0.514956	0.249876	0.5084	0.3599	0.4500	0.1010	0.3980	0.1006	0.4301
000278	G	0.260779	0.608399	0.238591	0.6374	0.4441	0.5460	0.0980	0.4559	0.1580	0.4294
000279	G	0.272401	0.695931	0.226733	0.6374	0.3740	0.6740	0.0520	0.4800	0.1947	0.4285
000280	C	0.262727	0.772882	0.215685	0.6756	0.3392	0.7740	0.0240	0.5067	0.2392	0.4286
000281	S	0.265054	0.757867	0.210225	0.7418	0.3392	0.8810	0.0470	0.5326	0.2674	0.4269