RESNUM	RES	VL-XT	VSL2B	VL3	IUPred-S	IUPred-L	PONDRFIT	FITERROR	MDP	MDPERROR	ANCHOR2
000001	M	0.962101	0.973067	0.819046	0.9534	0.6620	0.9940	0.0050	0.8940	0.1183	0.3284
000002	K	0.975777	0.971740	0.819035	0.9235	0.6948	0.9960	0.0040	0.8969	0.1075	0.3176
000003	D	0.902495	0.970665	0.819375	0.8823	0.7120	0.9980	0.0020	0.8809	0.0954	0.3183
000004	R	0.892558	0.969226	0.820498	0.8556	0.7331	0.9910	0.0130	0.8770	0.0876	0.3215
000005	T	0.876382	0.965237	0.821411	0.8242	0.7505	0.9880	0.0130	0.8709	0.0834	0.3279
000006	Q	0.864130	0.961303	0.821737	0.7912	0.7672	0.9740	0.0280	0.8633	0.0797	0.3353
000007	E	0.855406	0.954193	0.821159	0.7540	0.7799	0.9770	0.0220	0.8569	0.0834	0.3398
000008	L	0.855514	0.949512	0.818903	0.7232	0.7881	0.9870	0.0100	0.8536	0.0907	0.3431
000009	R	0.837845	0.942524	0.816030	0.6870	0.7289	0.9840	0.0130	0.8327	0.1059	0.3400
000010	T	0.815158	0.931137	0.813086	0.6516	0.7250	0.9850	0.0140	0.8201	0.1133	0.3444
000011	A	0.797884	0.930033	0.810211	0.5583	0.6712	0.9820	0.0170	0.7917	0.1443	0.3511
000012	K	0.754460	0.922219	0.804749	0.5514	0.6851	0.9770	0.0180	0.7826	0.1424	0.3551
000013	D	0.724199	0.912594	0.799093	0.5229	0.6375	0.9770	0.0190	0.7621	0.1550	0.3683
000014	S	0.705974	0.907421	0.794129	0.5126	0.6322	0.9740	0.0210	0.7543	0.1575	0.3778
000015	D	0.681200	0.901940	0.791415	0.4703	0.6375	0.9640	0.0290	0.7410	0.1661	0.3843
000016	D	0.629491	0.894938	0.789041	0.4879	0.6427	0.9510	0.0390	0.7325	0.1612	0.3881
000017	D	0.607155	0.883061	0.787987	0.4379	0.6136	0.9380	0.0590	0.7113	0.1742	0.3922
000018	D	0.621015	0.870955	0.787701	0.4379	0.5017	0.9240	0.0800	0.6905	0.1829	0.3959
000019	D	0.642249	0.857257	0.787655	0.4556	0.5620	0.9060	0.0930	0.7018	0.1617	0.4040
000020	V	0.636530	0.830754	0.786269	0.4116	0.5854	0.8730	0.1220	0.6873	0.1602	0.4181
000021	A	0.681434	0.794484	0.784015	0.4037	0.5901	0.8370	0.1500	0.6819	0.1489	0.4270
000022	V	0.681206	0.783510	0.779112	0.4245	0.5055	0.8470	0.1430	0.6702	0.1548	0.4319
000023	T	0.637326	0.779656	0.772114	0.4600	0.4369	0.8640	0.1270	0.6584	0.1627	0.4395
000024	V	0.597639	0.747864	0.762356	0.3847	0.4369	0.8580	0.1300	0.6313	0.1742	0.4490
000025	D	0.590472	0.743136	0.750688	0.3096	0.4476	0.8240	0.1540	0.6108	0.1826	0.4574
000026	R	0.541862	0.737494	0.736738	0.3146	0.3910	0.7940	0.1520	0.5860	0.1838	0.4677
000027	D	0.466674	0.726329	0.720974	0.3263	0.3948	0.7530	0.1220	0.5646	0.1738	0.4821
000028	R	0.392225	0.693490	0.705204	0.2657	0.3983	0.7110	0.1040	0.5277	0.1809	0.4980
000029	F	0.338733	0.680343	0.691003	0.2748	0.3321	0.6630	0.1280	0.4967	0.1828	0.5176
000030	M	0.266056	0.667604	0.677893	0.2820	0.3215	0.6170	0.1390	0.4719	0.1838	0.5335
000031	D	0.225859	0.640988	0.665418	0.2602	0.3740	0.5800	0.1740	0.4578	0.1787	0.5386
000032	E	0.214812	0.610583	0.652709	0.2531	0.3053	0.5570	0.1980	0.4323	0.1786	0.5441
000033	F	0.200045	0.588309	0.641668	0.3096	0.2951	0.5970	0.1930	0.4387	0.1746	0.5557
000034	F	0.176102	0.572498	0.632584	0.2333	0.2988	0.6060	0.2100	0.4198	0.1880	0.5599
000035	E	0.185913	0.547749	0.625414	0.2209	0.3356	0.5520	0.2420	0.4112	0.1717	0.5562
000036	Q	0.243103	0.541470	0.619404	0.2292	0.2752	0.5280	0.2590	0.4061	0.1601	0.5523
000037	V	0.294526	0.541193	0.613693	0.2385	0.2680	0.5000	0.2520	0.4094	0.1470	0.5485
000038	E	0.353599	0.528127	0.610348	0.1698	0.2715	0.4530	0.2470	0.3978	0.1501	0.5412
000039	E	0.414171	0.553141	0.610211	0.1766	0.2884	0.4160	0.2450	0.4098	0.1471	0.5336
000040	I	0.479698	0.547582	0.612535	0.2432	0.3182	0.3880	0.2050	0.4315	0.1283	0.5259
000041	R	0.543025	0.539684	0.615766	0.2700	0.3286	0.3600	0.1780	0.4428	0.1286	0.5168
000042	G	0.617335	0.550082	0.619678	0.1958	0.3321	0.3580	0.1570	0.4455	0.1600	0.5174
000043	F	0.685776	0.555440	0.625670	0.1958	0.2783	0.3640	0.1300	0.4509	0.1821	0.5170
000044	I	0.730618	0.564250	0.630679	0.2748	0.3460	0.3170	0.1070	0.4772	0.1729	0.5109
000045	D	0.744679	0.539512	0.635038	0.2865	0.4149	0.2900	0.0980	0.4850	0.1710	0.5004
000046	K	0.768082	0.553892	0.637824	0.2483	0.3983	0.2810	0.0820	0.4813	0.1885	0.4915
000047	I	0.786374	0.566876	0.640742	0.2041	0.3983	0.3040	0.0780	0.4834	0.2004	0.4836
000048	A	0.759831	0.554612	0.642380	0.2385	0.4476	0.3100	0.0850	0.4922	0.1814	0.4707
000049	E	0.721760	0.567205	0.643862	0.2292	0.4256	0.3340	0.0900	0.4869	0.1732	0.4571
000050	N	0.716034	0.599852	0.645653	0.2209	0.3631	0.3600	0.1030	0.4842	0.1792	0.4454
000051	V	0.710568	0.631788	0.648083	0.2820	0.3667	0.3970	0.1130	0.5060	0.1629	0.4372
000052	E	0.685936	0.644635	0.650700	0.2483	0.3631	0.3910	0.1100	0.4973	0.1694	0.4315
000053	E	0.686066	0.662268	0.655496	0.1921	0.3599	0.4220	0.1050	0.4963	0.1851	0.4266
000054	V	0.686691	0.673285	0.662907	0.2558	0.4766	0.4100	0.1020	0.5275	0.1608	0.4237
000055	K	0.684352	0.680853	0.674209	0.3311	0.5533	0.3940	0.1100	0.5531	0.1430	0.4226
000056	R	0.679000	0.687138	0.688633	0.3491	0.5901	0.4210	0.1310	0.5692	0.1360	0.4273
000057	K	0.718527	0.697838	0.706014	0.3668	0.6089	0.4320	0.1310	0.5884	0.1395	0.4361
000058	H	0.764325	0.709404	0.725157	0.4556	0.6948	0.4540	0.1420	0.6338	0.1285	0.4470
000059	S	0.784147	0.705947	0.744529	0.4781	0.6991	0.4760	0.1520	0.6480	0.1239	0.4575
000060	A	0.794457	0.726761	0.763040	0.4703	0.6991	0.5050	0.1490	0.6598	0.1256	0.4689
000061	I	0.827071	0.745630	0.780384	0.4651	0.6661	0.5320	0.1360	0.6694	0.1314	0.4775
000062	L	0.832840	0.767433	0.796556	0.5296	0.7415	0.5390	0.1320	0.7012	0.1212	0.4782
000063	A	0.808550	0.776328	0.811974	0.5173	0.7415	0.4920	0.1400	0.6913	0.1341	0.4746
000064	S	0.804672	0.814800	0.825117	0.5043	0.6661	0.4420	0.1370	0.6762	0.1540	0.4645
000065	P	0.807846	0.837976	0.835908	0.5583	0.7369	0.4360	0.1340	0.7021	0.1530	0.4542
000066	N	0.810975	0.847928	0.844418	0.5331	0.7628	0.4950	0.1660	0.7157	0.1457	0.4417
000067	P	0.816058	0.863919	0.852228	0.5549	0.7036	0.5030	0.1790	0.7156	0.1425	0.4260
000068	D	0.821142	0.876276	0.860344	0.5711	0.7036	0.5230	0.1720	0.7260	0.1386	0.4094
000069	E	0.810759	0.887312	0.867355	0.5173	0.6906	0.5490	0.1640	0.7205	0.1466	0.3970
000070	K	0.755587	0.894620	0.872509	0.5126	0.6948	0.5590	0.1560	0.7148	0.1441	0.3887
000071	T	0.698357	0.901123	0.875629	0.5296	0.6322	0.5610	0.1340	0.6996	0.1440	0.3839
000072	K	0.655214	0.906571	0.877178	0.5941	0.6906	0.5450	0.1290	0.7115	0.1357	0.3858
000073	E	0.590455	0.908993	0.877690	0.5846	0.7459	0.5810	0.1270	0.7148	0.1388	0.3954
000074	E	0.508857	0.913598	0.878156	0.5900	0.7672	0.6050	0.1300	0.7104	0.1522	0.4118
000075	L	0.424032	0.920023	0.879804	0.5762	0.7459	0.6500	0.1210	0.6993	0.1717	0.4355
000076	E	0.410506	0.925553	0.881745	0.5473	0.7163	0.6150	0.1330	0.6828	0.1810	0.4553
000077	E	0.387295	0.927435	0.883255	0.5296	0.6906	0.6270	0.1460	0.6742	0.1887	0.4815
000078	L	0.391853	0.936644	0.883535	0.5043	0.5758	0.6550	0.1460	0.6579	0.1957	0.5111
000079	M	0.425246	0.942251	0.883048	0.4918	0.5620	0.6730	0.1420	0.6629	0.1926	0.5340
000080	S	0.486223	0.940871	0.881876	0.4458	0.5493	0.6940	0.1390	0.6664	0.1903	0.5351
000081	D	0.551845	0.939300	0.881471	0.4420	0.5493	0.7040	0.1540	0.6780	0.1819	0.5355
000082	I	0.617941	0.942434	0.882634	0.4458	0.4801	0.7010	0.1490	0.6784	0.1866	0.5319
000083	K	0.696839	0.939193	0.885228	0.4379	0.4801	0.6700	0.1450	0.6850	0.1862	0.5245
000084	K	0.790367	0.937973	0.888516	0.3847	0.4725	0.6770	0.1480	0.6918	0.2048	0.5158
000085	T	0.809779	0.938800	0.892113	0.3806	0.4017	0.7170	0.1410	0.6900	0.2224	0.5076
000086	A	0.836927	0.938215	0.895127	0.4379	0.4685	0.7320	0.1340	0.7180	0.1979	0.5037
000087	N	0.839764	0.937468	0.897079	0.3762	0.4685	0.7360	0.1340	0.7092	0.2137	0.4943
000088	K	0.843653	0.934215	0.897744	0.3806	0.4619	0.7570	0.1310	0.7125	0.2143	0.4831
000089	V	0.816174	0.936517	0.897411	0.4379	0.4619	0.7340	0.1290	0.7140	0.1974	0.4728
000090	R	0.800749	0.932118	0.896791	0.4420	0.4831	0.7270	0.1310	0.7136	0.1897	0.4663
000091	S	0.796581	0.934075	0.895762	0.3762	0.4901	0.7440	0.1010	0.7061	0.2054	0.4707
000092	K	0.790068	0.936363	0.895239	0.3578	0.4940	0.7750	0.0800	0.7080	0.2109	0.4735
000093	L	0.772025	0.934546	0.894844	0.4333	0.5758	0.7960	0.0610	0.7345	0.1765	0.4751
000094	K	0.765185	0.935545	0.895091	0.4379	0.5992	0.7940	0.0770	0.7377	0.1717	0.4672
000095	S	0.756045	0.933449	0.895032	0.4379	0.5296	0.8140	0.0810	0.7276	0.1834	0.4609
000096	I	0.759559	0.931754	0.894460	0.4420	0.5382	0.8160	0.0850	0.7303	0.1806	0.4597
000097	E	0.776645	0.926232	0.892968	0.3939	0.5493	0.7950	0.0930	0.7224	0.1901	0.4487
000098	Q	0.803411	0.920170	0.889821	0.3992	0.5382	0.8070	0.0900	0.7262	0.1911	0.4438
000099	S	0.821794	0.915666	0.884130	0.4116	0.5493	0.8070	0.0880	0.7315	0.1855	0.4403
000100	I	0.829146	0.905577	0.875133	0.4600	0.5901	0.8060	0.0930	0.7443	0.1626	0.4357
000101	E	0.837205	0.895158	0.864809	0.4703	0.6089	0.7720	0.1110	0.7414	0.1528	0.4296
000102	Q	0.841627	0.891191	0.854227	0.4420	0.5254	0.8040	0.1020	0.7264	0.1752	0.4249
000103	E	0.836116	0.885441	0.844892	0.4556	0.5296	0.7850	0.1000	0.7228	0.1667	0.4259
000104	E	0.831790	0.875139	0.835751	0.4458	0.5296	0.8030	0.0990	0.7201	0.1674	0.4278
000105	G	0.826819	0.861820	0.826025	0.4556	0.5296	0.8070	0.1070	0.7177	0.1614	0.4382
000106	L	0.821146	0.849300	0.815780	0.3847	0.5176	0.8240	0.1150	0.7022	0.1819	0.4460
000107	N	0.817946	0.832665	0.805213	0.4458	0.5992	0.8130	0.1240	0.7189	0.1460	0.4450
000108	R	0.804730	0.817655	0.795983	0.4379	0.5992	0.8150	0.1370	0.7117	0.1445	0.4471
000109	S	0.785546	0.815042	0.786816	0.4282	0.5951	0.8010	0.1470	0.7020	0.1433	0.4488
000110	S	0.752899	0.802716	0.778595	0.4379	0.5951	0.8010	0.1480	0.6947	0.1349	0.4514
000111	A	0.766150	0.776167	0.770413	0.5084	0.6851	0.7800	0.1680	0.7144	0.0977	0.4541
000112	D	0.783234	0.772927	0.763558	0.5173	0.5758	0.7830	0.1560	0.6994	0.1096	0.4554
000113	L	0.801184	0.780241	0.755457	0.5043	0.5665	0.7960	0.1400	0.7006	0.1191	0.4602
000114	R	0.818645	0.772314	0.745849	0.4600	0.5456	0.7620	0.1530	0.6840	0.1324	0.4591
000115	I	0.799692	0.758476	0.734369	0.4749	0.5211	0.7550	0.1580	0.6740	0.1266	0.4583
000116	R	0.768791	0.753621	0.723602	0.4600	0.4256	0.7350	0.1560	0.6445	0.1437	0.4520
000117	K	0.743469	0.746124	0.713369	0.5229	0.4369	0.6620	0.1270	0.6375	0.1174	0.4502
000118	T	0.728260	0.735573	0.704616	0.4458	0.4409	0.6360	0.1110	0.6152	0.1257	0.4547
000119	Q	0.738738	0.718675	0.694888	0.3939	0.3910	0.5790	0.1150	0.5861	0.1459	0.4585
000120	H	0.708312	0.710483	0.685712	0.3847	0.3740	0.5560	0.1060	0.5698	0.1445	0.4656
000121	S	0.646722	0.700180	0.674736	0.3263	0.3740	0.5490	0.1170	0.5452	0.1463	0.4734
000122	T	0.595611	0.684240	0.664044	0.3359	0.4051	0.5270	0.1310	0.5353	0.1286	0.4828
000123	L	0.507671	0.667925	0.652493	0.3359	0.3249	0.5240	0.1260	0.5022	0.1352	0.4948
000124	S	0.494661	0.670075	0.641246	0.3939	0.4017	0.4820	0.1310	0.5140	0.1072	0.5010
000125	R	0.496239	0.653142	0.630094	0.3263	0.3872	0.4990	0.1270	0.4986	0.1178	0.5086
000126	K	0.509565	0.635819	0.619651	0.3992	0.4582	0.4530	0.1300	0.5126	0.0875	0.5208
000127	F	0.475652	0.628690	0.610245	0.3806	0.4766	0.4330	0.1040	0.5007	0.0900	0.5370
000128	V	0.440426	0.614916	0.602875	0.3847	0.4864	0.3890	0.0820	0.4865	0.0930	0.5399
000129	E	0.420448	0.603207	0.597209	0.3885	0.4864	0.3530	0.0760	0.4748	0.0974	0.5391
000130	V	0.431301	0.592989	0.594109	0.3847	0.4087	0.3640	0.0800	0.4627	0.0948	0.5419
000131	M	0.414050	0.611778	0.593174	0.3717	0.3948	0.3510	0.0890	0.4561	0.1055	0.5412
000132	S	0.409261	0.617660	0.594987	0.3096	0.4087	0.3590	0.1090	0.4499	0.1158	0.5323
000133	E	0.392293	0.627954	0.598329	0.3096	0.3983	0.3510	0.1110	0.4462	0.1219	0.5254
000134	Y	0.408574	0.636486	0.602278	0.3717	0.4119	0.3750	0.0970	0.4677	0.1088	0.5196
000135	N	0.416057	0.636532	0.606958	0.3668	0.4051	0.3610	0.0870	0.4655	0.1125	0.5081
000136	A	0.448869	0.651205	0.613373	0.3184	0.4119	0.3680	0.0690	0.4686	0.1229	0.4970
000137	T	0.474787	0.667300	0.620675	0.3096	0.4149	0.3620	0.0620	0.4749	0.1303	0.4818
000138	Q	0.484533	0.674168	0.628078	0.3806	0.4369	0.3680	0.0430	0.4953	0.1174	0.4650
000139	S	0.478768	0.671474	0.634298	0.4203	0.5017	0.3840	0.0390	0.5151	0.1052	0.4585
000140	D	0.492827	0.671558	0.640877	0.3717	0.4831	0.4500	0.0570	0.5183	0.1053	0.4531
000141	Y	0.538190	0.674336	0.646198	0.4333	0.5533	0.4960	0.0720	0.5570	0.0827	0.4466
000142	R	0.560601	0.675710	0.649534	0.4333	0.4979	0.4780	0.0740	0.5492	0.0888	0.4367
000143	E	0.545123	0.674432	0.649335	0.4379	0.5098	0.4540	0.0730	0.5452	0.0900	0.4349
000144	R	0.565742	0.676838	0.648598	0.3847	0.4292	0.4850	0.0710	0.5316	0.1082	0.4333
000145	C	0.603313	0.668196	0.647232	0.4600	0.5055	0.4630	0.0850	0.5579	0.0851	0.4334
000146	K	0.638065	0.664059	0.646080	0.3992	0.4979	0.4090	0.0990	0.5424	0.1118	0.4341
000147	G	0.671338	0.635402	0.642285	0.4245	0.5176	0.4440	0.1180	0.5559	0.0986	0.4351
000148	R	0.716436	0.610733	0.636842	0.4282	0.5176	0.4830	0.1130	0.5654	0.0982	0.4367
000149	I	0.747218	0.610131	0.629194	0.4149	0.5098	0.5080	0.1160	0.5698	0.1065	0.4381
000150	Q	0.771550	0.594438	0.624126	0.4149	0.5139	0.4840	0.1230	0.5672	0.1145	0.4361
000151	R	0.796827	0.599995	0.619885	0.4203	0.5055	0.4740	0.1310	0.5694	0.1229	0.4347
000152	Q	0.828464	0.575578	0.618658	0.4825	0.6089	0.4500	0.1430	0.5941	0.1219	0.4337
000153	L	0.820577	0.588962	0.616746	0.4879	0.6269	0.4800	0.1320	0.6035	0.1130	0.4347
000154	E	0.812532	0.626015	0.617689	0.4918	0.5296	0.4910	0.1240	0.5948	0.1114	0.4332
000155	I	0.806442	0.652530	0.619188	0.5043	0.5419	0.5790	0.1360	0.6173	0.0974	0.4331
000156	T	0.805303	0.667624	0.621038	0.4918	0.6227	0.6080	0.1380	0.6362	0.0928	0.4310
000157	G	0.800259	0.664131	0.621986	0.5084	0.6043	0.6290	0.1390	0.6381	0.0869	0.4301
000158	R	0.811686	0.699130	0.623968	0.5126	0.5176	0.6560	0.1390	0.6368	0.1038	0.4301
000159	T	0.822782	0.724571	0.624535	0.5084	0.5382	0.7010	0.1290	0.6533	0.1089	0.4308
000160	T	0.836334	0.723793	0.626228	0.4967	0.6227	0.7350	0.1340	0.6735	0.1072	0.4315
000161	T	0.839696	0.742056	0.627634	0.5043	0.6089	0.7530	0.1430	0.6793	0.1106	0.4329
000162	S	0.847800	0.753079	0.631499	0.5173	0.6269	0.7280	0.1600	0.6841	0.1059	0.4340
000163	E	0.855450	0.762053	0.633352	0.5229	0.6576	0.7460	0.1730	0.6963	0.1062	0.4348
000164	E	0.861218	0.764419	0.634203	0.5667	0.7120	0.7740	0.1530	0.7187	0.0964	0.4356
000165	L	0.867519	0.767382	0.635301	0.5992	0.5992	0.7850	0.1460	0.7089	0.1031	0.4369
000166	E	0.873716	0.761724	0.636951	0.6334	0.5665	0.7440	0.1430	0.7027	0.1017	0.4379
000167	D	0.876058	0.751673	0.636366	0.5711	0.5296	0.7590	0.1350	0.6873	0.1196	0.4399
000168	M	0.876846	0.737968	0.632080	0.5084	0.5296	0.7410	0.1400	0.6710	0.1289	0.4415
000169	L	0.872855	0.717532	0.624090	0.4967	0.5296	0.6760	0.1580	0.6528	0.1248	0.4415
000170	E	0.869994	0.700850	0.615162	0.4967	0.4476	0.6230	0.1460	0.6255	0.1377	0.4402
000171	S	0.859737	0.694293	0.605064	0.5008	0.3704	0.6460	0.1430	0.6128	0.1528	0.4379
000172	G	0.857087	0.689542	0.596281	0.4282	0.3426	0.6460	0.1410	0.5932	0.1692	0.4347
000173	N	0.827902	0.665967	0.588077	0.3630	0.3460	0.6070	0.1310	0.5663	0.1685	0.4332
000174	P	0.786601	0.646096	0.581431	0.3359	0.3356	0.5380	0.1110	0.5373	0.1618	0.4306
000175	A	0.714306	0.603049	0.575476	0.3399	0.3249	0.4870	0.1010	0.5075	0.1405	0.4268
000176	I	0.657882	0.619307	0.570355	0.4078	0.3149	0.4220	0.1190	0.4986	0.1245	0.4218
000177	F	0.584059	0.599517	0.565546	0.4037	0.3053	0.3830	0.1140	0.4734	0.1140	0.4165
000178	A	0.496593	0.615552	0.561309	0.3184	0.2951	0.3320	0.0950	0.4366	0.1265	0.4110
000179	S	0.413145	0.590820	0.558181	0.3359	0.3182	0.2920	0.0900	0.4180	0.1170	0.4059
000180	G	0.354310	0.619202	0.555865	0.3939	0.3566	0.2680	0.0710	0.4247	0.1225	0.4000
000181	I	0.272351	0.629305	0.552663	0.3992	0.2680	0.2920	0.0660	0.4023	0.1421	0.3919
000182	I	0.270384	0.615297	0.549699	0.3630	0.2645	0.3510	0.0860	0.4024	0.1339	0.3842
000183	M	0.282909	0.622526	0.547520	0.2700	0.2783	0.3910	0.0990	0.3988	0.1395	0.3777
000184	D	0.345092	0.653737	0.546274	0.2748	0.1969	0.4410	0.0920	0.4097	0.1565	0.3763
000185	S	0.388692	0.661504	0.543218	0.2531	0.1823	0.4570	0.0860	0.4143	0.1633	0.3786
000186	S	0.451572	0.668574	0.539731	0.1958	0.2064	0.5080	0.0950	0.4284	0.1734	0.3821
000187	I	0.534243	0.677984	0.536842	0.2700	0.2752	0.5680	0.0800	0.4770	0.1523	0.3857
000188	S	0.614591	0.688188	0.535764	0.3359	0.3704	0.5290	0.0810	0.5123	0.1248	0.3915
000189	K	0.677723	0.689678	0.534049	0.3491	0.3948	0.5210	0.0820	0.5278	0.1281	0.3950
000190	Q	0.755524	0.693178	0.533239	0.3456	0.4087	0.5720	0.0740	0.5514	0.1445	0.3960
000191	A	0.767863	0.703031	0.529537	0.3399	0.3321	0.6720	0.0790	0.5574	0.1720	0.3946
000192	L	0.784027	0.702651	0.526087	0.4245	0.3321	0.6820	0.0920	0.5753	0.1610	0.3938
000193	S	0.779616	0.702457	0.520809	0.4116	0.3983	0.6300	0.1030	0.5739	0.1426	0.3933
000194	E	0.782573	0.692098	0.516500	0.3491	0.3392	0.6510	0.1020	0.5550	0.1684	0.3934
000195	I	0.782578	0.678410	0.510483	0.3263	0.3460	0.6900	0.1210	0.5557	0.1748	0.3926
000196	E	0.782678	0.661379	0.502723	0.2385	0.3529	0.6040	0.1260	0.5236	0.1841	0.3941
000197	T	0.783650	0.637701	0.494247	0.2531	0.3529	0.5430	0.1260	0.5107	0.1747	0.4013
000198	R	0.783606	0.630969	0.487835	0.3263	0.3494	0.4780	0.1100	0.5094	0.1584	0.4084
000199	H	0.785016	0.628545	0.483113	0.3311	0.3494	0.4610	0.1020	0.5064	0.1584	0.4093
000200	S	0.796632	0.615426	0.481449	0.2602	0.3667	0.4750	0.0970	0.4992	0.1720	0.4135
000201	E	0.795977	0.612596	0.478196	0.2333	0.2817	0.4950	0.0950	0.4829	0.1905	0.4200
000202	I	0.794217	0.608543	0.476278	0.2786	0.3149	0.4840	0.0970	0.4927	0.1742	0.4315
000203	I	0.776052	0.596195	0.473295	0.2820	0.4017	0.4370	0.1020	0.4944	0.1566	0.4252
000204	K	0.752906	0.602960	0.472221	0.2865	0.3704	0.3880	0.0920	0.4788	0.1568	0.4153
000205	L	0.735931	0.596275	0.469963	0.2820	0.2645	0.4000	0.0940	0.4582	0.1675	0.4150
000206	E	0.723750	0.581860	0.466820	0.3359	0.3053	0.3770	0.0970	0.4651	0.1475	0.4192
000207	N	0.709860	0.539496	0.463140	0.2333	0.3019	0.3820	0.1080	0.4383	0.1573	0.4234
000208	S	0.665853	0.536205	0.459791	0.2080	0.2645	0.3530	0.1360	0.4145	0.1576	0.4329
000209	I	0.626770	0.515851	0.458370	0.2255	0.2364	0.3790	0.1440	0.4070	0.1447	0.4201
000210	R	0.618089	0.478430	0.458393	0.1921	0.2002	0.3830	0.1440	0.3883	0.1526	0.4090
000211	E	0.610045	0.453813	0.458729	0.1667	0.1323	0.3740	0.1420	0.3659	0.1685	0.3897
000212	L	0.621408	0.471950	0.457540	0.1292	0.0851	0.3740	0.1410	0.3566	0.1912	0.3719
000213	H	0.618933	0.445891	0.453569	0.1266	0.1399	0.3520	0.1370	0.3562	0.1761	0.3521
000214	D	0.628432	0.389294	0.448562	0.1322	0.2034	0.3530	0.1570	0.3592	0.1619	0.3370
000215	M	0.629651	0.377733	0.444061	0.1532	0.2129	0.3300	0.1520	0.3579	0.1557	0.3232
000216	F	0.633595	0.358717	0.438943	0.2333	0.2884	0.3030	0.1490	0.3760	0.1316	0.3186
000217	M	0.678211	0.322342	0.432889	0.2255	0.2918	0.2880	0.1340	0.3731	0.1499	0.3196
000218	D	0.677205	0.324668	0.425247	0.2292	0.2503	0.2820	0.1300	0.3647	0.1534	0.3235
000219	M	0.648291	0.336317	0.416625	0.2333	0.1759	0.2830	0.1240	0.3489	0.1539	0.3268
000220	A	0.659097	0.344137	0.406307	0.2786	0.2575	0.2840	0.1200	0.3717	0.1378	0.3335
000221	M	0.652014	0.330974	0.394840	0.2122	0.2575	0.3050	0.1050	0.3587	0.1430	0.3420
000222	L	0.665909	0.362200	0.385086	0.2080	0.1702	0.3540	0.1190	0.3576	0.1599	0.3610
000223	V	0.664600	0.391506	0.375433	0.2820	0.2609	0.3490	0.1420	0.3873	0.1327	0.3833
000224	E	0.670915	0.397165	0.366178	0.1921	0.1759	0.3480	0.1520	0.3583	0.1635	0.4092
000225	S	0.673968	0.410246	0.356970	0.1878	0.1759	0.3600	0.1630	0.3609	0.1657	0.4311
000226	Q	0.666316	0.420056	0.350585	0.1416	0.1476	0.3460	0.1600	0.3454	0.1776	0.4112
000227	G	0.699238	0.405263	0.347400	0.2209	0.2470	0.3340	0.1610	0.3757	0.1574	0.3886
000228	E	0.728042	0.375775	0.347868	0.1878	0.2817	0.2980	0.1420	0.3699	0.1707	0.3702
000229	M	0.689604	0.372910	0.351486	0.1844	0.2399	0.2620	0.1180	0.3501	0.1649	0.3583
000230	I	0.663103	0.363860	0.357082	0.2255	0.2064	0.2270	0.1010	0.3405	0.1576	0.3379
000231	D	0.637393	0.349697	0.362108	0.2209	0.2436	0.1980	0.0800	0.3353	0.1486	0.3152
000232	R	0.619495	0.345431	0.366990	0.1998	0.1942	0.1740	0.0600	0.3166	0.1550	0.2935
000233	I	0.595504	0.346151	0.369048	0.2820	0.2064	0.1500	0.0460	0.3248	0.1427	0.2744
000234	E	0.567912	0.330808	0.368825	0.2700	0.2849	0.1190	0.0300	0.3236	0.1342	0.2547
000235	Y	0.531827	0.307409	0.365911	0.1921	0.2715	0.1070	0.0240	0.2960	0.1339	0.2386
000236	N	0.483645	0.305568	0.363065	0.1878	0.2399	0.0990	0.0200	0.2798	0.1237	0.2236
000237	V	0.447723	0.299683	0.360222	0.1766	0.1702	0.0950	0.0170	0.2583	0.1218	0.2110
000238	E	0.447480	0.284308	0.357583	0.1495	0.1731	0.0920	0.0150	0.2506	0.1244	0.1986
000239	H	0.404763	0.274869	0.354661	0.0965	0.1671	0.0910	0.0140	0.2315	0.1219	0.1875
000240	A	0.363635	0.287398	0.351160	0.1205	0.2034	0.0980	0.0210	0.2374	0.1045	0.1727
000241	V	0.306212	0.283720	0.346312	0.1805	0.2715	0.1170	0.0310	0.2508	0.0781	0.1648
000242	D	0.275160	0.293150	0.341645	0.1667	0.2541	0.1500	0.0400	0.2467	0.0682	0.1618
000243	Y	0.223448	0.327843	0.338246	0.1698	0.2224	0.1820	0.0580	0.2439	0.0661	0.1588
000244	V	0.181321	0.360085	0.336332	0.2432	0.2328	0.2090	0.0740	0.2604	0.0654	0.1549
000245	E	0.152732	0.380863	0.333291	0.1878	0.2129	0.2510	0.0880	0.2532	0.0803	0.1508
000246	R	0.133299	0.396917	0.329282	0.1958	0.2064	0.2990	0.1050	0.2601	0.0895	0.1451
000247	A	0.107585	0.429641	0.325964	0.1878	0.2064	0.3450	0.1220	0.2670	0.1090	0.1357
000248	V	0.209490	0.449498	0.324260	0.1635	0.2715	0.3830	0.1300	0.3002	0.0978	0.1271
000249	S	0.313373	0.476975	0.323701	0.1495	0.2503	0.3980	0.1300	0.3187	0.1039	0.1221
000250	D	0.417992	0.541893	0.323540	0.1416	0.2129	0.4140	0.1240	0.3420	0.1342	0.1162
000251	T	0.496175	0.597690	0.323883	0.1667	0.2436	0.4340	0.1480	0.3770	0.1477	0.1088
000252	K	0.600046	0.620502	0.324411	0.1698	0.3087	0.4560	0.1640	0.4132	0.1621	0.1007
000253	K	0.699866	0.635550	0.324463	0.1698	0.2951	0.4490	0.1840	0.4290	0.1882	0.0941
000254	A	0.798245	0.659579	0.324303	0.2432	0.3740	0.4240	0.1900	0.4706	0.1948	0.0870
000255	V	0.877730	0.660001	0.324012	0.3005	0.3529	0.4770	0.2170	0.4988	0.2086	0.0825
000256	K	0.952184	0.670118	0.323554	0.2963	0.2951	0.5370	0.2460	0.5124	0.2410	0.0799
000257	Y	0.942645	0.683037	0.322079	0.1958	0.2094	0.6010	0.2260	0.4924	0.2733	0.0794
000258	Q	0.917945	0.684627	0.317828	0.1958	0.1671	0.6340	0.1970	0.4863	0.2776	0.0810
000259	S	0.895260	0.646867	0.309636	0.1667	0.1501	0.6570	0.1630	0.4710	0.2791	0.0838
000260	K	0.860367	0.602840	0.297849	0.1018	0.1162	0.6370	0.1230	0.4360	0.2832	0.0836
000261	A	0.813117	0.541486	0.286076	0.0526	0.0817	0.5880	0.1160	0.3939	0.2772	0.0884
000262	R	0.781337	0.463680	0.276096	0.0395	0.0494	0.4510	0.1060	0.3435	0.2586	0.1010
000263	R	0.689821	0.373215	0.269090	0.0297	0.0300	0.4040	0.1560	0.2993	0.2291	0.1127
000264	K	0.623880	0.286006	0.264647	0.0157	0.0181	0.3720	0.1420	0.2633	0.2096	0.1230
000265	K	0.553500	0.203119	0.262851	0.0109	0.0214	0.3380	0.1110	0.2316	0.1869	0.1332
000266	I	0.477242	0.120108	0.262944	0.0086	0.0191	0.3030	0.0740	0.1985	0.1669	0.1413
000267	M	0.391803	0.069744	0.264309	0.0083	0.0138	0.2870	0.0910	0.1725	0.1485	0.1478
000268	I	0.304205	0.034118	0.267643	0.0078	0.0141	0.2850	0.1040	0.1522	0.1342	0.1485
000269	I	0.229541	0.016320	0.273344	0.0040	0.0113	0.3000	0.1160	0.1391	0.1303	0.1469
000270	I	0.169166	0.010045	0.281369	0.0013	0.0113	0.3120	0.1190	0.1308	0.1307	0.1415
000271	C	0.104425	0.007586	0.289805	0.0008	0.0119	0.3160	0.0820	0.1217	0.1329	0.1404
000272	C	0.104510	0.006887	0.298176	0.0012	0.0101	0.3090	0.0820	0.1217	0.1333	0.1265
000273	V	0.077800	0.006982	0.304325	0.0010	0.0100	0.3110	0.0950	0.1185	0.1362	0.0997
000274	I	0.058854	0.009205	0.308701	0.0006	0.0099	0.3330	0.1140	0.1201	0.1434	0.0794
000275	L	0.056439	0.012349	0.311649	0.0006	0.0074	0.4060	0.1700	0.1324	0.1634	0.0625
000276	G	0.082890	0.017353	0.314870	0.0006	0.0055	0.4620	0.2170	0.1472	0.1779	0.0496
000277	I	0.099995	0.021568	0.318325	0.0005	0.0064	0.4910	0.2560	0.1564	0.1856	0.0414
000278	V	0.107950	0.028088	0.321584	0.0003	0.0071	0.5120	0.2770	0.1629	0.1912	0.0339
000279	I	0.125211	0.038133	0.324384	0.0003	0.0080	0.5320	0.1720	0.1713	0.1954	0.0282
000280	A	0.137007	0.060542	0.326827	0.0007	0.0089	0.5520	0.1920	0.1810	0.1990	0.0232
000281	S	0.153313	0.103258	0.329112	0.0022	0.0102	0.6310	0.2170	0.2049	0.2196	0.0201
000282	T	0.164886	0.157590	0.331885	0.0052	0.0102	0.7370	0.1540	0.2345	0.2503	0.0165
000283	V	0.170885	0.250119	0.335274	0.0090	0.0101	0.8130	0.0940	0.2647	0.2722	0.0136
000284	G	0.169486	0.365188	0.339154	0.0252	0.0117	0.8400	0.0870	0.2918	0.2806	0.0126
000285	G	0.246008	0.497153	0.343212	0.0587	0.0153	0.9010	0.0340	0.3436	0.2981	0.0114
000286	I	0.184653	0.613690	0.347006	0.1495	0.0231	0.9320	0.0230	0.3750	0.3106	0.0106
000287	F	0.119137	0.696953	0.350729	0.1958	0.0165	0.9160	0.0570	0.3825	0.3222	0.0101
000288	A	0.158791	0.743211	0.352431	0.3456	0.0248	0.9080	0.0440	0.4221	0.3101	0.0090