RESNUM	RES	VL-XT	VSL2B	VL3	IUPred-S	IUPred-L	PONDRFIT	FITERROR	MDP	MDPERROR	ANCHOR2
000001	M	0.966644	0.935552	0.788298	0.9369	0.6269	0.9900	0.0090	0.8741	0.1280	0.5649
000002	Q	0.942843	0.933589	0.786334	0.9141	0.6661	0.9950	0.0050	0.8730	0.1121	0.5462
000003	L	0.906610	0.931287	0.782551	0.8945	0.6482	0.9930	0.0070	0.8594	0.1133	0.5330
000004	R	0.763687	0.928862	0.778949	0.8626	0.6661	0.9890	0.0110	0.8315	0.1079	0.5143
000005	K	0.845400	0.922583	0.775455	0.8036	0.5758	0.9800	0.0180	0.8171	0.1281	0.4997
000006	M	0.837848	0.920878	0.772114	0.7644	0.5951	0.9660	0.0280	0.8094	0.1206	0.4955
000007	Q	0.799566	0.917044	0.769296	0.6756	0.5807	0.9650	0.0240	0.7845	0.1316	0.4743
000008	T	0.754202	0.914269	0.767536	0.6442	0.5992	0.9750	0.0130	0.7758	0.1341	0.4637
000009	V	0.742580	0.917651	0.766852	0.5762	0.6136	0.9700	0.0210	0.7644	0.1439	0.4576
000010	K	0.744302	0.918145	0.766957	0.5374	0.6482	0.9420	0.0440	0.7595	0.1417	0.4487
000011	K	0.664702	0.917929	0.767127	0.5008	0.5901	0.9690	0.0260	0.7349	0.1682	0.4438
000012	E	0.604244	0.913257	0.767220	0.5229	0.6089	0.9610	0.0260	0.7296	0.1642	0.4460
000013	Q	0.536968	0.912295	0.767679	0.4556	0.5951	0.9530	0.0240	0.7035	0.1875	0.4506
000014	A	0.451783	0.911129	0.768727	0.5229	0.6482	0.9430	0.0210	0.7076	0.1842	0.4563
000015	S	0.363200	0.907330	0.770401	0.5008	0.6375	0.9190	0.0360	0.6831	0.2047	0.4718
000016	L	0.316750	0.902319	0.771917	0.4825	0.5758	0.9050	0.0430	0.6590	0.2189	0.4932
000017	D	0.318534	0.895445	0.772967	0.4918	0.5176	0.8800	0.0500	0.6461	0.2163	0.5055
000018	A	0.321556	0.897634	0.773659	0.4379	0.5211	0.8380	0.0750	0.6316	0.2158	0.5266
000019	S	0.290282	0.898875	0.773316	0.3885	0.5176	0.7860	0.1060	0.6091	0.2240	0.5406
000020	S	0.353508	0.893792	0.772041	0.4556	0.5493	0.7620	0.1240	0.6311	0.1918	0.5536
000021	N	0.393125	0.894410	0.769591	0.4556	0.4831	0.7600	0.1240	0.6259	0.1889	0.5698
000022	V	0.439559	0.886296	0.766652	0.4282	0.4864	0.7800	0.1120	0.6312	0.1846	0.5915
000023	D	0.518151	0.880102	0.763580	0.3668	0.4864	0.7600	0.1200	0.6292	0.1824	0.6047
000024	K	0.596846	0.879891	0.761199	0.3630	0.4256	0.7680	0.1140	0.6325	0.1884	0.6183
000025	M	0.669272	0.872785	0.759534	0.4037	0.4409	0.8210	0.1030	0.6611	0.1802	0.6308
000026	M	0.701962	0.869573	0.758787	0.3535	0.4441	0.8620	0.1040	0.6649	0.1985	0.6323
000027	V	0.712620	0.870571	0.758583	0.4078	0.5017	0.8590	0.1150	0.6850	0.1738	0.6253
000028	L	0.742775	0.876022	0.759706	0.4149	0.5017	0.8530	0.1330	0.6913	0.1732	0.6191
000029	N	0.763638	0.873954	0.761553	0.4458	0.5254	0.8360	0.1200	0.7011	0.1591	0.6046
000030	S	0.792873	0.870445	0.763111	0.4420	0.5254	0.8450	0.0960	0.7064	0.1630	0.5920
000031	A	0.822196	0.875035	0.763778	0.4379	0.5254	0.8660	0.0900	0.7151	0.1709	0.5782
000032	L	0.824450	0.877474	0.764263	0.4282	0.5139	0.8750	0.0930	0.7138	0.1775	0.5582
000033	T	0.823378	0.882528	0.765413	0.4879	0.5758	0.8600	0.1000	0.7325	0.1485	0.5256
000034	E	0.823625	0.889636	0.768083	0.4825	0.5017	0.8500	0.1020	0.7193	0.1648	0.4965
000035	V	0.832989	0.892457	0.771927	0.4967	0.4441	0.8550	0.0840	0.7155	0.1776	0.4742
000036	S	0.845927	0.890425	0.777004	0.4556	0.3948	0.8390	0.0870	0.7004	0.1982	0.4533
000037	E	0.857547	0.888664	0.782695	0.4203	0.4017	0.8090	0.1000	0.6934	0.2026	0.4436
000038	D	0.861133	0.891241	0.788658	0.4245	0.4582	0.8030	0.0920	0.7044	0.1894	0.4410
000039	S	0.867356	0.892351	0.794168	0.4781	0.5176	0.8050	0.0770	0.7257	0.1650	0.4405
000040	T	0.870783	0.893830	0.798370	0.4781	0.4979	0.8010	0.0680	0.7234	0.1700	0.4430
000041	T	0.873494	0.893523	0.800028	0.4781	0.4441	0.8060	0.0630	0.7158	0.1835	0.4456
000042	G	0.874684	0.890123	0.799709	0.5043	0.4652	0.7720	0.0730	0.7177	0.1700	0.4523
000043	E	0.872062	0.884381	0.798280	0.5084	0.5254	0.7110	0.0860	0.7165	0.1522	0.4605
000044	E	0.861168	0.878754	0.796800	0.5173	0.5382	0.6830	0.0830	0.7126	0.1450	0.4739
000045	L	0.837363	0.871936	0.795762	0.4879	0.5296	0.7790	0.0760	0.7169	0.1506	0.4866
000046	L	0.787730	0.849103	0.795645	0.5296	0.5901	0.7930	0.0870	0.7243	0.1193	0.4899
000047	L	0.768515	0.829482	0.796140	0.5173	0.5854	0.7650	0.1110	0.7104	0.1161	0.4899
000048	S	0.759197	0.836325	0.796837	0.5043	0.5533	0.7040	0.1160	0.6923	0.1231	0.4854
000049	E	0.759124	0.848759	0.797222	0.5043	0.4801	0.6840	0.1000	0.6790	0.1410	0.4806
000050	G	0.774381	0.851119	0.798522	0.4918	0.4831	0.6870	0.1050	0.6810	0.1452	0.4790
000051	S	0.794486	0.853699	0.800700	0.4458	0.4801	0.6960	0.1290	0.6785	0.1596	0.4768
000052	V	0.812347	0.860797	0.804000	0.4379	0.4725	0.6910	0.1350	0.6797	0.1670	0.4738
000053	G	0.832047	0.866397	0.808607	0.4282	0.4766	0.6940	0.1310	0.6843	0.1728	0.4638
000054	K	0.865376	0.867634	0.814462	0.4149	0.4801	0.7120	0.1220	0.6925	0.1817	0.4522
000055	N	0.925363	0.869220	0.820975	0.4078	0.3807	0.7740	0.1000	0.6964	0.2186	0.4381
000056	K	0.956317	0.870975	0.827483	0.4513	0.3704	0.7920	0.0880	0.7115	0.2196	0.4275
000057	S	0.975567	0.867582	0.833598	0.4333	0.4619	0.7730	0.1070	0.7241	0.2047	0.4237
000058	S	0.988291	0.867275	0.839065	0.4333	0.5296	0.7530	0.1170	0.7351	0.1941	0.4246
000059	A	0.989211	0.868939	0.843410	0.4600	0.5419	0.7420	0.1360	0.7410	0.1858	0.4287
000060	C	0.990130	0.869323	0.847609	0.4420	0.5296	0.7480	0.1430	0.7378	0.1932	0.4276
000061	R	0.993280	0.868827	0.852417	0.4149	0.5296	0.7430	0.1510	0.7337	0.2013	0.4200
000062	R	0.996275	0.876649	0.858073	0.4245	0.5382	0.7500	0.1410	0.7406	0.1994	0.4128
000063	K	0.996615	0.887258	0.863354	0.4825	0.5758	0.7440	0.1260	0.7583	0.1798	0.4067
000064	R	0.993852	0.892407	0.867791	0.4651	0.5577	0.7820	0.1250	0.7598	0.1881	0.4085
000065	E	0.994086	0.894674	0.870719	0.4749	0.4864	0.7970	0.1270	0.7530	0.2010	0.4181
000066	F	0.993978	0.896970	0.872034	0.4781	0.3807	0.8210	0.1180	0.7405	0.2276	0.4353
000067	I	0.993965	0.898172	0.871012	0.4458	0.3910	0.8000	0.1190	0.7334	0.2304	0.4468
000068	P	0.993833	0.898092	0.868273	0.3630	0.3910	0.7470	0.1320	0.7101	0.2465	0.4510
000069	D	0.993605	0.896879	0.863988	0.3399	0.3910	0.7710	0.1300	0.7095	0.2522	0.4535
000070	E	0.993304	0.891697	0.859381	0.3630	0.4149	0.7920	0.1270	0.7190	0.2413	0.4574
000071	K	0.975446	0.885218	0.855862	0.4037	0.4766	0.8090	0.1100	0.7343	0.2149	0.4653
000072	K	0.971669	0.887426	0.855010	0.4037	0.4864	0.8200	0.1000	0.7373	0.2130	0.4761
000073	D	0.974315	0.891494	0.856706	0.4149	0.4979	0.8080	0.0930	0.7406	0.2084	0.4864
000074	A	0.974702	0.893220	0.859495	0.4282	0.5098	0.8040	0.0740	0.7448	0.2029	0.4950
000075	M	0.974766	0.887581	0.862143	0.4333	0.4831	0.8300	0.0800	0.7452	0.2081	0.4962
000076	Y	0.974711	0.888039	0.863095	0.4245	0.4541	0.8440	0.0830	0.7414	0.2177	0.4870
000077	W	0.974775	0.897463	0.861316	0.4703	0.5533	0.8520	0.0900	0.7683	0.1871	0.4708
000078	E	0.975004	0.901020	0.857328	0.5008	0.6482	0.8500	0.0960	0.7888	0.1625	0.4527
000079	K	0.975318	0.900006	0.852384	0.4749	0.5992	0.8840	0.0830	0.7809	0.1800	0.4404
000080	R	0.993273	0.903147	0.848262	0.4749	0.5992	0.9080	0.0720	0.7878	0.1858	0.4312
000081	R	0.998440	0.909032	0.844758	0.4967	0.5992	0.9070	0.0770	0.7925	0.1810	0.4235
000082	K	0.999452	0.912130	0.841820	0.4781	0.5992	0.8860	0.0970	0.7862	0.1846	0.4160
000083	N	0.999728	0.917978	0.838819	0.4651	0.6043	0.8810	0.0990	0.7845	0.1875	0.4102
000084	N	0.999797	0.918437	0.834826	0.4781	0.5992	0.9060	0.0770	0.7894	0.1869	0.4060
000085	E	0.999873	0.916987	0.829716	0.4781	0.5456	0.9310	0.0520	0.7836	0.1993	0.4044
000086	A	0.999933	0.916545	0.823240	0.4703	0.5807	0.9420	0.0450	0.7889	0.1960	0.4050
000087	A	0.999924	0.913314	0.816264	0.4420	0.6851	0.9270	0.0610	0.7973	0.1873	0.4067
000088	K	0.999885	0.909600	0.809082	0.5331	0.7209	0.8980	0.0870	0.8118	0.1519	0.4112
000089	R	0.997052	0.904328	0.802834	0.5473	0.6482	0.9130	0.0740	0.8022	0.1578	0.4175
000090	S	0.997017	0.898577	0.796855	0.4749	0.5665	0.9090	0.0790	0.7737	0.1899	0.4235
000091	R	0.996980	0.888567	0.791114	0.4203	0.5758	0.9050	0.0850	0.7630	0.2017	0.4287
000092	E	0.996952	0.874819	0.785265	0.3578	0.5951	0.8920	0.0930	0.7504	0.2144	0.4330
000093	K	0.996918	0.862850	0.778527	0.3456	0.5901	0.8850	0.0880	0.7431	0.2166	0.4304
000094	R	0.996882	0.838799	0.770724	0.3491	0.5017	0.8970	0.0790	0.7256	0.2271	0.4274
000095	R	0.994411	0.819845	0.761430	0.3456	0.4220	0.8980	0.0760	0.7068	0.2403	0.4265
000096	L	0.982061	0.776539	0.751175	0.2865	0.3948	0.8790	0.1030	0.6783	0.2521	0.4281
000097	N	0.967400	0.757048	0.739970	0.2080	0.3566	0.8390	0.1440	0.6447	0.2700	0.4288
000098	D	0.948784	0.742348	0.726161	0.1958	0.3774	0.7850	0.1420	0.6293	0.2582	0.4314
000099	L	0.926348	0.682600	0.710167	0.1322	0.3910	0.7950	0.1630	0.6061	0.2663	0.4317
000100	V	0.896949	0.660356	0.692706	0.1416	0.3983	0.7540	0.1850	0.5906	0.2498	0.4293
000101	L	0.860749	0.636061	0.675995	0.1380	0.4119	0.7130	0.1780	0.5727	0.2353	0.4289
000102	E	0.788073	0.600792	0.659035	0.1456	0.3910	0.6560	0.1670	0.5401	0.2124	0.4311
000103	N	0.724975	0.563343	0.641916	0.1532	0.3840	0.6670	0.1710	0.5224	0.1972	0.4314
000104	K	0.678583	0.506856	0.624431	0.1266	0.3249	0.6160	0.1350	0.4796	0.1951	0.4329
000105	L	0.630340	0.493755	0.608828	0.1349	0.3215	0.5770	0.1440	0.4610	0.1784	0.4331
000106	I	0.584437	0.492942	0.595281	0.0789	0.2988	0.5140	0.1420	0.4274	0.1838	0.4301
000107	A	0.555018	0.547818	0.583609	0.1150	0.3704	0.4130	0.1410	0.4309	0.1613	0.4242
000108	L	0.526625	0.570519	0.573846	0.0858	0.2951	0.4170	0.1320	0.4115	0.1754	0.4170
000109	G	0.447857	0.571611	0.564346	0.0935	0.2258	0.3820	0.1270	0.3808	0.1738	0.4074
000110	E	0.374836	0.574837	0.555200	0.0789	0.2849	0.3440	0.1210	0.3688	0.1678	0.3998
000111	E	0.338291	0.564304	0.544740	0.0607	0.2752	0.3050	0.1260	0.3480	0.1709	0.3955
000112	N	0.291306	0.560841	0.532208	0.0935	0.3286	0.2940	0.1180	0.3500	0.1584	0.3964
000113	A	0.230793	0.541931	0.516369	0.0526	0.2575	0.2940	0.1010	0.3156	0.1692	0.3997
000114	T	0.181354	0.526965	0.498139	0.0490	0.2399	0.2750	0.0960	0.2951	0.1693	0.4027
000115	L	0.131957	0.511052	0.478397	0.0252	0.1643	0.2330	0.0740	0.2573	0.1789	0.4066
000116	K	0.073058	0.495144	0.457224	0.0405	0.2193	0.1750	0.0610	0.2433	0.1754	0.4090
000117	A	0.013227	0.454613	0.435296	0.0387	0.2258	0.1670	0.0550	0.2225	0.1731	0.4149
000118	E	0.010774	0.416674	0.413397	0.0441	0.1852	0.1410	0.0470	0.2018	0.1614	0.4240
000119	L	0.009371	0.362114	0.392711	0.0414	0.2364	0.1300	0.0470	0.1954	0.1477	0.4278
000120	L	0.007545	0.318994	0.372473	0.0200	0.2328	0.1250	0.0520	0.1794	0.1400	0.4156
000121	S	0.006590	0.286291	0.353247	0.0200	0.2292	0.1150	0.0510	0.1683	0.1309	0.4111
000122	L	0.004908	0.270590	0.334744	0.0194	0.2034	0.1220	0.0550	0.1592	0.1224	0.4076
000123	K	0.004341	0.275038	0.315750	0.0173	0.1399	0.1100	0.0480	0.1438	0.1179	0.4100
000124	L	0.003547	0.267236	0.298115	0.0167	0.1424	0.1030	0.0380	0.1386	0.1128	0.4077
000125	K	0.002320	0.278709	0.283326	0.0097	0.1476	0.0970	0.0320	0.1364	0.1137	0.4106
000126	F	0.001954	0.279461	0.270707	0.0150	0.2034	0.0970	0.0310	0.1446	0.1132	0.4144
000127	G	0.001553	0.273888	0.258481	0.0157	0.1554	0.0910	0.0280	0.1327	0.1072	0.4204
000128	L	0.001144	0.263393	0.245481	0.0245	0.1759	0.1140	0.0370	0.1373	0.1008	0.4272
000129	I	0.001173	0.247170	0.237005	0.0102	0.1643	0.1200	0.0370	0.1299	0.0978	0.4254
000130	S	0.001512	0.262092	0.231745	0.0231	0.1671	0.1250	0.0400	0.1351	0.0975	0.4060
000131	S	0.002061	0.286421	0.231009	0.0405	0.2193	0.1620	0.0420	0.1568	0.1030	0.3927
000132	T	0.005806	0.292692	0.231412	0.0231	0.2328	0.2140	0.0510	0.1666	0.1104	0.3835
000133	A	0.065545	0.294739	0.235680	0.0414	0.2918	0.2430	0.0420	0.1953	0.1030	0.3750
000134	Y	0.077720	0.337112	0.242095	0.0455	0.2988	0.2610	0.0520	0.2104	0.1097	0.3668
000135	A	0.078162	0.402281	0.249196	0.0832	0.3426	0.2520	0.0530	0.2346	0.1209	0.3516
000136	Q	0.079176	0.455977	0.253975	0.0813	0.2988	0.2600	0.0460	0.2383	0.1302	0.3393
000137	E	0.080974	0.487124	0.256331	0.1205	0.3286	0.3040	0.0580	0.2629	0.1352	0.3299
000138	I	0.081232	0.507570	0.258815	0.0858	0.2399	0.3240	0.0710	0.2496	0.1458	0.3225
000139	Q	0.081209	0.494111	0.262305	0.0991	0.3019	0.3130	0.0660	0.2586	0.1398	0.3194
000140	K	0.080959	0.473629	0.267799	0.1088	0.3740	0.2770	0.0570	0.2637	0.1377	0.3227
000141	L	0.078729	0.462669	0.274160	0.1178	0.3149	0.2620	0.0640	0.2517	0.1271	0.3288
000142	S	0.018919	0.439313	0.280692	0.1292	0.3249	0.2010	0.0490	0.2324	0.1359	0.3357
000143	N	0.006944	0.416991	0.287848	0.0884	0.3249	0.1760	0.0540	0.2168	0.1408	0.3430
000144	S	0.006524	0.417353	0.296336	0.1117	0.3392	0.1570	0.0530	0.2214	0.1415	0.3518
000145	T	0.005546	0.393753	0.305997	0.1566	0.3948	0.1590	0.0570	0.2360	0.1416	0.3610
000146	A	0.003818	0.369358	0.317874	0.1805	0.4087	0.1780	0.0720	0.2430	0.1381	0.3724
000147	V	0.005351	0.383452	0.332384	0.1732	0.4149	0.1790	0.0660	0.2481	0.1429	0.3821
000148	Y	0.005072	0.402633	0.350485	0.1602	0.3566	0.2060	0.0710	0.2469	0.1383	0.3888
000149	F	0.004761	0.412613	0.369829	0.2531	0.4149	0.2170	0.0780	0.2788	0.1439	0.3916
000150	Q	0.002855	0.462041	0.389086	0.1958	0.4051	0.2330	0.0800	0.2814	0.1564	0.3900
000151	D	0.003364	0.510466	0.407550	0.1998	0.3215	0.2750	0.0820	0.2863	0.1601	0.3892
000152	Y	0.003511	0.557389	0.425376	0.2820	0.3321	0.3180	0.0910	0.3197	0.1679	0.3883
000153	Q	0.005156	0.603630	0.442962	0.2080	0.3460	0.3370	0.1010	0.3238	0.1862	0.3865
000154	T	0.008241	0.632943	0.462227	0.1602	0.3460	0.3640	0.0940	0.3289	0.2013	0.3878
000155	S	0.049429	0.674971	0.481939	0.1766	0.3566	0.3390	0.0830	0.3465	0.2015	0.3897
000156	K	0.123043	0.696435	0.500673	0.1958	0.3631	0.3540	0.0820	0.3721	0.1894	0.3942
000157	S	0.192833	0.705695	0.519450	0.2333	0.4119	0.3660	0.0780	0.4048	0.1730	0.3999
000158	N	0.264007	0.720721	0.539348	0.3096	0.4541	0.4000	0.0860	0.4479	0.1517	0.4064
000159	V	0.354908	0.737300	0.561810	0.4078	0.4979	0.4030	0.1030	0.4937	0.1284	0.4132
000160	S	0.446937	0.754821	0.583530	0.4879	0.5419	0.4100	0.1190	0.5375	0.1128	0.4219
000161	S	0.529270	0.770559	0.605845	0.4513	0.5296	0.4520	0.1320	0.5564	0.1094	0.4294
000162	F	0.601501	0.789628	0.626961	0.3847	0.5176	0.4840	0.1370	0.5674	0.1271	0.4334
000163	V	0.685303	0.805427	0.647319	0.4556	0.5951	0.4640	0.1440	0.6088	0.1229	0.4332
000164	D	0.725117	0.826421	0.664158	0.4420	0.4940	0.4660	0.1510	0.6029	0.1445	0.4338
000165	E	0.725809	0.842290	0.679046	0.4513	0.4256	0.5070	0.1400	0.6052	0.1537	0.4354
000166	H	0.723837	0.852033	0.693315	0.4116	0.4256	0.5470	0.1080	0.6089	0.1612	0.4378
000167	E	0.705811	0.862727	0.708443	0.3668	0.3840	0.5460	0.1150	0.5956	0.1806	0.4399
000168	P	0.667978	0.872926	0.723759	0.3717	0.3249	0.5230	0.1080	0.5808	0.1940	0.4428
000169	S	0.653357	0.882210	0.737680	0.3263	0.3087	0.5400	0.0950	0.5748	0.2085	0.4477
000170	M	0.654521	0.883976	0.749731	0.3456	0.3667	0.5330	0.0900	0.5889	0.1954	0.4528
000171	V	0.654639	0.886583	0.760183	0.3359	0.3667	0.5000	0.0900	0.5841	0.2014	0.4559
000172	S	0.664920	0.899240	0.769686	0.3491	0.3983	0.4520	0.0750	0.5889	0.2030	0.4567
000173	S	0.682051	0.903325	0.779274	0.4245	0.4979	0.4330	0.0620	0.6200	0.1814	0.4562
000174	S	0.715279	0.907707	0.789271	0.5008	0.5533	0.4590	0.0600	0.6542	0.1623	0.4553
000175	C	0.748150	0.910864	0.800155	0.4967	0.5382	0.5050	0.0810	0.6666	0.1610	0.4548
000176	I	0.782133	0.914470	0.811889	0.4781	0.4582	0.5300	0.0760	0.6624	0.1796	0.4563
000177	S	0.823508	0.938060	0.822925	0.4749	0.4476	0.5450	0.0840	0.6753	0.1923	0.4553
000178	V	0.824586	0.945442	0.832943	0.4149	0.4507	0.5960	0.0870	0.6774	0.2019	0.4556
000179	I	0.794144	0.956088	0.840549	0.3885	0.3740	0.6030	0.0910	0.6594	0.2225	0.4545
000180	K	0.773601	0.965069	0.847172	0.4149	0.3740	0.6080	0.1060	0.6639	0.2181	0.4492
000181	H	0.729866	0.970019	0.852511	0.4037	0.4087	0.6720	0.1250	0.6728	0.2106	0.4448
000182	S	0.720615	0.973340	0.857774	0.4513	0.4087	0.6920	0.1190	0.6839	0.2022	0.4414
000183	P	0.708235	0.976498	0.862980	0.4703	0.4087	0.6730	0.1010	0.6834	0.1999	0.4433
000184	Q	0.694767	0.977633	0.867592	0.4245	0.4119	0.7050	0.0840	0.6803	0.2089	0.4451
000185	S	0.698513	0.978414	0.871204	0.4245	0.3631	0.7200	0.0690	0.6759	0.2210	0.4495
000186	S	0.700510	0.979252	0.874138	0.4749	0.4541	0.7300	0.0580	0.7021	0.1916	0.4575
000187	L	0.720466	0.979366	0.877384	0.4749	0.5342	0.7630	0.0490	0.7249	0.1772	0.4638
000188	S	0.769524	0.978619	0.880402	0.4879	0.5419	0.7650	0.0470	0.7372	0.1736	0.4682
000189	D	0.818581	0.979099	0.883151	0.5331	0.6136	0.8230	0.0260	0.7751	0.1539	0.4733
000190	V	0.864079	0.978630	0.885969	0.5667	0.7163	0.8530	0.0310	0.8108	0.1335	0.4766
000191	S	0.874095	0.976753	0.889281	0.5900	0.7209	0.8070	0.0650	0.8097	0.1255	0.4791
000192	E	0.875264	0.975102	0.892083	0.5941	0.7080	0.7980	0.0600	0.8072	0.1261	0.4803
000193	V	0.886148	0.974118	0.893771	0.5992	0.6427	0.8520	0.0500	0.8080	0.1378	0.4841
000194	S	0.890085	0.972481	0.893638	0.5802	0.6183	0.8640	0.0430	0.8031	0.1483	0.4836
000195	S	0.885318	0.970502	0.892801	0.5296	0.6136	0.8520	0.0640	0.7906	0.1607	0.4831
000196	V	0.880267	0.969888	0.891455	0.5412	0.6136	0.8490	0.0870	0.7909	0.1567	0.4826
000197	E	0.875276	0.969776	0.890047	0.5549	0.5254	0.8440	0.0990	0.7766	0.1716	0.4737
000198	H	0.867902	0.967874	0.888461	0.6035	0.6043	0.8480	0.1010	0.7966	0.1413	0.4635
000199	T	0.865200	0.966231	0.886910	0.5549	0.6043	0.8400	0.1030	0.7863	0.1518	0.4533
000200	Q	0.861315	0.963698	0.885835	0.5253	0.6227	0.7940	0.1110	0.7754	0.1534	0.4413
000201	E	0.852502	0.961664	0.885324	0.5667	0.7120	0.7650	0.0990	0.7906	0.1285	0.4319
000202	S	0.842833	0.960608	0.885158	0.5992	0.7289	0.7660	0.1070	0.7970	0.1165	0.4251
000203	S	0.835922	0.958329	0.884622	0.5992	0.7036	0.7600	0.0940	0.7903	0.1184	0.4159
000204	V	0.797422	0.955031	0.883837	0.6474	0.6531	0.8090	0.0850	0.7910	0.1122	0.4037
000205	Q	0.739507	0.952064	0.882410	0.6412	0.6661	0.7740	0.0930	0.7758	0.1110	0.3941
000206	G	0.679622	0.949100	0.880526	0.5900	0.5854	0.7600	0.1070	0.7407	0.1378	0.3853
000207	S	0.666147	0.946632	0.877440	0.6474	0.5707	0.7770	0.0940	0.7476	0.1325	0.3822
000208	C	0.616921	0.940556	0.872297	0.6079	0.5456	0.7660	0.1100	0.7249	0.1457	0.3918
000209	R	0.563916	0.929708	0.866615	0.5623	0.5456	0.7150	0.1150	0.6973	0.1539	0.4017
000210	S	0.556341	0.926574	0.860305	0.5583	0.5577	0.6760	0.1280	0.6891	0.1516	0.4139
000211	P	0.548368	0.918462	0.853621	0.5623	0.5807	0.5820	0.1300	0.6743	0.1513	0.4272
000212	E	0.548673	0.913774	0.845132	0.5583	0.5382	0.5930	0.1260	0.6662	0.1530	0.4410
000213	N	0.584237	0.899268	0.835583	0.5941	0.5577	0.6290	0.1180	0.6833	0.1331	0.4638
000214	K	0.597595	0.882964	0.825476	0.5667	0.4979	0.6250	0.1090	0.6660	0.1396	0.4920
000215	F	0.622236	0.872561	0.815517	0.6219	0.5707	0.6470	0.0860	0.6917	0.1113	0.5343
000216	Q	0.602848	0.852553	0.803424	0.5583	0.5577	0.6240	0.0950	0.6665	0.1174	0.5649
000217	I	0.608663	0.814366	0.788867	0.5549	0.4831	0.6710	0.0820	0.6535	0.1192	0.5953
000218	I	0.619440	0.824166	0.771585	0.5549	0.4901	0.7220	0.0710	0.6636	0.1188	0.6159
000219	K	0.621850	0.804229	0.752604	0.5412	0.5854	0.6900	0.0790	0.6658	0.0924	0.6185
000220	Q	0.623996	0.793667	0.734414	0.5473	0.5992	0.7100	0.0880	0.6681	0.0849	0.6230
000221	E	0.625189	0.806060	0.715574	0.5473	0.6427	0.6930	0.1160	0.6716	0.0805	0.6251
000222	P	0.629409	0.781721	0.698498	0.5253	0.6089	0.7400	0.1040	0.6640	0.0859	0.6266
000223	M	0.673005	0.778387	0.682928	0.5473	0.6136	0.8140	0.0840	0.6848	0.0908	0.6272
000224	E	0.705558	0.785913	0.670803	0.5412	0.6183	0.7550	0.1090	0.6794	0.0822	0.6188
000225	L	0.734933	0.778753	0.660919	0.5711	0.6375	0.7400	0.0880	0.6872	0.0708	0.6128
000226	E	0.773342	0.780355	0.650677	0.6442	0.7595	0.7140	0.0910	0.7204	0.0557	0.5908
000227	S	0.811483	0.782148	0.638588	0.6334	0.7505	0.7460	0.0930	0.7271	0.0679	0.5771
000228	Y	0.810131	0.777383	0.624214	0.6650	0.7459	0.7950	0.0600	0.7363	0.0688	0.5651
000229	T	0.802048	0.767939	0.607622	0.6944	0.8198	0.7370	0.0650	0.7382	0.0714	0.5538
000230	R	0.770077	0.755308	0.590035	0.6412	0.8050	0.7090	0.0890	0.7117	0.0751	0.5507
000231	E	0.710816	0.749961	0.571701	0.6334	0.7982	0.7210	0.0970	0.6975	0.0748	0.5480
000232	P	0.657629	0.749953	0.553423	0.5941	0.7120	0.6980	0.1510	0.6608	0.0682	0.5445
000233	R	0.570376	0.746703	0.535999	0.5623	0.5901	0.7110	0.1530	0.6195	0.0798	0.5516
000234	D	0.484953	0.750002	0.519772	0.5331	0.6269	0.6840	0.1570	0.5997	0.0952	0.5660
000235	D	0.420135	0.734391	0.504942	0.4703	0.6227	0.6360	0.1840	0.5647	0.1084	0.5835
000236	R	0.355481	0.720691	0.491125	0.5412	0.6136	0.5710	0.1820	0.5489	0.1118	0.5951
000237	G	0.316476	0.706414	0.478116	0.5412	0.5758	0.5620	0.1820	0.5301	0.1174	0.6235
000238	S	0.250518	0.688534	0.465999	0.4825	0.5854	0.5040	0.1630	0.4962	0.1332	0.6595
000239	Y	0.200222	0.683953	0.455579	0.5229	0.6906	0.4880	0.1580	0.5069	0.1645	0.6959
000240	T	0.169452	0.675336	0.445465	0.5253	0.6851	0.5060	0.1610	0.5010	0.1722	0.7197
000241	A	0.130073	0.667701	0.436408	0.5296	0.5620	0.5130	0.1350	0.4732	0.1681	0.7427
000242	S	0.125896	0.666611	0.428084	0.5173	0.5456	0.5380	0.1070	0.4702	0.1690	0.7708
000243	I	0.120796	0.664884	0.422255	0.4245	0.5211	0.5950	0.1300	0.4581	0.1740	0.7997
000244	Y	0.096161	0.663315	0.417812	0.4245	0.4476	0.5730	0.1190	0.4370	0.1763	0.8137
000245	Q	0.073296	0.680291	0.413953	0.4116	0.4292	0.5580	0.1320	0.4277	0.1856	0.8241
000246	N	0.076796	0.701898	0.410364	0.3399	0.4220	0.5690	0.1100	0.4201	0.1941	0.8350
000247	Y	0.089971	0.703577	0.409390	0.3359	0.4149	0.6250	0.1000	0.4298	0.1992	0.8523
000248	M	0.090609	0.721269	0.411386	0.3359	0.4369	0.6100	0.0950	0.4343	0.2006	0.8595
000249	G	0.092053	0.738765	0.416318	0.3311	0.4652	0.5720	0.0980	0.4358	0.2002	0.8556
000250	N	0.097795	0.751425	0.423063	0.4282	0.4766	0.6260	0.0830	0.4672	0.2025	0.8493
000251	S	0.149045	0.764881	0.429902	0.4556	0.4186	0.6760	0.0800	0.4823	0.1982	0.8595
000252	F	0.188651	0.772194	0.438705	0.4420	0.4476	0.7270	0.0860	0.5027	0.1968	0.8749
000253	S	0.247298	0.784507	0.447180	0.3992	0.4017	0.7250	0.0900	0.5009	0.1907	0.8770
000254	G	0.328226	0.791432	0.455376	0.4781	0.4766	0.7600	0.0720	0.5483	0.1689	0.8826
000255	Y	0.374921	0.795051	0.461328	0.4967	0.5533	0.7920	0.0720	0.5789	0.1607	0.8913
000256	S	0.442597	0.802702	0.466795	0.4749	0.5419	0.7830	0.0710	0.5854	0.1500	0.8939
000257	H	0.533708	0.807047	0.474025	0.4749	0.5254	0.8000	0.0700	0.6024	0.1438	0.8945
000258	S	0.633015	0.813109	0.483494	0.5296	0.6043	0.8200	0.0630	0.6473	0.1292	0.8899
000259	P	0.737573	0.827194	0.495560	0.5549	0.6427	0.8150	0.0740	0.6788	0.1253	0.8906
000260	P	0.793677	0.843593	0.510395	0.5549	0.6322	0.8360	0.0750	0.6952	0.1351	0.8938
000261	L	0.863762	0.860101	0.527033	0.5549	0.6531	0.8770	0.0550	0.7227	0.1494	0.8973
000262	L	0.914201	0.874296	0.544914	0.5549	0.6576	0.8880	0.0400	0.7391	0.1578	0.8854
000263	Q	0.940580	0.885261	0.562685	0.6474	0.7718	0.8850	0.0410	0.7820	0.1370	0.8580
000264	V	0.956607	0.894257	0.579769	0.6516	0.7718	0.8990	0.0340	0.7921	0.1379	0.8329
000265	N	0.967236	0.902426	0.596083	0.6442	0.7799	0.8900	0.0490	0.7966	0.1371	0.7898
000266	R	0.962637	0.907993	0.611937	0.6870	0.8530	0.8900	0.0550	0.8188	0.1259	0.7427
000267	S	0.938437	0.913898	0.627979	0.7034	0.8655	0.8760	0.0610	0.8209	0.1144	0.6993
000268	S	0.910572	0.919058	0.644455	0.6984	0.8681	0.8470	0.0750	0.8147	0.1053	0.6542
000269	S	0.892669	0.922895	0.661165	0.7232	0.8765	0.8350	0.0800	0.8185	0.0947	0.6105
000270	N	0.878579	0.929151	0.678809	0.7192	0.8050	0.8440	0.0740	0.8091	0.0871	0.5623
000271	S	0.869444	0.933020	0.697130	0.7079	0.7250	0.8390	0.0810	0.7952	0.0900	0.5271
000272	P	0.862609	0.935458	0.715729	0.7192	0.7951	0.8300	0.0890	0.8097	0.0777	0.4993
000273	R	0.856791	0.937749	0.734040	0.7275	0.8462	0.8300	0.0930	0.8220	0.0729	0.4923
000274	T	0.859936	0.940077	0.751533	0.7147	0.8343	0.8350	0.0900	0.8227	0.0732	0.5004
000275	S	0.867543	0.942336	0.768263	0.7458	0.8765	0.8370	0.0910	0.8396	0.0666	0.5167
000276	E	0.892654	0.944111	0.784011	0.7458	0.8792	0.8440	0.0930	0.8483	0.0668	0.5439
000277	T	0.917865	0.946321	0.798610	0.7501	0.8792	0.8580	0.0890	0.8584	0.0671	0.5724
000278	D	0.932706	0.947892	0.812238	0.7605	0.8894	0.8570	0.0940	0.8667	0.0656	0.6035
000279	D	0.942278	0.951866	0.825052	0.7688	0.8991	0.8640	0.0920	0.8752	0.0644	0.6240
000280	G	0.949259	0.950959	0.837192	0.7772	0.9081	0.8750	0.0850	0.8829	0.0619	0.6403
000281	V	0.955045	0.948648	0.848763	0.7817	0.9081	0.8890	0.0740	0.8885	0.0597	0.6535
000282	V	0.958409	0.943031	0.859143	0.7912	0.9168	0.8820	0.0800	0.8917	0.0562	0.6468
000283	G	0.959775	0.943651	0.867477	0.7869	0.8655	0.8770	0.0840	0.8833	0.0569	0.6251
000284	K	0.964821	0.939246	0.873789	0.8036	0.8828	0.8690	0.0940	0.8889	0.0520	0.6111
000285	S	0.960324	0.934773	0.879195	0.7724	0.8765	0.8650	0.1020	0.8814	0.0595	0.6013
000286	S	0.943914	0.933608	0.884258	0.7951	0.8828	0.8460	0.1200	0.8810	0.0505	0.5865
000287	D	0.929569	0.929663	0.888551	0.7724	0.8920	0.8520	0.1210	0.8774	0.0539	0.5717
000288	G	0.922692	0.924992	0.891703	0.7869	0.8343	0.8480	0.1270	0.8681	0.0499	0.5502
000289	E	0.913391	0.921322	0.894383	0.7912	0.8313	0.8360	0.1350	0.8646	0.0480	0.5334
000290	D	0.904081	0.916989	0.896583	0.7192	0.8125	0.8230	0.1470	0.8454	0.0692	0.5362
000291	E	0.898552	0.911675	0.897215	0.7232	0.8343	0.8020	0.1620	0.8446	0.0668	0.5401
000292	Q	0.890482	0.902631	0.896372	0.7540	0.8313	0.8090	0.1560	0.8473	0.0544	0.5516
000293	Q	0.874887	0.892287	0.893568	0.8074	0.8828	0.7950	0.1660	0.8576	0.0406	0.5781
000294	V	0.858986	0.878893	0.890085	0.7501	0.8235	0.7930	0.1600	0.8324	0.0493	0.6066
000295	P	0.845433	0.866852	0.886308	0.7605	0.8235	0.7220	0.1780	0.8174	0.0584	0.6296
000296	K	0.796314	0.855113	0.883441	0.6984	0.8343	0.6910	0.1880	0.7931	0.0743	0.6471
000297	G	0.711087	0.841859	0.880624	0.6944	0.7843	0.6900	0.1970	0.7670	0.0744	0.6701
000298	P	0.634314	0.827280	0.877013	0.7034	0.7799	0.6310	0.1940	0.7421	0.0935	0.6954
000299	I	0.549244	0.804134	0.872329	0.6516	0.7547	0.6060	0.1770	0.7063	0.1135	0.7269
000300	H	0.454106	0.793011	0.865050	0.6650	0.7415	0.5220	0.1640	0.6734	0.1454	0.7474
000301	S	0.364487	0.778260	0.855270	0.6374	0.6620	0.5050	0.1600	0.6337	0.1632	0.7518
000302	P	0.280050	0.767272	0.843143	0.6293	0.5807	0.5080	0.1670	0.6014	0.1822	0.7611
000303	V	0.203408	0.746343	0.831048	0.5514	0.5620	0.5000	0.1730	0.5657	0.1995	0.7692
000304	E	0.130584	0.726384	0.820647	0.4749	0.4940	0.4050	0.1540	0.5085	0.2236	0.7659
000305	L	0.089685	0.711036	0.810026	0.5173	0.5807	0.3430	0.1270	0.5085	0.2381	0.7686
000306	K	0.081557	0.663320	0.797481	0.4282	0.5620	0.3130	0.1120	0.4742	0.2347	0.7607
000307	H	0.071260	0.629848	0.781825	0.4651	0.5098	0.2770	0.0860	0.4558	0.2307	0.7553
000308	V	0.065397	0.592612	0.765923	0.4513	0.5211	0.2650	0.0800	0.4435	0.2262	0.7439
000309	H	0.062461	0.573874	0.749668	0.3578	0.4901	0.2300	0.0750	0.4107	0.2253	0.7247
000310	A	0.063671	0.541471	0.734084	0.4245	0.5577	0.2090	0.0730	0.4217	0.2251	0.6962
000311	T	0.065472	0.503742	0.716824	0.4078	0.5296	0.2010	0.0830	0.4041	0.2158	0.6659
000312	V	0.064924	0.531775	0.699186	0.4078	0.4685	0.2120	0.0890	0.3974	0.2078	0.6458
000313	V	0.068187	0.544707	0.680644	0.3578	0.4685	0.2140	0.1010	0.3890	0.2041	0.6258
000314	K	0.078796	0.557458	0.663541	0.3225	0.5342	0.2150	0.1100	0.3953	0.2063	0.6006
000315	V	0.084823	0.555989	0.647503	0.3399	0.5176	0.2210	0.1150	0.3944	0.1976	0.5869
000316	P	0.096143	0.558320	0.632509	0.4203	0.5176	0.2290	0.1200	0.4089	0.1891	0.5664
000317	E	0.110347	0.552939	0.618478	0.4149	0.5296	0.2630	0.1370	0.4149	0.1777	0.5568
000318	V	0.180703	0.554777	0.607586	0.3146	0.4507	0.2800	0.1320	0.3981	0.1524	0.5472
000319	N	0.252206	0.556147	0.596875	0.3668	0.4979	0.2490	0.1250	0.4198	0.1392	0.5419
000320	S	0.328868	0.541606	0.585872	0.2602	0.4685	0.2280	0.1130	0.4022	0.1374	0.5399
000321	S	0.360618	0.531968	0.572437	0.2820	0.4831	0.2040	0.1030	0.4057	0.1340	0.5430
000322	A	0.386950	0.515077	0.558592	0.2558	0.4619	0.1870	0.0950	0.3943	0.1343	0.5462
000323	L	0.446547	0.497827	0.544987	0.3096	0.4901	0.1830	0.0860	0.4121	0.1259	0.5464
000324	P	0.544549	0.493252	0.534085	0.3359	0.5577	0.1650	0.0780	0.4384	0.1432	0.5423
000325	H	0.594405	0.499726	0.525835	0.3005	0.4864	0.1720	0.0760	0.4298	0.1458	0.5406
000326	K	0.644685	0.497911	0.517980	0.3717	0.5382	0.1640	0.0730	0.4558	0.1529	0.5364
000327	L	0.583978	0.486057	0.507793	0.2748	0.4541	0.1510	0.0510	0.4097	0.1487	0.5347
000328	R	0.517320	0.486163	0.497194	0.2748	0.4541	0.1440	0.0500	0.3956	0.1383	0.5302
000329	I	0.444744	0.474119	0.486385	0.2820	0.4831	0.1480	0.0620	0.3864	0.1279	0.5241
000330	K	0.424848	0.474915	0.476602	0.2786	0.3774	0.1460	0.0610	0.3630	0.1182	0.5185
000331	A	0.391787	0.466035	0.468601	0.2558	0.3872	0.1470	0.0600	0.3528	0.1159	0.5147
000332	K	0.331378	0.453356	0.463843	0.1732	0.4051	0.1430	0.0530	0.3282	0.1281	0.5116
000333	A	0.256461	0.423191	0.462105	0.1998	0.4292	0.1420	0.0480	0.3188	0.1245	0.5089
000334	M	0.225219	0.429455	0.461891	0.2820	0.3948	0.1460	0.0460	0.3233	0.1141	0.5055
000335	Q	0.159276	0.407617	0.461122	0.2657	0.3807	0.1570	0.0400	0.3052	0.1193	0.5008
000336	I	0.147523	0.426619	0.462621	0.1667	0.3529	0.1650	0.0460	0.2869	0.1313	0.4952
000337	K	0.142400	0.442466	0.466512	0.1698	0.3599	0.1720	0.0490	0.2922	0.1350	0.4889
000338	V	0.139267	0.454957	0.474109	0.2209	0.4256	0.1810	0.0490	0.3160	0.1383	0.4820
000339	E	0.171675	0.491779	0.481566	0.2167	0.4186	0.1850	0.0520	0.3275	0.1391	0.4759
000340	A	0.230121	0.501092	0.489967	0.3184	0.4186	0.2110	0.0650	0.3616	0.1161	0.4697
000341	F	0.270016	0.532091	0.499386	0.3146	0.4186	0.2310	0.0740	0.3775	0.1137	0.4640
000342	D	0.291093	0.559720	0.511288	0.2748	0.4330	0.2380	0.0840	0.3847	0.1234	0.4553
000343	N	0.313467	0.587958	0.524434	0.2748	0.4652	0.2510	0.0880	0.4028	0.1293	0.4481
000344	E	0.394652	0.613113	0.538316	0.3053	0.4119	0.2710	0.0850	0.4224	0.1206	0.4412
000345	F	0.487212	0.627968	0.551044	0.3630	0.4476	0.3350	0.1120	0.4686	0.1016	0.4373
000346	E	0.542227	0.650058	0.563395	0.2865	0.4149	0.3020	0.1130	0.4598	0.1359	0.4344
000347	A	0.604842	0.667992	0.574517	0.3717	0.4864	0.3110	0.1150	0.5027	0.1273	0.4349
000348	T	0.639738	0.677532	0.585402	0.3399	0.4864	0.2860	0.0860	0.5025	0.1471	0.4347
000349	Q	0.637585	0.688731	0.592452	0.3992	0.5419	0.3030	0.0740	0.5271	0.1351	0.4351
000350	K	0.665422	0.699085	0.599976	0.3939	0.5342	0.3130	0.0740	0.5342	0.1400	0.4366
000351	L	0.659719	0.708570	0.606794	0.4078	0.5707	0.3560	0.0920	0.5516	0.1283	0.4380
000352	S	0.682711	0.718392	0.615729	0.4918	0.5707	0.3370	0.0870	0.5694	0.1273	0.4387
000353	S	0.648313	0.726281	0.625002	0.4918	0.5707	0.3830	0.0910	0.5742	0.1114	0.4420
000354	P	0.598368	0.741579	0.634485	0.4078	0.4831	0.3950	0.0770	0.5434	0.1255	0.4450
000355	I	0.586332	0.740502	0.638819	0.4149	0.4831	0.4130	0.0930	0.5461	0.1203	0.4489
000356	D	0.563507	0.732101	0.638679	0.4379	0.5901	0.3740	0.0830	0.5560	0.1199	0.4504
000357	M	0.553425	0.728001	0.634878	0.4513	0.5901	0.3670	0.0780	0.5542	0.1180	0.4514
000358	T	0.578387	0.721576	0.632441	0.4749	0.6136	0.3830	0.0760	0.5674	0.1101	0.4499
000359	S	0.578541	0.718264	0.628232	0.4749	0.5854	0.3720	0.0720	0.5596	0.1104	0.4499
000360	K	0.603217	0.722328	0.626491	0.4513	0.6089	0.4140	0.0820	0.5711	0.1060	0.4506
000361	R	0.575854	0.712046	0.626434	0.4282	0.6089	0.3850	0.0770	0.5560	0.1142	0.4517
000362	H	0.592024	0.724595	0.626957	0.5296	0.6661	0.3780	0.0860	0.5863	0.1108	0.4526
000363	F	0.584880	0.729131	0.624328	0.5253	0.5951	0.4200	0.0870	0.5798	0.0940	0.4542
000364	E	0.562772	0.747799	0.618219	0.5043	0.6136	0.3950	0.0680	0.5735	0.1087	0.4549
000365	L	0.542026	0.752207	0.610246	0.4203	0.5758	0.4550	0.0590	0.5593	0.1085	0.4569
000366	E	0.499123	0.750242	0.602372	0.4825	0.6661	0.3690	0.0500	0.5616	0.1261	0.4573
000367	K	0.452877	0.746010	0.593679	0.4749	0.5620	0.4130	0.0570	0.5404	0.1108	0.4591
000368	H	0.397448	0.748546	0.587455	0.5008	0.5901	0.4190	0.0670	0.5405	0.1189	0.4630
000369	S	0.351715	0.738812	0.580758	0.4379	0.6227	0.4060	0.0730	0.5230	0.1354	0.4665
000370	A	0.337706	0.734536	0.576598	0.4333	0.5098	0.4350	0.0990	0.5045	0.1264	0.4693
000371	P	0.277404	0.730080	0.571250	0.4703	0.5098	0.3720	0.0900	0.4885	0.1438	0.4717
000372	S	0.257115	0.716004	0.564965	0.3847	0.4476	0.4130	0.0860	0.4639	0.1447	0.4750
000373	M	0.286608	0.709522	0.556876	0.3762	0.4441	0.4380	0.0760	0.4686	0.1348	0.4807
000374	V	0.309379	0.697580	0.547805	0.4078	0.4801	0.4230	0.0680	0.4777	0.1221	0.4825
000375	H	0.355010	0.683782	0.538689	0.4078	0.4725	0.4330	0.0900	0.4817	0.1065	0.4847
000376	S	0.342464	0.669659	0.529426	0.4245	0.5577	0.4190	0.0810	0.4905	0.1076	0.4835
000377	S	0.318820	0.658519	0.518599	0.4037	0.4619	0.4600	0.0770	0.4703	0.1043	0.4840
000378	L	0.290572	0.645039	0.507364	0.4149	0.4766	0.4190	0.0780	0.4589	0.1074	0.4856
000379	T	0.244667	0.625607	0.494613	0.3578	0.4725	0.3330	0.0720	0.4213	0.1244	0.4842
000380	P	0.234251	0.615733	0.482465	0.3717	0.3807	0.2840	0.0500	0.3948	0.1260	0.4842
000381	F	0.217842	0.582113	0.469043	0.3992	0.3983	0.2840	0.0570	0.3918	0.1184	0.4844
000382	S	0.160857	0.573803	0.454632	0.2865	0.3019	0.2760	0.0640	0.3423	0.1343	0.4796
000383	V	0.109875	0.539731	0.440435	0.2865	0.3019	0.2580	0.0570	0.3227	0.1368	0.4777
000384	Q	0.030992	0.501905	0.427312	0.2483	0.3182	0.2210	0.0400	0.2912	0.1518	0.4720
000385	V	0.006548	0.445815	0.416517	0.3005	0.3807	0.2510	0.0620	0.3001	0.1471	0.4700
000386	T	0.004581	0.454453	0.411274	0.3005	0.3840	0.2570	0.0760	0.3020	0.1485	0.4661
000387	N	0.003279	0.479728	0.407661	0.3096	0.2951	0.3060	0.0970	0.3002	0.1484	0.4653
000388	I	0.002984	0.486419	0.407852	0.3184	0.3087	0.3300	0.0950	0.3091	0.1502	0.4663
000389	Q	0.002735	0.501553	0.406366	0.3184	0.3807	0.3210	0.0940	0.3219	0.1553	0.4641
000390	D	0.002185	0.499070	0.408638	0.3263	0.3774	0.3470	0.0940	0.3267	0.1553	0.4632
000391	W	0.001063	0.519199	0.409840	0.3096	0.3599	0.3710	0.0820	0.3285	0.1599	0.4607
000392	S	0.000772	0.533970	0.410553	0.3939	0.3872	0.3830	0.0780	0.3516	0.1653	0.4571
000393	L	0.000978	0.527252	0.413718	0.3992	0.3840	0.4080	0.0680	0.3556	0.1654	0.4558
000394	K	0.001201	0.564533	0.420660	0.3885	0.4409	0.3450	0.0780	0.3601	0.1741	0.4521
000395	S	0.001503	0.575457	0.431047	0.3717	0.4292	0.3360	0.0900	0.3576	0.1758	0.4498
000396	E	0.001883	0.588697	0.440948	0.4282	0.4901	0.3640	0.1130	0.3856	0.1847	0.4477
000397	H	0.001807	0.602103	0.448707	0.4245	0.4979	0.4070	0.1200	0.3971	0.1880	0.4459
000398	W	0.001958	0.611165	0.456429	0.4116	0.4940	0.4430	0.1320	0.4030	0.1902	0.4436
000399	H	0.002035	0.626904	0.461229	0.4781	0.5758	0.3770	0.1220	0.4202	0.2036	0.4399
000400	Q	0.002144	0.643837	0.466875	0.4703	0.4541	0.3990	0.1240	0.4060	0.1957	0.4367
000401	K	0.002072	0.656678	0.468054	0.4651	0.4441	0.4220	0.1310	0.4097	0.1979	0.4352
000402	E	0.001953	0.673535	0.466942	0.4749	0.5456	0.4140	0.1360	0.4295	0.2080	0.4341
000403	L	0.001818	0.691232	0.464859	0.4703	0.5533	0.4230	0.1530	0.4340	0.2120	0.4336
000404	S	0.001645	0.682662	0.465500	0.5253	0.5707	0.3980	0.1550	0.4406	0.2152	0.4333
000405	G	0.001524	0.661767	0.469329	0.5296	0.5055	0.4100	0.1570	0.4295	0.2061	0.4337
000406	K	0.002479	0.652394	0.472325	0.4879	0.5211	0.3820	0.1370	0.4198	0.2030	0.4329
000407	T	0.003521	0.664614	0.474522	0.4282	0.4801	0.3510	0.1230	0.4003	0.2010	0.4312
000408	Q	0.015793	0.665683	0.476709	0.4245	0.4652	0.3050	0.0910	0.3922	0.1990	0.4299
000409	N	0.015769	0.627888	0.478463	0.4651	0.5807	0.2780	0.0740	0.4076	0.2071	0.4281
000410	S	0.015758	0.599261	0.480012	0.4556	0.5577	0.2850	0.0850	0.3989	0.1979	0.4265
000411	F	0.015755	0.567010	0.479508	0.4556	0.5533	0.2810	0.0880	0.3920	0.1925	0.4264
000412	K	0.015763	0.547594	0.479376	0.4600	0.4619	0.2300	0.0640	0.3658	0.1848	0.4256
000413	T	0.016714	0.531800	0.480185	0.4556	0.4507	0.2240	0.0650	0.3599	0.1814	0.4265
000414	G	0.018483	0.512641	0.480640	0.4420	0.4619	0.2070	0.0640	0.3538	0.1801	0.4280
000415	V	0.024564	0.506621	0.477994	0.4420	0.4619	0.2200	0.0720	0.3555	0.1754	0.4303
000416	V	0.030409	0.502084	0.471902	0.3762	0.4685	0.2420	0.0880	0.3486	0.1665	0.4319
000417	E	0.022471	0.519794	0.462458	0.3806	0.4979	0.2560	0.0930	0.3566	0.1732	0.4330
000418	M	0.024964	0.538632	0.454097	0.3939	0.5098	0.2620	0.0860	0.3639	0.1761	0.4329
000419	K	0.028724	0.553427	0.445428	0.4116	0.5139	0.2460	0.0860	0.3665	0.1796	0.4335
000420	D	0.030767	0.570983	0.439087	0.4116	0.4292	0.2740	0.1050	0.3593	0.1703	0.4335
000421	S	0.032749	0.618311	0.432034	0.4203	0.3494	0.3070	0.1360	0.3600	0.1759	0.4333
000422	G	0.034214	0.597330	0.423995	0.4245	0.3807	0.3260	0.1420	0.3645	0.1694	0.4336
000423	Y	0.034572	0.593794	0.415585	0.3535	0.3774	0.3440	0.1420	0.3531	0.1653	0.4315
000424	K	0.028265	0.563391	0.404826	0.2865	0.3840	0.3080	0.1100	0.3292	0.1614	0.4308
000425	V	0.021911	0.557612	0.393438	0.2786	0.3872	0.3060	0.1110	0.3241	0.1618	0.4303
000426	S	0.019156	0.567588	0.380298	0.3311	0.3704	0.2960	0.1200	0.3275	0.1624	0.4307
000427	D	0.017648	0.535622	0.367410	0.3806	0.4051	0.2610	0.1260	0.3279	0.1603	0.4299
000428	P	0.014471	0.493036	0.356364	0.2913	0.4087	0.2230	0.1290	0.2979	0.1526	0.4286
000429	E	0.014667	0.424869	0.345615	0.2820	0.3667	0.2180	0.1440	0.2753	0.1335	0.4280
000430	N	0.028804	0.377006	0.336550	0.2913	0.3631	0.2120	0.1430	0.2681	0.1201	0.4247
000431	L	0.079407	0.340084	0.326227	0.2080	0.3356	0.1820	0.1130	0.2452	0.0972	0.4221
000432	Y	0.143686	0.311839	0.318402	0.2080	0.3494	0.1380	0.0840	0.2449	0.0855	0.4224
000433	L	0.191654	0.302163	0.312418	0.1732	0.2951	0.1110	0.0560	0.2309	0.0765	0.4214
000434	K	0.193672	0.303494	0.305854	0.2483	0.3249	0.0910	0.0340	0.2446	0.0814	0.4221
000435	Q	0.207091	0.289038	0.296578	0.1958	0.3215	0.1090	0.0420	0.2366	0.0733	0.4210
000436	G	0.208597	0.270996	0.284231	0.1878	0.3149	0.1100	0.0290	0.2294	0.0689	0.4200
000437	I	0.209578	0.257793	0.275213	0.1878	0.3149	0.1120	0.0230	0.2262	0.0660	0.4171
000438	A	0.210113	0.250287	0.270113	0.1205	0.3117	0.1160	0.0290	0.2131	0.0734	0.4165
000439	N	0.200111	0.249904	0.267909	0.0991	0.2193	0.1320	0.0340	0.1948	0.0606	0.4166
000440	L	0.157112	0.262544	0.265745	0.0965	0.1501	0.1500	0.0400	0.1804	0.0625	0.4137
000441	S	0.123428	0.273268	0.262808	0.0567	0.1275	0.1550	0.0420	0.1665	0.0777	0.4133
000442	A	0.093014	0.266299	0.263194	0.0542	0.1823	0.1650	0.0440	0.1706	0.0790	0.4136
000443	E	0.113213	0.264527	0.265924	0.0677	0.2645	0.1840	0.0640	0.1933	0.0793	0.4136
000444	V	0.135540	0.254910	0.272129	0.1088	0.3599	0.1990	0.0820	0.2217	0.0851	0.4129
000445	V	0.179374	0.244669	0.280563	0.1150	0.2918	0.2110	0.0760	0.2204	0.0608	0.4111
000446	S	0.235982	0.258241	0.291877	0.1322	0.2783	0.2260	0.0700	0.2371	0.0521	0.4120
000447	L	0.299766	0.269072	0.301710	0.0744	0.2575	0.2620	0.0930	0.2441	0.0778	0.4134
000448	K	0.357452	0.260176	0.309161	0.1240	0.3215	0.2550	0.0920	0.2712	0.0747	0.4182
000449	R	0.401691	0.258980	0.314033	0.1205	0.3494	0.3620	0.1500	0.3011	0.0919	0.4205
000450	L	0.422520	0.257949	0.319205	0.1178	0.3321	0.4730	0.1750	0.3204	0.1145	0.4223
000451	I	0.460798	0.266667	0.324473	0.1844	0.4017	0.4880	0.1890	0.3543	0.1072	0.4294
000452	A	0.519713	0.294090	0.329073	0.1844	0.3983	0.4370	0.2100	0.3605	0.1073	0.4306
000453	T	0.584419	0.345768	0.334550	0.2167	0.3983	0.6610	0.1750	0.4234	0.1525	0.4232
000454	Q	0.641647	0.419356	0.338829	0.2531	0.3667	0.7480	0.0750	0.4612	0.1750	0.4164
000455	P	0.691149	0.499761	0.343447	0.3578	0.4051	0.7110	0.0910	0.5013	0.1498	0.4110
000456	I	0.734295	0.561401	0.346854	0.4651	0.4476	0.6960	0.1280	0.5418	0.1378	0.4049
000457	S	0.779495	0.668664	0.351661	0.5084	0.4292	0.7330	0.0860	0.5784	0.1587	0.4015
000458	A	0.836138	0.740796	0.357432	0.6334	0.5017	0.8000	0.0870	0.6449	0.1698	0.3977
000459	S	0.970412	0.821662	0.362366	0.6756	0.4831	0.8510	0.0730	0.6940	0.2130	0.3956
000460	D	0.988343	0.860893	0.366267	0.7147	0.4541	0.8750	0.0680	0.7099	0.2277	0.3922
000461	S	0.982118	0.875096	0.367863	0.8200	0.5456	0.9110	0.0330	0.7502	0.2191	0.3874
000462	G	0.999543	0.853980	0.369193	0.9119	0.6851	0.9150	0.0480	0.7892	0.2108	0.3860