RESNUM	RES	VL-XT	VSL2B	VL3	IUPred-S	IUPred-L	PONDRFIT	FITERROR	MDP	MDPERROR	ANCHOR2
000001	M	0.835179	0.848094	0.683474	0.8945	0.5382	0.9760	0.0170	0.7959	0.1446	0.2636
000002	L	0.910378	0.837183	0.681968	0.8677	0.4330	0.9800	0.0070	0.7850	0.1816	0.2773
000003	P	0.961627	0.827096	0.678687	0.8457	0.3494	0.9630	0.0240	0.7709	0.2114	0.2892
000004	L	0.943399	0.820979	0.674942	0.7388	0.2783	0.9590	0.0240	0.7359	0.2284	0.2990
000005	G	0.853527	0.810705	0.671350	0.6412	0.2817	0.9620	0.0150	0.7035	0.2175	0.3104
000006	S	0.833276	0.793379	0.668531	0.5331	0.3019	0.9560	0.0190	0.6810	0.2149	0.3230
000007	E	0.812428	0.783981	0.666570	0.4781	0.3392	0.9340	0.0310	0.6690	0.2038	0.3400
000008	P	0.786411	0.763206	0.664821	0.4333	0.3740	0.9440	0.0210	0.6610	0.2002	0.3527
000009	A	0.762908	0.745634	0.663344	0.4037	0.4017	0.9450	0.0470	0.6537	0.1964	0.3633
000010	L	0.746718	0.751843	0.661759	0.3668	0.3182	0.9440	0.0280	0.6315	0.2215	0.3733
000011	N	0.745118	0.759227	0.660203	0.3359	0.3215	0.9060	0.0480	0.6213	0.2192	0.3821
000012	E	0.742247	0.766648	0.658312	0.2657	0.3215	0.8610	0.0450	0.6026	0.2269	0.3901
000013	L	0.737049	0.753494	0.656302	0.3399	0.3215	0.8570	0.0470	0.6108	0.2065	0.3947
000014	L	0.747512	0.770721	0.654297	0.2913	0.2849	0.8480	0.0560	0.5994	0.2273	0.3998
000015	L	0.753373	0.787051	0.652405	0.3096	0.3392	0.8430	0.0610	0.6141	0.2127	0.4085
000016	R	0.752075	0.793955	0.648947	0.3053	0.3460	0.8010	0.0650	0.6079	0.2060	0.4173
000017	K	0.750250	0.810289	0.644530	0.2786	0.3286	0.7250	0.0950	0.5895	0.2084	0.4234
000018	E	0.748708	0.811662	0.639416	0.2786	0.3286	0.6630	0.1020	0.5783	0.2027	0.4294
000019	E	0.749304	0.816889	0.635605	0.2292	0.2918	0.6280	0.0970	0.5585	0.2212	0.4320
000020	E	0.741533	0.815090	0.632569	0.2531	0.2399	0.5770	0.0850	0.5432	0.2231	0.4259
000021	W	0.736881	0.819510	0.629979	0.3263	0.3117	0.5730	0.0910	0.5662	0.1914	0.4218
000022	R	0.734556	0.806675	0.627836	0.2531	0.3053	0.5140	0.0930	0.5403	0.2060	0.4168
000023	A	0.738053	0.795933	0.624587	0.2385	0.2817	0.5030	0.0940	0.5304	0.2122	0.4123
000024	L	0.738544	0.798102	0.619450	0.3225	0.3356	0.5170	0.1040	0.5552	0.1828	0.4070
000025	Q	0.715273	0.801320	0.610978	0.3668	0.3321	0.4640	0.0700	0.5485	0.1744	0.4018
000026	A	0.656689	0.792706	0.603561	0.4149	0.4017	0.4840	0.0480	0.5589	0.1398	0.4031
000027	H	0.590492	0.773617	0.596962	0.3535	0.4369	0.5230	0.0760	0.5457	0.1328	0.4045
000028	R	0.545275	0.747286	0.591931	0.3535	0.4541	0.5820	0.0870	0.5458	0.1221	0.4024
000029	T	0.503076	0.713862	0.586558	0.3535	0.4256	0.6540	0.0830	0.5395	0.1256	0.4043
000030	Q	0.485905	0.729275	0.582206	0.3399	0.4186	0.6860	0.0910	0.5404	0.1395	0.4030
000031	L	0.486199	0.739405	0.579603	0.3146	0.4119	0.6980	0.1040	0.5383	0.1508	0.4050
000032	Q	0.485785	0.765399	0.578018	0.4149	0.4409	0.6590	0.1020	0.5573	0.1245	0.4006
000033	E	0.493322	0.760668	0.577458	0.4203	0.4652	0.6270	0.0920	0.5574	0.1140	0.4024
000034	A	0.526815	0.748240	0.578721	0.3630	0.4901	0.6200	0.0770	0.5546	0.1184	0.4041
000035	A	0.598354	0.758270	0.581253	0.4379	0.5533	0.6050	0.0650	0.5890	0.0941	0.4039
000036	L	0.675085	0.767498	0.585161	0.4379	0.5577	0.6640	0.0810	0.6146	0.1039	0.4038
000037	Q	0.730811	0.770537	0.588433	0.4333	0.5901	0.6770	0.0810	0.6317	0.1112	0.3947
000038	D	0.777585	0.765399	0.590168	0.4203	0.5665	0.7350	0.0920	0.6425	0.1290	0.3906
000039	T	0.793995	0.763190	0.590839	0.4420	0.5055	0.7350	0.1110	0.6385	0.1340	0.3842
000040	R	0.779781	0.769653	0.591132	0.4245	0.4766	0.7770	0.1000	0.6365	0.1475	0.3758
000041	S	0.779419	0.765583	0.592275	0.3456	0.4119	0.7960	0.0980	0.6151	0.1811	0.3704
000042	Q	0.775787	0.764610	0.592338	0.3992	0.4149	0.7420	0.0800	0.6149	0.1590	0.3650
000043	L	0.758192	0.751522	0.590518	0.3225	0.4186	0.7470	0.0680	0.5981	0.1730	0.3668
000044	E	0.733703	0.732826	0.587858	0.2333	0.4186	0.6780	0.0940	0.5640	0.1832	0.3615
000045	E	0.704411	0.722486	0.585262	0.2558	0.4476	0.5990	0.1060	0.5524	0.1603	0.3568
000046	A	0.675017	0.710004	0.583547	0.2913	0.3740	0.5670	0.1020	0.5335	0.1521	0.3548
000047	Q	0.634392	0.687279	0.581731	0.3847	0.3872	0.4870	0.1270	0.5270	0.1166	0.3556
000048	G	0.592058	0.650457	0.578596	0.3096	0.3182	0.4470	0.1410	0.4826	0.1339	0.3643
000049	K	0.556295	0.606232	0.574245	0.2292	0.3215	0.3670	0.1480	0.4424	0.1432	0.3735
000050	L	0.507023	0.560571	0.568508	0.1698	0.2436	0.3560	0.1390	0.4009	0.1555	0.3877
000051	R	0.460678	0.501670	0.562537	0.1878	0.2609	0.3220	0.1300	0.3827	0.1348	0.3996
000052	C	0.425503	0.544257	0.556267	0.1240	0.2034	0.3040	0.1300	0.3595	0.1634	0.4147
000053	L	0.402046	0.533103	0.550207	0.1292	0.1449	0.2980	0.1250	0.3429	0.1681	0.4268
000054	Q	0.370876	0.465696	0.545891	0.1380	0.2129	0.2720	0.1100	0.3342	0.1417	0.4333
000055	E	0.330438	0.499359	0.545843	0.0858	0.2129	0.2410	0.1060	0.3193	0.1611	0.4206
000056	D	0.317655	0.501765	0.550584	0.0858	0.1881	0.2190	0.0940	0.3105	0.1674	0.4063
000057	F	0.309063	0.496274	0.556160	0.1060	0.2164	0.2260	0.0950	0.3183	0.1593	0.3964
000058	V	0.314650	0.528549	0.561875	0.0935	0.1528	0.2190	0.0890	0.3117	0.1785	0.3937
000059	Y	0.351812	0.530248	0.566411	0.0991	0.1554	0.2130	0.0870	0.3194	0.1795	0.3939
000060	N	0.358365	0.539408	0.570242	0.0643	0.1115	0.2070	0.0860	0.3085	0.1971	0.4019
000061	L	0.354121	0.544136	0.569847	0.1088	0.1671	0.2120	0.0840	0.3260	0.1795	0.4082
000062	Q	0.329180	0.536272	0.567387	0.0723	0.1671	0.2190	0.0830	0.3151	0.1839	0.4174
000063	V	0.329590	0.535173	0.564377	0.1205	0.1643	0.2450	0.0920	0.3264	0.1711	0.4307
000064	L	0.339394	0.548754	0.562795	0.1566	0.2364	0.2520	0.0960	0.3493	0.1554	0.4277
000065	E	0.340745	0.556845	0.560390	0.1041	0.2193	0.2480	0.1040	0.3383	0.1704	0.4168
000066	E	0.374841	0.575271	0.557990	0.1041	0.2002	0.2860	0.1240	0.3497	0.1740	0.4066
000067	R	0.401664	0.581848	0.554558	0.0771	0.1184	0.3190	0.1420	0.3420	0.1945	0.3983
000068	D	0.383286	0.593031	0.551341	0.1088	0.1731	0.3320	0.1410	0.3569	0.1781	0.4033
000069	L	0.419225	0.590252	0.549236	0.1018	0.2258	0.3200	0.1400	0.3678	0.1723	0.4158
000070	E	0.429799	0.602866	0.547883	0.1266	0.2783	0.2700	0.1280	0.3759	0.1668	0.4216
000071	L	0.487769	0.598820	0.545918	0.1266	0.2470	0.2830	0.1080	0.3815	0.1724	0.4302
000072	E	0.534557	0.585197	0.542303	0.1635	0.3215	0.2610	0.1010	0.4014	0.1602	0.4248
000073	R	0.554176	0.580324	0.539612	0.1416	0.2164	0.2620	0.0830	0.3823	0.1796	0.4152
000074	Y	0.568246	0.596806	0.539633	0.2041	0.2817	0.2670	0.0800	0.4096	0.1613	0.3957
000075	D	0.535049	0.576809	0.541235	0.1844	0.3529	0.2530	0.0700	0.4073	0.1524	0.3863
000076	A	0.505860	0.535269	0.543888	0.1844	0.3321	0.2720	0.0610	0.3957	0.1399	0.3776
000077	A	0.490296	0.539677	0.546324	0.1805	0.3053	0.3000	0.0750	0.3936	0.1391	0.3729
000078	F	0.452780	0.550994	0.548538	0.1844	0.3053	0.3030	0.0810	0.3909	0.1366	0.3795
000079	A	0.436298	0.611687	0.551668	0.1456	0.2752	0.3040	0.0700	0.3874	0.1621	0.4092
000080	Q	0.429204	0.634864	0.555563	0.1921	0.3494	0.3020	0.0680	0.4105	0.1500	0.4257
000081	A	0.425326	0.689154	0.561152	0.1667	0.2817	0.3430	0.0740	0.4111	0.1738	0.4030
000082	R	0.462916	0.708761	0.566571	0.2432	0.3494	0.3820	0.0850	0.4521	0.1518	0.3746
000083	E	0.498743	0.730763	0.572697	0.1698	0.3494	0.4290	0.0810	0.4584	0.1756	0.3589
000084	W	0.554719	0.767391	0.579089	0.1958	0.2988	0.4920	0.0650	0.4813	0.1879	0.3441
000085	E	0.608948	0.785616	0.585748	0.2748	0.3566	0.4370	0.0930	0.5082	0.1711	0.3219
000086	E	0.663177	0.785963	0.590777	0.1878	0.2680	0.4900	0.0870	0.4976	0.2113	0.3063
000087	A	0.719679	0.793300	0.594669	0.2080	0.2918	0.5670	0.0760	0.5291	0.2126	0.2972
000088	R	0.790911	0.809127	0.597010	0.1602	0.2918	0.6040	0.0850	0.5422	0.2410	0.2847
000089	R	0.818501	0.820288	0.598465	0.2333	0.3667	0.6230	0.0910	0.5767	0.2170	0.2848
000090	A	0.846287	0.834705	0.599344	0.2385	0.3740	0.6100	0.1050	0.5839	0.2221	0.2975
000091	E	0.855228	0.847552	0.601911	0.2080	0.3087	0.6520	0.0920	0.5790	0.2467	0.3095
000092	V	0.867708	0.859074	0.608657	0.2292	0.3053	0.6920	0.1010	0.5937	0.2488	0.3225
000093	S	0.876496	0.875294	0.616953	0.1844	0.3249	0.6930	0.0980	0.5951	0.2612	0.3342
000094	E	0.890715	0.887626	0.624513	0.1635	0.3053	0.7080	0.0960	0.5966	0.2759	0.3419
000095	L	0.894990	0.899749	0.628987	0.2531	0.3460	0.7330	0.0970	0.6259	0.2504	0.3527
000096	K	0.889972	0.905184	0.632236	0.2255	0.3249	0.7230	0.0890	0.6168	0.2607	0.3664
000097	I	0.890616	0.900675	0.634775	0.1635	0.3019	0.7330	0.0860	0.6041	0.2808	0.3852
000098	E	0.902985	0.904529	0.637022	0.1698	0.3215	0.6660	0.0970	0.6004	0.2748	0.3992
000099	A	0.911942	0.902528	0.639936	0.1766	0.3249	0.6280	0.0890	0.5973	0.2727	0.4146
000100	A	0.923420	0.912023	0.643527	0.1998	0.3249	0.6360	0.0960	0.6066	0.2710	0.4249
000101	K	0.933123	0.902353	0.647579	0.1998	0.3356	0.6590	0.1040	0.6129	0.2699	0.4258
000102	L	0.940890	0.913121	0.652319	0.1878	0.2715	0.6860	0.0980	0.6087	0.2892	0.4288
000103	R	0.930744	0.915856	0.657763	0.2531	0.3356	0.6850	0.1020	0.6297	0.2597	0.4281
000104	Q	0.930953	0.905516	0.664107	0.1844	0.3392	0.7030	0.0880	0.6212	0.2756	0.4303
000105	A	0.938672	0.919683	0.670107	0.1844	0.2645	0.6930	0.0760	0.6117	0.2929	0.4333
000106	L	0.941221	0.925725	0.675309	0.2558	0.3356	0.7100	0.0680	0.6407	0.2642	0.4332
000107	A	0.932136	0.923516	0.678851	0.1958	0.3426	0.6900	0.0600	0.6271	0.2752	0.4293
000108	R	0.910567	0.925950	0.681352	0.2748	0.4220	0.7160	0.0590	0.6551	0.2387	0.4211
000109	E	0.892800	0.930219	0.683820	0.2748	0.4149	0.7270	0.0610	0.6539	0.2382	0.4162
000110	A	0.868304	0.927957	0.686927	0.3005	0.4330	0.7680	0.0740	0.6641	0.2267	0.4130
000111	R	0.843809	0.928594	0.690687	0.3359	0.3807	0.7780	0.0690	0.6596	0.2250	0.4079
000112	K	0.836205	0.926190	0.694546	0.3491	0.3704	0.7840	0.0680	0.6601	0.2233	0.4097
000113	V	0.828078	0.924993	0.698312	0.3578	0.3494	0.7860	0.0560	0.6574	0.2249	0.4109
000114	E	0.814572	0.919413	0.701490	0.3630	0.3667	0.7440	0.0540	0.6515	0.2136	0.4141
000115	E	0.802945	0.923820	0.703935	0.3005	0.3740	0.7590	0.0630	0.6441	0.2278	0.4172
000116	L	0.791225	0.919798	0.705941	0.3225	0.4017	0.7520	0.0620	0.6488	0.2142	0.4195
000117	Q	0.790581	0.914555	0.707920	0.3939	0.4541	0.7140	0.0640	0.6625	0.1827	0.4225
000118	Q	0.788859	0.912340	0.709551	0.4333	0.3983	0.6570	0.0720	0.6499	0.1835	0.4255
000119	Q	0.795127	0.893453	0.710283	0.4379	0.4220	0.6560	0.0760	0.6525	0.1736	0.4287
000120	Q	0.801395	0.887021	0.708710	0.3668	0.3494	0.6450	0.0620	0.6264	0.2040	0.4308
000121	Q	0.792678	0.874547	0.706111	0.3939	0.3704	0.6490	0.0760	0.6312	0.1895	0.4333
000122	L	0.768166	0.851029	0.702179	0.3399	0.3740	0.6540	0.0570	0.6150	0.1924	0.4314
000123	A	0.744603	0.858078	0.698066	0.3456	0.3215	0.5940	0.0560	0.5936	0.1997	0.4306
000124	F	0.731104	0.819902	0.692530	0.3992	0.3948	0.6010	0.0710	0.6063	0.1614	0.4308
000125	Q	0.716797	0.781692	0.687100	0.3456	0.3910	0.5630	0.0830	0.5809	0.1642	0.4316
000126	E	0.704306	0.776556	0.682381	0.3535	0.3948	0.5850	0.0830	0.5827	0.1582	0.4315
000127	H	0.702039	0.775925	0.678728	0.4379	0.4582	0.5850	0.0720	0.6063	0.1251	0.4315
000128	R	0.695942	0.801587	0.676304	0.4420	0.4725	0.6430	0.0680	0.6219	0.1264	0.4316
000129	L	0.689736	0.794281	0.675520	0.4333	0.4725	0.6480	0.0860	0.6190	0.1263	0.4314
000130	E	0.687456	0.794415	0.676109	0.4379	0.4801	0.5980	0.0890	0.6123	0.1231	0.4320
000131	L	0.704034	0.804984	0.676467	0.4458	0.3983	0.6730	0.0830	0.6171	0.1453	0.4326
000132	E	0.721332	0.807690	0.675991	0.4420	0.4051	0.6210	0.0710	0.6121	0.1450	0.4337
000133	R	0.726591	0.800732	0.674393	0.4379	0.4901	0.6710	0.1110	0.6335	0.1281	0.4327
000134	V	0.736652	0.791376	0.672805	0.4556	0.5254	0.6250	0.1170	0.6345	0.1158	0.4325
000135	H	0.737453	0.782838	0.670037	0.5253	0.6227	0.6260	0.1330	0.6607	0.0835	0.4331
000136	S	0.734064	0.786355	0.667384	0.5173	0.6269	0.6340	0.1100	0.6610	0.0853	0.4334
000137	D	0.730643	0.785023	0.664814	0.4918	0.6227	0.6200	0.0960	0.6525	0.0927	0.4331
000138	K	0.727331	0.787788	0.663105	0.4781	0.5176	0.6000	0.1080	0.6291	0.1096	0.4322
000139	N	0.725072	0.787217	0.661781	0.5043	0.5419	0.6260	0.1000	0.6411	0.0980	0.4325
000140	G	0.652214	0.784403	0.660254	0.5084	0.6531	0.5760	0.1210	0.6390	0.0847	0.4323
000141	E	0.583169	0.776626	0.658772	0.5126	0.5533	0.5490	0.1220	0.6055	0.0887	0.4325
000142	I	0.514593	0.769581	0.656086	0.5802	0.6375	0.5760	0.1300	0.6223	0.0802	0.4337
000143	D	0.439209	0.755693	0.653201	0.5008	0.4940	0.5720	0.1200	0.5692	0.1073	0.4327
000144	H	0.416567	0.745683	0.650593	0.5043	0.5211	0.5280	0.1270	0.5610	0.1072	0.4321
000145	H	0.387189	0.730814	0.649207	0.4420	0.5139	0.5020	0.1320	0.5375	0.1179	0.4333
000146	R	0.352812	0.714138	0.647398	0.4379	0.5055	0.4700	0.1440	0.5213	0.1233	0.4324
000147	E	0.308902	0.710562	0.645069	0.3535	0.4864	0.4120	0.1190	0.4861	0.1472	0.4322
000148	Q	0.268011	0.694511	0.642223	0.3491	0.4725	0.4140	0.1230	0.4734	0.1520	0.4323
000149	Y	0.294223	0.694787	0.640016	0.3359	0.4119	0.4120	0.1010	0.4648	0.1500	0.4329
000150	E	0.318088	0.689011	0.638863	0.3184	0.4017	0.3580	0.1260	0.4540	0.1518	0.4320
000151	N	0.350915	0.683673	0.640068	0.2292	0.4051	0.3450	0.1200	0.4423	0.1643	0.4317
000152	L	0.384232	0.664092	0.642495	0.2255	0.3356	0.3450	0.1350	0.4328	0.1633	0.4310
000153	K	0.339892	0.671723	0.645119	0.2963	0.4186	0.3370	0.1420	0.4514	0.1510	0.4292
000154	W	0.297628	0.679148	0.646507	0.2167	0.4149	0.3960	0.1610	0.4418	0.1696	0.4284
000155	T	0.259984	0.709220	0.648051	0.2167	0.4051	0.3870	0.1700	0.4377	0.1835	0.4280
000156	L	0.287839	0.723316	0.650029	0.2333	0.3249	0.4150	0.1600	0.4391	0.1844	0.4282
000157	E	0.339617	0.728548	0.652153	0.2558	0.3249	0.4360	0.1830	0.4562	0.1751	0.4289
000158	R	0.392497	0.748553	0.653924	0.1766	0.2575	0.4680	0.1770	0.4496	0.2026	0.4298
000159	K	0.446080	0.745255	0.654142	0.1602	0.2575	0.4840	0.1840	0.4579	0.2044	0.4318
000160	L	0.486196	0.763625	0.652999	0.1495	0.3117	0.5000	0.1760	0.4773	0.2034	0.4332
000161	E	0.531800	0.760875	0.650325	0.1495	0.3117	0.4750	0.1690	0.4799	0.2034	0.4337
000162	E	0.609212	0.772720	0.647443	0.1266	0.3019	0.5140	0.1630	0.4952	0.2186	0.4335
000163	L	0.687963	0.765871	0.644902	0.1921	0.3053	0.5190	0.1560	0.5192	0.2073	0.4334
000164	D	0.766602	0.768240	0.643009	0.2041	0.2503	0.5060	0.1470	0.5231	0.2274	0.4333
000165	G	0.787704	0.783034	0.641114	0.2531	0.2918	0.5020	0.1460	0.5431	0.2145	0.4330
000166	E	0.790562	0.782889	0.639504	0.1878	0.2849	0.4900	0.1410	0.5293	0.2319	0.4320
000167	L	0.792252	0.778021	0.637758	0.1878	0.2680	0.5110	0.1380	0.5291	0.2338	0.4302
000168	A	0.791300	0.774303	0.636231	0.1844	0.2645	0.5350	0.1280	0.5309	0.2342	0.4272
000169	L	0.792092	0.759587	0.634766	0.1322	0.2783	0.5670	0.1140	0.5273	0.2433	0.4250
000170	Q	0.793604	0.754221	0.633453	0.1456	0.2817	0.5500	0.1290	0.5263	0.2381	0.4248
000171	R	0.801172	0.756731	0.632598	0.2080	0.3356	0.5740	0.1140	0.5514	0.2145	0.4239
000172	Q	0.805346	0.748569	0.631833	0.2041	0.3182	0.5560	0.0900	0.5439	0.2178	0.4223
000173	E	0.811122	0.798659	0.632295	0.1844	0.3087	0.5510	0.0740	0.5476	0.2340	0.4193
000174	L	0.819897	0.811677	0.632974	0.2385	0.3599	0.5850	0.0660	0.5746	0.2156	0.4176
000175	L	0.817632	0.813901	0.634039	0.2255	0.3566	0.5250	0.0560	0.5622	0.2201	0.4168
000176	L	0.816093	0.831421	0.634636	0.1998	0.3740	0.5290	0.0530	0.5642	0.2273	0.4175
000177	E	0.813953	0.814274	0.636476	0.2041	0.3740	0.5090	0.0630	0.5586	0.2232	0.4198
000178	F	0.816528	0.829178	0.638992	0.2820	0.3494	0.6350	0.0710	0.5919	0.2104	0.4226
000179	E	0.815005	0.836319	0.642057	0.2913	0.3529	0.6220	0.0970	0.5932	0.2083	0.4259
000180	S	0.794361	0.857356	0.644957	0.2748	0.3529	0.7130	0.1200	0.6062	0.2181	0.4285
000181	K	0.777559	0.857906	0.647993	0.2602	0.3529	0.7210	0.1240	0.6030	0.2204	0.4295
000182	M	0.766008	0.864402	0.651448	0.2080	0.3529	0.7570	0.1360	0.5999	0.2379	0.4306
000183	R	0.757649	0.869228	0.655383	0.2080	0.3529	0.7630	0.1250	0.6010	0.2386	0.4324
000184	K	0.738553	0.867852	0.660416	0.1844	0.3631	0.7550	0.1190	0.5948	0.2406	0.4289
000185	R	0.744372	0.878361	0.666463	0.2483	0.4220	0.7400	0.1240	0.6167	0.2145	0.4253
000186	E	0.746816	0.873839	0.672975	0.3184	0.4864	0.7430	0.1080	0.6403	0.1848	0.4263
000187	H	0.740956	0.867788	0.679373	0.3717	0.5854	0.7480	0.1110	0.6656	0.1562	0.4293
000188	E	0.697024	0.862059	0.685075	0.3717	0.5854	0.7700	0.0630	0.6619	0.1547	0.4316
000189	F	0.669683	0.856510	0.689785	0.4651	0.6906	0.7920	0.0770	0.6940	0.1218	0.4336
000190	R	0.662811	0.846648	0.693178	0.4651	0.5992	0.7550	0.0690	0.6703	0.1198	0.4320
000191	L	0.627452	0.842184	0.695607	0.4333	0.5992	0.7470	0.0680	0.6574	0.1279	0.4300
000192	Q	0.623485	0.831443	0.697062	0.3762	0.5901	0.6840	0.0800	0.6337	0.1378	0.4297
000193	A	0.607154	0.825230	0.698297	0.3992	0.6089	0.6920	0.0890	0.6384	0.1294	0.4301
000194	D	0.588544	0.824006	0.700819	0.4149	0.5456	0.6920	0.1110	0.6277	0.1301	0.4311
000195	N	0.515404	0.823581	0.704857	0.4245	0.5456	0.6610	0.1190	0.6124	0.1321	0.4340
000196	M	0.473229	0.828358	0.709910	0.3717	0.4979	0.6620	0.1080	0.5905	0.1561	0.4377
000197	S	0.437127	0.826403	0.714685	0.3668	0.4901	0.6220	0.1350	0.5762	0.1605	0.4404
000198	N	0.405113	0.824844	0.719172	0.3053	0.4051	0.6220	0.1070	0.5469	0.1876	0.4438
000199	T	0.375294	0.825205	0.723679	0.3053	0.3426	0.6310	0.1670	0.5339	0.2018	0.4482
000200	A	0.360704	0.827733	0.728105	0.3311	0.4507	0.6330	0.1590	0.5552	0.1867	0.4531
000201	L	0.316298	0.823765	0.732349	0.2748	0.4582	0.6460	0.1820	0.5418	0.2064	0.4587
000202	S	0.300785	0.825501	0.735829	0.3762	0.5296	0.5560	0.1510	0.5539	0.1840	0.4609
000203	R	0.253345	0.826130	0.737918	0.3630	0.4582	0.5590	0.1620	0.5329	0.2005	0.4641
000204	E	0.247092	0.822431	0.739517	0.3939	0.4766	0.5030	0.1060	0.5304	0.1965	0.4694
000205	L	0.237326	0.826338	0.741352	0.3263	0.4582	0.4840	0.1100	0.5122	0.2102	0.4756
000206	K	0.260017	0.832862	0.743588	0.3263	0.3807	0.4220	0.0690	0.4943	0.2152	0.4800
000207	V	0.279084	0.840968	0.745562	0.3263	0.3840	0.4570	0.0850	0.5055	0.2124	0.4867
000208	K	0.280227	0.834878	0.746861	0.2602	0.3872	0.4550	0.0750	0.4941	0.2211	0.4945
000209	L	0.279715	0.846744	0.748459	0.2531	0.3566	0.5250	0.0630	0.5016	0.2283	0.5046
000210	L	0.242976	0.849766	0.750689	0.2558	0.3529	0.5020	0.0520	0.4923	0.2353	0.5118
000211	H	0.205563	0.854063	0.753423	0.2531	0.3494	0.4930	0.0770	0.4848	0.2445	0.5130
000212	K	0.177778	0.851577	0.755795	0.3184	0.4087	0.5220	0.0770	0.5057	0.2361	0.5116
000213	E	0.172329	0.858351	0.756707	0.2963	0.3948	0.5390	0.0720	0.5029	0.2435	0.5125
000214	L	0.144749	0.862798	0.756016	0.2913	0.3910	0.5880	0.0790	0.5056	0.2538	0.5164
000215	E	0.141061	0.866050	0.753625	0.2657	0.3910	0.6010	0.0820	0.5031	0.2595	0.5155
000216	A	0.185735	0.868490	0.750079	0.3096	0.4541	0.6470	0.0910	0.5358	0.2413	0.5127
000217	L	0.225292	0.871031	0.746048	0.3096	0.3948	0.6510	0.0840	0.5329	0.2371	0.5089
000218	K	0.278882	0.881158	0.741518	0.3762	0.4541	0.6430	0.0960	0.5626	0.2110	0.4998
000219	E	0.369712	0.882361	0.737542	0.3053	0.4476	0.6640	0.1060	0.5678	0.2081	0.4917
000220	A	0.459756	0.892192	0.734634	0.3717	0.4940	0.7080	0.0990	0.6101	0.1815	0.4834
000221	G	0.550540	0.896260	0.733964	0.4245	0.5707	0.7170	0.0920	0.6488	0.1523	0.4777
000222	A	0.632611	0.900515	0.734608	0.3847	0.5296	0.7380	0.0890	0.6533	0.1647	0.4738
000223	K	0.720879	0.907778	0.736013	0.3939	0.5419	0.7560	0.0930	0.6760	0.1650	0.4721
000224	A	0.785012	0.914867	0.737794	0.3630	0.5533	0.7800	0.0950	0.6891	0.1806	0.4701
000225	A	0.801607	0.921603	0.739362	0.4420	0.6183	0.7960	0.0880	0.7198	0.1533	0.4654
000226	E	0.813856	0.926244	0.740210	0.4379	0.6183	0.7850	0.1010	0.7203	0.1560	0.4610
000227	S	0.824390	0.931260	0.740002	0.4379	0.5493	0.8320	0.0750	0.7192	0.1719	0.4573
000228	L	0.827005	0.931301	0.738913	0.5043	0.6375	0.8670	0.0640	0.7510	0.1447	0.4565
000229	Q	0.830741	0.934605	0.737211	0.4420	0.6269	0.8530	0.0660	0.7375	0.1636	0.4533
000230	R	0.832446	0.934265	0.735011	0.4458	0.6136	0.8150	0.0770	0.7293	0.1601	0.4504
000231	A	0.840167	0.938034	0.732985	0.4703	0.5493	0.8290	0.0760	0.7266	0.1659	0.4466
000232	E	0.842252	0.940526	0.731558	0.4513	0.5493	0.8140	0.0620	0.7215	0.1702	0.4447
000233	A	0.843022	0.936461	0.731094	0.4245	0.5665	0.8340	0.0560	0.7226	0.1760	0.4431
000234	T	0.842025	0.937975	0.731642	0.4333	0.5533	0.8320	0.0640	0.7217	0.1756	0.4412
000235	N	0.841886	0.934946	0.731940	0.4600	0.5533	0.8270	0.0690	0.7248	0.1673	0.4385
000236	A	0.840582	0.936408	0.731039	0.4825	0.5758	0.8520	0.0640	0.7364	0.1605	0.4387
000237	E	0.839576	0.930896	0.728794	0.4556	0.5758	0.8360	0.0680	0.7279	0.1647	0.4382
000238	L	0.837488	0.929772	0.726717	0.4600	0.4979	0.8290	0.0790	0.7134	0.1763	0.4377
000239	E	0.836234	0.926889	0.726094	0.5374	0.5758	0.8150	0.0880	0.7362	0.1402	0.4351
000240	R	0.834600	0.921961	0.726991	0.4703	0.5758	0.8290	0.0790	0.7264	0.1574	0.4357
000241	K	0.833078	0.923096	0.728388	0.4825	0.5139	0.8130	0.0770	0.7156	0.1641	0.4372
000242	L	0.833561	0.921392	0.729566	0.5084	0.5382	0.8420	0.0690	0.7288	0.1559	0.4428
000243	Q	0.832858	0.918073	0.730758	0.4379	0.5139	0.8110	0.0830	0.7074	0.1739	0.4425
000244	S	0.828553	0.916095	0.732707	0.4600	0.5211	0.8050	0.0850	0.7106	0.1655	0.4455
000245	R	0.823480	0.919419	0.734583	0.4379	0.5139	0.7860	0.0820	0.7026	0.1709	0.4549
000246	A	0.808456	0.916131	0.736427	0.4245	0.4864	0.7970	0.0770	0.6948	0.1782	0.4676
000247	G	0.820417	0.916266	0.738562	0.4513	0.4831	0.8010	0.0750	0.7018	0.1741	0.4745
000248	E	0.801370	0.918779	0.742237	0.4379	0.4685	0.7910	0.0900	0.6934	0.1781	0.4866
000249	L	0.782324	0.918027	0.747427	0.4825	0.4766	0.7980	0.0840	0.7008	0.1650	0.4985
000250	Q	0.777042	0.914985	0.752650	0.4651	0.4652	0.7760	0.0970	0.6919	0.1687	0.5071
000251	D	0.765378	0.908340	0.756976	0.4149	0.4864	0.7940	0.0830	0.6877	0.1759	0.5157
000252	L	0.767579	0.909647	0.759530	0.4245	0.4256	0.8030	0.0870	0.6816	0.1878	0.5226
000253	E	0.771487	0.909195	0.760996	0.4781	0.4940	0.7640	0.0960	0.6963	0.1572	0.5259
000254	A	0.772893	0.905838	0.762125	0.4203	0.4979	0.7630	0.0940	0.6870	0.1701	0.5340
000255	M	0.783633	0.902472	0.763196	0.4078	0.4940	0.7660	0.0940	0.6862	0.1747	0.5356
000256	S	0.769708	0.905129	0.763903	0.4116	0.4409	0.7540	0.0960	0.6743	0.1827	0.5224
000257	R	0.786791	0.904649	0.764941	0.4282	0.4766	0.7740	0.1000	0.6893	0.1743	0.5100
000258	A	0.802442	0.901387	0.766790	0.3668	0.4725	0.7830	0.1050	0.6822	0.1929	0.5065
000259	R	0.807084	0.906485	0.770753	0.3717	0.4119	0.7660	0.1130	0.6723	0.2039	0.4976
000260	V	0.827371	0.909867	0.775475	0.4420	0.4801	0.8210	0.0880	0.7093	0.1802	0.4920
000261	K	0.843450	0.909814	0.780480	0.3847	0.4119	0.8160	0.0930	0.6911	0.2107	0.4857
000262	D	0.861589	0.912131	0.784367	0.3992	0.4119	0.8230	0.0780	0.6987	0.2109	0.4846
000263	L	0.883016	0.913131	0.787237	0.4078	0.4652	0.8160	0.0650	0.7121	0.1999	0.4838
000264	E	0.904889	0.916299	0.788880	0.4116	0.4582	0.7600	0.0650	0.7066	0.2007	0.4792
000265	D	0.922949	0.916473	0.789789	0.4116	0.4685	0.7630	0.0610	0.7121	0.2019	0.4760
000266	K	0.895925	0.918420	0.790122	0.4116	0.4831	0.7420	0.0850	0.7068	0.1940	0.4744
000267	L	0.839042	0.917730	0.791007	0.4037	0.4864	0.7710	0.0560	0.7015	0.1886	0.4763
000268	H	0.779291	0.913133	0.792923	0.4078	0.5017	0.7340	0.0520	0.6881	0.1758	0.4721
000269	S	0.778510	0.914950	0.795396	0.4203	0.5254	0.7570	0.0450	0.6985	0.1700	0.4625
000270	V	0.777306	0.907960	0.797710	0.4149	0.4441	0.7730	0.0350	0.6858	0.1869	0.4536
000271	Q	0.776741	0.905421	0.798149	0.4703	0.4979	0.7850	0.0390	0.7056	0.1625	0.4452
000272	L	0.773922	0.895868	0.797606	0.3847	0.4940	0.8080	0.0360	0.6924	0.1856	0.4395
000273	T	0.747439	0.906922	0.796039	0.3847	0.4831	0.7590	0.0840	0.6795	0.1834	0.4304
000274	R	0.723443	0.906459	0.794368	0.4245	0.5758	0.7610	0.0690	0.6977	0.1566	0.4219
000275	K	0.746446	0.905191	0.792216	0.4203	0.5758	0.7630	0.0660	0.7006	0.1583	0.4182
000276	K	0.824451	0.904287	0.790437	0.4379	0.5807	0.7700	0.0540	0.7180	0.1588	0.4152
000277	E	0.902416	0.906576	0.789264	0.4379	0.5055	0.8080	0.0580	0.7249	0.1853	0.4133
000278	E	0.911443	0.908050	0.788305	0.4967	0.5951	0.8140	0.0620	0.7522	0.1553	0.4139
000279	E	0.912796	0.907014	0.786225	0.4149	0.5577	0.8060	0.0760	0.7307	0.1838	0.4166
000280	T	0.913148	0.905268	0.782780	0.4116	0.4864	0.8240	0.0770	0.7205	0.1983	0.4198
000281	F	0.915294	0.902654	0.778560	0.4600	0.5296	0.8500	0.0680	0.7393	0.1795	0.4228
000282	K	0.936810	0.897759	0.773945	0.3762	0.5139	0.8340	0.0960	0.7221	0.2062	0.4248
000283	R	0.950449	0.887563	0.769689	0.4149	0.6043	0.8070	0.1050	0.7390	0.1805	0.4259
000284	K	0.966194	0.877342	0.765067	0.4116	0.5951	0.7790	0.1310	0.7325	0.1829	0.4281
000285	H	0.962184	0.864791	0.760615	0.4282	0.6183	0.7790	0.1390	0.7355	0.1726	0.4302
000286	E	0.960683	0.856201	0.756625	0.4333	0.5992	0.7870	0.1380	0.7321	0.1723	0.4313
000287	E	0.959211	0.847549	0.753283	0.4379	0.5382	0.7840	0.1410	0.7201	0.1786	0.4324
000288	L	0.958452	0.836623	0.749148	0.4245	0.4582	0.7450	0.1470	0.6952	0.1933	0.4334
000289	D	0.957890	0.827787	0.743723	0.3762	0.3983	0.7280	0.1500	0.6719	0.2147	0.4338
000290	R	0.950239	0.811182	0.736877	0.3225	0.3774	0.7140	0.1400	0.6520	0.2271	0.4339
000291	L	0.934134	0.804592	0.729255	0.2657	0.3182	0.7110	0.1480	0.6272	0.2481	0.4337
000292	A	0.925907	0.783225	0.720671	0.3311	0.4017	0.6760	0.1370	0.6398	0.2091	0.4334
000293	R	0.906730	0.764833	0.711924	0.2748	0.4087	0.6340	0.1240	0.6168	0.2143	0.4329
000294	E	0.883596	0.749589	0.704179	0.2786	0.4017	0.5510	0.1340	0.5948	0.2076	0.4322
000295	K	0.862833	0.735536	0.697475	0.2963	0.4256	0.4810	0.1370	0.5832	0.1966	0.4304
000296	D	0.830791	0.716096	0.691625	0.2531	0.3529	0.4710	0.1330	0.5526	0.2080	0.4276
000297	A	0.765867	0.677892	0.686767	0.2700	0.3529	0.4750	0.1250	0.5381	0.1842	0.4230
000298	V	0.737634	0.682365	0.681994	0.1998	0.3460	0.4410	0.1190	0.5147	0.1995	0.4191
000299	L	0.713150	0.664785	0.676733	0.2748	0.3460	0.4200	0.1010	0.5160	0.1747	0.4165
000300	V	0.677055	0.670886	0.667595	0.2657	0.3392	0.3890	0.0930	0.5016	0.1740	0.4136
000301	A	0.600192	0.665812	0.655531	0.1921	0.3566	0.3510	0.0970	0.4701	0.1798	0.4140
000302	V	0.580104	0.659748	0.642349	0.2531	0.3529	0.3310	0.1010	0.4698	0.1623	0.4149
000303	K	0.522675	0.672297	0.630741	0.2700	0.3667	0.3200	0.0960	0.4637	0.1542	0.4157
000304	G	0.452695	0.667543	0.620731	0.1921	0.3807	0.3060	0.0800	0.4366	0.1671	0.4157
000305	A	0.448307	0.665649	0.611552	0.1844	0.3631	0.3300	0.0890	0.4338	0.1651	0.4158
000306	H	0.474629	0.636657	0.603095	0.1921	0.3149	0.3660	0.1080	0.4313	0.1574	0.4178
000307	V	0.468245	0.640550	0.595892	0.1766	0.2436	0.3730	0.0980	0.4162	0.1705	0.4211
000308	E	0.465645	0.641495	0.589559	0.1380	0.2645	0.3610	0.1020	0.4100	0.1763	0.4256
000309	Q	0.485450	0.637026	0.584314	0.1266	0.2575	0.3690	0.1080	0.4100	0.1793	0.4289
000310	L	0.536728	0.635601	0.579919	0.1766	0.3182	0.3900	0.0970	0.4395	0.1601	0.4308
000311	Q	0.549206	0.634199	0.576147	0.1602	0.3599	0.3540	0.0820	0.4390	0.1634	0.4335
000312	E	0.598885	0.644943	0.573183	0.1667	0.3948	0.3440	0.0800	0.4537	0.1683	0.4322
000313	L	0.656783	0.642544	0.570128	0.1958	0.3948	0.3510	0.0890	0.4685	0.1682	0.4336
000314	Q	0.666163	0.643018	0.566729	0.2167	0.4051	0.3000	0.0810	0.4663	0.1707	0.4331
000315	T	0.672420	0.636858	0.563846	0.1456	0.4051	0.3140	0.0810	0.4563	0.1872	0.4321
000316	R	0.674690	0.644508	0.560713	0.1732	0.3529	0.3160	0.0600	0.4536	0.1846	0.4308
000317	V	0.676960	0.634475	0.556511	0.1602	0.3392	0.3040	0.0610	0.4452	0.1890	0.4265
000318	L	0.683957	0.618318	0.550998	0.1602	0.3807	0.2680	0.0590	0.4438	0.1892	0.4229
000319	E	0.672907	0.590450	0.546159	0.1635	0.3740	0.2330	0.0500	0.4300	0.1877	0.4213
000320	L	0.657381	0.593686	0.542744	0.1456	0.3087	0.2280	0.0470	0.4127	0.1940	0.4207
000321	Q	0.661769	0.597331	0.539949	0.2167	0.3599	0.2230	0.0500	0.4330	0.1766	0.4218
000322	A	0.631758	0.596362	0.538427	0.1602	0.3460	0.2400	0.0400	0.4189	0.1804	0.4217
000323	H	0.595937	0.619494	0.538224	0.1416	0.3249	0.2510	0.0350	0.4119	0.1823	0.4228
000324	C	0.568373	0.635726	0.538870	0.1958	0.3948	0.2800	0.0350	0.4357	0.1590	0.4251
000325	E	0.547220	0.643287	0.539129	0.1844	0.3053	0.3040	0.0620	0.4205	0.1645	0.4275
000326	T	0.492444	0.655581	0.539099	0.1921	0.2918	0.3420	0.0570	0.4189	0.1578	0.4282
000327	L	0.439536	0.655745	0.537426	0.1456	0.2988	0.3740	0.0570	0.4086	0.1638	0.4294
000328	E	0.413339	0.661419	0.534653	0.1878	0.3392	0.3870	0.0510	0.4206	0.1489	0.4321
000329	A	0.408987	0.658983	0.531666	0.2657	0.4087	0.4380	0.0460	0.4520	0.1210	0.4337
000330	Q	0.410362	0.684717	0.530007	0.2385	0.4087	0.4690	0.0370	0.4569	0.1351	0.4325
000331	L	0.470056	0.703158	0.530588	0.3225	0.4619	0.5160	0.0490	0.5007	0.1128	0.4316
000332	R	0.531713	0.714061	0.532725	0.3263	0.4541	0.5430	0.0670	0.5170	0.1157	0.4309
000333	R	0.588255	0.709548	0.535721	0.3359	0.4766	0.5830	0.0850	0.5381	0.1144	0.4307
000334	A	0.638976	0.720477	0.537048	0.3096	0.4476	0.5670	0.0880	0.5368	0.1321	0.4311
000335	E	0.724095	0.745272	0.536810	0.4037	0.5176	0.6330	0.1130	0.5935	0.1202	0.4314
000336	W	0.805373	0.762640	0.536923	0.3847	0.4979	0.7280	0.1250	0.6192	0.1546	0.4322
000337	R	0.887280	0.762367	0.538424	0.3939	0.4801	0.7280	0.1180	0.6317	0.1731	0.4319
000338	Q	0.940774	0.788323	0.539967	0.4458	0.4766	0.7580	0.1090	0.6583	0.1820	0.4323
000339	A	0.968767	0.799348	0.539672	0.4149	0.4801	0.7770	0.0880	0.6633	0.1980	0.4334
000340	D	0.960217	0.793598	0.536991	0.3717	0.4940	0.7900	0.0710	0.6578	0.2044	0.4334
000341	T	0.948777	0.806878	0.535044	0.3806	0.4220	0.7930	0.0680	0.6478	0.2130	0.4330
000342	A	0.935069	0.812766	0.535042	0.4513	0.4801	0.8160	0.0590	0.6718	0.1889	0.4323
000343	K	0.924067	0.816179	0.536358	0.4078	0.4979	0.7870	0.0730	0.6615	0.1894	0.4317
000344	E	0.910469	0.813487	0.538434	0.4149	0.5211	0.7620	0.0840	0.6600	0.1783	0.4314
000345	K	0.893945	0.806053	0.539505	0.4420	0.5176	0.7330	0.1000	0.6553	0.1651	0.4310
000346	D	0.883733	0.800969	0.540639	0.4333	0.5176	0.7490	0.0910	0.6542	0.1651	0.4298
000347	A	0.873161	0.784424	0.541117	0.4879	0.6322	0.7120	0.1050	0.6717	0.1337	0.4293
000348	A	0.862647	0.787496	0.541481	0.4967	0.5707	0.6580	0.1150	0.6529	0.1327	0.4289
000349	I	0.864051	0.779087	0.540879	0.4918	0.5620	0.6550	0.0990	0.6487	0.1336	0.4292
000350	D	0.848778	0.769777	0.539225	0.4513	0.5854	0.6030	0.0760	0.6329	0.1356	0.4304
000351	Q	0.816983	0.760740	0.537772	0.4379	0.5533	0.6120	0.0730	0.6197	0.1311	0.4319
000352	L	0.751657	0.762052	0.538639	0.4420	0.4541	0.5980	0.0490	0.5911	0.1283	0.4322
000353	R	0.677820	0.763429	0.540660	0.4379	0.4801	0.5550	0.0550	0.5758	0.1121	0.4324
000354	E	0.606692	0.757921	0.544607	0.3847	0.4685	0.5580	0.0610	0.5535	0.1158	0.4317
000355	D	0.530434	0.771553	0.548564	0.3847	0.4582	0.5430	0.0680	0.5393	0.1187	0.4303
000356	A	0.453899	0.769096	0.552153	0.3668	0.3910	0.5490	0.0550	0.5137	0.1343	0.4298
000357	S	0.369322	0.766754	0.554733	0.3630	0.3667	0.4550	0.0930	0.4792	0.1456	0.4297
000358	T	0.283699	0.769880	0.559169	0.3096	0.3774	0.4520	0.0850	0.4586	0.1666	0.4293
000359	V	0.276033	0.756233	0.564175	0.3053	0.3249	0.4060	0.0840	0.4387	0.1707	0.4283
000360	K	0.243585	0.752852	0.568304	0.3717	0.3948	0.3610	0.0710	0.4487	0.1660	0.4269
000361	S	0.216160	0.726542	0.569517	0.2913	0.3807	0.3320	0.0680	0.4194	0.1750	0.4240
000362	A	0.204302	0.732560	0.571003	0.2913	0.3872	0.3170	0.0630	0.4172	0.1804	0.4213
000363	W	0.196767	0.718763	0.573786	0.3456	0.4476	0.3620	0.0750	0.4408	0.1682	0.4198
000364	D	0.190115	0.716196	0.578258	0.3630	0.4017	0.3630	0.0900	0.4353	0.1689	0.4175
000365	A	0.178108	0.698023	0.584176	0.3399	0.3983	0.3880	0.1050	0.4310	0.1683	0.4169
000366	Q	0.178524	0.687039	0.590183	0.2748	0.3774	0.4210	0.0930	0.4216	0.1739	0.4163
000367	I	0.174778	0.717225	0.595430	0.2963	0.4051	0.4350	0.0970	0.4373	0.1794	0.4153
000368	A	0.108554	0.720586	0.600095	0.2913	0.3321	0.4080	0.1010	0.4102	0.2015	0.4141
000369	Q	0.085773	0.728723	0.605290	0.3146	0.3286	0.4200	0.1160	0.4139	0.2084	0.4135
000370	L	0.140283	0.738186	0.612173	0.3005	0.3117	0.4410	0.1360	0.4240	0.2011	0.4127
000371	S	0.170569	0.746374	0.620038	0.3053	0.3117	0.4210	0.1490	0.4291	0.1971	0.4123
000372	K	0.236723	0.745367	0.627007	0.2255	0.3149	0.4130	0.1500	0.4271	0.1962	0.4145
000373	E	0.309383	0.752938	0.631800	0.2432	0.2609	0.3990	0.1480	0.4328	0.1932	0.4161
000374	M	0.391969	0.751407	0.635356	0.3005	0.3426	0.4240	0.1450	0.4743	0.1631	0.4150
000375	V	0.469143	0.726029	0.639161	0.2167	0.3392	0.4200	0.1410	0.4683	0.1722	0.4171
000376	S	0.549759	0.724447	0.644879	0.2333	0.3599	0.3710	0.1210	0.4806	0.1727	0.4211
000377	R	0.632503	0.730582	0.650398	0.2333	0.3704	0.3740	0.1250	0.4985	0.1813	0.4254
000378	D	0.707061	0.739206	0.656292	0.3146	0.3774	0.3910	0.1310	0.5309	0.1733	0.4298
000379	L	0.736599	0.728429	0.662404	0.3399	0.3872	0.4150	0.1480	0.5449	0.1674	0.4326
000380	Q	0.782815	0.753948	0.669900	0.2657	0.3182	0.4040	0.1440	0.5324	0.2099	0.4242
000381	I	0.786871	0.747297	0.678069	0.3311	0.3774	0.4520	0.1500	0.5621	0.1816	0.4172
000382	Q	0.784115	0.744161	0.685476	0.2483	0.3599	0.4420	0.1280	0.5440	0.2039	0.4076
000383	T	0.784189	0.752250	0.690608	0.2531	0.3599	0.4570	0.1200	0.5495	0.2035	0.4023
000384	L	0.778475	0.769147	0.694383	0.2167	0.2951	0.4840	0.1150	0.5397	0.2239	0.3949
000385	Q	0.764186	0.783650	0.696027	0.2292	0.2849	0.4740	0.0920	0.5387	0.2236	0.3830
000386	E	0.755148	0.797028	0.697500	0.2292	0.3321	0.4660	0.1050	0.5461	0.2169	0.3798
000387	E	0.762455	0.811912	0.698823	0.2080	0.3321	0.4590	0.1060	0.5454	0.2267	0.3775
000388	E	0.762706	0.819801	0.700977	0.1998	0.3392	0.4740	0.0960	0.5494	0.2287	0.3777
000389	V	0.767009	0.821372	0.702676	0.1921	0.3215	0.5190	0.0900	0.5540	0.2328	0.3753
000390	K	0.777224	0.834672	0.704753	0.2558	0.4087	0.5200	0.0990	0.5835	0.2071	0.3735
000391	L	0.778907	0.840606	0.708102	0.2558	0.3356	0.5150	0.0970	0.5724	0.2208	0.3751
000392	K	0.766630	0.842426	0.713315	0.3535	0.4186	0.4900	0.0830	0.5975	0.1849	0.3747
000393	A	0.774674	0.848615	0.719262	0.2700	0.4149	0.5400	0.0780	0.5946	0.2054	0.3754
000394	Q	0.800940	0.859759	0.723368	0.2786	0.3392	0.5700	0.0910	0.5952	0.2218	0.3705
000395	V	0.809833	0.861359	0.725058	0.3456	0.4051	0.5470	0.0940	0.6156	0.1967	0.3733
000396	A	0.819627	0.856892	0.724816	0.2913	0.4087	0.5070	0.0760	0.6014	0.2123	0.3748
000397	R	0.795198	0.846681	0.725505	0.2820	0.3983	0.5270	0.0700	0.5958	0.2088	0.3702
000398	S	0.781285	0.861197	0.726612	0.2748	0.3182	0.5890	0.0580	0.5919	0.2243	0.3657
000399	Q	0.747791	0.871349	0.726585	0.2657	0.3149	0.6100	0.0540	0.5894	0.2251	0.3626
000400	Q	0.741630	0.850541	0.725209	0.2748	0.3087	0.6160	0.0650	0.5861	0.2192	0.3642
000401	D	0.732050	0.866980	0.723354	0.2865	0.3019	0.6030	0.0860	0.5856	0.2198	0.3700
000402	I	0.725132	0.867944	0.722350	0.3005	0.3117	0.5880	0.0700	0.5859	0.2138	0.3753
000403	E	0.705156	0.868586	0.720886	0.2913	0.3249	0.5590	0.0880	0.5782	0.2112	0.3796
000404	R	0.704042	0.851025	0.719472	0.2483	0.3356	0.5760	0.0970	0.5724	0.2151	0.3853
000405	Y	0.690097	0.854576	0.717803	0.2531	0.3494	0.5840	0.1030	0.5748	0.2107	0.3940
000406	K	0.715989	0.859152	0.715415	0.3053	0.4051	0.5380	0.0830	0.5898	0.1924	0.3931
000407	Q	0.727992	0.833685	0.713073	0.3263	0.4256	0.5820	0.0590	0.6014	0.1777	0.3931
000408	Q	0.755633	0.829436	0.711075	0.3225	0.3631	0.6370	0.0390	0.6031	0.1931	0.3977
000409	L	0.764758	0.831766	0.710284	0.3263	0.3704	0.6810	0.0470	0.6141	0.1941	0.4061
000410	S	0.772475	0.845126	0.710224	0.2558	0.3667	0.6290	0.0730	0.5965	0.2143	0.4108
000411	L	0.770799	0.848728	0.710400	0.2558	0.3872	0.6470	0.0700	0.6033	0.2118	0.4123
000412	A	0.776229	0.855814	0.710573	0.2292	0.3704	0.6040	0.0860	0.5910	0.2230	0.4097
000413	V	0.762956	0.858742	0.709191	0.3311	0.3840	0.6600	0.0870	0.6177	0.1941	0.4029
000414	E	0.748507	0.867737	0.707391	0.3263	0.3774	0.6160	0.0900	0.6072	0.1957	0.3972
000415	R	0.718410	0.873189	0.704786	0.2748	0.3149	0.6350	0.1000	0.5868	0.2187	0.3919
000416	E	0.658940	0.870540	0.702552	0.3359	0.3910	0.5980	0.0900	0.5928	0.1827	0.3891
000417	R	0.597385	0.863849	0.700952	0.2657	0.3286	0.5940	0.0990	0.5584	0.2061	0.3904
000418	S	0.535872	0.856890	0.700661	0.2786	0.3460	0.5560	0.0970	0.5457	0.1968	0.3946
000419	L	0.514002	0.845090	0.700519	0.2041	0.2609	0.5810	0.1100	0.5175	0.2269	0.3966
000420	E	0.483230	0.849182	0.699242	0.2820	0.3321	0.5190	0.1200	0.5275	0.1973	0.3974
000421	R	0.483798	0.834985	0.696779	0.1878	0.3215	0.5960	0.1000	0.5201	0.2188	0.3982
000422	D	0.438662	0.824876	0.694003	0.2531	0.3807	0.5800	0.0960	0.5285	0.1931	0.4000
000423	Q	0.419581	0.816687	0.689792	0.2558	0.3392	0.5610	0.0730	0.5137	0.1962	0.4007
000424	V	0.370104	0.800436	0.684248	0.3053	0.4149	0.5510	0.0680	0.5210	0.1762	0.4070
000425	Q	0.366104	0.769762	0.677416	0.2531	0.4220	0.5010	0.0690	0.4982	0.1776	0.4146
000426	L	0.365406	0.784348	0.670769	0.2748	0.3566	0.4920	0.0750	0.4906	0.1821	0.4246
000427	G	0.387933	0.793743	0.662659	0.2820	0.3566	0.5220	0.0780	0.5008	0.1797	0.4317
000428	L	0.340860	0.785880	0.653220	0.2209	0.3599	0.5570	0.0790	0.4862	0.1958	0.4307
000429	D	0.298391	0.751937	0.643846	0.2167	0.3740	0.5300	0.0950	0.4691	0.1898	0.4301
000430	W	0.274713	0.722353	0.634611	0.2865	0.4441	0.5330	0.1100	0.4826	0.1665	0.4298
000431	Q	0.314781	0.696312	0.626749	0.2963	0.3631	0.5350	0.0950	0.4720	0.1558	0.4337
000432	R	0.306128	0.695719	0.619625	0.3096	0.3704	0.5410	0.0880	0.4738	0.1532	0.4325
000433	R	0.342833	0.709742	0.614770	0.2209	0.3494	0.5480	0.0890	0.4643	0.1718	0.4311
000434	C	0.358904	0.720251	0.610165	0.2167	0.3566	0.5360	0.0950	0.4664	0.1712	0.4310
000435	D	0.374153	0.725274	0.607405	0.2700	0.4220	0.5320	0.0910	0.4885	0.1513	0.4289
000436	D	0.367593	0.754359	0.606447	0.2748	0.4051	0.5800	0.0810	0.4981	0.1632	0.4254
000437	I	0.405189	0.764238	0.609352	0.3630	0.4087	0.6520	0.0790	0.5338	0.1496	0.4208
000438	E	0.432974	0.773950	0.613832	0.3225	0.3321	0.6440	0.0820	0.5199	0.1686	0.4167
000439	R	0.426908	0.770245	0.619629	0.3311	0.3983	0.6430	0.1100	0.5316	0.1560	0.4139
000440	D	0.426574	0.774884	0.625224	0.2531	0.3872	0.6110	0.1370	0.5131	0.1740	0.4126
000441	Q	0.468430	0.774332	0.629492	0.3399	0.4087	0.6310	0.1240	0.5419	0.1492	0.4103
000442	I	0.507694	0.778614	0.632912	0.3491	0.4119	0.6660	0.1220	0.5577	0.1491	0.4116
000443	Q	0.544482	0.782318	0.635709	0.2865	0.4087	0.6220	0.1050	0.5465	0.1611	0.4121
000444	K	0.586787	0.790000	0.639947	0.3096	0.4017	0.5570	0.0940	0.5476	0.1564	0.4162
000445	S	0.581252	0.783251	0.644469	0.3491	0.4541	0.4780	0.0750	0.5484	0.1408	0.4209
000446	E	0.554241	0.769230	0.649261	0.3096	0.4409	0.4080	0.0570	0.5219	0.1544	0.4253
000447	A	0.555886	0.746752	0.653715	0.2865	0.4256	0.3710	0.0630	0.5066	0.1608	0.4297
000448	L	0.517924	0.741658	0.657361	0.3717	0.4409	0.3550	0.0610	0.5141	0.1433	0.4331
000449	I	0.467394	0.726206	0.660049	0.3578	0.4119	0.3020	0.0560	0.4876	0.1549	0.4320
000450	Q	0.402396	0.717224	0.662142	0.2963	0.4051	0.2520	0.0500	0.4558	0.1749	0.4302
000451	G	0.333398	0.698379	0.664366	0.2558	0.3840	0.2350	0.0460	0.4284	0.1857	0.4273
000452	L	0.268873	0.682459	0.666895	0.2292	0.3182	0.2590	0.0400	0.4041	0.1932	0.4245
000453	S	0.198435	0.689802	0.669199	0.2963	0.3910	0.2680	0.0490	0.4188	0.1929	0.4223
000454	M	0.173137	0.684297	0.673256	0.2209	0.4017	0.3410	0.0680	0.4157	0.2005	0.4211
000455	A	0.174291	0.723010	0.678715	0.2209	0.4087	0.3840	0.0910	0.4317	0.2079	0.4213
000456	K	0.153399	0.735257	0.685987	0.2255	0.4149	0.3960	0.0860	0.4351	0.2154	0.4236
000457	S	0.154100	0.751393	0.693844	0.2080	0.4119	0.3940	0.0810	0.4356	0.2235	0.4265
000458	Q	0.196382	0.757072	0.703430	0.2483	0.4119	0.3670	0.0750	0.4474	0.2128	0.4302
000459	V	0.248132	0.781021	0.713785	0.3053	0.4186	0.4120	0.0820	0.4798	0.1991	0.4320
000460	A	0.315570	0.781934	0.723178	0.3456	0.4940	0.3970	0.0880	0.5096	0.1813	0.4327
000461	A	0.384901	0.797013	0.732344	0.2657	0.5098	0.4280	0.0950	0.5196	0.1886	0.4335
000462	K	0.451998	0.802209	0.739834	0.2531	0.5055	0.4370	0.0890	0.5316	0.1871	0.4336
000463	L	0.525516	0.803150	0.746324	0.3359	0.6043	0.4240	0.0990	0.5732	0.1657	0.4330
000464	Q	0.577383	0.798517	0.750127	0.3225	0.5254	0.4150	0.1020	0.5648	0.1692	0.4311
000465	E	0.629171	0.805302	0.753899	0.3491	0.4801	0.4540	0.1250	0.5786	0.1646	0.4288
000466	T	0.680959	0.804616	0.756188	0.3096	0.4330	0.5390	0.1400	0.5872	0.1769	0.4275
000467	E	0.691768	0.798914	0.757042	0.2558	0.4292	0.5870	0.1430	0.5866	0.1912	0.4263
000468	Q	0.687371	0.802847	0.754943	0.1844	0.4119	0.5870	0.1420	0.5715	0.2145	0.4249
000469	A	0.688091	0.797809	0.750779	0.1921	0.3529	0.5720	0.1470	0.5589	0.2190	0.4231
000470	L	0.696692	0.782821	0.744726	0.2333	0.4220	0.5560	0.1530	0.5727	0.1946	0.4210
000471	Q	0.707491	0.771385	0.738018	0.1921	0.3740	0.5190	0.1300	0.5504	0.2118	0.4181
000472	E	0.709462	0.762785	0.732409	0.2209	0.4017	0.4890	0.1260	0.5526	0.1992	0.4167
000473	Q	0.725988	0.767849	0.727569	0.1602	0.4017	0.4710	0.1130	0.5424	0.2198	0.4169
000474	E	0.738833	0.732824	0.723525	0.2385	0.4901	0.4120	0.0990	0.5560	0.1909	0.4186
000475	V	0.751677	0.691920	0.720177	0.2558	0.4940	0.4010	0.0960	0.5525	0.1833	0.4238
000476	V	0.764674	0.677406	0.716690	0.2602	0.4652	0.3550	0.0860	0.5399	0.1909	0.4277
000477	L	0.783409	0.664703	0.712171	0.2657	0.4017	0.3460	0.0820	0.5289	0.1982	0.4323
000478	K	0.783976	0.645868	0.705834	0.2333	0.3948	0.3170	0.0860	0.5135	0.2077	0.4348
000479	A	0.765778	0.665202	0.698562	0.1844	0.3774	0.3050	0.0920	0.4995	0.2198	0.4368
000480	V	0.739410	0.706724	0.689302	0.2167	0.3286	0.3100	0.0920	0.4984	0.2167	0.4364
000481	T	0.668047	0.700171	0.680050	0.2786	0.3840	0.3430	0.0950	0.5090	0.1767	0.4397
000482	L	0.593765	0.674145	0.672837	0.2167	0.3704	0.3930	0.0900	0.4868	0.1715	0.4448
000483	E	0.540896	0.692760	0.668941	0.1998	0.3774	0.4090	0.0970	0.4815	0.1726	0.4496
000484	R	0.503473	0.697267	0.667381	0.1805	0.3774	0.4240	0.0890	0.4750	0.1761	0.4573
000485	D	0.457068	0.697924	0.665825	0.1844	0.3053	0.4270	0.0780	0.4563	0.1825	0.4649
000486	Q	0.412619	0.674880	0.665325	0.2602	0.3983	0.4240	0.0910	0.4726	0.1498	0.4733
000487	A	0.372513	0.673002	0.666443	0.2531	0.4507	0.4300	0.0940	0.4744	0.1518	0.4880
000488	V	0.347186	0.664488	0.668812	0.3535	0.5620	0.4160	0.0870	0.5021	0.1361	0.5005
000489	Q	0.341009	0.652020	0.671523	0.3491	0.5707	0.3760	0.0830	0.4934	0.1418	0.5183
000490	A	0.398979	0.669737	0.674144	0.4116	0.5707	0.4010	0.0840	0.5210	0.1220	0.5392
000491	L	0.443753	0.647460	0.677691	0.4918	0.6576	0.4080	0.0950	0.5544	0.1096	0.5596
000492	R	0.482718	0.665496	0.681877	0.4651	0.6269	0.4260	0.1210	0.5580	0.1028	0.5712
000493	M	0.506235	0.675750	0.686449	0.5583	0.6269	0.4880	0.1390	0.5903	0.0779	0.5923
000494	H	0.511193	0.687272	0.691494	0.5296	0.5296	0.5150	0.1370	0.5774	0.0795	0.6035
000495	G	0.519328	0.698851	0.696795	0.4651	0.5296	0.5980	0.1390	0.5847	0.0889	0.6117
000496	L	0.536327	0.709793	0.702580	0.3939	0.5139	0.5940	0.1370	0.5750	0.1102	0.6192
000497	P	0.570759	0.731450	0.707973	0.3885	0.5254	0.5100	0.1410	0.5724	0.1180	0.6246
000498	R	0.594477	0.729175	0.713069	0.4203	0.5577	0.5460	0.1190	0.5935	0.1050	0.6259
000499	P	0.609096	0.725543	0.716939	0.4967	0.6576	0.5240	0.1150	0.6217	0.0880	0.6302
000500	G	0.640710	0.729967	0.720476	0.5008	0.6661	0.5420	0.1260	0.6334	0.0856	0.6312
000501	A	0.662136	0.728294	0.724390	0.5229	0.5901	0.5200	0.0990	0.6247	0.0862	0.6254
000502	Q	0.676625	0.725418	0.728189	0.5941	0.6851	0.4700	0.0950	0.6466	0.0906	0.6219
000503	M	0.722894	0.705854	0.731740	0.5253	0.6851	0.5080	0.1000	0.6465	0.0930	0.6265
000504	L	0.763060	0.686048	0.734745	0.5623	0.7250	0.5280	0.1170	0.6665	0.0894	0.6138
000505	L	0.793279	0.658678	0.737490	0.5583	0.5901	0.5430	0.1380	0.6469	0.0927	0.6001
000506	R	0.805793	0.694999	0.739713	0.5583	0.6322	0.5720	0.1380	0.6672	0.0889	0.5873
000507	Q	0.816389	0.734776	0.742186	0.5583	0.7250	0.5840	0.1610	0.6934	0.0917	0.5790
000508	H	0.818758	0.764265	0.745844	0.5583	0.6806	0.5850	0.1530	0.6922	0.0945	0.5799
000509	E	0.818927	0.788633	0.750910	0.5762	0.7036	0.5940	0.1300	0.7054	0.0921	0.5746
000510	E	0.816687	0.808686	0.757287	0.5514	0.5577	0.6560	0.1430	0.6913	0.1100	0.5706
000511	E	0.818436	0.832214	0.766117	0.5473	0.5620	0.6790	0.1410	0.7009	0.1145	0.5766
000512	I	0.822240	0.849939	0.775945	0.5043	0.5807	0.6670	0.1420	0.7001	0.1270	0.5847
000513	S	0.828750	0.862559	0.784505	0.5043	0.4979	0.6390	0.1420	0.6862	0.1482	0.5916
000514	K	0.830838	0.869062	0.790457	0.5173	0.5139	0.6440	0.1430	0.6942	0.1443	0.5992
000515	D	0.832604	0.870680	0.794526	0.5126	0.6136	0.6520	0.1530	0.7127	0.1288	0.6167
000516	F	0.834303	0.871863	0.798761	0.5667	0.7120	0.6600	0.1510	0.7405	0.1057	0.6382
000517	P	0.829910	0.870568	0.802122	0.5802	0.7331	0.5980	0.1460	0.7357	0.1115	0.6500
000518	S	0.791586	0.874189	0.804468	0.5802	0.7331	0.6640	0.1080	0.7413	0.0967	0.6535
000519	S	0.758978	0.874922	0.805356	0.5762	0.7209	0.6820	0.0980	0.7365	0.0942	0.6496
000520	E	0.726169	0.876037	0.805677	0.5762	0.6269	0.7100	0.1060	0.7202	0.1010	0.6515
000521	I	0.663669	0.882149	0.806542	0.5802	0.6089	0.7430	0.0870	0.7142	0.1074	0.6620
000522	Q	0.604982	0.889905	0.807398	0.5253	0.6089	0.7320	0.1010	0.6947	0.1267	0.6602
000523	R	0.590167	0.887105	0.808243	0.5941	0.6906	0.7410	0.1160	0.7186	0.1078	0.6564
000524	L	0.566395	0.892234	0.808277	0.5900	0.5901	0.7880	0.1150	0.7058	0.1279	0.6627
000525	R	0.516169	0.893834	0.807085	0.5623	0.5758	0.7740	0.1220	0.6883	0.1425	0.6641
000526	E	0.506065	0.893666	0.804896	0.5008	0.5665	0.7720	0.1200	0.6741	0.1554	0.6726
000527	Q	0.531156	0.894660	0.801311	0.5473	0.6620	0.7690	0.1210	0.7008	0.1330	0.6848
000528	N	0.556511	0.891389	0.797268	0.5296	0.6089	0.8010	0.1000	0.6974	0.1379	0.7166
000529	T	0.592245	0.888259	0.793421	0.5008	0.5992	0.8160	0.0960	0.6983	0.1409	0.7499
000530	S	0.652737	0.882770	0.791238	0.4918	0.6183	0.8350	0.0990	0.7119	0.1362	0.7781
000531	L	0.707678	0.887288	0.790975	0.4879	0.5807	0.8500	0.0970	0.7175	0.1434	0.8034
000532	R	0.720050	0.887423	0.791516	0.5623	0.6991	0.8540	0.0870	0.7524	0.1081	0.8189
000533	N	0.729235	0.882191	0.792824	0.5374	0.6661	0.8760	0.0820	0.7473	0.1209	0.8373
000534	A	0.766630	0.885968	0.794331	0.5514	0.5901	0.8930	0.0770	0.7469	0.1330	0.8601
000535	I	0.763770	0.895564	0.795925	0.5992	0.6806	0.9010	0.0780	0.7727	0.1086	0.8777
000536	A	0.769266	0.900779	0.797901	0.5514	0.7080	0.8900	0.0900	0.7695	0.1182	0.8910
000537	Q	0.773562	0.903953	0.800061	0.5514	0.6991	0.8800	0.0920	0.7680	0.1182	0.8989
000538	M	0.780879	0.905576	0.802918	0.5549	0.5992	0.9030	0.0760	0.7577	0.1365	0.9042
000539	R	0.780133	0.907770	0.806068	0.5667	0.6322	0.9070	0.0730	0.7667	0.1287	0.9021
000540	K	0.780815	0.905755	0.810365	0.5173	0.6755	0.9000	0.0730	0.7649	0.1352	0.9021
000541	E	0.780173	0.906022	0.815640	0.5412	0.7209	0.8880	0.0780	0.7753	0.1219	0.9073
000542	M	0.796575	0.905535	0.820784	0.6334	0.7080	0.8790	0.0730	0.7906	0.0945	0.9128
000543	E	0.812977	0.906993	0.824733	0.6681	0.7209	0.8720	0.0720	0.8009	0.0827	0.9165
000544	A	0.832853	0.901333	0.827625	0.6219	0.7120	0.8700	0.0720	0.7942	0.0968	0.9199
000545	L	0.845412	0.897525	0.830015	0.6557	0.7120	0.8540	0.0770	0.7991	0.0856	0.9166
000546	S	0.854542	0.898027	0.830993	0.7111	0.7755	0.8380	0.0840	0.8181	0.0599	0.9080
000547	H	0.857259	0.900508	0.831196	0.7111	0.8085	0.8490	0.0850	0.8262	0.0586	0.9030
000548	Q	0.870692	0.889234	0.830043	0.6756	0.8050	0.8690	0.0820	0.8233	0.0718	0.8933
000549	I	0.882348	0.874271	0.829762	0.7147	0.8279	0.8770	0.0870	0.8343	0.0578	0.8838
000550	P	0.900099	0.865863	0.829692	0.7192	0.8493	0.8680	0.0970	0.8387	0.0575	0.8722
000551	P	0.912946	0.864876	0.829909	0.7232	0.8343	0.8690	0.0960	0.8390	0.0585	0.8573
000552	P	0.925274	0.870469	0.829583	0.7342	0.8313	0.8670	0.0960	0.8430	0.0581	0.8372
000553	I	0.940500	0.868810	0.828014	0.7317	0.8565	0.8790	0.0900	0.8507	0.0631	0.8117
000554	Q	0.952932	0.864188	0.826444	0.7192	0.8741	0.8700	0.0930	0.8511	0.0700	0.7811
000555	T	0.965274	0.873485	0.823799	0.7458	0.8991	0.8700	0.0910	0.8629	0.0673	0.7502
000556	A	0.974911	0.861164	0.820225	0.8200	0.9519	0.8590	0.0960	0.8812	0.0608	0.7263
000557	A	0.979613	0.856660	0.812298	0.8311	0.9577	0.8680	0.0940	0.8842	0.0626	0.7040
000558	E	0.984042	0.848500	0.803396	0.8457	0.9415	0.8740	0.0900	0.8828	0.0614	0.6739
000559	S	0.980873	0.846081	0.793990	0.8457	0.9396	0.8850	0.0890	0.8819	0.0625	0.6548
000560	T	0.978021	0.842644	0.785299	0.8650	0.9693	0.8880	0.0880	0.8881	0.0681	0.6348
000561	D	0.975458	0.833750	0.776237	0.8457	0.9634	0.9020	0.0830	0.8828	0.0714	0.6250
000562	A	0.973934	0.827700	0.767338	0.8158	0.9381	0.9170	0.0710	0.8732	0.0740	0.6160
000563	N	0.975638	0.825691	0.758655	0.8001	0.9057	0.9040	0.0860	0.8617	0.0735	0.6046
000564	Q	0.976755	0.813154	0.748087	0.8242	0.9473	0.9120	0.0780	0.8702	0.0809	0.6041
000565	P	0.973934	0.800645	0.736185	0.7869	0.9593	0.9020	0.0890	0.8598	0.0902	0.6105
000566	D	0.966618	0.788972	0.724820	0.7817	0.9621	0.8940	0.0950	0.8531	0.0932	0.6134
000567	P	0.960057	0.775464	0.713613	0.8311	0.9346	0.8690	0.1130	0.8473	0.0857	0.6156
000568	E	0.951023	0.760462	0.701183	0.8556	0.9151	0.8770	0.1080	0.8435	0.0867	0.6223
000569	A	0.942308	0.746275	0.687998	0.7772	0.8596	0.8660	0.1310	0.8131	0.0847	0.6384
000570	G	0.934009	0.733693	0.675167	0.7317	0.8375	0.8260	0.1670	0.7897	0.0857	0.6599
000571	G	0.928829	0.711224	0.661275	0.6756	0.7672	0.8060	0.1870	0.7583	0.0912	0.6868
000572	D	0.913843	0.684401	0.645134	0.6374	0.7628	0.7890	0.2060	0.7387	0.0964	0.7206
000573	A	0.894001	0.647365	0.625799	0.6035	0.7595	0.7730	0.2220	0.7171	0.1019	0.7514
000574	A	0.872633	0.598619	0.605684	0.6219	0.7595	0.7290	0.2580	0.6979	0.0995	0.7819
000575	T	0.842634	0.564487	0.586026	0.5802	0.6576	0.7010	0.2740	0.6553	0.0965	0.8043
000576	P	0.814287	0.557438	0.569385	0.5667	0.6089	0.6650	0.2760	0.6303	0.0900	0.8305
000577	D	0.780924	0.514671	0.555595	0.4749	0.5951	0.6320	0.2480	0.5922	0.0986	0.8537
000578	Y	0.730576	0.503087	0.542834	0.4379	0.4801	0.6040	0.2310	0.5497	0.0959	0.8705
000579	V	0.647300	0.466945	0.531762	0.4116	0.4619	0.5980	0.2470	0.5196	0.0820	0.8875
000580	L	0.546494	0.483342	0.521776	0.3668	0.4979	0.4450	0.1590	0.4769	0.0584	0.8954
000581	A	0.453980	0.465764	0.513198	0.3535	0.4864	0.3170	0.1170	0.4317	0.0714	0.8972
000582	L	0.365994	0.465588	0.505107	0.3491	0.3983	0.2670	0.0920	0.3918	0.0779	0.8923
000583	E	0.284737	0.451030	0.498888	0.3184	0.3807	0.2240	0.0640	0.3596	0.0948	0.8837
000584	A	0.213939	0.479509	0.496095	0.2558	0.4051	0.1760	0.0450	0.3377	0.1278	0.8723
000585	E	0.142470	0.493045	0.495425	0.2700	0.3667	0.1600	0.0390	0.3213	0.1428	0.8564
000586	I	0.079941	0.502193	0.497156	0.2700	0.3740	0.1670	0.0370	0.3150	0.1586	0.8461
000587	R	0.041389	0.507462	0.501988	0.1698	0.3356	0.1680	0.0400	0.2874	0.1758	0.8266
000588	T	0.042943	0.527036	0.512501	0.1732	0.3392	0.1840	0.0530	0.2966	0.1797	0.8049
000589	L	0.059063	0.543738	0.525507	0.2292	0.3529	0.1920	0.0600	0.3171	0.1761	0.7904
000590	K	0.066026	0.551436	0.539352	0.2820	0.4186	0.1830	0.0560	0.3401	0.1796	0.7689
000591	H	0.087578	0.564743	0.552410	0.2748	0.4940	0.2060	0.0610	0.3632	0.1835	0.7595
000592	K	0.107921	0.589538	0.564906	0.3005	0.4582	0.2310	0.0560	0.3754	0.1763	0.7539
000593	F	0.131112	0.609342	0.576318	0.3578	0.4582	0.2700	0.0540	0.4004	0.1680	0.7658
000594	K	0.130260	0.622852	0.587582	0.2820	0.4582	0.2550	0.0520	0.3893	0.1804	0.7744
000595	T	0.129695	0.635954	0.600421	0.2531	0.5176	0.3080	0.0700	0.4074	0.1882	0.7915
000596	L	0.121018	0.650639	0.614274	0.2385	0.4409	0.3660	0.0810	0.4053	0.1894	0.8149
000597	E	0.104687	0.655058	0.627047	0.3399	0.5098	0.3840	0.0790	0.4367	0.1878	0.8287
000598	K	0.088898	0.649368	0.639593	0.2963	0.4940	0.4220	0.0820	0.4316	0.1960	0.8406
000599	H	0.091871	0.651436	0.653273	0.2963	0.4864	0.4290	0.0920	0.4348	0.1975	0.8601
000600	L	0.100503	0.663584	0.667478	0.3456	0.5577	0.4240	0.0990	0.4599	0.1990	0.8726
000601	E	0.155674	0.667333	0.681248	0.3578	0.6089	0.3750	0.1050	0.4743	0.1929	0.8798
000602	D	0.214924	0.685331	0.695319	0.3578	0.6089	0.4350	0.1230	0.4995	0.1780	0.8861
000603	V	0.301992	0.702290	0.710800	0.4037	0.5901	0.4590	0.1320	0.5281	0.1521	0.8950
000604	L	0.387962	0.721232	0.728795	0.5043	0.7163	0.4940	0.1450	0.5922	0.1352	0.8971
000605	D	0.483153	0.746591	0.748406	0.4918	0.7209	0.4970	0.1620	0.6146	0.1244	0.8950
000606	P	0.580097	0.770063	0.768382	0.5084	0.7209	0.5520	0.1610	0.6499	0.1065	0.8904
000607	L	0.674376	0.783605	0.785882	0.5762	0.8313	0.6020	0.1500	0.7089	0.0972	0.8814
000608	K	0.762610	0.798704	0.801661	0.5762	0.8162	0.6360	0.1520	0.7319	0.0920	0.8673
000609	M	0.838580	0.831605	0.816954	0.6124	0.7595	0.6830	0.1370	0.7571	0.0838	0.8591
000610	S	0.867930	0.852936	0.832004	0.6079	0.7369	0.7020	0.1240	0.7665	0.0934	0.8369
000611	S	0.889617	0.869479	0.845205	0.6293	0.8125	0.7310	0.1260	0.7961	0.0903	0.8149
000612	P	0.910393	0.881703	0.857464	0.6334	0.8013	0.7480	0.1280	0.8054	0.0935	0.7988
000613	H	0.929766	0.898386	0.869260	0.6293	0.7916	0.7920	0.1090	0.8184	0.0988	0.7763
000614	A	0.941839	0.911490	0.879395	0.6789	0.8623	0.8240	0.0880	0.8497	0.0848	0.7393
000615	E	0.954052	0.918727	0.886802	0.7275	0.9081	0.8490	0.0780	0.8740	0.0728	0.6964
000616	S	0.967077	0.926280	0.891772	0.7458	0.9039	0.8720	0.0600	0.8845	0.0688	0.6593
000617	Q	0.976291	0.932788	0.896156	0.7147	0.8828	0.8790	0.0570	0.8804	0.0813	0.6183
000618	P	0.978292	0.937457	0.898963	0.7573	0.9230	0.8780	0.0670	0.8955	0.0693	0.5831
000619	S	0.977955	0.938827	0.900902	0.7644	0.9269	0.8900	0.0700	0.8999	0.0668	0.5510
000620	V	0.983261	0.943297	0.901765	0.7817	0.9249	0.9000	0.0680	0.9058	0.0622	0.5129
000621	R	0.984682	0.945046	0.902735	0.7817	0.9287	0.8980	0.0720	0.9067	0.0629	0.4826
000622	T	0.989477	0.948421	0.903399	0.7605	0.9168	0.9140	0.0610	0.9055	0.0709	0.4451
000623	S	0.991776	0.950403	0.903972	0.7418	0.8966	0.9280	0.0480	0.9021	0.0783	0.4155
000624	T	0.992477	0.953373	0.903906	0.7111	0.8894	0.9330	0.0460	0.8972	0.0897	0.3890
000625	E	0.992857	0.955360	0.903434	0.7317	0.8920	0.9360	0.0470	0.9018	0.0830	0.3725
000626	T	0.993176	0.956874	0.902828	0.7275	0.8853	0.9450	0.0440	0.9017	0.0855	0.3659
000627	T	0.994064	0.959422	0.902384	0.7034	0.8872	0.9500	0.0450	0.8995	0.0946	0.3634
000628	G	0.996140	0.959331	0.902375	0.6984	0.8853	0.9560	0.0470	0.8995	0.0972	0.3656
000629	G	0.996959	0.960717	0.901846	0.6715	0.7982	0.9590	0.0460	0.8814	0.1133	0.3667
000630	S	0.997565	0.960564	0.901442	0.6715	0.8050	0.9580	0.0470	0.8824	0.1125	0.3767
000631	A	0.997281	0.961217	0.900858	0.6681	0.8493	0.9590	0.0470	0.8894	0.1099	0.3814
000632	Q	0.996764	0.960892	0.900885	0.6681	0.8530	0.9570	0.0500	0.8895	0.1093	0.3856
000633	A	0.996287	0.960167	0.900791	0.6442	0.8530	0.9610	0.0460	0.8859	0.1176	0.3968
000634	G	0.995986	0.961692	0.900276	0.6412	0.8343	0.9590	0.0490	0.8821	0.1197	0.3957
000635	Q	0.995900	0.961408	0.899269	0.6474	0.8313	0.9580	0.0500	0.8822	0.1176	0.4000
000636	A	0.995537	0.959888	0.897386	0.6035	0.8198	0.9590	0.0480	0.8725	0.1329	0.4095
000637	G	0.995074	0.954722	0.894845	0.6079	0.8162	0.9580	0.0480	0.8711	0.1309	0.4116
000638	G	0.994609	0.951673	0.891507	0.6079	0.7505	0.9590	0.0440	0.8593	0.1372	0.4138
000639	S	0.994465	0.944578	0.886943	0.6079	0.7547	0.9640	0.0370	0.8588	0.1363	0.4188
000640	V	0.994207	0.934860	0.881239	0.5412	0.7289	0.9630	0.0390	0.8406	0.1588	0.4183
000641	Q	0.994289	0.922361	0.874324	0.5473	0.7331	0.9500	0.0580	0.8369	0.1533	0.4141
000642	A	0.994396	0.907903	0.867679	0.5296	0.7982	0.9470	0.0630	0.8407	0.1520	0.4175
000643	G	0.994429	0.894239	0.861175	0.5173	0.7250	0.9360	0.0770	0.8214	0.1591	0.4239
000644	Q	0.994403	0.884266	0.855440	0.5762	0.7505	0.9320	0.0790	0.8322	0.1365	0.4306
000645	A	0.994345	0.872443	0.849896	0.5043	0.7505	0.9260	0.0850	0.8162	0.1579	0.4469
000646	G	0.993922	0.862674	0.843894	0.5008	0.7415	0.9150	0.0920	0.8096	0.1576	0.4580
000647	G	0.993287	0.845896	0.838014	0.5296	0.6948	0.9110	0.0910	0.8021	0.1513	0.4656
000648	S	0.991570	0.835850	0.831847	0.5253	0.6661	0.9100	0.0860	0.7934	0.1550	0.4815
000649	V	0.988467	0.823729	0.826320	0.4420	0.5807	0.9100	0.0890	0.7619	0.1899	0.4968
000650	Q	0.985293	0.811792	0.820525	0.4078	0.5758	0.8860	0.1140	0.7479	0.1959	0.5107
000651	A	0.973774	0.797567	0.814848	0.3717	0.6427	0.8780	0.1220	0.7465	0.1948	0.5279
000652	G	0.954593	0.776698	0.809257	0.3668	0.5533	0.8560	0.1370	0.7195	0.1989	0.5403
000653	P	0.917884	0.762095	0.803324	0.3992	0.5807	0.8350	0.1510	0.7164	0.1748	0.5546
000654	V	0.878795	0.737026	0.797403	0.3096	0.5901	0.8100	0.1620	0.6871	0.1908	0.5626
000655	S	0.799007	0.721226	0.790979	0.3096	0.5807	0.7130	0.1810	0.6525	0.1692	0.5709
000656	S	0.712293	0.694508	0.784598	0.3535	0.5342	0.6580	0.1700	0.6229	0.1420	0.5743
000657	G	0.623468	0.678243	0.778719	0.3578	0.5419	0.5880	0.1560	0.5946	0.1295	0.5774
000658	L	0.525653	0.670442	0.773657	0.2865	0.4725	0.5340	0.1520	0.5439	0.1531	0.5778
000659	A	0.422146	0.656705	0.769410	0.2865	0.4087	0.4610	0.1530	0.5008	0.1626	0.5721
000660	L	0.324204	0.645987	0.765354	0.2657	0.4801	0.4650	0.1630	0.4911	0.1726	0.5673
000661	R	0.234397	0.624598	0.761357	0.1844	0.4087	0.4730	0.1750	0.4477	0.2028	0.5544
000662	K	0.165606	0.625815	0.757247	0.2292	0.3667	0.4520	0.1720	0.4328	0.2082	0.5442
000663	L	0.096585	0.617834	0.752601	0.1566	0.3087	0.4940	0.1580	0.4044	0.2381	0.5394
000664	G	0.113641	0.613274	0.747681	0.0771	0.2817	0.4970	0.1690	0.3885	0.2501	0.5272
000665	D	0.149853	0.588641	0.742961	0.0771	0.3321	0.5100	0.1900	0.4001	0.2369	0.5183
000666	R	0.233727	0.578690	0.738548	0.0771	0.2715	0.5090	0.1950	0.4014	0.2261	0.5051
000667	V	0.328965	0.580103	0.734283	0.0701	0.2680	0.4700	0.1860	0.4086	0.2160	0.4965
000668	Q	0.349646	0.576200	0.730164	0.0414	0.2715	0.4310	0.2030	0.4000	0.2193	0.4879
000669	L	0.401264	0.548325	0.726500	0.0660	0.3286	0.4150	0.1990	0.4144	0.2018	0.4815
000670	L	0.464146	0.530399	0.724081	0.0858	0.2918	0.3630	0.1720	0.4099	0.1989	0.4751
000671	N	0.527854	0.565287	0.721979	0.1416	0.2918	0.2900	0.1330	0.4231	0.1978	0.4661
000672	L	0.561896	0.530167	0.720465	0.0884	0.2951	0.2790	0.1220	0.4125	0.2112	0.4621
000673	L	0.558350	0.510610	0.718212	0.0478	0.3053	0.2680	0.1190	0.4013	0.2195	0.4543
000674	V	0.558473	0.502239	0.715876	0.0789	0.4017	0.2650	0.1300	0.4203	0.2058	0.4427
000675	T	0.512736	0.514778	0.713312	0.0771	0.3392	0.2590	0.1260	0.4027	0.2048	0.4363
000676	R	0.473955	0.521288	0.711439	0.0884	0.3356	0.3010	0.1450	0.4053	0.1950	0.4301
000677	L	0.515424	0.530968	0.710860	0.0455	0.3704	0.3550	0.1610	0.4214	0.2053	0.4258
000678	R	0.530089	0.577335	0.710423	0.0723	0.4119	0.3780	0.1570	0.4467	0.1999	0.4207
000679	Q	0.540368	0.584084	0.710284	0.0884	0.3872	0.3970	0.1360	0.4513	0.1964	0.4176
000680	K	0.560361	0.638161	0.709819	0.1240	0.3872	0.4540	0.1110	0.4790	0.1916	0.4164
000681	V	0.611694	0.653308	0.709950	0.1635	0.4541	0.5200	0.1190	0.5187	0.1797	0.4176
000682	L	0.658712	0.682802	0.710541	0.0935	0.4441	0.5260	0.1250	0.5193	0.2120	0.4206
000683	R	0.689985	0.695619	0.711338	0.1495	0.5176	0.5430	0.1240	0.5511	0.1951	0.4210
000684	E	0.726883	0.694605	0.712838	0.2041	0.5176	0.5400	0.1120	0.5659	0.1817	0.4222
000685	P	0.754583	0.724962	0.714465	0.2786	0.6322	0.5830	0.1200	0.6146	0.1612	0.4262
000686	L	0.781793	0.724452	0.716723	0.1844	0.6269	0.6480	0.1140	0.6137	0.1986	0.4289
000687	E	0.804427	0.735741	0.718606	0.2209	0.6427	0.5840	0.1360	0.6178	0.1907	0.4306
000688	P	0.819677	0.751115	0.719782	0.3005	0.6576	0.5830	0.1270	0.6385	0.1683	0.4327
000689	A	0.820957	0.754715	0.719850	0.3053	0.6755	0.6390	0.1020	0.6526	0.1656	0.4338
000690	A	0.824728	0.754092	0.718670	0.2255	0.6755	0.6120	0.1190	0.6350	0.1945	0.4338
000691	L	0.825533	0.767072	0.717326	0.2292	0.6043	0.5960	0.1130	0.6232	0.1944	0.4298
000692	Q	0.823492	0.737715	0.714963	0.3096	0.7080	0.5750	0.1330	0.6448	0.1667	0.4227
000693	R	0.817014	0.718178	0.712349	0.3311	0.7163	0.5780	0.1520	0.6455	0.1568	0.4186
000694	E	0.811894	0.730446	0.709592	0.3578	0.7209	0.5480	0.1610	0.6465	0.1510	0.4176
000695	L	0.802156	0.732251	0.708056	0.2748	0.6482	0.5670	0.1780	0.6221	0.1714	0.4178
000696	P	0.790822	0.731699	0.707972	0.2432	0.5296	0.5240	0.1730	0.5878	0.1838	0.4138
000697	R	0.787524	0.709577	0.709495	0.2786	0.6136	0.5140	0.1780	0.6020	0.1684	0.4107
000698	E	0.786467	0.709920	0.712384	0.2122	0.5342	0.4470	0.1540	0.5670	0.1962	0.4086
000699	V	0.782575	0.697159	0.716234	0.1878	0.4979	0.4450	0.1390	0.5544	0.2034	0.4120
000700	D	0.778594	0.701640	0.720938	0.1495	0.5139	0.4380	0.1330	0.5504	0.2156	0.4185
000701	Q	0.777461	0.684567	0.726249	0.1635	0.5419	0.4750	0.1460	0.5614	0.2062	0.4263
000702	V	0.776327	0.679204	0.731869	0.2483	0.5533	0.4450	0.1390	0.5723	0.1826	0.4408
000703	H	0.773090	0.694089	0.736902	0.2657	0.5296	0.4100	0.1120	0.5682	0.1845	0.4621
000704	L	0.769165	0.705236	0.741734	0.2167	0.5382	0.4030	0.1030	0.5624	0.2003	0.4733
000705	E	0.757433	0.727364	0.746531	0.1998	0.4685	0.3850	0.0920	0.5475	0.2119	0.4734
000706	V	0.734984	0.745150	0.750509	0.2865	0.5419	0.3880	0.0910	0.5744	0.1848	0.4852
000707	L	0.719928	0.743479	0.753297	0.1958	0.5017	0.3790	0.0680	0.5488	0.2101	0.5023
000708	E	0.699330	0.743643	0.754479	0.2122	0.5211	0.3890	0.0980	0.5533	0.2010	0.5108
000709	L	0.682949	0.736290	0.755671	0.2122	0.4582	0.4510	0.1040	0.5494	0.1945	0.5340
000710	R	0.673456	0.730239	0.757142	0.3096	0.5176	0.4200	0.1060	0.5680	0.1656	0.5528
000711	K	0.663449	0.722197	0.760009	0.2333	0.4330	0.4270	0.0940	0.5398	0.1894	0.5738
000712	Q	0.604751	0.721173	0.763818	0.2292	0.4149	0.4620	0.0750	0.5327	0.1849	0.6003
000713	V	0.559367	0.723591	0.767885	0.2255	0.4766	0.5040	0.0860	0.5429	0.1780	0.6350
000714	A	0.536163	0.713509	0.772279	0.1878	0.4801	0.4940	0.1030	0.5306	0.1886	0.6645
000715	E	0.515640	0.706243	0.776931	0.2820	0.5456	0.4980	0.0980	0.5540	0.1590	0.7008
000716	L	0.507165	0.704976	0.781974	0.2913	0.5456	0.4850	0.0960	0.5527	0.1585	0.7460
000717	G	0.472768	0.716507	0.786909	0.3630	0.5901	0.5260	0.0800	0.5758	0.1432	0.7693
000718	K	0.468930	0.712823	0.791753	0.4379	0.6712	0.5330	0.1080	0.6026	0.1307	0.7936
000719	H	0.470040	0.706821	0.796884	0.4037	0.7080	0.5910	0.1170	0.6127	0.1393	0.8211
000720	L	0.469201	0.714372	0.802349	0.4825	0.7755	0.6390	0.1270	0.6472	0.1316	0.8320
000721	R	0.520253	0.723397	0.808898	0.5253	0.7799	0.6910	0.1220	0.6748	0.1139	0.8348
000722	I	0.550213	0.742036	0.816180	0.5331	0.7799	0.7550	0.1190	0.6960	0.1117	0.8416
000723	A	0.603986	0.758585	0.824581	0.5253	0.7718	0.7540	0.1180	0.7064	0.1053	0.8416
000724	Q	0.655272	0.773139	0.833265	0.5802	0.8343	0.7700	0.1210	0.7410	0.0933	0.8308
000725	H	0.696833	0.788654	0.841973	0.5992	0.8765	0.7780	0.1250	0.7636	0.0924	0.8217
000726	G	0.770300	0.806348	0.849676	0.6174	0.8966	0.8060	0.1220	0.7910	0.0872	0.8048
000727	G	0.811396	0.817304	0.856175	0.6984	0.9211	0.8030	0.1360	0.8179	0.0667	0.7850
000728	A	0.841378	0.828361	0.861865	0.7192	0.9190	0.8070	0.1410	0.8296	0.0604	0.7730
000729	E	0.874856	0.838382	0.867273	0.7079	0.9269	0.8100	0.1420	0.8376	0.0681	0.7512
000730	P	0.906082	0.848420	0.872545	0.6944	0.9039	0.8080	0.1420	0.8389	0.0728	0.7344
000731	S	0.951037	0.858271	0.877321	0.7605	0.9057	0.8260	0.1330	0.8632	0.0601	0.7265
000732	G	0.962574	0.865706	0.881553	0.7501	0.8942	0.8460	0.1210	0.8666	0.0635	0.7303
000733	R	0.968813	0.869735	0.885900	0.7869	0.8991	0.8530	0.1170	0.8772	0.0544	0.7358
000734	K	0.959111	0.876711	0.890883	0.8036	0.9106	0.8660	0.1040	0.8845	0.0470	0.7624
000735	Q	0.950291	0.884097	0.896275	0.7540	0.9057	0.8720	0.0960	0.8770	0.0602	0.7962
000736	P	0.948219	0.889918	0.901423	0.7458	0.8966	0.8720	0.0930	0.8756	0.0625	0.8288
000737	P	0.944537	0.896867	0.907030	0.7501	0.9013	0.8640	0.1040	0.8773	0.0615	0.8567
000738	A	0.938723	0.907575	0.913032	0.7540	0.8872	0.8680	0.1040	0.8781	0.0597	0.8782
000739	S	0.930508	0.914274	0.919700	0.7912	0.8966	0.8650	0.1040	0.8862	0.0474	0.8951
000740	D	0.921127	0.924140	0.925528	0.7724	0.8942	0.8650	0.1080	0.8837	0.0542	0.9128
000741	A	0.915130	0.926184	0.930428	0.7418	0.8565	0.8680	0.1060	0.8730	0.0651	0.9248
000742	V	0.916681	0.930042	0.933296	0.7418	0.8623	0.8650	0.1080	0.8748	0.0660	0.9352
000743	A	0.922359	0.933851	0.934733	0.7275	0.8655	0.8520	0.1170	0.8726	0.0726	0.9402
000744	L	0.927054	0.941981	0.935164	0.7342	0.8681	0.8510	0.1180	0.8762	0.0722	0.9401
000745	G	0.918460	0.943644	0.935097	0.7458	0.8565	0.8450	0.1170	0.8740	0.0685	0.9270
000746	R	0.907581	0.945808	0.935100	0.7317	0.8792	0.8440	0.1220	0.8739	0.0721	0.9123
000747	E	0.895248	0.949506	0.935523	0.6870	0.8493	0.8440	0.1260	0.8600	0.0869	0.8948
000748	D	0.886840	0.951366	0.936876	0.6870	0.8125	0.8510	0.1270	0.8542	0.0886	0.8813
000749	A	0.884279	0.954238	0.938881	0.7079	0.8462	0.8530	0.1260	0.8640	0.0806	0.8677
000750	K	0.877323	0.956281	0.941113	0.7079	0.7916	0.8610	0.1200	0.8559	0.0855	0.8553
000751	S	0.871621	0.958616	0.943304	0.7192	0.7843	0.8710	0.1130	0.8581	0.0841	0.8553
000752	A	0.866695	0.959239	0.944999	0.6906	0.7982	0.8740	0.1120	0.8555	0.0910	0.8566
000753	E	0.862753	0.958693	0.946095	0.7317	0.8681	0.8640	0.1150	0.8718	0.0740	0.8517
000754	D	0.864906	0.957388	0.946541	0.7342	0.8853	0.8640	0.1180	0.8754	0.0731	0.8663
000755	E	0.870071	0.954929	0.946386	0.7869	0.9396	0.8630	0.1170	0.8935	0.0599	0.8842
000756	A	0.878001	0.952035	0.944836	0.7951	0.9362	0.8640	0.1220	0.8950	0.0558	0.9128
000757	P	0.880212	0.946336	0.942841	0.8158	0.9381	0.8580	0.1280	0.8969	0.0494	0.9294
000758	S	0.876629	0.942266	0.940676	0.8118	0.9287	0.8560	0.1380	0.8927	0.0487	0.9420
000759	R	0.875566	0.937992	0.939424	0.8036	0.9287	0.8480	0.1440	0.8890	0.0511	0.9540
000760	H	0.868853	0.933325	0.938708	0.8036	0.9106	0.8520	0.1370	0.8845	0.0481	0.9636
000761	L	0.864773	0.930224	0.938749	0.8200	0.9151	0.8630	0.1290	0.8887	0.0425	0.9707
000762	G	0.862785	0.926820	0.939298	0.7772	0.9151	0.8480	0.1460	0.8783	0.0560	0.9716
000763	K	0.858929	0.926694	0.939758	0.7951	0.9230	0.8410	0.1560	0.8807	0.0529	0.9725
000764	H	0.817410	0.924785	0.939537	0.7951	0.8872	0.8450	0.1560	0.8681	0.0534	0.9751
000765	Q	0.765744	0.922495	0.938935	0.8001	0.8894	0.8440	0.1570	0.8601	0.0629	0.9767
000766	P	0.704571	0.918951	0.938541	0.7605	0.8792	0.8420	0.1630	0.8407	0.0838	0.9785
000767	R	0.700671	0.916457	0.938807	0.7817	0.8462	0.8450	0.1640	0.8381	0.0801	0.9807
000768	S	0.708442	0.914021	0.939468	0.7418	0.8279	0.8460	0.1640	0.8296	0.0835	0.9853
000769	A	0.718696	0.911974	0.940206	0.7079	0.8313	0.8510	0.1590	0.8268	0.0881	0.9889
000770	Q	0.725953	0.908159	0.941273	0.7192	0.8655	0.8530	0.1570	0.8354	0.0848	0.9907
000771	V	0.731118	0.907111	0.942863	0.7079	0.8493	0.8600	0.1520	0.8330	0.0862	0.9922
000772	G	0.739987	0.908050	0.944857	0.7688	0.8966	0.8470	0.1640	0.8509	0.0744	0.9929
000773	S	0.754864	0.911396	0.947099	0.7772	0.8991	0.8330	0.1770	0.8538	0.0709	0.9939
000774	R	0.768616	0.912714	0.949501	0.7772	0.9126	0.8260	0.1770	0.8577	0.0706	0.9947
000775	L	0.779886	0.916175	0.952229	0.7772	0.9039	0.8180	0.1850	0.8579	0.0690	0.9956
000776	D	0.720850	0.918955	0.955043	0.7817	0.8493	0.8120	0.1820	0.8397	0.0795	0.9956
000777	A	0.645184	0.921232	0.957627	0.7573	0.8343	0.8180	0.1660	0.8222	0.1032	0.9959
000778	L	0.551217	0.922913	0.959786	0.7232	0.8375	0.8210	0.1570	0.8026	0.1355	0.9960
000779	Q	0.457081	0.925524	0.961668	0.7418	0.7916	0.8050	0.1640	0.7805	0.1637	0.9947
000780	G	0.362945	0.927424	0.963368	0.7501	0.8050	0.8030	0.1600	0.7687	0.1960	0.9935
000781	P	0.282812	0.928203	0.964881	0.7034	0.7080	0.8150	0.1520	0.7336	0.2246	0.9921
000782	K	0.236726	0.928865	0.966381	0.7388	0.7672	0.8230	0.1360	0.7435	0.2407	0.9902
000783	T	0.261542	0.930654	0.968169	0.6650	0.7595	0.8270	0.1270	0.7352	0.2348	0.9888
000784	Q	0.319266	0.932514	0.970338	0.6681	0.7916	0.8150	0.1140	0.7495	0.2161	0.9876
000785	H	0.321304	0.934549	0.972872	0.6650	0.7951	0.8180	0.1050	0.7511	0.2165	0.9863
000786	S	0.322607	0.937181	0.975957	0.7232	0.8623	0.8170	0.1130	0.7731	0.2173	0.9826
000787	I	0.413716	0.941574	0.980581	0.7317	0.8530	0.8390	0.1190	0.7932	0.1873	0.9807
000788	H	0.501541	0.947358	0.985999	0.7573	0.8681	0.8360	0.1260	0.8161	0.1590	0.9731
000789	T	0.569492	0.952771	0.991506	0.8036	0.9126	0.8590	0.1260	0.8482	0.1387	0.9584
000790	V	0.645585	0.957255	0.995677	0.7912	0.9081	0.8700	0.1250	0.8612	0.1162	0.9469
000791	T	0.723057	0.961902	0.998652	0.7951	0.9039	0.8730	0.1210	0.8759	0.0941	0.9230
000792	C	0.745055	0.966056	1.000617	0.7817	0.9039	0.8760	0.1170	0.8788	0.0917	0.8950
000793	K	0.750851	0.968784	1.001850	0.7724	0.9039	0.8700	0.1220	0.8779	0.0928	0.8656
000794	S	0.827407	0.971257	1.002907	0.8001	0.9211	0.8710	0.1220	0.8989	0.0733	0.8299
000795	P	0.909485	0.973976	1.004367	0.7912	0.9308	0.8630	0.1260	0.9122	0.0704	0.7848
000796	R	0.922261	0.977213	1.006134	0.7951	0.9287	0.8640	0.1230	0.9156	0.0700	0.7321
000797	Q	0.937916	0.980246	1.007717	0.8158	0.9211	0.8560	0.1310	0.9198	0.0666	0.6832
000798	K	0.973784	0.981937	1.008326	0.8595	0.9649	0.8450	0.1390	0.9389	0.0628	0.6430
000799	E	0.983003	0.983142	1.008240	0.8350	0.9634	0.8250	0.1430	0.9330	0.0739	0.6300
000800	D	0.980772	0.984423	1.007458	0.8556	0.9684	0.8190	0.1410	0.9359	0.0716	0.6469
000801	R	0.972711	0.985229	1.006085	0.8984	0.9830	0.8160	0.1380	0.9436	0.0663	0.6665
000802	S	0.964558	0.985834	1.004081	0.9040	0.9842	0.8230	0.1310	0.9442	0.0628	0.6996
000803	P	0.955328	0.986454	1.001605	0.9562	0.9911	0.8070	0.1320	0.9497	0.0659	0.7225
000804	K	0.944733	0.987099	0.998991	0.9534	0.9918	0.8050	0.1280	0.9469	0.0665	0.7330
000805	P	0.933294	0.987688	0.996380	0.9512	0.9920	0.8050	0.1170	0.9442	0.0664	0.7493
000806	P	0.925221	0.987972	0.993830	0.9369	0.9912	0.8040	0.1170	0.9398	0.0666	0.7659
000807	Q	0.923034	0.988359	0.991301	0.9369	0.9916	0.8000	0.1210	0.9385	0.0678	0.7806
000808	A	0.923327	0.988270	0.988439	0.9257	0.9912	0.7950	0.1230	0.9353	0.0692	0.7982
000809	P	0.931459	0.987861	0.985388	0.9348	0.9918	0.7860	0.1330	0.9363	0.0715	0.7989
000810	Q	0.940685	0.987450	0.981409	0.9316	0.9915	0.7760	0.1510	0.9347	0.0747	0.8046
000811	H	0.941106	0.986522	0.976111	0.9316	0.9911	0.7610	0.1680	0.9312	0.0794	0.8087
000812	P	0.937705	0.984618	0.969560	0.9235	0.9909	0.7470	0.1800	0.9256	0.0832	0.8019
000813	E	0.932276	0.983135	0.962673	0.9235	0.9909	0.7510	0.1890	0.9239	0.0810	0.7928
000814	E	0.927987	0.982134	0.955619	0.9103	0.9797	0.7590	0.1920	0.9191	0.0761	0.7901
000815	H	0.920390	0.980519	0.948310	0.9068	0.9787	0.7710	0.1910	0.9176	0.0710	0.8159
000816	G	0.897428	0.978629	0.940528	0.8488	0.9725	0.7930	0.1900	0.9052	0.0670	0.8385
000817	R	0.872785	0.977072	0.932413	0.8200	0.9664	0.7850	0.2080	0.8922	0.0724	0.8556
000818	Q	0.851812	0.975577	0.923909	0.8001	0.9621	0.7740	0.2260	0.8812	0.0777	0.8743
000819	S	0.827403	0.973917	0.915023	0.8158	0.9473	0.7750	0.2270	0.8758	0.0734	0.8882
000820	H	0.731818	0.972180	0.905906	0.7912	0.9415	0.7900	0.2090	0.8554	0.0888	0.9153
000821	S	0.637449	0.970308	0.896956	0.7388	0.9396	0.7990	0.1940	0.8304	0.1173	0.9327
000822	S	0.545254	0.968864	0.888201	0.7501	0.9230	0.7970	0.1870	0.8120	0.1402	0.9473
000823	S	0.451526	0.967162	0.880237	0.7388	0.8462	0.8130	0.1580	0.7829	0.1634	0.9647
000824	S	0.357882	0.965706	0.873170	0.7275	0.8493	0.8250	0.1460	0.7665	0.1957	0.9784
000825	F	0.272860	0.964012	0.867043	0.6516	0.7951	0.8570	0.1340	0.7345	0.2269	0.9867
000826	A	0.187724	0.962116	0.861260	0.6516	0.7209	0.8560	0.1300	0.7067	0.2530	0.9903
000827	S	0.099683	0.960095	0.855516	0.6124	0.7250	0.8650	0.1200	0.6863	0.2848	0.9931
000828	G	0.015451	0.956467	0.849410	0.5667	0.6576	0.8660	0.1110	0.6520	0.3136	0.9953
000829	T	0.012411	0.953692	0.843166	0.5583	0.6375	0.8700	0.1060	0.6459	0.3144	0.9971
000830	L	0.011976	0.950437	0.837436	0.5084	0.6375	0.9040	0.0750	0.6417	0.3206	0.9982
000831	Q	0.011042	0.947882	0.832728	0.5126	0.6136	0.9080	0.0770	0.6376	0.3204	0.9987
000832	D	0.031548	0.944936	0.828853	0.5084	0.6531	0.9250	0.0630	0.6486	0.3154	0.9990
000833	M	0.051582	0.940872	0.825104	0.5043	0.6531	0.9410	0.0480	0.6526	0.3107	0.9992
000834	W	0.072133	0.936659	0.821755	0.5253	0.6576	0.9460	0.0400	0.6600	0.3023	0.9992
000835	R	0.091221	0.937417	0.819135	0.5229	0.6043	0.9400	0.0440	0.6526	0.2961	0.9991
000836	L	0.114214	0.937042	0.816766	0.5802	0.6948	0.9350	0.0430	0.6796	0.2828	0.9990
000837	L	0.150347	0.930563	0.813348	0.5412	0.7036	0.9370	0.0410	0.6793	0.2729	0.9988
000838	D	0.196141	0.926170	0.808314	0.5374	0.7250	0.9330	0.0490	0.6876	0.2573	0.9982
000839	L	0.255303	0.925258	0.803955	0.5296	0.7250	0.9410	0.0510	0.6966	0.2404	0.9973
000840	G	0.342212	0.924905	0.801239	0.5473	0.7369	0.9440	0.0530	0.7160	0.2127	0.9949
000841	S	0.426053	0.924154	0.801362	0.5900	0.7916	0.9490	0.0490	0.7470	0.1848	0.9899
000842	S	0.512643	0.926633	0.803236	0.5802	0.7718	0.9610	0.0340	0.7593	0.1653	0.9825
000843	P	0.601830	0.925555	0.806882	0.5711	0.7881	0.9640	0.0290	0.7762	0.1478	0.9692
000844	S	0.692982	0.927808	0.811431	0.5846	0.8050	0.9700	0.0220	0.7987	0.1312	0.9476
000845	G	0.779780	0.929582	0.816291	0.6827	0.8375	0.9760	0.0140	0.8370	0.0961	0.9202
000846	V	0.853463	0.932792	0.821130	0.6906	0.8565	0.9760	0.0150	0.8550	0.0902	0.8943
000847	T	0.916992	0.933843	0.825895	0.6789	0.8828	0.9740	0.0160	0.8688	0.0964	0.8509
000848	S	0.967149	0.933727	0.830312	0.7342	0.9287	0.9720	0.0190	0.8943	0.0854	0.8223
000849	Q	0.989849	0.933571	0.834610	0.6944	0.9381	0.9680	0.0190	0.8931	0.1012	0.8099
000850	G	0.994454	0.932063	0.838781	0.7644	0.9547	0.9610	0.0200	0.9075	0.0800	0.7999
000851	D	0.990678	0.931984	0.843577	0.7817	0.9473	0.9550	0.0230	0.9084	0.0722	0.8089
000852	S	0.987287	0.931780	0.848761	0.7644	0.9519	0.9450	0.0260	0.9049	0.0756	0.8200
000853	T	0.983506	0.931387	0.854266	0.7458	0.9562	0.9340	0.0360	0.9008	0.0797	0.8324
000854	P	0.979480	0.929764	0.858968	0.7388	0.9488	0.9140	0.0480	0.8950	0.0788	0.8536
000855	E	0.974237	0.928241	0.862622	0.7605	0.9606	0.9030	0.0590	0.8982	0.0717	0.8729
000856	L	0.968994	0.930757	0.865717	0.7724	0.9396	0.9060	0.0610	0.8972	0.0642	0.8922
000857	P	0.963169	0.930784	0.868828	0.8457	0.9577	0.8910	0.0720	0.9095	0.0442	0.9009
000858	A	0.962298	0.928809	0.872455	0.8036	0.9534	0.8980	0.0690	0.9031	0.0541	0.9108
000859	P	0.960634	0.929491	0.876387	0.8036	0.9593	0.8900	0.0740	0.9032	0.0547	0.9211
000860	P	0.965141	0.928073	0.881030	0.7644	0.9473	0.8890	0.0750	0.8958	0.0659	0.9293
000861	A	0.963726	0.931028	0.885729	0.7772	0.9473	0.9040	0.0660	0.9015	0.0613	0.9372
000862	A	0.967236	0.931787	0.890575	0.7501	0.9126	0.9160	0.0570	0.8947	0.0687	0.9422
000863	D	0.971076	0.933077	0.895408	0.7501	0.9057	0.9240	0.0470	0.8966	0.0698	0.9482
000864	R	0.975760	0.935412	0.900910	0.7147	0.9057	0.9410	0.0340	0.8957	0.0846	0.9543
000865	R	0.980445	0.939547	0.906796	0.6756	0.9039	0.9490	0.0290	0.8926	0.1005	0.9562
000866	P	0.984496	0.941237	0.912341	0.6650	0.9039	0.9560	0.0260	0.8938	0.1058	0.9573
000867	V	0.979969	0.942352	0.917795	0.7317	0.9249	0.9650	0.0240	0.9103	0.0827	0.9565
000868	K	0.977143	0.945161	0.924543	0.7079	0.9081	0.9670	0.0270	0.9050	0.0912	0.9578
000869	M	0.974941	0.948089	0.932930	0.7111	0.9151	0.9720	0.0260	0.9090	0.0909	0.9598
000870	Q	0.978860	0.954035	0.940795	0.6906	0.8894	0.9730	0.0280	0.9044	0.0999	0.9551
000871	A	0.978885	0.955671	0.946872	0.6650	0.8596	0.9730	0.0280	0.8965	0.1108	0.9517
000872	G	0.977527	0.955016	0.950965	0.6681	0.8828	0.9720	0.0300	0.9010	0.1086	0.9468
000873	I	0.976937	0.955566	0.954587	0.6681	0.8828	0.9740	0.0290	0.9019	0.1091	0.9442
000874	A	0.976660	0.955464	0.957459	0.6715	0.8741	0.9710	0.0320	0.9010	0.1081	0.9370
000875	T	0.976397	0.957238	0.959161	0.6293	0.8530	0.9710	0.0340	0.8911	0.1243	0.9248
000876	P	0.979956	0.957981	0.960045	0.6219	0.8421	0.9690	0.0380	0.8885	0.1278	0.9181
000877	G	0.983397	0.958519	0.960035	0.5711	0.8125	0.9690	0.0410	0.8757	0.1477	0.9121
000878	M	0.986621	0.955705	0.960211	0.6334	0.8530	0.9690	0.0400	0.8930	0.1239	0.9063
000879	K	0.987576	0.955208	0.960716	0.6334	0.8596	0.9670	0.0450	0.8940	0.1234	0.8887
000880	T	0.987831	0.953790	0.961916	0.6442	0.8596	0.9700	0.0420	0.8962	0.1199	0.8683
000881	A	0.988866	0.951674	0.963262	0.6219	0.8462	0.9750	0.0340	0.8912	0.1291	0.8633
000882	A	0.989704	0.951005	0.964123	0.6124	0.8655	0.9740	0.0360	0.8928	0.1315	0.8515
000883	Q	0.990014	0.948673	0.964550	0.6124	0.8623	0.9710	0.0400	0.8915	0.1312	0.8404
000884	A	0.992031	0.947866	0.964428	0.6715	0.9106	0.9700	0.0390	0.9094	0.1092	0.8242
000885	K	0.993912	0.945440	0.964389	0.6870	0.9329	0.9660	0.0430	0.9149	0.1037	0.8170
000886	A	0.995911	0.944820	0.964576	0.7079	0.9269	0.9670	0.0390	0.9179	0.0963	0.8155
000887	K	0.997461	0.944775	0.964949	0.7079	0.9106	0.9610	0.0460	0.9144	0.0959	0.8051
000888	T	0.998001	0.942629	0.965306	0.6827	0.8991	0.9570	0.0510	0.9075	0.1048	0.7958
000889	T	0.998222	0.940897	0.965376	0.7111	0.9081	0.9520	0.0560	0.9126	0.0941	0.7944
000890	G	0.998734	0.938603	0.965146	0.6827	0.9106	0.9470	0.0620	0.9071	0.1038	0.8120
000891	A	0.999042	0.936206	0.964665	0.6984	0.8596	0.9480	0.0600	0.9009	0.0999	0.8278
000892	S	0.999486	0.934463	0.963192	0.7111	0.8853	0.9440	0.0640	0.9063	0.0937	0.8329
000893	R	0.999515	0.930446	0.961010	0.6681	0.8991	0.9430	0.0650	0.9002	0.1081	0.8428
000894	S	0.999390	0.927152	0.958563	0.6681	0.9057	0.9410	0.0680	0.9000	0.1077	0.8522
000895	H	0.999380	0.924097	0.956488	0.7111	0.9308	0.9360	0.0740	0.9096	0.0922	0.8603
000896	P	0.999363	0.921977	0.954870	0.7232	0.9308	0.9270	0.0850	0.9096	0.0873	0.8558
000897	A	0.999384	0.919524	0.953389	0.7688	0.9057	0.9280	0.0850	0.9125	0.0710	0.8539
000898	K	0.992546	0.922113	0.951480	0.7688	0.9106	0.9120	0.1050	0.9095	0.0691	0.8584
000899	A	0.982002	0.918680	0.948749	0.7342	0.9168	0.8970	0.1200	0.8996	0.0788	0.8671
000900	K	0.978691	0.915405	0.945672	0.7605	0.8565	0.8910	0.1240	0.8913	0.0701	0.8655
000901	G	0.970298	0.911042	0.943041	0.7644	0.8596	0.8880	0.1180	0.8893	0.0663	0.8594
000902	C	0.951676	0.905934	0.940924	0.7317	0.8125	0.8810	0.1260	0.8705	0.0770	0.8522
000903	Q	0.931192	0.902503	0.938649	0.7317	0.7916	0.8710	0.1300	0.8612	0.0756	0.8568
000904	R	0.909864	0.903973	0.936083	0.6756	0.7916	0.8700	0.1220	0.8478	0.0895	0.8657
000905	P	0.836850	0.901035	0.933402	0.6604	0.7799	0.8740	0.1250	0.8310	0.0904	0.8664
000906	P	0.758653	0.897896	0.931148	0.6412	0.7505	0.9680	0.0380	0.8245	0.1160	0.8720
000907	K	0.676611	0.892901	0.929358	0.6557	0.7036	0.9780	0.0300	0.8060	0.1304	0.8876
000908	I	0.590442	0.893537	0.928724	0.7147	0.7080	0.9670	0.0360	0.8004	0.1371	0.9022
000909	R	0.493562	0.895356	0.928189	0.7418	0.6948	0.9150	0.1110	0.7780	0.1550	0.9062
000910	N	0.429090	0.892406	0.927981	0.8036	0.6991	0.9660	0.0360	0.7864	0.1822	0.9005
000911	Y	0.360002	0.895812	0.927221	0.8311	0.6755	0.9800	0.0190	0.7782	0.2101	0.9040
000912	N	0.129332	0.898710	0.926730	0.8650	0.6427	0.9840	0.0170	0.7410	0.2937	0.9094
000913	I	0.098168	0.900988	0.926278	0.9348	0.7672	0.9790	0.0190	0.7678	0.3066	0.9171
000914	M	0.343409	0.901228	0.925823	0.9466	0.7080	0.9570	0.0440	0.7970	0.2195	0.9180
000915	D	0.210561	0.901372	0.925601	0.9553	0.6620	0.9400	0.0490	0.7658	0.2675	0.9117