RESNUM	RES	VL-XT	VSL2B	VL3	IUPred-S	IUPred-L	PONDRFIT	FITERROR	MDP	MDPERROR	ANCHOR2
000001	M	0.710888	0.776418	0.626686	0.9316	0.2470	0.9820	0.0100	0.6079	0.2627	0.3620
000002	A	0.765912	0.815847	0.600522	0.8713	0.2783	0.9700	0.0160	0.6168	0.2470	0.3607
000003	G	0.783512	0.844141	0.576189	0.7869	0.1942	0.9530	0.0230	0.5936	0.2661	0.3597
000004	S	0.853170	0.798258	0.558192	0.7458	0.2541	0.9470	0.0200	0.5996	0.2472	0.3619
000005	V	0.666213	0.734956	0.537014	0.6293	0.3053	0.9340	0.0220	0.5449	0.2108	0.3648
000006	A	0.643003	0.683229	0.516699	0.6035	0.3286	0.8910	0.0260	0.5248	0.1904	0.3683
000007	D	0.613398	0.646219	0.499464	0.5762	0.3566	0.8380	0.0920	0.5051	0.1682	0.3756
000008	S	0.587010	0.592680	0.483546	0.5296	0.2849	0.8560	0.0640	0.4751	0.1875	0.3819
000009	D	0.537953	0.542078	0.467218	0.4825	0.3182	0.8580	0.0700	0.4564	0.1803	0.3887
000010	A	0.492865	0.500938	0.451533	0.3535	0.3494	0.8510	0.0340	0.4246	0.1842	0.3908
000011	V	0.452750	0.498056	0.437124	0.3096	0.3667	0.8290	0.0400	0.4093	0.1818	0.3928
000012	V	0.469325	0.492335	0.424341	0.3359	0.3215	0.8140	0.0520	0.4056	0.1784	0.3918
000013	K	0.465891	0.502400	0.411128	0.3578	0.3529	0.7660	0.0730	0.4074	0.1561	0.3909
000014	L	0.469292	0.494908	0.398929	0.2748	0.3529	0.7670	0.0990	0.3932	0.1693	0.3904
000015	D	0.451325	0.514079	0.388316	0.2748	0.3840	0.7140	0.1030	0.3897	0.1514	0.3855
000016	D	0.433637	0.526566	0.379221	0.3225	0.3807	0.6850	0.0910	0.3914	0.1362	0.3790
000017	G	0.399812	0.544614	0.363595	0.3806	0.4256	0.6260	0.0930	0.3961	0.1134	0.3696
000018	H	0.377327	0.552544	0.349906	0.3053	0.3840	0.5440	0.1220	0.3606	0.1115	0.3642
000019	L	0.335954	0.578326	0.334421	0.3263	0.4017	0.5120	0.1250	0.3591	0.1122	0.3534
000020	N	0.315030	0.593314	0.317810	0.2786	0.3215	0.5220	0.1170	0.3384	0.1314	0.3441
000021	N	0.266577	0.602765	0.300134	0.3184	0.2680	0.5570	0.1080	0.3355	0.1480	0.3392
000022	S	0.223790	0.586013	0.282225	0.3096	0.2224	0.6360	0.1240	0.3297	0.1756	0.3369
000023	L	0.176525	0.553186	0.264741	0.2865	0.3087	0.6720	0.1230	0.3328	0.1805	0.3369
000024	S	0.140986	0.532807	0.245888	0.1878	0.3117	0.6110	0.1290	0.2973	0.1793	0.3381
000025	S	0.113995	0.492080	0.227655	0.3005	0.3117	0.5460	0.1280	0.2940	0.1526	0.3388
000026	P	0.089836	0.453429	0.207792	0.2865	0.2193	0.4560	0.1040	0.2508	0.1373	0.3414
000027	V	0.067553	0.391595	0.188502	0.1878	0.1501	0.3760	0.0930	0.1955	0.1222	0.3436
000028	Q	0.065196	0.320847	0.172302	0.1292	0.1731	0.2420	0.0740	0.1550	0.0860	0.3493
000029	A	0.051118	0.283862	0.162437	0.0909	0.0967	0.1550	0.0660	0.1129	0.0796	0.3523
000030	D	0.035134	0.224893	0.149551	0.1667	0.0929	0.1100	0.0540	0.1050	0.0648	0.3649
000031	V	0.022977	0.159810	0.138485	0.0965	0.0888	0.0970	0.0510	0.0775	0.0489	0.3731
000032	Y	0.019081	0.109489	0.129161	0.0621	0.0835	0.0800	0.0440	0.0590	0.0410	0.3808
000033	F	0.016867	0.089455	0.125977	0.0621	0.0494	0.0620	0.0330	0.0466	0.0398	0.3908
000034	P	0.006123	0.076362	0.123548	0.1041	0.0780	0.0460	0.0230	0.0518	0.0434	0.3974
000035	R	0.003877	0.058057	0.118962	0.0587	0.0799	0.0370	0.0160	0.0396	0.0406	0.4004
000036	L	0.003599	0.057467	0.118060	0.0587	0.0817	0.0320	0.0110	0.0388	0.0411	0.4011
000037	I	0.002669	0.055823	0.118051	0.0502	0.0555	0.0270	0.0040	0.0319	0.0403	0.3955
000038	V	0.002349	0.055293	0.119018	0.0723	0.0817	0.0310	0.0040	0.0405	0.0421	0.3940
000039	P	0.006575	0.057790	0.119652	0.0478	0.0888	0.0370	0.0050	0.0397	0.0415	0.3887
000040	F	0.039312	0.071401	0.121033	0.0587	0.1070	0.0560	0.0160	0.0555	0.0353	0.3826
000041	C	0.059284	0.089476	0.123005	0.0660	0.0948	0.0740	0.0210	0.0640	0.0295	0.3660
000042	G	0.062044	0.121813	0.125289	0.0965	0.1349	0.0950	0.0290	0.0850	0.0322	0.3520
000043	H	0.066208	0.182907	0.127683	0.1416	0.1476	0.1520	0.0570	0.1150	0.0414	0.3373
000044	I	0.072449	0.267478	0.133389	0.2292	0.1643	0.1730	0.0430	0.1510	0.0668	0.3185
000045	K	0.077664	0.319426	0.138998	0.1495	0.0985	0.2000	0.0580	0.1409	0.0829	0.3062
000046	G	0.080415	0.377215	0.144258	0.0935	0.0799	0.2700	0.0620	0.1502	0.1147	0.2985
000047	G	0.105437	0.445159	0.150228	0.1041	0.1275	0.3030	0.0880	0.1808	0.1291	0.2988
000048	M	0.143378	0.473046	0.152337	0.1292	0.1229	0.2940	0.0930	0.1937	0.1300	0.3034
000049	R	0.149188	0.449075	0.151800	0.1844	0.1229	0.2510	0.0640	0.1928	0.1138	0.2992
000050	P	0.203861	0.428067	0.154483	0.1117	0.1137	0.1780	0.0300	0.1725	0.1109	0.2962
000051	G	0.237222	0.426126	0.158714	0.1349	0.1275	0.1380	0.0240	0.1773	0.1093	0.2956
000052	K	0.288118	0.373502	0.162626	0.2041	0.2064	0.0950	0.0300	0.1945	0.0931	0.3031
000053	K	0.297151	0.333641	0.166235	0.1380	0.2292	0.0790	0.0350	0.1796	0.0931	0.3107
000054	V	0.305542	0.266877	0.169027	0.1380	0.2503	0.0630	0.0230	0.1706	0.0880	0.3219
000055	L	0.312168	0.205077	0.174638	0.2385	0.3286	0.0520	0.0140	0.1895	0.0967	0.3330
000056	V	0.291176	0.156265	0.178900	0.2531	0.2258	0.0520	0.0150	0.1631	0.0827	0.3373
000057	M	0.250249	0.128177	0.184813	0.2558	0.1969	0.0790	0.0180	0.1517	0.0702	0.3447
000058	G	0.213196	0.124328	0.192553	0.1698	0.1251	0.1360	0.0450	0.1281	0.0470	0.3409
000059	I	0.139731	0.129759	0.199801	0.1805	0.1501	0.1540	0.0420	0.1256	0.0411	0.3393
000060	V	0.106422	0.134438	0.206480	0.1240	0.0948	0.1650	0.0500	0.1042	0.0510	0.3444
000061	D	0.064284	0.161192	0.213723	0.1117	0.0835	0.1700	0.0600	0.0985	0.0632	0.3515
000062	L	0.074993	0.190885	0.221237	0.0701	0.0483	0.3000	0.1860	0.1140	0.0997	0.3567
000063	N	0.133000	0.225411	0.226938	0.0723	0.0506	0.3840	0.2060	0.1442	0.1190	0.3534
000064	P	0.194256	0.232907	0.232736	0.0514	0.0568	0.4480	0.2030	0.1638	0.1385	0.3543
000065	E	0.269866	0.241113	0.240948	0.0832	0.0851	0.4250	0.1990	0.1841	0.1239	0.3543
000066	S	0.362034	0.233652	0.250576	0.1416	0.1476	0.2740	0.0800	0.1932	0.0864	0.3552
000067	F	0.457203	0.219255	0.256721	0.1958	0.2164	0.2300	0.0950	0.2198	0.0987	0.3592
000068	A	0.552699	0.217959	0.264222	0.2432	0.2783	0.1910	0.0830	0.2473	0.1281	0.3553
000069	I	0.648165	0.238289	0.270126	0.2531	0.3053	0.1770	0.0720	0.2703	0.1603	0.3557
000070	S	0.733684	0.263105	0.277480	0.3578	0.3566	0.1980	0.0810	0.3182	0.1802	0.3529
000071	L	0.794898	0.295102	0.282176	0.4600	0.4369	0.2360	0.0760	0.3706	0.1932	0.3488
000072	T	0.810228	0.331695	0.285375	0.4078	0.3566	0.2410	0.0610	0.3579	0.1944	0.3435
000073	C	0.814007	0.390688	0.291967	0.4967	0.4119	0.2760	0.0710	0.3982	0.1867	0.3390
000074	G	0.818725	0.437808	0.302264	0.4379	0.3149	0.2910	0.0800	0.3833	0.1894	0.3452
000075	D	0.809336	0.474621	0.315875	0.3847	0.3053	0.3140	0.1040	0.3813	0.1855	0.3504
000076	S	0.798906	0.501322	0.329486	0.3053	0.2034	0.3260	0.1130	0.3559	0.2020	0.3536
000077	E	0.774538	0.532582	0.343287	0.3184	0.2002	0.2830	0.0980	0.3515	0.2002	0.3587
000078	D	0.756323	0.512124	0.351643	0.3456	0.2783	0.2180	0.0780	0.3517	0.1883	0.3596
000079	P	0.742567	0.499523	0.365269	0.3630	0.2399	0.1770	0.0590	0.3371	0.1946	0.3622
000080	P	0.742146	0.485345	0.373373	0.4078	0.2164	0.1520	0.0480	0.3340	0.2014	0.3658
000081	A	0.741081	0.459277	0.376406	0.3456	0.2258	0.1420	0.0420	0.3190	0.2007	0.3750
000082	D	0.745171	0.407514	0.378598	0.3491	0.3215	0.1180	0.0290	0.3236	0.1960	0.3862
000083	V	0.728271	0.367066	0.377743	0.3491	0.3149	0.1030	0.0230	0.3104	0.1944	0.3968
000084	A	0.667090	0.318658	0.374841	0.4282	0.4119	0.0950	0.0200	0.3201	0.1800	0.4050
000085	I	0.604994	0.264855	0.372757	0.4116	0.3249	0.0950	0.0190	0.2836	0.1659	0.4056
000086	E	0.554370	0.237935	0.369602	0.4116	0.2292	0.0960	0.0120	0.2548	0.1601	0.4036
000087	L	0.483737	0.241798	0.368982	0.3491	0.2328	0.1000	0.0120	0.2346	0.1362	0.4034
000088	K	0.406244	0.226227	0.367534	0.2700	0.2258	0.1100	0.0190	0.2064	0.1155	0.3964
000089	A	0.322215	0.203024	0.364594	0.2432	0.2129	0.1290	0.0250	0.1851	0.0988	0.3933
000090	V	0.240165	0.225862	0.363043	0.2080	0.1229	0.1510	0.0300	0.1580	0.0976	0.3913
000091	F	0.194010	0.257561	0.361233	0.1805	0.0605	0.1910	0.0540	0.1472	0.1085	0.3830
000092	T	0.155206	0.263623	0.359423	0.1602	0.0734	0.3320	0.1950	0.1641	0.1187	0.3680
000093	D	0.147546	0.296465	0.357289	0.0991	0.0676	0.4050	0.2080	0.1693	0.1431	0.3511
000094	R	0.156960	0.294910	0.357408	0.1416	0.1137	0.4150	0.1960	0.1871	0.1298	0.3321
000095	Q	0.173700	0.293040	0.358991	0.1667	0.1349	0.3350	0.1390	0.1838	0.1066	0.3191
000096	L	0.203442	0.270573	0.361201	0.2385	0.2064	0.2670	0.1010	0.1977	0.0803	0.3052
000097	L	0.241698	0.289022	0.361762	0.2080	0.2034	0.2290	0.0810	0.1952	0.0817	0.2903
000098	R	0.314494	0.315314	0.368570	0.2748	0.3053	0.1990	0.0570	0.2348	0.0802	0.2736
000099	N	0.382299	0.341707	0.373392	0.3053	0.3215	0.1870	0.0540	0.2563	0.0897	0.2633
000100	S	0.432603	0.378368	0.375896	0.3456	0.3494	0.2000	0.0530	0.2843	0.0952	0.2551
000101	C	0.490950	0.412237	0.376137	0.4149	0.3872	0.2500	0.0720	0.3259	0.0955	0.2460
000102	I	0.547335	0.453644	0.379319	0.4918	0.4087	0.3140	0.1140	0.3692	0.0989	0.2467
000103	S	0.593979	0.488464	0.384045	0.4651	0.4330	0.3660	0.1380	0.3911	0.0988	0.2496
000104	G	0.613769	0.506583	0.384206	0.3668	0.3321	0.3750	0.1510	0.3657	0.1176	0.2542
000105	E	0.646133	0.539136	0.381969	0.4116	0.2258	0.3880	0.1620	0.3685	0.1466	0.2645
000106	R	0.677742	0.541883	0.373427	0.3225	0.2399	0.3760	0.1490	0.3596	0.1584	0.2730
000107	G	0.671686	0.567173	0.364093	0.3053	0.2164	0.3720	0.1310	0.3553	0.1669	0.2896
000108	E	0.682014	0.590881	0.357345	0.4037	0.2164	0.3270	0.1150	0.3699	0.1698	0.3108
000109	E	0.689339	0.588681	0.351899	0.3311	0.2436	0.2920	0.1080	0.3574	0.1740	0.3334
000110	Q	0.664745	0.534499	0.342536	0.2602	0.2436	0.2580	0.0810	0.3268	0.1701	0.3539
000111	S	0.628971	0.478286	0.336881	0.2913	0.2575	0.2180	0.0740	0.3123	0.1532	0.3730
000112	A	0.568136	0.403708	0.336512	0.3668	0.3667	0.1740	0.0640	0.3133	0.1283	0.3924
000113	I	0.565841	0.311231	0.333990	0.4556	0.3426	0.1470	0.0480	0.3037	0.1407	0.4025
000114	P	0.541109	0.251404	0.333917	0.4879	0.3426	0.1170	0.0320	0.2900	0.1519	0.4117
000115	Y	0.482481	0.221589	0.333561	0.3847	0.2715	0.1060	0.0160	0.2443	0.1322	0.4157
000116	F	0.417975	0.216639	0.333124	0.3535	0.2715	0.0970	0.0120	0.2261	0.1178	0.4093
000117	P	0.346258	0.195002	0.333254	0.2820	0.1881	0.0890	0.0090	0.1834	0.1062	0.3971
000118	F	0.263413	0.192361	0.332562	0.2963	0.1206	0.0890	0.0100	0.1602	0.1054	0.3789
000119	I	0.210549	0.202681	0.331431	0.2122	0.0646	0.0890	0.0110	0.1299	0.1042	0.3539
000120	P	0.187401	0.211547	0.328792	0.1322	0.0646	0.0840	0.0100	0.1133	0.1042	0.3259
000121	D	0.176257	0.204295	0.326242	0.0771	0.0592	0.1040	0.0270	0.1034	0.1063	0.2991
000122	Q	0.134445	0.213859	0.324401	0.0832	0.0704	0.1130	0.0380	0.1025	0.1034	0.2723
000123	P	0.102132	0.202669	0.322344	0.0909	0.0851	0.1110	0.0360	0.0987	0.1010	0.2505
000124	F	0.096855	0.177663	0.319974	0.1635	0.0734	0.1080	0.0320	0.1032	0.0976	0.2286
000125	R	0.104761	0.187774	0.317464	0.1322	0.0605	0.0960	0.0340	0.0968	0.0997	0.2105
000126	V	0.107425	0.178933	0.312303	0.1117	0.0676	0.0790	0.0260	0.0908	0.0985	0.1969
000127	E	0.112931	0.177794	0.304733	0.1635	0.0704	0.0620	0.0200	0.0977	0.0965	0.1892
000128	I	0.115625	0.181539	0.296547	0.0832	0.0380	0.0540	0.0210	0.0787	0.1014	0.1886
000129	L	0.114883	0.167412	0.284797	0.0744	0.0799	0.0490	0.0210	0.0809	0.0924	0.1862
000130	C	0.116971	0.144108	0.273089	0.0660	0.1323	0.0450	0.0200	0.0841	0.0861	0.1869
000131	E	0.113184	0.135638	0.264190	0.0567	0.1115	0.0410	0.0170	0.0763	0.0847	0.1923
000132	H	0.106098	0.124415	0.256495	0.0542	0.1115	0.0390	0.0160	0.0726	0.0823	0.1975
000133	P	0.100532	0.119063	0.249574	0.0455	0.0631	0.0380	0.0170	0.0611	0.0829	0.2036
000134	R	0.089819	0.122685	0.241639	0.0395	0.0281	0.0390	0.0160	0.0532	0.0844	0.2049
000135	F	0.078696	0.127472	0.234321	0.0395	0.0605	0.0440	0.0190	0.0583	0.0783	0.2152
000136	R	0.073173	0.133199	0.224202	0.0226	0.0313	0.0470	0.0220	0.0512	0.0800	0.2240
000137	V	0.069635	0.147235	0.215066	0.0405	0.0294	0.0520	0.0270	0.0564	0.0759	0.2363
000138	F	0.064905	0.153258	0.206303	0.0173	0.0263	0.0550	0.0270	0.0528	0.0772	0.2526
000139	V	0.063421	0.145051	0.194619	0.0150	0.0433	0.0510	0.0210	0.0530	0.0709	0.2580
000140	D	0.059378	0.143015	0.185378	0.0274	0.0433	0.0480	0.0160	0.0535	0.0661	0.2666
000141	G	0.054492	0.148998	0.176138	0.0441	0.0799	0.0500	0.0160	0.0629	0.0594	0.2694
000142	H	0.050119	0.130342	0.168455	0.0200	0.0765	0.0490	0.0180	0.0543	0.0585	0.2696
000143	Q	0.047938	0.121754	0.160696	0.0252	0.0443	0.0430	0.0140	0.0470	0.0563	0.2711
000144	L	0.046711	0.126614	0.154033	0.0173	0.0364	0.0410	0.0130	0.0447	0.0570	0.2650
000145	F	0.041292	0.124742	0.149224	0.0086	0.0306	0.0390	0.0130	0.0407	0.0577	0.2614
000146	D	0.034051	0.114241	0.146602	0.0194	0.0364	0.0370	0.0120	0.0402	0.0537	0.2459
000147	F	0.026487	0.122361	0.144737	0.0160	0.0398	0.0410	0.0130	0.0409	0.0551	0.2271
000148	Y	0.017634	0.119004	0.142399	0.0150	0.0631	0.0440	0.0140	0.0432	0.0539	0.2033
000149	H	0.011401	0.109462	0.139997	0.0308	0.0719	0.0440	0.0130	0.0445	0.0506	0.1773
000150	R	0.008966	0.113180	0.137677	0.0514	0.1048	0.0450	0.0110	0.0539	0.0504	0.1573
000151	I	0.006570	0.116224	0.136005	0.0252	0.0592	0.0440	0.0080	0.0418	0.0520	0.1383
000152	Q	0.007417	0.118044	0.134726	0.0231	0.0631	0.0430	0.0080	0.0425	0.0520	0.1247
000153	T	0.006556	0.135578	0.133017	0.0118	0.0662	0.0480	0.0140	0.0447	0.0564	0.1111
000154	L	0.005757	0.160185	0.133102	0.0109	0.0662	0.0650	0.0190	0.0513	0.0614	0.0980
000155	S	0.021093	0.166617	0.133590	0.0245	0.0631	0.0750	0.0190	0.0584	0.0580	0.0918
000156	A	0.049099	0.178368	0.134253	0.0455	0.1251	0.0900	0.0170	0.0813	0.0525	0.0837
000157	I	0.067041	0.193569	0.137108	0.0200	0.0719	0.1210	0.0260	0.0788	0.0605	0.0787
000158	D	0.083408	0.204958	0.135824	0.0441	0.1349	0.1280	0.0250	0.0993	0.0546	0.0755
000159	T	0.113944	0.203175	0.135189	0.0376	0.1969	0.1510	0.0330	0.1171	0.0600	0.0732
000160	I	0.133113	0.218760	0.134878	0.0376	0.1298	0.1690	0.0290	0.1148	0.0588	0.0709
000161	K	0.157953	0.225277	0.135088	0.0376	0.1349	0.1750	0.0370	0.1218	0.0610	0.0680
000162	I	0.186594	0.224034	0.134428	0.0336	0.2034	0.2720	0.0490	0.1532	0.0789	0.0664
000163	N	0.216809	0.236751	0.133809	0.0316	0.1702	0.3500	0.1280	0.1675	0.1001	0.0646
000164	G	0.232670	0.265765	0.132544	0.0455	0.1399	0.3910	0.1040	0.1791	0.1131	0.0633
000165	D	0.237536	0.303456	0.132398	0.1117	0.1969	0.4640	0.1110	0.2189	0.1204	0.0615
000166	L	0.249501	0.382045	0.132497	0.1380	0.1731	0.5080	0.0720	0.2417	0.1402	0.0581
000167	Q	0.259181	0.483759	0.133933	0.2041	0.1759	0.5130	0.0960	0.2727	0.1504	0.0588
000168	I	0.255605	0.600571	0.135370	0.3456	0.2470	0.5290	0.1110	0.3296	0.1650	0.0585
000169	T	0.297097	0.708045	0.137642	0.3939	0.1942	0.6600	0.0560	0.3755	0.2189	0.0585
000170	K	0.269781	0.784947	0.139732	0.4458	0.1528	0.7450	0.0490	0.3997	0.2630	0.0588
000171	L	0.235598	0.840067	0.142351	0.5900	0.2328	0.8210	0.0370	0.4532	0.2875	0.0592
000172	G	0.243880	0.889358	0.145722	0.6412	0.2064	0.8770	0.0370	0.4763	0.3148	0.0601