RESNUM	RES	VL-XT	VSL2B	VL3	IUPred-S	IUPred-L	PONDRFIT	FITERROR	MDP	MDPERROR	ANCHOR2
000001	M	0.636412	0.884923	0.844262	0.9491	0.3872	0.9920	0.0060	0.7824	0.2096	0.9442
000002	K	0.712019	0.885305	0.844812	0.9103	0.4369	0.9930	0.0050	0.7971	0.1818	0.9487
000003	W	0.776559	0.883946	0.845612	0.8556	0.4619	0.9930	0.0050	0.8028	0.1655	0.9510
000004	L	0.740490	0.881156	0.845462	0.8283	0.4979	0.9920	0.0040	0.7976	0.1534	0.9478
000005	G	0.617894	0.873933	0.845278	0.7951	0.5342	0.9900	0.0070	0.7760	0.1549	0.9405
000006	E	0.622098	0.867914	0.845107	0.7644	0.5665	0.9910	0.0050	0.7762	0.1456	0.9347
000007	S	0.632132	0.865251	0.844908	0.7388	0.5854	0.9880	0.0080	0.7758	0.1392	0.9243
000008	K	0.623555	0.856382	0.845408	0.7111	0.6043	0.9910	0.0050	0.7720	0.1381	0.9142
000009	N	0.580941	0.850915	0.846669	0.6756	0.6227	0.9850	0.0070	0.7604	0.1441	0.9030
000010	M	0.541944	0.837950	0.848597	0.6412	0.5620	0.9740	0.0120	0.7344	0.1617	0.8960
000011	V	0.544191	0.849975	0.850048	0.6124	0.5707	0.9690	0.0230	0.7327	0.1631	0.8834
000012	V	0.570515	0.837444	0.851046	0.5846	0.6136	0.9640	0.0210	0.7369	0.1533	0.8582
000013	N	0.617465	0.846315	0.851907	0.5802	0.6136	0.9610	0.0200	0.7451	0.1468	0.8170
000014	G	0.613690	0.859870	0.852859	0.6604	0.7369	0.9580	0.0260	0.7802	0.1205	0.7705
000015	R	0.583120	0.864870	0.854076	0.6906	0.8050	0.9470	0.0390	0.7908	0.1206	0.7461
000016	R	0.556634	0.865076	0.855028	0.7079	0.8235	0.9500	0.0400	0.7930	0.1275	0.7304
000017	N	0.548489	0.865434	0.855560	0.7275	0.8279	0.9480	0.0430	0.7955	0.1281	0.7037
000018	G	0.569773	0.874029	0.856216	0.7342	0.8462	0.9410	0.0460	0.8036	0.1210	0.6709
000019	G	0.594268	0.880244	0.857700	0.7317	0.8421	0.9280	0.0570	0.8057	0.1116	0.6396
000020	K	0.568658	0.886823	0.859484	0.7388	0.8343	0.9120	0.0720	0.8000	0.1170	0.6162
000021	L	0.538227	0.892210	0.860781	0.7501	0.7982	0.9070	0.0760	0.7911	0.1253	0.5889
000022	S	0.520118	0.896836	0.861714	0.7951	0.8530	0.8900	0.0850	0.8028	0.1306	0.5599
000023	N	0.522978	0.899254	0.862970	0.7912	0.8920	0.8890	0.0810	0.8096	0.1332	0.5426
000024	D	0.493244	0.900512	0.864250	0.7951	0.8853	0.8750	0.0850	0.8022	0.1421	0.5587
000025	H	0.443187	0.902202	0.864888	0.8118	0.8872	0.8710	0.0780	0.7967	0.1606	0.5761
000026	Q	0.380061	0.902632	0.864462	0.7912	0.8853	0.8820	0.0710	0.7843	0.1842	0.5656
000027	Q	0.325552	0.903761	0.863662	0.7772	0.8792	0.8750	0.0810	0.7708	0.2030	0.5658
000028	N	0.259269	0.906318	0.863246	0.7772	0.8741	0.8530	0.0930	0.7556	0.2254	0.5713
000029	Q	0.213934	0.907595	0.863402	0.7724	0.8235	0.8580	0.0980	0.7398	0.2388	0.5779
000030	S	0.183615	0.907532	0.863348	0.7688	0.8279	0.8600	0.1030	0.7352	0.2502	0.6031
000031	K	0.187774	0.905922	0.862428	0.7275	0.8050	0.8540	0.1090	0.7238	0.2461	0.6237
000032	L	0.207143	0.901272	0.860334	0.7724	0.8623	0.8520	0.1160	0.7425	0.2425	0.6520
000033	Q	0.253383	0.894472	0.858043	0.7573	0.8655	0.8470	0.1220	0.7459	0.2243	0.6607
000034	H	0.244128	0.896355	0.855977	0.7458	0.8655	0.8460	0.1320	0.7422	0.2276	0.6718
000035	T	0.308483	0.896240	0.854893	0.7573	0.8493	0.8530	0.1340	0.7532	0.2032	0.6571
000036	G	0.411993	0.891007	0.853499	0.7458	0.7916	0.8550	0.1350	0.7582	0.1619	0.6486
000037	K	0.510895	0.884066	0.851961	0.7232	0.7799	0.8540	0.1350	0.7673	0.1266	0.6647
000038	D	0.598133	0.881758	0.849955	0.6789	0.7718	0.8600	0.1370	0.7734	0.1038	0.6707
000039	T	0.690937	0.881364	0.847671	0.6756	0.7628	0.8720	0.1260	0.7885	0.0838	0.6812
000040	L	0.747056	0.878713	0.844912	0.6756	0.7459	0.8960	0.0990	0.7981	0.0803	0.6941
000041	K	0.782646	0.878669	0.841391	0.6827	0.7628	0.9050	0.0900	0.8089	0.0752	0.6762
000042	A	0.832413	0.877358	0.837144	0.6715	0.7628	0.9160	0.0810	0.8162	0.0798	0.6539
000043	G	0.939618	0.878202	0.832378	0.7111	0.7331	0.9090	0.0790	0.8339	0.0856	0.6208
000044	K	0.968820	0.875521	0.826980	0.7079	0.7289	0.9040	0.0740	0.8353	0.0929	0.5994
000045	N	0.943110	0.876032	0.821216	0.6079	0.7163	0.8980	0.0700	0.8104	0.1151	0.5740
000046	A	0.856995	0.876113	0.814097	0.6174	0.7289	0.8940	0.0780	0.7980	0.0970	0.5643
000047	V	0.843026	0.871246	0.805857	0.6124	0.7250	0.8690	0.0990	0.7877	0.0927	0.5363
000048	E	0.783351	0.867092	0.796353	0.6035	0.7209	0.8340	0.1120	0.7675	0.0861	0.4839
000049	R	0.725116	0.865702	0.785508	0.6079	0.6043	0.8420	0.0900	0.7385	0.1036	0.4418
000050	R	0.668927	0.864763	0.774051	0.6079	0.6089	0.8430	0.0760	0.7279	0.1049	0.4103
000051	S	0.583780	0.858627	0.762480	0.5762	0.6755	0.8450	0.0720	0.7169	0.1138	0.3741
000052	N	0.496591	0.857619	0.751915	0.5667	0.6906	0.8200	0.0830	0.6972	0.1298	0.3526
000053	R	0.419070	0.849431	0.741136	0.5762	0.7080	0.7920	0.0910	0.6810	0.1441	0.3378
000054	C	0.360197	0.841313	0.730168	0.5900	0.7080	0.7960	0.0810	0.6709	0.1594	0.3278
000055	N	0.363367	0.835540	0.719820	0.5802	0.6089	0.7850	0.0710	0.6487	0.1561	0.3309
000056	G	0.312768	0.837685	0.710007	0.5762	0.5382	0.8100	0.0530	0.6308	0.1798	0.3427
000057	N	0.313679	0.827717	0.700234	0.5296	0.5951	0.8440	0.0480	0.6351	0.1831	0.3593
000058	S	0.306398	0.808838	0.689795	0.5173	0.6482	0.8250	0.0760	0.6327	0.1786	0.3834
000059	G	0.305791	0.789996	0.678015	0.5412	0.6375	0.8050	0.0930	0.6262	0.1690	0.4120
000060	F	0.356726	0.775803	0.665198	0.5253	0.6269	0.8150	0.0920	0.6275	0.1540	0.4380
000061	E	0.421652	0.761256	0.651325	0.5084	0.5992	0.7930	0.0950	0.6225	0.1311	0.4459
000062	G	0.490861	0.743660	0.636851	0.5043	0.5951	0.8380	0.0910	0.6348	0.1242	0.4627
000063	Q	0.551980	0.740509	0.621380	0.4749	0.5577	0.8260	0.0870	0.6287	0.1197	0.4789
000064	S	0.598641	0.733871	0.604160	0.4600	0.5533	0.7990	0.1020	0.6248	0.1122	0.4935
000065	R	0.650235	0.715345	0.587168	0.5253	0.6620	0.7780	0.0960	0.6530	0.0819	0.5065
000066	Y	0.680550	0.704942	0.569713	0.5126	0.5707	0.7790	0.0970	0.6363	0.0924	0.5113
000067	V	0.725745	0.697704	0.553420	0.5296	0.4725	0.7410	0.1020	0.6200	0.1051	0.5129
000068	P	0.759975	0.692271	0.536223	0.4703	0.4652	0.7210	0.1420	0.6075	0.1207	0.5053
000069	S	0.766909	0.679982	0.517814	0.3717	0.4801	0.7180	0.1290	0.5891	0.1419	0.4957
000070	S	0.761345	0.666694	0.498123	0.3939	0.4801	0.6660	0.1110	0.5777	0.1285	0.4872
000071	G	0.749365	0.641904	0.479940	0.4600	0.5758	0.6730	0.0780	0.5967	0.1032	0.4788
000072	M	0.735804	0.624298	0.465299	0.4703	0.5017	0.7360	0.0800	0.5889	0.1165	0.4739
000073	S	0.748643	0.617676	0.453371	0.4879	0.4831	0.6800	0.0960	0.5784	0.1108	0.4670
000074	A	0.751983	0.614471	0.442054	0.4116	0.4725	0.6650	0.0970	0.5596	0.1254	0.4625
000075	K	0.743071	0.608880	0.430359	0.3847	0.4725	0.5600	0.0820	0.5333	0.1203	0.4560
000076	E	0.723791	0.591674	0.417978	0.3806	0.4087	0.4440	0.0880	0.4945	0.1230	0.4506
000077	L	0.711181	0.576780	0.404624	0.4379	0.4330	0.3790	0.0690	0.4904	0.1170	0.4489
000078	C	0.661271	0.551568	0.390967	0.4245	0.4149	0.2900	0.0630	0.4555	0.1196	0.4452
000079	E	0.601410	0.527943	0.378457	0.3491	0.3872	0.2540	0.0580	0.4163	0.1154	0.4481
000080	N	0.541217	0.510089	0.368328	0.2865	0.4186	0.2090	0.0510	0.3890	0.1168	0.4519
000081	D	0.473790	0.495987	0.359986	0.2913	0.3426	0.1730	0.0340	0.3561	0.1091	0.4566
000082	D	0.400319	0.468603	0.353159	0.3225	0.2849	0.1630	0.0230	0.3321	0.0953	0.4619
000083	L	0.317883	0.435241	0.346578	0.2748	0.3019	0.1580	0.0250	0.3057	0.0830	0.4689
000084	A	0.248254	0.424088	0.341561	0.2209	0.2164	0.1600	0.0340	0.2685	0.0883	0.4716
000085	T	0.186021	0.421482	0.337341	0.2531	0.2436	0.1580	0.0340	0.2666	0.0894	0.4740
000086	S	0.111767	0.423019	0.333506	0.1732	0.2399	0.1690	0.0420	0.2417	0.1066	0.4789
000087	L	0.079467	0.420738	0.330361	0.1766	0.2470	0.1770	0.0510	0.2386	0.1115	0.4846
000088	V	0.056951	0.436152	0.328164	0.2255	0.2988	0.1970	0.0760	0.2571	0.1180	0.4867
000089	L	0.037900	0.415125	0.327225	0.3146	0.3599	0.2320	0.0860	0.2812	0.1218	0.4838
000090	D	0.033344	0.443432	0.327934	0.2913	0.3667	0.2640	0.0900	0.2877	0.1274	0.4788
000091	P	0.020362	0.462031	0.328256	0.2602	0.3566	0.2810	0.1010	0.2848	0.1348	0.4743
000092	Y	0.016391	0.465550	0.330152	0.2558	0.3529	0.3320	0.0900	0.2921	0.1379	0.4702
000093	L	0.012661	0.483831	0.333651	0.2333	0.3321	0.3290	0.0730	0.2875	0.1431	0.4651
000094	G	0.004797	0.511301	0.340651	0.2913	0.2988	0.3590	0.0600	0.3010	0.1511	0.4628
000095	F	0.004653	0.503985	0.350592	0.3005	0.3392	0.3940	0.0630	0.3154	0.1529	0.4622
000096	Q	0.005744	0.526950	0.360586	0.2167	0.3356	0.4060	0.0630	0.3086	0.1637	0.4561
000097	T	0.006803	0.559712	0.372693	0.2483	0.3426	0.4640	0.0470	0.3324	0.1750	0.4521
000098	H	0.006887	0.599926	0.385616	0.2963	0.3983	0.4790	0.0540	0.3610	0.1838	0.4501
000099	K	0.006178	0.623059	0.400938	0.3535	0.4409	0.4760	0.0550	0.3834	0.1883	0.4476
000100	M	0.006455	0.631384	0.418130	0.4116	0.5055	0.5270	0.0560	0.4166	0.1976	0.4461
000101	N	0.006664	0.669505	0.436250	0.3992	0.5176	0.5460	0.0770	0.4292	0.2076	0.4440
000102	T	0.007742	0.706304	0.453681	0.3806	0.3983	0.5900	0.1240	0.4228	0.2176	0.4414
000103	S	0.010306	0.733068	0.467682	0.4600	0.4725	0.5960	0.1150	0.4566	0.2219	0.4395
000104	A	0.013282	0.753439	0.479439	0.4379	0.5382	0.6060	0.1000	0.4713	0.2284	0.4382
000105	F	0.013329	0.768894	0.490560	0.4333	0.5296	0.5980	0.1130	0.4723	0.2308	0.4371
000106	P	0.016395	0.779287	0.502931	0.5331	0.6531	0.5720	0.1120	0.5095	0.2384	0.4357
000107	S	0.019139	0.797788	0.517401	0.5084	0.6269	0.6280	0.1160	0.5163	0.2420	0.4350
000108	R	0.022195	0.807037	0.534344	0.5173	0.5098	0.6090	0.1150	0.4999	0.2366	0.4345
000109	S	0.025137	0.820490	0.553043	0.5253	0.4979	0.5890	0.1180	0.5017	0.2379	0.4341
000110	S	0.028643	0.837582	0.572750	0.4600	0.5055	0.5730	0.1190	0.4962	0.2409	0.4338
000111	R	0.030712	0.856619	0.592464	0.4879	0.5456	0.5980	0.1270	0.5186	0.2469	0.4336
000112	H	0.046128	0.869495	0.611609	0.4918	0.5456	0.6500	0.1160	0.5358	0.2490	0.4339
000113	F	0.052440	0.880036	0.629129	0.5043	0.5758	0.6310	0.1150	0.5454	0.2490	0.4335
000114	S	0.097460	0.888832	0.645895	0.5126	0.5176	0.5620	0.1150	0.5374	0.2347	0.4321
000115	K	0.104247	0.894240	0.661204	0.5623	0.5456	0.5390	0.0860	0.5510	0.2345	0.4310
000116	S	0.109635	0.892759	0.675860	0.6035	0.5419	0.5160	0.0850	0.5567	0.2349	0.4306
000117	D	0.122440	0.891276	0.689292	0.5762	0.5139	0.5400	0.1110	0.5555	0.2312	0.4310
000118	S	0.120098	0.886036	0.702180	0.5126	0.5456	0.5680	0.1110	0.5557	0.2318	0.4316
000119	F	0.137487	0.885539	0.714804	0.5008	0.4685	0.6170	0.1140	0.5541	0.2322	0.4323
000120	S	0.173601	0.881876	0.726625	0.5331	0.4725	0.5920	0.1080	0.5632	0.2198	0.4326
000121	H	0.211213	0.877573	0.736426	0.4879	0.4766	0.5630	0.0960	0.5588	0.2105	0.4331
000122	N	0.232674	0.866793	0.744964	0.4825	0.4725	0.5650	0.1070	0.5608	0.2038	0.4333
000123	N	0.213171	0.868467	0.751935	0.4825	0.4725	0.6270	0.1460	0.5692	0.2121	0.4335
000124	P	0.254886	0.859879	0.759141	0.5514	0.5854	0.6380	0.1350	0.6081	0.1895	0.4337
000125	V	0.322301	0.855849	0.765850	0.5711	0.5951	0.6810	0.1480	0.6318	0.1690	0.4337
000126	R	0.401196	0.846499	0.769835	0.5549	0.5139	0.6550	0.1530	0.6236	0.1518	0.4337
000127	F	0.492785	0.826638	0.770001	0.5549	0.5139	0.7320	0.1460	0.6483	0.1320	0.4337
000128	R	0.567382	0.818133	0.765732	0.4967	0.5211	0.7160	0.1600	0.6476	0.1245	0.4336
000129	P	0.629188	0.820178	0.759585	0.4918	0.4685	0.7200	0.1670	0.6482	0.1318	0.4327
000130	I	0.656936	0.804893	0.752051	0.5583	0.4940	0.7650	0.1650	0.6718	0.1137	0.4319
000131	K	0.733980	0.804099	0.741849	0.5084	0.5055	0.7440	0.1760	0.6730	0.1196	0.4311
000132	G	0.817269	0.776905	0.729794	0.4420	0.4979	0.6990	0.1560	0.6605	0.1406	0.4291
000133	R	0.874486	0.767703	0.714756	0.4333	0.3840	0.7370	0.1480	0.6518	0.1796	0.4272
000134	Q	0.908207	0.753057	0.699920	0.4203	0.3704	0.7130	0.1210	0.6442	0.1891	0.4248
000135	E	0.899296	0.736441	0.686751	0.3053	0.3426	0.6990	0.1170	0.6116	0.2152	0.4215
000136	E	0.884645	0.718229	0.676224	0.3535	0.3948	0.6370	0.1190	0.6107	0.1846	0.4202
000137	L	0.847954	0.701341	0.666156	0.3535	0.3983	0.5330	0.1000	0.5833	0.1734	0.4213
000138	K	0.805899	0.668236	0.654019	0.4203	0.4979	0.3800	0.1090	0.5710	0.1506	0.4170
000139	E	0.779810	0.636908	0.641296	0.4149	0.4220	0.3390	0.0850	0.5389	0.1567	0.4141
000140	V	0.677989	0.629513	0.628449	0.3847	0.4051	0.2920	0.0770	0.5030	0.1474	0.4157
000141	I	0.573725	0.603609	0.614341	0.3630	0.4685	0.2860	0.0660	0.4848	0.1249	0.4110
000142	E	0.473123	0.590827	0.597431	0.3535	0.4476	0.2450	0.0560	0.4512	0.1249	0.4013
000143	R	0.375831	0.593148	0.578367	0.3491	0.3460	0.2250	0.0570	0.4113	0.1322	0.3961
000144	F	0.304461	0.597369	0.559137	0.3311	0.3426	0.2370	0.0680	0.3952	0.1342	0.3910
000145	K	0.234511	0.581558	0.541234	0.2292	0.2470	0.2620	0.0840	0.3493	0.1508	0.3823
000146	K	0.180346	0.582245	0.525096	0.2385	0.1759	0.2890	0.1080	0.3318	0.1622	0.3746
000147	D	0.130568	0.584037	0.509273	0.1766	0.1759	0.2870	0.0910	0.3106	0.1748	0.3644
000148	E	0.078527	0.554147	0.491835	0.1698	0.2328	0.2240	0.0550	0.2919	0.1719	0.3549
000149	H	0.072801	0.521563	0.472009	0.1698	0.2328	0.1920	0.0460	0.2768	0.1634	0.3555
000150	L	0.067222	0.504268	0.450307	0.1667	0.2364	0.1700	0.0580	0.2658	0.1582	0.3533
000151	E	0.061622	0.472579	0.428026	0.2167	0.1881	0.1440	0.0640	0.2519	0.1488	0.3410
000152	K	0.049701	0.441857	0.406458	0.2657	0.2258	0.1440	0.0670	0.2555	0.1375	0.3377
000153	A	0.035176	0.413800	0.386748	0.1667	0.2164	0.1170	0.0460	0.2226	0.1372	0.3409
000154	F	0.027292	0.374141	0.368069	0.1495	0.2164	0.0980	0.0360	0.2056	0.1300	0.3355
000155	K	0.022350	0.309603	0.348053	0.2122	0.2292	0.0750	0.0290	0.1993	0.1171	0.3272
000156	C	0.013025	0.283813	0.326423	0.1998	0.1449	0.0740	0.0280	0.1736	0.1101	0.3241
000157	L	0.007274	0.256486	0.305661	0.1266	0.0985	0.0720	0.0250	0.1445	0.1041	0.3220
000158	T	0.006336	0.246622	0.287862	0.0723	0.1048	0.0520	0.0170	0.1284	0.1031	0.3206
000159	S	0.005113	0.228394	0.272131	0.0455	0.0985	0.0440	0.0170	0.1156	0.0998	0.3153
000160	G	0.001126	0.218517	0.256630	0.0464	0.1028	0.0460	0.0180	0.1119	0.0943	0.3063
000161	E	0.000581	0.199283	0.241171	0.0701	0.1449	0.0520	0.0230	0.1180	0.0846	0.2992
000162	W	0.000452	0.173518	0.228248	0.0701	0.1184	0.0610	0.0260	0.1086	0.0754	0.3002
000163	A	0.000505	0.172106	0.217427	0.0677	0.1275	0.0670	0.0260	0.1087	0.0723	0.3027
000164	R	0.000520	0.163555	0.209206	0.0554	0.1501	0.0600	0.0250	0.1065	0.0727	0.3029
000165	H	0.000786	0.159508	0.201033	0.0991	0.2364	0.0550	0.0230	0.1253	0.0821	0.3075
000166	Y	0.001071	0.177722	0.191716	0.1041	0.1731	0.0710	0.0210	0.1197	0.0685	0.3103
000167	F	0.000984	0.204724	0.179894	0.1532	0.1583	0.1300	0.0290	0.1379	0.0654	0.3110
000168	L	0.001139	0.263741	0.167042	0.1322	0.2193	0.2060	0.0530	0.1649	0.0840	0.3058
000169	N	0.001160	0.330285	0.154495	0.0723	0.2224	0.2390	0.0750	0.1699	0.1091	0.2927
000170	K	0.001129	0.415430	0.141774	0.0744	0.2292	0.2560	0.0880	0.1864	0.1342	0.2809
000171	N	0.001086	0.455175	0.128812	0.0771	0.1759	0.2900	0.0930	0.1881	0.1487	0.2729
000172	K	0.001013	0.472794	0.116579	0.0701	0.0967	0.3290	0.1110	0.1811	0.1649	0.2700
000173	M	0.001018	0.531291	0.106423	0.0884	0.1162	0.3450	0.1130	0.1981	0.1820	0.2731
000174	Q	0.000833	0.547081	0.098009	0.0607	0.0799	0.3390	0.1040	0.1875	0.1926	0.2724
000175	E	0.000571	0.490872	0.090235	0.0395	0.0506	0.2870	0.0820	0.1598	0.1743	0.2775
000176	K	0.000397	0.444651	0.081700	0.0245	0.0506	0.2160	0.0620	0.1363	0.1542	0.2909
000177	L	0.000257	0.380676	0.071886	0.0259	0.0719	0.1500	0.0390	0.1168	0.1269	0.3094
000178	F	0.000342	0.294821	0.062124	0.0490	0.0719	0.1090	0.0350	0.0978	0.0938	0.3302
000179	K	0.000726	0.211479	0.054348	0.0621	0.0967	0.0810	0.0330	0.0845	0.0642	0.3547
000180	E	0.001154	0.150455	0.049223	0.0327	0.0909	0.0630	0.0310	0.0646	0.0472	0.3867
000181	H	0.001239	0.105555	0.046032	0.0268	0.0929	0.0510	0.0230	0.0539	0.0360	0.4231
000182	V	0.001311	0.072705	0.043858	0.0259	0.0835	0.0430	0.0180	0.0451	0.0275	0.4166
000183	F	0.001525	0.049664	0.042173	0.0274	0.0851	0.0380	0.0150	0.0407	0.0251	0.4018
000184	I	0.001797	0.041403	0.040608	0.0376	0.0555	0.0360	0.0130	0.0355	0.0163	0.4062
000185	Y	0.003922	0.043880	0.038794	0.0350	0.0531	0.0360	0.0120	0.0351	0.0152	0.4158
000186	L	0.007063	0.048115	0.037091	0.0167	0.0327	0.0380	0.0110	0.0299	0.0139	0.4316
000187	R	0.008044	0.055248	0.035575	0.0167	0.0218	0.0380	0.0090	0.0293	0.0156	0.4121
000188	M	0.013156	0.064690	0.035073	0.0194	0.0380	0.0480	0.0140	0.0364	0.0171	0.3918
000189	F	0.014506	0.073728	0.035571	0.0245	0.0389	0.0610	0.0220	0.0413	0.0202	0.3642
000190	A	0.018841	0.097229	0.037237	0.0297	0.0424	0.0610	0.0190	0.0477	0.0256	0.3333
000191	T	0.024987	0.119015	0.039414	0.0173	0.0389	0.0740	0.0180	0.0522	0.0347	0.3012
000192	D	0.042646	0.146293	0.041803	0.0200	0.0235	0.0820	0.0140	0.0594	0.0438	0.2679
000193	S	0.063242	0.158701	0.043894	0.0308	0.0320	0.0750	0.0170	0.0673	0.0439	0.2409
000194	G	0.093671	0.167165	0.046075	0.0316	0.0592	0.0670	0.0200	0.0774	0.0444	0.2219
000195	F	0.124155	0.166389	0.048275	0.0514	0.0948	0.0770	0.0190	0.0937	0.0415	0.2117
000196	E	0.191415	0.180362	0.050847	0.0884	0.1611	0.0800	0.0260	0.1253	0.0543	0.2013
000197	I	0.253464	0.191468	0.053591	0.1456	0.2364	0.1150	0.0480	0.1658	0.0695	0.1944
000198	L	0.313289	0.211308	0.057206	0.1456	0.2328	0.1120	0.0540	0.1787	0.0841	0.1857
000199	P	0.354193	0.232027	0.061542	0.1766	0.2364	0.1060	0.0450	0.1945	0.0952	0.1727
000200	C	0.387231	0.257941	0.067345	0.2657	0.3286	0.1480	0.0720	0.2425	0.1070	0.1642
000201	N	0.405973	0.300159	0.073717	0.2700	0.2849	0.1930	0.1030	0.2546	0.1022	0.1563
000202	R	0.411779	0.339869	0.080637	0.2657	0.2258	0.2570	0.1190	0.2635	0.1022	0.1524
000203	Y	0.405899	0.390138	0.088160	0.1921	0.2002	0.3160	0.1320	0.2655	0.1147	0.1522
000204	S	0.373857	0.453291	0.096738	0.1416	0.2094	0.3520	0.1230	0.2711	0.1299	0.1518
000205	S	0.306685	0.498232	0.105965	0.1240	0.2064	0.3600	0.1200	0.2669	0.1377	0.1515
000206	E	0.281647	0.541851	0.114379	0.1958	0.3117	0.3600	0.1290	0.3008	0.1341	0.1494
000207	Q	0.292332	0.578218	0.121668	0.1844	0.2164	0.3330	0.1460	0.2877	0.1471	0.1502
000208	N	0.348576	0.568692	0.128970	0.2657	0.2783	0.2750	0.1120	0.3109	0.1325	0.1537
000209	G	0.327795	0.525878	0.135915	0.2657	0.3426	0.2240	0.0870	0.3036	0.1207	0.1595
000210	A	0.358465	0.487775	0.142518	0.2209	0.3249	0.1750	0.0650	0.2849	0.1188	0.1666
000211	K	0.394624	0.425281	0.147933	0.2657	0.4256	0.1570	0.0550	0.3028	0.1190	0.1711
000212	I	0.411033	0.367243	0.153250	0.2602	0.4087	0.1560	0.0520	0.2927	0.1097	0.1789
000213	V	0.448672	0.327258	0.158625	0.2786	0.3392	0.1500	0.0630	0.2837	0.1047	0.1808
000214	A	0.481011	0.322627	0.163746	0.3578	0.4330	0.1530	0.0690	0.3186	0.1241	0.1800
000215	T	0.474153	0.329731	0.168732	0.2820	0.3631	0.1550	0.0710	0.2955	0.1107	0.1797
000216	K	0.420539	0.344229	0.174157	0.2865	0.2988	0.1660	0.0730	0.2818	0.0898	0.1811
000217	E	0.333333	0.343117	0.180578	0.2122	0.2364	0.1750	0.0680	0.2468	0.0678	0.1883
000218	W	0.316742	0.349748	0.187104	0.1532	0.2224	0.1660	0.0600	0.2325	0.0750	0.1985
000219	K	0.256765	0.342098	0.193429	0.1150	0.1184	0.1310	0.0370	0.1928	0.0835	0.2017
000220	R	0.199937	0.346993	0.199226	0.1205	0.0799	0.1320	0.0490	0.1797	0.0862	0.2027
000221	N	0.165233	0.317794	0.204305	0.1060	0.0780	0.1490	0.0550	0.1700	0.0775	0.2077
000222	D	0.152265	0.289079	0.208129	0.0660	0.0851	0.1910	0.0900	0.1653	0.0756	0.2185
000223	K	0.163156	0.245904	0.212483	0.0884	0.0835	0.2550	0.1250	0.1747	0.0694	0.2280
000224	I	0.171900	0.203214	0.217547	0.1292	0.1115	0.2790	0.1260	0.1853	0.0560	0.2443
000225	E	0.229016	0.147488	0.222972	0.0965	0.1349	0.2400	0.0880	0.1785	0.0546	0.2601
000226	L	0.295101	0.113654	0.227164	0.0991	0.0888	0.2200	0.0690	0.1740	0.0776	0.2761
000227	L	0.363861	0.101611	0.230429	0.1088	0.0967	0.1870	0.0590	0.1813	0.0953	0.2891
000228	V	0.420043	0.104640	0.233342	0.0607	0.0967	0.1730	0.0540	0.1814	0.1207	0.2905
000229	G	0.476693	0.107701	0.235346	0.1018	0.1643	0.1490	0.0530	0.2059	0.1288	0.2843
000230	C	0.544258	0.120953	0.236094	0.1117	0.1449	0.1330	0.0430	0.2151	0.1528	0.2783
000231	I	0.593097	0.138098	0.235182	0.1240	0.0985	0.1340	0.0410	0.2205	0.1720	0.2864
000232	A	0.620953	0.159128	0.233509	0.1060	0.0605	0.1500	0.0360	0.2218	0.1861	0.2929
000233	E	0.656862	0.192989	0.231145	0.0587	0.0581	0.1670	0.0450	0.2275	0.2026	0.2999
000234	L	0.664541	0.239559	0.227688	0.0387	0.0581	0.1890	0.0510	0.2362	0.2068	0.3059
000235	S	0.666996	0.272935	0.222600	0.0554	0.0888	0.2070	0.0660	0.2522	0.2004	0.3065
000236	E	0.677510	0.332680	0.215793	0.0502	0.0909	0.2420	0.0870	0.2682	0.2058	0.3076
000237	I	0.704863	0.401542	0.208890	0.0771	0.1399	0.3030	0.1050	0.3059	0.2072	0.3081
000238	E	0.733825	0.454681	0.201756	0.1240	0.2034	0.2880	0.1070	0.3343	0.2062	0.3021
000239	E	0.749674	0.472535	0.194579	0.1635	0.1671	0.2600	0.0970	0.3345	0.2136	0.3016
000240	N	0.751987	0.501274	0.187731	0.1667	0.1611	0.2720	0.0950	0.3401	0.2182	0.3145
000241	M	0.763696	0.465497	0.181732	0.1292	0.2193	0.2620	0.0890	0.3369	0.2181	0.3349
000242	L	0.764921	0.417624	0.176468	0.1998	0.2541	0.2390	0.0980	0.3421	0.2043	0.3366
000243	L	0.742693	0.386007	0.170933	0.1698	0.2002	0.2340	0.1030	0.3173	0.2039	0.3393
000244	R	0.734652	0.383522	0.165152	0.1456	0.1852	0.2500	0.0870	0.3107	0.2053	0.3349
000245	H	0.703834	0.377407	0.159928	0.1416	0.2609	0.2530	0.0810	0.3161	0.1897	0.3324
000246	G	0.621457	0.406004	0.154865	0.1456	0.2645	0.2580	0.0940	0.3084	0.1644	0.3288
000247	E	0.538503	0.421987	0.149467	0.1416	0.2470	0.2510	0.0910	0.2916	0.1439	0.3251
000248	N	0.455575	0.426952	0.143196	0.1958	0.3215	0.2490	0.0830	0.2986	0.1146	0.3207
000249	D	0.387044	0.411631	0.136916	0.1878	0.2002	0.2480	0.0660	0.2619	0.1026	0.3240
000250	F	0.303852	0.408291	0.130325	0.1844	0.1671	0.2380	0.0560	0.2386	0.0938	0.3114
000251	S	0.222352	0.377001	0.123544	0.1018	0.1702	0.2020	0.0410	0.1996	0.0896	0.2841
000252	V	0.161207	0.349444	0.116354	0.1018	0.1373	0.1670	0.0270	0.1722	0.0825	0.2557
000253	M	0.086512	0.324962	0.110016	0.1667	0.1251	0.1580	0.0270	0.1619	0.0778	0.2338
000254	Y	0.036226	0.283449	0.103566	0.1766	0.1251	0.1830	0.0300	0.1514	0.0767	0.2148
000255	S	0.027748	0.236142	0.097526	0.1266	0.1251	0.1540	0.0220	0.1279	0.0624	0.2009
000256	T	0.019073	0.232948	0.091750	0.0935	0.1476	0.1430	0.0310	0.1213	0.0655	0.1860
000257	R	0.010326	0.213198	0.087193	0.0909	0.1298	0.1260	0.0400	0.1096	0.0607	0.1749
000258	K	0.001533	0.180898	0.083402	0.0965	0.1048	0.1130	0.0430	0.0967	0.0527	0.1673
000259	N	0.000826	0.157498	0.080803	0.0813	0.0568	0.1010	0.0470	0.0796	0.0470	0.1630
000260	C	0.000806	0.153109	0.079561	0.0621	0.0356	0.0860	0.0430	0.0695	0.0471	0.1677
000261	A	0.000753	0.128444	0.080026	0.0701	0.0704	0.0560	0.0210	0.0675	0.0376	0.1996
000262	Q	0.000724	0.108418	0.080758	0.0464	0.0719	0.0430	0.0130	0.0585	0.0339	0.2347
000263	L	0.000845	0.091656	0.081695	0.0677	0.1048	0.0360	0.0100	0.0638	0.0354	0.2733
000264	W	0.000828	0.081269	0.082153	0.0701	0.0618	0.0340	0.0090	0.0551	0.0291	0.3076
000265	L	0.000830	0.070536	0.082220	0.1178	0.1007	0.0360	0.0100	0.0680	0.0394	0.3047
000266	G	0.000709	0.071492	0.082226	0.0478	0.1206	0.0360	0.0100	0.0599	0.0377	0.2931
000267	P	0.000637	0.073716	0.083205	0.0478	0.1229	0.0370	0.0090	0.0609	0.0384	0.2860
000268	A	0.000585	0.080144	0.085416	0.0607	0.0618	0.0440	0.0110	0.0554	0.0280	0.2751
000269	A	0.000586	0.084698	0.089721	0.0607	0.0618	0.0460	0.0140	0.0572	0.0294	0.2411
000270	F	0.000573	0.096165	0.094388	0.0259	0.0334	0.0450	0.0160	0.0493	0.0352	0.2041
000271	I	0.000529	0.119157	0.099036	0.0526	0.0506	0.0430	0.0170	0.0608	0.0387	0.1631
000272	N	0.000733	0.139725	0.102390	0.0405	0.0592	0.0470	0.0190	0.0649	0.0448	0.1180
000273	H	0.003201	0.148022	0.106123	0.0259	0.0568	0.0550	0.0170	0.0659	0.0485	0.0870
000274	D	0.004833	0.161231	0.110423	0.0395	0.0870	0.0640	0.0160	0.0778	0.0502	0.0641
000275	C	0.006459	0.173219	0.115203	0.0621	0.1399	0.0670	0.0180	0.0939	0.0552	0.0477
000276	R	0.007066	0.183359	0.119662	0.0935	0.2064	0.0680	0.0180	0.1130	0.0675	0.0436
000277	P	0.007639	0.212110	0.124324	0.0909	0.2129	0.0690	0.0200	0.1195	0.0744	0.0407
000278	N	0.008936	0.255536	0.130522	0.0832	0.1731	0.0790	0.0160	0.1218	0.0781	0.0372
000279	C	0.010251	0.273322	0.137646	0.0991	0.1070	0.0820	0.0180	0.1182	0.0795	0.0348
000280	K	0.011555	0.282008	0.144978	0.0935	0.0948	0.0770	0.0270	0.1174	0.0834	0.0347
000281	F	0.021099	0.289182	0.152483	0.0643	0.1528	0.0950	0.0310	0.1291	0.0854	0.0366
000282	V	0.084661	0.278814	0.159951	0.0660	0.1942	0.1240	0.0540	0.1512	0.0715	0.0369
000283	S	0.085520	0.260711	0.168426	0.0621	0.1373	0.1450	0.0620	0.1433	0.0638	0.0364
000284	T	0.096974	0.256167	0.177050	0.0587	0.1399	0.1610	0.0730	0.1482	0.0624	0.0373
000285	G	0.116304	0.255397	0.186460	0.0395	0.1399	0.1340	0.0640	0.1452	0.0658	0.0385
000286	R	0.154936	0.246691	0.195550	0.0884	0.1881	0.1040	0.0400	0.1629	0.0545	0.0410
000287	D	0.201238	0.251567	0.204127	0.0935	0.2002	0.0850	0.0310	0.1726	0.0616	0.0427
000288	T	0.287426	0.244283	0.212474	0.0567	0.2002	0.0730	0.0270	0.1791	0.0854	0.0441
000289	A	0.372816	0.229444	0.221892	0.0643	0.1942	0.0640	0.0280	0.1911	0.1063	0.0461
000290	C	0.449673	0.221884	0.231039	0.1667	0.3149	0.0580	0.0230	0.2404	0.1214	0.0464
000291	V	0.462615	0.219052	0.240079	0.1566	0.3321	0.0550	0.0190	0.2442	0.1288	0.0572
000292	K	0.526061	0.209453	0.247774	0.2385	0.3631	0.0580	0.0220	0.2738	0.1438	0.0662
000293	A	0.520815	0.227178	0.255670	0.3053	0.4119	0.0630	0.0260	0.2973	0.1441	0.0853
000294	L	0.515143	0.243339	0.264268	0.2531	0.3053	0.0620	0.0210	0.2739	0.1326	0.1103
000295	R	0.484706	0.263016	0.273175	0.2558	0.2364	0.0620	0.0170	0.2626	0.1227	0.1170
000296	D	0.446772	0.289608	0.282739	0.1205	0.1759	0.0690	0.0140	0.2308	0.1252	0.1259
000297	I	0.366106	0.318088	0.291877	0.0858	0.1759	0.0770	0.0180	0.2192	0.1129	0.1370
000298	E	0.281084	0.338666	0.301983	0.0526	0.1731	0.0890	0.0310	0.2060	0.1086	0.1362
000299	P	0.199116	0.360160	0.313398	0.0514	0.1702	0.0750	0.0230	0.1950	0.1132	0.1385
000300	G	0.129914	0.378618	0.324415	0.0677	0.1251	0.0750	0.0250	0.1834	0.1221	0.1418
000301	E	0.078291	0.374694	0.334725	0.1532	0.1501	0.0730	0.0280	0.1940	0.1183	0.1552
000302	E	0.077022	0.353181	0.343857	0.1416	0.1881	0.0720	0.0290	0.1960	0.1148	0.1581
000303	I	0.070511	0.335115	0.353358	0.1018	0.2002	0.0720	0.0290	0.1888	0.1182	0.1631
000304	S	0.067362	0.315794	0.361363	0.1150	0.2258	0.0690	0.0310	0.1924	0.1167	0.1561
000305	C	0.059301	0.293008	0.367696	0.1698	0.2951	0.0650	0.0310	0.2084	0.1185	0.1498
000306	Y	0.054383	0.265478	0.371468	0.1732	0.3019	0.0580	0.0240	0.2041	0.1198	0.1742
000307	Y	0.053397	0.259425	0.373945	0.1566	0.2164	0.0520	0.0170	0.1853	0.1140	0.1923
000308	G	0.048708	0.247877	0.375230	0.2080	0.1702	0.0480	0.0150	0.1831	0.1141	0.2110
000309	D	0.038919	0.265353	0.374680	0.1380	0.1702	0.0500	0.0180	0.1728	0.1180	0.2242
000310	G	0.024603	0.261567	0.372859	0.0514	0.0780	0.0530	0.0200	0.1403	0.1301	0.2359
000311	F	0.018060	0.282149	0.370433	0.0621	0.0518	0.0580	0.0190	0.1405	0.1346	0.2389
000312	F	0.010363	0.303832	0.369639	0.0231	0.0494	0.0640	0.0230	0.1367	0.1437	0.2308
000313	G	0.005509	0.328577	0.369716	0.0121	0.0235	0.0690	0.0270	0.1347	0.1535	0.2097
000314	E	0.014540	0.330825	0.369360	0.0182	0.0356	0.0770	0.0340	0.1409	0.1497	0.1855
000315	N	0.022514	0.331578	0.366972	0.0069	0.0372	0.0870	0.0430	0.1420	0.1489	0.1690
000316	N	0.037325	0.310259	0.363820	0.0252	0.0765	0.0870	0.0460	0.1499	0.1348	0.1587
000317	E	0.051930	0.288025	0.362447	0.0376	0.1137	0.0700	0.0340	0.1539	0.1252	0.1423
000318	F	0.066636	0.271222	0.363446	0.0542	0.1643	0.0590	0.0260	0.1631	0.1182	0.1303
000319	C	0.109855	0.236071	0.364602	0.0526	0.1643	0.0450	0.0160	0.1622	0.1117	0.1162
000320	E	0.156066	0.229903	0.363319	0.0502	0.1476	0.0440	0.0140	0.1652	0.1093	0.1140
000321	C	0.175461	0.219666	0.361383	0.0502	0.0967	0.0570	0.0180	0.1600	0.1088	0.1116
000322	Y	0.192531	0.246440	0.359128	0.0643	0.1501	0.0760	0.0220	0.1814	0.1014	0.1200
000323	T	0.200554	0.251524	0.358449	0.0660	0.2164	0.1010	0.0310	0.1989	0.0965	0.1255
000324	C	0.199625	0.270512	0.359854	0.0677	0.2224	0.1270	0.0520	0.2078	0.0945	0.1329
000325	E	0.203879	0.318057	0.362852	0.0643	0.1823	0.1570	0.0670	0.2147	0.0998	0.1539
000326	R	0.219548	0.339576	0.368138	0.0660	0.1759	0.2020	0.0850	0.2285	0.1015	0.1826
000327	R	0.216916	0.365695	0.375698	0.0514	0.1298	0.2110	0.1010	0.2252	0.1169	0.2127
000328	G	0.196093	0.400789	0.386716	0.0455	0.1424	0.2030	0.0910	0.2291	0.1273	0.2473
000329	T	0.178214	0.415232	0.398938	0.0490	0.1942	0.2220	0.1010	0.2429	0.1282	0.2840
000330	G	0.182864	0.426862	0.409579	0.1349	0.3286	0.2360	0.1150	0.2864	0.1103	0.3285
000331	A	0.201454	0.442426	0.419779	0.1041	0.3019	0.2400	0.1140	0.2850	0.1190	0.3639
000332	F	0.200996	0.454898	0.429314	0.2385	0.4409	0.2160	0.0940	0.3300	0.1125	0.3949
000333	K	0.214265	0.450340	0.439874	0.2786	0.4725	0.1850	0.0750	0.3400	0.1179	0.4074
000334	S	0.239270	0.456887	0.451534	0.3053	0.4186	0.1830	0.0650	0.3425	0.1066	0.4254
000335	R	0.228578	0.449760	0.465647	0.4078	0.5493	0.1880	0.0660	0.3816	0.1299	0.4232
000336	V	0.240017	0.424881	0.481434	0.3311	0.5342	0.1970	0.0700	0.3681	0.1230	0.4127
000337	G	0.227733	0.416930	0.499912	0.3456	0.5296	0.2170	0.0760	0.3728	0.1217	0.4083
000338	L	0.207923	0.441072	0.519741	0.3491	0.4541	0.2510	0.0940	0.3705	0.1121	0.4061
000339	P	0.279848	0.459175	0.540680	0.3717	0.4541	0.2370	0.0950	0.3904	0.1061	0.4084
000340	A	0.347224	0.465232	0.561226	0.3184	0.4017	0.2660	0.1090	0.3934	0.0977	0.4120
000341	P	0.418971	0.487691	0.582082	0.3311	0.4119	0.2890	0.1370	0.4201	0.0966	0.4162
000342	A	0.468355	0.513458	0.602849	0.3146	0.4369	0.3040	0.1320	0.4400	0.1057	0.4234
000343	P	0.521674	0.538399	0.621454	0.3992	0.5211	0.3070	0.1380	0.4848	0.1026	0.4323
000344	V	0.591928	0.544926	0.638477	0.4078	0.5254	0.3410	0.1490	0.5082	0.1030	0.4434
000345	I	0.664909	0.566068	0.654359	0.4078	0.5296	0.3130	0.1290	0.5227	0.1268	0.4554
000346	N	0.759055	0.569755	0.671507	0.4149	0.5342	0.3450	0.1370	0.5491	0.1410	0.4633
000347	S	0.852271	0.598001	0.687545	0.4749	0.5211	0.3770	0.1460	0.5851	0.1536	0.4691
000348	K	0.866848	0.622790	0.700833	0.4918	0.5296	0.4010	0.1380	0.6021	0.1518	0.4786
000349	Y	0.874014	0.646174	0.710956	0.5043	0.6089	0.4580	0.1570	0.6337	0.1367	0.4886
000350	G	0.894788	0.664657	0.720053	0.4879	0.5098	0.4920	0.1580	0.6283	0.1489	0.4946
000351	L	0.934014	0.688530	0.730066	0.5253	0.5342	0.5420	0.1470	0.6591	0.1464	0.5066
000352	R	0.946909	0.713206	0.740393	0.4600	0.5055	0.5600	0.1290	0.6544	0.1660	0.5082
000353	E	0.968014	0.742725	0.750339	0.4918	0.4725	0.5740	0.1470	0.6666	0.1734	0.5063
000354	T	0.982563	0.766479	0.758892	0.4600	0.4441	0.6350	0.1350	0.6744	0.1876	0.5144
000355	D	0.989369	0.787378	0.764448	0.4703	0.4831	0.6870	0.1170	0.6969	0.1805	0.5251
000356	K	0.998676	0.800566	0.767540	0.5296	0.5342	0.6870	0.1250	0.7196	0.1624	0.5432
000357	R	0.999143	0.815567	0.767528	0.5253	0.5211	0.6990	0.1330	0.7212	0.1669	0.5741
000358	L	0.999254	0.831308	0.764280	0.5253	0.5296	0.7190	0.1160	0.7282	0.1664	0.6033
000359	N	0.999590	0.844636	0.758040	0.5173	0.5419	0.7560	0.0980	0.7362	0.1672	0.6118
000360	R	0.999743	0.860155	0.750598	0.5667	0.6227	0.7940	0.0840	0.7656	0.1442	0.6200
000361	L	0.999724	0.873833	0.743692	0.5762	0.6227	0.8290	0.0810	0.7742	0.1454	0.6325
000362	K	0.999488	0.888391	0.736023	0.6255	0.6906	0.8380	0.0780	0.7963	0.1261	0.6172
000363	K	0.998037	0.905621	0.727956	0.5992	0.6906	0.8610	0.0680	0.7972	0.1364	0.6124
000364	L	0.982142	0.917976	0.720269	0.5992	0.6806	0.9010	0.0460	0.8001	0.1403	0.6085
000365	G	0.973610	0.928629	0.712620	0.6219	0.6322	0.8880	0.0550	0.7928	0.1424	0.5725
000366	D	0.965191	0.938750	0.705259	0.6174	0.6227	0.8860	0.0620	0.7893	0.1455	0.5430
000367	S	0.923729	0.947656	0.697741	0.5846	0.6183	0.8900	0.0600	0.7771	0.1483	0.5163
000368	S	0.900223	0.954418	0.689205	0.5762	0.6227	0.9000	0.0550	0.7737	0.1491	0.4863
000369	K	0.892801	0.957400	0.679398	0.6255	0.6948	0.8930	0.0650	0.7905	0.1275	0.4546
000370	N	0.888008	0.961488	0.668363	0.6293	0.6851	0.9070	0.0520	0.7899	0.1319	0.4346
000371	S	0.885747	0.965428	0.658285	0.6079	0.6531	0.9190	0.0470	0.7815	0.1446	0.4107
000372	D	0.884523	0.971263	0.649287	0.6442	0.7209	0.9270	0.0410	0.7996	0.1329	0.3946
000373	S	0.896363	0.974937	0.641578	0.6334	0.7209	0.9360	0.0330	0.8005	0.1399	0.3982
000374	Q	0.895884	0.977594	0.634408	0.6334	0.7209	0.9420	0.0250	0.8008	0.1429	0.3976
000375	S	0.892780	0.979669	0.628006	0.6557	0.7951	0.9480	0.0220	0.8165	0.1364	0.3924
000376	V	0.926927	0.982584	0.622874	0.6412	0.7982	0.9550	0.0190	0.8211	0.1457	0.4049
000377	S	0.943275	0.984556	0.619273	0.6604	0.7982	0.9560	0.0210	0.8270	0.1454	0.3837
000378	S	0.941522	0.987085	0.616797	0.6604	0.8125	0.9590	0.0240	0.8295	0.1462	0.3589
000379	N	0.941475	0.988719	0.614938	0.6650	0.8313	0.9590	0.0240	0.8335	0.1459	0.3316
000380	T	0.936706	0.990429	0.613572	0.6756	0.8085	0.9590	0.0260	0.8306	0.1443	0.3063
000381	D	0.928062	0.991355	0.613128	0.6756	0.8013	0.9580	0.0270	0.8279	0.1436	0.2939
000382	A	0.914336	0.991864	0.613485	0.6681	0.8013	0.9550	0.0270	0.8240	0.1430	0.2801
000383	D	0.911657	0.991931	0.614401	0.6681	0.8125	0.9550	0.0260	0.8256	0.1422	0.2536
000384	T	0.911488	0.991918	0.616629	0.6681	0.8279	0.9570	0.0280	0.8288	0.1418	0.2285
000385	T	0.900998	0.991701	0.619974	0.6557	0.8162	0.9570	0.0300	0.8235	0.1424	0.2142
000386	Q	0.891958	0.991405	0.624937	0.6756	0.8198	0.9540	0.0280	0.8264	0.1362	0.2077
000387	E	0.881703	0.991318	0.629794	0.6944	0.8565	0.9490	0.0310	0.8338	0.1304	0.2017
000388	K	0.839449	0.991110	0.634877	0.6944	0.8198	0.9490	0.0310	0.8215	0.1267	0.2162
000389	N	0.829889	0.991246	0.640107	0.6944	0.8235	0.9540	0.0260	0.8223	0.1262	0.2454
000390	N	0.830883	0.991199	0.645210	0.6557	0.7718	0.9570	0.0250	0.8086	0.1337	0.2823
000391	A	0.841297	0.991299	0.649101	0.6715	0.7718	0.9500	0.0300	0.8125	0.1291	0.3433
000392	T	0.852024	0.991544	0.652580	0.6516	0.7718	0.9440	0.0330	0.8106	0.1317	0.3892
000393	S	0.862987	0.991612	0.656557	0.6681	0.8050	0.9430	0.0360	0.8213	0.1268	0.4482
000394	N	0.880794	0.991602	0.662214	0.6756	0.8013	0.9520	0.0300	0.8272	0.1267	0.5164
000395	R	0.897010	0.991653	0.668319	0.6944	0.8050	0.9550	0.0280	0.8352	0.1233	0.5852
000396	K	0.916509	0.991654	0.675183	0.7034	0.8013	0.9530	0.0330	0.8401	0.1217	0.6362
000397	S	0.963648	0.991652	0.681615	0.6906	0.8013	0.9530	0.0330	0.8469	0.1288	0.6775
000398	S	0.980489	0.991491	0.687602	0.6870	0.8013	0.9470	0.0390	0.8492	0.1303	0.7245
000399	V	0.990829	0.991140	0.693772	0.7079	0.7415	0.9490	0.0420	0.8457	0.1328	0.7585
000400	G	0.998213	0.991008	0.701079	0.6906	0.7289	0.9420	0.0480	0.8420	0.1368	0.7791
000401	V	0.999180	0.990689	0.709362	0.6516	0.7289	0.9370	0.0540	0.8361	0.1427	0.7931
000402	K	0.999917	0.990005	0.717694	0.6557	0.7672	0.9270	0.0600	0.8429	0.1353	0.7847
000403	K	0.999897	0.989320	0.725806	0.6870	0.7628	0.9270	0.0570	0.8486	0.1274	0.7798
000404	N	0.999825	0.988446	0.734349	0.7079	0.7595	0.9330	0.0530	0.8538	0.1226	0.7669
000405	S	0.999786	0.988093	0.743343	0.6906	0.7415	0.9320	0.0530	0.8491	0.1269	0.7757
000406	K	0.999766	0.987656	0.752794	0.6789	0.7459	0.9260	0.0530	0.8485	0.1269	0.7820
000407	S	0.999758	0.987509	0.761828	0.6756	0.6712	0.9170	0.0620	0.8355	0.1383	0.7963
000408	R	0.999761	0.987288	0.769947	0.6984	0.7120	0.9150	0.0640	0.8470	0.1251	0.8223
000409	T	0.999623	0.987004	0.777662	0.6557	0.6948	0.9190	0.0620	0.8390	0.1368	0.8354
000410	L	0.999102	0.986850	0.785763	0.7034	0.7415	0.9190	0.0650	0.8560	0.1176	0.8588
000411	T	0.998584	0.986036	0.794408	0.6827	0.7415	0.9200	0.0660	0.8539	0.1213	0.8636
000412	R	0.998083	0.986272	0.802976	0.7034	0.8050	0.9280	0.0590	0.8705	0.1078	0.8736
000413	Q	0.997850	0.986284	0.810784	0.6984	0.8013	0.9340	0.0530	0.8714	0.1092	0.8833
000414	S	0.997375	0.986146	0.817621	0.7079	0.8013	0.9330	0.0560	0.8740	0.1060	0.8932
000415	M	0.995882	0.985898	0.823344	0.6944	0.7916	0.9310	0.0610	0.8703	0.1096	0.9014
000416	S	0.994380	0.986551	0.828604	0.6944	0.7951	0.9260	0.0690	0.8708	0.1083	0.8898
000417	R	0.992753	0.986766	0.833795	0.6870	0.7982	0.9250	0.0690	0.8706	0.1093	0.8759
000418	I	0.989908	0.986650	0.839851	0.6906	0.7505	0.9330	0.0620	0.8651	0.1149	0.8560
000419	P	0.988568	0.986303	0.846829	0.6827	0.7369	0.9330	0.0600	0.8624	0.1187	0.8251
000420	A	0.987043	0.986018	0.854291	0.6474	0.7672	0.9390	0.0590	0.8635	0.1238	0.7910
000421	S	0.985518	0.985811	0.861922	0.6715	0.7595	0.9450	0.0530	0.8682	0.1184	0.7488
000422	S	0.982082	0.985143	0.869551	0.6984	0.7755	0.9500	0.0480	0.8768	0.1082	0.7350
000423	N	0.973423	0.984208	0.876990	0.6219	0.7799	0.9530	0.0490	0.8648	0.1292	0.7151
000424	S	0.972792	0.983559	0.884264	0.6124	0.7672	0.9520	0.0500	0.8620	0.1335	0.7024
000425	T	0.972879	0.983199	0.891025	0.6255	0.7881	0.9510	0.0510	0.8685	0.1270	0.6887
000426	S	0.973734	0.982759	0.897042	0.6219	0.7505	0.9460	0.0560	0.8620	0.1325	0.6901
000427	S	0.975405	0.981879	0.901931	0.6474	0.7881	0.9450	0.0560	0.8733	0.1200	0.7208
000428	K	0.977151	0.979974	0.906626	0.5711	0.7799	0.9410	0.0640	0.8593	0.1453	0.7482
000429	L	0.979149	0.978381	0.911803	0.6474	0.8493	0.9400	0.0650	0.8844	0.1148	0.7746
000430	T	0.981178	0.977886	0.917425	0.6412	0.7718	0.9410	0.0610	0.8717	0.1246	0.7888
000431	H	0.984893	0.976317	0.922860	0.6756	0.7951	0.9340	0.0700	0.8815	0.1111	0.8182
000432	I	0.993963	0.975217	0.928437	0.6293	0.8013	0.9380	0.0650	0.8778	0.1270	0.8343
000433	N	0.996045	0.973167	0.934014	0.6442	0.8313	0.9280	0.0760	0.8845	0.1192	0.8393
000434	N	0.997236	0.972118	0.939169	0.6474	0.8013	0.9290	0.0720	0.8811	0.1214	0.8439
000435	S	0.997876	0.971404	0.943403	0.6756	0.8085	0.9170	0.0840	0.8857	0.1113	0.8514
000436	R	0.999157	0.969645	0.947121	0.6604	0.8375	0.9060	0.0940	0.8867	0.1134	0.8602
000437	V	0.999131	0.969095	0.950583	0.6789	0.7916	0.9160	0.0830	0.8842	0.1130	0.8580
000438	P	0.999050	0.968639	0.953983	0.7079	0.7415	0.9050	0.0920	0.8793	0.1132	0.8534
000439	K	0.998642	0.968148	0.957558	0.6442	0.7331	0.8890	0.1040	0.8652	0.1315	0.8568
000440	K	0.997888	0.966560	0.960904	0.6412	0.7951	0.8920	0.1040	0.8756	0.1240	0.8586
000441	L	0.997456	0.964328	0.963629	0.6474	0.7289	0.8980	0.0990	0.8666	0.1317	0.8655
000442	K	0.996724	0.960771	0.965611	0.6442	0.7080	0.8870	0.1100	0.8604	0.1357	0.8576
000443	K	0.994857	0.957995	0.967219	0.6334	0.7250	0.8840	0.1230	0.8603	0.1350	0.8527
000444	P	0.990150	0.956192	0.968932	0.6412	0.7250	0.8700	0.1360	0.8586	0.1318	0.8544
000445	A	0.977639	0.952589	0.970540	0.5711	0.7250	0.8770	0.1230	0.8456	0.1502	0.8595
000446	K	0.972951	0.947259	0.972109	0.5900	0.7547	0.8700	0.1260	0.8511	0.1394	0.8596
000447	P	0.971644	0.938432	0.973135	0.5711	0.6322	0.8680	0.1310	0.8257	0.1632	0.8604
000448	L	0.969510	0.933892	0.973120	0.6442	0.6906	0.8680	0.1240	0.8466	0.1320	0.8671
000449	L	0.969328	0.932444	0.971182	0.5667	0.6712	0.8660	0.1280	0.8295	0.1558	0.8663
000450	S	0.968904	0.921751	0.968431	0.5667	0.6043	0.8550	0.1310	0.8142	0.1665	0.8569
000451	K	0.968406	0.918680	0.965178	0.5623	0.5951	0.8530	0.1330	0.8104	0.1685	0.8560
000452	I	0.969216	0.902989	0.961749	0.5412	0.6755	0.8530	0.1380	0.8174	0.1575	0.8495
000453	K	0.970081	0.882117	0.958024	0.5084	0.6712	0.8360	0.1480	0.8042	0.1650	0.8447
000454	L	0.981651	0.865185	0.953833	0.5008	0.6851	0.8460	0.1420	0.8055	0.1661	0.8389
000455	R	0.986075	0.823254	0.950302	0.4879	0.6269	0.8500	0.1410	0.7873	0.1764	0.8231
000456	N	0.987099	0.827491	0.946840	0.5126	0.6427	0.8570	0.1350	0.7956	0.1672	0.8023
000457	H	0.989434	0.814405	0.943913	0.4651	0.6531	0.8570	0.1320	0.7871	0.1793	0.7852
000458	C	0.990127	0.800282	0.941077	0.4420	0.6227	0.8530	0.1280	0.7749	0.1892	0.7591
000459	K	0.990905	0.802622	0.938182	0.5043	0.6183	0.8290	0.1450	0.7805	0.1706	0.7280
000460	R	0.990252	0.800768	0.935148	0.5623	0.6755	0.8290	0.1470	0.7989	0.1457	0.7071
000461	L	0.989600	0.816610	0.931983	0.4879	0.6712	0.8270	0.1450	0.7874	0.1670	0.6812
000462	E	0.935388	0.823079	0.928791	0.4458	0.6661	0.7980	0.1680	0.7662	0.1693	0.6436
000463	Q	0.869862	0.822267	0.925749	0.5084	0.7505	0.7910	0.1880	0.7780	0.1328	0.6188
000464	K	0.860793	0.822931	0.922475	0.4879	0.6906	0.8000	0.1770	0.7642	0.1420	0.5987
000465	N	0.858445	0.819952	0.918565	0.5583	0.6991	0.8170	0.1580	0.7786	0.1183	0.5891
000466	A	0.846975	0.816433	0.913819	0.4879	0.6227	0.8260	0.1420	0.7523	0.1479	0.5963
000467	S	0.779749	0.811593	0.908712	0.4282	0.6136	0.8170	0.1430	0.7265	0.1598	0.6097
000468	R	0.716459	0.805134	0.903456	0.3456	0.5807	0.8240	0.1440	0.6959	0.1861	0.6235
000469	K	0.632515	0.795239	0.897363	0.4116	0.7250	0.7940	0.1480	0.7092	0.1553	0.6351
000470	L	0.542977	0.779282	0.890324	0.3885	0.7209	0.7420	0.1570	0.6774	0.1650	0.6445
000471	E	0.493534	0.764503	0.883015	0.3992	0.6576	0.6680	0.1770	0.6444	0.1607	0.6433
000472	M	0.450729	0.755144	0.875386	0.4781	0.6661	0.6600	0.1870	0.6476	0.1480	0.6622
000473	G	0.350869	0.736310	0.866643	0.4420	0.6089	0.6430	0.1590	0.6079	0.1724	0.6765
000474	N	0.243563	0.702484	0.855199	0.3847	0.5211	0.6510	0.1680	0.5596	0.2033	0.6972
000475	L	0.144210	0.670463	0.842213	0.3146	0.5211	0.6460	0.1810	0.5231	0.2330	0.7213
000476	V	0.100702	0.666420	0.827337	0.2333	0.5211	0.5500	0.2000	0.4831	0.2472	0.7328
000477	L	0.053136	0.639496	0.812172	0.2602	0.4831	0.4980	0.2010	0.4576	0.2462	0.7336
000478	K	0.031193	0.615913	0.796300	0.2657	0.5139	0.4430	0.2010	0.4444	0.2452	0.7310
000479	E	0.013941	0.609189	0.781634	0.1878	0.4369	0.4320	0.1840	0.4102	0.2534	0.7239
000480	P	0.048280	0.596401	0.769937	0.1998	0.4369	0.3570	0.1490	0.4014	0.2389	0.7329
000481	K	0.062349	0.583994	0.760910	0.1958	0.4864	0.3140	0.1420	0.4006	0.2362	0.7458
000482	V	0.079788	0.536431	0.755534	0.2167	0.4940	0.2830	0.1270	0.3942	0.2249	0.7627
000483	V	0.100953	0.554611	0.751431	0.2385	0.5055	0.2910	0.1540	0.4069	0.2182	0.7666
000484	L	0.129439	0.525765	0.748199	0.2483	0.5055	0.3210	0.1950	0.4131	0.2040	0.7706
000485	Y	0.134927	0.560041	0.744418	0.2483	0.5211	0.3010	0.1910	0.4182	0.2082	0.7563
000486	K	0.136810	0.573051	0.738297	0.3053	0.5758	0.2690	0.1610	0.4330	0.2098	0.7334
000487	N	0.135004	0.576905	0.732009	0.3847	0.6227	0.3230	0.1980	0.4624	0.2017	0.7093
000488	L	0.133323	0.602218	0.725745	0.4379	0.7163	0.3850	0.2020	0.5000	0.2081	0.6884
000489	P	0.096400	0.626346	0.721940	0.4245	0.6948	0.4010	0.1700	0.4942	0.2166	0.6601
000490	I	0.081422	0.642141	0.719925	0.4556	0.7036	0.4740	0.1560	0.5127	0.2187	0.6354
000491	K	0.063599	0.663518	0.719158	0.4078	0.6531	0.3970	0.1290	0.4840	0.2259	0.5896
000492	K	0.055103	0.679011	0.719199	0.4203	0.6269	0.4370	0.1310	0.4896	0.2250	0.5404
000493	D	0.081798	0.687995	0.719801	0.4600	0.6227	0.4420	0.1190	0.5023	0.2155	0.4919
000494	K	0.102268	0.696074	0.720674	0.4967	0.6531	0.4680	0.1130	0.5228	0.2108	0.4559
000495	E	0.126379	0.699117	0.722738	0.5008	0.7120	0.4450	0.1130	0.5344	0.2120	0.4273
000496	P	0.140949	0.703686	0.725884	0.5514	0.7881	0.4140	0.1260	0.5541	0.2224	0.4209
000497	E	0.218286	0.700346	0.730243	0.5583	0.6661	0.3870	0.1150	0.5434	0.1848	0.4216
000498	G	0.298210	0.699120	0.734901	0.5549	0.5807	0.3610	0.1130	0.5381	0.1611	0.4304
000499	P	0.385617	0.692046	0.739407	0.5473	0.6482	0.3370	0.1210	0.5582	0.1516	0.4547
000500	A	0.463459	0.677181	0.744186	0.4879	0.6269	0.3530	0.1340	0.5588	0.1351	0.4906
000501	Q	0.539772	0.661285	0.747778	0.5623	0.7289	0.3720	0.1360	0.6020	0.1287	0.5187
000502	A	0.574551	0.636995	0.749567	0.5667	0.7080	0.3870	0.1310	0.6037	0.1173	0.5634
000503	A	0.623507	0.637977	0.750674	0.5802	0.6851	0.3730	0.1230	0.6085	0.1178	0.6043
000504	V	0.629852	0.626901	0.753386	0.5514	0.6906	0.3440	0.1220	0.5994	0.1298	0.6406
000505	A	0.645030	0.621784	0.760012	0.5296	0.6851	0.2780	0.1060	0.5867	0.1542	0.6642
000506	S	0.585630	0.612204	0.768146	0.5374	0.7080	0.2540	0.0930	0.5775	0.1639	0.6772
000507	G	0.535446	0.603545	0.778792	0.5173	0.6906	0.3280	0.1100	0.5757	0.1423	0.6896
000508	C	0.469757	0.627580	0.789950	0.5296	0.6991	0.3860	0.1260	0.5837	0.1370	0.7035
000509	L	0.419040	0.635918	0.803536	0.5374	0.7120	0.3820	0.1390	0.5817	0.1513	0.7184
000510	T	0.359017	0.656293	0.817373	0.5296	0.7120	0.4000	0.1430	0.5790	0.1651	0.7093
000511	R	0.303089	0.672385	0.830279	0.5549	0.6755	0.4050	0.1240	0.5735	0.1771	0.6999
000512	H	0.255104	0.671163	0.840478	0.5623	0.6755	0.4790	0.1400	0.5806	0.1832	0.6989
000513	A	0.249731	0.713352	0.847251	0.5412	0.6991	0.5750	0.1660	0.6043	0.1873	0.6824
000514	A	0.245000	0.745182	0.852989	0.5667	0.6948	0.6110	0.1880	0.6192	0.1911	0.6603
000515	R	0.272697	0.774882	0.858843	0.6174	0.7718	0.6540	0.1790	0.6582	0.1902	0.6393
000516	E	0.290444	0.796250	0.865702	0.6174	0.7843	0.6930	0.1680	0.6745	0.1891	0.6291
000517	H	0.320257	0.809711	0.873891	0.6219	0.7951	0.7210	0.1670	0.6902	0.1832	0.6333
000518	R	0.373959	0.826318	0.881486	0.6174	0.7916	0.7460	0.1450	0.7062	0.1695	0.6227
000519	Q	0.439420	0.837251	0.888367	0.6944	0.8828	0.7580	0.1420	0.7500	0.1549	0.6074
000520	N	0.486778	0.843478	0.892093	0.7275	0.9151	0.7820	0.1400	0.7745	0.1434	0.5857
000521	P	0.541011	0.845575	0.893409	0.7232	0.9126	0.7940	0.1290	0.7850	0.1259	0.5821
000522	V	0.607103	0.842885	0.893014	0.7192	0.9249	0.8180	0.1310	0.8008	0.1081	0.5797
000523	R	0.672437	0.842425	0.891352	0.7147	0.8421	0.8060	0.1480	0.7948	0.0767	0.5612
000524	G	0.728329	0.840300	0.888741	0.7573	0.8596	0.8120	0.1520	0.8143	0.0561	0.5358
000525	A	0.782165	0.837797	0.884661	0.7147	0.8050	0.8030	0.1620	0.8045	0.0518	0.5160
000526	H	0.810787	0.833975	0.878762	0.7111	0.7289	0.7990	0.1590	0.7938	0.0580	0.5044
000527	S	0.818255	0.826315	0.872411	0.6604	0.7289	0.8140	0.1590	0.7867	0.0706	0.4931
000528	Q	0.786982	0.820307	0.863524	0.6079	0.7120	0.8090	0.1680	0.7666	0.0843	0.4758
000529	G	0.761629	0.808689	0.853727	0.6035	0.7080	0.7860	0.1760	0.7535	0.0804	0.4699
000530	E	0.753367	0.796864	0.843016	0.5941	0.6991	0.7610	0.1740	0.7412	0.0790	0.4673
000531	S	0.713645	0.784672	0.833660	0.5992	0.6269	0.7460	0.1700	0.7174	0.0827	0.4712
000532	S	0.674946	0.774225	0.825960	0.5711	0.5992	0.7190	0.1740	0.6941	0.0903	0.4825
000533	P	0.636833	0.753755	0.819638	0.5711	0.6576	0.6820	0.1710	0.6868	0.0805	0.4933
000534	C	0.582332	0.714337	0.813888	0.5667	0.6531	0.6850	0.1930	0.6692	0.0832	0.5110
000535	T	0.582774	0.715062	0.807941	0.5623	0.6531	0.6440	0.1710	0.6608	0.0824	0.5539
000536	Y	0.567972	0.718004	0.800571	0.5941	0.6906	0.6510	0.1510	0.6705	0.0778	0.5955
000537	I	0.583559	0.711409	0.793498	0.5802	0.5951	0.6570	0.1470	0.6535	0.0782	0.6128
000538	T	0.607233	0.698607	0.785499	0.5802	0.5951	0.6170	0.1360	0.6473	0.0724	0.6249
000539	R	0.610187	0.709885	0.777604	0.5296	0.5901	0.6250	0.1490	0.6403	0.0813	0.6372
000540	R	0.625585	0.732010	0.768438	0.5253	0.5707	0.6550	0.1590	0.6462	0.0848	0.6447
000541	S	0.682447	0.734910	0.760381	0.5331	0.5758	0.6700	0.1740	0.6595	0.0811	0.6562
000542	V	0.728122	0.722077	0.753370	0.5084	0.5854	0.7090	0.1870	0.6678	0.0893	0.6668
000543	R	0.789828	0.740742	0.748048	0.5043	0.5176	0.7210	0.1920	0.6702	0.1146	0.6592
000544	T	0.818227	0.749923	0.742732	0.4781	0.4864	0.7380	0.1860	0.6688	0.1346	0.6607
000545	R	0.853230	0.757964	0.737422	0.5008	0.5419	0.7390	0.1720	0.6884	0.1249	0.6631
000546	T	0.877812	0.756457	0.731528	0.4879	0.5456	0.7480	0.1600	0.6912	0.1332	0.6691
000547	N	0.890635	0.754631	0.726243	0.4918	0.6712	0.7380	0.1500	0.7120	0.1188	0.6745
000548	L	0.905380	0.755742	0.721681	0.5374	0.7595	0.7520	0.1510	0.7386	0.1076	0.6984
000549	K	0.929595	0.749741	0.718132	0.5623	0.7595	0.6990	0.1640	0.7364	0.1081	0.7030
000550	E	0.883571	0.749721	0.714926	0.5623	0.6948	0.6610	0.1440	0.7110	0.0968	0.7079
000551	A	0.803243	0.752952	0.712958	0.5583	0.7036	0.7070	0.1350	0.7064	0.0748	0.7306
000552	S	0.696041	0.752104	0.713016	0.5043	0.7080	0.6370	0.1420	0.6684	0.0809	0.7379
000553	D	0.589273	0.762463	0.715234	0.5514	0.6755	0.5990	0.1350	0.6488	0.0748	0.7447
000554	I	0.481732	0.759268	0.719161	0.5514	0.6620	0.6580	0.1250	0.6385	0.0950	0.7668
000555	K	0.381201	0.757495	0.723673	0.5084	0.6620	0.6210	0.1240	0.6090	0.1292	0.7674
000556	L	0.331516	0.762218	0.728780	0.4918	0.6576	0.6200	0.1220	0.5986	0.1474	0.7726
000557	E	0.290735	0.775087	0.734532	0.5008	0.5992	0.5100	0.1190	0.5684	0.1614	0.7546
000558	P	0.220510	0.779864	0.740415	0.5008	0.5854	0.4830	0.1130	0.5517	0.1852	0.7466
000559	N	0.184859	0.782570	0.748396	0.4967	0.6661	0.5180	0.1180	0.5661	0.2011	0.7319
000560	T	0.183715	0.788806	0.757242	0.5008	0.7036	0.5370	0.1260	0.5786	0.2063	0.7343
000561	L	0.227643	0.791214	0.767147	0.5126	0.5707	0.5570	0.1090	0.5710	0.1864	0.7352
000562	N	0.312990	0.785280	0.776055	0.5623	0.6269	0.5410	0.1040	0.6008	0.1598	0.6984
000563	G	0.399592	0.789890	0.784899	0.5008	0.6427	0.5430	0.1060	0.6102	0.1441	0.6726
000564	Y	0.491141	0.793570	0.794485	0.5253	0.6322	0.5770	0.1020	0.6357	0.1202	0.6440
000565	K	0.528642	0.798221	0.804821	0.5900	0.7080	0.5380	0.0950	0.6613	0.1150	0.5902
000566	S	0.560697	0.802024	0.815440	0.6035	0.7250	0.5890	0.1010	0.6826	0.1029	0.5555
000567	S	0.628777	0.818460	0.826687	0.6516	0.7916	0.6120	0.1090	0.7215	0.0921	0.5114
000568	V	0.697012	0.830538	0.838012	0.6650	0.7289	0.6170	0.1240	0.7294	0.0815	0.4824
000569	T	0.770789	0.839231	0.849997	0.6442	0.7036	0.6280	0.1120	0.7393	0.0875	0.4465
000570	E	0.823201	0.846634	0.861939	0.6079	0.7250	0.6610	0.1300	0.7543	0.0965	0.4140
000571	P	0.834461	0.855767	0.873887	0.6174	0.7036	0.6780	0.1490	0.7605	0.0982	0.3839
000572	C	0.850754	0.860804	0.883838	0.6870	0.7916	0.6860	0.1440	0.7934	0.0804	0.3582
000573	P	0.855047	0.865994	0.892164	0.6681	0.7331	0.6540	0.1360	0.7781	0.0968	0.3729
000574	D	0.874913	0.870984	0.899570	0.6827	0.6712	0.6940	0.1200	0.7823	0.1002	0.3955
000575	S	0.897732	0.876027	0.907404	0.6984	0.7672	0.6840	0.1230	0.8052	0.0926	0.4409
000576	G	0.910151	0.879636	0.914851	0.6789	0.7843	0.6800	0.1230	0.8080	0.1005	0.5012
000577	E	0.913237	0.881092	0.921795	0.6827	0.7951	0.6830	0.1150	0.8128	0.1006	0.5558
000578	Q	0.905845	0.885908	0.927626	0.6906	0.8013	0.7190	0.1210	0.8217	0.0919	0.6147
000579	L	0.910768	0.887084	0.933161	0.7418	0.7982	0.7420	0.1200	0.8356	0.0782	0.6708
000580	Q	0.912276	0.890076	0.938201	0.7501	0.7881	0.7300	0.1380	0.8348	0.0818	0.7143
000581	P	0.904186	0.893090	0.942908	0.7111	0.7881	0.7220	0.1630	0.8270	0.0910	0.7633
000582	A	0.900842	0.900345	0.946795	0.6715	0.7672	0.7300	0.1820	0.8195	0.1016	0.8069
000583	P	0.894018	0.903446	0.949004	0.7418	0.8655	0.7030	0.2020	0.8428	0.0892	0.8360
000584	V	0.880828	0.908757	0.949647	0.7232	0.8279	0.7310	0.1970	0.8369	0.0856	0.8521
000585	L	0.871172	0.915924	0.949225	0.6984	0.8235	0.7120	0.2070	0.8284	0.0953	0.8583
000586	Q	0.866910	0.918981	0.948943	0.6827	0.8198	0.6940	0.2100	0.8219	0.1028	0.8431
000587	E	0.860459	0.924946	0.948896	0.6870	0.8198	0.6740	0.2150	0.8192	0.1067	0.8274
000588	E	0.832885	0.928267	0.948570	0.6681	0.8162	0.6430	0.2190	0.8061	0.1168	0.8152
000589	E	0.802341	0.927482	0.948076	0.6681	0.7951	0.6130	0.1980	0.7924	0.1226	0.8022
000590	L	0.731459	0.927511	0.948010	0.7034	0.8375	0.6200	0.1920	0.7946	0.1197	0.7963
000591	A	0.669014	0.930611	0.948591	0.6789	0.7163	0.6090	0.1790	0.7587	0.1318	0.7722
000592	H	0.613289	0.934816	0.949476	0.6557	0.6991	0.6130	0.1540	0.7442	0.1430	0.7300
000593	E	0.558191	0.933876	0.950751	0.6035	0.7120	0.5850	0.1380	0.7238	0.1618	0.6764
000594	T	0.505255	0.936270	0.952368	0.5992	0.6755	0.6160	0.1440	0.7142	0.1703	0.6241
000595	A	0.436614	0.942254	0.954205	0.6255	0.7289	0.6030	0.1430	0.7151	0.1857	0.5790
000596	Q	0.353995	0.942434	0.955900	0.6604	0.7799	0.6200	0.1390	0.7187	0.2067	0.5308
000597	K	0.279653	0.944995	0.957306	0.6516	0.7718	0.6480	0.1280	0.7089	0.2283	0.5034
000598	G	0.211258	0.947060	0.958169	0.6374	0.7505	0.6900	0.1130	0.6991	0.2494	0.4837
000599	E	0.214458	0.949070	0.958641	0.6334	0.7369	0.7170	0.1110	0.7015	0.2486	0.4799
000600	A	0.251039	0.949048	0.959002	0.6174	0.7209	0.7420	0.1280	0.7066	0.2379	0.4800
000601	K	0.316782	0.948130	0.959431	0.6442	0.7628	0.7350	0.1180	0.7277	0.2158	0.4554
000602	C	0.384013	0.944611	0.959855	0.6474	0.7718	0.7780	0.1360	0.7476	0.1948	0.4558
000603	H	0.447232	0.944381	0.960355	0.6334	0.7595	0.7760	0.1390	0.7534	0.1770	0.4694
000604	K	0.524426	0.943700	0.960816	0.6219	0.7505	0.8080	0.1440	0.7682	0.1584	0.4757
000605	S	0.620319	0.944901	0.960926	0.6293	0.7628	0.8170	0.1500	0.7892	0.1350	0.4912
000606	D	0.726765	0.945030	0.960533	0.6516	0.7799	0.8180	0.1530	0.8135	0.1109	0.5011
000607	T	0.826687	0.943475	0.960335	0.6604	0.7595	0.8250	0.1500	0.8293	0.1030	0.5153
000608	G	0.905419	0.943547	0.960408	0.6650	0.7120	0.8390	0.1480	0.8375	0.1129	0.5287
000609	M	0.933605	0.943563	0.960484	0.6557	0.6576	0.8520	0.1410	0.8339	0.1298	0.5550
000610	S	0.931494	0.942433	0.959773	0.6293	0.6375	0.8530	0.1420	0.8256	0.1400	0.5529
000611	K	0.929117	0.940045	0.958692	0.6174	0.6661	0.8500	0.1310	0.8268	0.1359	0.5407
000612	K	0.922641	0.937343	0.957834	0.6174	0.5707	0.8450	0.1310	0.8085	0.1562	0.5474
000613	K	0.909788	0.935370	0.957420	0.6984	0.6851	0.8360	0.1330	0.8370	0.1094	0.5799
000614	S	0.882589	0.932014	0.957450	0.6219	0.6620	0.8400	0.1280	0.8161	0.1290	0.6249
000615	R	0.850142	0.929349	0.957335	0.6124	0.5951	0.8050	0.1500	0.7915	0.1419	0.6686
000616	Q	0.823151	0.927522	0.956671	0.6124	0.6043	0.7710	0.1450	0.7825	0.1377	0.7180
000617	G	0.792051	0.921996	0.955000	0.5667	0.6043	0.7210	0.1620	0.7601	0.1463	0.7620
000618	K	0.729175	0.916246	0.953013	0.5762	0.6043	0.6590	0.1480	0.7396	0.1463	0.7999
000619	L	0.636624	0.908553	0.950927	0.5762	0.5992	0.6480	0.1460	0.7199	0.1507	0.8371
000620	V	0.585292	0.903742	0.948986	0.5900	0.6482	0.6370	0.1360	0.7189	0.1490	0.8456
000621	K	0.537883	0.907109	0.946534	0.5762	0.5951	0.6750	0.1220	0.7063	0.1616	0.8528
000622	Q	0.456712	0.907586	0.943777	0.6219	0.6183	0.6950	0.1150	0.7073	0.1704	0.8717
000623	F	0.392699	0.906260	0.940119	0.5846	0.6322	0.7100	0.1210	0.6944	0.1882	0.8905
000624	A	0.318172	0.903851	0.936229	0.6079	0.6375	0.7010	0.1150	0.6840	0.2058	0.8880
000625	K	0.276755	0.903538	0.932241	0.6174	0.6806	0.7060	0.1070	0.6861	0.2162	0.8755
000626	I	0.258805	0.905106	0.928619	0.6079	0.6806	0.7280	0.1020	0.6849	0.2226	0.8674
000627	E	0.287894	0.903424	0.924712	0.6219	0.6576	0.7120	0.0990	0.6846	0.2115	0.8397
000628	E	0.367317	0.899433	0.921148	0.6293	0.6620	0.7170	0.0940	0.6993	0.1853	0.8075
000629	S	0.410697	0.897954	0.917865	0.6255	0.6806	0.7320	0.0970	0.7108	0.1716	0.7754
000630	T	0.465315	0.895783	0.915092	0.6681	0.7250	0.7360	0.0930	0.7342	0.1503	0.7351
000631	P	0.557454	0.892418	0.912499	0.7111	0.7289	0.7410	0.1050	0.7571	0.1194	0.7235
000632	V	0.652502	0.892883	0.909666	0.6984	0.7718	0.7730	0.1000	0.7830	0.0936	0.7282
000633	H	0.758876	0.893426	0.906142	0.6442	0.7672	0.7850	0.1000	0.7924	0.0884	0.7072
000634	D	0.831675	0.893714	0.901699	0.7232	0.7982	0.8090	0.0960	0.8263	0.0605	0.6698
000635	S	0.875528	0.892054	0.897144	0.7501	0.8050	0.8310	0.1070	0.8418	0.0526	0.6654
000636	P	0.913666	0.892594	0.893025	0.7111	0.8125	0.8290	0.1170	0.8419	0.0689	0.6830
000637	G	0.927630	0.891447	0.889573	0.7275	0.8894	0.8370	0.1240	0.8605	0.0650	0.6944
000638	K	0.929638	0.891353	0.886277	0.7275	0.8920	0.8450	0.1300	0.8619	0.0649	0.7196
000639	D	0.926036	0.888058	0.883135	0.7418	0.8872	0.8510	0.1290	0.8629	0.0584	0.7504
000640	D	0.933003	0.885258	0.880213	0.7388	0.8920	0.8560	0.1340	0.8642	0.0606	0.7763
000641	A	0.931266	0.881330	0.877369	0.7501	0.9013	0.8640	0.1280	0.8675	0.0567	0.7994
000642	V	0.927471	0.877484	0.874377	0.7388	0.8853	0.8770	0.1100	0.8634	0.0586	0.8089
000643	P	0.921272	0.863823	0.870864	0.7951	0.9168	0.8710	0.1150	0.8731	0.0417	0.8058
000644	D	0.917612	0.854404	0.867196	0.7772	0.9168	0.8730	0.1180	0.8677	0.0471	0.8077
000645	L	0.911613	0.840833	0.863392	0.7912	0.9126	0.8790	0.1130	0.8665	0.0422	0.8167
000646	M	0.907674	0.848086	0.860283	0.7817	0.9151	0.8750	0.1160	0.8647	0.0441	0.8080
000647	G	0.912901	0.846165	0.857716	0.7540	0.8942	0.8730	0.1150	0.8564	0.0508	0.7793
000648	P	0.917616	0.850689	0.855480	0.7501	0.8623	0.8710	0.1160	0.8513	0.0503	0.7438
000649	H	0.914382	0.856500	0.852434	0.7418	0.8681	0.8760	0.1120	0.8516	0.0531	0.7124
000650	S	0.914444	0.862840	0.849772	0.6906	0.8235	0.8770	0.1120	0.8364	0.0707	0.6702
000651	D	0.917852	0.866265	0.847935	0.6789	0.8493	0.8700	0.1170	0.8384	0.0750	0.6351
000652	Q	0.926707	0.866747	0.847497	0.6604	0.8198	0.8750	0.1120	0.8327	0.0835	0.6009
000653	G	0.931230	0.866931	0.846768	0.7192	0.8565	0.8750	0.1110	0.8493	0.0641	0.5815
000654	E	0.918722	0.863484	0.845938	0.6604	0.7595	0.8780	0.1030	0.8210	0.0864	0.5720
000655	H	0.889507	0.862514	0.844143	0.6442	0.7505	0.8760	0.1050	0.8111	0.0872	0.5743
000656	S	0.883634	0.856142	0.841164	0.6219	0.8050	0.8670	0.1100	0.8124	0.0886	0.5660
000657	G	0.872644	0.852577	0.836912	0.6334	0.7163	0.8680	0.1070	0.7967	0.0902	0.5735
000658	T	0.875345	0.848268	0.832470	0.6442	0.6948	0.8620	0.1160	0.7928	0.0894	0.5917
000659	V	0.877889	0.840208	0.827998	0.5331	0.6948	0.8540	0.1360	0.7714	0.1217	0.6207
000660	G	0.877085	0.827174	0.823895	0.5084	0.6806	0.8240	0.1510	0.7569	0.1265	0.6347
000661	V	0.855628	0.823547	0.819803	0.5253	0.7209	0.7960	0.1740	0.7568	0.1115	0.6505
000662	P	0.858020	0.807630	0.816007	0.5008	0.6620	0.7740	0.1880	0.7364	0.1215	0.6487
000663	V	0.869428	0.815598	0.812801	0.5008	0.6482	0.7570	0.1710	0.7340	0.1248	0.6540
000664	S	0.880425	0.824667	0.810491	0.4600	0.5382	0.7510	0.1740	0.7108	0.1560	0.6440
000665	Y	0.865694	0.824670	0.809287	0.4379	0.5254	0.7340	0.1770	0.6996	0.1609	0.6313
000666	T	0.871402	0.823712	0.808800	0.3578	0.4725	0.6620	0.1660	0.6660	0.1914	0.6019
000667	D	0.848303	0.824088	0.807428	0.3491	0.4330	0.5990	0.1360	0.6434	0.1977	0.5886
000668	C	0.845283	0.825313	0.805485	0.3053	0.4256	0.6090	0.1210	0.6360	0.2093	0.5803
000669	A	0.745425	0.824170	0.802437	0.2748	0.4292	0.5470	0.1160	0.6039	0.2041	0.5744
000670	P	0.660183	0.799022	0.800373	0.3005	0.4725	0.4580	0.1140	0.5818	0.1860	0.5590
000671	S	0.555477	0.798604	0.798869	0.2913	0.4685	0.4410	0.1290	0.5589	0.1866	0.5485
000672	P	0.461208	0.805889	0.797669	0.3263	0.4256	0.3610	0.1080	0.5296	0.1973	0.5388
000673	V	0.385987	0.792118	0.795686	0.2963	0.3948	0.3690	0.1020	0.5056	0.2063	0.5439
000674	G	0.308237	0.780348	0.793185	0.2531	0.4292	0.3810	0.1200	0.4908	0.2164	0.5341
000675	C	0.208746	0.761680	0.789447	0.2483	0.4256	0.3920	0.1280	0.4710	0.2282	0.5294
000676	S	0.125815	0.786566	0.783900	0.3053	0.4940	0.4200	0.1060	0.4859	0.2401	0.5286
000677	V	0.024037	0.764629	0.776430	0.3096	0.4940	0.5050	0.0930	0.4790	0.2603	0.5307
000678	V	0.018760	0.744950	0.769225	0.2913	0.4087	0.6080	0.1150	0.4734	0.2656	0.5201
000679	T	0.016939	0.724039	0.762563	0.3806	0.5055	0.6650	0.1090	0.5091	0.2561	0.5077
000680	S	0.016619	0.751700	0.757904	0.3263	0.5176	0.7050	0.1080	0.5126	0.2693	0.4997
000681	D	0.022167	0.751780	0.753983	0.3146	0.4685	0.7560	0.0920	0.5111	0.2757	0.4936
000682	S	0.079393	0.769614	0.750810	0.3053	0.4685	0.7770	0.0940	0.5252	0.2660	0.4916
000683	F	0.150976	0.790259	0.747635	0.2531	0.4330	0.8190	0.1000	0.5323	0.2672	0.4886
000684	K	0.239832	0.799159	0.744999	0.2913	0.4685	0.7430	0.1210	0.5478	0.2262	0.4756
000685	T	0.341902	0.807752	0.743848	0.2865	0.4652	0.7260	0.1390	0.5618	0.2057	0.4678
000686	K	0.442270	0.809033	0.744115	0.3717	0.5493	0.6860	0.1450	0.6004	0.1589	0.4622
000687	D	0.540425	0.808087	0.746358	0.3717	0.5577	0.7150	0.1320	0.6232	0.1484	0.4547
000688	S	0.645306	0.805973	0.750222	0.4116	0.6183	0.7310	0.1280	0.6605	0.1279	0.4507
000689	F	0.709818	0.805054	0.754692	0.4651	0.5992	0.7870	0.1010	0.6868	0.1197	0.4515
000690	R	0.808357	0.803809	0.759208	0.4879	0.5992	0.7840	0.1160	0.7070	0.1210	0.4496
000691	T	0.856922	0.805884	0.763114	0.4245	0.6136	0.8310	0.1230	0.7159	0.1522	0.4423
000692	A	0.893697	0.807924	0.766888	0.4203	0.5296	0.8500	0.1240	0.7115	0.1745	0.4390
000693	K	0.914827	0.812830	0.770229	0.4379	0.5342	0.8560	0.1270	0.7210	0.1740	0.4360
000694	S	0.920250	0.809547	0.773789	0.4600	0.6136	0.8650	0.1220	0.7403	0.1573	0.4332
000695	K	0.927581	0.809750	0.777359	0.4458	0.6322	0.8440	0.1430	0.7394	0.1583	0.4374
000696	K	0.939421	0.801618	0.781098	0.4379	0.5707	0.8310	0.1440	0.7270	0.1696	0.4437
000697	K	0.944753	0.794990	0.784279	0.4600	0.5139	0.8330	0.1450	0.7219	0.1747	0.4580
000698	R	0.989967	0.784351	0.788039	0.4149	0.4582	0.8280	0.1470	0.7106	0.2059	0.4834
000699	R	0.995247	0.775365	0.791731	0.3762	0.4652	0.8200	0.1480	0.7040	0.2143	0.5160
000700	I	0.995315	0.763130	0.795547	0.4078	0.5620	0.8010	0.1630	0.7208	0.1881	0.5459
000701	T	0.994945	0.743673	0.797683	0.3847	0.5620	0.7630	0.1790	0.7077	0.1917	0.5715
000702	R	0.981248	0.723001	0.798300	0.4078	0.5665	0.7710	0.1570	0.7081	0.1813	0.6033
000703	Y	0.968603	0.705908	0.797776	0.4420	0.5854	0.7670	0.1540	0.7111	0.1659	0.6315
000704	D	0.901021	0.721917	0.796667	0.4420	0.5176	0.7060	0.1540	0.6809	0.1570	0.6486
000705	A	0.830750	0.728552	0.795043	0.4513	0.5533	0.6840	0.1500	0.6738	0.1332	0.6767
000706	Q	0.742362	0.746536	0.794504	0.3939	0.5533	0.6870	0.1350	0.6530	0.1384	0.7004
000707	L	0.671274	0.738047	0.795561	0.4333	0.4979	0.7180	0.1170	0.6423	0.1315	0.7208
000708	I	0.601225	0.756565	0.799025	0.4420	0.4979	0.7200	0.1110	0.6361	0.1330	0.7301
000709	L	0.531494	0.783123	0.802800	0.3885	0.4369	0.7170	0.1110	0.6099	0.1652	0.7198
000710	E	0.457494	0.794079	0.808446	0.3762	0.4330	0.6820	0.1230	0.5918	0.1759	0.6986
000711	N	0.396493	0.802543	0.814213	0.3939	0.4901	0.7150	0.1250	0.6020	0.1807	0.6865
000712	N	0.340748	0.810177	0.819980	0.4078	0.4979	0.7590	0.1030	0.6059	0.1967	0.6872
000713	S	0.345019	0.809188	0.824206	0.4037	0.4940	0.7990	0.1030	0.6125	0.2031	0.6900
000714	G	0.365110	0.825525	0.827104	0.4651	0.5758	0.8040	0.0950	0.6437	0.1855	0.7010
000715	I	0.446759	0.823692	0.830072	0.4918	0.5707	0.8000	0.0980	0.6605	0.1618	0.7167
000716	P	0.513116	0.834107	0.833006	0.5084	0.5901	0.7430	0.0830	0.6702	0.1390	0.7096
000717	K	0.578816	0.835085	0.836369	0.4918	0.5707	0.7650	0.0750	0.6796	0.1374	0.6978
000718	L	0.646311	0.845881	0.839186	0.5473	0.6269	0.8110	0.0560	0.7195	0.1171	0.6857
000719	T	0.718704	0.852911	0.840245	0.5941	0.6948	0.8260	0.0520	0.7545	0.0938	0.6658
000720	L	0.788630	0.866964	0.839621	0.6412	0.7672	0.8600	0.0450	0.7940	0.0773	0.6617
000721	R	0.852987	0.873690	0.836921	0.6474	0.7628	0.8720	0.0440	0.8077	0.0808	0.6455
000722	R	0.913562	0.883746	0.832279	0.6442	0.7718	0.9080	0.0450	0.8255	0.0946	0.6174
000723	R	0.958191	0.893440	0.825841	0.6334	0.7718	0.9210	0.0440	0.8339	0.1085	0.5858
000724	H	0.908722	0.899419	0.818125	0.6557	0.7843	0.9250	0.0460	0.8319	0.0937	0.5438
000725	D	0.862012	0.904736	0.810139	0.6516	0.7916	0.9310	0.0450	0.8252	0.0916	0.4853
000726	S	0.818330	0.907453	0.801855	0.7111	0.8530	0.9370	0.0370	0.8381	0.0738	0.4334
000727	S	0.781576	0.910177	0.792412	0.6715	0.8085	0.9460	0.0310	0.8183	0.0898	0.3925
000728	S	0.775065	0.913218	0.781029	0.6681	0.8198	0.9410	0.0360	0.8164	0.0912	0.3643
000729	K	0.765611	0.916784	0.768249	0.6984	0.8713	0.9330	0.0400	0.8256	0.0866	0.3343
000730	T	0.756992	0.920329	0.754731	0.7111	0.8713	0.9290	0.0400	0.8239	0.0862	0.3119
000731	N	0.748699	0.918797	0.741438	0.7573	0.9013	0.9330	0.0360	0.8335	0.0850	0.2923
000732	D	0.701151	0.919888	0.728217	0.7540	0.8596	0.9350	0.0370	0.8163	0.0927	0.2849
000733	Q	0.678616	0.921375	0.716295	0.7540	0.8565	0.9260	0.0450	0.8087	0.0976	0.2910
000734	E	0.651317	0.921011	0.705896	0.6944	0.8013	0.9050	0.0610	0.7798	0.1043	0.2969
000735	N	0.598868	0.923331	0.697939	0.6870	0.7843	0.8900	0.0730	0.7636	0.1149	0.3175
000736	D	0.590471	0.922809	0.691697	0.6442	0.7163	0.8840	0.0780	0.7416	0.1216	0.3481
000737	G	0.538006	0.920778	0.686033	0.6442	0.7163	0.9100	0.0630	0.7359	0.1384	0.3922
000738	M	0.516460	0.921405	0.680281	0.5992	0.7036	0.9170	0.0640	0.7230	0.1513	0.4407
000739	N	0.468883	0.926571	0.673223	0.5900	0.7163	0.9100	0.0700	0.7142	0.1638	0.4693
000740	S	0.444080	0.930076	0.666243	0.5846	0.7289	0.9020	0.0810	0.7092	0.1702	0.4999
000741	S	0.430461	0.929894	0.658526	0.5941	0.7369	0.8930	0.0850	0.7072	0.1717	0.5388
000742	K	0.442609	0.929033	0.651245	0.6035	0.7369	0.8760	0.0940	0.7066	0.1646	0.5724
000743	I	0.419414	0.929539	0.643955	0.6124	0.7369	0.8750	0.0980	0.7029	0.1704	0.6025
000744	S	0.409593	0.927923	0.637187	0.5846	0.7289	0.8570	0.1020	0.6909	0.1725	0.6138
000745	I	0.346731	0.924932	0.630884	0.5846	0.7250	0.8690	0.1020	0.6802	0.1916	0.6235
000746	K	0.297481	0.923495	0.624908	0.5802	0.6482	0.8380	0.1040	0.6521	0.2000	0.6134
000747	L	0.222942	0.917545	0.618515	0.5900	0.5665	0.8380	0.0970	0.6256	0.2226	0.6168
000748	S	0.173583	0.910657	0.611565	0.5331	0.5211	0.8080	0.0810	0.5929	0.2352	0.6091
000749	K	0.100390	0.905323	0.603789	0.4879	0.5176	0.7900	0.0750	0.5675	0.2556	0.6085
000750	D	0.056194	0.898119	0.596245	0.4379	0.4979	0.7890	0.0680	0.5459	0.2707	0.6212
000751	H	0.011960	0.892957	0.588833	0.4116	0.4441	0.7940	0.0580	0.5240	0.2871	0.6336
000752	D	0.002974	0.888252	0.582404	0.4116	0.4541	0.8020	0.0490	0.5235	0.2893	0.6447
000753	N	0.002373	0.883715	0.578217	0.3456	0.4725	0.7950	0.0540	0.5129	0.2920	0.6562
000754	D	0.002288	0.878761	0.575762	0.4116	0.5296	0.7740	0.0510	0.5287	0.2817	0.6670
000755	N	0.002095	0.875049	0.573604	0.4149	0.4441	0.7820	0.0570	0.5154	0.2836	0.6851
000756	N	0.004165	0.866982	0.569042	0.4703	0.5017	0.7810	0.0630	0.5321	0.2765	0.7159
000757	L	0.004942	0.856801	0.563082	0.3939	0.5139	0.7930	0.0660	0.5210	0.2802	0.7485
000758	Y	0.008990	0.844899	0.558108	0.4420	0.5707	0.7820	0.0730	0.5345	0.2721	0.7613
000759	V	0.014185	0.832070	0.555912	0.4379	0.5707	0.7340	0.0950	0.5242	0.2613	0.7597
000760	A	0.023353	0.827554	0.556395	0.4379	0.5854	0.7310	0.1100	0.5270	0.2575	0.7429
000761	K	0.061116	0.812047	0.558634	0.4333	0.5758	0.7340	0.1000	0.5292	0.2427	0.7150
000762	L	0.073182	0.802333	0.562056	0.4149	0.5665	0.7240	0.0850	0.5238	0.2365	0.6875
000763	N	0.078706	0.804909	0.567565	0.4149	0.5577	0.6780	0.0930	0.5170	0.2294	0.6472
000764	N	0.080838	0.808850	0.574081	0.4149	0.5456	0.6610	0.0970	0.5142	0.2275	0.6108
000765	G	0.098851	0.809681	0.581953	0.4149	0.5254	0.6780	0.0960	0.5181	0.2240	0.5757
000766	F	0.128621	0.814460	0.588925	0.4116	0.4619	0.7010	0.0840	0.5178	0.2209	0.5405
000767	N	0.142628	0.823114	0.595095	0.4037	0.4409	0.7000	0.0720	0.5176	0.2207	0.4912
000768	S	0.155414	0.828961	0.600485	0.4037	0.4369	0.7120	0.0710	0.5230	0.2207	0.4459
000769	G	0.187381	0.830576	0.606791	0.4556	0.5139	0.7270	0.0820	0.5535	0.2061	0.4190
000770	S	0.165585	0.831641	0.613832	0.4333	0.4940	0.7600	0.0740	0.5497	0.2205	0.4058
000771	G	0.174381	0.831864	0.620874	0.4749	0.5017	0.7720	0.0820	0.5626	0.2167	0.4069
000772	S	0.236290	0.833397	0.627332	0.4149	0.5055	0.7870	0.0810	0.5674	0.2079	0.4114
000773	S	0.319415	0.830716	0.633290	0.4703	0.5758	0.7750	0.0700	0.6007	0.1737	0.4140
000774	S	0.406243	0.821105	0.639027	0.4651	0.5758	0.7980	0.0460	0.6176	0.1550	0.4245
000775	T	0.482727	0.816015	0.644145	0.4651	0.5758	0.8000	0.0720	0.6306	0.1387	0.4321
000776	K	0.572155	0.808836	0.648943	0.4703	0.5901	0.8020	0.0750	0.6487	0.1226	0.4391
000777	L	0.658218	0.802747	0.652483	0.5473	0.6906	0.7810	0.0930	0.6887	0.0854	0.4456
000778	K	0.720824	0.793513	0.655652	0.5412	0.6806	0.7180	0.1300	0.6849	0.0771	0.4475
000779	I	0.800600	0.775683	0.657888	0.5374	0.6851	0.7530	0.1360	0.7016	0.0886	0.4494
000780	Q	0.874683	0.766868	0.660669	0.5412	0.6089	0.7840	0.1260	0.7060	0.1132	0.4438
000781	L	0.898177	0.771312	0.663903	0.5412	0.6136	0.8200	0.1160	0.7180	0.1230	0.4443
000782	K	0.900612	0.775388	0.668664	0.4879	0.6269	0.7720	0.1350	0.7053	0.1306	0.4337
000783	R	0.875616	0.771981	0.674128	0.4825	0.6322	0.7400	0.1570	0.6960	0.1225	0.4257
000784	D	0.853219	0.775152	0.679785	0.4918	0.5620	0.7250	0.1460	0.6812	0.1228	0.4186
000785	E	0.834099	0.779261	0.685268	0.4918	0.5707	0.7240	0.1540	0.6808	0.1175	0.4185
000786	E	0.818855	0.775049	0.692195	0.4379	0.5854	0.6990	0.1770	0.6681	0.1262	0.4206
000787	N	0.798574	0.779453	0.701723	0.4379	0.6136	0.6790	0.2220	0.6684	0.1202	0.4227
000788	R	0.781834	0.781769	0.714666	0.5008	0.6906	0.6630	0.2230	0.6888	0.0949	0.4253
000789	G	0.766647	0.779904	0.728473	0.5043	0.6482	0.6530	0.2110	0.6801	0.0935	0.4376
000790	S	0.746426	0.779608	0.741581	0.5667	0.6322	0.6130	0.1830	0.6798	0.0794	0.4573
000791	Y	0.739901	0.779313	0.752616	0.5126	0.5254	0.6240	0.1820	0.6557	0.1082	0.4835
000792	T	0.729953	0.773553	0.763222	0.5084	0.5901	0.5650	0.1750	0.6551	0.1042	0.4938
000793	E	0.710167	0.773257	0.774013	0.4651	0.6136	0.5460	0.1780	0.6470	0.1158	0.5146
000794	G	0.678510	0.773820	0.784160	0.4651	0.6712	0.5480	0.1730	0.6535	0.1148	0.5351
000795	L	0.625493	0.775436	0.793112	0.4749	0.5901	0.5820	0.1700	0.6402	0.1119	0.5595
000796	H	0.589798	0.771146	0.800784	0.5008	0.5758	0.5430	0.1430	0.6302	0.1140	0.5770
000797	E	0.558657	0.786863	0.809345	0.4513	0.5055	0.5250	0.1330	0.6062	0.1396	0.5922
000798	N	0.553380	0.791811	0.818671	0.4556	0.4441	0.5070	0.1290	0.5951	0.1530	0.6193
000799	G	0.557458	0.789936	0.828336	0.4245	0.4619	0.5120	0.1380	0.5957	0.1568	0.6628
000800	V	0.551164	0.795759	0.837121	0.3939	0.4619	0.5370	0.1490	0.5962	0.1645	0.7042
000801	C	0.548892	0.798433	0.845710	0.4149	0.4507	0.5350	0.1430	0.5989	0.1649	0.7292
000802	C	0.553850	0.810151	0.853698	0.4749	0.4940	0.4850	0.1270	0.6119	0.1581	0.7473
000803	S	0.569614	0.812890	0.861678	0.4513	0.5055	0.4450	0.1150	0.6076	0.1681	0.7815
000804	D	0.567893	0.811150	0.869328	0.4282	0.4541	0.4500	0.1200	0.5967	0.1787	0.8106
000805	P	0.561379	0.815626	0.876948	0.4556	0.4619	0.4500	0.1070	0.6035	0.1766	0.8410
000806	L	0.553844	0.826429	0.884258	0.4781	0.5254	0.5380	0.1090	0.6344	0.1588	0.8657
000807	S	0.496190	0.835326	0.891021	0.5043	0.4685	0.6000	0.0940	0.6326	0.1688	0.8817
000808	L	0.475210	0.847395	0.898031	0.5229	0.4541	0.6590	0.0870	0.6428	0.1757	0.8997
000809	L	0.485870	0.856011	0.905187	0.4781	0.4652	0.6800	0.0810	0.6451	0.1821	0.9035
000810	E	0.504217	0.868071	0.913120	0.4781	0.4119	0.7010	0.0680	0.6460	0.1944	0.8955
000811	S	0.519197	0.878417	0.921119	0.5412	0.4685	0.7340	0.0570	0.6771	0.1781	0.8906
000812	R	0.522635	0.890333	0.929233	0.5583	0.5533	0.7490	0.0380	0.7005	0.1654	0.8912
000813	M	0.580198	0.901057	0.937278	0.6442	0.6620	0.7680	0.0430	0.7487	0.1329	0.9001
000814	E	0.636728	0.914233	0.945431	0.6681	0.6620	0.7810	0.0450	0.7679	0.1235	0.8991
000815	V	0.702333	0.924284	0.953438	0.6827	0.6531	0.8070	0.0570	0.7872	0.1176	0.8972
000816	D	0.794539	0.932278	0.961639	0.6604	0.6136	0.8250	0.0540	0.7979	0.1281	0.8867
000817	D	0.847921	0.942598	0.969605	0.6870	0.7036	0.8520	0.0680	0.8338	0.1075	0.8743
000818	Y	0.869663	0.951333	0.977042	0.7111	0.7036	0.8810	0.0800	0.8489	0.1068	0.8663
000819	S	0.890754	0.956056	0.982481	0.7644	0.7628	0.8870	0.0830	0.8739	0.0850	0.8399
000820	Q	0.915559	0.959312	0.986736	0.8001	0.8198	0.9040	0.0820	0.8975	0.0679	0.8199
000821	Y	0.949792	0.963418	0.990675	0.7817	0.8050	0.9090	0.0970	0.8999	0.0794	0.8066
000822	E	0.968769	0.969658	0.995159	0.7817	0.8198	0.8950	0.1200	0.9050	0.0806	0.7784
000823	E	0.981536	0.975929	0.999145	0.8074	0.8313	0.8900	0.1320	0.9143	0.0757	0.7452
000824	E	0.986073	0.981027	1.002472	0.8488	0.8530	0.8940	0.1300	0.9276	0.0643	0.7003
000825	S	0.988035	0.984814	1.005234	0.8391	0.8565	0.8990	0.1240	0.9287	0.0667	0.6616
000826	T	0.991600	0.987001	1.008342	0.8781	0.8966	0.9060	0.1160	0.9446	0.0521	0.6256
000827	D	0.994864	0.989065	1.011616	0.8823	0.9013	0.9040	0.1200	0.9472	0.0522	0.6011
000828	D	0.996159	0.989332	1.014392	0.8857	0.9013	0.9040	0.1200	0.9486	0.0523	0.5742
000829	S	0.997321	0.989103	1.016640	0.9280	0.9362	0.9060	0.1200	0.9621	0.0408	0.5473
000830	S	0.998172	0.989141	1.018440	0.9392	0.9057	0.9040	0.1230	0.9591	0.0451	0.5357
000831	S	0.998454	0.988979	1.020124	0.9392	0.8991	0.9090	0.1160	0.9591	0.0460	0.5366
000832	S	0.998809	0.988105	1.021528	0.9369	0.9346	0.9020	0.1270	0.9636	0.0420	0.5397
000833	E	0.999289	0.986898	1.022484	0.9316	0.9329	0.8960	0.1340	0.9615	0.0444	0.5575
000834	G	0.999176	0.984299	1.022686	0.9257	0.8681	0.9040	0.1210	0.9507	0.0552	0.5737
000835	D	0.998952	0.981610	1.021514	0.9180	0.8713	0.9080	0.1130	0.9499	0.0540	0.5990
000836	E	0.998751	0.977097	1.019412	0.8823	0.8792	0.9030	0.1150	0.9433	0.0569	0.6232
000837	E	0.998382	0.972609	1.016865	0.9068	0.8853	0.9030	0.1110	0.9472	0.0508	0.6461
000838	E	0.997489	0.968238	1.013983	0.8984	0.8013	0.9110	0.0960	0.9317	0.0719	0.6684
000839	D	0.996850	0.963441	1.010653	0.8920	0.7250	0.9120	0.0870	0.9167	0.0956	0.7008
000840	D	0.996423	0.959970	1.006194	0.8488	0.7672	0.9180	0.0740	0.9161	0.0848	0.7366
000841	Y	0.995939	0.954274	1.001256	0.8036	0.6991	0.9100	0.0890	0.8941	0.1095	0.7713
000842	D	0.994429	0.949023	0.995671	0.8424	0.7415	0.8790	0.1230	0.9004	0.0907	0.7922
000843	D	0.989419	0.943543	0.989268	0.7817	0.7881	0.8670	0.1300	0.8932	0.0868	0.8115
000844	D	0.945770	0.938112	0.981833	0.7951	0.7459	0.8680	0.1270	0.8792	0.0850	0.8270
000845	F	0.867407	0.930159	0.971999	0.8283	0.7250	0.8700	0.1230	0.8655	0.0782	0.8424
000846	E	0.771039	0.924324	0.961919	0.7912	0.6948	0.8680	0.1200	0.8353	0.0921	0.8423
000847	D	0.670663	0.919260	0.950611	0.7418	0.6043	0.8680	0.0980	0.7925	0.1289	0.8379
000848	D	0.577426	0.913192	0.938626	0.6906	0.5665	0.8750	0.0860	0.7602	0.1550	0.8361
000849	F	0.483803	0.908371	0.923427	0.6035	0.4901	0.8760	0.0850	0.7141	0.1928	0.8277
000850	I	0.402240	0.899173	0.907588	0.5549	0.4292	0.8750	0.0840	0.6781	0.2212	0.8139
000851	P	0.321756	0.890250	0.891936	0.4703	0.3807	0.8580	0.1020	0.6355	0.2486	0.7943
000852	L	0.277025	0.887726	0.877603	0.4513	0.4409	0.8460	0.1210	0.6301	0.2472	0.7772
000853	P	0.249965	0.876410	0.863011	0.3762	0.4119	0.8310	0.1320	0.6014	0.2604	0.7566
000854	P	0.257898	0.863223	0.850317	0.3630	0.4149	0.8010	0.1730	0.5918	0.2515	0.7253
000855	A	0.252199	0.852345	0.840504	0.3311	0.4051	0.8030	0.1820	0.5807	0.2556	0.6895
000856	K	0.315924	0.842962	0.833316	0.3992	0.4330	0.7480	0.1960	0.5955	0.2176	0.6492
000857	R	0.372261	0.840709	0.827124	0.3762	0.4330	0.7120	0.1810	0.5936	0.2048	0.6333
000858	L	0.422640	0.830206	0.820749	0.2786	0.3667	0.7050	0.1830	0.5706	0.2224	0.6311
000859	R	0.477072	0.819238	0.814758	0.2657	0.3667	0.6810	0.1870	0.5708	0.2148	0.6224
000860	L	0.555487	0.806800	0.809285	0.2385	0.3948	0.6870	0.1730	0.5819	0.2109	0.6250
000861	I	0.605114	0.796487	0.803942	0.2913	0.4507	0.6640	0.1770	0.6019	0.1834	0.6248
000862	V	0.676016	0.788700	0.797596	0.1667	0.4149	0.6460	0.1700	0.5816	0.2245	0.6160
000863	G	0.744981	0.782244	0.790316	0.2292	0.4541	0.6410	0.1460	0.6070	0.2044	0.6004
000864	K	0.818695	0.779450	0.781856	0.1921	0.3983	0.7100	0.0980	0.6135	0.2350	0.5825
000865	D	0.829366	0.787386	0.773844	0.1532	0.3426	0.7330	0.0840	0.6033	0.2587	0.5722
000866	S	0.799055	0.779664	0.767312	0.1602	0.3774	0.7390	0.1020	0.6038	0.2457	0.5586
000867	I	0.774909	0.776766	0.763475	0.1805	0.4087	0.8010	0.0850	0.6175	0.2379	0.5463
000868	D	0.789496	0.780656	0.761281	0.2041	0.4369	0.7880	0.0840	0.6268	0.2269	0.5228
000869	I	0.780543	0.783555	0.759172	0.2602	0.4940	0.8050	0.0780	0.6470	0.2029	0.4999
000870	D	0.767879	0.788942	0.756157	0.3005	0.4541	0.7830	0.0920	0.6417	0.1924	0.4783
000871	I	0.725810	0.792897	0.753115	0.3717	0.4864	0.7980	0.0910	0.6547	0.1647	0.4556
000872	S	0.727616	0.816666	0.749879	0.3456	0.4831	0.7990	0.0790	0.6536	0.1762	0.4334
000873	S	0.756353	0.816711	0.747081	0.3885	0.5342	0.8120	0.0650	0.6758	0.1595	0.4177
000874	R	0.783220	0.816211	0.744973	0.2913	0.5139	0.8360	0.0680	0.6642	0.1978	0.4064
000875	R	0.851072	0.818674	0.743788	0.3005	0.5211	0.8670	0.0700	0.6837	0.2069	0.4027
000876	R	0.918491	0.825094	0.745222	0.2657	0.4940	0.9550	0.0590	0.7006	0.2454	0.4022
000877	E	0.928204	0.835536	0.746719	0.3053	0.4801	0.9700	0.0340	0.7111	0.2412	0.4057
000878	D	0.921147	0.837917	0.749494	0.4282	0.5296	0.9790	0.0260	0.7409	0.2005	0.4080
000879	Q	0.895935	0.844461	0.753048	0.4703	0.4940	0.9760	0.0330	0.7389	0.1933	0.4113
000880	S	0.885939	0.846575	0.761298	0.5941	0.5533	0.9870	0.0110	0.7713	0.1550	0.4119
000881	L	0.838919	0.853198	0.771035	0.6293	0.5176	0.9840	0.0140	0.7656	0.1531	0.4113
000882	R	0.822489	0.860193	0.781709	0.7418	0.5951	0.9770	0.0210	0.7964	0.1163	0.4096
000883	L	0.656882	0.862603	0.792010	0.7772	0.5707	0.9680	0.0320	0.7713	0.1297	0.4117
000884	N	0.530966	0.872436	0.804572	0.8118	0.5456	0.9480	0.0570	0.7522	0.1585	0.4142
000885	A	0.575195	0.883431	0.811237	0.8521	0.5620	0.9180	0.0870	0.7669	0.1439	0.4193