RESNUM	RES	VL-XT	VSL2B	VL3	IUPred-S	IUPred-L	PONDRFIT	FITERROR	MDP	MDPERROR	ANCHOR2
000001	M	0.759270	0.844369	0.128238	0.8424	0.2328	0.9870	0.0080	0.6110	0.3285	0.2042
000002	A	0.772609	0.809988	0.124737	0.7147	0.2849	0.9830	0.0080	0.5942	0.3056	0.1958
000003	Q	0.878620	0.795456	0.122273	0.6681	0.2328	0.9760	0.0110	0.5918	0.3231	0.1892
000004	L	0.803063	0.767518	0.119730	0.6374	0.2328	0.9510	0.0260	0.5652	0.3055	0.1838
000005	R	0.643309	0.641265	0.118311	0.5229	0.1702	0.9530	0.0280	0.4884	0.2894	0.1780
000006	R	0.595388	0.503949	0.115985	0.4513	0.2094	0.9330	0.0450	0.4488	0.2667	0.1736
000007	G	0.526321	0.395437	0.112532	0.3184	0.1399	0.8170	0.0870	0.3662	0.2408	0.1687
000008	H	0.449152	0.289033	0.109858	0.2786	0.1643	0.7460	0.0990	0.3211	0.2116	0.1650
000009	L	0.369560	0.197082	0.106640	0.1456	0.1969	0.6330	0.1400	0.2571	0.1809	0.1586
000010	T	0.295604	0.163320	0.103679	0.1178	0.2328	0.5710	0.1500	0.2301	0.1600	0.1528
000011	F	0.258191	0.162032	0.100618	0.0935	0.2680	0.5240	0.1090	0.2176	0.1473	0.1459
000012	R	0.217498	0.169956	0.097841	0.1150	0.2034	0.4440	0.0800	0.1916	0.1151	0.1400
000013	D	0.163434	0.180893	0.095670	0.1349	0.2224	0.4260	0.1190	0.1880	0.1080	0.1380
000014	V	0.138212	0.181570	0.093611	0.0643	0.1528	0.3780	0.1140	0.1525	0.1027	0.1358
000015	A	0.111716	0.186058	0.092619	0.1088	0.1528	0.2900	0.0870	0.1416	0.0689	0.1361
000016	I	0.109613	0.179752	0.093175	0.0813	0.1611	0.2680	0.0970	0.1332	0.0657	0.1366
000017	E	0.097189	0.180138	0.089670	0.0490	0.1881	0.2060	0.0940	0.1201	0.0607	0.1398
000018	F	0.128848	0.186369	0.086043	0.0490	0.1399	0.1860	0.0900	0.1151	0.0519	0.1428
000019	S	0.123759	0.213652	0.088414	0.0621	0.1449	0.1360	0.0570	0.1133	0.0499	0.1457
000020	Q	0.106058	0.218499	0.090788	0.0677	0.2034	0.1060	0.0360	0.1169	0.0594	0.1480
000021	E	0.099047	0.230005	0.092449	0.0723	0.1791	0.0910	0.0250	0.1119	0.0592	0.1511
000022	E	0.096357	0.252465	0.094346	0.1205	0.1942	0.0850	0.0280	0.1247	0.0639	0.1561
000023	W	0.091435	0.239731	0.096274	0.1041	0.1275	0.0950	0.0370	0.1097	0.0548	0.1634
000024	K	0.082405	0.227816	0.097659	0.0526	0.1206	0.0800	0.0220	0.0939	0.0587	0.1718
000025	C	0.072621	0.218979	0.100256	0.0490	0.1702	0.0670	0.0100	0.0962	0.0635	0.1794
000026	L	0.073497	0.210221	0.103539	0.0514	0.1399	0.0660	0.0130	0.0901	0.0569	0.1867
000027	D	0.040434	0.182989	0.105309	0.0991	0.1791	0.0610	0.0110	0.0938	0.0567	0.1929
000028	P	0.032954	0.171358	0.106452	0.0567	0.1162	0.0590	0.0100	0.0727	0.0496	0.1998
000029	V	0.033421	0.170631	0.108797	0.0858	0.1969	0.0570	0.0080	0.0906	0.0612	0.2077
000030	Q	0.041847	0.164027	0.110969	0.0455	0.2064	0.0490	0.0090	0.0845	0.0664	0.2161
000031	K	0.045941	0.159473	0.112583	0.0441	0.1298	0.0470	0.0080	0.0710	0.0499	0.2278
000032	A	0.057538	0.165078	0.115264	0.0441	0.1206	0.0480	0.0090	0.0725	0.0489	0.2387
000033	L	0.082637	0.163920	0.116376	0.0231	0.1206	0.0480	0.0080	0.0730	0.0511	0.2435
000034	Y	0.102665	0.150604	0.116772	0.0464	0.1349	0.0470	0.0070	0.0802	0.0448	0.2418
000035	R	0.110343	0.161598	0.117375	0.0464	0.0967	0.0530	0.0170	0.0780	0.0439	0.2414
000036	D	0.116522	0.161353	0.118176	0.0414	0.1424	0.0710	0.0390	0.0888	0.0454	0.2486
000037	V	0.119886	0.153063	0.119194	0.0478	0.1424	0.0710	0.0380	0.0890	0.0426	0.2544
000038	M	0.122217	0.172842	0.122691	0.0478	0.1373	0.0680	0.0350	0.0914	0.0467	0.2640
000039	L	0.116539	0.186525	0.126326	0.0218	0.0749	0.0650	0.0340	0.0774	0.0564	0.2652
000040	E	0.115387	0.196326	0.132122	0.0363	0.0662	0.0600	0.0310	0.0791	0.0581	0.2634
000041	N	0.108396	0.194020	0.138046	0.0173	0.0389	0.0670	0.0410	0.0710	0.0645	0.2656
000042	Y	0.095401	0.182245	0.143103	0.0128	0.0463	0.0680	0.0390	0.0674	0.0621	0.2706
000043	R	0.077310	0.155378	0.148263	0.0087	0.0581	0.0660	0.0350	0.0609	0.0572	0.2776
000044	N	0.066295	0.131119	0.152086	0.0226	0.0581	0.0630	0.0310	0.0568	0.0515	0.2923
000045	L	0.059913	0.106053	0.157694	0.0425	0.0967	0.0570	0.0230	0.0604	0.0469	0.3159
000046	V	0.071623	0.090240	0.160979	0.0274	0.0605	0.0510	0.0180	0.0501	0.0500	0.3341
000047	S	0.070871	0.088344	0.163183	0.0259	0.0349	0.0470	0.0150	0.0444	0.0535	0.3492
000048	L	0.066443	0.087481	0.164683	0.0259	0.0506	0.0480	0.0160	0.0464	0.0525	0.3682
000049	G	0.063212	0.088391	0.166109	0.0182	0.0506	0.0530	0.0190	0.0455	0.0540	0.3841
000050	I	0.057915	0.088707	0.166608	0.0387	0.0676	0.0670	0.0240	0.0533	0.0495	0.4113
000051	C	0.047621	0.097959	0.166967	0.0304	0.0631	0.0790	0.0240	0.0529	0.0522	0.4233
000052	L	0.058383	0.111766	0.167815	0.0252	0.0618	0.0980	0.0290	0.0593	0.0536	0.4004
000053	P	0.093174	0.115528	0.168394	0.0441	0.1028	0.1120	0.0270	0.0780	0.0461	0.3866
000054	D	0.086328	0.139552	0.168846	0.0490	0.1070	0.1380	0.0300	0.0867	0.0484	0.3752
000055	L	0.073061	0.146911	0.170493	0.0455	0.1070	0.1580	0.0420	0.0885	0.0539	0.3691
000056	S	0.071887	0.156970	0.172506	0.0771	0.1852	0.1610	0.0430	0.1087	0.0538	0.3712
000057	I	0.094332	0.183397	0.174496	0.1205	0.1528	0.1640	0.0480	0.1192	0.0427	0.3717
000058	I	0.142061	0.234394	0.181217	0.1349	0.1583	0.1700	0.0550	0.1399	0.0445	0.3691
000059	S	0.227163	0.258671	0.188718	0.1495	0.1702	0.2030	0.0830	0.1680	0.0478	0.3741
000060	M	0.308437	0.301193	0.192219	0.1495	0.1759	0.2610	0.1080	0.1993	0.0697	0.3742
000061	M	0.332334	0.347728	0.198351	0.1805	0.2609	0.3110	0.1360	0.2387	0.0723	0.3865
000062	K	0.337096	0.367002	0.202055	0.2292	0.3494	0.3170	0.1350	0.2666	0.0707	0.4101
000063	Q	0.375077	0.373511	0.209346	0.3096	0.3948	0.3170	0.1380	0.2949	0.0714	0.4297
000064	R	0.397657	0.419530	0.224383	0.2913	0.3667	0.3310	0.1370	0.3010	0.0759	0.4269
000065	T	0.428256	0.432216	0.240615	0.2657	0.2951	0.3610	0.0900	0.2970	0.0854	0.4175
000066	E	0.441846	0.453141	0.255465	0.3456	0.3460	0.2840	0.0740	0.3118	0.0848	0.4128
000067	P	0.473322	0.475886	0.270114	0.2913	0.3460	0.2380	0.0690	0.3041	0.1046	0.4143
000068	W	0.495054	0.462492	0.283985	0.3578	0.4330	0.2730	0.0880	0.3369	0.0978	0.4152
000069	T	0.509369	0.450355	0.299187	0.4333	0.5456	0.2510	0.0790	0.3650	0.1174	0.4058
000070	V	0.569171	0.455798	0.313795	0.4245	0.5577	0.2670	0.0770	0.3791	0.1243	0.4008
000071	E	0.596053	0.475069	0.323010	0.4781	0.5992	0.2300	0.0690	0.3964	0.1455	0.3931
000072	N	0.622604	0.491367	0.329666	0.5084	0.5139	0.2400	0.0700	0.3960	0.1389	0.3921
000073	E	0.625433	0.500123	0.337165	0.5229	0.5254	0.2580	0.0780	0.4054	0.1366	0.4002
000074	M	0.655419	0.505067	0.351689	0.4600	0.5211	0.3300	0.1040	0.4119	0.1242	0.4081
000075	K	0.700433	0.509757	0.363612	0.4703	0.4409	0.3320	0.1010	0.4089	0.1341	0.4100
000076	V	0.700745	0.522227	0.376577	0.4749	0.4369	0.3240	0.0800	0.4097	0.1359	0.4134
000077	A	0.676720	0.519638	0.387179	0.4245	0.4369	0.2880	0.0620	0.3910	0.1366	0.4127
000078	K	0.655658	0.520471	0.395341	0.3992	0.3321	0.2580	0.0770	0.3610	0.1451	0.4110
000079	N	0.664754	0.519199	0.399269	0.4749	0.4409	0.2450	0.0950	0.3908	0.1428	0.4113
000080	P	0.701580	0.504341	0.403026	0.4149	0.4409	0.2370	0.0900	0.3832	0.1539	0.4154
000081	D	0.739627	0.478484	0.403533	0.4749	0.5055	0.2350	0.0920	0.4055	0.1638	0.4188
000082	R	0.759609	0.468544	0.406706	0.4703	0.4979	0.2370	0.0890	0.4055	0.1687	0.4220
000083	W	0.745261	0.469060	0.408770	0.4749	0.4831	0.2520	0.0870	0.4040	0.1608	0.4237
000084	E	0.770680	0.445947	0.410242	0.4749	0.3872	0.2480	0.0840	0.3878	0.1721	0.4202
000085	G	0.754100	0.461893	0.411427	0.5008	0.3948	0.2660	0.0910	0.3962	0.1636	0.4174
000086	I	0.776943	0.468421	0.409248	0.4420	0.3356	0.2690	0.0970	0.3820	0.1745	0.4170
000087	K	0.806866	0.457694	0.407146	0.4749	0.3983	0.2510	0.0910	0.3982	0.1817	0.4161
000088	D	0.786854	0.434975	0.402394	0.4379	0.4220	0.2580	0.0920	0.3899	0.1734	0.4168
000089	I	0.692599	0.440492	0.396897	0.4420	0.4220	0.2480	0.0830	0.3742	0.1467	0.4169
000090	N	0.682642	0.427728	0.391497	0.4458	0.3872	0.2440	0.0930	0.3645	0.1458	0.4144
000091	T	0.740095	0.408540	0.389309	0.4245	0.3631	0.2590	0.0990	0.3658	0.1619	0.4138
000092	G	0.792289	0.416954	0.388608	0.3992	0.3631	0.2430	0.0970	0.3690	0.1820	0.4124
000093	R	0.788492	0.408389	0.389541	0.3939	0.3631	0.2280	0.0830	0.3637	0.1836	0.4107
000094	S	0.769565	0.396206	0.389008	0.4458	0.4864	0.2120	0.0700	0.3850	0.1788	0.4090
000095	C	0.751018	0.409312	0.382669	0.4420	0.4017	0.2000	0.0660	0.3674	0.1751	0.4096
000096	A	0.732559	0.436427	0.370156	0.4781	0.4017	0.1920	0.0590	0.3734	0.1721	0.4118
000097	V	0.734718	0.451865	0.360797	0.4458	0.4940	0.2120	0.0590	0.3898	0.1679	0.4118
000098	R	0.797799	0.487330	0.350472	0.4458	0.5017	0.2230	0.0630	0.4092	0.1849	0.4088
000099	S	0.776469	0.488938	0.341780	0.4420	0.4119	0.2020	0.0600	0.3868	0.1836	0.4041
000100	K	0.673699	0.499386	0.331003	0.5008	0.4940	0.2130	0.0550	0.3968	0.1557	0.4009
000101	A	0.575708	0.507489	0.318528	0.4245	0.4051	0.2310	0.0570	0.3572	0.1256	0.4004
000102	G	0.475383	0.511918	0.313104	0.4245	0.4051	0.2460	0.0510	0.3438	0.1052	0.3982
000103	N	0.435916	0.516699	0.314050	0.3491	0.3087	0.2520	0.0630	0.3105	0.1026	0.3959
000104	K	0.351901	0.508137	0.313823	0.3456	0.3182	0.2070	0.0550	0.2884	0.1031	0.4003
000105	P	0.293148	0.464942	0.304310	0.2700	0.2503	0.1970	0.0680	0.2458	0.0972	0.4058
000106	I	0.204583	0.444144	0.297575	0.3311	0.3566	0.1870	0.0810	0.2540	0.1012	0.4142
000107	T	0.132578	0.382291	0.288818	0.2657	0.3087	0.1650	0.0600	0.2091	0.0977	0.4173
000108	N	0.087221	0.334223	0.284444	0.3578	0.3948	0.1720	0.0420	0.2243	0.1184	0.4250
000109	Q	0.103791	0.286143	0.283015	0.2700	0.4017	0.1730	0.0440	0.2057	0.1053	0.4297
000110	L	0.112721	0.254173	0.286712	0.3005	0.3321	0.1600	0.0370	0.1932	0.0921	0.4150
000111	G	0.138055	0.224451	0.285381	0.3146	0.3392	0.1460	0.0320	0.1938	0.0917	0.4052
000112	L	0.151671	0.204869	0.290749	0.2602	0.2951	0.1480	0.0470	0.1766	0.0778	0.3970
000113	T	0.223078	0.202496	0.296773	0.2602	0.2034	0.1420	0.0490	0.1718	0.0694	0.3901
000114	F	0.271526	0.225263	0.302652	0.1921	0.2002	0.1440	0.0520	0.1721	0.0727	0.3778
000115	Q	0.330910	0.224385	0.309392	0.1380	0.2002	0.1300	0.0430	0.1705	0.0927	0.3793
000116	L	0.380694	0.221323	0.315726	0.1178	0.1852	0.1210	0.0410	0.1711	0.1102	0.3803
000117	P	0.370517	0.249235	0.322408	0.1766	0.2575	0.1080	0.0330	0.1937	0.1021	0.3882
000118	L	0.370632	0.263584	0.325985	0.1878	0.2541	0.1050	0.0370	0.1969	0.1025	0.3929
000119	P	0.373277	0.279545	0.334127	0.1958	0.1759	0.0930	0.0330	0.1862	0.1115	0.4036
000120	E	0.357544	0.317163	0.342530	0.1844	0.1162	0.0860	0.0260	0.1768	0.1237	0.4145
000121	L	0.370308	0.323220	0.347093	0.1766	0.1791	0.0800	0.0240	0.1882	0.1215	0.4226
000122	E	0.321738	0.320759	0.354072	0.1205	0.1070	0.0750	0.0200	0.1574	0.1311	0.4313
000123	I	0.279565	0.312774	0.353629	0.1878	0.1702	0.0810	0.0260	0.1718	0.1104	0.4271
000124	F	0.222603	0.319828	0.355339	0.1349	0.1731	0.0800	0.0290	0.1551	0.1141	0.4158
000125	Q	0.171099	0.308777	0.350801	0.1958	0.2094	0.0820	0.0310	0.1612	0.1062	0.3918
000126	G	0.156612	0.313029	0.343618	0.1958	0.2129	0.0830	0.0350	0.1602	0.1057	0.3768
000127	E	0.138640	0.324035	0.341643	0.1998	0.2849	0.0830	0.0350	0.1718	0.1115	0.3607
000128	G	0.126219	0.319547	0.338003	0.1766	0.1759	0.0840	0.0340	0.1471	0.1097	0.3484
000129	K	0.113079	0.314559	0.336839	0.2531	0.1791	0.0810	0.0300	0.1568	0.1116	0.3409
000130	I	0.079639	0.300385	0.340131	0.1456	0.1583	0.0850	0.0340	0.1282	0.1154	0.3394
000131	Y	0.051885	0.270523	0.341335	0.0909	0.1583	0.0970	0.0440	0.1114	0.1187	0.3329
000132	E	0.016228	0.268456	0.342650	0.1416	0.2164	0.0930	0.0430	0.1226	0.1232	0.3224
000133	C	0.010554	0.275534	0.337698	0.1380	0.2094	0.0990	0.0450	0.1221	0.1231	0.3155
000134	N	0.007011	0.271717	0.327748	0.1998	0.2783	0.1030	0.0450	0.1433	0.1239	0.3151
000135	Q	0.004773	0.276438	0.317109	0.2748	0.3149	0.1060	0.0450	0.1629	0.1294	0.3184
000136	V	0.005298	0.321437	0.307857	0.2657	0.3053	0.1220	0.0490	0.1699	0.1284	0.3298
000137	Q	0.009690	0.358466	0.303274	0.1958	0.3286	0.1510	0.0610	0.1740	0.1308	0.3396
000138	K	0.013104	0.401471	0.296798	0.1844	0.2575	0.2050	0.0720	0.1770	0.1284	0.3517
000139	F	0.013843	0.473687	0.289644	0.2080	0.2645	0.3100	0.0970	0.2117	0.1451	0.3640
000140	I	0.021069	0.525461	0.282962	0.1456	0.2680	0.4090	0.1580	0.2282	0.1710	0.3650
000141	S	0.030578	0.547712	0.275620	0.2333	0.2752	0.4230	0.1840	0.2516	0.1670	0.3625
000142	H	0.035541	0.588543	0.272432	0.3146	0.2752	0.4340	0.1960	0.2746	0.1745	0.3662
000143	S	0.040872	0.606488	0.266720	0.2209	0.2680	0.4470	0.1930	0.2638	0.1837	0.3712
000144	S	0.045718	0.584541	0.257731	0.2167	0.3599	0.4230	0.1770	0.2717	0.1746	0.3756
000145	S	0.047739	0.583079	0.249995	0.2122	0.2988	0.3830	0.1510	0.2542	0.1689	0.3772
000146	V	0.132120	0.604981	0.246403	0.2122	0.2918	0.3570	0.1400	0.2664	0.1554	0.3779
000147	S	0.132077	0.557161	0.239561	0.2209	0.3460	0.3300	0.1350	0.2643	0.1395	0.3790
000148	P	0.133274	0.546323	0.235442	0.2209	0.3426	0.3030	0.1360	0.2577	0.1353	0.3792
000149	L	0.128344	0.512048	0.234957	0.2209	0.2817	0.2620	0.1160	0.2342	0.1236	0.3813
000150	Q	0.119272	0.483013	0.233259	0.3146	0.2849	0.2210	0.0970	0.2372	0.1175	0.3845
000151	R	0.114676	0.403318	0.229371	0.3184	0.3599	0.1840	0.0780	0.2301	0.1081	0.3983
000152	I	0.109784	0.349119	0.227567	0.2292	0.3631	0.1680	0.0650	0.2031	0.0985	0.4120
000153	Y	0.106227	0.296403	0.223001	0.2292	0.3631	0.1540	0.0590	0.1915	0.0927	0.4198
000154	S	0.103093	0.263482	0.220651	0.2333	0.3667	0.1260	0.0530	0.1820	0.0951	0.4257
000155	G	0.013625	0.262559	0.217890	0.2432	0.3774	0.1210	0.0490	0.1697	0.1198	0.4325
000156	V	0.011486	0.271459	0.218029	0.2483	0.3840	0.1190	0.0510	0.1725	0.1232	0.4294
000157	K	0.009745	0.273372	0.218965	0.3225	0.3494	0.1100	0.0520	0.1776	0.1253	0.4236
000158	T	0.006607	0.293247	0.221882	0.3263	0.3053	0.1200	0.0610	0.1753	0.1206	0.4149
000159	H	0.005603	0.317359	0.231934	0.2167	0.2849	0.1400	0.0830	0.1607	0.1101	0.4060
000160	I	0.004614	0.315482	0.237321	0.2432	0.2645	0.1390	0.0880	0.1612	0.1096	0.4013
000161	F	0.003879	0.322391	0.234471	0.2333	0.2817	0.1250	0.0780	0.1611	0.1134	0.3988
000162	N	0.002461	0.327222	0.237176	0.1566	0.2129	0.1130	0.0630	0.1354	0.1094	0.4030
000163	K	0.003461	0.332969	0.237201	0.2558	0.2129	0.1080	0.0490	0.1522	0.1143	0.4031
000164	H	0.008014	0.325784	0.242105	0.2558	0.2817	0.1150	0.0490	0.1643	0.1163	0.3982
000165	R	0.008126	0.317697	0.247452	0.1878	0.2951	0.1130	0.0450	0.1536	0.1153	0.3943
000166	N	0.010050	0.304537	0.259562	0.1844	0.2951	0.1150	0.0430	0.1515	0.1141	0.3920
000167	D	0.012152	0.298094	0.274565	0.2657	0.3529	0.1090	0.0410	0.1730	0.1270	0.3900
000168	F	0.017377	0.280237	0.287759	0.2531	0.3529	0.1100	0.0390	0.1690	0.1250	0.3891
000169	V	0.032793	0.274451	0.299052	0.2748	0.3286	0.1040	0.0360	0.1692	0.1207	0.3936
000170	D	0.052261	0.293589	0.310428	0.2700	0.3286	0.1060	0.0330	0.1750	0.1189	0.3992
000171	F	0.111181	0.309146	0.319467	0.3184	0.3286	0.1210	0.0380	0.1980	0.1097	0.4009
000172	P	0.134019	0.305485	0.326986	0.4149	0.4186	0.1350	0.0490	0.2348	0.1290	0.4010
000173	L	0.140812	0.315105	0.330213	0.3399	0.4119	0.1680	0.0640	0.2292	0.1117	0.3977
000174	L	0.162404	0.333909	0.338411	0.3359	0.4119	0.1800	0.0740	0.2374	0.1069	0.3987
000175	S	0.208230	0.371947	0.346210	0.3263	0.4292	0.2030	0.0880	0.2564	0.1011	0.4036
000176	Q	0.259014	0.411634	0.353393	0.3263	0.3529	0.2200	0.0960	0.2616	0.0868	0.4072
000177	E	0.325513	0.449448	0.359426	0.3535	0.3460	0.2320	0.0960	0.2844	0.0874	0.4078
000178	Q	0.396818	0.496587	0.370399	0.2820	0.2258	0.2440	0.0850	0.2742	0.1133	0.4072
000179	K	0.461444	0.522361	0.385137	0.3630	0.3215	0.2480	0.0810	0.3193	0.1101	0.4089
000180	A	0.489404	0.511680	0.400492	0.3491	0.3740	0.2430	0.0710	0.3278	0.1118	0.4099
000181	H	0.553656	0.507524	0.415419	0.3535	0.3740	0.2300	0.0670	0.3365	0.1263	0.4133
000182	I	0.597357	0.486582	0.427691	0.4420	0.4619	0.2140	0.0660	0.3671	0.1347	0.4192
000183	R	0.678759	0.486369	0.441136	0.4245	0.4409	0.1840	0.0600	0.3691	0.1619	0.4282
000184	R	0.732771	0.475761	0.455351	0.5043	0.4507	0.1720	0.0610	0.3893	0.1798	0.4290
000185	K	0.783416	0.487192	0.467753	0.5802	0.4220	0.1640	0.0570	0.4062	0.2007	0.4213
000186	P	0.778308	0.493019	0.481012	0.5331	0.4330	0.1570	0.0540	0.3991	0.1988	0.4179
000187	Y	0.762499	0.482639	0.496489	0.4513	0.3740	0.1710	0.0680	0.3735	0.1939	0.4151
000188	E	0.750009	0.490888	0.516859	0.4651	0.3667	0.1580	0.0700	0.3718	0.1970	0.4106
000189	C	0.746465	0.491000	0.531595	0.4037	0.3566	0.1450	0.0620	0.3571	0.2029	0.4080
000190	N	0.725103	0.488757	0.539092	0.4037	0.3529	0.1360	0.0510	0.3511	0.2014	0.4103
000191	E	0.690993	0.492282	0.545902	0.4379	0.3087	0.1300	0.0380	0.3433	0.1999	0.4133
000192	Q	0.643197	0.508038	0.556956	0.4379	0.3215	0.1310	0.0430	0.3403	0.1917	0.4208
000193	G	0.580902	0.503253	0.570219	0.4556	0.3948	0.1330	0.0460	0.3446	0.1787	0.4286
000194	K	0.511634	0.491725	0.587334	0.4781	0.3948	0.1270	0.0410	0.3339	0.1769	0.4306
000195	V	0.446410	0.494782	0.601324	0.4825	0.3948	0.1310	0.0450	0.3249	0.1767	0.4216
000196	F	0.379589	0.494955	0.613536	0.4781	0.3460	0.1400	0.0570	0.3064	0.1799	0.4149
000197	R	0.312170	0.503701	0.621148	0.4556	0.2645	0.1500	0.0580	0.2811	0.1889	0.4105
000198	V	0.229774	0.519331	0.626413	0.4918	0.3426	0.1600	0.0640	0.2906	0.1954	0.4050
000199	S	0.163834	0.528013	0.620187	0.4420	0.3392	0.1680	0.0720	0.2736	0.2003	0.4000
000200	S	0.144434	0.528609	0.617188	0.5229	0.4330	0.1710	0.0780	0.2999	0.2087	0.3969
000201	S	0.089406	0.528157	0.612670	0.5043	0.4256	0.1800	0.0800	0.2880	0.2160	0.3972
000202	L	0.052608	0.527834	0.615243	0.4825	0.4220	0.1800	0.0770	0.2775	0.2235	0.3974
000203	P	0.031946	0.524547	0.616678	0.4703	0.4369	0.1670	0.0690	0.2718	0.2302	0.3998
000204	N	0.040346	0.533334	0.623651	0.4703	0.4476	0.1710	0.0710	0.2771	0.2307	0.4003
000205	H	0.067923	0.528057	0.624707	0.4918	0.4541	0.1740	0.0730	0.2860	0.2251	0.4015
000206	Q	0.070157	0.511656	0.626910	0.5374	0.3807	0.1850	0.0770	0.2808	0.2245	0.4034
000207	V	0.074309	0.494894	0.629220	0.6035	0.4801	0.1940	0.0790	0.3079	0.2319	0.4066
000208	I	0.075736	0.483778	0.626646	0.5084	0.4766	0.1860	0.0800	0.2884	0.2207	0.4104
000209	H	0.077939	0.486229	0.624737	0.5623	0.4017	0.1940	0.0850	0.2870	0.2218	0.4209
000210	T	0.078052	0.507115	0.616297	0.5514	0.4051	0.2170	0.0960	0.2931	0.2166	0.4323
000211	A	0.080695	0.520316	0.607525	0.4513	0.4119	0.2290	0.1120	0.2823	0.2046	0.4168
000212	D	0.101474	0.527911	0.599373	0.4458	0.4119	0.2340	0.1220	0.2869	0.1974	0.3978
000213	K	0.181870	0.539408	0.594936	0.5043	0.4292	0.2450	0.1190	0.3166	0.1818	0.3765
000214	P	0.248767	0.547092	0.595983	0.4781	0.4186	0.2560	0.1040	0.3248	0.1663	0.3562
000215	N	0.345581	0.532531	0.598799	0.4379	0.4087	0.2900	0.1170	0.3357	0.1449	0.3362
000216	R	0.444047	0.523619	0.603619	0.4420	0.4051	0.2980	0.1280	0.3522	0.1383	0.3144
000217	C	0.545246	0.519209	0.603980	0.4245	0.3948	0.2870	0.1120	0.3617	0.1460	0.2915
000218	H	0.647962	0.518236	0.603763	0.4651	0.4441	0.2510	0.1080	0.3878	0.1628	0.2787
000219	E	0.742144	0.506467	0.600256	0.5126	0.4441	0.2620	0.1120	0.4113	0.1769	0.2654
000220	C	0.755212	0.520854	0.595248	0.5043	0.4149	0.2720	0.1080	0.4112	0.1791	0.2629
000221	G	0.804225	0.524507	0.588198	0.4600	0.4149	0.2440	0.1160	0.4079	0.1970	0.2754
000222	K	0.789394	0.517471	0.579540	0.4556	0.4441	0.2730	0.1400	0.4132	0.1837	0.2890
000223	T	0.766110	0.532571	0.569587	0.4458	0.3494	0.2940	0.1520	0.3980	0.1818	0.3061
000224	V	0.756623	0.537518	0.552121	0.4333	0.3599	0.3630	0.1840	0.4084	0.1651	0.3302
000225	R	0.752699	0.527128	0.537563	0.3399	0.2817	0.4130	0.2220	0.3858	0.1786	0.3522
000226	D	0.748691	0.531152	0.525380	0.3399	0.2817	0.4250	0.2330	0.3877	0.1755	0.3804
000227	K	0.752961	0.528182	0.515572	0.2865	0.2715	0.4310	0.2260	0.3783	0.1845	0.4126
000228	S	0.768036	0.497440	0.505765	0.3806	0.3910	0.4130	0.2260	0.4083	0.1570	0.4215
000229	G	0.854149	0.451618	0.495235	0.3668	0.3840	0.4070	0.2300	0.4105	0.1863	0.3978
000230	L	0.881583	0.435926	0.496082	0.3630	0.3872	0.3870	0.2160	0.4092	0.1977	0.3731
000231	A	0.916722	0.392959	0.494117	0.4420	0.5382	0.3510	0.1910	0.4401	0.2041	0.3605
000232	E	0.935461	0.373494	0.495321	0.4420	0.4582	0.3150	0.1810	0.4206	0.2183	0.3616
000233	H	0.925309	0.376254	0.488669	0.4651	0.4582	0.2580	0.1370	0.4138	0.2227	0.3562
000234	W	0.851930	0.346058	0.484675	0.3885	0.3249	0.2540	0.1290	0.3610	0.2121	0.3549
000235	R	0.774641	0.337486	0.478716	0.4282	0.3774	0.2030	0.0940	0.3535	0.1924	0.3773
000236	I	0.717069	0.344061	0.473005	0.3263	0.3704	0.1800	0.0790	0.3229	0.1831	0.4003
000237	R	0.659428	0.372653	0.469711	0.3359	0.2399	0.1590	0.0580	0.2945	0.1794	0.4285
000238	T	0.571514	0.404788	0.464853	0.3263	0.2328	0.1440	0.0340	0.2800	0.1621	0.3725
000239	G	0.470850	0.416361	0.461333	0.2292	0.2436	0.1460	0.0340	0.2511	0.1479	0.3184
000240	E	0.424368	0.431383	0.465152	0.2292	0.1852	0.1530	0.0450	0.2373	0.1497	0.2696
000241	K	0.437704	0.449614	0.467195	0.2820	0.1643	0.1580	0.0400	0.2486	0.1530	0.2327
000242	P	0.370896	0.446004	0.472149	0.2531	0.1881	0.1380	0.0240	0.2326	0.1491	0.2064
000243	Y	0.351655	0.433571	0.476541	0.1878	0.1969	0.1380	0.0300	0.2180	0.1522	0.1839
000244	K	0.329350	0.434640	0.477783	0.1878	0.1424	0.1180	0.0310	0.2021	0.1618	0.1553
000245	C	0.276157	0.416026	0.469827	0.2531	0.2034	0.1000	0.0250	0.2082	0.1472	0.1345
000246	K	0.227477	0.383285	0.458360	0.1958	0.1349	0.0840	0.0230	0.1710	0.1529	0.1355
000247	E	0.212440	0.347901	0.447786	0.2255	0.1349	0.0730	0.0200	0.1656	0.1462	0.1405
000248	C	0.202708	0.322912	0.436262	0.1602	0.1162	0.0670	0.0230	0.1449	0.1455	0.1587
000249	G	0.140632	0.283680	0.425934	0.1178	0.1229	0.0630	0.0250	0.1214	0.1431	0.2050
000250	K	0.038226	0.225512	0.410953	0.1041	0.1275	0.0720	0.0330	0.0946	0.1426	0.2662
000251	L	0.022027	0.207055	0.400477	0.1150	0.1275	0.0860	0.0450	0.0929	0.1381	0.3434
000252	F	0.017814	0.199055	0.389826	0.1041	0.1251	0.0940	0.0490	0.0900	0.1344	0.4089
000253	N	0.024224	0.162309	0.385783	0.0884	0.0888	0.0940	0.0490	0.0762	0.1333	0.4060
000254	R	0.030633	0.163021	0.383510	0.1349	0.1373	0.0840	0.0430	0.0916	0.1278	0.3435
000255	I	0.051392	0.161001	0.381333	0.0935	0.1323	0.0810	0.0380	0.0866	0.1264	0.2802
000256	A	0.083815	0.147131	0.376764	0.1495	0.2436	0.0740	0.0290	0.1163	0.1218	0.2406
000257	Y	0.100801	0.157246	0.371568	0.1380	0.2364	0.0800	0.0250	0.1187	0.1165	0.2291
000258	L	0.108517	0.196853	0.369418	0.1322	0.2292	0.0930	0.0320	0.1266	0.1125	0.2315
000259	A	0.124226	0.238439	0.367429	0.1998	0.3774	0.1020	0.0360	0.1736	0.1236	0.2497
000260	R	0.144295	0.301881	0.366338	0.2041	0.3053	0.1000	0.0310	0.1760	0.1128	0.2931
000261	H	0.146904	0.372436	0.364681	0.2255	0.3053	0.1100	0.0350	0.1934	0.1183	0.3407
000262	E	0.143640	0.431972	0.368847	0.2041	0.2258	0.1330	0.0440	0.1897	0.1276	0.3956
000263	K	0.140674	0.487598	0.374888	0.2820	0.3249	0.1540	0.0540	0.2315	0.1365	0.4125
000264	V	0.121283	0.532122	0.385710	0.1844	0.3149	0.1610	0.0580	0.2190	0.1576	0.3593
000265	H	0.094064	0.508072	0.401910	0.1921	0.1702	0.1510	0.0480	0.1859	0.1635	0.2893
000266	T	0.078912	0.524037	0.415111	0.2333	0.2193	0.1480	0.0460	0.2006	0.1681	0.2081
000267	G	0.069497	0.486615	0.428885	0.1602	0.2399	0.1380	0.0420	0.1824	0.1692	0.1510
000268	E	0.053270	0.478881	0.440804	0.2255	0.2752	0.1190	0.0400	0.1920	0.1716	0.1136
000269	S	0.032896	0.473051	0.450332	0.2913	0.2470	0.1050	0.0340	0.1915	0.1789	0.0934
000270	P	0.030746	0.446442	0.462416	0.2748	0.2609	0.1010	0.0340	0.1857	0.1776	0.0823
000271	Y	0.027995	0.421500	0.468033	0.1921	0.2645	0.0990	0.0280	0.1674	0.1775	0.0760
000272	K	0.024975	0.415977	0.475712	0.2080	0.2064	0.0750	0.0260	0.1551	0.1824	0.0681
000273	C	0.019374	0.397781	0.474968	0.2209	0.2034	0.0680	0.0280	0.1515	0.1813	0.0628
000274	N	0.015026	0.358816	0.473063	0.1766	0.1424	0.0690	0.0300	0.1271	0.1789	0.0653
000275	E	0.012827	0.329363	0.472810	0.2255	0.1323	0.0790	0.0320	0.1299	0.1745	0.0713
000276	C	0.012632	0.316593	0.476799	0.1805	0.1048	0.1090	0.0500	0.1206	0.1736	0.0841
000277	G	0.008157	0.277686	0.487076	0.1495	0.1115	0.1440	0.0810	0.1151	0.1724	0.1196
000278	K	0.008329	0.219640	0.491496	0.1292	0.1162	0.1900	0.1230	0.1106	0.1704	0.1697
000279	V	0.005101	0.202096	0.497891	0.1456	0.1206	0.2260	0.1400	0.1166	0.1722	0.2329
000280	F	0.004933	0.198211	0.499259	0.1380	0.1275	0.2890	0.1730	0.1263	0.1759	0.2927
000281	S	0.008640	0.187656	0.505052	0.1240	0.0835	0.2690	0.1490	0.1121	0.1809	0.3463
000282	R	0.012489	0.219578	0.513285	0.1844	0.1323	0.2310	0.1310	0.1300	0.1741	0.4094
000283	I	0.070901	0.220062	0.517530	0.1349	0.1275	0.2520	0.1390	0.1342	0.1694	0.3924
000284	T	0.142263	0.202412	0.520180	0.2209	0.2609	0.2020	0.1030	0.1714	0.1499	0.3462
000285	Y	0.151939	0.192769	0.521539	0.2041	0.2503	0.1780	0.0740	0.1628	0.1524	0.3137
000286	L	0.218197	0.243368	0.527688	0.2209	0.2541	0.1710	0.0670	0.1845	0.1465	0.2947
000287	V	0.311623	0.275111	0.533068	0.3146	0.4119	0.1830	0.0770	0.2494	0.1414	0.2900
000288	R	0.400906	0.294001	0.536453	0.3263	0.4186	0.1930	0.0950	0.2721	0.1400	0.3150
000289	H	0.469148	0.354438	0.538822	0.3456	0.4186	0.1990	0.1080	0.2978	0.1398	0.3456
000290	Q	0.518063	0.396869	0.543526	0.3847	0.3087	0.1960	0.1050	0.3008	0.1491	0.3789
000291	K	0.569840	0.442345	0.548710	0.4749	0.4017	0.1990	0.1080	0.3480	0.1525	0.4251
000292	I	0.617276	0.492655	0.552025	0.3668	0.4087	0.1910	0.0900	0.3461	0.1662	0.3972
000293	H	0.654680	0.554197	0.556967	0.3630	0.2503	0.1830	0.0650	0.3342	0.1963	0.3399
000294	T	0.729672	0.600849	0.555246	0.4203	0.3019	0.1740	0.0500	0.3712	0.2086	0.2646
000295	R	0.693310	0.589109	0.549749	0.3263	0.3087	0.1650	0.0480	0.3470	0.2060	0.2070
000296	E	0.636899	0.610540	0.541532	0.3885	0.3392	0.1600	0.0430	0.3558	0.1907	0.1555
000297	K	0.587540	0.630139	0.532399	0.4458	0.3182	0.1660	0.0480	0.3579	0.1841	0.1224
000298	P	0.524793	0.602797	0.527662	0.4379	0.3529	0.1580	0.0370	0.3460	0.1707	0.0987
000299	H	0.472779	0.571368	0.524183	0.3491	0.3392	0.1680	0.0350	0.3167	0.1613	0.0831
000300	K	0.417939	0.562642	0.526531	0.3578	0.3286	0.1550	0.0260	0.3037	0.1609	0.0684
000301	C	0.310534	0.548380	0.519631	0.3578	0.3182	0.1300	0.0290	0.2776	0.1647	0.0557
000302	N	0.201796	0.525771	0.510490	0.3578	0.2436	0.1160	0.0240	0.2407	0.1756	0.0534
000303	K	0.119265	0.532231	0.500098	0.4203	0.2436	0.1170	0.0310	0.2388	0.1899	0.0540
000304	C	0.090078	0.543474	0.493945	0.3491	0.2193	0.1200	0.0360	0.2203	0.1927	0.0582
000305	G	0.053504	0.526596	0.488885	0.3146	0.2292	0.1080	0.0310	0.2053	0.1953	0.0774
000306	K	0.014596	0.515217	0.482411	0.2820	0.2224	0.1180	0.0380	0.1920	0.1978	0.1011
000307	V	0.008780	0.498958	0.474375	0.3005	0.1501	0.1220	0.0390	0.1801	0.1985	0.1341
000308	Y	0.007916	0.485533	0.460426	0.2865	0.1554	0.1380	0.0460	0.1789	0.1899	0.1690
000309	S	0.007110	0.454178	0.450256	0.1878	0.1070	0.1180	0.0430	0.1457	0.1876	0.2079
000310	S	0.005977	0.452024	0.443391	0.2041	0.1070	0.1070	0.0450	0.1461	0.1862	0.2602
000311	S	0.006051	0.438090	0.436962	0.1602	0.1028	0.1150	0.0380	0.1370	0.1826	0.3263
000312	S	0.003930	0.417525	0.428052	0.2432	0.2164	0.0910	0.0290	0.1620	0.1711	0.3982
000313	Y	0.003188	0.390592	0.418051	0.2209	0.2064	0.0800	0.0320	0.1502	0.1654	0.4180
000314	L	0.002221	0.396057	0.417621	0.1998	0.2064	0.0700	0.0310	0.1458	0.1680	0.3846
000315	A	0.001110	0.376093	0.416042	0.3005	0.2988	0.0640	0.0270	0.1734	0.1701	0.3665
000316	Q	0.001091	0.368670	0.413746	0.3096	0.2258	0.0570	0.0210	0.1603	0.1685	0.3655
000317	H	0.000887	0.349389	0.407351	0.2292	0.2258	0.0540	0.0190	0.1432	0.1606	0.3582
000318	W	0.000523	0.324575	0.402691	0.1958	0.1323	0.0530	0.0170	0.1178	0.1571	0.3535
000319	R	0.000473	0.308543	0.401754	0.2700	0.2002	0.0490	0.0170	0.1381	0.1563	0.3742
000320	I	0.005200	0.304529	0.397519	0.1698	0.2064	0.0540	0.0180	0.1233	0.1505	0.4029
000321	H	0.007084	0.316816	0.394937	0.1698	0.0948	0.0600	0.0210	0.1081	0.1540	0.4171
000322	T	0.007510	0.340190	0.391489	0.1667	0.0948	0.0670	0.0210	0.1128	0.1559	0.3404
000323	G	0.007983	0.377785	0.390531	0.0935	0.1007	0.0680	0.0190	0.1081	0.1655	0.2729
000324	E	0.008620	0.395728	0.395280	0.1380	0.1501	0.0680	0.0200	0.1268	0.1646	0.2181
000325	K	0.008758	0.398275	0.401832	0.1805	0.1275	0.0750	0.0220	0.1317	0.1657	0.1759
000326	L	0.008685	0.422100	0.411115	0.2041	0.1373	0.0800	0.0130	0.1420	0.1714	0.1471
000327	Y	0.008685	0.418699	0.418896	0.1266	0.1298	0.0890	0.0110	0.1289	0.1752	0.1131
000328	K	0.008689	0.435572	0.429142	0.1292	0.1323	0.0810	0.0150	0.1311	0.1821	0.0817
000329	C	0.003802	0.446433	0.432046	0.1844	0.1942	0.0820	0.0130	0.1518	0.1802	0.0583
000330	N	0.001866	0.456937	0.431066	0.1635	0.1791	0.0930	0.0200	0.1491	0.1827	0.0516
000331	K	0.001455	0.455272	0.425587	0.1998	0.1791	0.1210	0.0250	0.1595	0.1764	0.0468
000332	C	0.000970	0.497103	0.432564	0.2080	0.1702	0.1640	0.0390	0.1735	0.1839	0.0457
000333	G	0.000322	0.528326	0.439356	0.1667	0.1702	0.1940	0.0500	0.1766	0.1933	0.0559
000334	K	0.000292	0.559261	0.447923	0.1667	0.1791	0.2470	0.0600	0.1920	0.2004	0.0669
000335	E	0.000456	0.591393	0.454386	0.1602	0.1349	0.2920	0.0490	0.1965	0.2141	0.0792
000336	F	0.000886	0.620226	0.460592	0.1456	0.0967	0.3270	0.0720	0.1984	0.2293	0.1007
000337	S	0.001363	0.608281	0.461500	0.1566	0.0967	0.2800	0.0700	0.1904	0.2242	0.1254
000338	G	0.004886	0.601578	0.465967	0.1844	0.1528	0.2460	0.0680	0.1983	0.2146	0.1728
000339	H	0.007222	0.579356	0.470568	0.1380	0.1476	0.2270	0.0630	0.1832	0.2144	0.2406
000340	S	0.010523	0.575755	0.477091	0.2209	0.2817	0.1830	0.0530	0.2119	0.2037	0.3153
000341	S	0.017531	0.552224	0.480397	0.2041	0.2752	0.1430	0.0470	0.1987	0.2025	0.3744
000342	L	0.017674	0.553510	0.489842	0.1958	0.2752	0.1200	0.0440	0.1937	0.2083	0.4311
000343	T	0.018146	0.520603	0.500983	0.2963	0.4441	0.1120	0.0380	0.2318	0.2102	0.3992
000344	T	0.018050	0.502796	0.511536	0.3053	0.3704	0.1190	0.0520	0.2193	0.2027	0.3823
000345	H	0.017642	0.479001	0.519011	0.3263	0.3704	0.1250	0.0570	0.2198	0.2003	0.3570
000346	L	0.017168	0.450816	0.529058	0.2558	0.2164	0.1380	0.0670	0.1796	0.1962	0.3346
000347	L	0.013660	0.421248	0.540240	0.3491	0.3087	0.1250	0.0510	0.2030	0.1982	0.3580
000348	I	0.011323	0.414875	0.550280	0.2292	0.3117	0.1210	0.0500	0.1814	0.2010	0.3942
000349	H	0.008024	0.466550	0.562584	0.2483	0.1702	0.1290	0.0580	0.1704	0.2143	0.4105
000350	T	0.001025	0.497662	0.571624	0.2657	0.1611	0.1310	0.0540	0.1760	0.2239	0.3221
000351	G	0.001219	0.533470	0.581947	0.1566	0.1702	0.1200	0.0390	0.1636	0.2381	0.2504
000352	E	0.000973	0.547912	0.591782	0.1495	0.1611	0.1060	0.0290	0.1610	0.2463	0.1946
000353	K	0.007989	0.556916	0.603476	0.2122	0.1349	0.1020	0.0340	0.1690	0.2492	0.1556
000354	P	0.011204	0.572984	0.617366	0.2080	0.1476	0.1040	0.0390	0.1739	0.2547	0.1308
000355	Y	0.016005	0.566065	0.621738	0.1532	0.1554	0.1200	0.0520	0.1684	0.2548	0.1108
000356	K	0.020923	0.566338	0.626730	0.1667	0.1528	0.1170	0.0580	0.1707	0.2550	0.0919
000357	C	0.025859	0.568797	0.626822	0.2041	0.1275	0.1110	0.0550	0.1729	0.2554	0.0756
000358	K	0.029834	0.563173	0.624158	0.2558	0.1671	0.1070	0.0580	0.1872	0.2478	0.0782
000359	E	0.033220	0.547986	0.620517	0.2255	0.1611	0.1220	0.0590	0.1816	0.2432	0.0831
000360	C	0.032935	0.544360	0.616576	0.2385	0.1528	0.1330	0.0590	0.1835	0.2405	0.0960
000361	D	0.033762	0.534222	0.618865	0.1958	0.1251	0.1490	0.0600	0.1730	0.2422	0.1299
000362	K	0.041427	0.505433	0.621708	0.1921	0.1323	0.1900	0.0780	0.1768	0.2333	0.1796
000363	A	0.039244	0.484318	0.617407	0.1566	0.1349	0.2110	0.1010	0.1710	0.2302	0.2416
000364	F	0.037031	0.469961	0.608463	0.1456	0.1399	0.2240	0.1050	0.1694	0.2255	0.3080
000365	R	0.033465	0.425420	0.601733	0.1292	0.1373	0.1990	0.1010	0.1541	0.2204	0.3716
000366	H	0.029898	0.424417	0.598348	0.1921	0.2064	0.1870	0.0980	0.1733	0.2105	0.4286
000367	K	0.033138	0.447643	0.595925	0.1921	0.2129	0.1810	0.0900	0.1779	0.2121	0.3837
000368	F	0.033083	0.435586	0.600213	0.3005	0.3631	0.1640	0.0710	0.2160	0.2085	0.3353
000369	S	0.033654	0.441762	0.599689	0.2963	0.3566	0.1420	0.0490	0.2117	0.2114	0.3253
000370	L	0.033034	0.465003	0.603844	0.2865	0.3631	0.1480	0.0560	0.2159	0.2150	0.3166
000371	T	0.021173	0.480165	0.607193	0.3939	0.5419	0.1610	0.0590	0.2664	0.2328	0.3235
000372	V	0.020195	0.497332	0.611889	0.4149	0.4652	0.1750	0.0610	0.2621	0.2267	0.3430
000373	H	0.017952	0.516798	0.611290	0.4333	0.4652	0.1820	0.0760	0.2692	0.2290	0.3738
000374	Q	0.017392	0.542020	0.618352	0.3806	0.3356	0.2110	0.1100	0.2478	0.2250	0.4078
000375	R	0.019863	0.560758	0.625691	0.4703	0.4330	0.2230	0.1130	0.2845	0.2321	0.4103
000376	N	0.013062	0.581433	0.632385	0.3399	0.4186	0.2030	0.1090	0.2593	0.2376	0.3665
000377	H	0.010245	0.600357	0.640556	0.3668	0.2680	0.1930	0.0890	0.2397	0.2458	0.3297
000378	N	0.009734	0.604675	0.648920	0.3630	0.2609	0.1940	0.1010	0.2387	0.2492	0.2756
000379	G	0.009337	0.586930	0.658806	0.3225	0.3566	0.1860	0.1050	0.2435	0.2475	0.2288
000380	E	0.006715	0.586236	0.665714	0.3184	0.3215	0.1710	0.0980	0.2339	0.2520	0.1972
000381	K	0.006814	0.604908	0.671252	0.3939	0.2951	0.1710	0.1090	0.2452	0.2575	0.1765
000382	P	0.006469	0.589192	0.676179	0.3668	0.2951	0.1610	0.1030	0.2365	0.2572	0.1664
000383	Y	0.005658	0.567515	0.679476	0.3359	0.3426	0.1680	0.1140	0.2365	0.2533	0.1556
000384	K	0.001816	0.540170	0.678651	0.3359	0.2988	0.1300	0.0900	0.2177	0.2554	0.1448
000385	C	0.001391	0.504168	0.669420	0.3359	0.2884	0.1090	0.0730	0.2065	0.2509	0.1380
000386	H	0.001015	0.479927	0.657402	0.2913	0.2817	0.0900	0.0520	0.1907	0.2469	0.1479
000387	E	0.000940	0.444504	0.644029	0.2913	0.2129	0.0930	0.0500	0.1738	0.2402	0.1583
000388	C	0.000861	0.446295	0.632785	0.3005	0.1914	0.1020	0.0510	0.1736	0.2369	0.1766
000389	G	0.000607	0.414748	0.627995	0.2483	0.1914	0.1120	0.0560	0.1612	0.2306	0.2229
000390	K	0.000844	0.381957	0.623581	0.2333	0.2002	0.1340	0.0770	0.1584	0.2233	0.2782
000391	V	0.000957	0.381433	0.620524	0.2531	0.2034	0.1470	0.0930	0.1643	0.2205	0.3389
000392	F	0.001296	0.392675	0.609999	0.2385	0.2034	0.1590	0.1010	0.1657	0.2171	0.3905
000393	T	0.001850	0.372979	0.600843	0.2122	0.1399	0.1540	0.0870	0.1468	0.2171	0.4294
000394	Q	0.002404	0.395361	0.595914	0.2865	0.2094	0.1540	0.0930	0.1746	0.2121	0.3918
000395	V	0.004331	0.412847	0.596422	0.2255	0.2002	0.1670	0.1020	0.1684	0.2138	0.3434
000396	S	0.006936	0.397942	0.594787	0.3456	0.3426	0.1660	0.1010	0.2098	0.2093	0.3106
000397	H	0.007424	0.398477	0.589883	0.3146	0.3356	0.1740	0.1000	0.2050	0.2060	0.2963
000398	L	0.007700	0.423163	0.587566	0.3096	0.3426	0.1830	0.1050	0.2110	0.2065	0.2874
000399	A	0.008547	0.446493	0.585249	0.4333	0.5139	0.1860	0.0980	0.2647	0.2229	0.2872
000400	R	0.009680	0.474592	0.585161	0.4420	0.4330	0.1810	0.0920	0.2567	0.2189	0.3019
000401	H	0.010445	0.501732	0.584838	0.4600	0.4330	0.1670	0.0750	0.2620	0.2245	0.3197
000402	Q	0.010345	0.523376	0.587965	0.4282	0.3286	0.1550	0.0650	0.2409	0.2249	0.3364
000403	K	0.010165	0.518922	0.592129	0.5126	0.4292	0.1500	0.0640	0.2701	0.2351	0.3598
000404	I	0.008679	0.527153	0.596911	0.3992	0.4330	0.1360	0.0540	0.2506	0.2322	0.3821
000405	H	0.006697	0.537016	0.599795	0.3992	0.2817	0.1300	0.0460	0.2257	0.2335	0.4213
000406	T	0.006316	0.536827	0.599816	0.4379	0.3182	0.1340	0.0430	0.2389	0.2345	0.3860
000407	G	0.006029	0.535733	0.600192	0.3146	0.3286	0.1250	0.0430	0.2183	0.2316	0.3330
000408	E	0.004769	0.530923	0.593680	0.3096	0.2849	0.1070	0.0340	0.2063	0.2319	0.2873
000409	K	0.003519	0.533863	0.582400	0.3668	0.2541	0.1070	0.0430	0.2108	0.2318	0.2553
000410	P	0.002429	0.519998	0.575938	0.3491	0.2680	0.1000	0.0400	0.2066	0.2280	0.2299
000411	Y	0.001988	0.496319	0.571439	0.2657	0.2609	0.1070	0.0430	0.1887	0.2213	0.2089
000412	K	0.001628	0.476782	0.567368	0.2558	0.2680	0.0880	0.0450	0.1817	0.2198	0.1837
000413	C	0.001063	0.446436	0.559242	0.2602	0.2575	0.0800	0.0400	0.1742	0.2143	0.1589
000414	N	0.000424	0.426003	0.549980	0.2558	0.2575	0.0810	0.0430	0.1701	0.2088	0.1488
000415	E	0.000252	0.393039	0.541559	0.3146	0.2575	0.0870	0.0440	0.1753	0.2026	0.1430
000416	C	0.000277	0.393781	0.536508	0.3146	0.2364	0.0930	0.0420	0.1730	0.2005	0.1464
000417	G	0.000350	0.375373	0.537905	0.2748	0.2503	0.1020	0.0430	0.1671	0.1964	0.1723
000418	K	0.000721	0.346318	0.531758	0.2602	0.2609	0.1310	0.0670	0.1666	0.1880	0.2033
000419	V	0.000864	0.352981	0.524165	0.2602	0.2645	0.1570	0.0920	0.1726	0.1835	0.2385
000420	F	0.001319	0.364543	0.511541	0.2385	0.2715	0.1890	0.1040	0.1774	0.1781	0.2662
000421	T	0.001837	0.368643	0.501161	0.2167	0.1969	0.1940	0.1030	0.1631	0.1768	0.2890
000422	Q	0.002355	0.400677	0.494086	0.2913	0.2817	0.2050	0.1120	0.1969	0.1751	0.3214
000423	N	0.003816	0.415275	0.489664	0.2292	0.2752	0.2320	0.1040	0.1926	0.1747	0.3654
000424	S	0.005832	0.425343	0.486080	0.3456	0.4186	0.1990	0.0820	0.2324	0.1833	0.4141
000425	H	0.007826	0.446123	0.481433	0.3225	0.4087	0.1780	0.0740	0.2272	0.1849	0.4200
000426	L	0.008701	0.470904	0.477719	0.3146	0.4149	0.1690	0.0760	0.2297	0.1887	0.3973
000427	A	0.011193	0.480817	0.476934	0.4333	0.6043	0.1530	0.0670	0.2804	0.2220	0.3850
000428	N	0.012662	0.506438	0.477222	0.4420	0.5098	0.1460	0.0560	0.2695	0.2113	0.3959
000429	H	0.013292	0.505493	0.474914	0.4556	0.5139	0.1570	0.0610	0.2743	0.2105	0.4027
000430	Q	0.013064	0.480216	0.471017	0.4149	0.4087	0.1790	0.0770	0.2493	0.1897	0.4105
000431	R	0.012774	0.474284	0.465580	0.5043	0.5098	0.1880	0.0900	0.2816	0.2056	0.4212
000432	I	0.011621	0.461148	0.457436	0.3992	0.4652	0.2070	0.1290	0.2573	0.1861	0.4271
000433	H	0.009993	0.465660	0.449279	0.3992	0.3149	0.2110	0.1390	0.2335	0.1756	0.4272
000434	T	0.007995	0.470803	0.440506	0.3399	0.3053	0.2290	0.1390	0.2255	0.1699	0.3947
000435	G	0.007732	0.460932	0.431334	0.2167	0.3182	0.2020	0.0990	0.2010	0.1693	0.3657
000436	E	0.005556	0.476665	0.417216	0.2209	0.2715	0.1680	0.0730	0.1904	0.1711	0.3423
000437	K	0.004790	0.458089	0.403396	0.2913	0.2436	0.1600	0.0820	0.1930	0.1649	0.3321
000438	P	0.003738	0.418652	0.392849	0.2700	0.2680	0.1270	0.0620	0.1812	0.1587	0.3278
000439	Y	0.003444	0.361895	0.384622	0.1805	0.2680	0.1110	0.0580	0.1542	0.1497	0.3259
000440	K	0.003188	0.312724	0.381183	0.1958	0.2575	0.0800	0.0380	0.1416	0.1449	0.3210
000441	C	0.002854	0.261741	0.372696	0.1878	0.2470	0.0600	0.0270	0.1266	0.1396	0.3146
000442	H	0.002455	0.230874	0.361239	0.1878	0.1554	0.0460	0.0220	0.1038	0.1327	0.3234
000443	V	0.002428	0.205537	0.349086	0.2432	0.1323	0.0420	0.0210	0.1043	0.1319	0.3331
000444	C	0.001721	0.204733	0.341051	0.1566	0.1007	0.0470	0.0230	0.0851	0.1249	0.3451
000445	G	0.001074	0.205531	0.337094	0.1041	0.1048	0.0530	0.0280	0.0781	0.1233	0.3816
000446	K	0.000986	0.198250	0.332690	0.0813	0.1115	0.0620	0.0300	0.0756	0.1212	0.4163
000447	V	0.001004	0.196337	0.330280	0.0858	0.1137	0.0700	0.0310	0.0779	0.1191	0.4175
000448	F	0.001074	0.183313	0.321115	0.0771	0.1162	0.0870	0.0330	0.0774	0.1140	0.3965
000449	R	0.001169	0.184534	0.322806	0.0660	0.1028	0.1140	0.0400	0.0781	0.1149	0.3827
000450	H	0.001790	0.211502	0.330340	0.1060	0.1229	0.1430	0.0570	0.0975	0.1148	0.3727
000451	S	0.008261	0.247467	0.339241	0.0991	0.1251	0.1810	0.0790	0.1101	0.1205	0.3620
000452	S	0.014355	0.261677	0.345735	0.1322	0.2470	0.2270	0.1130	0.1471	0.1203	0.3483
000453	W	0.016119	0.299677	0.352936	0.1205	0.2503	0.2640	0.1150	0.1585	0.1285	0.3430
000454	F	0.017709	0.356438	0.356493	0.1566	0.2503	0.3220	0.1100	0.1839	0.1363	0.3417
000455	V	0.024340	0.404746	0.360186	0.2700	0.3392	0.3700	0.1230	0.2347	0.1410	0.3406
000456	Q	0.036842	0.433963	0.362775	0.2080	0.3392	0.4260	0.1460	0.2406	0.1521	0.3515
000457	H	0.058743	0.443105	0.363609	0.1322	0.3426	0.5210	0.1420	0.2496	0.1747	0.3608
000458	Q	0.071360	0.418997	0.362335	0.1635	0.3774	0.6020	0.1400	0.2722	0.1834	0.3703
000459	R	0.099338	0.401384	0.361211	0.2558	0.4507	0.6880	0.1240	0.3159	0.1901	0.3743
000460	S	0.114022	0.416622	0.357812	0.2913	0.4220	0.7320	0.1100	0.3293	0.1944	0.3758
000461	V	0.125905	0.474498	0.356260	0.3399	0.3948	0.7250	0.1080	0.3433	0.1883	0.3748
000462	H	0.132915	0.569995	0.357757	0.3806	0.3807	0.6410	0.1220	0.3509	0.1739	0.3751
000463	E	0.149975	0.609502	0.358020	0.4203	0.3631	0.6340	0.1260	0.3628	0.1747	0.3833
000464	R	0.187513	0.693313	0.355905	0.5667	0.4582	0.6270	0.1650	0.4222	0.1813	0.3882
000465	V	0.161929	0.738569	0.353590	0.6870	0.5854	0.7690	0.1220	0.4903	0.2286	0.3905
000466	L	0.078986	0.748213	0.352649	0.7688	0.6531	0.7970	0.1330	0.5077	0.2705	0.3903
000467	T	0.168400	0.767651	0.352394	0.8036	0.6227	0.8910	0.0470	0.5422	0.2655	0.3895
000468	N	0.404669	0.826442	0.356539	0.8488	0.5854	0.8690	0.1020	0.5891	0.2200	0.3904