RESNUM	RES	VL-XT	VSL2B	VL3	IUPred-S	IUPred-L	PONDRFIT	FITERROR	MDP	MDPERROR	ANCHOR2
000001	M	0.633287	0.881973	0.179443	0.7817	0.0948	0.9550	0.0230	0.5578	0.3357	0.2646
000002	S	0.639789	0.897047	0.176308	0.7644	0.1206	0.9080	0.0210	0.5550	0.3227	0.2528
000003	H	0.539464	0.881129	0.173425	0.6219	0.1671	0.8860	0.0390	0.5159	0.2947	0.2414
000004	T	0.558947	0.825401	0.171017	0.5711	0.2094	0.8260	0.0500	0.4985	0.2627	0.2297
000005	E	0.475596	0.741341	0.168437	0.5296	0.1373	0.8060	0.1090	0.4483	0.2569	0.2239
000006	V	0.463863	0.646197	0.165133	0.4879	0.0888	0.8270	0.1140	0.4190	0.2578	0.2191
000007	K	0.412446	0.545258	0.162129	0.3535	0.1137	0.8040	0.0840	0.3714	0.2343	0.2128
000008	L	0.373736	0.444115	0.159002	0.2292	0.1092	0.7530	0.0670	0.3182	0.2179	0.2041
000009	K	0.330458	0.355829	0.155695	0.1878	0.0870	0.6660	0.0850	0.2711	0.1917	0.1912
000010	I	0.306644	0.285171	0.152819	0.1240	0.0555	0.6400	0.0510	0.2352	0.1927	0.1764
000011	P	0.253517	0.235167	0.150702	0.0621	0.0414	0.4440	0.0930	0.1726	0.1377	0.1685
000012	F	0.218692	0.191391	0.149229	0.0502	0.0380	0.3730	0.1080	0.1453	0.1155	0.1591
000013	G	0.185399	0.166769	0.147681	0.0304	0.0473	0.3150	0.0900	0.1242	0.0977	0.1520
000014	N	0.141082	0.140156	0.146331	0.0182	0.0494	0.2490	0.0470	0.0997	0.0787	0.1495
000015	K	0.082788	0.117830	0.144784	0.0252	0.0506	0.1610	0.0330	0.0729	0.0544	0.1489
000016	L	0.063145	0.106053	0.142822	0.0245	0.0443	0.1130	0.0330	0.0585	0.0479	0.1459
000017	L	0.041970	0.091881	0.138810	0.0405	0.0398	0.0740	0.0230	0.0481	0.0428	0.1397
000018	D	0.023157	0.089444	0.137065	0.0414	0.0389	0.0550	0.0180	0.0413	0.0447	0.1279
000019	A	0.002184	0.089559	0.136041	0.0414	0.0364	0.0540	0.0140	0.0372	0.0484	0.1170
000020	V	0.002100	0.092829	0.135043	0.0405	0.0334	0.0540	0.0140	0.0371	0.0487	0.1061
000021	C	0.001779	0.090529	0.133872	0.0441	0.0349	0.0510	0.0120	0.0370	0.0478	0.0960
000022	L	0.001233	0.106888	0.130656	0.0363	0.0178	0.0520	0.0120	0.0357	0.0514	0.0893
000023	V	0.001324	0.119956	0.125502	0.0414	0.0218	0.0530	0.0130	0.0396	0.0513	0.0819
000024	P	0.001753	0.129152	0.120662	0.0245	0.0231	0.0470	0.0120	0.0376	0.0533	0.0754
000025	N	0.018767	0.131584	0.115689	0.0121	0.0218	0.0480	0.0140	0.0388	0.0517	0.0675
000026	K	0.039397	0.134928	0.115857	0.0118	0.0202	0.0530	0.0140	0.0432	0.0505	0.0625
000027	S	0.042437	0.134650	0.115462	0.0212	0.0263	0.0510	0.0140	0.0460	0.0478	0.0564
000028	L	0.069485	0.131575	0.115578	0.0350	0.0443	0.0510	0.0150	0.0552	0.0413	0.0516
000029	T	0.119419	0.135863	0.115193	0.0268	0.0414	0.0520	0.0180	0.0626	0.0469	0.0481
000030	Y	0.159352	0.144390	0.114419	0.0336	0.0555	0.0660	0.0260	0.0765	0.0505	0.0446
000031	G	0.199282	0.156148	0.115234	0.0502	0.0631	0.0720	0.0340	0.0901	0.0571	0.0432
000032	I	0.217589	0.163039	0.115832	0.0789	0.1229	0.0890	0.0400	0.1119	0.0509	0.0433
000033	I	0.235842	0.167565	0.116824	0.0965	0.1206	0.0900	0.0320	0.1185	0.0539	0.0430
000034	L	0.229910	0.186002	0.117872	0.1349	0.1881	0.1080	0.0410	0.1411	0.0479	0.0432
000035	T	0.254092	0.205390	0.118429	0.0621	0.1671	0.1440	0.0590	0.1387	0.0644	0.0432
000036	H	0.271987	0.243288	0.121367	0.0771	0.1007	0.1920	0.0660	0.1475	0.0758	0.0449
000037	G	0.280412	0.292973	0.124921	0.0677	0.0780	0.2320	0.0690	0.1585	0.0950	0.0446
000038	A	0.276343	0.359352	0.128125	0.0376	0.0780	0.2940	0.0510	0.1743	0.1219	0.0466
000039	S	0.277411	0.430328	0.131759	0.0502	0.0799	0.3700	0.0820	0.2013	0.1466	0.0496
000040	G	0.276493	0.515578	0.136224	0.0502	0.0631	0.3550	0.0690	0.2101	0.1690	0.0532
000041	D	0.323841	0.560631	0.141360	0.0502	0.1137	0.3270	0.0540	0.2293	0.1739	0.0578
000042	M	0.386630	0.574250	0.145320	0.0405	0.1184	0.3020	0.0430	0.2369	0.1832	0.0618
000043	N	0.457329	0.564917	0.147391	0.0744	0.1251	0.3000	0.0600	0.2536	0.1828	0.0646
000044	L	0.494272	0.546091	0.150149	0.1178	0.1702	0.3240	0.0850	0.2753	0.1708	0.0668
000045	P	0.475213	0.492375	0.152822	0.1088	0.2436	0.3370	0.0880	0.2761	0.1496	0.0689
000046	H	0.439627	0.446780	0.155378	0.0858	0.2436	0.3400	0.0810	0.2593	0.1387	0.0705
000047	L	0.393722	0.450264	0.158755	0.0909	0.2399	0.3550	0.0680	0.2550	0.1315	0.0706
000048	M	0.352669	0.462738	0.161352	0.0909	0.1424	0.3800	0.0730	0.2382	0.1417	0.0714
000049	S	0.313607	0.467761	0.161519	0.1117	0.0909	0.3660	0.0800	0.2250	0.1423	0.0690
000050	L	0.247686	0.496435	0.161721	0.0542	0.0494	0.3610	0.0720	0.2014	0.1638	0.0659
000051	A	0.165929	0.505170	0.161899	0.0274	0.0306	0.3080	0.0640	0.1728	0.1684	0.0592
000052	S	0.084145	0.460876	0.161594	0.0118	0.0313	0.2700	0.0710	0.1430	0.1584	0.0542
000053	H	0.002362	0.402805	0.160708	0.0082	0.0202	0.2250	0.0600	0.1097	0.1481	0.0515
000054	L	0.000505	0.346681	0.159959	0.0087	0.0194	0.1790	0.0400	0.0923	0.1275	0.0479
000055	A	0.000374	0.268290	0.160279	0.0079	0.0184	0.1210	0.0280	0.0693	0.1014	0.0440
000056	S	0.000340	0.211889	0.160067	0.0067	0.0163	0.0790	0.0130	0.0524	0.0855	0.0399
000057	H	0.000316	0.180811	0.159289	0.0029	0.0160	0.0650	0.0220	0.0442	0.0783	0.0373
000058	G	0.000283	0.140138	0.159397	0.0069	0.0160	0.0530	0.0250	0.0360	0.0694	0.0343
000059	F	0.000253	0.094618	0.158769	0.0082	0.0209	0.0480	0.0260	0.0287	0.0618	0.0326
000060	F	0.000242	0.076210	0.158266	0.0040	0.0134	0.0390	0.0180	0.0222	0.0614	0.0318
000061	C	0.000258	0.058730	0.157771	0.0082	0.0148	0.0320	0.0110	0.0190	0.0599	0.0306
000062	L	0.000300	0.048916	0.155457	0.0059	0.0174	0.0260	0.0060	0.0165	0.0589	0.0336
000063	R	0.000328	0.043896	0.152583	0.0029	0.0184	0.0220	0.0040	0.0146	0.0582	0.0370
000064	F	0.000308	0.044945	0.149740	0.0029	0.0117	0.0230	0.0050	0.0138	0.0575	0.0390
000065	T	0.000303	0.052279	0.147514	0.0074	0.0178	0.0240	0.0060	0.0170	0.0558	0.0418
000066	C	0.000404	0.054417	0.147687	0.0044	0.0178	0.0270	0.0080	0.0173	0.0562	0.0461
000067	K	0.001281	0.065320	0.145868	0.0049	0.0113	0.0290	0.0090	0.0186	0.0563	0.0533
000068	G	0.002743	0.079783	0.144340	0.0034	0.0115	0.0330	0.0100	0.0217	0.0568	0.0579
000069	L	0.004727	0.082775	0.141819	0.0012	0.0115	0.0380	0.0140	0.0230	0.0561	0.0661
000070	N	0.004691	0.084577	0.140823	0.0042	0.0151	0.0400	0.0150	0.0247	0.0551	0.0744
000071	I	0.004699	0.093175	0.141868	0.0094	0.0184	0.0440	0.0160	0.0282	0.0553	0.0848
000072	V	0.006981	0.103876	0.143401	0.0124	0.0349	0.0460	0.0170	0.0340	0.0551	0.1003
000073	H	0.014205	0.108468	0.143525	0.0128	0.0327	0.0490	0.0210	0.0362	0.0547	0.1101
000074	R	0.014850	0.133404	0.144367	0.0118	0.0194	0.0530	0.0210	0.0388	0.0605	0.1150
000075	I	0.015388	0.154480	0.145600	0.0144	0.0405	0.0580	0.0230	0.0472	0.0625	0.1172
000076	K	0.014628	0.160009	0.146167	0.0082	0.0405	0.0590	0.0240	0.0470	0.0650	0.1228
000077	A	0.013204	0.178367	0.148737	0.0182	0.0734	0.0700	0.0240	0.0589	0.0664	0.1251
000078	Y	0.011795	0.203482	0.150141	0.0167	0.0704	0.0870	0.0300	0.0649	0.0732	0.1255
000079	K	0.012345	0.207840	0.152543	0.0179	0.0780	0.0880	0.0310	0.0674	0.0742	0.1314
000080	S	0.013018	0.208420	0.152228	0.0327	0.0719	0.0980	0.0400	0.0707	0.0720	0.1329
000081	V	0.010759	0.241995	0.152757	0.0327	0.0690	0.1140	0.0440	0.0782	0.0821	0.1319
000082	L	0.003621	0.241383	0.151195	0.0327	0.0719	0.1360	0.0420	0.0809	0.0838	0.1266
000083	N	0.002969	0.256216	0.149171	0.0554	0.0888	0.1520	0.0430	0.0925	0.0846	0.1163
000084	Y	0.002314	0.297222	0.149084	0.0336	0.0870	0.1740	0.0460	0.0990	0.1010	0.1079
000085	L	0.002189	0.335589	0.147872	0.0259	0.0568	0.1590	0.0410	0.0966	0.1149	0.1029
000086	K	0.002158	0.346066	0.146069	0.0478	0.0494	0.1550	0.0420	0.1001	0.1159	0.1001
000087	T	0.001596	0.380686	0.146992	0.0316	0.0294	0.1560	0.0340	0.0999	0.1314	0.0945
000088	S	0.001151	0.387148	0.146452	0.0245	0.0356	0.1520	0.0250	0.1000	0.1335	0.0910
000089	G	0.000611	0.354802	0.145308	0.0297	0.0631	0.1230	0.0220	0.0951	0.1190	0.0867
000090	E	0.000775	0.330839	0.147970	0.0279	0.0662	0.0830	0.0160	0.0847	0.1120	0.0831
000091	Y	0.004032	0.308470	0.152633	0.0274	0.0662	0.0680	0.0170	0.0790	0.1054	0.0816
000092	K	0.021813	0.272178	0.154689	0.0441	0.0765	0.0530	0.0200	0.0780	0.0899	0.0830
000093	L	0.045788	0.251688	0.156228	0.0789	0.1206	0.0500	0.0220	0.0911	0.0762	0.0864
000094	A	0.070036	0.239408	0.157637	0.0607	0.1115	0.0540	0.0250	0.0893	0.0708	0.0913
000095	G	0.088703	0.212629	0.158641	0.1088	0.1914	0.0630	0.0290	0.1108	0.0605	0.0985
000096	V	0.110664	0.202320	0.158951	0.1732	0.2364	0.0770	0.0310	0.1332	0.0597	0.1099
000097	F	0.113513	0.229932	0.157250	0.1667	0.2034	0.1070	0.0470	0.1367	0.0515	0.1215
000098	L	0.116836	0.262284	0.155650	0.1349	0.1731	0.1280	0.0450	0.1358	0.0551	0.1331
000099	G	0.118095	0.329307	0.153801	0.1117	0.1731	0.1750	0.0640	0.1512	0.0768	0.1438
000100	G	0.116157	0.406242	0.153495	0.0965	0.1298	0.2550	0.0590	0.1674	0.1111	0.1583
000101	R	0.099195	0.470625	0.151952	0.0991	0.0967	0.3720	0.0580	0.1895	0.1519	0.1760
000102	S	0.080153	0.514968	0.148762	0.1205	0.0967	0.4670	0.1060	0.2132	0.1824	0.1927
000103	M	0.066707	0.556233	0.145635	0.0909	0.0985	0.5060	0.1350	0.2198	0.2064	0.2054
000104	G	0.112326	0.582702	0.145567	0.0884	0.0948	0.4810	0.1390	0.2265	0.2031	0.2171
000105	S	0.145885	0.604323	0.146629	0.1088	0.1206	0.4090	0.1000	0.2314	0.1881	0.2323
000106	R	0.198498	0.573722	0.147379	0.0701	0.1399	0.3640	0.0980	0.2243	0.1727	0.2438
000107	A	0.233609	0.538698	0.148535	0.1088	0.1969	0.3150	0.1080	0.2322	0.1440	0.2481
000108	A	0.290414	0.466250	0.146360	0.1998	0.3087	0.2420	0.0910	0.2512	0.1039	0.2530
000109	A	0.313062	0.392029	0.146050	0.2748	0.3872	0.1950	0.0760	0.2604	0.0946	0.2599
000110	S	0.332063	0.325624	0.145526	0.2865	0.3948	0.1720	0.0540	0.2518	0.0924	0.2673
000111	V	0.340399	0.278100	0.147751	0.2913	0.4017	0.1740	0.0430	0.2476	0.0918	0.2719
000112	M	0.341888	0.253160	0.149187	0.2963	0.2884	0.1730	0.0450	0.2254	0.0730	0.2725
000113	C	0.289596	0.267309	0.152483	0.3053	0.2292	0.1680	0.0430	0.2100	0.0634	0.2725
000114	H	0.242864	0.298443	0.157242	0.2700	0.2715	0.1620	0.0430	0.2076	0.0606	0.2792
000115	I	0.190920	0.333840	0.161495	0.2255	0.2715	0.1760	0.0660	0.1997	0.0657	0.2817
000116	E	0.154815	0.372165	0.165076	0.2209	0.1969	0.1670	0.0560	0.1853	0.0796	0.2818
000117	P	0.099040	0.417707	0.170784	0.2292	0.1251	0.1620	0.0520	0.1721	0.1090	0.2880
000118	D	0.076261	0.433795	0.178174	0.1958	0.0870	0.1390	0.0390	0.1554	0.1231	0.2991
000119	D	0.058532	0.464655	0.189496	0.1766	0.0631	0.1150	0.0340	0.1463	0.1413	0.3033
000120	G	0.049112	0.429619	0.198755	0.1292	0.0749	0.0890	0.0230	0.1286	0.1331	0.3078
000121	D	0.040663	0.387476	0.207459	0.0858	0.0414	0.0750	0.0230	0.1051	0.1289	0.3146
000122	D	0.032224	0.316229	0.209005	0.1322	0.0734	0.0700	0.0200	0.1039	0.1034	0.3217
000123	F	0.026942	0.256137	0.210316	0.1060	0.0555	0.0600	0.0170	0.0841	0.0919	0.3307
000124	V	0.025172	0.212967	0.212489	0.2080	0.1028	0.0510	0.0180	0.1001	0.0866	0.3398
000125	R	0.024269	0.176739	0.214779	0.1349	0.1007	0.0460	0.0170	0.0804	0.0765	0.3431
000126	G	0.022247	0.147816	0.218448	0.1844	0.1881	0.0440	0.0180	0.0978	0.0829	0.3521
000127	L	0.021193	0.133605	0.220679	0.1635	0.1759	0.0510	0.0200	0.0909	0.0792	0.3638
000128	I	0.019135	0.128005	0.222911	0.1667	0.1643	0.0560	0.0230	0.0890	0.0787	0.3627
000129	C	0.015333	0.155800	0.227065	0.1602	0.1731	0.0540	0.0160	0.0931	0.0820	0.3545
000130	I	0.014731	0.174346	0.231622	0.1732	0.1702	0.0710	0.0140	0.1006	0.0826	0.3624
000131	S	0.013284	0.207981	0.235245	0.1921	0.1731	0.0920	0.0170	0.1130	0.0859	0.3718
000132	Y	0.011631	0.230165	0.241079	0.1766	0.1092	0.1340	0.0360	0.1102	0.0877	0.3787
000133	P	0.015634	0.278540	0.247736	0.1667	0.1092	0.1760	0.0520	0.1244	0.0962	0.3898
000134	L	0.019861	0.332953	0.256033	0.1602	0.1969	0.2540	0.0750	0.1607	0.1070	0.3982
000135	H	0.020709	0.398627	0.262571	0.1958	0.2680	0.2990	0.0880	0.1970	0.1235	0.4054
000136	H	0.041836	0.482418	0.272984	0.2041	0.2645	0.3250	0.1030	0.2197	0.1396	0.4095
000137	P	0.062671	0.543209	0.283950	0.2080	0.1914	0.3670	0.1340	0.2287	0.1583	0.4093
000138	K	0.102243	0.577162	0.299894	0.2820	0.1671	0.3850	0.1600	0.2523	0.1613	0.4091
000139	Q	0.196565	0.618836	0.314866	0.2700	0.2470	0.3600	0.1550	0.2821	0.1468	0.4214
000140	Q	0.292014	0.633981	0.328405	0.2786	0.2609	0.3100	0.1110	0.2960	0.1397	0.4317
000141	H	0.388781	0.654190	0.342845	0.3456	0.3426	0.2640	0.0910	0.3325	0.1365	0.4228
000142	K	0.481870	0.597989	0.359281	0.2531	0.3566	0.2210	0.0740	0.3184	0.1425	0.4189
000143	L	0.545004	0.568225	0.374505	0.3263	0.4801	0.1700	0.0560	0.3483	0.1513	0.4141
000144	R	0.596923	0.567629	0.389269	0.3005	0.3910	0.1440	0.0480	0.3334	0.1671	0.4182
000145	D	0.605409	0.551363	0.401412	0.4245	0.3910	0.1580	0.0720	0.3551	0.1572	0.4199
000146	E	0.614871	0.508549	0.413104	0.3806	0.2849	0.1590	0.0790	0.3246	0.1624	0.4145
000147	D	0.608197	0.481965	0.426495	0.3359	0.2224	0.1350	0.0480	0.2973	0.1736	0.3978
000148	L	0.549691	0.438773	0.438231	0.2255	0.1942	0.1230	0.0310	0.2553	0.1712	0.3776
000149	F	0.473995	0.391242	0.443115	0.1766	0.1914	0.1470	0.0560	0.2300	0.1540	0.3639
000150	R	0.424907	0.349253	0.443828	0.1667	0.1759	0.1860	0.0830	0.2171	0.1398	0.3609
000151	L	0.402709	0.344680	0.439360	0.1532	0.1449	0.2200	0.0960	0.2109	0.1382	0.3563
000152	K	0.395888	0.331701	0.429969	0.1698	0.1476	0.2300	0.0850	0.2125	0.1300	0.3562
000153	E	0.404779	0.329201	0.426711	0.1602	0.1528	0.2300	0.0830	0.2128	0.1309	0.3545
000154	P	0.435803	0.316432	0.427897	0.2333	0.1942	0.2270	0.0700	0.2344	0.1200	0.3549
000155	V	0.472222	0.322207	0.430106	0.2432	0.1229	0.2180	0.0610	0.2298	0.1409	0.3469
000156	L	0.518130	0.275545	0.433674	0.2080	0.1298	0.2160	0.0570	0.2246	0.1537	0.3441
000157	F	0.523443	0.267152	0.437939	0.1532	0.1229	0.2080	0.0590	0.2124	0.1644	0.3501
000158	V	0.562048	0.315720	0.443404	0.1566	0.1275	0.1930	0.0670	0.2258	0.1751	0.3671
000159	S	0.572949	0.373801	0.447169	0.2255	0.1298	0.1820	0.0610	0.2473	0.1735	0.3894
000160	G	0.543923	0.397555	0.447777	0.3146	0.1528	0.1870	0.0610	0.2660	0.1576	0.4042
000161	S	0.518788	0.428368	0.447983	0.2483	0.1583	0.1880	0.0660	0.2570	0.1575	0.4104
000162	A	0.500321	0.444432	0.452179	0.2602	0.2292	0.1960	0.0730	0.2718	0.1427	0.4187
000163	D	0.451755	0.473001	0.458104	0.2700	0.1759	0.2010	0.0730	0.2620	0.1473	0.4273
000164	E	0.415664	0.489754	0.465027	0.2700	0.1449	0.2020	0.0580	0.2537	0.1535	0.4328
000165	M	0.374071	0.499691	0.468951	0.1805	0.1349	0.2190	0.0640	0.2347	0.1621	0.4326
000166	C	0.361353	0.505580	0.472039	0.2080	0.1823	0.2020	0.0710	0.2433	0.1537	0.4262
000167	E	0.341162	0.505754	0.470217	0.2786	0.2258	0.1730	0.0640	0.2541	0.1447	0.4222
000168	K	0.305995	0.495940	0.467321	0.3535	0.3392	0.1630	0.0600	0.2763	0.1343	0.4282
000169	N	0.261703	0.472415	0.458127	0.3806	0.3740	0.1570	0.0540	0.2743	0.1343	0.4315
000170	L	0.225083	0.459999	0.446679	0.3847	0.4051	0.1480	0.0500	0.2705	0.1386	0.4193
000171	L	0.181665	0.445516	0.437808	0.3491	0.4119	0.1550	0.0470	0.2571	0.1395	0.4144
000172	E	0.169714	0.452827	0.432066	0.3717	0.4119	0.1700	0.0530	0.2627	0.1392	0.4144
000173	K	0.139530	0.461940	0.420788	0.4037	0.3631	0.2280	0.0630	0.2661	0.1342	0.4129
000174	V	0.102748	0.475520	0.408855	0.3992	0.3667	0.2850	0.0870	0.2715	0.1381	0.4088
000175	A	0.071569	0.481599	0.396584	0.3311	0.2680	0.2910	0.0960	0.2405	0.1429	0.4055
000176	Q	0.031766	0.493680	0.388606	0.3762	0.2292	0.2580	0.0920	0.2315	0.1607	0.4018
000177	K	0.007059	0.492822	0.380535	0.3717	0.3249	0.1960	0.0560	0.2321	0.1683	0.3912
000178	M	0.004222	0.476521	0.370069	0.3005	0.3117	0.1610	0.0470	0.2090	0.1636	0.3828
000179	Q	0.015141	0.433546	0.356805	0.3053	0.2884	0.1510	0.0450	0.1990	0.1502	0.3843
000180	A	0.019294	0.415002	0.345459	0.3096	0.2849	0.1670	0.0560	0.1993	0.1419	0.3813
000181	P	0.025401	0.384138	0.335425	0.3535	0.3667	0.1690	0.0610	0.2164	0.1429	0.3839
000182	H	0.029357	0.351169	0.333062	0.4333	0.4409	0.1780	0.0710	0.2388	0.1569	0.3819
000183	K	0.039873	0.337792	0.332399	0.4333	0.4017	0.1630	0.0720	0.2293	0.1494	0.3796
000184	I	0.044098	0.341282	0.330637	0.4245	0.3774	0.1690	0.0920	0.2261	0.1431	0.3721
000185	H	0.081999	0.349721	0.327535	0.4556	0.3774	0.1560	0.0790	0.2368	0.1409	0.3646
000186	W	0.125901	0.377232	0.323479	0.4556	0.4051	0.1340	0.0560	0.2497	0.1396	0.3606
000187	I	0.169443	0.409615	0.319131	0.3762	0.3948	0.1330	0.0600	0.2472	0.1218	0.3675
000188	E	0.187767	0.416850	0.313457	0.3762	0.3983	0.1380	0.0550	0.2528	0.1187	0.3794
000189	K	0.206154	0.414465	0.308097	0.4116	0.4292	0.1540	0.0530	0.2692	0.1196	0.3899
000190	A	0.202117	0.417335	0.303369	0.3992	0.4220	0.1470	0.0450	0.2646	0.1193	0.3953
000191	N	0.198038	0.392040	0.301131	0.4282	0.4582	0.1480	0.0520	0.2708	0.1264	0.4060
000192	H	0.189564	0.398406	0.298840	0.3939	0.4369	0.1660	0.0640	0.2641	0.1163	0.4136
000193	S	0.229825	0.428597	0.293188	0.3847	0.3774	0.2190	0.0870	0.2732	0.0937	0.4255
000194	M	0.236406	0.459419	0.282715	0.3806	0.2817	0.2460	0.0880	0.2674	0.0927	0.4328
000195	A	0.200073	0.484088	0.269089	0.3885	0.3566	0.2130	0.0520	0.2738	0.1106	0.4240
000196	V	0.166401	0.519404	0.255571	0.2913	0.3631	0.1940	0.0390	0.2557	0.1253	0.4122
000197	K	0.147849	0.521342	0.244394	0.3630	0.3774	0.1960	0.0420	0.2676	0.1326	0.4006
000198	G	0.132740	0.526235	0.234476	0.4245	0.4652	0.2240	0.0630	0.2955	0.1494	0.3978
000199	R	0.138402	0.496333	0.224501	0.3491	0.4541	0.2330	0.0840	0.2785	0.1341	0.3969
000200	S	0.139433	0.458308	0.215557	0.3399	0.4652	0.2480	0.1130	0.2752	0.1269	0.3935
000201	T	0.136966	0.420833	0.212118	0.3630	0.4220	0.2770	0.1360	0.2700	0.1123	0.3890
000202	N	0.092039	0.376335	0.206863	0.3630	0.3426	0.2860	0.1420	0.2434	0.1064	0.3920
000203	D	0.047124	0.347579	0.198598	0.2963	0.2470	0.2680	0.1160	0.2010	0.1007	0.4008
000204	V	0.040541	0.348689	0.194832	0.2333	0.1643	0.2210	0.0940	0.1680	0.0972	0.4211
000205	F	0.030982	0.312998	0.195108	0.1958	0.1323	0.1850	0.0790	0.1429	0.0903	0.4228
000206	K	0.020034	0.258837	0.196334	0.1566	0.1583	0.1320	0.0650	0.1209	0.0792	0.4033
000207	E	0.015436	0.201187	0.195667	0.1566	0.2164	0.1020	0.0530	0.1153	0.0773	0.3839
000208	I	0.010694	0.154876	0.196262	0.1566	0.1501	0.1110	0.0620	0.0972	0.0672	0.3620
000209	N	0.013937	0.108890	0.198643	0.1566	0.1501	0.1180	0.0720	0.0912	0.0662	0.3432
000210	T	0.016704	0.069890	0.203621	0.1060	0.1554	0.1330	0.0950	0.0801	0.0689	0.3257
000211	Q	0.018331	0.057800	0.210379	0.0991	0.1349	0.1010	0.0620	0.0685	0.0697	0.3078
000212	I	0.021394	0.050024	0.218591	0.1018	0.1373	0.0920	0.0550	0.0671	0.0731	0.2846
000213	L	0.022432	0.044194	0.220754	0.0858	0.1298	0.0890	0.0490	0.0618	0.0742	0.2697
000214	F	0.033411	0.042791	0.223627	0.0884	0.1275	0.1210	0.0780	0.0689	0.0735	0.2642
000215	W	0.044749	0.055661	0.226665	0.1117	0.1115	0.1240	0.0620	0.0746	0.0702	0.2729
000216	I	0.065766	0.070536	0.229847	0.1566	0.1914	0.1470	0.0590	0.1052	0.0708	0.2899
000217	Q	0.085125	0.085901	0.233152	0.1178	0.1852	0.2270	0.0760	0.1169	0.0734	0.3083
000218	E	0.103390	0.115516	0.236108	0.1088	0.1528	0.4620	0.1100	0.1571	0.1330	0.3266
000219	I	0.128944	0.174034	0.238864	0.1998	0.1942	0.5870	0.1210	0.2139	0.1575	0.3436
000220	T	0.144390	0.270576	0.241861	0.2483	0.1583	0.7050	0.0880	0.2545	0.1937	0.3656
000221	E	0.159848	0.393756	0.246632	0.2963	0.1298	0.7400	0.0900	0.2867	0.2081	0.3839
000222	M	0.170541	0.549574	0.249672	0.3311	0.0967	0.7460	0.1190	0.3157	0.2286	0.3975
000223	D	0.163624	0.682604	0.253097	0.4379	0.1298	0.6720	0.0980	0.3476	0.2294	0.4206
000224	K	0.154088	0.794481	0.257056	0.5412	0.1759	0.6980	0.0870	0.3939	0.2576	0.4264
000225	K	0.167211	0.871905	0.262224	0.6557	0.2783	0.7520	0.0700	0.4542	0.2750	0.4088
000226	C	0.119969	0.870425	0.268821	0.7573	0.3910	0.8230	0.0720	0.4937	0.2946	0.4021
000227	H	0.044737	0.832688	0.276034	0.8556	0.4940	0.9280	0.0250	0.5258	0.3315	0.4006