RESNUM	RES	VL-XT	VSL2B	VL3	IUPred-S	IUPred-L	PONDRFIT	FITERROR	MDP	MDPERROR	ANCHOR2
000001	M	0.616779	0.907055	0.863561	0.9624	0.3872	0.9880	0.0080	0.7875	0.2161	0.3972
000002	D	0.504698	0.905504	0.865049	0.9235	0.4186	0.9900	0.0050	0.7679	0.2211	0.3963
000003	L	0.597776	0.905726	0.867393	0.9141	0.4149	0.9740	0.0260	0.7789	0.2023	0.3925
000004	C	0.601906	0.903863	0.868438	0.8823	0.4582	0.9660	0.0240	0.7801	0.1842	0.3842
000005	Q	0.598610	0.901625	0.868537	0.8391	0.4801	0.9610	0.0180	0.7749	0.1740	0.3880
000006	K	0.626100	0.895332	0.868024	0.8158	0.5017	0.9700	0.0150	0.7795	0.1630	0.3906
000007	N	0.654979	0.893090	0.867263	0.7724	0.5382	0.9760	0.0150	0.7836	0.1488	0.3921
000008	E	0.665692	0.890544	0.866382	0.7342	0.4766	0.9850	0.0070	0.7697	0.1675	0.3988
000009	T	0.685861	0.888239	0.865108	0.7111	0.4979	0.9800	0.0120	0.7713	0.1590	0.4078
000010	D	0.672369	0.881486	0.863685	0.6374	0.4256	0.9420	0.0560	0.7372	0.1780	0.4162
000011	L	0.699294	0.870798	0.861997	0.6035	0.4441	0.9710	0.0190	0.7418	0.1795	0.4266
000012	E	0.732832	0.854715	0.860921	0.5514	0.4725	0.9350	0.0550	0.7345	0.1696	0.4285
000013	N	0.782712	0.848292	0.859742	0.5253	0.4766	0.9340	0.0540	0.7377	0.1736	0.4329
000014	A	0.825424	0.832733	0.857637	0.5711	0.5382	0.9210	0.0750	0.7576	0.1471	0.4397
000015	E	0.822373	0.811881	0.853974	0.6442	0.7080	0.9040	0.0830	0.7907	0.0881	0.4470
000016	N	0.830386	0.799941	0.849881	0.6255	0.7289	0.8730	0.0930	0.7846	0.0845	0.4492
000017	N	0.824420	0.779115	0.846481	0.6681	0.7547	0.8340	0.1180	0.7844	0.0610	0.4527
000018	E	0.822072	0.772672	0.843724	0.7034	0.6620	0.8070	0.1350	0.7684	0.0653	0.4552
000019	I	0.844112	0.765287	0.841896	0.6756	0.6427	0.7790	0.1520	0.7580	0.0764	0.4579
000020	Q	0.834766	0.745246	0.841015	0.6334	0.4979	0.7490	0.1610	0.7170	0.1198	0.4552
000021	F	0.785398	0.749034	0.841491	0.6079	0.5176	0.7220	0.1620	0.7040	0.1095	0.4513
000022	T	0.735733	0.734912	0.840937	0.5549	0.6089	0.7020	0.1640	0.6962	0.0928	0.4447
000023	E	0.686098	0.736589	0.838640	0.5623	0.5951	0.6460	0.1760	0.6775	0.0918	0.4419
000024	E	0.610819	0.729550	0.836370	0.5802	0.5758	0.6160	0.1620	0.6582	0.0946	0.4398
000025	T	0.536207	0.725161	0.834630	0.5992	0.5951	0.5840	0.1630	0.6457	0.1021	0.4364
000026	E	0.482655	0.712884	0.833355	0.5549	0.5992	0.5010	0.1470	0.6140	0.1236	0.4339
000027	P	0.412789	0.702339	0.829094	0.5583	0.5807	0.4330	0.1530	0.5861	0.1453	0.4317
000028	T	0.330628	0.682841	0.821151	0.5802	0.5807	0.3760	0.1600	0.5619	0.1686	0.4276
000029	Y	0.245181	0.669149	0.809229	0.5374	0.5620	0.3900	0.1660	0.5354	0.1821	0.4229
000030	T	0.194640	0.656297	0.794766	0.5711	0.5901	0.3580	0.1570	0.5275	0.1972	0.4165
000031	C	0.136414	0.648636	0.777619	0.5549	0.5017	0.3940	0.1560	0.5023	0.2023	0.4123
000032	P	0.078517	0.636817	0.758879	0.5623	0.4652	0.3740	0.1670	0.4793	0.2167	0.4093
000033	D	0.060945	0.631764	0.739496	0.5126	0.4149	0.4160	0.1840	0.4627	0.2135	0.4067
000034	G	0.042667	0.611238	0.721389	0.4116	0.3529	0.4300	0.2040	0.4283	0.2137	0.4049
000035	K	0.025247	0.585027	0.704174	0.3399	0.3529	0.4300	0.2230	0.4063	0.2136	0.4055
000036	S	0.011433	0.556459	0.686891	0.2963	0.3149	0.4230	0.2330	0.3815	0.2138	0.4091
000037	E	0.008177	0.545478	0.669170	0.2865	0.2988	0.3780	0.2580	0.3643	0.2094	0.4137
000038	K	0.008272	0.490420	0.650144	0.2041	0.2884	0.3440	0.2420	0.3309	0.2039	0.4177
000039	N	0.009493	0.434875	0.630026	0.2122	0.2364	0.2860	0.2120	0.3016	0.1930	0.4228
000040	H	0.012360	0.370322	0.609085	0.2786	0.3117	0.2340	0.1690	0.3027	0.1771	0.4298
000041	V	0.014410	0.294617	0.588082	0.2167	0.2575	0.1580	0.0900	0.2550	0.1738	0.4370
000042	Y	0.026455	0.250515	0.566669	0.3005	0.3840	0.1120	0.0560	0.2734	0.1763	0.4423
000043	C	0.028691	0.203403	0.544835	0.1958	0.3631	0.0840	0.0350	0.2366	0.1734	0.4442
000044	L	0.030566	0.159258	0.523176	0.1921	0.3667	0.0720	0.0240	0.2240	0.1710	0.4478
000045	L	0.031617	0.160006	0.503289	0.1921	0.3774	0.0750	0.0230	0.2233	0.1662	0.4483
000046	D	0.032967	0.152398	0.486057	0.2255	0.3807	0.0890	0.0300	0.2277	0.1597	0.4438
000047	V	0.031990	0.172700	0.471448	0.2333	0.3667	0.1190	0.0390	0.2326	0.1482	0.4370
000048	S	0.030477	0.199779	0.457764	0.1998	0.3392	0.1770	0.0790	0.2340	0.1342	0.4315
000049	D	0.044428	0.226689	0.443653	0.1958	0.3704	0.2330	0.1360	0.2524	0.1278	0.4276
000050	I	0.083625	0.271264	0.426742	0.1878	0.2918	0.2760	0.1660	0.2562	0.1044	0.4248
000051	T	0.124024	0.340238	0.407072	0.2122	0.2470	0.3060	0.1570	0.2728	0.0914	0.4253
000052	L	0.187146	0.372723	0.384807	0.1878	0.2328	0.3700	0.1400	0.2891	0.0880	0.4255
000053	E	0.198617	0.437565	0.362794	0.1878	0.3053	0.3730	0.1500	0.3109	0.0917	0.4250
000054	Q	0.220280	0.510796	0.341913	0.1998	0.4149	0.3430	0.1710	0.3385	0.1071	0.4245
000055	D	0.238320	0.514093	0.320490	0.2558	0.4685	0.3270	0.1670	0.3541	0.1030	0.4258
000056	E	0.256922	0.493878	0.298601	0.3053	0.4507	0.3150	0.1720	0.3533	0.0869	0.4265
000057	K	0.277396	0.480536	0.276587	0.2963	0.4507	0.2860	0.1620	0.3445	0.0863	0.4234
000058	A	0.283086	0.456260	0.256959	0.2963	0.5055	0.2380	0.1260	0.3394	0.1027	0.4176
000059	K	0.271725	0.392340	0.240152	0.3053	0.4901	0.1580	0.0780	0.3097	0.1069	0.4113
000060	E	0.221144	0.321853	0.226683	0.2963	0.4292	0.1140	0.0520	0.2682	0.0977	0.4018
000061	F	0.157778	0.262503	0.215973	0.3359	0.4864	0.1080	0.0450	0.2610	0.1242	0.3876
000062	I	0.150166	0.207291	0.208069	0.2820	0.4901	0.0870	0.0310	0.2374	0.1277	0.3774
000063	I	0.126932	0.178324	0.201194	0.3630	0.4801	0.0780	0.0300	0.2379	0.1398	0.3742
000064	G	0.108335	0.173334	0.194614	0.3535	0.4652	0.0840	0.0320	0.2298	0.1362	0.3699
000065	T	0.091339	0.160410	0.186799	0.3096	0.4507	0.1000	0.0430	0.2164	0.1271	0.3669
000066	G	0.077393	0.157712	0.178641	0.3005	0.4369	0.1060	0.0390	0.2095	0.1237	0.3638
000067	W	0.054782	0.175298	0.170972	0.2748	0.4119	0.1300	0.0490	0.2029	0.1140	0.3598
000068	E	0.024880	0.197591	0.164336	0.2865	0.4507	0.1050	0.0420	0.2048	0.1361	0.3678
000069	E	0.023723	0.230824	0.159380	0.3146	0.4507	0.1060	0.0390	0.2142	0.1398	0.3785
000070	A	0.021879	0.275038	0.155794	0.3535	0.4441	0.1240	0.0420	0.2290	0.1433	0.3864
000071	V	0.016313	0.299717	0.153564	0.3096	0.3149	0.1350	0.0460	0.2048	0.1119	0.3963
000072	Q	0.016350	0.303999	0.151711	0.3578	0.3356	0.1430	0.0560	0.2181	0.1234	0.4162
000073	G	0.017913	0.311781	0.150780	0.2963	0.3249	0.1550	0.0640	0.2095	0.1114	0.4274
000074	W	0.016345	0.297033	0.149988	0.3005	0.3983	0.1810	0.0790	0.2239	0.1238	0.4263
000075	G	0.020564	0.262217	0.148900	0.2602	0.3910	0.1670	0.0730	0.2083	0.1151	0.4330
000076	R	0.130991	0.242077	0.146830	0.2820	0.3807	0.1800	0.0820	0.2271	0.0863	0.4235
000077	T	0.241194	0.235105	0.143603	0.2700	0.3215	0.1810	0.0880	0.2320	0.0577	0.4135
000078	S	0.351426	0.207519	0.139337	0.3146	0.4119	0.1800	0.0910	0.2675	0.0982	0.4079
000079	P	0.462202	0.181820	0.135022	0.2483	0.3872	0.1320	0.0710	0.2578	0.1260	0.4124
000080	A	0.572767	0.172780	0.131772	0.2602	0.3631	0.1140	0.0540	0.2691	0.1599	0.4163
000081	A	0.683203	0.166384	0.130404	0.2786	0.3631	0.1280	0.0600	0.2915	0.1946	0.4157
000082	C	0.789533	0.158159	0.130769	0.3311	0.4017	0.1280	0.0650	0.3232	0.2331	0.4159
000083	I	0.895101	0.169792	0.131938	0.2913	0.3529	0.1140	0.0530	0.3259	0.2686	0.4300
000084	W	0.990230	0.201722	0.133425	0.2820	0.3566	0.1210	0.0490	0.3476	0.2988	0.4281
000085	P	0.977223	0.225367	0.134676	0.2748	0.4330	0.1110	0.0270	0.3594	0.2956	0.4309
000086	R	0.961124	0.253836	0.136059	0.2700	0.4330	0.1090	0.0260	0.3605	0.2884	0.4288
000087	K	0.939473	0.288852	0.137589	0.2786	0.4220	0.1090	0.0220	0.3626	0.2780	0.4299
000088	I	0.899839	0.331805	0.140292	0.2786	0.3149	0.1060	0.0270	0.3453	0.2621	0.4326
000089	P	0.871684	0.373605	0.148236	0.2558	0.3149	0.1040	0.0300	0.3447	0.2529	0.4292
000090	K	0.845662	0.419513	0.160475	0.1240	0.3053	0.1020	0.0210	0.3261	0.2575	0.4237
000091	K	0.796501	0.466183	0.175495	0.1416	0.2129	0.0910	0.0220	0.3139	0.2466	0.4223
000092	A	0.730431	0.465705	0.189590	0.1732	0.1791	0.0900	0.0220	0.3046	0.2235	0.4211
000093	R	0.626489	0.419654	0.205899	0.1698	0.2436	0.0910	0.0240	0.2928	0.1794	0.4212
000094	V	0.529831	0.386172	0.224887	0.1805	0.1969	0.0890	0.0230	0.2678	0.1468	0.4223
000095	G	0.437220	0.367103	0.246483	0.1766	0.2129	0.0810	0.0160	0.2536	0.1183	0.4207
000096	E	0.348590	0.341607	0.268710	0.0771	0.1942	0.0850	0.0200	0.2191	0.1104	0.4240
000097	G	0.277258	0.318810	0.291691	0.0607	0.1501	0.0900	0.0200	0.1982	0.1020	0.4272
000098	A	0.194528	0.325954	0.315828	0.0621	0.1554	0.0960	0.0220	0.1917	0.1005	0.4306
000099	C	0.109605	0.319209	0.340681	0.0701	0.2034	0.1100	0.0240	0.1921	0.1055	0.4332
000100	S	0.049081	0.325641	0.365824	0.0643	0.1323	0.1250	0.0270	0.1770	0.1235	0.4319
000101	D	0.007834	0.344645	0.390659	0.0701	0.1373	0.1370	0.0290	0.1813	0.1396	0.4326
000102	C	0.004408	0.373443	0.415415	0.0542	0.1028	0.1440	0.0270	0.1823	0.1564	0.4355
000103	L	0.003373	0.378755	0.440331	0.0677	0.1206	0.1450	0.0300	0.1926	0.1607	0.4454
000104	V	0.001249	0.399968	0.465440	0.0554	0.1251	0.1490	0.0310	0.1994	0.1727	0.4571
000105	C	0.000662	0.444022	0.490610	0.0858	0.1501	0.1660	0.0250	0.2229	0.1813	0.4658
000106	V	0.001171	0.462930	0.516057	0.0858	0.1671	0.2380	0.0570	0.2451	0.1879	0.4824
000107	N	0.001558	0.502529	0.541300	0.0832	0.1791	0.3830	0.1620	0.2817	0.2061	0.4967
000108	L	0.003774	0.533884	0.566517	0.0991	0.1759	0.4600	0.1860	0.3065	0.2215	0.5159
000109	S	0.030523	0.549272	0.591376	0.1322	0.2002	0.5120	0.1970	0.3358	0.2217	0.5258
000110	H	0.040084	0.577625	0.615908	0.2385	0.3117	0.5710	0.1590	0.3925	0.2124	0.5359
000111	W	0.044439	0.620518	0.639794	0.2558	0.3182	0.6220	0.1360	0.4168	0.2264	0.5381
000112	S	0.062666	0.657001	0.663539	0.2558	0.3286	0.6470	0.1160	0.4358	0.2340	0.5247
000113	L	0.088366	0.688508	0.687497	0.3885	0.4541	0.6630	0.1070	0.4950	0.2164	0.5110
000114	Q	0.123127	0.727610	0.712130	0.4651	0.5055	0.6500	0.1030	0.5306	0.2070	0.4835
000115	T	0.186058	0.756778	0.737038	0.5253	0.5707	0.6370	0.0800	0.5688	0.1900	0.4596
000116	K	0.259793	0.782061	0.762506	0.6474	0.7250	0.6430	0.1030	0.6366	0.1765	0.4421
000117	P	0.355751	0.807782	0.788264	0.7079	0.7672	0.6780	0.1130	0.6841	0.1536	0.4223
000118	P	0.438236	0.833083	0.814288	0.7192	0.7547	0.7080	0.0960	0.7113	0.1304	0.4070
000119	T	0.536964	0.855938	0.838267	0.7573	0.8462	0.7540	0.0780	0.7647	0.1099	0.3907
000120	E	0.642319	0.875923	0.856546	0.7540	0.8462	0.7560	0.0630	0.7885	0.0808	0.3795
000121	G	0.733612	0.890165	0.869908	0.7772	0.8565	0.7800	0.0560	0.8179	0.0572	0.3693
000122	G	0.817354	0.906828	0.879990	0.8158	0.9057	0.7760	0.0670	0.8502	0.0500	0.3592
000123	P	0.893302	0.919760	0.890339	0.8311	0.9151	0.7620	0.0730	0.8685	0.0559	0.3546
000124	E	0.940469	0.932231	0.898169	0.8595	0.9362	0.7620	0.0770	0.8881	0.0629	0.3517
000125	K	0.976515	0.939298	0.903691	0.8677	0.9190	0.7780	0.0800	0.8973	0.0629	0.3534
000126	D	0.989042	0.945748	0.906614	0.8595	0.9329	0.8030	0.0970	0.9062	0.0605	0.3565
000127	Q	0.990876	0.950312	0.908472	0.8521	0.9396	0.8180	0.1040	0.9099	0.0589	0.3578
000128	S	0.993639	0.953844	0.908823	0.8556	0.9287	0.8160	0.1200	0.9094	0.0594	0.3582
000129	S	0.994976	0.955987	0.907079	0.8488	0.9287	0.8090	0.1400	0.9074	0.0627	0.3596
000130	P	0.996434	0.955602	0.903775	0.8556	0.9249	0.8280	0.1400	0.9107	0.0570	0.3627
000131	S	0.997855	0.954189	0.899822	0.8677	0.9190	0.8450	0.1380	0.9139	0.0513	0.3635
000132	Q	0.998048	0.954910	0.894933	0.8650	0.9039	0.8130	0.1690	0.9050	0.0595	0.3635
000133	T	0.998386	0.951454	0.887349	0.8595	0.8991	0.8030	0.1780	0.8998	0.0626	0.3641
000134	Q	0.999181	0.947112	0.873901	0.8242	0.8828	0.8230	0.1570	0.8916	0.0637	0.3671
000135	A	0.999531	0.934546	0.855362	0.8074	0.8530	0.8410	0.1570	0.8818	0.0650	0.3713
000136	A	0.999470	0.918811	0.832959	0.8158	0.7916	0.8310	0.1630	0.8650	0.0718	0.3749
000137	P	0.998065	0.898451	0.809589	0.7772	0.7718	0.8200	0.1740	0.8458	0.0797	0.3785
000138	Q	0.904556	0.876739	0.786066	0.7275	0.7755	0.8330	0.1630	0.8172	0.0608	0.3837
000139	G	0.829504	0.855639	0.762481	0.7232	0.6991	0.8270	0.1860	0.7828	0.0583	0.3900
000140	P	0.754461	0.830011	0.738882	0.7317	0.5758	0.8170	0.2030	0.7414	0.0830	0.4002
000141	S	0.676891	0.802413	0.715231	0.6557	0.4541	0.8250	0.1930	0.6882	0.1214	0.4106
000142	T	0.569583	0.773820	0.691715	0.5802	0.4864	0.8220	0.1880	0.6539	0.1187	0.4267
000143	A	0.466438	0.743397	0.667780	0.4967	0.4766	0.7970	0.1880	0.6080	0.1337	0.4433
000144	S	0.361192	0.716261	0.643100	0.5253	0.3910	0.8110	0.1570	0.5747	0.1646	0.4554
000145	R	0.264328	0.676134	0.617463	0.5008	0.2951	0.8230	0.1430	0.5295	0.2007	0.4679
000146	A	0.167163	0.640745	0.591381	0.4282	0.3149	0.7810	0.1340	0.4872	0.2067	0.4824
000147	I	0.156060	0.587348	0.564692	0.3806	0.3149	0.7670	0.1370	0.4617	0.2004	0.4908
000148	S	0.126515	0.554154	0.537750	0.3491	0.3019	0.6590	0.1340	0.4214	0.1799	0.4922
000149	D	0.094990	0.500930	0.510606	0.2963	0.2884	0.5100	0.1210	0.3669	0.1551	0.4933
000150	I	0.066218	0.462535	0.483736	0.3005	0.2849	0.3860	0.1280	0.3307	0.1396	0.4903
000151	C	0.065051	0.416398	0.457361	0.2657	0.2541	0.3230	0.1250	0.2970	0.1273	0.4849
000152	F	0.057240	0.401513	0.431231	0.2558	0.1969	0.3100	0.1520	0.2754	0.1262	0.4826
000153	P	0.052340	0.384186	0.405532	0.2558	0.2064	0.2570	0.1580	0.2603	0.1173	0.4754
000154	T	0.038428	0.358634	0.379970	0.2041	0.1671	0.2270	0.1280	0.2292	0.1157	0.4683
000155	Y	0.026034	0.341694	0.354799	0.2167	0.1671	0.1940	0.0840	0.2168	0.1111	0.4618
000156	F	0.019568	0.340416	0.329846	0.1602	0.1791	0.1710	0.0680	0.2000	0.1095	0.4552
000157	R	0.013102	0.344390	0.305778	0.1732	0.1275	0.1540	0.0640	0.1863	0.1110	0.4476
000158	A	0.008617	0.352254	0.282742	0.2209	0.1275	0.1520	0.0570	0.1906	0.1112	0.4416
000159	E	0.004081	0.354407	0.261348	0.1635	0.0888	0.1380	0.0460	0.1684	0.1136	0.4368
000160	K	0.001799	0.345548	0.242620	0.1150	0.0433	0.1300	0.0400	0.1464	0.1167	0.4326
000161	K	0.002414	0.341142	0.226614	0.1088	0.0690	0.1300	0.0410	0.1463	0.1101	0.4293
000162	S	0.002712	0.321295	0.211825	0.1060	0.1229	0.1130	0.0370	0.1463	0.0990	0.4242
000163	L	0.007867	0.281896	0.197360	0.1495	0.1969	0.1110	0.0480	0.1574	0.0849	0.4192
000164	Q	0.008498	0.246571	0.184697	0.1266	0.1206	0.0940	0.0470	0.1302	0.0739	0.4141
000165	I	0.009287	0.218653	0.176668	0.1322	0.1048	0.0880	0.0440	0.1217	0.0665	0.4088
000166	K	0.010920	0.198273	0.172712	0.1495	0.1162	0.0720	0.0380	0.1200	0.0632	0.4058
000167	E	0.010948	0.171939	0.171095	0.1805	0.2034	0.0630	0.0320	0.1335	0.0707	0.4017
000168	F	0.010853	0.153386	0.169804	0.1349	0.2034	0.0660	0.0270	0.1230	0.0653	0.3942
000169	I	0.010731	0.124409	0.169025	0.1805	0.2258	0.0820	0.0290	0.1321	0.0704	0.3877
000170	W	0.011513	0.127994	0.170518	0.1732	0.2224	0.1140	0.0380	0.1365	0.0660	0.3830
000171	C	0.011669	0.125733	0.173133	0.1766	0.2292	0.1390	0.0540	0.1425	0.0671	0.3867
000172	N	0.008475	0.141033	0.176051	0.1766	0.2364	0.1980	0.1010	0.1562	0.0720	0.3927
000173	K	0.007954	0.140878	0.178206	0.1844	0.2399	0.2690	0.1490	0.1700	0.0837	0.3970
000174	D	0.008826	0.157081	0.180703	0.2558	0.2849	0.3110	0.1880	0.1997	0.1012	0.4021
000175	W	0.088628	0.175139	0.185991	0.2483	0.2715	0.3670	0.1910	0.2228	0.0871	0.4070
000176	A	0.188330	0.203711	0.195734	0.2820	0.3356	0.3240	0.1550	0.2549	0.0614	0.4167
000177	I	0.278323	0.257151	0.210018	0.2820	0.3494	0.2980	0.1390	0.2791	0.0420	0.4245
000178	P	0.385868	0.324068	0.225867	0.2786	0.3667	0.3250	0.1470	0.3177	0.0534	0.4336
000179	G	0.492178	0.390616	0.242062	0.3456	0.4476	0.3800	0.1760	0.3830	0.0790	0.4248
000180	T	0.583471	0.470393	0.260183	0.4245	0.5176	0.4490	0.1970	0.4509	0.0996	0.4192
000181	N	0.684567	0.558919	0.281752	0.4879	0.6043	0.5160	0.1800	0.5223	0.1248	0.4149
000182	R	0.794070	0.608705	0.305974	0.5711	0.7120	0.6210	0.1340	0.6022	0.1517	0.4136
000183	G	0.900828	0.632643	0.331319	0.5762	0.7080	0.6890	0.1120	0.6396	0.1705	0.4117
000184	K	0.929541	0.714395	0.357119	0.5473	0.7163	0.6880	0.1230	0.6587	0.1751	0.4104
000185	A	0.936880	0.744621	0.383226	0.5374	0.7080	0.7160	0.0810	0.6710	0.1733	0.4100
000186	S	0.955828	0.721490	0.409126	0.6174	0.7209	0.7160	0.0750	0.6901	0.1620	0.4101
000187	G	0.957580	0.696078	0.434287	0.6374	0.7415	0.7600	0.0630	0.7045	0.1561	0.4122
000188	N	0.960174	0.726515	0.457661	0.6334	0.7459	0.8060	0.0630	0.7217	0.1539	0.4155
000189	P	0.977472	0.716611	0.478934	0.6124	0.7459	0.8000	0.0780	0.7219	0.1544	0.4202
000190	S	0.984005	0.717130	0.498465	0.5374	0.7505	0.8150	0.1030	0.7171	0.1643	0.4257
000191	G	0.984820	0.726044	0.515855	0.5623	0.7799	0.7690	0.1420	0.7230	0.1542	0.4314
000192	G	0.986894	0.722686	0.531721	0.5623	0.6991	0.6990	0.1730	0.7003	0.1473	0.4322
000193	A	0.986907	0.712174	0.547159	0.5846	0.6948	0.6670	0.1810	0.6988	0.1416	0.4309
000194	H	0.988656	0.686191	0.564121	0.5229	0.6851	0.6500	0.1990	0.6829	0.1496	0.4308
000195	R	0.986044	0.660485	0.582026	0.5173	0.6948	0.6290	0.2380	0.6783	0.1488	0.4302
000196	G	0.969200	0.646829	0.601050	0.5412	0.6948	0.5920	0.2500	0.6742	0.1403	0.4298
000197	L	0.918757	0.639963	0.619499	0.5623	0.6227	0.6210	0.2730	0.6640	0.1164	0.4303
000198	S	0.890688	0.639741	0.638289	0.5331	0.5456	0.6000	0.2510	0.6412	0.1189	0.4311
000199	I	0.877272	0.658414	0.656566	0.4825	0.4831	0.6030	0.2330	0.6268	0.1333	0.4332
000200	P	0.848261	0.674092	0.674974	0.3992	0.3983	0.5530	0.2220	0.5912	0.1610	0.4355
000201	G	0.827506	0.686792	0.691283	0.3399	0.4292	0.5310	0.2270	0.5842	0.1672	0.4389
000202	P	0.820536	0.695276	0.706604	0.2700	0.4582	0.4680	0.1920	0.5698	0.1871	0.4428
000203	L	0.816546	0.670370	0.721753	0.2963	0.3983	0.4670	0.1690	0.5616	0.1864	0.4472
000204	T	0.814929	0.642914	0.737964	0.3578	0.4149	0.4410	0.1460	0.5683	0.1728	0.4514
000205	S	0.827202	0.625058	0.753677	0.2865	0.3910	0.4140	0.1150	0.5496	0.1988	0.4563
000206	R	0.874538	0.685445	0.766094	0.2820	0.3840	0.3720	0.1090	0.5608	0.2238	0.4636
000207	A	0.896046	0.677137	0.773326	0.2483	0.3249	0.3510	0.0930	0.5451	0.2473	0.4701
000208	L	0.894483	0.696615	0.775798	0.3096	0.3807	0.3260	0.0900	0.5638	0.2334	0.4764
000209	L	0.837338	0.688954	0.777593	0.2255	0.3948	0.3050	0.0900	0.5382	0.2388	0.4804
000210	V	0.779421	0.672329	0.779672	0.3053	0.4409	0.2830	0.0830	0.5435	0.2094	0.4784
000211	L	0.692102	0.680010	0.780164	0.2820	0.3529	0.2980	0.0760	0.5141	0.2069	0.4735
000212	P	0.598952	0.688158	0.776786	0.2531	0.3631	0.3040	0.0980	0.4973	0.2000	0.4653
000213	P	0.514979	0.676013	0.770823	0.1602	0.2884	0.3470	0.1260	0.4597	0.2154	0.4556
000214	L	0.426222	0.685733	0.764148	0.2255	0.2884	0.3450	0.1360	0.4559	0.2009	0.4473
000215	K	0.357732	0.687078	0.756598	0.1698	0.2884	0.3070	0.1190	0.4277	0.2164	0.4404
000216	A	0.327387	0.686882	0.748312	0.1117	0.2884	0.2780	0.0980	0.4068	0.2306	0.4338
000217	S	0.315060	0.672692	0.738157	0.1018	0.2849	0.2490	0.0870	0.3935	0.2312	0.4274
000218	L	0.391378	0.647280	0.727419	0.1178	0.2988	0.2270	0.0820	0.4016	0.2192	0.4215
000219	S	0.363004	0.622199	0.716619	0.1532	0.3529	0.2110	0.0620	0.4032	0.2040	0.4176
000220	N	0.348646	0.597497	0.707566	0.1998	0.4220	0.2210	0.0510	0.4161	0.1859	0.4148
000221	A	0.339254	0.550134	0.699131	0.2531	0.4652	0.2310	0.0510	0.4230	0.1668	0.4121
000222	L	0.320530	0.540671	0.689989	0.3263	0.4292	0.2420	0.0440	0.4247	0.1516	0.4098
000223	D	0.305743	0.544991	0.679983	0.2963	0.3356	0.2480	0.0460	0.4017	0.1562	0.4092
000224	V	0.271593	0.590267	0.669062	0.1698	0.3215	0.2530	0.0530	0.3792	0.1840	0.4076
000225	L	0.199332	0.612589	0.658653	0.1732	0.3740	0.2620	0.0540	0.3799	0.1920	0.4082
000226	G	0.117291	0.633848	0.649012	0.1766	0.3872	0.2950	0.0630	0.3764	0.2059	0.4127
000227	K	0.016925	0.656889	0.641516	0.1998	0.4186	0.3600	0.0820	0.3822	0.2278	0.4176
000228	K	0.015525	0.674805	0.637128	0.2080	0.4220	0.4120	0.1060	0.3949	0.2298	0.4225
000229	S	0.016449	0.689203	0.635448	0.2963	0.4256	0.4110	0.0930	0.4123	0.2224	0.4277
000230	K	0.016838	0.688586	0.635752	0.2865	0.3599	0.3830	0.0910	0.3951	0.2237	0.4289
000231	N	0.016255	0.693700	0.636466	0.2292	0.3599	0.3740	0.0830	0.3850	0.2308	0.4255
000232	S	0.027555	0.685358	0.637245	0.1998	0.3249	0.3590	0.0830	0.3722	0.2307	0.4217
000233	F	0.035537	0.677063	0.636977	0.2786	0.3983	0.3500	0.0960	0.3961	0.2171	0.4163
000234	L	0.041201	0.659091	0.634954	0.2167	0.3840	0.3300	0.1220	0.3777	0.2186	0.4134
000235	Q	0.060094	0.641950	0.630983	0.2820	0.4441	0.2890	0.1020	0.3913	0.2063	0.4156
000236	S	0.075828	0.634151	0.626273	0.3535	0.5098	0.2960	0.1210	0.4160	0.1977	0.4160
000237	E	0.078867	0.626169	0.621400	0.3578	0.4119	0.2740	0.1330	0.3950	0.1919	0.4147
000238	E	0.081598	0.605291	0.617947	0.3578	0.3599	0.2690	0.1390	0.3819	0.1869	0.4145
000239	K	0.079912	0.590923	0.615641	0.2963	0.3392	0.2670	0.1420	0.3649	0.1871	0.4142
000240	V	0.079704	0.578492	0.613960	0.2531	0.2645	0.2330	0.1090	0.3372	0.1933	0.4142
000241	L	0.068459	0.566543	0.611694	0.2333	0.2436	0.1740	0.0710	0.3163	0.2015	0.4153
000242	D	0.057024	0.548132	0.607876	0.1698	0.1611	0.1480	0.0660	0.2820	0.2132	0.4201
000243	V	0.051515	0.534942	0.603025	0.1532	0.1643	0.1460	0.0630	0.2755	0.2117	0.4245
000244	E	0.032583	0.511718	0.596472	0.1805	0.1881	0.1330	0.0630	0.2737	0.2061	0.4295
000245	K	0.016725	0.485854	0.590425	0.2483	0.2503	0.1310	0.0640	0.2870	0.1966	0.4334
000246	D	0.011969	0.446631	0.586965	0.1878	0.2436	0.1270	0.0630	0.2674	0.1941	0.4380
000247	G	0.007141	0.429563	0.586728	0.1805	0.2258	0.1250	0.0640	0.2591	0.1937	0.4425
000248	C	0.006757	0.380554	0.590685	0.1698	0.2224	0.1270	0.0640	0.2496	0.1891	0.4479
000249	V	0.006378	0.394176	0.596614	0.1456	0.2129	0.1280	0.0630	0.2473	0.1947	0.4526
000250	A	0.006268	0.391408	0.603703	0.1602	0.2164	0.1420	0.0640	0.2533	0.1938	0.4560
000251	Y	0.016289	0.413510	0.609637	0.2041	0.2680	0.1750	0.0830	0.2811	0.1884	0.4581
000252	A	0.017984	0.447823	0.612979	0.2558	0.3426	0.1990	0.1060	0.3127	0.1881	0.4583
000253	Y	0.018351	0.493545	0.617077	0.2483	0.3356	0.2380	0.1270	0.3252	0.1920	0.4593
000254	G	0.021299	0.523600	0.621307	0.3146	0.3948	0.2770	0.1410	0.3587	0.1915	0.4576
000255	L	0.025914	0.555993	0.627235	0.3005	0.3631	0.3330	0.1430	0.3677	0.1938	0.4563
000256	K	0.031475	0.583604	0.632742	0.3146	0.3599	0.3850	0.1370	0.3845	0.1964	0.4496
000257	T	0.040083	0.604780	0.638315	0.2820	0.3599	0.4620	0.1320	0.3978	0.2031	0.4416
000258	A	0.057437	0.625383	0.644459	0.2865	0.3019	0.5230	0.1270	0.4064	0.2103	0.4334
000259	D	0.083948	0.649958	0.650427	0.3668	0.3704	0.5480	0.1340	0.4448	0.1986	0.4260
000260	G	0.156409	0.674440	0.656554	0.3668	0.4256	0.5660	0.1490	0.4743	0.1810	0.4192
000261	K	0.229954	0.704615	0.662173	0.3630	0.4619	0.5600	0.1440	0.4970	0.1658	0.4127
000262	G	0.313534	0.716791	0.667309	0.4203	0.5901	0.5540	0.1500	0.5436	0.1389	0.4091
000263	E	0.405939	0.727857	0.672041	0.4513	0.5901	0.5550	0.1420	0.5670	0.1132	0.4084
000264	K	0.496566	0.706760	0.677633	0.5473	0.6269	0.5560	0.1220	0.6018	0.0748	0.4125
000265	R	0.588771	0.708042	0.682855	0.5253	0.6482	0.6060	0.1040	0.6265	0.0611	0.4215
000266	A	0.668927	0.713774	0.687923	0.5331	0.7459	0.6100	0.1010	0.6600	0.0704	0.4297
000267	S	0.741931	0.718176	0.692186	0.5473	0.7505	0.6030	0.1240	0.6755	0.0751	0.4389
000268	E	0.813053	0.720305	0.696331	0.5623	0.7799	0.5950	0.1280	0.6944	0.0908	0.4467
000269	L	0.829391	0.713631	0.699666	0.5846	0.8013	0.6330	0.1280	0.7102	0.0860	0.4546
000270	A	0.861805	0.696100	0.702544	0.6035	0.7916	0.6330	0.1610	0.7147	0.0886	0.4576
000271	K	0.887804	0.681096	0.705950	0.6079	0.8198	0.6060	0.1730	0.7182	0.1043	0.4604
000272	H	0.902881	0.701158	0.709729	0.6219	0.8162	0.6250	0.1840	0.7295	0.1010	0.4654
000273	P	0.918011	0.698018	0.713154	0.6474	0.8462	0.6280	0.1700	0.7418	0.1053	0.4696
000274	M	0.929422	0.720292	0.716223	0.6412	0.8125	0.6490	0.1630	0.7447	0.1000	0.4734
000275	V	0.950484	0.753136	0.720116	0.6681	0.7881	0.6600	0.1650	0.7567	0.0975	0.4708
000276	N	0.969597	0.779967	0.724637	0.6474	0.7951	0.6520	0.1670	0.7614	0.1089	0.4627
000277	D	0.980662	0.799267	0.729325	0.6557	0.7250	0.7040	0.1710	0.7657	0.1050	0.4553
000278	T	0.991440	0.818546	0.732966	0.6715	0.7250	0.7260	0.1890	0.7776	0.1049	0.4473
000279	P	0.993831	0.824536	0.735820	0.6035	0.6322	0.7190	0.2110	0.7515	0.1301	0.4395
000280	S	0.994439	0.817295	0.738918	0.6516	0.6227	0.7580	0.2020	0.7639	0.1219	0.4341
000281	S	0.994098	0.819481	0.743528	0.6293	0.6620	0.7480	0.2120	0.7660	0.1192	0.4351
000282	P	0.994047	0.809862	0.749412	0.5900	0.6712	0.7410	0.2250	0.7592	0.1255	0.4372
000283	S	0.993747	0.807414	0.757591	0.5846	0.6906	0.7500	0.2280	0.7641	0.1241	0.4389
000284	P	0.992872	0.813171	0.763991	0.5667	0.6620	0.7120	0.2420	0.7517	0.1329	0.4422
000285	A	0.990401	0.811393	0.768023	0.6079	0.7036	0.6530	0.2240	0.7557	0.1248	0.4453
000286	A	0.976876	0.806691	0.767240	0.6650	0.7718	0.5450	0.2080	0.7555	0.1319	0.4504
000287	Q	0.875888	0.797945	0.762470	0.6789	0.6576	0.4470	0.1740	0.7033	0.1357	0.4574
000288	I	0.774639	0.778673	0.753525	0.6681	0.5533	0.4600	0.1670	0.6648	0.1205	0.4616
000289	S	0.665482	0.765701	0.739015	0.5941	0.5620	0.4040	0.1230	0.6217	0.1211	0.4693
000290	L	0.555777	0.722548	0.721461	0.5084	0.4292	0.4370	0.1410	0.5624	0.1207	0.4791
000291	L	0.445539	0.707505	0.701716	0.5008	0.4292	0.4150	0.1080	0.5332	0.1241	0.4843
000292	T	0.345090	0.685438	0.681825	0.4149	0.3631	0.4410	0.1120	0.4886	0.1415	0.4836
000293	D	0.240851	0.684621	0.663755	0.3885	0.2752	0.5060	0.0940	0.4598	0.1739	0.4854
000294	P	0.137660	0.664988	0.647347	0.3146	0.2715	0.5820	0.1470	0.4363	0.2038	0.4877
000295	E	0.045825	0.650687	0.632015	0.2122	0.2541	0.5860	0.1250	0.3968	0.2357	0.4883
000296	Q	0.039220	0.614941	0.617217	0.2292	0.2783	0.4720	0.1370	0.3751	0.2117	0.4877
000297	R	0.030761	0.583271	0.604302	0.2602	0.3117	0.3250	0.0930	0.3526	0.1963	0.4857
000298	C	0.033840	0.548987	0.594277	0.2483	0.2399	0.2410	0.0660	0.3178	0.1946	0.4800
000299	L	0.042839	0.525961	0.584646	0.3146	0.2951	0.2240	0.0710	0.3311	0.1819	0.4763
000300	H	0.052026	0.532566	0.574192	0.2255	0.2193	0.2160	0.0720	0.3033	0.1870	0.4672
000301	W	0.052857	0.504977	0.561724	0.2531	0.3117	0.2130	0.0670	0.3161	0.1732	0.4571
000302	S	0.048512	0.467046	0.548475	0.2080	0.3983	0.2190	0.0690	0.3148	0.1714	0.4471
000303	L	0.044612	0.496013	0.533760	0.2385	0.4051	0.2770	0.0900	0.3325	0.1670	0.4386
000304	L	0.040877	0.503608	0.520621	0.2531	0.4186	0.2950	0.0900	0.3386	0.1656	0.4299
000305	S	0.040315	0.502865	0.509106	0.2385	0.3910	0.3140	0.0940	0.3327	0.1624	0.4248
000306	E	0.042052	0.529770	0.503252	0.2558	0.3983	0.3200	0.1030	0.3416	0.1645	0.4218
000307	K	0.040415	0.550038	0.499588	0.2333	0.3321	0.3130	0.1170	0.3281	0.1687	0.4202
000308	N	0.100856	0.554573	0.497527	0.2432	0.3321	0.3520	0.1350	0.3467	0.1513	0.4202
000309	L	0.150843	0.545706	0.495062	0.2558	0.3321	0.3470	0.1370	0.3544	0.1342	0.4205
000310	A	0.200831	0.549460	0.492491	0.3184	0.3356	0.3150	0.1230	0.3687	0.1174	0.4244
000311	C	0.277499	0.552187	0.490156	0.2483	0.3019	0.2940	0.1120	0.3606	0.1162	0.4276
000312	P	0.327899	0.542307	0.486047	0.2657	0.3774	0.2090	0.0790	0.3681	0.1166	0.4289
000313	P	0.339171	0.536402	0.480495	0.2333	0.3149	0.1830	0.0640	0.3478	0.1256	0.4286
000314	D	0.369436	0.529144	0.473619	0.2786	0.3910	0.1810	0.0670	0.3704	0.1160	0.4262
000315	P	0.380669	0.503913	0.469089	0.2865	0.3948	0.1730	0.0700	0.3680	0.1112	0.4224
000316	S	0.402874	0.487712	0.469438	0.2963	0.3356	0.1770	0.0730	0.3615	0.1066	0.4144
000317	N	0.362896	0.481851	0.475162	0.2255	0.3356	0.1730	0.0740	0.3424	0.1153	0.4030
000318	V	0.378833	0.435618	0.483713	0.1635	0.3321	0.1690	0.0730	0.3271	0.1230	0.3921
000319	R	0.366846	0.405955	0.493838	0.1698	0.3215	0.1520	0.0680	0.3183	0.1229	0.3840
000320	Y	0.322901	0.359577	0.505509	0.2558	0.3910	0.1480	0.0650	0.3305	0.1110	0.3792
000321	L	0.312833	0.373212	0.518927	0.2963	0.3566	0.1390	0.0510	0.3328	0.1127	0.3781
000322	A	0.314548	0.396214	0.533135	0.3885	0.4441	0.1290	0.0420	0.3675	0.1255	0.3808
000323	A	0.295511	0.396006	0.548922	0.2913	0.4149	0.1320	0.0400	0.3464	0.1289	0.3883
000324	L	0.324616	0.383200	0.563914	0.2748	0.3149	0.1420	0.0400	0.3339	0.1265	0.3993
000325	Q	0.299755	0.363036	0.579454	0.2700	0.3087	0.1530	0.0450	0.3291	0.1287	0.4103
000326	L	0.270795	0.402220	0.594711	0.1805	0.2817	0.1790	0.0620	0.3182	0.1446	0.4185
000327	L	0.201668	0.446372	0.612546	0.1921	0.2849	0.2180	0.0950	0.3259	0.1546	0.4264
000328	Q	0.211601	0.476046	0.630731	0.1878	0.1791	0.2720	0.1430	0.3262	0.1694	0.4322
000329	K	0.197616	0.532419	0.648351	0.2657	0.2328	0.3210	0.1630	0.3663	0.1661	0.4386
000330	R	0.178526	0.567600	0.666684	0.1805	0.2064	0.3390	0.1540	0.3564	0.1942	0.4428
000331	G	0.258251	0.596668	0.686446	0.2700	0.2849	0.3240	0.1430	0.4033	0.1716	0.4451
000332	V	0.339854	0.629048	0.708056	0.3146	0.3529	0.3030	0.1350	0.4412	0.1632	0.4462
000333	Q	0.398907	0.648167	0.728916	0.3578	0.3983	0.3070	0.1320	0.4732	0.1571	0.4456
000334	S	0.501678	0.671790	0.750901	0.3717	0.4256	0.3690	0.1140	0.5151	0.1473	0.4452
000335	Y	0.601114	0.695656	0.772460	0.4703	0.4864	0.4100	0.1320	0.5726	0.1293	0.4452
000336	K	0.687598	0.713702	0.793207	0.4749	0.5017	0.4230	0.1440	0.5989	0.1383	0.4452
000337	S	0.722947	0.731713	0.808539	0.5374	0.5098	0.4560	0.1460	0.6278	0.1317	0.4439
000338	K	0.802958	0.745408	0.820623	0.6334	0.4940	0.4860	0.1490	0.6637	0.1366	0.4442
000339	F	0.878984	0.758129	0.829661	0.5583	0.4901	0.5250	0.1450	0.6733	0.1543	0.4452
000340	K	0.880934	0.762143	0.838131	0.4967	0.4979	0.5010	0.1410	0.6628	0.1679	0.4433
000341	A	0.874376	0.769734	0.845154	0.4825	0.4940	0.5110	0.1270	0.6628	0.1701	0.4410
000342	K	0.881721	0.773560	0.850914	0.5008	0.5055	0.5060	0.1270	0.6697	0.1688	0.4375
000343	E	0.888087	0.771278	0.856709	0.5667	0.5098	0.5220	0.1300	0.6857	0.1579	0.4346
000344	P	0.897116	0.770729	0.864000	0.5762	0.4369	0.5280	0.1300	0.6789	0.1742	0.4353
000345	R	0.913803	0.778527	0.872989	0.5253	0.4619	0.5520	0.1450	0.6840	0.1777	0.4372
000346	S	0.931810	0.767790	0.881799	0.5412	0.5493	0.5780	0.1540	0.7084	0.1600	0.4375
000347	P	0.941367	0.747375	0.887945	0.5514	0.5296	0.5600	0.1390	0.7030	0.1665	0.4390
000348	V	0.952478	0.753506	0.892274	0.5549	0.5342	0.5540	0.1360	0.7069	0.1699	0.4417
000349	I	0.967664	0.766946	0.896706	0.5253	0.5456	0.5510	0.1300	0.7089	0.1784	0.4439
000350	T	0.989639	0.751437	0.901659	0.6174	0.6806	0.5350	0.1290	0.7460	0.1575	0.4453
000351	R	0.990464	0.777166	0.904642	0.6174	0.6991	0.5700	0.1440	0.7599	0.1496	0.4464
000352	K	0.981036	0.774382	0.904390	0.6334	0.7369	0.5770	0.1400	0.7678	0.1412	0.4471
000353	H	0.960754	0.786434	0.901850	0.6293	0.7628	0.6190	0.1370	0.7767	0.1268	0.4479
000354	V	0.934622	0.801130	0.899373	0.6442	0.7628	0.6490	0.1360	0.7819	0.1114	0.4461
000355	L	0.910973	0.808583	0.897653	0.6334	0.7120	0.6460	0.1480	0.7681	0.1118	0.4433
000356	P	0.910167	0.803956	0.895307	0.6293	0.6136	0.6240	0.1570	0.7461	0.1282	0.4406
000357	K	0.908901	0.810634	0.891593	0.6124	0.6269	0.6360	0.1770	0.7478	0.1265	0.4398
000358	A	0.806215	0.822335	0.884715	0.5173	0.6043	0.6630	0.1720	0.7162	0.1308	0.4378
000359	K	0.710765	0.817191	0.875642	0.5711	0.6851	0.6610	0.1870	0.7201	0.1006	0.4355
000360	Q	0.684250	0.808600	0.865161	0.6334	0.7120	0.6230	0.2180	0.7212	0.0886	0.4333
000361	E	0.676932	0.799241	0.853983	0.6442	0.5758	0.6350	0.1980	0.6975	0.0973	0.4323
000362	N	0.682123	0.786033	0.841756	0.5623	0.5992	0.6020	0.1900	0.6789	0.1031	0.4333
000363	R	0.682770	0.771132	0.829051	0.4651	0.6043	0.5830	0.1770	0.6559	0.1214	0.4340
000364	P	0.677360	0.752723	0.816195	0.4651	0.6183	0.5710	0.1660	0.6501	0.1157	0.4344
000365	Q	0.653575	0.727136	0.803573	0.5296	0.6183	0.6260	0.1840	0.6596	0.0867	0.4347
000366	M	0.624411	0.722953	0.789888	0.5992	0.6089	0.6420	0.1890	0.6646	0.0690	0.4356
000367	L	0.694400	0.702461	0.776484	0.5084	0.6043	0.6220	0.1490	0.6513	0.0853	0.4359
000368	E	0.701906	0.686393	0.762608	0.4245	0.5992	0.6080	0.1420	0.6305	0.1077	0.4355
000369	T	0.648514	0.661454	0.747148	0.4651	0.5342	0.6120	0.1830	0.6114	0.0910	0.4357
000370	K	0.586179	0.656585	0.729308	0.4600	0.5382	0.5600	0.1750	0.5885	0.0859	0.4359
000371	V	0.505284	0.625085	0.710589	0.3668	0.4582	0.5220	0.1910	0.5313	0.1111	0.4358
000372	F	0.429381	0.615540	0.693327	0.3806	0.4507	0.4780	0.1790	0.5079	0.1099	0.4355
000373	P	0.352620	0.593314	0.677473	0.2963	0.4409	0.4160	0.1780	0.4628	0.1327	0.4347
000374	R	0.282538	0.578143	0.662657	0.2913	0.3740	0.4130	0.1980	0.4337	0.1416	0.4340
000375	P	0.206117	0.549167	0.647352	0.2748	0.2715	0.4030	0.2170	0.3920	0.1596	0.4340
000376	V	0.131802	0.527425	0.632479	0.1921	0.1852	0.4000	0.2330	0.3448	0.1885	0.4337
000377	L	0.117137	0.505842	0.620693	0.1456	0.2193	0.3590	0.1930	0.3280	0.1861	0.4325
000378	P	0.105406	0.470279	0.611054	0.1266	0.2258	0.2720	0.1300	0.3019	0.1825	0.4316
000379	S	0.146656	0.475699	0.601458	0.1456	0.2193	0.2560	0.1020	0.3075	0.1718	0.4306
000380	L	0.174055	0.483538	0.590309	0.0858	0.2193	0.2660	0.0920	0.3032	0.1767	0.4296
000381	T	0.198761	0.467350	0.579801	0.0813	0.2224	0.2670	0.1050	0.3028	0.1690	0.4281
000382	V	0.206405	0.437613	0.572997	0.1266	0.2817	0.2720	0.1310	0.3162	0.1482	0.4266
000383	S	0.198944	0.414535	0.568762	0.2041	0.2951	0.2730	0.1410	0.3257	0.1301	0.4246
000384	R	0.204634	0.406805	0.566216	0.1878	0.2064	0.2930	0.1310	0.3109	0.1367	0.4220
000385	V	0.203293	0.442249	0.561236	0.1117	0.1969	0.4100	0.1200	0.3209	0.1599	0.4195
000386	I	0.200540	0.461765	0.553613	0.0542	0.1501	0.7280	0.0660	0.3581	0.2403	0.4169
000387	I	0.187348	0.429199	0.543948	0.1088	0.1759	0.7060	0.0900	0.3586	0.2181	0.4165
000388	P	0.124967	0.425411	0.534462	0.1998	0.2129	0.7200	0.1160	0.3697	0.2108	0.4151
000389	V	0.101929	0.471313	0.526924	0.2209	0.1611	0.7720	0.0970	0.3757	0.2359	0.4094
000390	S	0.074042	0.489703	0.520875	0.2602	0.1349	0.7460	0.1000	0.3709	0.2357	0.3996
000391	T	0.072095	0.524405	0.515150	0.3806	0.1791	0.7440	0.1000	0.4025	0.2249	0.3933
000392	H	0.086062	0.569828	0.509475	0.4203	0.1373	0.7910	0.0910	0.4190	0.2448	0.3858
000393	R	0.161504	0.604840	0.504961	0.5374	0.1759	0.8690	0.0460	0.4757	0.2466	0.3791
000394	I	0.045014	0.645094	0.500441	0.5762	0.1424	0.8690	0.0560	0.4631	0.2858	0.3723
000395	L	0.096931	0.715014	0.498776	0.6174	0.0985	0.8960	0.0640	0.4872	0.2999	0.3617