RESNUM	RES	VL-XT	VSL2B	VL3	IUPred-S	IUPred-L	PONDRFIT	FITERROR	MDP	MDPERROR	ANCHOR2
000001	M	0.634623	0.388390	0.196773	0.5711	0.0051	0.6990	0.1330	0.3830	0.2503	0.2525
000002	A	0.341644	0.352960	0.208353	0.4556	0.0069	0.6070	0.0950	0.2939	0.1912	0.2648
000003	F	0.204670	0.327598	0.218230	0.3456	0.0090	0.4850	0.0810	0.2287	0.1518	0.2762
000004	L	0.130871	0.231532	0.225984	0.3053	0.0067	0.3630	0.0840	0.1730	0.1221	0.2918
000005	P	0.183326	0.172710	0.231251	0.2531	0.0085	0.3340	0.0990	0.1586	0.1067	0.3076
000006	S	0.116586	0.149148	0.239078	0.1349	0.0093	0.3570	0.0680	0.1278	0.1152	0.3231
000007	W	0.079430	0.151880	0.248004	0.1041	0.0115	0.5670	0.1280	0.1523	0.1863	0.3379
000008	V	0.057401	0.140696	0.251663	0.0643	0.0099	0.7140	0.1440	0.1644	0.2435	0.3646
000009	C	0.047017	0.135720	0.256774	0.0464	0.0108	0.7750	0.1340	0.1691	0.2679	0.3921
000010	V	0.047131	0.130184	0.261341	0.0212	0.0138	0.6570	0.2340	0.1448	0.2301	0.4235
000011	L	0.039439	0.168508	0.266131	0.0118	0.0181	0.6290	0.2490	0.1445	0.2216	0.4110
000012	V	0.038498	0.174517	0.267362	0.0179	0.0235	0.5360	0.2120	0.1318	0.1902	0.3765
000013	G	0.036107	0.170096	0.277608	0.0268	0.0300	0.5100	0.1990	0.1289	0.1817	0.3454
000014	S	0.026839	0.213329	0.286627	0.0514	0.0356	0.4000	0.1190	0.1212	0.1499	0.3138
000015	F	0.065904	0.262203	0.293606	0.0935	0.0605	0.4510	0.1410	0.1555	0.1520	0.2897
000016	S	0.143267	0.316538	0.296694	0.0502	0.0592	0.4020	0.1290	0.1619	0.1432	0.2657
000017	A	0.233404	0.387253	0.301470	0.0502	0.0631	0.4740	0.1520	0.2014	0.1644	0.2463
000018	S	0.320096	0.453950	0.309086	0.0884	0.1323	0.5370	0.1580	0.2552	0.1677	0.2291
000019	L	0.344048	0.505362	0.319739	0.1322	0.2034	0.6140	0.1480	0.2998	0.1735	0.2215
000020	A	0.350879	0.563212	0.324534	0.1844	0.2817	0.6130	0.1610	0.3322	0.1617	0.2134
000021	G	0.397722	0.638054	0.331940	0.2748	0.2645	0.6300	0.1620	0.3675	0.1651	0.2074
000022	T	0.475455	0.688570	0.334252	0.3668	0.2399	0.6760	0.1700	0.4078	0.1783	0.2031
000023	S	0.555136	0.694472	0.336229	0.3578	0.2988	0.6830	0.1740	0.4316	0.1732	0.1987
000024	N	0.598314	0.661028	0.339727	0.2657	0.3149	0.6880	0.1630	0.4213	0.1835	0.1972
000025	L	0.601510	0.685355	0.341154	0.2657	0.3117	0.6820	0.1610	0.4243	0.1873	0.2014
000026	S	0.592023	0.681916	0.342932	0.3717	0.4409	0.6470	0.1510	0.4555	0.1451	0.2037
000027	E	0.588477	0.689230	0.341189	0.3717	0.4476	0.6170	0.1440	0.4523	0.1418	0.2076
000028	T	0.650674	0.697247	0.341410	0.4245	0.4864	0.5820	0.1570	0.4735	0.1374	0.2059
000029	E	0.711308	0.708469	0.341921	0.4333	0.4087	0.5670	0.1550	0.4715	0.1555	0.2015
000030	P	0.747153	0.697808	0.343165	0.5253	0.4801	0.5510	0.1570	0.5002	0.1462	0.1925
000031	P	0.751120	0.683668	0.341382	0.4879	0.5254	0.5120	0.1380	0.4934	0.1456	0.1859
000032	L	0.753449	0.677629	0.336981	0.4825	0.4149	0.4510	0.1080	0.4632	0.1576	0.1854
000033	W	0.751189	0.660881	0.328278	0.4967	0.4051	0.4410	0.0950	0.4591	0.1570	0.1819
000034	K	0.755644	0.653127	0.319514	0.4078	0.3460	0.4540	0.1140	0.4361	0.1693	0.1783
000035	E	0.760498	0.640131	0.310598	0.3992	0.3566	0.4610	0.1450	0.4362	0.1687	0.1753
000036	S	0.709849	0.636334	0.302036	0.4078	0.4476	0.3930	0.1400	0.4325	0.1516	0.1685
000037	P	0.630691	0.597499	0.290747	0.4245	0.4476	0.3370	0.1290	0.4063	0.1336	0.1626
000038	G	0.566245	0.541161	0.277376	0.4078	0.3774	0.3350	0.1270	0.3712	0.1143	0.1579
000039	Q	0.490969	0.533469	0.266430	0.4116	0.2752	0.3500	0.1300	0.3435	0.1104	0.1570
000040	L	0.480947	0.521030	0.253803	0.3578	0.1791	0.3610	0.1260	0.3167	0.1260	0.1573
000041	S	0.439331	0.510687	0.240880	0.2531	0.0985	0.3700	0.1140	0.2787	0.1429	0.1591
000042	D	0.380276	0.490110	0.227807	0.1667	0.0929	0.3690	0.1200	0.2499	0.1420	0.1615
000043	Y	0.295597	0.446141	0.217467	0.1566	0.1643	0.2980	0.0870	0.2268	0.1056	0.1583
000044	R	0.209538	0.391162	0.199018	0.2385	0.1611	0.2210	0.0780	0.2035	0.0802	0.1598
000045	V	0.173378	0.336994	0.181217	0.2700	0.1184	0.1720	0.0690	0.1785	0.0787	0.1632
000046	E	0.158698	0.274507	0.164552	0.1456	0.0592	0.1540	0.0620	0.1319	0.0684	0.1656
000047	N	0.155081	0.227476	0.150841	0.0991	0.0356	0.1200	0.0430	0.1062	0.0637	0.1672
000048	S	0.147629	0.189521	0.139898	0.0478	0.0356	0.0800	0.0190	0.0835	0.0607	0.1718
000049	M	0.078602	0.141238	0.127162	0.0274	0.0341	0.0610	0.0180	0.0571	0.0481	0.1775
000050	Y	0.037046	0.099292	0.110574	0.0268	0.0240	0.0580	0.0200	0.0409	0.0389	0.1797
000051	I	0.012585	0.075279	0.102426	0.0414	0.0398	0.0590	0.0220	0.0380	0.0333	0.1790
000052	I	0.011643	0.067260	0.091899	0.0286	0.0313	0.0570	0.0230	0.0326	0.0310	0.1796
000053	N	0.011498	0.064327	0.088098	0.0259	0.0168	0.0450	0.0170	0.0273	0.0310	0.1802
000054	P	0.011010	0.061923	0.084352	0.0336	0.0294	0.0330	0.0090	0.0281	0.0279	0.1850
000055	W	0.009867	0.059078	0.079276	0.0173	0.0188	0.0310	0.0080	0.0228	0.0283	0.1867
000056	V	0.007950	0.055068	0.074826	0.0286	0.0171	0.0300	0.0100	0.0232	0.0259	0.1885
000057	Y	0.006401	0.054051	0.066793	0.0121	0.0105	0.0340	0.0120	0.0195	0.0256	0.1905
000058	L	0.003544	0.055009	0.057498	0.0069	0.0105	0.0400	0.0130	0.0194	0.0246	0.1977
000059	E	0.001303	0.057373	0.047948	0.0029	0.0115	0.0390	0.0130	0.0186	0.0237	0.2004
000060	R	0.001116	0.060501	0.041788	0.0040	0.0151	0.0400	0.0150	0.0202	0.0229	0.2003
000061	M	0.000922	0.068030	0.035602	0.0079	0.0214	0.0420	0.0170	0.0234	0.0232	0.2034
000062	G	0.001104	0.075139	0.030241	0.0131	0.0349	0.0450	0.0180	0.0281	0.0241	0.2086
000063	M	0.001170	0.083912	0.025994	0.0179	0.0327	0.0480	0.0210	0.0307	0.0265	0.2120
000064	Y	0.001226	0.101043	0.022342	0.0160	0.0168	0.0510	0.0230	0.0310	0.0334	0.2166
000065	K	0.001326	0.113227	0.018468	0.0069	0.0127	0.0530	0.0230	0.0312	0.0391	0.2266
000066	I	0.001317	0.113376	0.015907	0.0075	0.0218	0.0650	0.0260	0.0349	0.0398	0.2399
000067	I	0.001232	0.114470	0.013427	0.0087	0.0168	0.0830	0.0340	0.0373	0.0430	0.2505
000068	L	0.000531	0.114150	0.011519	0.0182	0.0240	0.0840	0.0340	0.0402	0.0419	0.2623
000069	N	0.000570	0.100608	0.010338	0.0167	0.0463	0.0870	0.0320	0.0419	0.0384	0.2662
000070	Q	0.000664	0.095397	0.010827	0.0118	0.0443	0.0820	0.0270	0.0390	0.0366	0.2734
000071	T	0.001281	0.095978	0.012135	0.0144	0.0483	0.0830	0.0200	0.0406	0.0365	0.2838
000072	A	0.004052	0.095861	0.013043	0.0245	0.0749	0.0780	0.0180	0.0462	0.0357	0.2884
000073	R	0.006731	0.105787	0.013284	0.0252	0.0799	0.0860	0.0240	0.0507	0.0390	0.2915
000074	Y	0.006681	0.139191	0.015066	0.0376	0.1115	0.1200	0.0380	0.0692	0.0534	0.2985
000075	F	0.006746	0.183077	0.017095	0.0744	0.1229	0.1660	0.0620	0.0922	0.0682	0.2996
000076	A	0.006801	0.229779	0.018184	0.0771	0.0780	0.1670	0.0580	0.0931	0.0792	0.2859
000077	K	0.006900	0.272633	0.019267	0.0858	0.0704	0.1780	0.0660	0.1024	0.0932	0.2748
000078	F	0.006871	0.305390	0.021548	0.0991	0.1162	0.2010	0.0760	0.1214	0.1031	0.2703
000079	A	0.006843	0.301184	0.022007	0.0991	0.1162	0.1980	0.0780	0.1203	0.1015	0.2549
000080	P	0.006033	0.297952	0.023469	0.0991	0.1229	0.1980	0.0820	0.1207	0.1004	0.2426
000081	D	0.003198	0.288843	0.026311	0.0542	0.0704	0.1950	0.0840	0.1019	0.1019	0.2309
000082	N	0.000461	0.279265	0.029317	0.0660	0.0734	0.1630	0.0610	0.0970	0.0939	0.2175
000083	E	0.000411	0.244946	0.032919	0.0554	0.0483	0.1120	0.0390	0.0769	0.0802	0.2091
000084	Q	0.000313	0.234314	0.035975	0.0643	0.0506	0.0770	0.0230	0.0710	0.0746	0.1986
000085	N	0.000326	0.200283	0.038220	0.0789	0.0463	0.0600	0.0160	0.0643	0.0630	0.1876
000086	I	0.000292	0.157062	0.038664	0.1416	0.0985	0.0510	0.0110	0.0748	0.0566	0.1805
000087	L	0.000259	0.115867	0.037206	0.1018	0.0662	0.0450	0.0130	0.0548	0.0397	0.1747
000088	W	0.000553	0.097267	0.036357	0.1088	0.0662	0.0460	0.0160	0.0532	0.0372	0.1640
000089	G	0.000736	0.078857	0.035651	0.1150	0.1298	0.0470	0.0180	0.0619	0.0454	0.1494
000090	L	0.005516	0.068275	0.034725	0.1349	0.1554	0.0560	0.0250	0.0700	0.0534	0.1403
000091	P	0.005944	0.062341	0.034588	0.1150	0.1349	0.0630	0.0320	0.0635	0.0445	0.1329
000092	L	0.007176	0.066453	0.034125	0.1088	0.0799	0.0860	0.0510	0.0581	0.0344	0.1257
000093	Q	0.009808	0.078037	0.033954	0.1041	0.0631	0.1040	0.0590	0.0598	0.0351	0.1196
000094	Y	0.045276	0.093390	0.033541	0.0643	0.0605	0.1190	0.0670	0.0638	0.0295	0.1120
000095	G	0.143875	0.110008	0.034215	0.0514	0.0646	0.1000	0.0550	0.0783	0.0379	0.1088
000096	W	0.240753	0.132022	0.035415	0.0514	0.0631	0.1030	0.0450	0.0984	0.0693	0.1065
000097	Q	0.342736	0.152683	0.035156	0.1018	0.1007	0.0920	0.0310	0.1316	0.0981	0.1029
000098	Y	0.412440	0.178843	0.035113	0.1495	0.1501	0.1250	0.0440	0.1694	0.1154	0.0997
000099	R	0.491876	0.207580	0.035071	0.2209	0.2470	0.1180	0.0510	0.2142	0.1412	0.0988
000100	T	0.564999	0.254268	0.035530	0.2041	0.2575	0.1420	0.0590	0.2372	0.1627	0.1001
000101	G	0.609888	0.300830	0.034838	0.2865	0.2609	0.2190	0.0730	0.2795	0.1701	0.1009
000102	R	0.655094	0.376599	0.033553	0.2531	0.2399	0.2220	0.0920	0.2911	0.1893	0.1015
000103	L	0.650865	0.428304	0.033110	0.2432	0.2292	0.2470	0.0990	0.2998	0.1923	0.1026
000104	A	0.576951	0.492152	0.034461	0.2292	0.2328	0.2420	0.0870	0.2955	0.1813	0.1030
000105	D	0.506585	0.513901	0.034236	0.2122	0.3215	0.2630	0.0760	0.3028	0.1675	0.1051
000106	P	0.428117	0.521574	0.033757	0.2255	0.3215	0.2770	0.0690	0.2957	0.1544	0.1041
000107	T	0.374498	0.497278	0.034055	0.3184	0.4441	0.2940	0.0860	0.3213	0.1484	0.1028
000108	R	0.303539	0.482164	0.035409	0.3005	0.4186	0.2780	0.0920	0.2972	0.1402	0.1034
000109	R	0.247695	0.454772	0.035929	0.3939	0.4725	0.2630	0.0900	0.3052	0.1505	0.1044
000110	T	0.221301	0.478892	0.038584	0.3668	0.3948	0.2770	0.1070	0.2898	0.1418	0.1071
000111	N	0.186575	0.509120	0.038953	0.3225	0.3087	0.2880	0.1160	0.2692	0.1427	0.1089
000112	C	0.178669	0.520032	0.038207	0.2333	0.3019	0.3310	0.1340	0.2608	0.1477	0.1133
000113	G	0.158434	0.526913	0.036704	0.1698	0.2470	0.3100	0.1210	0.2354	0.1530	0.1182
000114	Y	0.132414	0.526785	0.035946	0.2255	0.3356	0.2760	0.0980	0.2494	0.1554	0.1241
000115	E	0.108577	0.485584	0.034567	0.1878	0.3599	0.2360	0.0660	0.2297	0.1511	0.1341
000116	S	0.092315	0.434837	0.034333	0.1878	0.2364	0.2290	0.0380	0.1968	0.1269	0.1417
000117	G	0.079054	0.395795	0.036766	0.1667	0.1251	0.2210	0.0360	0.1646	0.1168	0.1532
000118	D	0.061348	0.352969	0.038727	0.1041	0.1028	0.1800	0.0480	0.1336	0.1052	0.1685
000119	H	0.041621	0.275057	0.041829	0.0660	0.1115	0.1430	0.0490	0.1062	0.0815	0.1816
000120	M	0.028510	0.227747	0.046722	0.0567	0.0690	0.1210	0.0420	0.0838	0.0677	0.1992
000121	C	0.005106	0.194744	0.050507	0.0621	0.0719	0.1060	0.0490	0.0734	0.0594	0.2163
000122	I	0.000585	0.145741	0.052438	0.0376	0.0380	0.0940	0.0420	0.0527	0.0475	0.2344
000123	S	0.000063	0.124199	0.055529	0.0607	0.0313	0.0810	0.0320	0.0495	0.0398	0.2519
000124	V	0.000023	0.117980	0.058425	0.0327	0.0194	0.0770	0.0330	0.0412	0.0402	0.2764
000125	D	0.000016	0.097516	0.062319	0.0316	0.0320	0.0720	0.0340	0.0388	0.0334	0.3022
000126	S	0.000013	0.071928	0.065934	0.0144	0.0281	0.0630	0.0310	0.0296	0.0299	0.3196
000127	W	0.000009	0.067141	0.069640	0.0144	0.0184	0.0560	0.0230	0.0260	0.0299	0.3376
000128	W	0.000008	0.071011	0.073241	0.0144	0.0205	0.0480	0.0160	0.0256	0.0306	0.3520
000129	A	0.000008	0.069137	0.076193	0.0078	0.0108	0.0380	0.0080	0.0210	0.0326	0.3576
000130	D	0.000006	0.082105	0.080167	0.0109	0.0085	0.0340	0.0080	0.0226	0.0361	0.3715
000131	L	0.000007	0.090112	0.082033	0.0078	0.0090	0.0360	0.0090	0.0238	0.0387	0.3864
000132	N	0.000008	0.086150	0.083930	0.0081	0.0107	0.0380	0.0110	0.0238	0.0380	0.3996
000133	Y	0.000008	0.075182	0.086138	0.0109	0.0115	0.0400	0.0100	0.0229	0.0361	0.4196
000134	F	0.000023	0.089606	0.090664	0.0086	0.0125	0.0420	0.0090	0.0255	0.0403	0.4238
000135	L	0.001055	0.090342	0.092289	0.0082	0.0163	0.0450	0.0090	0.0269	0.0404	0.4134
000136	S	0.002235	0.096679	0.094008	0.0083	0.0151	0.0480	0.0100	0.0284	0.0421	0.4136
000137	S	0.002394	0.118850	0.095361	0.0082	0.0115	0.0540	0.0120	0.0325	0.0480	0.4082
000138	L	0.002782	0.132116	0.098149	0.0160	0.0153	0.0630	0.0150	0.0381	0.0505	0.3932
000139	P	0.003353	0.132234	0.104586	0.0179	0.0287	0.0680	0.0200	0.0418	0.0501	0.3805
000140	F	0.006454	0.147989	0.113803	0.0173	0.0209	0.0940	0.0320	0.0477	0.0576	0.3626
000141	L	0.026718	0.182347	0.124724	0.0160	0.0191	0.1130	0.0350	0.0595	0.0668	0.3542
000142	A	0.052415	0.183548	0.136417	0.0160	0.0287	0.1340	0.0330	0.0691	0.0665	0.3638
000143	A	0.067641	0.196380	0.148658	0.0160	0.0287	0.1470	0.0350	0.0759	0.0716	0.3775
000144	V	0.073993	0.233372	0.158948	0.0316	0.0543	0.1710	0.0410	0.0940	0.0768	0.3970
000145	D	0.080198	0.256512	0.167635	0.0643	0.0734	0.2260	0.0670	0.1168	0.0817	0.4279
000146	S	0.087422	0.274297	0.180732	0.1266	0.1184	0.2750	0.0680	0.1470	0.0802	0.4157
000147	G	0.178288	0.319681	0.192899	0.0858	0.0734	0.2990	0.0670	0.1593	0.0995	0.4019
000148	V	0.285960	0.359355	0.205825	0.0884	0.0454	0.2870	0.0820	0.1777	0.1176	0.3902
000149	M	0.386826	0.383330	0.222118	0.1041	0.0888	0.2500	0.0750	0.2022	0.1239	0.3652
000150	G	0.470210	0.402289	0.239083	0.0567	0.0909	0.2100	0.0620	0.2051	0.1557	0.3353
000151	I	0.545574	0.426451	0.248755	0.1266	0.1881	0.2280	0.0680	0.2525	0.1510	0.3061
000152	S	0.633303	0.433752	0.257594	0.2122	0.2609	0.2250	0.0740	0.2941	0.1573	0.2755
000153	S	0.726696	0.424582	0.267549	0.2657	0.3053	0.2390	0.0860	0.3268	0.1756	0.2575
000154	D	0.775681	0.433666	0.274832	0.2963	0.3494	0.2360	0.0770	0.3485	0.1873	0.2453
000155	Q	0.805270	0.429401	0.278819	0.3717	0.4087	0.2100	0.0600	0.3708	0.1949	0.2329
000156	V	0.746597	0.423832	0.284535	0.3717	0.3983	0.2130	0.0620	0.3589	0.1746	0.2237
000157	R	0.680763	0.450319	0.292254	0.3806	0.2918	0.2580	0.0840	0.3436	0.1523	0.2100
000158	L	0.621645	0.486079	0.296232	0.3717	0.2094	0.2860	0.0710	0.3291	0.1468	0.1937
000159	L	0.562845	0.508555	0.300519	0.3630	0.1823	0.2790	0.0730	0.3160	0.1413	0.1721
000160	P	0.506633	0.533917	0.306925	0.3311	0.2364	0.2300	0.0460	0.3063	0.1312	0.1533
000161	P	0.417869	0.557388	0.314390	0.2531	0.1823	0.1920	0.0610	0.2671	0.1428	0.1409
000162	P	0.373330	0.569034	0.323304	0.3491	0.2541	0.1590	0.0460	0.2841	0.1363	0.1299
000163	K	0.381197	0.551853	0.334874	0.2865	0.2541	0.1460	0.0410	0.2699	0.1367	0.1210
000164	N	0.371088	0.537766	0.348314	0.2865	0.1823	0.1290	0.0430	0.2511	0.1455	0.1126
000165	E	0.347321	0.544239	0.359938	0.2748	0.1731	0.1120	0.0450	0.2419	0.1523	0.1033
000166	R	0.322385	0.527405	0.371469	0.1805	0.1554	0.1090	0.0460	0.2157	0.1577	0.0946
000167	K	0.313274	0.475888	0.381919	0.2483	0.2034	0.1130	0.0430	0.2256	0.1345	0.0871
000168	F	0.295685	0.450416	0.387895	0.2432	0.1162	0.1250	0.0560	0.2051	0.1400	0.0819
000169	C	0.271246	0.452696	0.389327	0.3096	0.2002	0.1190	0.0510	0.2255	0.1288	0.0795
000170	Y	0.278351	0.389682	0.386856	0.2865	0.2988	0.1170	0.0500	0.2283	0.1114	0.0796
000171	D	0.242522	0.413914	0.378622	0.2865	0.2752	0.1190	0.0450	0.2229	0.1145	0.0823
000172	V	0.178567	0.448529	0.367854	0.2657	0.2064	0.1260	0.0490	0.2042	0.1271	0.0830
000173	S	0.151709	0.449957	0.355253	0.2292	0.1942	0.1410	0.0530	0.1944	0.1272	0.0848
000174	S	0.142943	0.457855	0.342255	0.1921	0.1942	0.1600	0.0490	0.1911	0.1273	0.0879
000175	C	0.125516	0.492737	0.330494	0.1921	0.1007	0.1750	0.0420	0.1810	0.1467	0.0907
000176	R	0.089795	0.503541	0.318517	0.1805	0.0985	0.1900	0.0400	0.1771	0.1531	0.0964
000177	S	0.062710	0.503336	0.300301	0.1060	0.1028	0.2100	0.0420	0.1642	0.1598	0.1017
000178	S	0.042303	0.535158	0.283179	0.1117	0.0506	0.2140	0.0540	0.1590	0.1768	0.1080
000179	F	0.020996	0.554091	0.263834	0.1635	0.0581	0.2040	0.0510	0.1667	0.1798	0.1165
000180	P	0.000588	0.525358	0.242219	0.1495	0.1028	0.1680	0.0440	0.1578	0.1684	0.1244
000181	E	0.000310	0.487014	0.218359	0.1380	0.1028	0.1800	0.0560	0.1514	0.1546	0.1325
000182	T	0.000319	0.470500	0.202749	0.1380	0.0592	0.1950	0.0750	0.1439	0.1531	0.1407
000183	M	0.000273	0.425368	0.188049	0.1178	0.0929	0.1890	0.0780	0.1376	0.1350	0.1565
000184	N	0.000227	0.362540	0.173885	0.0723	0.0929	0.1510	0.0620	0.1132	0.1170	0.1693
000185	K	0.000209	0.326029	0.161548	0.0832	0.1115	0.1010	0.0420	0.1037	0.1033	0.1810
000186	W	0.000036	0.281453	0.151773	0.1266	0.0870	0.0950	0.0360	0.0984	0.0885	0.1938
000187	N	0.000032	0.244537	0.139165	0.1456	0.0851	0.0790	0.0280	0.0924	0.0784	0.2033
000188	T	0.000029	0.207406	0.124789	0.0858	0.0870	0.0820	0.0330	0.0771	0.0651	0.2148
000189	F	0.000026	0.189810	0.114398	0.0832	0.0424	0.0750	0.0260	0.0651	0.0621	0.2282
000190	Y	0.000024	0.193010	0.104635	0.1322	0.0929	0.0760	0.0230	0.0823	0.0608	0.2385
000191	Q	0.000008	0.181461	0.093756	0.0643	0.0835	0.0770	0.0250	0.0677	0.0556	0.2424
000192	Y	0.000007	0.186122	0.081243	0.0660	0.0443	0.1080	0.0400	0.0673	0.0592	0.2433
000193	L	0.000008	0.222621	0.069601	0.0701	0.0263	0.1260	0.0450	0.0742	0.0737	0.2398
000194	Q	0.000007	0.242122	0.055631	0.0554	0.0349	0.1440	0.0490	0.0794	0.0817	0.2244
000195	S	0.000007	0.263840	0.039874	0.0336	0.0188	0.1670	0.0520	0.0805	0.0959	0.2079
000196	P	0.000006	0.317371	0.023787	0.0327	0.0123	0.1640	0.0550	0.0877	0.1148	0.1962
000197	F	0.000006	0.329388	0.008785	0.0363	0.0125	0.1980	0.0640	0.0961	0.1240	0.1882
000198	S	0.000005	0.329129	-0.003606	0.0200	0.0101	0.1960	0.0690	0.0925	0.1268	0.1789
000199	K	0.000006	0.321489	-0.011171	0.0087	0.0089	0.1730	0.0620	0.0854	0.1237	0.1716
000200	F	0.000006	0.295997	-0.015386	0.0141	0.0136	0.1510	0.0500	0.0791	0.1125	0.1647
000201	D	0.000006	0.232211	-0.020929	0.0212	0.0227	0.1340	0.0430	0.0683	0.0895	0.1542
000202	D	0.000005	0.192493	-0.022951	0.0167	0.0198	0.1130	0.0380	0.0569	0.0754	0.1453
000203	L	0.000005	0.162437	-0.024067	0.0308	0.0349	0.0890	0.0290	0.0528	0.0617	0.1373
000204	L	0.000006	0.141766	-0.023351	0.0490	0.0341	0.0680	0.0200	0.0488	0.0529	0.1255
000205	K	0.000006	0.119425	-0.023401	0.0414	0.0253	0.0600	0.0160	0.0410	0.0458	0.1146
000206	Y	0.000006	0.115555	-0.022830	0.0268	0.0281	0.0680	0.0190	0.0398	0.0454	0.1084
000207	L	0.000011	0.115182	-0.022423	0.0160	0.0263	0.0640	0.0180	0.0370	0.0453	0.1006
000208	W	0.000012	0.109439	-0.021546	0.0336	0.0320	0.0830	0.0280	0.0429	0.0451	0.0900
000209	A	0.000014	0.118439	-0.022084	0.0376	0.0327	0.0920	0.0340	0.0468	0.0489	0.0809
000210	A	0.000018	0.129930	-0.021769	0.0218	0.0313	0.0940	0.0340	0.0462	0.0530	0.0719
000211	H	0.000110	0.145637	-0.020791	0.0387	0.0313	0.1020	0.0350	0.0530	0.0576	0.0627
000212	T	0.000155	0.183984	-0.018555	0.0363	0.0327	0.1330	0.0510	0.0643	0.0728	0.0556
000213	S	0.001451	0.213946	-0.017955	0.0157	0.0327	0.1480	0.0640	0.0686	0.0852	0.0506
000214	T	0.001570	0.276020	-0.016087	0.0308	0.0555	0.1770	0.0910	0.0901	0.1048	0.0471
000215	L	0.001718	0.351712	-0.014651	0.0514	0.0518	0.2140	0.1110	0.1118	0.1313	0.0459
000216	A	0.001908	0.425118	-0.013377	0.0502	0.0555	0.2310	0.1190	0.1273	0.1560	0.0442
000217	D	0.002208	0.446935	-0.011753	0.0478	0.0581	0.2560	0.1260	0.1352	0.1657	0.0425
000218	N	0.002650	0.494775	-0.009200	0.0789	0.0555	0.2570	0.1270	0.1481	0.1785	0.0408
000219	I	0.003771	0.480333	-0.006872	0.0858	0.1070	0.2650	0.1260	0.1570	0.1704	0.0389
000220	K	0.004618	0.436942	-0.004877	0.0567	0.1275	0.2660	0.1240	0.1487	0.1582	0.0377
000221	S	0.005248	0.423909	-0.002753	0.0701	0.1298	0.2500	0.1210	0.1466	0.1506	0.0366
000222	F	0.004247	0.445819	0.000313	0.0723	0.1501	0.2460	0.1200	0.1530	0.1562	0.0360
000223	E	0.005027	0.411343	0.002190	0.0621	0.1251	0.2380	0.1240	0.1402	0.1453	0.0374
000224	D	0.005514	0.402332	0.004147	0.0744	0.1275	0.2380	0.1240	0.1412	0.1410	0.0379
000225	R	0.006073	0.434631	0.004917	0.0621	0.0618	0.2380	0.1250	0.1338	0.1552	0.0381
000226	Y	0.006017	0.442852	0.005386	0.1018	0.1162	0.2550	0.1260	0.1537	0.1538	0.0372
000227	D	0.005689	0.419624	0.005701	0.0607	0.1424	0.2600	0.1300	0.1481	0.1497	0.0387
000228	Y	0.004646	0.449490	0.006362	0.0643	0.1298	0.2700	0.1280	0.1530	0.1599	0.0404
000229	Y	0.003918	0.491532	0.005000	0.0587	0.0618	0.2710	0.1170	0.1478	0.1778	0.0424
000230	S	0.003348	0.517332	0.003418	0.0991	0.0749	0.2750	0.1120	0.1616	0.1830	0.0455
000231	K	0.003156	0.500450	0.002151	0.0514	0.0473	0.2820	0.1040	0.1474	0.1844	0.0489
000232	A	0.002310	0.508370	0.002126	0.0350	0.0405	0.2660	0.0840	0.1421	0.1873	0.0524
000233	E	0.001792	0.451745	0.001939	0.0395	0.0618	0.2320	0.0780	0.1311	0.1630	0.0568
000234	A	0.001131	0.383475	0.002158	0.0297	0.0592	0.1940	0.0620	0.1112	0.1380	0.0583
000235	H	0.002055	0.321369	0.003943	0.0173	0.0543	0.1570	0.0620	0.0921	0.1153	0.0606
000236	F	0.004682	0.273210	0.006879	0.0200	0.0327	0.1240	0.0590	0.0758	0.0967	0.0625
000237	E	0.005693	0.239175	0.009597	0.0387	0.0483	0.0920	0.0420	0.0706	0.0799	0.0671
000238	R	0.006820	0.212472	0.011875	0.0212	0.0380	0.0740	0.0360	0.0587	0.0714	0.0683
000239	S	0.008954	0.178641	0.014302	0.0316	0.0463	0.0620	0.0320	0.0545	0.0574	0.0690
000240	W	0.008989	0.148842	0.016434	0.0478	0.0506	0.0560	0.0270	0.0520	0.0457	0.0694
000241	V	0.009077	0.125707	0.018272	0.0308	0.0253	0.0500	0.0220	0.0402	0.0391	0.0709
000242	L	0.009104	0.099404	0.019940	0.0173	0.0300	0.0450	0.0170	0.0335	0.0304	0.0701
000243	A	0.009149	0.084965	0.021129	0.0097	0.0372	0.0380	0.0120	0.0299	0.0260	0.0709
000244	V	0.008080	0.074401	0.022509	0.0109	0.0349	0.0340	0.0090	0.0270	0.0223	0.0714
000245	D	0.005402	0.063051	0.025075	0.0141	0.0258	0.0320	0.0080	0.0233	0.0185	0.0733
000246	H	0.004335	0.066062	0.027397	0.0150	0.0174	0.0300	0.0090	0.0222	0.0200	0.0734
000247	L	0.003105	0.066026	0.029732	0.0160	0.0341	0.0280	0.0070	0.0245	0.0199	0.0718
000248	A	0.000912	0.064834	0.032396	0.0079	0.0294	0.0220	0.0040	0.0209	0.0212	0.0696
000249	A	0.000843	0.065460	0.034434	0.0081	0.0181	0.0240	0.0060	0.0194	0.0218	0.0682
000250	V	0.000722	0.077754	0.036554	0.0082	0.0184	0.0270	0.0100	0.0221	0.0258	0.0656
000251	L	0.000602	0.080215	0.038441	0.0086	0.0178	0.0320	0.0130	0.0232	0.0268	0.0631
000252	F	0.000493	0.080459	0.040059	0.0144	0.0258	0.0360	0.0150	0.0262	0.0259	0.0581
000253	P	0.000463	0.084937	0.039684	0.0118	0.0414	0.0360	0.0150	0.0291	0.0275	0.0556
000254	T	0.000569	0.088110	0.040137	0.0160	0.0494	0.0480	0.0230	0.0338	0.0285	0.0518
000255	T	0.001029	0.088736	0.040008	0.0279	0.0543	0.0740	0.0340	0.0409	0.0297	0.0476
000256	L	0.001292	0.101181	0.041081	0.0274	0.0605	0.1060	0.0410	0.0493	0.0384	0.0427
000257	I	0.001582	0.125060	0.042171	0.0194	0.0719	0.1130	0.0500	0.0552	0.0463	0.0397
000258	R	0.001845	0.174865	0.043409	0.0455	0.1162	0.1440	0.0800	0.0804	0.0619	0.0393
000259	S	0.005593	0.237818	0.044360	0.0701	0.0851	0.1740	0.0980	0.0955	0.0795	0.0389
000260	Y	0.007561	0.295808	0.045104	0.0909	0.0631	0.1950	0.0950	0.1087	0.0992	0.0378
000261	K	0.010441	0.340274	0.046558	0.0723	0.0555	0.1970	0.0850	0.1126	0.1145	0.0379
000262	F	0.012611	0.381676	0.047458	0.0643	0.0967	0.2130	0.0820	0.1281	0.1268	0.0377
000263	Q	0.015971	0.402935	0.046824	0.0660	0.1823	0.2130	0.0720	0.1467	0.1322	0.0401
000264	K	0.025777	0.394845	0.045782	0.0554	0.1671	0.2220	0.0610	0.1442	0.1298	0.0417
000265	G	0.025602	0.370045	0.044437	0.0554	0.1184	0.2240	0.0510	0.1323	0.1226	0.0442
000266	M	0.025362	0.355342	0.042857	0.0587	0.0967	0.2030	0.0480	0.1232	0.1163	0.0463
000267	P	0.025439	0.309754	0.041290	0.0607	0.1702	0.1600	0.0470	0.1210	0.0989	0.0500
000268	P	0.024763	0.259622	0.040406	0.0858	0.1399	0.1120	0.0270	0.1037	0.0777	0.0527
000269	R	0.025859	0.231487	0.040773	0.1060	0.0851	0.0910	0.0240	0.0900	0.0669	0.0523
000270	I	0.025844	0.202493	0.041467	0.0542	0.0851	0.0820	0.0330	0.0749	0.0583	0.0501
000271	L	0.030027	0.164854	0.041781	0.0514	0.1449	0.0710	0.0280	0.0770	0.0524	0.0508
000272	L	0.031215	0.164230	0.042031	0.0514	0.0719	0.0580	0.0160	0.0627	0.0446	0.0517
000273	N	0.025721	0.160916	0.043078	0.1150	0.1449	0.0550	0.0160	0.0836	0.0525	0.0528
000274	T	0.028969	0.139892	0.043308	0.0502	0.1137	0.0590	0.0190	0.0653	0.0408	0.0520
000275	D	0.030835	0.131005	0.045018	0.0490	0.0543	0.0580	0.0180	0.0539	0.0332	0.0511
000276	V	0.030758	0.136443	0.043374	0.0363	0.0592	0.0550	0.0180	0.0530	0.0362	0.0495
000277	A	0.027991	0.124942	0.041716	0.0252	0.0870	0.0500	0.0170	0.0525	0.0363	0.0501
000278	P	0.025287	0.121673	0.039095	0.0194	0.0494	0.0430	0.0120	0.0431	0.0344	0.0513
000279	F	0.022779	0.137727	0.037881	0.0144	0.0287	0.0490	0.0170	0.0422	0.0419	0.0524
000280	I	0.016604	0.143873	0.035815	0.0083	0.0181	0.0530	0.0180	0.0400	0.0466	0.0561
000281	S	0.012130	0.133434	0.032120	0.0102	0.0202	0.0480	0.0150	0.0374	0.0429	0.0654
000282	D	0.007398	0.127527	0.028790	0.0116	0.0202	0.0440	0.0120	0.0351	0.0412	0.0752
000283	F	0.004012	0.111078	0.025944	0.0141	0.0198	0.0420	0.0110	0.0318	0.0357	0.0870
000284	T	0.002261	0.086349	0.023489	0.0074	0.0198	0.0360	0.0070	0.0252	0.0281	0.1039
000285	A	0.002040	0.070148	0.021968	0.0033	0.0153	0.0330	0.0070	0.0206	0.0234	0.1228
000286	F	0.001831	0.067389	0.020552	0.0031	0.0101	0.0320	0.0070	0.0190	0.0228	0.1493
000287	Q	0.002413	0.058432	0.019153	0.0049	0.0138	0.0300	0.0060	0.0183	0.0192	0.1845
000288	N	0.002217	0.049703	0.017670	0.0031	0.0178	0.0320	0.0050	0.0175	0.0168	0.2227
000289	V	0.002041	0.048309	0.017846	0.0026	0.0113	0.0360	0.0030	0.0167	0.0174	0.2626
000290	V	0.001948	0.046653	0.020990	0.0069	0.0218	0.0390	0.0050	0.0193	0.0163	0.3061
000291	L	0.002059	0.040394	0.025251	0.0082	0.0356	0.0420	0.0090	0.0213	0.0160	0.3453
000292	V	0.002039	0.046951	0.033912	0.0084	0.0356	0.0440	0.0120	0.0229	0.0181	0.3703
000293	L	0.002068	0.063390	0.043766	0.0081	0.0205	0.0540	0.0150	0.0246	0.0242	0.3881
000294	L	0.001980	0.081174	0.054700	0.0179	0.0433	0.0620	0.0170	0.0344	0.0282	0.3969
000295	N	0.001893	0.099446	0.067489	0.0094	0.0248	0.0660	0.0160	0.0336	0.0370	0.3918
000296	M	0.001630	0.132566	0.080207	0.0131	0.0194	0.0750	0.0170	0.0403	0.0483	0.3950
000297	L	0.001563	0.165435	0.091701	0.0194	0.0263	0.0850	0.0190	0.0497	0.0580	0.3929
000298	D	0.001923	0.193610	0.103317	0.0102	0.0248	0.0890	0.0180	0.0533	0.0693	0.3856
000299	N	0.002427	0.217239	0.114345	0.0070	0.0253	0.1070	0.0190	0.0599	0.0788	0.3774
000300	V	0.003120	0.248586	0.124812	0.0116	0.0372	0.1090	0.0210	0.0682	0.0874	0.3722
000301	D	0.003285	0.252667	0.135908	0.0218	0.0531	0.1070	0.0230	0.0730	0.0869	0.3624
000302	K	0.004706	0.246460	0.147710	0.0414	0.0967	0.1170	0.0270	0.0843	0.0813	0.3510
000303	S	0.006131	0.250253	0.159638	0.0660	0.0967	0.1230	0.0340	0.0903	0.0808	0.3425
000304	I	0.007473	0.242584	0.169818	0.1240	0.0948	0.1250	0.0310	0.0990	0.0767	0.3393
000305	G	0.008947	0.220645	0.181915	0.1635	0.1528	0.1260	0.0280	0.1120	0.0728	0.3442
000306	Y	0.013252	0.213074	0.192127	0.1150	0.1476	0.1470	0.0350	0.1059	0.0719	0.3555
000307	L	0.019703	0.237469	0.203784	0.1456	0.1823	0.1650	0.0410	0.1250	0.0766	0.3583
000308	C	0.028762	0.262322	0.215020	0.2292	0.2575	0.2160	0.0540	0.1656	0.0871	0.3577
000309	T	0.070551	0.295927	0.227457	0.2122	0.2645	0.2820	0.0640	0.1875	0.0841	0.3565
000310	E	0.128820	0.372252	0.237217	0.2080	0.2436	0.3590	0.0840	0.2186	0.0935	0.3568
000311	K	0.196879	0.443282	0.247774	0.2865	0.3053	0.4710	0.1510	0.2838	0.1078	0.3539
000312	S	0.210165	0.488232	0.260880	0.2748	0.2918	0.5830	0.1620	0.3079	0.1420	0.3537
000313	N	0.298165	0.549032	0.273889	0.2786	0.2951	0.7080	0.1700	0.3548	0.1740	0.3555
000314	V	0.388210	0.632234	0.285309	0.2786	0.2951	0.7710	0.1740	0.3942	0.1973	0.3599
000315	Y	0.481539	0.693260	0.297532	0.3668	0.2988	0.7970	0.1690	0.4396	0.1997	0.3584
000316	R	0.574848	0.747900	0.308218	0.3668	0.2988	0.8020	0.1600	0.4651	0.2112	0.3551
000317	D	0.676186	0.779069	0.319374	0.3847	0.3983	0.8230	0.1480	0.5102	0.2091	0.3491
000318	H	0.744596	0.807348	0.331327	0.4556	0.4979	0.8350	0.1300	0.5568	0.2001	0.3441
000319	S	0.797089	0.830181	0.344243	0.5173	0.5707	0.8480	0.1120	0.5939	0.1960	0.3400
000320	E	0.838345	0.831614	0.355934	0.5253	0.5577	0.8620	0.0890	0.6026	0.2018	0.3392
000321	S	0.934583	0.833520	0.365364	0.5126	0.5296	0.9710	0.0200	0.6303	0.2396	0.3382
000322	S	0.956004	0.843099	0.375040	0.5549	0.5176	0.9590	0.0410	0.6384	0.2368	0.3395
000323	S	0.974502	0.850296	0.378843	0.5992	0.5139	0.9430	0.0690	0.6468	0.2339	0.3418
000324	R	0.987392	0.861729	0.381310	0.6412	0.4801	0.9490	0.0610	0.6532	0.2403	0.3458
000325	S	0.997751	0.872914	0.384012	0.7232	0.5533	0.9730	0.0290	0.6866	0.2324	0.3484
000326	Y	0.996595	0.889735	0.384351	0.8200	0.6948	0.9730	0.0220	0.7290	0.2180	0.3534
000327	G	0.996500	0.897087	0.383944	0.8556	0.6806	0.9730	0.0280	0.7337	0.2209	0.3577
000328	N	0.995824	0.900313	0.383311	0.8823	0.6531	0.9610	0.0360	0.7321	0.2239	0.3637
000329	N	0.994950	0.908857	0.382380	0.9141	0.6482	0.9600	0.0480	0.7376	0.2274	0.3717
000330	S	0.989079	0.917814	0.381489	0.9392	0.6482	0.9360	0.0750	0.7384	0.2273	0.3817