RESNUM	RES	VL-XT	VSL2B	VL3	IUPred-S	IUPred-L	PONDRFIT	FITERROR	MDP	MDPERROR	ANCHOR2
000001	M	0.989492	0.850124	0.092783	0.5846	0.0749	0.9850	0.0110	0.5962	0.3864	0.1953
000002	A	0.905116	0.773690	0.090423	0.5008	0.0888	0.9660	0.0070	0.5541	0.3594	0.2099
000003	S	0.708879	0.688551	0.085959	0.3578	0.0646	0.9630	0.0140	0.4782	0.3348	0.2234
000004	M	0.653986	0.559397	0.081916	0.2748	0.0483	0.8990	0.0460	0.4196	0.3103	0.2416
000005	A	0.558899	0.405678	0.078177	0.1566	0.0676	0.8620	0.0470	0.3547	0.2885	0.2594
000006	A	0.471030	0.286193	0.074539	0.0744	0.0765	0.7980	0.0810	0.2967	0.2673	0.2742
000007	V	0.383239	0.191377	0.071069	0.0526	0.0483	0.6050	0.1350	0.2253	0.2062	0.2984
000008	L	0.317311	0.136951	0.068113	0.0308	0.0646	0.5520	0.1290	0.1950	0.1853	0.3255
000009	T	0.256306	0.097549	0.065488	0.0102	0.0704	0.4930	0.0770	0.1655	0.1651	0.3522
000010	W	0.216340	0.089236	0.063093	0.0079	0.0929	0.4660	0.1050	0.1559	0.1520	0.3825
000011	A	0.165383	0.081243	0.060535	0.0042	0.1206	0.6680	0.0940	0.1834	0.2224	0.3979
000012	L	0.132953	0.077959	0.058160	0.0062	0.1229	0.5960	0.0960	0.1657	0.1969	0.4111
000013	A	0.100074	0.088440	0.056129	0.0083	0.1323	0.5160	0.0800	0.1503	0.1682	0.4197
000014	L	0.073151	0.100592	0.054535	0.0074	0.1323	0.4940	0.0700	0.1437	0.1615	0.4234
000015	L	0.051140	0.118391	0.054293	0.0102	0.1528	0.4480	0.0880	0.1392	0.1459	0.4189
000016	S	0.038367	0.161003	0.053969	0.0141	0.1007	0.3690	0.0960	0.1229	0.1199	0.4117
000017	A	0.025536	0.209455	0.054086	0.0212	0.0618	0.3480	0.0850	0.1200	0.1199	0.4103
000018	F	0.013883	0.246847	0.053320	0.0200	0.0967	0.3440	0.0980	0.1290	0.1237	0.4127
000019	S	0.001221	0.257354	0.053753	0.0259	0.0851	0.3020	0.1070	0.1210	0.1160	0.4096
000020	A	0.000768	0.283521	0.054545	0.0279	0.0454	0.3140	0.1150	0.1210	0.1270	0.4057
000021	T	0.000262	0.290594	0.056431	0.0274	0.0851	0.2780	0.1130	0.1230	0.1170	0.4033
000022	Q	0.000212	0.271236	0.059414	0.0200	0.1007	0.2400	0.0940	0.1152	0.1044	0.4064
000023	A	0.000202	0.264412	0.065970	0.0387	0.1501	0.2230	0.0790	0.1237	0.0967	0.4094
000024	R	0.000148	0.278971	0.073918	0.0514	0.1671	0.1670	0.0600	0.1230	0.0920	0.4120
000025	K	0.000190	0.261760	0.083645	0.0858	0.2292	0.1290	0.0410	0.1317	0.0896	0.4158
000026	G	0.003436	0.245606	0.093837	0.1380	0.3087	0.1320	0.0450	0.1537	0.0994	0.4214
000027	F	0.005997	0.253116	0.106041	0.1495	0.3087	0.1510	0.0650	0.1624	0.0980	0.4277
000028	W	0.012632	0.248535	0.118766	0.1878	0.3321	0.1500	0.0620	0.1749	0.1004	0.4282
000029	D	0.019267	0.253195	0.130247	0.2865	0.4220	0.1530	0.0700	0.2107	0.1282	0.4225
000030	Y	0.024061	0.280789	0.140160	0.3005	0.3631	0.2010	0.0900	0.2183	0.1124	0.4184
000031	F	0.024098	0.316172	0.148551	0.3399	0.3983	0.2350	0.1060	0.2437	0.1263	0.4171
000032	S	0.024577	0.341321	0.157690	0.2865	0.4017	0.2670	0.1310	0.2464	0.1240	0.4137
000033	Q	0.025085	0.389511	0.170724	0.2913	0.3087	0.3320	0.1400	0.2528	0.1212	0.4104
000034	T	0.025510	0.465510	0.186404	0.3456	0.3392	0.3930	0.1400	0.2926	0.1458	0.4083
000035	S	0.051679	0.509000	0.204479	0.2820	0.3494	0.4510	0.1630	0.3079	0.1526	0.4092
000036	G	0.062277	0.557199	0.223518	0.2913	0.3599	0.4840	0.1430	0.3296	0.1636	0.4098
000037	D	0.096399	0.624083	0.245304	0.3053	0.3529	0.4810	0.1100	0.3507	0.1680	0.4110
000038	K	0.186546	0.632181	0.268230	0.4149	0.4186	0.4610	0.0970	0.3969	0.1420	0.4124
000039	G	0.279530	0.609706	0.291448	0.4879	0.5017	0.4520	0.0820	0.4371	0.1175	0.4162
000040	R	0.377019	0.640112	0.314899	0.4556	0.4831	0.4650	0.1190	0.4559	0.1007	0.4214
000041	V	0.474026	0.611046	0.338637	0.5253	0.6043	0.4420	0.1330	0.4993	0.0948	0.4260
000042	E	0.567920	0.585386	0.362650	0.6079	0.7718	0.4030	0.1300	0.5498	0.1359	0.4290
000043	Q	0.673309	0.572931	0.386190	0.6174	0.7459	0.4720	0.1520	0.5780	0.1203	0.4316
000044	I	0.749750	0.576497	0.409664	0.6474	0.7459	0.4980	0.1480	0.6045	0.1246	0.4332
000045	H	0.831838	0.582511	0.432347	0.6293	0.6427	0.4880	0.1690	0.6010	0.1275	0.4337
000046	Q	0.883469	0.602639	0.453811	0.6334	0.6375	0.5420	0.1840	0.6254	0.1315	0.4342
000047	Q	0.875817	0.619028	0.474262	0.5762	0.6576	0.5380	0.1940	0.6236	0.1269	0.4359
000048	K	0.868572	0.634798	0.493730	0.5667	0.6375	0.4840	0.1660	0.6142	0.1287	0.4393
000049	M	0.860592	0.645375	0.513115	0.5802	0.5456	0.5090	0.1390	0.6090	0.1216	0.4441
000050	A	0.849143	0.664472	0.531405	0.5802	0.5577	0.5150	0.1450	0.6162	0.1146	0.4496
000051	R	0.843546	0.675673	0.548859	0.5296	0.5665	0.4590	0.1490	0.6038	0.1249	0.4556
000052	E	0.829249	0.684322	0.565184	0.5846	0.6712	0.3830	0.1340	0.6195	0.1361	0.4627
000053	P	0.814790	0.694406	0.581134	0.5941	0.5533	0.3990	0.1370	0.6061	0.1277	0.4713
000054	A	0.810466	0.707687	0.594412	0.5941	0.5620	0.4530	0.1500	0.6202	0.1130	0.4815
000055	T	0.808998	0.701490	0.607453	0.5941	0.6948	0.4410	0.1390	0.6414	0.1140	0.4898
000056	L	0.801480	0.712915	0.619573	0.5992	0.6427	0.4640	0.1570	0.6400	0.1035	0.4988
000057	K	0.788144	0.728829	0.632182	0.5941	0.6531	0.4170	0.1280	0.6355	0.1168	0.5064
000058	D	0.770240	0.742422	0.643487	0.5583	0.6375	0.4320	0.1170	0.6307	0.1132	0.5159
000059	S	0.702672	0.763492	0.654704	0.5711	0.5176	0.4810	0.1190	0.6150	0.1006	0.5216
000060	L	0.621184	0.770269	0.667592	0.6035	0.4766	0.4900	0.1210	0.6049	0.1010	0.5310
000061	E	0.584281	0.788482	0.682569	0.5623	0.5139	0.4350	0.0930	0.5945	0.1143	0.5416
000062	Q	0.558654	0.805772	0.699122	0.5229	0.5176	0.4440	0.0940	0.5913	0.1228	0.5532
000063	D	0.533501	0.819980	0.714945	0.5229	0.4220	0.4810	0.0850	0.5824	0.1390	0.5664
000064	L	0.518122	0.830616	0.726371	0.4879	0.3807	0.5270	0.0670	0.5784	0.1523	0.5847
000065	N	0.499905	0.837367	0.735093	0.4556	0.4409	0.4800	0.0730	0.5749	0.1535	0.5936
000066	N	0.486098	0.839018	0.741428	0.4556	0.3566	0.5080	0.0740	0.5645	0.1688	0.6073
000067	M	0.501169	0.848705	0.747077	0.5412	0.4330	0.5130	0.0590	0.5974	0.1484	0.6259
000068	N	0.552728	0.851601	0.750230	0.4825	0.4369	0.5130	0.0590	0.5979	0.1505	0.6394
000069	K	0.621486	0.855050	0.752505	0.4825	0.4186	0.5960	0.0410	0.6210	0.1488	0.6499
000070	F	0.636875	0.858532	0.754907	0.4879	0.4330	0.6320	0.0540	0.6339	0.1454	0.6600
000071	L	0.641151	0.864791	0.757567	0.5473	0.4801	0.6050	0.0320	0.6493	0.1286	0.6572
000072	E	0.653213	0.879616	0.760268	0.5514	0.5055	0.5900	0.0350	0.6567	0.1283	0.6476
000073	K	0.656542	0.876461	0.763365	0.5173	0.4940	0.6590	0.0460	0.6612	0.1326	0.6358
000074	L	0.682145	0.882083	0.766776	0.5374	0.4051	0.7560	0.0350	0.6716	0.1579	0.6240
000075	R	0.710625	0.894946	0.770532	0.5900	0.5176	0.7670	0.0490	0.7084	0.1242	0.6064
000076	P	0.704204	0.904606	0.774856	0.5253	0.5055	0.7530	0.0670	0.6946	0.1406	0.5970
000077	L	0.731186	0.907631	0.779678	0.5473	0.5017	0.7800	0.0620	0.7079	0.1409	0.5839
000078	S	0.754493	0.911923	0.784200	0.5762	0.5807	0.7630	0.0650	0.7284	0.1181	0.5630
000079	G	0.786255	0.916523	0.788167	0.5846	0.4864	0.8000	0.0640	0.7271	0.1453	0.5446
000080	S	0.789313	0.917433	0.791930	0.6079	0.4940	0.8110	0.0600	0.7352	0.1411	0.5292
000081	E	0.795535	0.920148	0.795534	0.6035	0.5707	0.7940	0.0570	0.7466	0.1215	0.5128
000082	A	0.812518	0.916881	0.799038	0.6557	0.6620	0.8350	0.0540	0.7803	0.0936	0.5068
000083	P	0.809718	0.915514	0.802192	0.6293	0.6322	0.8220	0.0500	0.7685	0.1043	0.4986
000084	R	0.804259	0.909952	0.804308	0.6174	0.6482	0.8510	0.0550	0.7726	0.1054	0.4895
000085	L	0.814132	0.901820	0.805300	0.6557	0.6427	0.8590	0.0690	0.7798	0.0977	0.4818
000086	P	0.804871	0.904493	0.803845	0.6715	0.6620	0.8010	0.1140	0.7747	0.0843	0.4742
000087	Q	0.797896	0.898226	0.801902	0.5802	0.6269	0.7860	0.1230	0.7485	0.1097	0.4661
000088	D	0.788501	0.885380	0.798999	0.6516	0.7415	0.7060	0.1490	0.7619	0.0743	0.4603
000089	P	0.807181	0.874335	0.796048	0.6516	0.6427	0.6980	0.1580	0.7449	0.0862	0.4558
000090	V	0.816629	0.833765	0.792531	0.6474	0.6576	0.7290	0.1520	0.7461	0.0738	0.4535
000091	G	0.814479	0.829188	0.788703	0.5802	0.6755	0.6790	0.1690	0.7278	0.0898	0.4509
000092	M	0.822468	0.799377	0.784840	0.5846	0.5665	0.6660	0.1620	0.7039	0.1035	0.4484
000093	R	0.828561	0.797294	0.780655	0.6124	0.5951	0.6520	0.1480	0.7111	0.0937	0.4437
000094	R	0.830891	0.791421	0.776044	0.5173	0.5211	0.6650	0.1490	0.6836	0.1267	0.4412
000095	Q	0.836912	0.792006	0.772075	0.5229	0.5211	0.6440	0.1560	0.6815	0.1270	0.4402
000096	L	0.836058	0.800494	0.767857	0.5583	0.5211	0.6700	0.1530	0.6923	0.1196	0.4386
000097	Q	0.835779	0.806273	0.763330	0.5173	0.4864	0.6920	0.1510	0.6835	0.1361	0.4373
000098	E	0.835932	0.803454	0.757387	0.4379	0.5211	0.6670	0.1630	0.6704	0.1466	0.4364
000099	E	0.835004	0.796931	0.750590	0.4282	0.4220	0.6800	0.1560	0.6521	0.1673	0.4357
000100	L	0.832072	0.787185	0.742257	0.4333	0.3599	0.6680	0.1390	0.6372	0.1784	0.4357
000101	E	0.820710	0.775621	0.732557	0.4203	0.4051	0.6190	0.1370	0.6289	0.1647	0.4355
000102	E	0.809726	0.754381	0.722384	0.3847	0.4119	0.5590	0.1470	0.6070	0.1663	0.4356
000103	V	0.798742	0.726438	0.712260	0.3847	0.4220	0.4840	0.1500	0.5880	0.1627	0.4355
000104	K	0.783773	0.701328	0.699986	0.4037	0.4369	0.4600	0.1510	0.5809	0.1509	0.4354
000105	A	0.773126	0.675740	0.685487	0.3847	0.4541	0.4380	0.1520	0.5686	0.1477	0.4355
000106	R	0.734576	0.643482	0.667508	0.3717	0.3774	0.4090	0.1570	0.5339	0.1509	0.4343
000107	L	0.702699	0.611055	0.647671	0.4379	0.3910	0.3910	0.1480	0.5302	0.1274	0.4328
000108	Q	0.640452	0.602756	0.625453	0.3491	0.3910	0.3690	0.1500	0.4963	0.1276	0.4309
000109	P	0.580005	0.585368	0.603024	0.2748	0.2783	0.3530	0.1390	0.4458	0.1461	0.4271
000110	Y	0.535687	0.560333	0.581796	0.2700	0.2783	0.3790	0.1470	0.4341	0.1306	0.4240
000111	M	0.507620	0.538540	0.561206	0.2209	0.2849	0.3730	0.1400	0.4144	0.1301	0.4208
000112	A	0.476704	0.499295	0.542297	0.2209	0.2849	0.3460	0.1320	0.3951	0.1184	0.4148
000113	E	0.452684	0.493811	0.524635	0.1456	0.2783	0.3270	0.1480	0.3703	0.1334	0.4081
000114	A	0.436612	0.449793	0.508877	0.2041	0.2715	0.3130	0.1360	0.3639	0.1083	0.4014
000115	H	0.437868	0.431364	0.495129	0.2080	0.2715	0.3020	0.1380	0.3576	0.1030	0.3950
000116	E	0.397566	0.439324	0.483339	0.1602	0.2988	0.2440	0.1150	0.3372	0.1132	0.3915
000117	L	0.409756	0.407138	0.474413	0.1602	0.3117	0.2010	0.0840	0.3273	0.1147	0.3893
000118	V	0.409034	0.397745	0.464388	0.2122	0.3182	0.1710	0.0650	0.3288	0.1065	0.3936
000119	G	0.399860	0.402839	0.454150	0.2080	0.3117	0.1600	0.0550	0.3228	0.1075	0.3955
000120	W	0.349533	0.398863	0.444962	0.1150	0.3117	0.1670	0.0520	0.2978	0.1192	0.4018
000121	N	0.309729	0.404095	0.437994	0.1667	0.3149	0.1660	0.0500	0.2999	0.1049	0.4090
000122	L	0.266335	0.409048	0.432425	0.2209	0.3494	0.1630	0.0520	0.3068	0.0982	0.4154
000123	E	0.202269	0.394028	0.426507	0.1667	0.3494	0.1640	0.0480	0.2838	0.1092	0.4235
000124	G	0.166839	0.379077	0.421023	0.1635	0.3529	0.1810	0.0570	0.2773	0.1090	0.4280
000125	L	0.173753	0.369219	0.418004	0.1566	0.3053	0.2040	0.0610	0.2711	0.0996	0.4326
000126	R	0.149811	0.384308	0.416409	0.1667	0.2715	0.2180	0.0630	0.2678	0.1019	0.4284
000127	Q	0.197556	0.396066	0.417329	0.1060	0.2715	0.2340	0.0690	0.2704	0.1088	0.4292
000128	Q	0.239602	0.404444	0.418278	0.1349	0.3426	0.2410	0.0770	0.2967	0.1009	0.4329
000129	L	0.315290	0.411310	0.420016	0.1998	0.3426	0.2420	0.0820	0.3219	0.0810	0.4260
000130	K	0.351190	0.416306	0.422130	0.1878	0.3182	0.2460	0.0850	0.3237	0.0851	0.4213
000131	P	0.385232	0.415545	0.425975	0.2255	0.3529	0.2370	0.0840	0.3403	0.0807	0.4128
000132	Y	0.464607	0.406187	0.431254	0.1921	0.3321	0.2590	0.1080	0.3476	0.0969	0.4052
000133	T	0.518515	0.378078	0.436168	0.1844	0.3426	0.2650	0.1220	0.3542	0.1089	0.4005
000134	M	0.565161	0.365754	0.437942	0.1698	0.3356	0.2700	0.1270	0.3573	0.1245	0.3956
000135	D	0.625535	0.345611	0.437874	0.1150	0.3392	0.2690	0.1190	0.3554	0.1557	0.3993
000136	L	0.631197	0.329136	0.436896	0.1732	0.3392	0.2540	0.1020	0.3606	0.1455	0.4070
000137	M	0.642488	0.320430	0.438758	0.1921	0.3494	0.2350	0.0960	0.3630	0.1480	0.4147
000138	E	0.639383	0.339594	0.443709	0.1292	0.3494	0.2210	0.1030	0.3538	0.1622	0.4333
000139	Q	0.672283	0.327687	0.452664	0.1266	0.3494	0.2300	0.0930	0.3597	0.1726	0.4126
000140	V	0.704133	0.296040	0.462368	0.2080	0.3460	0.2240	0.0870	0.3735	0.1701	0.3914
000141	A	0.701995	0.322031	0.471349	0.2041	0.3426	0.2160	0.0740	0.3763	0.1706	0.3753
000142	L	0.716627	0.323239	0.480233	0.1088	0.2470	0.2400	0.0910	0.3526	0.1971	0.3536
000143	R	0.731251	0.354764	0.488396	0.1667	0.2609	0.2400	0.0930	0.3737	0.1892	0.3318
000144	V	0.740035	0.386413	0.494274	0.1088	0.2575	0.2500	0.1040	0.3728	0.2033	0.3151
000145	Q	0.743566	0.405220	0.496980	0.0884	0.2849	0.2620	0.1210	0.3802	0.2059	0.3014
000146	E	0.747112	0.429893	0.497117	0.0832	0.2849	0.2660	0.1230	0.3847	0.2086	0.2932
000147	L	0.759194	0.450453	0.496410	0.1416	0.3631	0.2640	0.1160	0.4125	0.1943	0.2890
000148	Q	0.765241	0.452611	0.494220	0.1805	0.3872	0.2350	0.0920	0.4192	0.1907	0.2849
000149	E	0.773561	0.453249	0.493613	0.1732	0.3566	0.2380	0.0930	0.4147	0.1955	0.2857
000150	Q	0.780509	0.452764	0.493459	0.1698	0.3566	0.2410	0.0990	0.4157	0.1979	0.2865
000151	L	0.779713	0.451447	0.490365	0.2041	0.3460	0.2390	0.0990	0.4184	0.1916	0.2887
000152	R	0.776997	0.432860	0.483761	0.2292	0.2951	0.2320	0.0890	0.4084	0.1907	0.2909
000153	V	0.765361	0.431080	0.474449	0.2333	0.3667	0.2000	0.0760	0.4119	0.1862	0.2979
000154	V	0.766187	0.435261	0.465130	0.1635	0.3704	0.1760	0.0570	0.3962	0.2026	0.3089
000155	G	0.766917	0.443052	0.454150	0.2333	0.3667	0.1740	0.0550	0.4063	0.1912	0.3200
000156	E	0.716254	0.461117	0.439832	0.2432	0.3740	0.1700	0.0490	0.4007	0.1749	0.3295
000157	D	0.666218	0.460978	0.423025	0.1667	0.3740	0.1630	0.0400	0.3757	0.1746	0.3391
000158	T	0.616182	0.448211	0.403570	0.2483	0.4256	0.1450	0.0380	0.3812	0.1502	0.3450
000159	K	0.544369	0.438380	0.383800	0.2602	0.3149	0.1380	0.0320	0.3465	0.1298	0.3506
000160	A	0.476338	0.421699	0.364416	0.2209	0.2849	0.1370	0.0320	0.3175	0.1164	0.3551
000161	Q	0.418666	0.379618	0.345513	0.1349	0.2129	0.1420	0.0250	0.2723	0.1137	0.3592
000162	L	0.358441	0.339358	0.326232	0.1805	0.2129	0.1380	0.0280	0.2592	0.0855	0.3679
000163	L	0.272056	0.311938	0.306000	0.1292	0.2193	0.1320	0.0340	0.2285	0.0754	0.3756
000164	G	0.186935	0.261710	0.285951	0.1266	0.2884	0.1170	0.0220	0.2110	0.0717	0.3767
000165	G	0.151094	0.228147	0.268648	0.1844	0.2817	0.1120	0.0250	0.2043	0.0612	0.3766
000166	V	0.116706	0.225218	0.254810	0.1844	0.2817	0.1130	0.0260	0.1959	0.0646	0.3764
000167	D	0.081896	0.211492	0.244181	0.1088	0.2783	0.1010	0.0260	0.1710	0.0765	0.3777
000168	E	0.069109	0.196807	0.233997	0.1018	0.2609	0.0980	0.0300	0.1601	0.0736	0.3768
000169	A	0.050321	0.184148	0.223119	0.1018	0.1914	0.0930	0.0300	0.1407	0.0621	0.3773
000170	W	0.023393	0.168684	0.210507	0.0991	0.1399	0.0910	0.0240	0.1221	0.0599	0.3762
000171	A	0.008147	0.153493	0.197673	0.0789	0.1643	0.0800	0.0180	0.1138	0.0641	0.3750
000172	L	0.008336	0.146722	0.184660	0.0526	0.1731	0.0800	0.0230	0.1075	0.0651	0.3759
000173	L	0.007329	0.161669	0.171151	0.0909	0.2503	0.0930	0.0380	0.1290	0.0765	0.3750
000174	Q	0.006212	0.174265	0.157254	0.1495	0.3249	0.1140	0.0660	0.1543	0.0941	0.3745
000175	G	0.005161	0.194914	0.147079	0.1456	0.3182	0.1300	0.0680	0.1568	0.0926	0.3810
000176	L	0.004495	0.246102	0.142123	0.1416	0.2193	0.1340	0.0510	0.1479	0.0770	0.3861
000177	Q	0.004573	0.288579	0.141806	0.1958	0.2849	0.1350	0.0430	0.1751	0.0976	0.3918
000178	S	0.004540	0.297040	0.142633	0.1088	0.2849	0.1340	0.0340	0.1620	0.1018	0.4000
000179	R	0.004551	0.319287	0.144506	0.1060	0.2034	0.1500	0.0510	0.1546	0.0953	0.4074
000180	V	0.005082	0.332910	0.146604	0.1322	0.1424	0.1580	0.0630	0.1529	0.0956	0.4181
000181	V	0.004999	0.304492	0.149621	0.1456	0.2503	0.1510	0.0560	0.1676	0.0941	0.4320
000182	H	0.015631	0.282649	0.155397	0.1018	0.3053	0.1380	0.0550	0.1664	0.1006	0.4189
000183	H	0.033116	0.317350	0.162883	0.1635	0.2988	0.1460	0.0680	0.1869	0.0966	0.4079
000184	T	0.046083	0.335144	0.171134	0.2602	0.3460	0.1540	0.0680	0.2187	0.1063	0.4016
000185	G	0.055091	0.332975	0.179470	0.1732	0.3494	0.1600	0.0820	0.2084	0.1027	0.3953
000186	R	0.060727	0.361268	0.190430	0.1495	0.3460	0.1510	0.0810	0.2099	0.1089	0.3923
000187	F	0.069600	0.406204	0.204486	0.2333	0.3426	0.1350	0.0710	0.2319	0.1148	0.3882
000188	K	0.076896	0.391396	0.219213	0.2292	0.2752	0.1370	0.0750	0.2215	0.0998	0.3859
000189	E	0.090078	0.355267	0.235150	0.1667	0.2715	0.1450	0.0690	0.2106	0.0876	0.3850
000190	L	0.112473	0.328913	0.252964	0.1292	0.2783	0.1370	0.0410	0.2065	0.0836	0.3834
000191	F	0.119404	0.303414	0.271077	0.1844	0.2541	0.1250	0.0270	0.2096	0.0712	0.3854
000192	H	0.116587	0.266026	0.288788	0.2558	0.3182	0.1330	0.0330	0.2298	0.0769	0.3927
000193	P	0.114219	0.250339	0.305530	0.1844	0.3019	0.1450	0.0350	0.2170	0.0741	0.4046
000194	Y	0.173365	0.268238	0.322460	0.1844	0.3019	0.1470	0.0380	0.2329	0.0675	0.4145
000195	A	0.239979	0.289207	0.338610	0.1844	0.2258	0.1450	0.0380	0.2372	0.0638	0.4205
000196	E	0.261881	0.311724	0.356340	0.1878	0.2258	0.1460	0.0400	0.2483	0.0712	0.4274
000197	S	0.283843	0.341073	0.377336	0.1456	0.2436	0.1510	0.0430	0.2570	0.0877	0.4332
000198	L	0.341024	0.362377	0.401074	0.2531	0.2645	0.1610	0.0520	0.2973	0.0800	0.4271
000199	V	0.392803	0.372345	0.425556	0.2531	0.2752	0.1730	0.0590	0.3153	0.0888	0.4197
000200	S	0.439996	0.380501	0.449613	0.1698	0.2575	0.1790	0.0620	0.3127	0.1162	0.4152
000201	G	0.504609	0.398615	0.473142	0.2657	0.3286	0.1990	0.0740	0.3616	0.1087	0.4108
000202	I	0.564947	0.412341	0.495152	0.3578	0.3599	0.2050	0.0750	0.3992	0.1139	0.4077
000203	G	0.528821	0.431767	0.515980	0.3535	0.3249	0.1980	0.0690	0.3922	0.1149	0.4079
000204	R	0.499704	0.451887	0.537471	0.2531	0.3249	0.2170	0.0770	0.3806	0.1225	0.4107
000205	H	0.534496	0.476677	0.558851	0.3146	0.4149	0.2400	0.0940	0.4232	0.1148	0.4141
000206	V	0.594384	0.488165	0.577589	0.3630	0.4149	0.2680	0.1020	0.4509	0.1159	0.4166
000207	Q	0.620062	0.499491	0.593318	0.3717	0.4409	0.2650	0.1010	0.4650	0.1232	0.4215
000208	E	0.639205	0.523682	0.607332	0.3359	0.4186	0.2670	0.1020	0.4653	0.1366	0.4276
000209	L	0.661413	0.552281	0.622220	0.4333	0.4940	0.2940	0.1150	0.5095	0.1226	0.4308
000210	H	0.651051	0.570830	0.635609	0.4600	0.6227	0.2760	0.0990	0.5361	0.1324	0.4216
000211	R	0.677936	0.585886	0.647912	0.4600	0.5951	0.2580	0.0850	0.5375	0.1424	0.4172
000212	S	0.739444	0.611796	0.658970	0.4781	0.5901	0.2640	0.0850	0.5571	0.1526	0.4131
000213	V	0.763516	0.629386	0.669953	0.5173	0.6089	0.2900	0.0900	0.5798	0.1489	0.4087
000214	A	0.752516	0.641775	0.681061	0.5253	0.6089	0.3120	0.0890	0.5869	0.1411	0.4041
000215	P	0.734650	0.658016	0.692509	0.4458	0.6089	0.3000	0.0970	0.5733	0.1526	0.4009
000216	H	0.717865	0.691810	0.703348	0.4420	0.5098	0.3600	0.1170	0.5707	0.1407	0.3985
000217	A	0.705992	0.708102	0.711384	0.5173	0.5139	0.4300	0.1390	0.5977	0.1145	0.3988
000218	P	0.714625	0.691855	0.717448	0.4149	0.5176	0.4190	0.1620	0.5792	0.1333	0.4007
000219	A	0.728060	0.693998	0.723772	0.3491	0.4369	0.4440	0.1740	0.5626	0.1560	0.4044
000220	S	0.713342	0.687617	0.730163	0.4333	0.4409	0.4170	0.1710	0.5704	0.1407	0.4090
000221	P	0.680998	0.654266	0.734703	0.3578	0.4292	0.4240	0.1900	0.5469	0.1469	0.4116
000222	A	0.646586	0.619636	0.739086	0.2820	0.4330	0.4570	0.2110	0.5295	0.1536	0.4130
000223	R	0.627019	0.589133	0.744437	0.2865	0.4292	0.4490	0.2130	0.5208	0.1497	0.4149
000224	L	0.644040	0.554050	0.751711	0.3630	0.4220	0.4450	0.1960	0.5299	0.1351	0.4174
000225	S	0.634866	0.573764	0.757236	0.4037	0.4507	0.4200	0.1880	0.5401	0.1279	0.4203
000226	R	0.661354	0.561396	0.761230	0.3005	0.3426	0.4190	0.1960	0.5076	0.1678	0.4227
000227	C	0.673146	0.522512	0.760977	0.2865	0.3286	0.4490	0.2130	0.5034	0.1713	0.4238
000228	V	0.694317	0.504369	0.755883	0.2333	0.3321	0.4090	0.1880	0.4882	0.1871	0.4234
000229	Q	0.711480	0.530757	0.747098	0.2209	0.2951	0.4130	0.1580	0.4864	0.1971	0.4227
000230	V	0.722511	0.550812	0.735895	0.2209	0.2951	0.4330	0.1210	0.4930	0.1966	0.4220
000231	L	0.792703	0.490338	0.723722	0.2292	0.2258	0.4430	0.1060	0.4841	0.2184	0.4229
000232	S	0.855950	0.510110	0.711855	0.1766	0.2034	0.4530	0.1220	0.4851	0.2467	0.4245
000233	R	0.834305	0.539977	0.703082	0.1456	0.2034	0.4660	0.1240	0.4821	0.2475	0.4265
000234	K	0.857709	0.558349	0.696773	0.1416	0.2034	0.4590	0.1390	0.4861	0.2540	0.4313
000235	L	0.847362	0.543131	0.691304	0.1805	0.1969	0.4450	0.1600	0.4840	0.2431	0.4381
000236	T	0.828793	0.564139	0.686736	0.1805	0.2002	0.4370	0.1640	0.4829	0.2385	0.4433
000237	L	0.798044	0.595517	0.683560	0.1060	0.2094	0.4310	0.1560	0.4706	0.2486	0.4491
000238	K	0.781843	0.604008	0.679288	0.1698	0.2884	0.3790	0.1580	0.4838	0.2195	0.4561
000239	A	0.777233	0.588893	0.672284	0.2292	0.2817	0.3790	0.1390	0.4881	0.2038	0.4640
000240	K	0.741572	0.586523	0.662917	0.2255	0.2884	0.3680	0.1300	0.4788	0.1946	0.4695
000241	A	0.659006	0.566457	0.654234	0.2209	0.3566	0.3630	0.1170	0.4701	0.1659	0.4729
000242	L	0.670826	0.553565	0.646852	0.3053	0.3566	0.3570	0.1200	0.4816	0.1476	0.4779
000243	H	0.649016	0.533747	0.640892	0.3053	0.3529	0.3140	0.0970	0.4660	0.1474	0.4824
000244	A	0.633007	0.566963	0.636207	0.2292	0.3704	0.3040	0.0860	0.4567	0.1622	0.4817
000245	R	0.605934	0.580367	0.632016	0.2255	0.3840	0.3130	0.0850	0.4568	0.1569	0.4785
000246	I	0.595548	0.568649	0.628779	0.3184	0.3840	0.3460	0.1000	0.4735	0.1268	0.4736
000247	Q	0.530201	0.582375	0.626549	0.3263	0.3774	0.3120	0.0830	0.4592	0.1253	0.4691
000248	Q	0.481342	0.599517	0.627257	0.3456	0.4476	0.3500	0.0810	0.4752	0.1094	0.4649
000249	N	0.435321	0.612587	0.628868	0.3399	0.4292	0.4040	0.0920	0.4749	0.1077	0.4624
000250	L	0.443788	0.628585	0.630655	0.3668	0.3529	0.4540	0.1010	0.4795	0.1123	0.4614
000251	D	0.389776	0.623602	0.631466	0.3399	0.3356	0.4170	0.0980	0.4563	0.1243	0.4600
000252	Q	0.360036	0.632534	0.632621	0.3053	0.3631	0.4450	0.0970	0.4565	0.1310	0.4579
000253	L	0.354114	0.645672	0.633014	0.3630	0.4369	0.4440	0.1000	0.4795	0.1180	0.4572
000254	R	0.380442	0.649921	0.632561	0.3630	0.4292	0.4180	0.1040	0.4789	0.1170	0.4546
000255	E	0.406952	0.648841	0.631784	0.3992	0.4541	0.4290	0.1080	0.4949	0.1044	0.4538
000256	E	0.477221	0.653480	0.633388	0.4037	0.4685	0.4810	0.1040	0.5195	0.0915	0.4546
000257	L	0.549578	0.647759	0.637123	0.4967	0.5758	0.5410	0.1140	0.5747	0.0533	0.4564
000258	S	0.620361	0.642138	0.642806	0.5043	0.5758	0.5100	0.1030	0.5826	0.0577	0.4555
000259	R	0.688735	0.670818	0.649988	0.5126	0.5493	0.5730	0.0950	0.6075	0.0658	0.4539
000260	A	0.759264	0.683883	0.656847	0.5229	0.5382	0.6270	0.0910	0.6313	0.0819	0.4534
000261	F	0.816046	0.707675	0.662486	0.5667	0.6806	0.6620	0.0850	0.6826	0.0738	0.4513
000262	A	0.835634	0.726149	0.666593	0.5667	0.6806	0.6350	0.0840	0.6851	0.0829	0.4478
000263	G	0.834859	0.729214	0.668172	0.6079	0.7163	0.6710	0.0790	0.7045	0.0702	0.4437
000264	T	0.838765	0.737768	0.666799	0.6827	0.8085	0.7750	0.0620	0.7517	0.0626	0.4407
000265	G	0.845927	0.754934	0.662434	0.7147	0.7951	0.8050	0.0780	0.7631	0.0608	0.4391
000266	T	0.858770	0.769869	0.657434	0.7111	0.6948	0.8020	0.0940	0.7490	0.0684	0.4413
000267	E	0.869461	0.783754	0.651299	0.6756	0.6806	0.8000	0.1200	0.7435	0.0793	0.4464
000268	E	0.876397	0.781679	0.643967	0.6756	0.7843	0.7890	0.1250	0.7585	0.0775	0.4533
000269	G	0.880714	0.786038	0.636988	0.6715	0.8013	0.7660	0.1370	0.7570	0.0815	0.4633
000270	A	0.877451	0.784931	0.633149	0.6906	0.7369	0.7450	0.1240	0.7446	0.0760	0.4743
000271	G	0.876808	0.779036	0.631469	0.7232	0.7595	0.7290	0.1270	0.7498	0.0733	0.4837
000272	P	0.884279	0.772004	0.631404	0.7192	0.8681	0.7350	0.1060	0.7683	0.0873	0.4926
000273	D	0.886916	0.767179	0.630728	0.7275	0.8828	0.7420	0.1080	0.7728	0.0898	0.4996
000274	P	0.876630	0.756839	0.628690	0.7275	0.8125	0.6680	0.1450	0.7450	0.0835	0.5063
000275	Q	0.810805	0.746789	0.625069	0.7147	0.8162	0.7210	0.1460	0.7390	0.0646	0.5132
000276	M	0.745470	0.737409	0.622337	0.6516	0.7951	0.7360	0.1460	0.7147	0.0590	0.5231
000277	L	0.677861	0.742422	0.620829	0.6516	0.6755	0.6750	0.1560	0.6739	0.0366	0.5280
000278	S	0.609149	0.742775	0.618903	0.6255	0.6576	0.6050	0.2100	0.6432	0.0477	0.5327
000279	E	0.536055	0.736191	0.614192	0.5623	0.6531	0.5640	0.2390	0.6109	0.0679	0.5324
000280	E	0.465328	0.724106	0.607085	0.5412	0.6661	0.5260	0.2190	0.5883	0.0876	0.5310
000281	V	0.391885	0.719616	0.599833	0.5623	0.6991	0.4950	0.2030	0.5779	0.1133	0.5321
000282	R	0.315885	0.710489	0.594440	0.5762	0.5854	0.4570	0.1690	0.5400	0.1241	0.5325
000283	Q	0.249286	0.700736	0.591910	0.5374	0.4685	0.4380	0.1420	0.4976	0.1401	0.5389
000284	R	0.232803	0.693377	0.591003	0.4600	0.4652	0.4160	0.1280	0.4764	0.1435	0.5580
000285	L	0.209369	0.675078	0.588979	0.3578	0.3566	0.3670	0.1040	0.4258	0.1573	0.5818
000286	Q	0.189516	0.663365	0.585060	0.3630	0.3321	0.3060	0.0800	0.4066	0.1645	0.6042
000287	A	0.175501	0.655691	0.579684	0.3225	0.3356	0.3060	0.0680	0.3958	0.1668	0.6289
000288	F	0.170101	0.667410	0.573103	0.3762	0.3149	0.3260	0.0610	0.4047	0.1671	0.6568
000289	R	0.151502	0.668923	0.565028	0.3535	0.3215	0.3400	0.0800	0.4001	0.1699	0.6792
000290	Q	0.140016	0.656880	0.556940	0.2748	0.3053	0.3640	0.0770	0.3830	0.1744	0.7070
000291	D	0.126306	0.642333	0.552036	0.2558	0.2783	0.3850	0.0680	0.3733	0.1772	0.7374
000292	T	0.117728	0.654245	0.551056	0.3225	0.2645	0.3920	0.0720	0.3836	0.1779	0.7602
000293	Y	0.106564	0.652876	0.553554	0.3096	0.2817	0.4360	0.0770	0.3900	0.1810	0.7864
000294	L	0.106282	0.638141	0.560167	0.2333	0.2817	0.4000	0.0930	0.3699	0.1848	0.8037
000295	Q	0.149419	0.638486	0.569875	0.2657	0.2951	0.3790	0.1080	0.3829	0.1714	0.8054
000296	I	0.199473	0.659447	0.581202	0.3359	0.3667	0.3960	0.0950	0.4232	0.1540	0.8069
000297	A	0.248624	0.673970	0.591123	0.3456	0.3704	0.3840	0.0810	0.4356	0.1478	0.8056
000298	A	0.316484	0.654119	0.602105	0.3630	0.4017	0.4460	0.0750	0.4638	0.1234	0.7967
000299	F	0.380914	0.665863	0.614529	0.4333	0.4369	0.5140	0.0750	0.5076	0.1025	0.7795
000300	T	0.455724	0.697554	0.627557	0.4703	0.4507	0.5390	0.0830	0.5401	0.0935	0.7536
000301	R	0.528999	0.710408	0.638374	0.4037	0.4507	0.6090	0.0870	0.5568	0.1068	0.7251
000302	A	0.605537	0.730397	0.647473	0.3885	0.4476	0.6590	0.1100	0.5797	0.1213	0.6949
000303	I	0.683175	0.739915	0.656368	0.4037	0.3774	0.7170	0.1090	0.5963	0.1480	0.6568
000304	D	0.721662	0.751694	0.665905	0.4781	0.4369	0.7390	0.1030	0.6322	0.1269	0.6146
000305	Q	0.750216	0.758241	0.676431	0.4781	0.5493	0.7490	0.1030	0.6602	0.1090	0.5772
000306	E	0.782495	0.766570	0.687035	0.4420	0.5854	0.7280	0.0950	0.6653	0.1188	0.5532
000307	T	0.806181	0.776650	0.696471	0.5473	0.7369	0.7630	0.0750	0.7211	0.0848	0.5301
000308	E	0.833686	0.785602	0.704025	0.6079	0.7982	0.7540	0.0720	0.7472	0.0740	0.5189
000309	E	0.855564	0.788514	0.711266	0.6650	0.8235	0.7460	0.0820	0.7649	0.0651	0.5153
000310	V	0.872623	0.788578	0.720172	0.7573	0.9057	0.7610	0.0750	0.8010	0.0662	0.5146
000311	Q	0.883503	0.793716	0.730313	0.7644	0.9039	0.7590	0.0690	0.8058	0.0651	0.5242
000312	Q	0.891594	0.804294	0.738823	0.7817	0.8942	0.7700	0.0640	0.8134	0.0595	0.5341
000313	Q	0.897565	0.809776	0.743878	0.8036	0.8313	0.7880	0.0730	0.8123	0.0465	0.5479
000314	L	0.898529	0.806535	0.744870	0.8457	0.8828	0.7720	0.0890	0.8251	0.0559	0.5719
000315	A	0.885280	0.803034	0.743720	0.7724	0.8991	0.7280	0.1210	0.8053	0.0658	0.5952
000316	P	0.828508	0.808613	0.741788	0.7501	0.9039	0.6770	0.1540	0.7850	0.0723	0.6205
000317	P	0.776648	0.808909	0.738174	0.7724	0.8125	0.6170	0.1780	0.7543	0.0662	0.6419
000318	P	0.747180	0.798697	0.733493	0.7951	0.8198	0.5870	0.1890	0.7468	0.0777	0.6649
000319	P	0.724021	0.788395	0.729223	0.7232	0.8162	0.5670	0.1850	0.7247	0.0788	0.6828
000320	G	0.704939	0.783913	0.727526	0.7147	0.8085	0.5160	0.2000	0.7093	0.0940	0.6963
000321	H	0.678284	0.762692	0.725748	0.7912	0.8765	0.4560	0.1910	0.7151	0.1309	0.7101
000322	S	0.644858	0.737532	0.721453	0.7772	0.8681	0.4400	0.1960	0.6981	0.1335	0.7197
000323	A	0.588303	0.711821	0.714058	0.7817	0.8655	0.4340	0.1930	0.6825	0.1390	0.7296
000324	F	0.535818	0.735194	0.703589	0.7724	0.8493	0.3930	0.1700	0.6649	0.1541	0.7345
000325	A	0.501027	0.728513	0.690518	0.8424	0.8596	0.3020	0.1260	0.6539	0.1967	0.7280
000326	P	0.452659	0.716609	0.675672	0.8556	0.8085	0.2860	0.1160	0.6325	0.2009	0.7182
000327	E	0.381797	0.722921	0.660167	0.7724	0.7718	0.3280	0.1100	0.6061	0.1823	0.7070
000328	F	0.307483	0.712942	0.644136	0.6827	0.7163	0.3500	0.1200	0.5689	0.1719	0.6976
000329	Q	0.236285	0.700138	0.627901	0.6442	0.5758	0.3500	0.1140	0.5225	0.1692	0.6767
000330	Q	0.167990	0.698990	0.613763	0.6035	0.5419	0.4040	0.1340	0.5050	0.1753	0.6624
000331	T	0.153566	0.695231	0.601896	0.5331	0.5211	0.4140	0.1490	0.4865	0.1715	0.6498
000332	D	0.178947	0.690632	0.590464	0.5514	0.5017	0.4230	0.1310	0.4893	0.1610	0.6483
000333	S	0.191033	0.686661	0.579602	0.5296	0.4330	0.4250	0.1100	0.4741	0.1547	0.6407
000334	G	0.185293	0.687934	0.568521	0.5412	0.4725	0.4220	0.1020	0.4796	0.1555	0.6419
000335	K	0.206186	0.677763	0.557628	0.5331	0.5951	0.3770	0.0930	0.4911	0.1561	0.6474
000336	V	0.244399	0.667471	0.545648	0.5549	0.5419	0.3480	0.0880	0.4838	0.1424	0.6724
000337	L	0.268667	0.655393	0.532327	0.5229	0.4017	0.3840	0.0900	0.4608	0.1246	0.7020
000338	S	0.288897	0.641614	0.517513	0.4333	0.4051	0.4130	0.1110	0.4498	0.1087	0.7248
000339	K	0.290697	0.615357	0.501147	0.3992	0.5176	0.3980	0.0850	0.4537	0.1041	0.7466
000340	L	0.245396	0.589492	0.483565	0.4037	0.4369	0.3870	0.0770	0.4243	0.1039	0.7808
000341	Q	0.182838	0.582486	0.467077	0.3885	0.4292	0.3490	0.0650	0.3998	0.1215	0.8011
000342	A	0.138259	0.556210	0.452874	0.3225	0.4330	0.3820	0.0700	0.3807	0.1297	0.8170
000343	R	0.141007	0.533808	0.441566	0.2963	0.4186	0.3840	0.1000	0.3693	0.1241	0.8241
000344	L	0.123446	0.516416	0.431732	0.2913	0.3566	0.3610	0.0980	0.3467	0.1220	0.8373
000345	D	0.087726	0.527185	0.423334	0.2820	0.3599	0.3500	0.1120	0.3383	0.1351	0.8428
000346	D	0.061710	0.529488	0.416432	0.2167	0.3840	0.4200	0.1310	0.3381	0.1543	0.8452
000347	L	0.037639	0.512434	0.413456	0.2657	0.4507	0.5310	0.1560	0.3686	0.1713	0.8421
000348	W	0.033235	0.501186	0.415088	0.3263	0.5296	0.6250	0.2050	0.4050	0.1904	0.8322
000349	E	0.071150	0.491167	0.421760	0.3456	0.5382	0.5760	0.1850	0.4072	0.1681	0.8188
000350	D	0.122151	0.484826	0.429856	0.3535	0.5456	0.6520	0.1600	0.4314	0.1665	0.8045
000351	I	0.173297	0.498005	0.435102	0.4037	0.6427	0.7100	0.1220	0.4771	0.1740	0.7827
000352	T	0.221566	0.505288	0.437436	0.3806	0.5493	0.6990	0.1170	0.4656	0.1476	0.7590
000353	H	0.325883	0.518940	0.438281	0.3885	0.5807	0.7330	0.0930	0.4976	0.1340	0.7416
000354	S	0.429715	0.566099	0.441233	0.3225	0.6136	0.7880	0.0740	0.5268	0.1503	0.7250
000355	L	0.534496	0.610324	0.446638	0.4037	0.7459	0.8310	0.0630	0.5954	0.1533	0.7056
000356	H	0.638972	0.641754	0.453378	0.3939	0.7163	0.8400	0.0630	0.6141	0.1513	0.6839
000357	D	0.747023	0.681265	0.460457	0.4282	0.6806	0.9660	0.0330	0.6606	0.1806	0.6638
000358	Q	0.812295	0.712606	0.468676	0.5374	0.7505	0.9400	0.0770	0.7035	0.1595	0.6457
000359	G	0.866426	0.702224	0.478630	0.6681	0.8596	0.9180	0.1280	0.7488	0.1507	0.6345
000360	H	0.924338	0.735551	0.487899	0.6906	0.8343	0.9150	0.1330	0.7646	0.1505	0.6311
000361	S	0.983139	0.767088	0.492775	0.7232	0.8085	0.9350	0.1000	0.7850	0.1591	0.6286
000362	H	0.982869	0.779083	0.494313	0.8242	0.8894	0.9790	0.0260	0.8248	0.1655	0.6313
000363	L	0.973782	0.806925	0.496057	0.8626	0.8872	0.9900	0.0110	0.8361	0.1645	0.6364
000364	G	0.993477	0.841375	0.496957	0.8945	0.8765	0.9750	0.0240	0.8463	0.1651	0.6369
000365	D	0.993845	0.839652	0.496863	0.9180	0.8765	0.9600	0.0470	0.8476	0.1648	0.6364
000366	P	0.987821	0.865699	0.495264	0.9684	0.9473	0.9240	0.0890	0.8648	0.1697	0.6315