RESNUM	RES	VL-XT	VSL2B	VL3	IUPred-S	IUPred-L	PONDRFIT	FITERROR	MDP	MDPERROR	ANCHOR2
000001	M	0.996268	0.927525	0.911253	0.9939	0.8872	0.9950	0.0050	0.9519	0.0448	0.7354
000002	A	0.993947	0.919201	0.909053	0.9731	0.8966	0.9960	0.0060	0.9480	0.0409	0.7024
000003	Q	0.985375	0.914056	0.905278	0.9665	0.9081	0.9950	0.0050	0.9457	0.0376	0.6702
000004	P	0.992573	0.912407	0.902600	0.9534	0.9126	0.9730	0.0370	0.9411	0.0340	0.6460
000005	E	0.982182	0.908126	0.900240	0.9369	0.8462	0.9860	0.0130	0.9266	0.0486	0.6272
000006	D	0.977516	0.903142	0.897571	0.9180	0.8421	0.9830	0.0140	0.9201	0.0484	0.6153
000007	K	0.965043	0.899375	0.894959	0.8521	0.7547	0.9800	0.0110	0.8910	0.0747	0.5829
000008	A	0.955186	0.895165	0.892421	0.8200	0.6806	0.9800	0.0110	0.8706	0.0991	0.5702
000009	P	0.935789	0.892478	0.889614	0.7388	0.7331	0.9740	0.0200	0.8607	0.0927	0.5542
000010	E	0.914636	0.882676	0.886434	0.6516	0.7755	0.9590	0.0370	0.8450	0.1027	0.5431
000011	V	0.902712	0.876397	0.881470	0.6412	0.7881	0.9330	0.0560	0.8372	0.0982	0.5385
000012	P	0.889972	0.870270	0.875102	0.6756	0.7459	0.9010	0.0670	0.8263	0.0848	0.5302
000013	T	0.877306	0.853169	0.867747	0.6984	0.7843	0.8860	0.0770	0.8279	0.0668	0.5348
000014	E	0.864623	0.845173	0.857923	0.6334	0.7718	0.8540	0.0940	0.8044	0.0825	0.5401
000015	G	0.854621	0.832456	0.844398	0.6219	0.7080	0.8220	0.0950	0.7806	0.0860	0.5447
000016	V	0.852685	0.814108	0.825288	0.6124	0.7163	0.7960	0.1080	0.7694	0.0819	0.5497
000017	R	0.847914	0.753276	0.803443	0.5623	0.6851	0.7560	0.1360	0.7347	0.0918	0.5502
000018	L	0.857415	0.726915	0.780759	0.5802	0.7036	0.7250	0.1400	0.7289	0.0836	0.5556
000019	V	0.854314	0.694253	0.758014	0.5900	0.7628	0.6710	0.1640	0.7218	0.0829	0.5466
000020	P	0.834313	0.643781	0.735303	0.5711	0.6322	0.6140	0.1780	0.6717	0.0879	0.5350
000021	P	0.813157	0.630742	0.712550	0.5762	0.6227	0.5720	0.1800	0.6545	0.0848	0.5257
000022	Q	0.785038	0.626080	0.690604	0.5623	0.6183	0.5610	0.1730	0.6405	0.0781	0.5142
000023	V	0.745061	0.650822	0.670305	0.5514	0.4940	0.5200	0.1720	0.6053	0.0898	0.5074
000024	N	0.724402	0.654546	0.650878	0.4967	0.4831	0.4890	0.1560	0.5830	0.0967	0.5013
000025	K	0.728835	0.641794	0.631792	0.4149	0.4801	0.4710	0.1510	0.5615	0.1123	0.4968
000026	A	0.731523	0.629741	0.611014	0.4116	0.4017	0.4630	0.1380	0.5414	0.1234	0.4944
000027	D	0.715036	0.609747	0.588051	0.4749	0.4766	0.3960	0.1580	0.5434	0.1054	0.4917
000028	R	0.695657	0.584485	0.563552	0.3992	0.5139	0.3950	0.1660	0.5253	0.1057	0.4878
000029	T	0.671425	0.558957	0.539137	0.4556	0.5055	0.3750	0.1610	0.5175	0.0915	0.4873
000030	P	0.659533	0.530786	0.515440	0.5331	0.5854	0.3220	0.1500	0.5244	0.1025	0.4936
000031	L	0.652246	0.509661	0.491778	0.4245	0.5419	0.3240	0.1380	0.4907	0.1010	0.5011
000032	G	0.634795	0.490763	0.468198	0.3992	0.4330	0.2740	0.1150	0.4500	0.1079	0.4971
000033	V	0.576316	0.474156	0.444471	0.3762	0.4330	0.2830	0.0910	0.4311	0.0896	0.4930
000034	L	0.485111	0.448429	0.420631	0.3535	0.4901	0.2780	0.0960	0.4127	0.0754	0.4850
000035	S	0.391460	0.422169	0.396285	0.3578	0.4864	0.2870	0.1030	0.3901	0.0607	0.4737
000036	T	0.308590	0.407614	0.371617	0.3456	0.3872	0.2640	0.0830	0.3475	0.0487	0.4646
000037	L	0.242043	0.393440	0.347365	0.3668	0.4149	0.2350	0.0900	0.3333	0.0701	0.4566
000038	E	0.191298	0.374211	0.323381	0.2657	0.3392	0.1930	0.0770	0.2811	0.0706	0.4501
000039	P	0.130314	0.357619	0.299690	0.2786	0.2436	0.1840	0.0730	0.2489	0.0748	0.4454
000040	L	0.071675	0.337317	0.276063	0.2041	0.2364	0.1830	0.0740	0.2181	0.0824	0.4405
000041	T	0.033616	0.298370	0.252281	0.1240	0.1583	0.2140	0.0730	0.1802	0.0870	0.4356
000042	R	0.018831	0.250272	0.229753	0.1635	0.2503	0.2580	0.0770	0.1952	0.0850	0.4311
000043	L	0.011679	0.221438	0.208516	0.1018	0.2609	0.2180	0.0880	0.1703	0.0860	0.4271
000044	Q	0.011199	0.183302	0.188506	0.1602	0.2541	0.1580	0.0770	0.1592	0.0734	0.4239
000045	R	0.012162	0.152421	0.171346	0.2333	0.3426	0.1150	0.0530	0.1712	0.1017	0.4206
000046	T	0.012962	0.143326	0.158378	0.1456	0.3529	0.0960	0.0490	0.1515	0.1025	0.4145
000047	W	0.021621	0.136101	0.150016	0.1532	0.3529	0.0790	0.0380	0.1488	0.1023	0.4079
000048	G	0.030114	0.121106	0.143223	0.2122	0.4409	0.0710	0.0290	0.1697	0.1340	0.4053
000049	V	0.032197	0.127250	0.136009	0.2122	0.4051	0.0740	0.0250	0.1645	0.1211	0.4004
000050	W	0.034867	0.142143	0.129332	0.1921	0.3910	0.0890	0.0360	0.1631	0.1127	0.3956
000051	H	0.036203	0.149134	0.123319	0.2432	0.4476	0.1070	0.0540	0.1844	0.1327	0.3953
000052	V	0.034827	0.167831	0.118178	0.2558	0.3704	0.1040	0.0360	0.1753	0.1100	0.3937
000053	P	0.031423	0.214683	0.113139	0.2432	0.3182	0.0890	0.0230	0.1682	0.0986	0.3917
000054	E	0.031256	0.252600	0.107338	0.2385	0.3983	0.0910	0.0310	0.1865	0.1234	0.3938
000055	L	0.030870	0.286722	0.103419	0.1667	0.3249	0.0930	0.0380	0.1676	0.1059	0.3943
000056	D	0.023209	0.331001	0.102270	0.1878	0.2364	0.0790	0.0230	0.1600	0.1036	0.3956
000057	T	0.066585	0.341431	0.107497	0.1205	0.2575	0.0760	0.0150	0.1615	0.1021	0.3990
000058	Q	0.098174	0.334409	0.115945	0.1240	0.2918	0.0690	0.0100	0.1722	0.1019	0.4004
000059	D	0.125116	0.318294	0.125125	0.1349	0.2951	0.0710	0.0120	0.1782	0.0934	0.3975
000060	A	0.136195	0.294910	0.132393	0.1292	0.3529	0.0680	0.0170	0.1855	0.1019	0.3949
000061	E	0.136124	0.240304	0.136849	0.2041	0.3599	0.0550	0.0170	0.1888	0.0961	0.3917
000062	A	0.137525	0.201831	0.140647	0.2167	0.2918	0.0520	0.0170	0.1735	0.0749	0.3852
000063	L	0.136364	0.175202	0.142120	0.2080	0.2918	0.0500	0.0170	0.1672	0.0737	0.3798
000064	V	0.139057	0.147116	0.142944	0.1240	0.2715	0.0480	0.0180	0.1454	0.0658	0.3775
000065	G	0.142843	0.132257	0.142370	0.0771	0.2609	0.0450	0.0170	0.1333	0.0676	0.3747
000066	L	0.091891	0.119504	0.141423	0.1349	0.3215	0.0460	0.0180	0.1426	0.0861	0.3736
000067	W	0.059260	0.096554	0.140786	0.1322	0.3215	0.0540	0.0230	0.1340	0.0900	0.3754
000068	P	0.029562	0.102853	0.140431	0.1266	0.3426	0.0590	0.0270	0.1335	0.1009	0.3782
000069	L	0.015356	0.096135	0.141283	0.1349	0.3321	0.0690	0.0290	0.1315	0.0991	0.3827
000070	G	0.015078	0.107537	0.142315	0.1532	0.3249	0.0780	0.0270	0.1369	0.0955	0.3900
000071	S	0.013981	0.121061	0.144296	0.1766	0.3249	0.0870	0.0310	0.1447	0.0952	0.3983
000072	F	0.013731	0.140563	0.149303	0.1732	0.2436	0.1090	0.0410	0.1383	0.0693	0.4046
000073	L	0.011180	0.192793	0.157179	0.1698	0.2064	0.1240	0.0420	0.1436	0.0647	0.4108
000074	V	0.018157	0.237866	0.168321	0.1732	0.2034	0.1320	0.0450	0.1554	0.0695	0.4174
000075	T	0.028764	0.292487	0.180836	0.1732	0.2541	0.1430	0.0510	0.1788	0.0841	0.4229
000076	G	0.039257	0.344753	0.194497	0.1060	0.2470	0.1630	0.0610	0.1824	0.0978	0.4282
000077	R	0.058591	0.373559	0.209611	0.1667	0.3149	0.1940	0.0890	0.2196	0.1019	0.4334
000078	D	0.074558	0.393251	0.224798	0.2432	0.4409	0.2130	0.1080	0.2650	0.1214	0.4312
000079	P	0.168894	0.417448	0.240793	0.2209	0.3426	0.2160	0.1060	0.2677	0.0851	0.4283
000080	S	0.266289	0.422885	0.257111	0.3311	0.4409	0.2190	0.0940	0.3229	0.0839	0.4259
000081	Q	0.367169	0.404797	0.274511	0.2385	0.4409	0.2200	0.0910	0.3244	0.0842	0.4241
000082	A	0.467591	0.407781	0.292367	0.2602	0.4541	0.2420	0.1030	0.3541	0.0921	0.4232
000083	L	0.549942	0.400396	0.310199	0.3491	0.4940	0.2240	0.0820	0.3879	0.1096	0.4221
000084	V	0.644628	0.406430	0.325727	0.4379	0.5901	0.1930	0.0640	0.4330	0.1523	0.4209
000085	L	0.741314	0.398198	0.338430	0.4333	0.6806	0.1940	0.0560	0.4643	0.1906	0.4197
000086	R	0.826547	0.402389	0.344783	0.4333	0.5620	0.1750	0.0590	0.4573	0.2015	0.4183
000087	S	0.882013	0.412462	0.345994	0.4282	0.5665	0.1950	0.0520	0.4717	0.2141	0.4190
000088	G	0.834455	0.413168	0.340752	0.3578	0.4801	0.1790	0.0550	0.4342	0.2011	0.4199
000089	P	0.811863	0.412570	0.333671	0.3535	0.4725	0.1890	0.0560	0.4289	0.1919	0.4194
000090	L	0.803128	0.417025	0.327768	0.2432	0.4369	0.2060	0.0680	0.4057	0.1964	0.4186
000091	P	0.802900	0.429463	0.324693	0.2602	0.3566	0.1930	0.0710	0.3945	0.1971	0.4168
000092	G	0.812067	0.431267	0.324483	0.2531	0.3807	0.2160	0.0790	0.4029	0.1968	0.4134
000093	E	0.812589	0.414386	0.324892	0.1958	0.3948	0.2150	0.0820	0.3929	0.2049	0.4101
000094	V	0.799731	0.381864	0.327371	0.3005	0.4725	0.1970	0.0840	0.4132	0.1918	0.4074
000095	N	0.785708	0.351237	0.329898	0.3717	0.4725	0.1790	0.0770	0.4150	0.1870	0.4056
000096	T	0.800932	0.324827	0.332033	0.4556	0.5493	0.1680	0.0680	0.4385	0.2005	0.4042
000097	Y	0.851049	0.296228	0.334511	0.3847	0.4864	0.1760	0.0710	0.4215	0.2136	0.4008
000098	Q	0.865554	0.319360	0.336767	0.3847	0.5017	0.1590	0.0650	0.4278	0.2204	0.3976
000099	I	0.852878	0.317391	0.339360	0.2913	0.4940	0.1520	0.0600	0.4078	0.2227	0.3958
000100	Q	0.770079	0.332949	0.340527	0.2748	0.4652	0.1580	0.0600	0.3903	0.1928	0.3962
000101	K	0.694191	0.338047	0.341571	0.3668	0.5533	0.1660	0.0620	0.4099	0.1697	0.3973
000102	I	0.640431	0.358267	0.343039	0.3456	0.4507	0.1670	0.0640	0.3842	0.1420	0.3987
000103	P	0.607922	0.385452	0.343663	0.3456	0.3807	0.1630	0.0670	0.3710	0.1298	0.4053
000104	R	0.563027	0.397693	0.345779	0.2432	0.3426	0.1630	0.0720	0.3425	0.1251	0.4121
000105	G	0.540712	0.410298	0.348857	0.2483	0.4256	0.1540	0.0680	0.3547	0.1253	0.4202
000106	V	0.504921	0.418701	0.354047	0.2080	0.4292	0.1420	0.0580	0.3428	0.1279	0.4268
000107	S	0.457353	0.426197	0.360247	0.2333	0.3566	0.1300	0.0420	0.3273	0.1128	0.4315
000108	L	0.425858	0.443879	0.365184	0.3225	0.4652	0.1310	0.0440	0.3590	0.1127	0.4334
000109	E	0.472462	0.448339	0.370693	0.2209	0.4582	0.1290	0.0470	0.3500	0.1305	0.4329
000110	S	0.454207	0.453390	0.375347	0.3225	0.4766	0.1320	0.0470	0.3691	0.1184	0.4347
000111	S	0.404768	0.459144	0.380863	0.3005	0.4017	0.1360	0.0450	0.3472	0.1053	0.4381
000112	N	0.346556	0.457218	0.385982	0.2167	0.3910	0.1440	0.0470	0.3236	0.1083	0.4436
000113	L	0.307832	0.432470	0.391008	0.2292	0.3807	0.1460	0.0490	0.3145	0.1000	0.4527
000114	C	0.250624	0.426207	0.395444	0.1766	0.2884	0.1460	0.0460	0.2805	0.1036	0.4607
000115	M	0.203692	0.426228	0.400910	0.1150	0.2951	0.1470	0.0410	0.2647	0.1194	0.4693
000116	P	0.165138	0.423106	0.408305	0.0723	0.2715	0.1500	0.0410	0.2483	0.1319	0.4741
000117	D	0.118649	0.413325	0.419399	0.1178	0.3249	0.1510	0.0450	0.2576	0.1323	0.4829
000118	L	0.054595	0.404849	0.432739	0.1018	0.3182	0.1450	0.0410	0.2429	0.1488	0.4942
000119	P	0.046662	0.394233	0.447067	0.1667	0.4017	0.1340	0.0360	0.2650	0.1544	0.5091
000120	H	0.048430	0.366586	0.461769	0.1566	0.3321	0.1360	0.0370	0.2502	0.1458	0.5259
000121	L	0.054405	0.391682	0.475362	0.1667	0.2680	0.1410	0.0340	0.2495	0.1463	0.5436
000122	L	0.055509	0.396501	0.487201	0.1150	0.2951	0.1460	0.0320	0.2493	0.1563	0.5629
000123	A	0.052593	0.388851	0.497960	0.0723	0.2752	0.1530	0.0350	0.2399	0.1637	0.5778
000124	F	0.038735	0.410228	0.508307	0.1416	0.3460	0.1650	0.0380	0.2684	0.1649	0.5902
000125	L	0.037152	0.427534	0.519861	0.1921	0.3460	0.1670	0.0390	0.2816	0.1649	0.5933
000126	S	0.037164	0.448371	0.532676	0.2292	0.3087	0.1750	0.0440	0.2885	0.1659	0.5890
000127	A	0.042201	0.484954	0.549271	0.1416	0.2193	0.2000	0.0580	0.2729	0.1826	0.5863
000128	S	0.050126	0.533527	0.568024	0.0884	0.2292	0.2340	0.0830	0.2839	0.2006	0.5818
000129	R	0.053715	0.545271	0.589034	0.1018	0.3249	0.2680	0.1040	0.3137	0.2017	0.5754
000130	D	0.053234	0.594888	0.610316	0.1041	0.3249	0.3460	0.1120	0.3389	0.2145	0.5723
000131	V	0.151429	0.610602	0.631773	0.1322	0.3321	0.4200	0.1130	0.3797	0.1975	0.5675
000132	L	0.253600	0.632793	0.653109	0.2333	0.3321	0.4670	0.1380	0.4287	0.1691	0.5589
000133	P	0.330917	0.692976	0.672852	0.3146	0.4051	0.4370	0.1410	0.4756	0.1525	0.5504
000134	R	0.376993	0.685342	0.690467	0.2657	0.4507	0.4110	0.1380	0.4801	0.1574	0.5458
000135	T	0.411733	0.673052	0.702702	0.3630	0.5382	0.4290	0.1350	0.5196	0.1302	0.5448
000136	L	0.467373	0.656777	0.710670	0.4703	0.6482	0.4620	0.1230	0.5692	0.1046	0.5473
000137	L	0.519363	0.680221	0.715435	0.4703	0.6661	0.5080	0.1160	0.5933	0.0963	0.5497
000138	L	0.588996	0.697470	0.716800	0.5043	0.6948	0.5160	0.0980	0.6197	0.0877	0.5482
000139	P	0.660877	0.695058	0.715230	0.5126	0.7080	0.4480	0.0970	0.6233	0.1042	0.5434
000140	P	0.626793	0.698811	0.710603	0.5229	0.7369	0.4910	0.0940	0.6312	0.0943	0.5356
000141	P	0.610071	0.706361	0.706285	0.5043	0.7547	0.5270	0.1170	0.6348	0.0947	0.5275
000142	T	0.624026	0.719557	0.702047	0.5846	0.7595	0.6350	0.1230	0.6707	0.0608	0.5213
000143	L	0.652021	0.730578	0.698723	0.6827	0.8462	0.6830	0.1090	0.7155	0.0629	0.5174
000144	G	0.694949	0.742178	0.695134	0.6035	0.7331	0.6830	0.1130	0.6919	0.0450	0.5114
000145	P	0.722761	0.756529	0.687981	0.6219	0.7547	0.6420	0.1510	0.6976	0.0521	0.5072
000146	R	0.741464	0.754012	0.676251	0.5374	0.7289	0.6600	0.1490	0.6830	0.0734	0.5024
000147	D	0.713133	0.738902	0.660882	0.6219	0.7459	0.6530	0.1520	0.6890	0.0463	0.4987
000148	E	0.671556	0.713308	0.646973	0.6789	0.8313	0.6320	0.1380	0.6957	0.0658	0.4968
000149	H	0.649704	0.689329	0.635068	0.6906	0.8966	0.6580	0.1350	0.7033	0.0888	0.4986
000150	T	0.620957	0.658980	0.625156	0.6756	0.8894	0.6320	0.1540	0.6837	0.0940	0.5014
000151	D	0.606745	0.622791	0.615713	0.6557	0.8765	0.5970	0.1920	0.6623	0.0975	0.5082
000152	P	0.596263	0.604307	0.607527	0.6374	0.8765	0.5770	0.2160	0.6499	0.1029	0.5136
000153	V	0.592718	0.587977	0.601300	0.6374	0.8765	0.5910	0.2390	0.6479	0.1036	0.5189
000154	Q	0.587254	0.578674	0.596949	0.7317	0.9151	0.5810	0.2440	0.6650	0.1240	0.5220
000155	I	0.549245	0.584344	0.594702	0.7317	0.8741	0.5810	0.2410	0.6526	0.1148	0.5282
000156	G	0.552753	0.586675	0.593811	0.6984	0.7916	0.4880	0.2250	0.6185	0.0995	0.5367
000157	R	0.565533	0.587683	0.594000	0.6557	0.8013	0.4250	0.1940	0.6048	0.1122	0.5550
000158	V	0.588974	0.592995	0.592206	0.5941	0.6991	0.3660	0.1580	0.5722	0.1003	0.5811
000159	Q	0.550182	0.590260	0.586405	0.5941	0.6043	0.3100	0.1450	0.5391	0.1040	0.6124
000160	Q	0.497189	0.576984	0.578545	0.5412	0.6183	0.3570	0.1600	0.5282	0.0851	0.6503
000161	D	0.441268	0.570021	0.570399	0.5008	0.6227	0.3780	0.1810	0.5139	0.0836	0.6901
000162	T	0.410709	0.567815	0.563863	0.4879	0.5254	0.3840	0.1670	0.4899	0.0711	0.7245
000163	P	0.367971	0.561558	0.557449	0.4600	0.4256	0.3630	0.1520	0.4559	0.0804	0.7701
000164	G	0.334873	0.540171	0.551963	0.4781	0.4186	0.3300	0.1390	0.4423	0.0891	0.8158
000165	K	0.314156	0.517584	0.547046	0.4037	0.4220	0.2680	0.1320	0.4120	0.1000	0.8619
000166	V	0.295345	0.497638	0.543694	0.4333	0.5055	0.2120	0.0940	0.4146	0.1206	0.8994
000167	L	0.221709	0.495870	0.540767	0.4333	0.5055	0.1710	0.0570	0.3947	0.1445	0.9236
000168	S	0.200637	0.490277	0.537898	0.4333	0.5055	0.1630	0.0510	0.3884	0.1497	0.9362
000169	I	0.177170	0.492935	0.536622	0.5043	0.5758	0.1730	0.0580	0.4100	0.1681	0.9438
000170	V	0.172489	0.495281	0.537922	0.4825	0.4476	0.1820	0.0580	0.3863	0.1501	0.9478
000171	N	0.131657	0.483985	0.542967	0.4781	0.4441	0.2020	0.0670	0.3804	0.1552	0.9496
000172	Q	0.097905	0.493832	0.548917	0.3762	0.4149	0.2730	0.1050	0.3675	0.1488	0.9521
000173	L	0.105591	0.507922	0.554991	0.3847	0.4186	0.3910	0.1590	0.3938	0.1430	0.9545
000174	Y	0.098393	0.526635	0.560145	0.3578	0.4017	0.4870	0.1860	0.4053	0.1538	0.9500
000175	L	0.123485	0.547924	0.565546	0.3578	0.4017	0.5280	0.1860	0.4207	0.1535	0.9424
000176	E	0.189130	0.547569	0.574621	0.3847	0.4409	0.5070	0.1920	0.4406	0.1292	0.9245
000177	T	0.272042	0.571972	0.587837	0.4379	0.5017	0.5130	0.1760	0.4807	0.1054	0.9020
000178	H	0.357885	0.588234	0.604271	0.5126	0.5854	0.4510	0.1160	0.5166	0.0885	0.8777
000179	R	0.443270	0.604213	0.619943	0.5229	0.5951	0.4640	0.1240	0.5415	0.0695	0.8505
000180	G	0.530145	0.622469	0.635152	0.5711	0.7080	0.5340	0.1210	0.6001	0.0625	0.8230
000181	W	0.616670	0.649771	0.650059	0.6219	0.8013	0.6040	0.0940	0.6573	0.0666	0.7928
000182	G	0.694685	0.672095	0.665305	0.6219	0.8013	0.6080	0.1000	0.6772	0.0629	0.7480
000183	R	0.755974	0.705543	0.680422	0.6374	0.7755	0.6560	0.0890	0.7019	0.0501	0.6880
000184	E	0.781388	0.737068	0.695283	0.6870	0.8198	0.7180	0.0740	0.7398	0.0472	0.6352
000185	Q	0.800104	0.761437	0.709190	0.7275	0.8920	0.7480	0.0830	0.7731	0.0602	0.6076
000186	T	0.810343	0.766695	0.722328	0.7688	0.9211	0.7690	0.0840	0.7931	0.0626	0.5867
000187	P	0.817387	0.785474	0.733906	0.7869	0.9168	0.7600	0.0950	0.8001	0.0582	0.5753
000188	Q	0.825555	0.799480	0.744817	0.7724	0.9211	0.7680	0.0910	0.8053	0.0577	0.5669
000189	E	0.829394	0.807743	0.755515	0.7688	0.9346	0.7780	0.0950	0.8123	0.0600	0.5662
000190	T	0.833679	0.822396	0.768393	0.7912	0.9329	0.7680	0.1050	0.8194	0.0565	0.5740
000191	E	0.837889	0.844018	0.781051	0.7951	0.9433	0.7500	0.1060	0.8253	0.0618	0.5881
000192	P	0.848998	0.852533	0.792576	0.8677	0.9751	0.7650	0.0920	0.8503	0.0665	0.6094
000193	E	0.864050	0.858442	0.801629	0.8746	0.9756	0.7820	0.0810	0.8593	0.0621	0.6366
000194	A	0.876412	0.864122	0.809691	0.8677	0.9822	0.7760	0.0770	0.8627	0.0643	0.6690
000195	A	0.879359	0.866222	0.816991	0.8626	0.9783	0.7590	0.0880	0.8603	0.0665	0.6827
000196	Q	0.885231	0.870868	0.823618	0.8595	0.9807	0.7660	0.1070	0.8643	0.0652	0.6870
000197	R	0.888608	0.878967	0.829471	0.8488	0.9801	0.7850	0.1170	0.8685	0.0603	0.6941
000198	H	0.892404	0.884153	0.834589	0.8488	0.9777	0.7670	0.1370	0.8675	0.0639	0.7184
000199	D	0.866389	0.889094	0.839685	0.8424	0.9621	0.7660	0.1560	0.8610	0.0589	0.7366
000200	P	0.849417	0.901664	0.845344	0.8488	0.9577	0.7600	0.1780	0.8605	0.0602	0.7516
000201	A	0.836658	0.907829	0.852491	0.8074	0.8991	0.7690	0.1850	0.8454	0.0486	0.7682
000202	P	0.836219	0.913539	0.859138	0.8118	0.8493	0.7550	0.1930	0.8375	0.0481	0.7806
000203	R	0.826122	0.914575	0.865096	0.7192	0.8125	0.7710	0.1810	0.8181	0.0627	0.8019
000204	N	0.827093	0.913695	0.869928	0.6789	0.8085	0.7740	0.1750	0.8121	0.0743	0.8275
000205	P	0.835037	0.917045	0.874008	0.6789	0.8565	0.7550	0.1800	0.8194	0.0796	0.8571
000206	A	0.841991	0.917274	0.877571	0.6906	0.8085	0.7460	0.1820	0.8136	0.0768	0.8882
000207	P	0.845630	0.914953	0.881230	0.6870	0.8013	0.7280	0.1890	0.8097	0.0809	0.9193
000208	H	0.865735	0.913611	0.886552	0.6557	0.8462	0.7420	0.1900	0.8184	0.0903	0.9427
000209	G	0.824210	0.913218	0.893156	0.6557	0.8530	0.7370	0.1780	0.8128	0.0900	0.9568
000210	V	0.817993	0.917179	0.899288	0.6604	0.7799	0.7560	0.1760	0.8051	0.0872	0.9674
000211	S	0.803114	0.918166	0.903586	0.6604	0.7672	0.7590	0.1610	0.8019	0.0884	0.9749
000212	W	0.801133	0.923796	0.907105	0.6293	0.7916	0.7970	0.1430	0.8083	0.0963	0.9807
000213	V	0.787954	0.927142	0.910891	0.6374	0.7916	0.7720	0.1390	0.8046	0.0964	0.9843
000214	K	0.716588	0.929571	0.915215	0.6442	0.8085	0.7380	0.1340	0.7920	0.1040	0.9854
000215	G	0.669431	0.929406	0.919696	0.6604	0.8313	0.7150	0.1300	0.7876	0.1117	0.9875
000216	P	0.637437	0.931154	0.924488	0.6516	0.7881	0.7000	0.1280	0.7722	0.1201	0.9883
000217	L	0.607039	0.934285	0.928855	0.6756	0.7369	0.7140	0.1040	0.7661	0.1237	0.9896
000218	S	0.593596	0.935249	0.932753	0.6557	0.6851	0.7190	0.1040	0.7536	0.1330	0.9897
000219	P	0.607340	0.936820	0.935703	0.6174	0.6806	0.7250	0.1020	0.7505	0.1371	0.9902
000220	E	0.618719	0.938142	0.938621	0.6035	0.5901	0.7500	0.0910	0.7399	0.1498	0.9908
000221	V	0.634486	0.940172	0.941409	0.6474	0.5854	0.7860	0.0880	0.7559	0.1443	0.9925
000222	D	0.653384	0.941174	0.944423	0.6219	0.5992	0.7690	0.0970	0.7549	0.1432	0.9939
000223	H	0.722679	0.941826	0.948042	0.6650	0.7459	0.7760	0.0980	0.7999	0.1078	0.9947
000224	P	0.771023	0.943223	0.952499	0.7192	0.8162	0.7570	0.0980	0.8265	0.0904	0.9955
000225	G	0.809091	0.946050	0.957939	0.7501	0.8375	0.7920	0.0930	0.8488	0.0775	0.9962
000226	P	0.856981	0.948662	0.963818	0.7605	0.8462	0.8080	0.1070	0.8640	0.0723	0.9965
000227	A	0.937714	0.951328	0.970421	0.7688	0.8279	0.8160	0.1260	0.8787	0.0772	0.9967
000228	L	0.950747	0.953891	0.977675	0.8350	0.8313	0.8170	0.1250	0.8942	0.0673	0.9965
000229	A	0.959463	0.957572	0.985538	0.8521	0.8421	0.8060	0.1260	0.9005	0.0690	0.9963
000230	S	0.967847	0.960456	0.993188	0.8001	0.8162	0.8050	0.1300	0.8904	0.0841	0.9955
000231	L	0.972242	0.960299	0.999955	0.8118	0.7951	0.8160	0.1340	0.8926	0.0860	0.9944
000232	L	0.971793	0.963351	1.005309	0.8556	0.8596	0.8130	0.1420	0.9115	0.0714	0.9912
000233	E	0.968851	0.963303	1.009340	0.8118	0.8565	0.8000	0.1500	0.9017	0.0819	0.9842
000234	E	0.969910	0.965444	1.012438	0.8350	0.8565	0.8120	0.1470	0.9086	0.0766	0.9730
000235	E	0.971108	0.969283	1.014897	0.8391	0.8125	0.8280	0.1390	0.9059	0.0810	0.9562
000236	E	0.974330	0.970150	1.017321	0.8391	0.8198	0.8350	0.1350	0.9092	0.0797	0.9282
000237	E	0.978788	0.972522	1.019774	0.7912	0.8050	0.8450	0.1310	0.9020	0.0910	0.8886
000238	D	0.984526	0.974179	1.022327	0.8200	0.8343	0.8530	0.1230	0.9147	0.0809	0.8381
000239	L	0.986218	0.975460	1.023966	0.8626	0.9057	0.8540	0.1180	0.9347	0.0643	0.7790
000240	E	0.988764	0.975294	1.024367	0.8823	0.9230	0.8540	0.1160	0.9413	0.0602	0.7000
000241	G	0.994382	0.974708	1.023818	0.8984	0.9287	0.8640	0.1060	0.9473	0.0556	0.6248
000242	K	0.998444	0.973221	1.022156	0.9257	0.9606	0.8510	0.1090	0.9553	0.0553	0.5431
000243	E	0.999610	0.966883	1.019420	0.9491	0.9770	0.8490	0.0990	0.9601	0.0547	0.4945
000244	E	0.999745	0.960690	1.015641	0.9447	0.9797	0.8530	0.0900	0.9589	0.0529	0.4727
000245	G	0.999675	0.956560	1.010958	0.9369	0.9797	0.8770	0.0820	0.9601	0.0449	0.4593
000246	R	0.999614	0.948791	1.005480	0.9423	0.9801	0.8760	0.0920	0.9588	0.0437	0.4442
000247	E	0.999124	0.942181	0.998834	0.9348	0.9677	0.8720	0.1070	0.9524	0.0438	0.4498
000248	D	0.998215	0.935271	0.991708	0.9299	0.9381	0.8560	0.1350	0.9415	0.0471	0.4636
000249	D	0.997540	0.928114	0.983299	0.8886	0.9346	0.8380	0.1590	0.9283	0.0542	0.4844
000250	P	0.995623	0.916457	0.973429	0.8857	0.9249	0.8260	0.1710	0.9203	0.0558	0.5051
000251	E	0.991812	0.905517	0.962195	0.8650	0.9230	0.8260	0.1640	0.9122	0.0558	0.5464
000252	E	0.986053	0.892304	0.950212	0.8001	0.8853	0.8310	0.1530	0.8909	0.0637	0.5933
000253	E	0.982985	0.879935	0.938145	0.8311	0.8991	0.8310	0.1620	0.8938	0.0547	0.6482
000254	G	0.970619	0.867037	0.925698	0.7501	0.8920	0.8220	0.1680	0.8712	0.0712	0.6958
000255	P	0.954105	0.849317	0.912889	0.7418	0.8279	0.8100	0.1870	0.8493	0.0691	0.7374
000256	E	0.934869	0.827911	0.899304	0.7342	0.7672	0.8070	0.1840	0.8284	0.0701	0.7790
000257	D	0.915227	0.802181	0.884924	0.7147	0.7672	0.8060	0.1840	0.8150	0.0677	0.8202
000258	V	0.892214	0.775260	0.870097	0.6516	0.7289	0.8000	0.1820	0.7863	0.0816	0.8424
000259	L	0.853537	0.759422	0.855444	0.6174	0.6948	0.7610	0.1750	0.7570	0.0840	0.8588
000260	T	0.790582	0.739334	0.840980	0.5667	0.6755	0.7420	0.1630	0.7258	0.0873	0.8587
000261	I	0.726693	0.709629	0.826968	0.5296	0.6375	0.7410	0.1620	0.6953	0.0926	0.8585
000262	H	0.639667	0.712894	0.813281	0.5126	0.5296	0.7140	0.1440	0.6537	0.1066	0.8523
000263	V	0.563934	0.707871	0.800519	0.5008	0.4652	0.7140	0.1440	0.6254	0.1227	0.8471
000264	Q	0.494974	0.693254	0.788976	0.4245	0.4409	0.7350	0.1520	0.5963	0.1471	0.8395
000265	S	0.460663	0.685869	0.778499	0.3668	0.4220	0.7460	0.1580	0.5766	0.1646	0.8339
000266	L	0.454309	0.672583	0.769347	0.3096	0.4051	0.7850	0.1650	0.5660	0.1848	0.8244
000267	V	0.435762	0.666083	0.760427	0.2913	0.3215	0.8450	0.1520	0.5534	0.2149	0.8005
000268	R	0.466857	0.660639	0.752269	0.2865	0.2951	0.8840	0.1190	0.5576	0.2258	0.7725
000269	A	0.525999	0.652393	0.744046	0.2602	0.3426	0.8820	0.1160	0.5678	0.2175	0.7505
000270	R	0.595080	0.652911	0.735593	0.3096	0.3426	0.8050	0.1510	0.5735	0.1869	0.7257
000271	S	0.684385	0.646030	0.727970	0.3005	0.3249	0.7520	0.1860	0.5726	0.1868	0.7311
000272	S	0.771663	0.634405	0.722053	0.2913	0.3460	0.6760	0.1660	0.5736	0.1857	0.7302
000273	Y	0.856654	0.629985	0.717929	0.2865	0.3286	0.6730	0.1590	0.5822	0.2066	0.7345
000274	V	0.909609	0.624128	0.713911	0.2820	0.3117	0.5730	0.1570	0.5690	0.2193	0.7178
000275	A	0.924798	0.621335	0.707572	0.2700	0.2849	0.5290	0.1580	0.5562	0.2307	0.6979
000276	R	0.956084	0.607029	0.699480	0.1921	0.2884	0.5650	0.1530	0.5513	0.2540	0.6683
000277	Q	0.940382	0.599009	0.688256	0.2167	0.3566	0.5610	0.1500	0.5603	0.2316	0.6518
000278	Y	0.928070	0.573780	0.677555	0.2657	0.4087	0.5740	0.1320	0.5714	0.2075	0.6460
000279	R	0.891463	0.546922	0.668480	0.2820	0.4256	0.5220	0.1240	0.5561	0.1908	0.6288
000280	S	0.866026	0.521184	0.663889	0.3053	0.4476	0.4970	0.0870	0.5502	0.1765	0.6147
000281	L	0.851611	0.506057	0.660859	0.3225	0.4864	0.5320	0.0820	0.5599	0.1637	0.6007
000282	R	0.838507	0.511717	0.657444	0.3225	0.4979	0.5310	0.0880	0.5599	0.1584	0.5688
000283	V	0.795721	0.506804	0.654337	0.3578	0.5017	0.5800	0.0600	0.5660	0.1365	0.5494
000284	R	0.776974	0.546715	0.651708	0.4203	0.5854	0.6070	0.0880	0.5980	0.1075	0.5264
000285	I	0.766342	0.584264	0.650634	0.4703	0.6620	0.6810	0.0780	0.6358	0.0914	0.5189
000286	A	0.784196	0.617963	0.648135	0.4967	0.6948	0.7150	0.0640	0.6595	0.0897	0.5108
000287	S	0.774719	0.660938	0.642917	0.5008	0.7459	0.7160	0.0750	0.6735	0.0896	0.5037
000288	D	0.782475	0.702577	0.636582	0.4879	0.7080	0.7620	0.0830	0.6799	0.0977	0.4935
000289	S	0.793648	0.723977	0.629006	0.5941	0.8013	0.7990	0.0840	0.7236	0.0841	0.4832
000290	G	0.798050	0.726609	0.622564	0.5667	0.8235	0.8020	0.0990	0.7232	0.0970	0.4784
000291	G	0.803089	0.725105	0.614285	0.5623	0.7595	0.8140	0.0960	0.7131	0.0941	0.4709
000292	P	0.839409	0.727520	0.604293	0.6442	0.7595	0.8260	0.1040	0.7335	0.0868	0.4679
000293	H	0.850187	0.749138	0.592190	0.5711	0.7881	0.8400	0.1070	0.7318	0.1115	0.4707
000294	G	0.839584	0.710564	0.578930	0.5583	0.8530	0.8070	0.1350	0.7246	0.1194	0.4690
000295	S	0.819345	0.706563	0.564793	0.5711	0.8085	0.7800	0.1270	0.7085	0.1057	0.4702
000296	G	0.804427	0.716922	0.550324	0.6516	0.8713	0.7660	0.1070	0.7268	0.1044	0.4707
000297	D	0.786390	0.699453	0.534765	0.6219	0.8872	0.7710	0.0850	0.7168	0.1150	0.4730
000298	P	0.738703	0.655269	0.518681	0.6174	0.8343	0.7000	0.1000	0.6773	0.0984	0.4814
000299	A	0.665122	0.626256	0.501449	0.6174	0.7547	0.6160	0.1150	0.6302	0.0749	0.4931
000300	T	0.600981	0.580094	0.484127	0.5514	0.7672	0.5200	0.1300	0.5840	0.0904	0.5095
000301	E	0.523079	0.527927	0.467969	0.4879	0.7755	0.4760	0.1650	0.5431	0.1063	0.5279
000302	L	0.444911	0.488986	0.451867	0.4825	0.6991	0.4730	0.2000	0.5068	0.0874	0.5516
000303	L	0.373786	0.447403	0.435052	0.4513	0.6755	0.4140	0.1960	0.4662	0.0971	0.5729
000304	Q	0.303025	0.407087	0.418233	0.3847	0.6806	0.3420	0.1780	0.4227	0.1218	0.5880
000305	D	0.249268	0.405840	0.403993	0.4037	0.6906	0.3070	0.1550	0.4100	0.1386	0.6069
000306	V	0.194872	0.395865	0.394105	0.4078	0.6043	0.3020	0.1620	0.3832	0.1237	0.6298
000307	R	0.159002	0.379718	0.388424	0.4078	0.5758	0.2450	0.1220	0.3593	0.1315	0.6541
000308	H	0.133904	0.377604	0.387176	0.3456	0.5533	0.2110	0.0920	0.3348	0.1342	0.6812
000309	L	0.097085	0.412906	0.386616	0.2820	0.5342	0.1760	0.0690	0.3149	0.1475	0.6975
000310	L	0.077319	0.419558	0.383966	0.3096	0.5533	0.1590	0.0550	0.3171	0.1599	0.7055
000311	T	0.069665	0.427987	0.377986	0.3225	0.4652	0.1510	0.0450	0.3023	0.1447	0.7023
000312	D	0.066582	0.444797	0.371810	0.3184	0.3807	0.1670	0.0470	0.2915	0.1321	0.6991
000313	L	0.057511	0.452708	0.366607	0.3263	0.4292	0.2010	0.0580	0.3056	0.1375	0.6907
000314	Q	0.045299	0.447672	0.359876	0.3311	0.4685	0.1700	0.0440	0.3037	0.1508	0.6764
000315	D	0.038042	0.438504	0.352732	0.3096	0.4051	0.1740	0.0500	0.2863	0.1393	0.6702
000316	H	0.034314	0.437946	0.344702	0.2820	0.3053	0.1960	0.0610	0.2668	0.1266	0.6623
000317	L	0.044337	0.428806	0.337988	0.2820	0.3599	0.2180	0.0700	0.2784	0.1234	0.6536
000318	A	0.057318	0.415742	0.333209	0.2080	0.3704	0.2130	0.0790	0.2663	0.1208	0.6369
000319	K	0.062282	0.410016	0.328649	0.2080	0.3529	0.2190	0.0870	0.2634	0.1150	0.6156
000320	D	0.067528	0.396364	0.325807	0.2748	0.4149	0.2120	0.0880	0.2819	0.1180	0.5969
000321	S	0.077287	0.381570	0.321942	0.3359	0.5055	0.2250	0.0950	0.3079	0.1326	0.5804
000322	Y	0.078791	0.362555	0.321670	0.3359	0.5017	0.2320	0.1060	0.3054	0.1290	0.5718
000323	I	0.117228	0.337858	0.325282	0.3578	0.4220	0.2160	0.1090	0.2960	0.1006	0.5591
000324	R	0.203250	0.332339	0.332346	0.4245	0.5139	0.2210	0.1250	0.3379	0.1082	0.5474
000325	A	0.293915	0.328611	0.339299	0.3225	0.4940	0.2250	0.1200	0.3338	0.0810	0.5424
000326	V	0.342017	0.352346	0.341926	0.3491	0.4801	0.2320	0.1200	0.3496	0.0718	0.5347
000327	F	0.400015	0.365038	0.341561	0.3399	0.4801	0.2410	0.1200	0.3613	0.0718	0.5209
000328	G	0.459074	0.391654	0.341837	0.3992	0.5493	0.2590	0.1100	0.4000	0.0905	0.5022
000329	S	0.535477	0.432199	0.344742	0.4333	0.5854	0.3170	0.1090	0.4413	0.0954	0.4875
000330	R	0.611890	0.474223	0.350182	0.4458	0.6269	0.3420	0.1290	0.4752	0.1124	0.4759
000331	G	0.691885	0.512209	0.356265	0.4379	0.6136	0.3830	0.1330	0.4991	0.1212	0.4674
000332	P	0.747548	0.586559	0.364253	0.4600	0.6531	0.4510	0.1190	0.5438	0.1311	0.4597
000333	G	0.755478	0.642737	0.374382	0.5229	0.7163	0.5500	0.1450	0.5936	0.1282	0.4530
000334	L	0.757215	0.667632	0.385776	0.6174	0.7250	0.5580	0.1510	0.6185	0.1230	0.4486
000335	P	0.797440	0.715402	0.397053	0.5900	0.7415	0.5130	0.1590	0.6258	0.1397	0.4438
000336	K	0.819315	0.735820	0.407136	0.5412	0.7718	0.5860	0.1410	0.6435	0.1447	0.4377
000337	K	0.839404	0.722602	0.415165	0.5992	0.8050	0.6110	0.1340	0.6653	0.1432	0.4338
000338	D	0.841080	0.745903	0.420912	0.6756	0.8343	0.5370	0.1600	0.6758	0.1536	0.4319
000339	E	0.829444	0.714074	0.425695	0.6516	0.7415	0.5000	0.1410	0.6437	0.1398	0.4321
000340	D	0.814939	0.697692	0.430227	0.5846	0.7547	0.4950	0.1320	0.6295	0.1382	0.4336
000341	P	0.797755	0.654282	0.435497	0.5296	0.7331	0.4630	0.1360	0.6021	0.1358	0.4354
000342	G	0.779522	0.626620	0.440343	0.5514	0.6576	0.4320	0.1540	0.5813	0.1226	0.4367
000343	P	0.761823	0.597540	0.446709	0.4967	0.5296	0.3410	0.1320	0.5288	0.1305	0.4390
000344	A	0.745486	0.561579	0.455084	0.4379	0.4979	0.3060	0.1170	0.5007	0.1338	0.4419
000345	L	0.733605	0.527249	0.466570	0.4513	0.6089	0.2500	0.0910	0.5063	0.1488	0.4445
000346	E	0.703915	0.484694	0.477882	0.3992	0.4864	0.2100	0.0690	0.4604	0.1456	0.4474
000347	T	0.670271	0.493929	0.488339	0.4333	0.4901	0.1840	0.0570	0.4601	0.1436	0.4542
000348	A	0.602371	0.506689	0.498795	0.3668	0.5254	0.1560	0.0300	0.4427	0.1457	0.4615
000349	V	0.541115	0.520587	0.510690	0.3578	0.4864	0.1450	0.0280	0.4269	0.1395	0.4708
000350	C	0.464819	0.511290	0.524725	0.3806	0.4087	0.1450	0.0320	0.4059	0.1274	0.4814
000351	Q	0.387890	0.512425	0.538705	0.3535	0.3019	0.1500	0.0310	0.3740	0.1306	0.4930
000352	A	0.305320	0.512066	0.552524	0.2602	0.2783	0.1640	0.0270	0.3454	0.1396	0.5049
000353	V	0.230566	0.561595	0.564867	0.1732	0.2752	0.1800	0.0310	0.3309	0.1677	0.5170
000354	L	0.152836	0.633368	0.575957	0.1602	0.1791	0.1950	0.0330	0.3161	0.2052	0.5332
000355	A	0.110772	0.631336	0.587177	0.1844	0.1942	0.2280	0.0460	0.3226	0.2060	0.5472
000356	P	0.078923	0.643574	0.600029	0.1844	0.2680	0.2850	0.0750	0.3433	0.2083	0.5624
000357	L	0.145875	0.674601	0.617552	0.1844	0.1914	0.3490	0.0940	0.3604	0.2123	0.5825
000358	K	0.149080	0.714407	0.638117	0.1878	0.1823	0.4470	0.1230	0.3864	0.2280	0.6008
000359	P	0.155566	0.738627	0.658713	0.1456	0.1791	0.4410	0.0890	0.3864	0.2434	0.6178
000360	A	0.239213	0.758363	0.677890	0.1998	0.2575	0.4890	0.1040	0.4369	0.2205	0.6358
000361	L	0.348907	0.765340	0.695363	0.2333	0.3460	0.5030	0.1140	0.4820	0.1933	0.6517
000362	W	0.450581	0.777835	0.712640	0.2432	0.2680	0.5560	0.1020	0.5013	0.2032	0.6581
000363	T	0.556860	0.782065	0.727340	0.2602	0.2849	0.5440	0.1290	0.5259	0.1984	0.6597
000364	R	0.649705	0.792018	0.739552	0.2531	0.3356	0.5550	0.1550	0.5542	0.1994	0.6591
000365	L	0.737363	0.815423	0.750282	0.3184	0.3356	0.5650	0.1380	0.5871	0.1988	0.6584
000366	R	0.770155	0.818089	0.760701	0.3456	0.3529	0.5750	0.1260	0.6037	0.1952	0.6559
000367	T	0.868619	0.834056	0.771157	0.2558	0.3182	0.7080	0.1100	0.6259	0.2455	0.6538
000368	L	0.971804	0.846262	0.782601	0.3311	0.3840	0.7830	0.0940	0.6831	0.2392	0.6496
000369	R	0.998433	0.860765	0.794578	0.3359	0.3983	0.7780	0.1310	0.6943	0.2427	0.6352
000370	A	0.998949	0.871811	0.806477	0.3146	0.3740	0.7930	0.1230	0.6931	0.2560	0.6223
000371	P	0.999639	0.880825	0.818078	0.3630	0.3740	0.8150	0.1170	0.7084	0.2480	0.6047
000372	E	0.999683	0.890212	0.829824	0.4420	0.3740	0.8560	0.0830	0.7319	0.2359	0.5894
000373	L	0.999372	0.896863	0.842368	0.5229	0.4685	0.8560	0.0760	0.7644	0.1971	0.5878
000374	R	0.999060	0.901952	0.853713	0.4651	0.4369	0.8360	0.0790	0.7488	0.2170	0.5819
000375	R	0.998789	0.905956	0.864036	0.4749	0.4409	0.8360	0.0750	0.7534	0.2151	0.5799
000376	L	0.994776	0.910486	0.873114	0.5296	0.4901	0.8600	0.0710	0.7763	0.1936	0.5741
000377	R	0.990942	0.916567	0.882590	0.5374	0.4979	0.8600	0.0570	0.7809	0.1908	0.5669
000378	R	0.986253	0.923623	0.892600	0.5173	0.5254	0.8610	0.0550	0.7844	0.1898	0.5586
000379	R	0.986165	0.931454	0.903058	0.6035	0.6620	0.8680	0.0590	0.8257	0.1420	0.5513
000380	Q	0.986161	0.935181	0.913206	0.6334	0.6712	0.8890	0.0550	0.8380	0.1350	0.5515
000381	T	0.985991	0.939788	0.922635	0.6827	0.6712	0.8960	0.0500	0.8497	0.1251	0.5513
000382	A	0.985768	0.945603	0.931905	0.6681	0.6482	0.9100	0.0560	0.8483	0.1364	0.5557
000383	L	0.985944	0.953874	0.940828	0.6604	0.6375	0.9060	0.0610	0.8475	0.1425	0.5561
000384	R	0.985835	0.963167	0.948807	0.7418	0.7672	0.9030	0.0630	0.8850	0.0958	0.5454
000385	A	0.989798	0.969416	0.954597	0.7458	0.7755	0.9080	0.0670	0.8906	0.0955	0.5417
000386	G	0.993619	0.971316	0.958164	0.7644	0.8125	0.9030	0.0750	0.9004	0.0849	0.5325
000387	A	0.998331	0.971019	0.960535	0.8283	0.8872	0.9050	0.0790	0.9250	0.0577	0.5218
000388	G	0.998428	0.974144	0.963126	0.8457	0.8920	0.9030	0.0830	0.9294	0.0532	0.5097
000389	P	0.998470	0.977281	0.965841	0.8391	0.9039	0.8990	0.0870	0.9306	0.0549	0.4964
000390	P	0.998685	0.978037	0.968332	0.8350	0.9057	0.8990	0.0870	0.9308	0.0564	0.4813
000391	G	0.999239	0.978103	0.969941	0.8350	0.9168	0.8990	0.0880	0.9331	0.0559	0.4652
000392	A	0.999388	0.978559	0.971045	0.8283	0.8942	0.9000	0.0900	0.9285	0.0597	0.4498
000393	Q	0.999784	0.979444	0.971491	0.8626	0.9287	0.9000	0.0950	0.9403	0.0481	0.4339
000394	G	0.999852	0.978370	0.971298	0.8823	0.9519	0.8970	0.1000	0.9467	0.0430	0.4221
000395	P	0.999878	0.975599	0.969813	0.8945	0.9151	0.8880	0.1050	0.9405	0.0430	0.4172
000396	G	0.999870	0.971147	0.967305	0.8920	0.9230	0.8890	0.1010	0.9405	0.0417	0.4164
000397	P	0.999708	0.966990	0.963527	0.8391	0.9211	0.8590	0.1260	0.9249	0.0585	0.4176
000398	E	0.996926	0.960591	0.958276	0.8556	0.9287	0.8490	0.1340	0.9249	0.0550	0.4198
000399	G	0.988892	0.952605	0.952053	0.8521	0.8713	0.8590	0.1210	0.9127	0.0535	0.4286
000400	Q	0.976622	0.945574	0.944542	0.8350	0.8421	0.8620	0.1320	0.9010	0.0562	0.4386
000401	S	0.963312	0.934959	0.936097	0.7458	0.8198	0.8520	0.1450	0.8753	0.0768	0.4520
000402	P	0.937608	0.922332	0.924129	0.7458	0.8125	0.8110	0.1710	0.8589	0.0727	0.4634
000403	A	0.903800	0.900778	0.909150	0.7644	0.7547	0.8000	0.1710	0.8388	0.0673	0.4735
000404	P	0.853069	0.880475	0.891525	0.7458	0.7080	0.7720	0.1790	0.8085	0.0700	0.4842
000405	A	0.783657	0.859313	0.873132	0.6789	0.7120	0.7560	0.1830	0.7772	0.0711	0.4939
000406	L	0.710900	0.835411	0.853950	0.6293	0.5665	0.7600	0.1980	0.7259	0.1037	0.5029
000407	R	0.615900	0.813987	0.834588	0.6293	0.5707	0.7270	0.2030	0.6986	0.1005	0.5072
000408	S	0.522899	0.776630	0.815113	0.5253	0.5017	0.7220	0.1990	0.6440	0.1304	0.5144
000409	R	0.434137	0.752351	0.795962	0.5296	0.4652	0.6990	0.1730	0.6127	0.1420	0.5188
000410	I	0.355321	0.729599	0.776712	0.4967	0.3840	0.7270	0.1820	0.5782	0.1724	0.5204
000411	H	0.317471	0.700705	0.757827	0.4458	0.3460	0.7070	0.1950	0.5458	0.1812	0.5179
000412	E	0.344583	0.686818	0.738296	0.3359	0.3774	0.6780	0.2030	0.5268	0.1756	0.5127
000413	R	0.389017	0.667552	0.718288	0.2786	0.3392	0.6460	0.2130	0.5065	0.1752	0.5089
000414	L	0.383372	0.646440	0.696370	0.3263	0.3599	0.5920	0.2140	0.5007	0.1482	0.5041
000415	A	0.369261	0.612892	0.675164	0.2963	0.3249	0.5770	0.1520	0.4759	0.1501	0.4935
000416	H	0.357504	0.579145	0.654597	0.3146	0.2951	0.5130	0.1270	0.4523	0.1374	0.4832
000417	L	0.348936	0.559958	0.635256	0.3806	0.3460	0.4570	0.1570	0.4545	0.1097	0.4710
000418	H	0.368260	0.539169	0.614500	0.3005	0.2849	0.3700	0.1670	0.4129	0.1221	0.4584
000419	A	0.351174	0.535860	0.591065	0.2657	0.2193	0.3150	0.1800	0.3796	0.1371	0.4485
000420	A	0.303862	0.502726	0.565260	0.1805	0.1643	0.3060	0.2000	0.3371	0.1505	0.4410
000421	C	0.200428	0.474586	0.538304	0.1698	0.2575	0.2790	0.2090	0.3200	0.1378	0.4353
000422	A	0.100742	0.458589	0.511836	0.1041	0.1969	0.2750	0.2120	0.2745	0.1610	0.4308
000423	P	0.070995	0.447916	0.486239	0.1041	0.1229	0.2830	0.2160	0.2525	0.1661	0.4263
000424	R	0.055981	0.428884	0.461080	0.0621	0.1229	0.3260	0.2440	0.2428	0.1689	0.4219
000425	R	0.067469	0.381669	0.436763	0.0464	0.1881	0.3380	0.2510	0.2431	0.1518	0.4185
000426	K	0.080014	0.329914	0.414880	0.0542	0.1583	0.3140	0.2200	0.2253	0.1352	0.4142
000427	V	0.060831	0.320134	0.395312	0.0542	0.0985	0.2840	0.1760	0.2022	0.1358	0.4089
000428	A	0.079898	0.276395	0.375764	0.0542	0.1323	0.2250	0.1290	0.1906	0.1133	0.4017
000429	L	0.140955	0.231568	0.354811	0.0316	0.1323	0.2040	0.1090	0.1825	0.0997	0.3931
000430	L	0.197076	0.203623	0.332705	0.0308	0.1007	0.1540	0.0790	0.1698	0.0938	0.3862
000431	L	0.226170	0.194846	0.312246	0.0363	0.1007	0.1250	0.0630	0.1658	0.0900	0.3843
000432	E	0.260520	0.189781	0.293860	0.0387	0.1501	0.0950	0.0380	0.1714	0.0886	0.3869
000433	V	0.280183	0.157716	0.279936	0.0363	0.1731	0.0970	0.0390	0.1707	0.0891	0.3961
000434	C	0.289603	0.126355	0.269098	0.0274	0.1554	0.0970	0.0420	0.1608	0.0925	0.4086
000435	R	0.306932	0.103442	0.260834	0.0274	0.1731	0.0960	0.0450	0.1613	0.0973	0.4169
000436	D	0.328096	0.113741	0.253246	0.0304	0.1914	0.0950	0.0360	0.1687	0.1005	0.4260
000437	V	0.348466	0.140035	0.246129	0.0279	0.2002	0.1040	0.0320	0.1778	0.1030	0.4265
000438	Y	0.336582	0.151419	0.238947	0.0464	0.2817	0.1360	0.0440	0.1985	0.0974	0.4092
000439	A	0.296450	0.167204	0.231449	0.0567	0.2328	0.1580	0.0500	0.1905	0.0755	0.3927
000440	G	0.282059	0.224543	0.224035	0.1178	0.3053	0.1700	0.0670	0.2206	0.0634	0.3769
000441	L	0.258256	0.271783	0.217348	0.1060	0.3494	0.2020	0.0890	0.2341	0.0742	0.3649
000442	A	0.249196	0.322296	0.211427	0.1667	0.4256	0.2600	0.1080	0.2725	0.0832	0.3558
000443	R	0.260252	0.398448	0.207194	0.1322	0.3948	0.3560	0.1530	0.2914	0.0997	0.3512
000444	G	0.267041	0.487950	0.204275	0.2041	0.3566	0.4650	0.1830	0.3308	0.1151	0.3535
000445	E	0.275749	0.521935	0.204685	0.2865	0.3667	0.4650	0.1730	0.3535	0.1109	0.3593
000446	N	0.274278	0.564444	0.205840	0.2041	0.4017	0.4510	0.1750	0.3502	0.1333	0.3629
000447	Q	0.296465	0.556263	0.208073	0.1292	0.3704	0.4140	0.1490	0.3291	0.1392	0.3688
000448	D	0.371805	0.555331	0.210712	0.2209	0.3566	0.3680	0.1220	0.3472	0.1148	0.3764
000449	P	0.441266	0.497418	0.216651	0.2700	0.4507	0.2880	0.0960	0.3607	0.1061	0.3846
000450	L	0.516972	0.439089	0.226111	0.2122	0.4831	0.2530	0.0850	0.3550	0.1273	0.3912
000451	G	0.564789	0.387474	0.238788	0.2122	0.4901	0.1840	0.0680	0.3462	0.1450	0.3989
000452	A	0.565653	0.344833	0.252559	0.3399	0.4979	0.1550	0.0630	0.3593	0.1387	0.4077
000453	D	0.576033	0.304360	0.265442	0.4078	0.4409	0.1580	0.0570	0.3587	0.1345	0.4164
000454	A	0.587593	0.258637	0.275492	0.3399	0.3426	0.1590	0.0570	0.3272	0.1316	0.4209
000455	F	0.584326	0.225051	0.284703	0.2602	0.3392	0.1590	0.0560	0.3088	0.1348	0.4242
000456	L	0.539200	0.193762	0.293919	0.1667	0.3599	0.1450	0.0510	0.2831	0.1368	0.4251
000457	P	0.487115	0.177776	0.302963	0.1732	0.3566	0.1410	0.0410	0.2732	0.1226	0.4266
000458	A	0.434764	0.170598	0.309923	0.1998	0.2680	0.1630	0.0490	0.2577	0.0950	0.4251
000459	L	0.380920	0.173721	0.317220	0.2122	0.2680	0.1730	0.0550	0.2541	0.0765	0.4209
000460	T	0.338716	0.176437	0.326022	0.1178	0.2470	0.1710	0.0540	0.2296	0.0819	0.4166
000461	E	0.331739	0.192110	0.336529	0.1958	0.3249	0.1600	0.0490	0.2568	0.0752	0.4154
000462	E	0.333954	0.203234	0.346274	0.2167	0.3356	0.1860	0.0790	0.2703	0.0690	0.4122
000463	L	0.368414	0.198294	0.354630	0.2558	0.2918	0.2030	0.0900	0.2786	0.0667	0.4069
000464	I	0.385386	0.199747	0.361809	0.2558	0.2951	0.2140	0.0960	0.2853	0.0699	0.4022
000465	W	0.398443	0.216411	0.368633	0.1958	0.2609	0.2210	0.1040	0.2769	0.0783	0.4022
000466	S	0.412882	0.238298	0.374729	0.2963	0.3667	0.1990	0.0860	0.3147	0.0769	0.4006
000467	P	0.458490	0.242994	0.379793	0.3005	0.3460	0.2020	0.0840	0.3216	0.0853	0.4018
000468	D	0.460798	0.254410	0.383707	0.2913	0.2541	0.2260	0.0920	0.3117	0.0835	0.4034
000469	I	0.443596	0.254171	0.386523	0.2333	0.2436	0.2510	0.1030	0.3021	0.0818	0.4060
000470	G	0.427468	0.246675	0.388702	0.2292	0.3286	0.2530	0.1060	0.3123	0.0753	0.4161
000471	D	0.408948	0.244734	0.389805	0.1844	0.2541	0.2420	0.0900	0.2873	0.0825	0.4292
000472	T	0.420349	0.250054	0.389830	0.1805	0.1823	0.2270	0.0770	0.2750	0.0955	0.4259
000473	Q	0.473899	0.240588	0.388296	0.0909	0.1852	0.2600	0.1080	0.2732	0.1263	0.4096
000474	L	0.528517	0.221680	0.385108	0.0813	0.2752	0.2510	0.1010	0.2904	0.1390	0.3905
000475	D	0.535763	0.217939	0.381255	0.1380	0.3599	0.2080	0.0930	0.3067	0.1336	0.3711
000476	V	0.529258	0.192530	0.376554	0.2483	0.4801	0.1610	0.0660	0.3312	0.1406	0.3554
000477	E	0.584772	0.172007	0.371469	0.2483	0.4119	0.1320	0.0550	0.3200	0.1547	0.3377
000478	F	0.667401	0.169809	0.365832	0.2333	0.3740	0.1210	0.0510	0.3218	0.1805	0.3243
000479	L	0.748175	0.182415	0.358585	0.1322	0.3704	0.1050	0.0400	0.3161	0.2190	0.3165
000480	M	0.790213	0.190122	0.348854	0.1805	0.4619	0.0890	0.0250	0.3434	0.2341	0.3109
000481	E	0.718485	0.210098	0.337242	0.1766	0.4369	0.0840	0.0160	0.3272	0.2086	0.3104
000482	L	0.634157	0.268208	0.323778	0.1805	0.4292	0.0960	0.0110	0.3220	0.1746	0.3131
000483	L	0.567489	0.313368	0.309768	0.1532	0.3392	0.1250	0.0330	0.3014	0.1446	0.3171
000484	D	0.526887	0.381556	0.295646	0.1456	0.2399	0.1480	0.0440	0.2896	0.1342	0.3270
000485	P	0.458872	0.441996	0.283869	0.1566	0.2399	0.1600	0.0400	0.2901	0.1218	0.3395
000486	D	0.364023	0.479071	0.272845	0.0935	0.2364	0.1590	0.0330	0.2675	0.1272	0.3527
000487	E	0.275126	0.448442	0.262181	0.0909	0.2951	0.1680	0.0490	0.2566	0.1110	0.3665
000488	L	0.183926	0.458133	0.251160	0.0771	0.1791	0.1990	0.0660	0.2247	0.1165	0.3832
000489	R	0.110501	0.439421	0.242015	0.1349	0.1731	0.1520	0.0450	0.2087	0.1110	0.4008
000490	G	0.085536	0.381201	0.233530	0.1240	0.2364	0.1290	0.0430	0.1983	0.0993	0.4078
000491	E	0.063415	0.315855	0.226021	0.0991	0.2436	0.1040	0.0310	0.1753	0.0917	0.4128
000492	A	0.036134	0.267004	0.217615	0.0832	0.1643	0.0840	0.0200	0.1420	0.0816	0.4165
000493	G	0.014924	0.201696	0.209529	0.1292	0.2224	0.0730	0.0180	0.1418	0.0771	0.4182
000494	Y	0.006911	0.128109	0.201018	0.1456	0.2884	0.0690	0.0250	0.1398	0.0901	0.4195
000495	Y	0.005261	0.102582	0.192098	0.1322	0.2034	0.0740	0.0350	0.1182	0.0682	0.4189
000496	L	0.003463	0.099298	0.182146	0.1060	0.1583	0.0760	0.0440	0.1043	0.0577	0.4161
000497	T	0.002611	0.091261	0.172428	0.0621	0.1501	0.0790	0.0460	0.0929	0.0561	0.4118
000498	T	0.001758	0.085851	0.164514	0.0478	0.0851	0.0830	0.0410	0.0780	0.0489	0.4059
000499	W	0.000948	0.089898	0.160080	0.0832	0.1373	0.0980	0.0380	0.0949	0.0501	0.3989
000500	F	0.000289	0.098518	0.159452	0.0542	0.1643	0.1160	0.0420	0.0988	0.0577	0.3898
000501	G	0.000132	0.092989	0.161668	0.0607	0.1731	0.1310	0.0450	0.1032	0.0600	0.3859
000502	A	0.000251	0.103900	0.165432	0.0621	0.1643	0.1660	0.0490	0.1104	0.0627	0.3848
000503	L	0.000941	0.116278	0.170853	0.0771	0.1881	0.2170	0.0730	0.1285	0.0734	0.3868
000504	H	0.003861	0.124735	0.180083	0.0771	0.1759	0.2400	0.1340	0.1336	0.0767	0.3904
000505	H	0.007073	0.158214	0.194503	0.1240	0.2328	0.2360	0.1250	0.1588	0.0785	0.3940
000506	I	0.020702	0.207734	0.212678	0.1805	0.3460	0.2570	0.1230	0.2041	0.0976	0.3958
000507	A	0.070175	0.267360	0.233067	0.2385	0.4017	0.2980	0.1190	0.2514	0.0986	0.3983
000508	H	0.124734	0.345371	0.254638	0.2700	0.4017	0.3580	0.1190	0.2924	0.0904	0.4032
000509	Y	0.196508	0.430287	0.277005	0.2602	0.3215	0.3640	0.0900	0.3082	0.0752	0.4100
000510	Q	0.274034	0.493640	0.300309	0.3847	0.4256	0.3860	0.0790	0.3774	0.0737	0.4149
000511	P	0.334061	0.513072	0.324384	0.4116	0.5296	0.3950	0.0830	0.4179	0.0795	0.4199
000512	E	0.400560	0.561454	0.349236	0.4116	0.5419	0.4310	0.0950	0.4493	0.0767	0.4251
000513	T	0.474246	0.565105	0.374672	0.4379	0.5419	0.4710	0.1130	0.4775	0.0633	0.4293
000514	D	0.541688	0.553960	0.400207	0.5084	0.6183	0.4920	0.1270	0.5191	0.0665	0.4312
000515	R	0.598713	0.579497	0.426028	0.5043	0.5901	0.4570	0.1510	0.5260	0.0677	0.4327
000516	A	0.627466	0.616911	0.451594	0.5173	0.5854	0.4430	0.1640	0.5402	0.0747	0.4323
000517	P	0.615275	0.634325	0.476975	0.5802	0.5951	0.4230	0.1590	0.5542	0.0770	0.4329
000518	R	0.574193	0.663609	0.502167	0.6124	0.6136	0.4710	0.1620	0.5729	0.0668	0.4327
000519	G	0.557281	0.679200	0.526357	0.5623	0.6375	0.4930	0.1490	0.5760	0.0636	0.4326
000520	L	0.601840	0.694136	0.548353	0.6557	0.6136	0.4770	0.1400	0.5984	0.0708	0.4342
000521	S	0.645432	0.716757	0.569212	0.6650	0.5901	0.4300	0.1170	0.6028	0.0910	0.4368
000522	S	0.672875	0.716556	0.589414	0.5331	0.5382	0.4230	0.1060	0.5788	0.0967	0.4407
000523	E	0.704208	0.710059	0.609581	0.5412	0.5098	0.4040	0.1140	0.5799	0.1084	0.4465
000524	A	0.729243	0.702051	0.627788	0.5331	0.4901	0.4250	0.1230	0.5845	0.1109	0.4528
000525	R	0.746705	0.690989	0.645335	0.5296	0.4864	0.4370	0.1310	0.5893	0.1123	0.4578
000526	A	0.814113	0.688268	0.662435	0.5253	0.4256	0.4870	0.1310	0.6005	0.1331	0.4652
000527	S	0.894239	0.694955	0.679735	0.5514	0.4476	0.4680	0.1220	0.6227	0.1538	0.4720
000528	L	0.944332	0.688039	0.696121	0.4749	0.4017	0.5240	0.1280	0.6215	0.1796	0.4813
000529	H	0.950307	0.684277	0.711251	0.4825	0.4087	0.4650	0.1430	0.6170	0.1867	0.4864
000530	Q	0.950529	0.684104	0.723530	0.4749	0.4149	0.4720	0.1700	0.6200	0.1867	0.4888
000531	W	0.957485	0.701610	0.733004	0.5473	0.4864	0.5390	0.1680	0.6609	0.1596	0.4879
000532	H	0.965916	0.707486	0.739669	0.5412	0.5254	0.5030	0.1820	0.6637	0.1628	0.4904
000533	R	0.980646	0.725809	0.746085	0.5412	0.5098	0.5200	0.1810	0.6707	0.1683	0.4892
000534	R	0.995164	0.757474	0.751396	0.5762	0.4766	0.5830	0.1630	0.6900	0.1690	0.4871
000535	R	0.995594	0.766946	0.753890	0.5802	0.5176	0.6150	0.1700	0.7049	0.1578	0.4890
000536	T	0.995533	0.772145	0.753738	0.5711	0.5139	0.6620	0.1700	0.7114	0.1567	0.4989
000537	L	0.994929	0.791903	0.751558	0.6035	0.5533	0.6750	0.1720	0.7283	0.1442	0.5105
000538	H	0.995066	0.797407	0.748243	0.5941	0.4766	0.6790	0.1380	0.7150	0.1629	0.5150
000539	R	0.994982	0.797212	0.741783	0.6516	0.5951	0.7120	0.1030	0.7487	0.1274	0.5233
000540	K	0.992174	0.793867	0.732576	0.5941	0.4831	0.7340	0.1170	0.7217	0.1591	0.5421
000541	D	0.960207	0.787552	0.721970	0.5941	0.4619	0.6820	0.1280	0.7013	0.1549	0.5713
000542	H	0.855255	0.775897	0.711889	0.6374	0.6043	0.6760	0.1370	0.7100	0.0847	0.6021
000543	P	0.783539	0.765868	0.702498	0.6374	0.6482	0.6360	0.1760	0.6956	0.0604	0.6241
000544	R	0.757733	0.755419	0.694156	0.6412	0.5176	0.6690	0.1540	0.6724	0.0813	0.6484
000545	A	0.735225	0.745406	0.685947	0.6715	0.5139	0.6540	0.1300	0.6677	0.0762	0.6730
000546	Q	0.694717	0.723924	0.677663	0.5941	0.5456	0.6370	0.1380	0.6456	0.0610	0.6914
000547	A	0.661929	0.710671	0.669425	0.5846	0.5577	0.6210	0.1620	0.6341	0.0522	0.7032
000548	N	0.617638	0.690606	0.660397	0.6293	0.6576	0.6110	0.1730	0.6445	0.0277	0.7021
000549	L	0.591593	0.666821	0.651526	0.6219	0.5901	0.6350	0.1660	0.6262	0.0285	0.7047
000550	P	0.589508	0.661496	0.643636	0.6293	0.6136	0.6240	0.1650	0.6269	0.0226	0.6995
000551	F	0.658355	0.665927	0.637566	0.5802	0.6322	0.6640	0.1440	0.6398	0.0296	0.6919
000552	K	0.677630	0.657499	0.632083	0.5846	0.6227	0.5810	0.1240	0.6258	0.0353	0.6688
000553	E	0.672985	0.646634	0.625853	0.5900	0.6227	0.5930	0.1140	0.6253	0.0288	0.6443
000554	P	0.652276	0.636774	0.620183	0.5623	0.5901	0.5920	0.1570	0.6090	0.0305	0.6277
000555	W	0.643090	0.638650	0.616189	0.5667	0.6227	0.6290	0.1600	0.6195	0.0253	0.6068
000556	A	0.640780	0.629260	0.613363	0.5846	0.6375	0.7350	0.0810	0.6401	0.0464	0.5786
000557	E	0.672747	0.635271	0.611782	0.5667	0.5992	0.8720	0.0750	0.6596	0.1004	0.5442
000558	E	0.692065	0.644991	0.611486	0.6124	0.6089	0.8820	0.0690	0.6752	0.0968	0.5155
000559	T	0.695817	0.666392	0.612858	0.6442	0.5758	0.8410	0.1390	0.6727	0.0844	0.5000
000560	V	0.667589	0.678817	0.614936	0.7275	0.6755	0.8040	0.2070	0.6947	0.0586	0.4863
000561	T	0.668217	0.699413	0.618265	0.7418	0.6089	0.7920	0.2090	0.6881	0.0651	0.4630
000562	G	0.698183	0.698854	0.622514	0.8391	0.7628	0.8170	0.1770	0.7398	0.0748	0.4481
000563	T	0.721071	0.705172	0.628558	0.8626	0.7672	0.9070	0.0970	0.7653	0.0948	0.4422
000564	S	0.414780	0.722470	0.633955	0.8945	0.7250	0.8940	0.1090	0.7140	0.1638	0.4367
000565	D	0.525542	0.738421	0.639706	0.9040	0.6427	0.9170	0.0890	0.7279	0.1431	0.4246
000566	N	0.987494	0.755710	0.641999	0.9665	0.8623	0.8520	0.1340	0.8444	0.1187	0.4161