RESNUM	RES	VL-XT	VSL2B	VL3	IUPred-S	IUPred-L	PONDRFIT	FITERROR	MDP	MDPERROR	ANCHOR2
000001	M	0.987334	0.854407	0.789750	0.9562	0.2129	0.9760	0.0150	0.6645	0.3006	0.4016
000002	P	0.986381	0.857729	0.775619	0.9040	0.1852	0.9710	0.0260	0.6507	0.3040	0.4138
000003	N	0.985691	0.849592	0.766836	0.8283	0.2164	0.9710	0.0210	0.6419	0.2890	0.4268
000004	T	0.985209	0.827282	0.755702	0.7605	0.2503	0.9560	0.0300	0.6299	0.2734	0.4297
000005	A	0.844668	0.807589	0.746000	0.7232	0.2783	0.9580	0.0290	0.6019	0.2477	0.4160
000006	M	0.815079	0.778211	0.736054	0.6944	0.2988	0.9400	0.0450	0.5878	0.2342	0.4030
000007	K	0.804630	0.755485	0.727198	0.6604	0.3215	0.9100	0.0570	0.5754	0.2206	0.3866
000008	K	0.787854	0.734629	0.715431	0.6124	0.3392	0.9060	0.0530	0.5634	0.2133	0.3720
000009	K	0.771046	0.697518	0.704168	0.5711	0.3599	0.8570	0.0900	0.5428	0.1979	0.3635
000010	V	0.757316	0.670445	0.691948	0.5253	0.3807	0.8440	0.0830	0.5296	0.1910	0.3561
000011	L	0.774852	0.655375	0.680652	0.4918	0.3983	0.9040	0.0770	0.5373	0.2027	0.3569
000012	L	0.815446	0.651856	0.670115	0.4967	0.3948	0.8910	0.0790	0.5416	0.2038	0.3680
000013	M	0.860929	0.655344	0.659339	0.4749	0.3667	0.8910	0.0900	0.5415	0.2184	0.3835
000014	G	0.871206	0.670897	0.648152	0.4420	0.3529	0.8800	0.0880	0.5362	0.2250	0.4036
000015	K	0.809403	0.691151	0.635473	0.4600	0.2645	0.8670	0.0800	0.5154	0.2315	0.4223
000016	S	0.716462	0.713719	0.626337	0.5008	0.2129	0.8520	0.0870	0.4994	0.2294	0.4206
000017	G	0.626790	0.732239	0.604489	0.4513	0.1528	0.8410	0.0710	0.4673	0.2425	0.3960
000018	S	0.537370	0.709623	0.582675	0.3717	0.1298	0.8410	0.0570	0.4315	0.2495	0.3850
000019	G	0.453317	0.699459	0.561604	0.2657	0.1399	0.7830	0.1110	0.3902	0.2454	0.3732
000020	K	0.347798	0.695053	0.539626	0.2209	0.0835	0.7200	0.1240	0.3445	0.2534	0.3656
000021	T	0.243248	0.634742	0.515789	0.2865	0.0734	0.6980	0.1430	0.3227	0.2400	0.3527
000022	S	0.139607	0.578561	0.491435	0.2602	0.0967	0.6790	0.1860	0.2923	0.2358	0.3472
000023	M	0.076427	0.490148	0.466954	0.2333	0.1528	0.6180	0.2030	0.2618	0.2115	0.3473
000024	R	0.135627	0.393978	0.444795	0.2209	0.1942	0.4470	0.2170	0.2319	0.1464	0.3510
000025	S	0.200534	0.308634	0.423064	0.2292	0.2002	0.3300	0.2020	0.2115	0.1072	0.3521
000026	I	0.268577	0.227321	0.398826	0.2122	0.2002	0.2520	0.1650	0.1934	0.0939	0.3498
000027	I	0.290414	0.176970	0.380597	0.2122	0.2064	0.1860	0.1250	0.1786	0.0959	0.3498
000028	F	0.309028	0.152170	0.368265	0.2167	0.1399	0.1630	0.0910	0.1635	0.1054	0.3472
000029	A	0.324343	0.155066	0.356777	0.2167	0.1399	0.1930	0.1150	0.1715	0.1012	0.3348
000030	N	0.342474	0.146875	0.342530	0.1416	0.1206	0.1810	0.0780	0.1554	0.1096	0.3224
000031	Y	0.345539	0.132991	0.329922	0.1322	0.1229	0.1870	0.0980	0.1534	0.1088	0.3118
000032	I	0.336853	0.142642	0.316197	0.1088	0.0719	0.1540	0.0890	0.1356	0.1142	0.3056
000033	A	0.269989	0.168290	0.299125	0.1060	0.0749	0.1390	0.0910	0.1263	0.0961	0.2973
000034	R	0.211720	0.192965	0.279858	0.0723	0.0662	0.1210	0.0520	0.1107	0.0905	0.2871
000035	D	0.155655	0.227402	0.262762	0.0643	0.0704	0.1370	0.0460	0.1091	0.0857	0.2748
000036	T	0.144081	0.246487	0.246054	0.0395	0.0719	0.1600	0.0600	0.1103	0.0886	0.2674
000037	R	0.138951	0.257658	0.230231	0.0660	0.1162	0.1560	0.0540	0.1225	0.0758	0.2648
000038	R	0.137254	0.278756	0.213127	0.0909	0.1791	0.1800	0.0580	0.1444	0.0685	0.2586
000039	L	0.131692	0.307335	0.198468	0.1566	0.2193	0.2370	0.0910	0.1754	0.0658	0.2523
000040	G	0.140596	0.340620	0.184150	0.1667	0.2503	0.2840	0.1070	0.1970	0.0766	0.2417
000041	A	0.142433	0.368649	0.170696	0.1060	0.1449	0.3190	0.1110	0.1801	0.1025	0.2332
000042	T	0.141962	0.403168	0.157184	0.1602	0.1528	0.3320	0.1080	0.1984	0.1067	0.2252
000043	I	0.138369	0.398018	0.143739	0.1456	0.2258	0.3090	0.0740	0.2028	0.1007	0.2173
000044	D	0.127179	0.371661	0.132029	0.1117	0.2715	0.2820	0.0610	0.1940	0.1003	0.2070
000045	V	0.115386	0.338209	0.120675	0.1088	0.1914	0.2640	0.0510	0.1696	0.0884	0.2004
000046	E	0.097149	0.310859	0.112017	0.1117	0.1349	0.2290	0.0580	0.1473	0.0803	0.1939
000047	H	0.078005	0.257553	0.100777	0.0677	0.0835	0.1670	0.0500	0.1090	0.0693	0.1884
000048	S	0.059112	0.221020	0.089758	0.0478	0.0888	0.1130	0.0340	0.0882	0.0588	0.1784
000049	H	0.039774	0.204303	0.077163	0.0279	0.0543	0.0860	0.0320	0.0686	0.0598	0.1698
000050	V	0.027130	0.177629	0.063441	0.0502	0.0463	0.0770	0.0290	0.0630	0.0501	0.1615
000051	R	0.016989	0.159394	0.051102	0.0297	0.0483	0.0630	0.0230	0.0529	0.0471	0.1600
000052	F	0.007784	0.146728	0.040061	0.0182	0.0341	0.0660	0.0250	0.0455	0.0466	0.1571
000053	L	0.003943	0.135808	0.029643	0.0200	0.0327	0.0620	0.0190	0.0424	0.0435	0.1555
000054	G	0.002267	0.111322	0.021345	0.0226	0.0568	0.0550	0.0150	0.0413	0.0356	0.1536
000055	N	0.000580	0.085019	0.013015	0.0245	0.0581	0.0430	0.0070	0.0352	0.0285	0.1538
000056	L	0.000561	0.060992	0.005786	0.0395	0.0888	0.0410	0.0110	0.0385	0.0304	0.1535
000057	V	0.000858	0.049191	0.001630	0.0387	0.0835	0.0410	0.0140	0.0355	0.0285	0.1541
000058	L	0.000876	0.045396	-0.001430	0.0441	0.0433	0.0430	0.0150	0.0295	0.0209	0.1520
000059	N	0.000805	0.055990	-0.005501	0.0425	0.0349	0.0460	0.0140	0.0300	0.0232	0.1532
000060	L	0.000788	0.064994	-0.008639	0.0231	0.0380	0.0580	0.0140	0.0309	0.0274	0.1584
000061	W	0.000755	0.071670	-0.010689	0.0286	0.0618	0.0710	0.0140	0.0390	0.0333	0.1653
000062	D	0.000758	0.088173	-0.013671	0.0327	0.0364	0.0690	0.0160	0.0378	0.0354	0.1674
000063	C	0.000779	0.114685	-0.014365	0.0621	0.0356	0.0720	0.0210	0.0476	0.0438	0.1743
000064	G	0.001776	0.137149	-0.014102	0.0607	0.0618	0.0730	0.0210	0.0557	0.0496	0.1751
000065	G	0.003952	0.150393	-0.011279	0.0308	0.0605	0.0860	0.0250	0.0553	0.0543	0.1763
000066	Q	0.005653	0.174139	-0.008901	0.0304	0.0592	0.1000	0.0330	0.0616	0.0622	0.1786
000067	D	0.007858	0.210704	-0.003485	0.0502	0.0948	0.1360	0.0580	0.0833	0.0747	0.1799
000068	T	0.012875	0.227926	0.000223	0.0744	0.1373	0.1550	0.0700	0.1013	0.0806	0.1791
000069	F	0.022314	0.267727	0.004309	0.1088	0.2129	0.1670	0.0790	0.1298	0.0958	0.1802
000070	M	0.034294	0.311731	0.007177	0.1150	0.1349	0.1620	0.0720	0.1262	0.0987	0.1795
000071	E	0.045383	0.348329	0.009792	0.1766	0.1115	0.1650	0.0660	0.1412	0.1096	0.1738
000072	N	0.057575	0.336180	0.013043	0.1878	0.1914	0.1740	0.0610	0.1579	0.1042	0.1687
000073	Y	0.067783	0.327365	0.015487	0.1088	0.1969	0.1800	0.0590	0.1468	0.1009	0.1654
000074	F	0.076584	0.301521	0.017907	0.1495	0.2164	0.1840	0.0590	0.1547	0.0923	0.1538
000075	T	0.084288	0.311265	0.019284	0.1456	0.2292	0.1770	0.0520	0.1579	0.0947	0.1420
000076	S	0.088058	0.306205	0.023577	0.1018	0.1731	0.1630	0.0530	0.1387	0.0885	0.1313
000077	Q	0.088086	0.320784	0.023666	0.1060	0.1070	0.1380	0.0500	0.1267	0.0919	0.1209
000078	R	0.080477	0.318416	0.024978	0.0660	0.0631	0.1290	0.0450	0.1095	0.0967	0.1136
000079	D	0.070020	0.299349	0.027672	0.0425	0.0356	0.1130	0.0340	0.0933	0.0945	0.1096
000080	N	0.065430	0.253282	0.032758	0.0526	0.0463	0.1010	0.0330	0.0865	0.0754	0.1052
000081	I	0.063174	0.208110	0.037615	0.0455	0.0294	0.0960	0.0350	0.0738	0.0616	0.1009
000082	F	0.063176	0.157578	0.041682	0.0268	0.0281	0.0940	0.0380	0.0616	0.0465	0.0966
000083	R	0.063488	0.120040	0.046729	0.0118	0.0184	0.0780	0.0300	0.0486	0.0375	0.0929
000084	N	0.066771	0.095673	0.053893	0.0259	0.0320	0.0640	0.0200	0.0473	0.0249	0.0905
000085	V	0.073130	0.070105	0.058003	0.0316	0.0631	0.0470	0.0160	0.0475	0.0172	0.0924
000086	E	0.106114	0.049269	0.063753	0.0350	0.0605	0.0370	0.0160	0.0480	0.0261	0.0976
000087	V	0.143407	0.040349	0.069502	0.0350	0.0676	0.0340	0.0150	0.0533	0.0397	0.1004
000088	L	0.176270	0.040453	0.074648	0.0316	0.0364	0.0330	0.0130	0.0529	0.0532	0.1048
000089	I	0.238356	0.042848	0.081188	0.0405	0.0405	0.0390	0.0120	0.0668	0.0735	0.1076
000090	Y	0.269879	0.048803	0.089344	0.0194	0.0389	0.0490	0.0180	0.0710	0.0862	0.1093
000091	V	0.261840	0.071249	0.096955	0.0212	0.0380	0.0630	0.0270	0.0759	0.0813	0.1097
000092	F	0.251331	0.096560	0.102367	0.0363	0.0506	0.1020	0.0470	0.0895	0.0718	0.1122
000093	D	0.238657	0.138784	0.108403	0.0744	0.0985	0.1320	0.0460	0.1137	0.0553	0.1195
000094	V	0.227066	0.196745	0.113649	0.0607	0.0605	0.1600	0.0390	0.1174	0.0665	0.1259
000095	E	0.189493	0.295257	0.118983	0.0567	0.0327	0.1990	0.0740	0.1288	0.0920	0.1372
000096	S	0.150825	0.383977	0.123259	0.0502	0.0506	0.3020	0.1130	0.1563	0.1269	0.1494
000097	R	0.120240	0.474267	0.127820	0.0268	0.0463	0.3720	0.1590	0.1733	0.1696	0.1599
000098	E	0.056374	0.554802	0.130031	0.0405	0.0414	0.3980	0.1640	0.1819	0.2016	0.1771
000099	L	0.024100	0.614253	0.135143	0.0643	0.0398	0.4150	0.1600	0.1929	0.2231	0.1922
000100	E	0.031087	0.602833	0.143628	0.0587	0.0719	0.4030	0.1480	0.1946	0.2133	0.2098
000101	K	0.043348	0.575107	0.151670	0.0514	0.1007	0.3590	0.1380	0.1883	0.1948	0.2260
000102	D	0.057889	0.531415	0.158033	0.0909	0.0888	0.2910	0.1050	0.1767	0.1676	0.2523
000103	M	0.072140	0.440242	0.167157	0.1292	0.1007	0.1920	0.0730	0.1558	0.1246	0.2775
000104	H	0.076118	0.321110	0.174119	0.0744	0.1007	0.1270	0.0470	0.1165	0.0903	0.2935
000105	Y	0.078622	0.232486	0.181402	0.0723	0.1528	0.0840	0.0230	0.1034	0.0672	0.3097
000106	Y	0.079448	0.187588	0.186968	0.0677	0.1399	0.0680	0.0190	0.0905	0.0610	0.3079
000107	Q	0.075225	0.157137	0.190341	0.0677	0.1643	0.0670	0.0190	0.0886	0.0604	0.2951
000108	S	0.067672	0.150110	0.197963	0.0771	0.1731	0.0640	0.0170	0.0887	0.0633	0.2884
000109	C	0.057595	0.171101	0.202375	0.0884	0.1373	0.0640	0.0150	0.0863	0.0640	0.2761
000110	L	0.044534	0.180752	0.207981	0.1602	0.2034	0.0670	0.0220	0.1093	0.0734	0.2645
000111	E	0.029487	0.193469	0.216495	0.1266	0.1229	0.0710	0.0320	0.0906	0.0740	0.2488
000112	A	0.014556	0.227310	0.230000	0.1266	0.0631	0.0720	0.0370	0.0840	0.0904	0.2387
000113	I	0.010451	0.246194	0.241223	0.0723	0.0341	0.0570	0.0240	0.0700	0.1044	0.2262
000114	L	0.007662	0.240585	0.250159	0.0567	0.0248	0.0580	0.0250	0.0647	0.1082	0.2024
000115	Q	0.003162	0.251080	0.256513	0.0350	0.0171	0.0680	0.0380	0.0624	0.1152	0.1831
000116	N	0.003624	0.257958	0.264791	0.0376	0.0263	0.0730	0.0410	0.0665	0.1172	0.1671
000117	S	0.002919	0.240065	0.270694	0.0425	0.0433	0.0760	0.0420	0.0675	0.1129	0.1570
000118	P	0.002892	0.224727	0.279534	0.0387	0.0334	0.0760	0.0410	0.0626	0.1144	0.1468
000119	D	0.002958	0.230302	0.293993	0.0363	0.0356	0.0760	0.0400	0.0635	0.1199	0.1381
000120	A	0.004252	0.227055	0.306392	0.0514	0.0341	0.0730	0.0390	0.0649	0.1221	0.1308
000121	K	0.013686	0.216957	0.318236	0.1041	0.0389	0.0670	0.0330	0.0734	0.1199	0.1263
000122	I	0.022894	0.222771	0.330369	0.0554	0.0364	0.0660	0.0310	0.0673	0.1268	0.1276
000123	F	0.043530	0.236004	0.340458	0.0478	0.0483	0.0680	0.0310	0.0740	0.1288	0.1255
000124	C	0.058938	0.230258	0.349035	0.0813	0.0851	0.0700	0.0290	0.0876	0.1224	0.1202
000125	L	0.063846	0.241186	0.354250	0.1349	0.1449	0.0800	0.0340	0.1109	0.1163	0.1266
000126	V	0.066238	0.254021	0.361555	0.1349	0.1349	0.0880	0.0350	0.1130	0.1194	0.1312
000127	H	0.067056	0.258895	0.364796	0.1380	0.1323	0.1000	0.0330	0.1160	0.1195	0.1319
000128	K	0.067868	0.268619	0.372268	0.1240	0.0799	0.1100	0.0390	0.1084	0.1278	0.1345
000129	M	0.071421	0.292707	0.377604	0.1041	0.0398	0.1140	0.0440	0.1037	0.1390	0.1446
000130	D	0.089412	0.331158	0.375435	0.0607	0.0194	0.1180	0.0490	0.1031	0.1502	0.1490
000131	L	0.148330	0.367793	0.372551	0.0502	0.0227	0.1320	0.0680	0.1202	0.1529	0.1549
000132	V	0.211912	0.402884	0.376521	0.0297	0.0248	0.1310	0.0660	0.1334	0.1635	0.1551
000133	Q	0.283068	0.433654	0.384287	0.0478	0.0405	0.1290	0.0540	0.1557	0.1690	0.1506
000134	E	0.364420	0.443668	0.387803	0.0858	0.0909	0.1470	0.0580	0.1886	0.1620	0.1472
000135	D	0.424033	0.434954	0.392273	0.1292	0.1554	0.1510	0.0440	0.2158	0.1516	0.1463
000136	Q	0.464384	0.435037	0.394911	0.1998	0.2436	0.1390	0.0200	0.2470	0.1405	0.1387
000137	R	0.505783	0.447531	0.398983	0.2700	0.2224	0.1230	0.0210	0.2615	0.1493	0.1370
000138	D	0.552025	0.451942	0.401240	0.2820	0.2224	0.1360	0.0370	0.2741	0.1564	0.1412
000139	L	0.577478	0.450584	0.403552	0.2080	0.2193	0.1640	0.0470	0.2699	0.1647	0.1401
000140	I	0.565290	0.463058	0.406590	0.2122	0.1702	0.1880	0.0560	0.2665	0.1663	0.1311
000141	F	0.547401	0.512724	0.405401	0.1844	0.1583	0.2430	0.0500	0.2743	0.1689	0.1235
000142	K	0.517014	0.545118	0.399752	0.1878	0.2292	0.2930	0.0810	0.2954	0.1518	0.1135
000143	E	0.478272	0.573573	0.389754	0.2531	0.3249	0.3440	0.0850	0.3290	0.1237	0.1059
000144	R	0.464325	0.598350	0.381480	0.2167	0.2292	0.3580	0.0770	0.3111	0.1465	0.1004
000145	E	0.468243	0.598296	0.375302	0.2483	0.2292	0.3270	0.0950	0.3118	0.1424	0.0971
000146	E	0.451532	0.602577	0.369591	0.1602	0.1424	0.3190	0.1000	0.2793	0.1717	0.0934
000147	D	0.432421	0.618017	0.364849	0.1602	0.1206	0.2960	0.1070	0.2712	0.1782	0.0892
000148	L	0.429819	0.616017	0.360477	0.1178	0.0719	0.3000	0.0850	0.2559	0.1940	0.0830
000149	R	0.397979	0.578051	0.352098	0.0991	0.0334	0.2860	0.0790	0.2324	0.1921	0.0742
000150	R	0.353291	0.529993	0.338756	0.1018	0.0568	0.2480	0.0760	0.2149	0.1696	0.0707
000151	L	0.315084	0.464891	0.324412	0.0858	0.0985	0.2070	0.0750	0.1953	0.1445	0.0695
000152	S	0.289224	0.380685	0.308513	0.1266	0.1791	0.1480	0.0660	0.1872	0.1064	0.0694
000153	R	0.262826	0.315425	0.292699	0.1292	0.1162	0.1190	0.0590	0.1572	0.0987	0.0702
000154	P	0.239329	0.282165	0.280532	0.1240	0.0555	0.0900	0.0430	0.1318	0.1033	0.0726
000155	L	0.235412	0.239479	0.269814	0.0813	0.0618	0.0740	0.0340	0.1154	0.0995	0.0745
000156	E	0.211813	0.208382	0.263127	0.0414	0.0618	0.0540	0.0240	0.0962	0.0998	0.0754
000157	C	0.163620	0.174768	0.253240	0.0425	0.0592	0.0460	0.0220	0.0811	0.0898	0.0768
000158	A	0.142567	0.158528	0.245182	0.0455	0.0320	0.0450	0.0210	0.0707	0.0877	0.0812
000159	C	0.120826	0.115475	0.233075	0.0771	0.0334	0.0420	0.0170	0.0648	0.0771	0.0858
000160	F	0.102718	0.098796	0.221350	0.0514	0.0334	0.0410	0.0160	0.0546	0.0738	0.0947
000161	R	0.080081	0.090553	0.215507	0.0336	0.0287	0.0450	0.0200	0.0463	0.0733	0.0982
000162	T	0.057445	0.098079	0.208490	0.0542	0.0258	0.0440	0.0200	0.0465	0.0701	0.1046
000163	S	0.035781	0.109331	0.196931	0.0441	0.0258	0.0420	0.0200	0.0429	0.0689	0.1109
000164	I	0.014117	0.096187	0.184003	0.0274	0.0263	0.0430	0.0200	0.0346	0.0668	0.1172
000165	W	0.005721	0.103249	0.171776	0.0212	0.0141	0.0440	0.0210	0.0314	0.0659	0.1229
000166	D	0.003506	0.131346	0.162560	0.0395	0.0157	0.0430	0.0190	0.0389	0.0654	0.1263
000167	E	0.000104	0.144308	0.156898	0.0200	0.0099	0.0440	0.0180	0.0364	0.0689	0.1252
000168	T	0.000016	0.146150	0.151805	0.0194	0.0153	0.0450	0.0180	0.0376	0.0672	0.1256
000169	L	0.000015	0.146033	0.149319	0.0116	0.0113	0.0420	0.0160	0.0352	0.0680	0.1203
000170	Y	0.000013	0.134357	0.144861	0.0179	0.0115	0.0400	0.0130	0.0339	0.0637	0.1146
000171	K	0.000012	0.107383	0.140325	0.0173	0.0240	0.0360	0.0110	0.0307	0.0564	0.1049
000172	A	0.000068	0.090436	0.138210	0.0090	0.0263	0.0330	0.0100	0.0265	0.0542	0.1014
000173	W	0.000165	0.083299	0.135258	0.0124	0.0171	0.0330	0.0100	0.0243	0.0527	0.0938
000174	S	0.000261	0.080258	0.132699	0.0121	0.0181	0.0320	0.0100	0.0238	0.0514	0.0839
000175	S	0.000368	0.072764	0.130106	0.0118	0.0300	0.0310	0.0090	0.0244	0.0489	0.0741
000176	I	0.000624	0.065632	0.127957	0.0259	0.0341	0.0300	0.0080	0.0261	0.0460	0.0636
000177	V	0.003355	0.067043	0.126297	0.0252	0.0349	0.0320	0.0080	0.0271	0.0449	0.0556
000178	Y	0.006751	0.066191	0.123726	0.0097	0.0258	0.0370	0.0070	0.0242	0.0454	0.0502
000179	Q	0.010012	0.086040	0.123027	0.0109	0.0269	0.0400	0.0070	0.0290	0.0464	0.0464
000180	L	0.016392	0.106569	0.123398	0.0141	0.0269	0.0500	0.0080	0.0357	0.0480	0.0447
000181	I	0.020751	0.122919	0.123510	0.0279	0.0443	0.0630	0.0140	0.0465	0.0467	0.0433
000182	P	0.023966	0.140421	0.122184	0.0118	0.0494	0.0890	0.0340	0.0525	0.0523	0.0418
000183	N	0.027181	0.175599	0.121211	0.0141	0.0300	0.1240	0.0450	0.0618	0.0643	0.0383
000184	V	0.029837	0.213243	0.121915	0.0304	0.0483	0.1410	0.0420	0.0772	0.0706	0.0363
000185	Q	0.070130	0.223815	0.122394	0.0128	0.0518	0.1220	0.0270	0.0801	0.0703	0.0357
000186	Q	0.106558	0.241325	0.123651	0.0090	0.0320	0.1080	0.0230	0.0829	0.0775	0.0355
000187	L	0.160341	0.279320	0.122927	0.0179	0.0320	0.1090	0.0170	0.0998	0.0893	0.0366
000188	E	0.240985	0.274699	0.122177	0.0141	0.0555	0.1030	0.0220	0.1148	0.0960	0.0383
000189	M	0.311550	0.231885	0.123338	0.0131	0.0780	0.1080	0.0260	0.1238	0.1013	0.0400
000190	N	0.379317	0.229432	0.124316	0.0144	0.0799	0.0840	0.0210	0.1312	0.1223	0.0387
000191	L	0.445968	0.211638	0.125837	0.0231	0.1449	0.0680	0.0160	0.1490	0.1385	0.0375
000192	R	0.485608	0.164909	0.127369	0.0502	0.1583	0.0600	0.0170	0.1531	0.1476	0.0373
000193	N	0.552017	0.155799	0.127821	0.0441	0.0835	0.0550	0.0150	0.1483	0.1767	0.0377
000194	F	0.567890	0.155777	0.127912	0.0268	0.0443	0.0560	0.0130	0.1418	0.1880	0.0384
000195	A	0.556652	0.138535	0.127246	0.0252	0.0349	0.0600	0.0110	0.1359	0.1850	0.0379
000196	Q	0.526913	0.127848	0.129480	0.0121	0.0364	0.0590	0.0110	0.1271	0.1760	0.0375
000197	I	0.458289	0.128500	0.130713	0.0069	0.0349	0.0680	0.0160	0.1161	0.1518	0.0381
000198	I	0.396625	0.122258	0.129065	0.0150	0.0518	0.0720	0.0200	0.1096	0.1269	0.0387
000199	E	0.342932	0.124472	0.129613	0.0124	0.0483	0.0690	0.0190	0.0995	0.1095	0.0383
000200	A	0.288074	0.134169	0.130144	0.0144	0.0306	0.0700	0.0200	0.0896	0.0936	0.0384
000201	D	0.287693	0.139459	0.131796	0.0141	0.0174	0.0720	0.0190	0.0885	0.0957	0.0403
000202	E	0.252420	0.129646	0.134643	0.0160	0.0198	0.0780	0.0250	0.0827	0.0838	0.0411
000203	V	0.209238	0.117343	0.136614	0.0086	0.0133	0.0850	0.0340	0.0722	0.0738	0.0407
000204	L	0.200738	0.108582	0.139424	0.0055	0.0120	0.0850	0.0350	0.0686	0.0725	0.0406
000205	L	0.184351	0.089764	0.141368	0.0062	0.0218	0.0820	0.0300	0.0640	0.0665	0.0415
000206	F	0.170738	0.080155	0.143981	0.0081	0.0160	0.0780	0.0220	0.0588	0.0646	0.0455
000207	E	0.161675	0.083272	0.147385	0.0081	0.0163	0.0680	0.0190	0.0561	0.0635	0.0498
000208	R	0.152788	0.078026	0.149895	0.0086	0.0165	0.0640	0.0180	0.0533	0.0623	0.0522
000209	A	0.141216	0.071629	0.153623	0.0200	0.0263	0.0590	0.0170	0.0531	0.0578	0.0539
000210	T	0.104858	0.066250	0.156363	0.0090	0.0263	0.0560	0.0140	0.0438	0.0556	0.0570
000211	F	0.077894	0.061195	0.159004	0.0124	0.0334	0.0590	0.0130	0.0407	0.0532	0.0598
000212	L	0.071383	0.060331	0.162377	0.0116	0.0313	0.0600	0.0150	0.0391	0.0547	0.0615
000213	V	0.070427	0.067973	0.167990	0.0102	0.0306	0.0670	0.0160	0.0410	0.0569	0.0647
000214	I	0.067597	0.077552	0.171730	0.0179	0.0306	0.0830	0.0230	0.0462	0.0572	0.0712
000215	S	0.072659	0.097708	0.173819	0.0376	0.0543	0.0880	0.0220	0.0583	0.0523	0.0760
000216	H	0.069803	0.118641	0.177139	0.0387	0.0909	0.1030	0.0280	0.0702	0.0521	0.0815
000217	Y	0.062466	0.165987	0.180989	0.0660	0.0909	0.1500	0.0580	0.0893	0.0567	0.0816
000218	Q	0.077816	0.243350	0.187566	0.0621	0.0909	0.1710	0.0670	0.1075	0.0731	0.0794
000219	C	0.097795	0.325302	0.195190	0.0327	0.0909	0.2080	0.0670	0.1258	0.1017	0.0799
000220	K	0.114545	0.405202	0.205316	0.0425	0.0646	0.2220	0.0560	0.1415	0.1269	0.0823
000221	E	0.131498	0.467030	0.213368	0.0425	0.0618	0.2290	0.0690	0.1553	0.1461	0.0817
000222	Q	0.131395	0.469914	0.222430	0.0490	0.1298	0.2330	0.0840	0.1688	0.1384	0.0798
000223	R	0.153642	0.450001	0.237693	0.0884	0.1298	0.1950	0.0630	0.1694	0.1241	0.0798
000224	D	0.172944	0.438565	0.248613	0.1380	0.1206	0.1590	0.0400	0.1715	0.1163	0.0779
000225	V	0.226690	0.382938	0.259261	0.1566	0.1852	0.1240	0.0300	0.1793	0.0946	0.0725
000226	H	0.302208	0.338585	0.266641	0.1018	0.1942	0.0870	0.0190	0.1706	0.1057	0.0717
000227	R	0.329694	0.341002	0.268574	0.1041	0.1070	0.0700	0.0200	0.1587	0.1212	0.0675
000228	F	0.306440	0.340611	0.268938	0.1698	0.1731	0.0720	0.0150	0.1769	0.1026	0.0645
000229	E	0.286294	0.328469	0.268635	0.0991	0.1028	0.0640	0.0140	0.1467	0.1143	0.0626
000230	K	0.263217	0.317572	0.266542	0.1635	0.1554	0.0610	0.0130	0.1601	0.0972	0.0587
000231	I	0.245365	0.316440	0.263561	0.1041	0.1028	0.0650	0.0170	0.1390	0.1051	0.0541
000232	S	0.215520	0.297964	0.260088	0.0991	0.0929	0.0580	0.0170	0.1272	0.1012	0.0510
000233	N	0.190369	0.255059	0.256683	0.0542	0.0888	0.0540	0.0150	0.1070	0.0977	0.0487
000234	I	0.133318	0.270816	0.254702	0.0554	0.0506	0.0510	0.0160	0.0936	0.1033	0.0463
000235	I	0.055592	0.278273	0.252807	0.0542	0.0398	0.0520	0.0150	0.0799	0.1102	0.0446
000236	K	0.009339	0.271504	0.248110	0.0526	0.0506	0.0580	0.0150	0.0737	0.1117	0.0440
000237	Q	0.006500	0.282444	0.242757	0.0455	0.0483	0.0620	0.0170	0.0742	0.1140	0.0418
000238	F	0.003108	0.293126	0.236100	0.0350	0.0240	0.0710	0.0190	0.0711	0.1188	0.0413
000239	K	0.002623	0.285266	0.230179	0.0677	0.0506	0.0740	0.0200	0.0801	0.1093	0.0418
000240	L	0.002213	0.275301	0.222203	0.0327	0.0454	0.0840	0.0220	0.0733	0.1085	0.0424
000241	S	0.002178	0.299063	0.214378	0.0336	0.0356	0.0970	0.0230	0.0778	0.1136	0.0440
000242	C	0.002070	0.327622	0.206640	0.0526	0.0662	0.1200	0.0240	0.0948	0.1144	0.0468
000243	S	0.002887	0.355967	0.197454	0.0405	0.0433	0.1400	0.0350	0.0972	0.1251	0.0498
000244	K	0.003648	0.387818	0.188985	0.0414	0.0398	0.1670	0.0290	0.1066	0.1347	0.0529
000245	L	0.004350	0.408287	0.183107	0.0395	0.0734	0.1900	0.0400	0.1192	0.1380	0.0572
000246	A	0.005376	0.413277	0.177070	0.0660	0.1184	0.2030	0.0510	0.1344	0.1329	0.0621
000247	A	0.006945	0.392840	0.170498	0.0643	0.1251	0.2200	0.0540	0.1349	0.1268	0.0672
000248	S	0.007260	0.418571	0.163946	0.0607	0.0605	0.2250	0.0640	0.1287	0.1406	0.0738
000249	F	0.007912	0.429298	0.154339	0.1117	0.1007	0.2410	0.0680	0.1485	0.1359	0.0816
000250	Q	0.011070	0.429747	0.145261	0.0554	0.0835	0.2440	0.0740	0.1373	0.1429	0.0895
000251	S	0.016669	0.456968	0.134243	0.0771	0.0704	0.2440	0.0780	0.1442	0.1495	0.0993
000252	M	0.022085	0.493859	0.123814	0.0587	0.0405	0.2380	0.0770	0.1422	0.1658	0.1128
000253	E	0.027523	0.464603	0.112449	0.0542	0.0704	0.2210	0.0730	0.1396	0.1514	0.1242
000254	V	0.033750	0.432896	0.094234	0.0327	0.0414	0.1870	0.0640	0.1214	0.1438	0.1364
000255	R	0.038823	0.420527	0.081482	0.0363	0.0209	0.1380	0.0440	0.1091	0.1394	0.1526
000256	N	0.044873	0.363687	0.067947	0.0387	0.0364	0.1060	0.0300	0.0982	0.1167	0.1646
000257	S	0.050308	0.295590	0.057109	0.0231	0.0433	0.0910	0.0300	0.0839	0.0931	0.1775
000258	N	0.053853	0.234708	0.049060	0.0297	0.0592	0.0740	0.0250	0.0752	0.0694	0.1914
000259	F	0.054405	0.204556	0.042360	0.0297	0.0631	0.0560	0.0150	0.0680	0.0593	0.2039
000260	A	0.048428	0.160271	0.037664	0.0607	0.0719	0.0490	0.0120	0.0650	0.0417	0.2107
000261	A	0.042534	0.139821	0.032261	0.0567	0.0433	0.0440	0.0100	0.0544	0.0369	0.2144
000262	F	0.036330	0.144857	0.027876	0.0350	0.0364	0.0460	0.0090	0.0497	0.0411	0.2156
000263	I	0.029357	0.131835	0.024505	0.0297	0.0294	0.0490	0.0110	0.0449	0.0381	0.2139
000264	D	0.023436	0.125616	0.022341	0.0212	0.0181	0.0510	0.0130	0.0399	0.0385	0.2121
000265	I	0.016218	0.126982	0.019769	0.0231	0.0223	0.0630	0.0180	0.0420	0.0400	0.2120
000266	F	0.012437	0.119475	0.017909	0.0128	0.0214	0.0880	0.0370	0.0424	0.0425	0.2127
000267	T	0.009421	0.107909	0.019369	0.0094	0.0209	0.1010	0.0330	0.0415	0.0427	0.2116
000268	S	0.007562	0.116389	0.021819	0.0094	0.0248	0.1170	0.0340	0.0459	0.0481	0.2099
000269	N	0.029947	0.133840	0.024011	0.0097	0.0231	0.1360	0.0410	0.0554	0.0539	0.2093
000270	T	0.067483	0.129061	0.025973	0.0274	0.0269	0.1360	0.0320	0.0645	0.0476	0.2077
000271	Y	0.107136	0.150718	0.029503	0.0350	0.0398	0.1540	0.0270	0.0810	0.0537	0.2091
000272	V	0.171819	0.166201	0.037437	0.0252	0.0473	0.1720	0.0220	0.0972	0.0674	0.2148
000273	M	0.281570	0.187030	0.046281	0.0587	0.0799	0.2040	0.0500	0.1351	0.0872	0.2216
000274	V	0.389801	0.220129	0.055448	0.0991	0.1137	0.2460	0.0740	0.1782	0.1130	0.2220
000275	V	0.494491	0.271330	0.062949	0.0744	0.1115	0.2840	0.0800	0.2060	0.1529	0.2235
000276	M	0.594673	0.308267	0.069270	0.1041	0.1115	0.3750	0.1110	0.2490	0.1876	0.2255
000277	S	0.687051	0.361290	0.078819	0.1805	0.1323	0.3800	0.1220	0.2902	0.2050	0.2219
000278	D	0.760012	0.407719	0.091236	0.1205	0.1399	0.3740	0.1350	0.3003	0.2345	0.2242
000279	P	0.824449	0.418955	0.102692	0.0789	0.0851	0.3560	0.1380	0.2939	0.2669	0.2280
000280	S	0.877576	0.435445	0.117302	0.0813	0.0817	0.2970	0.1120	0.2956	0.2834	0.2298
000281	I	0.898110	0.438908	0.134076	0.0490	0.0851	0.2470	0.0930	0.2864	0.2941	0.2352
000282	P	0.862297	0.413813	0.150009	0.0935	0.1206	0.1770	0.0600	0.2778	0.2724	0.2406
000283	S	0.757127	0.373212	0.165084	0.1416	0.1791	0.1490	0.0480	0.2666	0.2234	0.2425
000284	A	0.674675	0.352118	0.180413	0.1532	0.2094	0.1410	0.0420	0.2551	0.1900	0.2442
000285	A	0.580875	0.310355	0.195281	0.2122	0.2849	0.1470	0.0420	0.2558	0.1455	0.2516
000286	T	0.489193	0.273364	0.207749	0.2913	0.2436	0.1540	0.0340	0.2418	0.1108	0.2634
000287	L	0.429002	0.264065	0.224929	0.3399	0.2918	0.1560	0.0450	0.2468	0.0939	0.2747
000288	I	0.396364	0.252932	0.241207	0.2531	0.2988	0.1590	0.0510	0.2267	0.0818	0.2874
000289	N	0.358131	0.253697	0.256468	0.2531	0.2034	0.1740	0.0490	0.2071	0.0714	0.2982
000290	I	0.338818	0.274403	0.273153	0.2385	0.1914	0.2030	0.0540	0.2076	0.0674	0.3070
000291	R	0.331984	0.292619	0.291135	0.1766	0.2002	0.2210	0.0880	0.2037	0.0742	0.3178
000292	N	0.402350	0.294690	0.311648	0.2657	0.2164	0.2360	0.1030	0.2359	0.0797	0.3268
000293	A	0.487231	0.334957	0.333797	0.2483	0.1942	0.2150	0.0920	0.2466	0.1133	0.3353
000294	R	0.588724	0.366862	0.361162	0.1878	0.1942	0.2000	0.0820	0.2562	0.1558	0.3450
000295	K	0.695316	0.387807	0.386679	0.2122	0.2503	0.2090	0.0860	0.2925	0.1804	0.3506
000296	H	0.747004	0.441649	0.415451	0.2483	0.2849	0.2300	0.1030	0.3253	0.1898	0.3544
000297	F	0.772418	0.480044	0.443375	0.2786	0.2817	0.2470	0.1200	0.3433	0.1959	0.3519
000298	E	0.812127	0.504379	0.472182	0.3717	0.3631	0.2480	0.1190	0.3832	0.1938	0.3513
000299	K	0.852340	0.552255	0.485399	0.4556	0.3631	0.3180	0.1510	0.4236	0.1915	0.3519
000300	L	0.885566	0.601938	0.499878	0.4556	0.2680	0.3950	0.1740	0.4344	0.2104	0.3560
000301	E	0.897075	0.608899	0.515277	0.4651	0.3215	0.3930	0.1920	0.4476	0.2049	0.3677
000302	R	0.873352	0.577790	0.530912	0.3885	0.3249	0.4150	0.1940	0.4300	0.2007	0.3797
000303	V	0.814892	0.575813	0.542319	0.3668	0.3087	0.4940	0.1900	0.4268	0.1863	0.3899
000304	D	0.755862	0.575920	0.553524	0.3992	0.3215	0.6420	0.0800	0.4491	0.1718	0.4029
000305	G	0.733531	0.565289	0.565662	0.4420	0.2988	0.6630	0.1090	0.4505	0.1707	0.4188
000306	P	0.685175	0.571964	0.580400	0.4781	0.2783	0.6950	0.0990	0.4514	0.1711	0.4277
000307	K	0.631898	0.604145	0.597271	0.5126	0.2470	0.6200	0.0680	0.4360	0.1674	0.4029
000308	H	0.548038	0.641575	0.610628	0.6474	0.3631	0.6360	0.1010	0.4727	0.1428	0.3744
000309	S	0.471350	0.673824	0.620067	0.6827	0.3249	0.5810	0.1610	0.4556	0.1629	0.3625
000310	L	0.421133	0.734705	0.630382	0.7111	0.2918	0.7080	0.1440	0.4778	0.1977	0.3499
000311	L	0.369277	0.782283	0.638629	0.8158	0.3983	0.7480	0.1540	0.5189	0.2086	0.3389
000312	M	0.200969	0.751066	0.642936	0.8488	0.3529	0.7280	0.1150	0.4803	0.2554	0.3328
000313	R	0.215255	0.792733	0.646039	0.8746	0.3087	0.8060	0.1070	0.4995	0.2766	0.3267