RESNUM	RES	VL-XT	VSL2B	VL3	IUPred-S	IUPred-L	PONDRFIT	FITERROR	MDP	MDPERROR	ANCHOR2
000001	M	0.992114	0.947042	0.883620	0.9553	0.3599	0.9550	0.0280	0.8489	0.2210	0.3630
000002	A	0.934260	0.943037	0.882436	0.8945	0.3910	0.9600	0.0150	0.8342	0.2000	0.3667
000003	A	0.886903	0.941318	0.879810	0.8650	0.3599	0.9620	0.0230	0.8159	0.2068	0.3700
000004	P	0.865744	0.937765	0.877244	0.8311	0.3356	0.9500	0.0250	0.7995	0.2115	0.3727
000005	A	0.843873	0.933046	0.873918	0.7644	0.3182	0.9510	0.0260	0.7808	0.2157	0.3752
000006	P	0.799701	0.926668	0.870472	0.6984	0.2364	0.9560	0.0220	0.7480	0.2440	0.3753
000007	V	0.784171	0.917057	0.867394	0.6334	0.1823	0.9620	0.0140	0.7244	0.2645	0.3771
000008	T	0.761627	0.919511	0.864873	0.5331	0.2364	0.9560	0.0240	0.7120	0.2539	0.3767
000009	R	0.741458	0.908930	0.862380	0.4245	0.2224	0.9490	0.0350	0.6847	0.2696	0.3773
000010	Q	0.728783	0.895520	0.860132	0.4078	0.2715	0.9440	0.0410	0.6846	0.2556	0.3787
000011	V	0.752012	0.891166	0.857471	0.3263	0.2918	0.9460	0.0280	0.6775	0.2671	0.3814
000012	S	0.781027	0.888742	0.855218	0.3885	0.3249	0.9180	0.0360	0.6927	0.2420	0.3822
000013	G	0.807020	0.889506	0.852731	0.4149	0.3807	0.9130	0.0350	0.7096	0.2231	0.3815
000014	A	0.833105	0.884725	0.850491	0.4458	0.4330	0.9100	0.0250	0.7262	0.2043	0.3806
000015	A	0.878095	0.885143	0.847612	0.4458	0.4051	0.9000	0.0250	0.7270	0.2141	0.3790
000016	A	0.900796	0.886599	0.844148	0.5043	0.4409	0.9040	0.0170	0.7468	0.1957	0.3772
000017	L	0.935761	0.879163	0.838719	0.4825	0.4220	0.9000	0.0190	0.7431	0.2084	0.3772
000018	V	0.970743	0.885799	0.831725	0.5412	0.5254	0.8520	0.0450	0.7678	0.1715	0.3837
000019	P	0.998778	0.873856	0.823565	0.5514	0.4220	0.8210	0.0480	0.7485	0.1978	0.3898
000020	A	0.998707	0.875188	0.816471	0.5583	0.3840	0.8200	0.0510	0.7421	0.2070	0.3980
000021	P	0.998576	0.877131	0.810559	0.4703	0.3426	0.7900	0.0610	0.7148	0.2309	0.4056
000022	S	0.998560	0.872967	0.806071	0.5043	0.3840	0.7740	0.0630	0.7234	0.2124	0.4153
000023	G	0.998146	0.870503	0.802193	0.4749	0.3182	0.7530	0.0700	0.7029	0.2337	0.4282
000024	P	0.998113	0.870941	0.797563	0.4420	0.2849	0.7090	0.0740	0.6837	0.2466	0.4239
000025	D	0.998156	0.863872	0.791884	0.4078	0.3321	0.7350	0.0700	0.6882	0.2399	0.4054
000026	S	0.997759	0.856032	0.783313	0.4037	0.2849	0.7580	0.0670	0.6805	0.2520	0.3816
000027	G	0.995773	0.843219	0.772220	0.4513	0.3426	0.7380	0.0600	0.6906	0.2250	0.3569
000028	Q	0.991413	0.823395	0.759293	0.4245	0.3566	0.7570	0.0750	0.6853	0.2234	0.3337
000029	P	0.976862	0.799964	0.745271	0.5173	0.3426	0.7240	0.0790	0.6843	0.2037	0.3143
000030	L	0.962312	0.767567	0.730186	0.4149	0.3356	0.7500	0.0700	0.6602	0.2165	0.2948
000031	A	0.940377	0.728189	0.712809	0.3668	0.3392	0.7370	0.0890	0.6374	0.2152	0.2806
000032	A	0.915570	0.690245	0.693953	0.3578	0.3182	0.7260	0.1110	0.6170	0.2117	0.2652
000033	A	0.874917	0.650808	0.673175	0.3225	0.3215	0.6580	0.1360	0.5834	0.1999	0.2524
000034	V	0.846599	0.635842	0.650980	0.3146	0.3321	0.5620	0.1280	0.5570	0.1863	0.2424
000035	A	0.760767	0.571755	0.628290	0.2913	0.3117	0.4850	0.0850	0.5081	0.1676	0.2362
000036	E	0.671905	0.532490	0.606500	0.2786	0.2258	0.4360	0.1070	0.4586	0.1633	0.2336
000037	L	0.590136	0.475786	0.585328	0.2700	0.2541	0.4130	0.1180	0.4314	0.1346	0.2321
000038	P	0.513979	0.455757	0.563898	0.1844	0.1554	0.3340	0.1390	0.3679	0.1568	0.2331
000039	V	0.429127	0.416950	0.541901	0.1958	0.1501	0.3190	0.1370	0.3421	0.1366	0.2337
000040	L	0.354164	0.364788	0.519894	0.0909	0.1137	0.3060	0.1420	0.2915	0.1492	0.2370
000041	D	0.286515	0.355369	0.497737	0.1349	0.1184	0.2950	0.1450	0.2814	0.1294	0.2391
000042	A	0.234313	0.359670	0.475980	0.1240	0.0749	0.3090	0.1370	0.2630	0.1368	0.2349
000043	R	0.188486	0.360695	0.453763	0.0813	0.0948	0.3070	0.1230	0.2476	0.1374	0.2324
000044	G	0.200727	0.324769	0.432080	0.0455	0.1251	0.2960	0.0940	0.2373	0.1289	0.2281
000045	Q	0.217306	0.303534	0.410696	0.0643	0.1852	0.2560	0.0820	0.2396	0.1063	0.2236
000046	R	0.229211	0.292230	0.390614	0.0858	0.2164	0.1700	0.0550	0.2308	0.0951	0.2186
000047	V	0.245860	0.273414	0.371738	0.0723	0.1759	0.1260	0.0410	0.2109	0.0988	0.2115
000048	P	0.261611	0.260636	0.354578	0.1088	0.1914	0.0890	0.0340	0.2110	0.0926	0.2090
000049	F	0.274566	0.264990	0.338368	0.0701	0.1206	0.0780	0.0350	0.1910	0.1054	0.2012
000050	G	0.283385	0.251234	0.322267	0.0660	0.1229	0.0780	0.0440	0.1874	0.1019	0.1913
000051	A	0.291358	0.227355	0.304888	0.0660	0.1070	0.0720	0.0390	0.1781	0.1002	0.1798
000052	L	0.276779	0.210676	0.286183	0.0336	0.0662	0.0690	0.0350	0.1571	0.1041	0.1716
000053	F	0.250382	0.190478	0.266164	0.0194	0.0817	0.0670	0.0340	0.1459	0.0946	0.1622
000054	R	0.222223	0.168554	0.245217	0.0099	0.0835	0.0630	0.0300	0.1320	0.0860	0.1511
000055	E	0.193525	0.156240	0.224527	0.0087	0.0424	0.0590	0.0260	0.1141	0.0812	0.1430
000056	R	0.164194	0.149217	0.204595	0.0082	0.0248	0.0630	0.0270	0.1023	0.0741	0.1325
000057	R	0.141127	0.132310	0.187567	0.0037	0.0160	0.0660	0.0310	0.0911	0.0676	0.1208
000058	A	0.118261	0.113059	0.173814	0.0035	0.0146	0.0670	0.0340	0.0818	0.0600	0.1062
000059	V	0.103391	0.098368	0.162558	0.0009	0.0090	0.0710	0.0350	0.0741	0.0561	0.0928
000060	V	0.085676	0.073168	0.153442	0.0012	0.0100	0.0680	0.0290	0.0653	0.0507	0.0815
000061	V	0.064352	0.048210	0.145996	0.0006	0.0099	0.0680	0.0260	0.0561	0.0475	0.0709
000062	F	0.054745	0.034445	0.141476	0.0005	0.0120	0.0560	0.0180	0.0499	0.0458	0.0634
000063	V	0.046260	0.024137	0.138661	0.0008	0.0115	0.0460	0.0160	0.0445	0.0452	0.0551
000064	R	0.038229	0.016487	0.137375	0.0026	0.0138	0.0400	0.0160	0.0414	0.0449	0.0494
000065	H	0.030760	0.012655	0.136843	0.0009	0.0146	0.0370	0.0150	0.0388	0.0454	0.0438
000066	F	0.026620	0.010828	0.136470	0.0006	0.0146	0.0340	0.0130	0.0372	0.0457	0.0372
000067	L	0.022562	0.011799	0.135570	0.0006	0.0100	0.0310	0.0110	0.0353	0.0459	0.0327
000068	C	0.010521	0.016270	0.134676	0.0007	0.0090	0.0320	0.0100	0.0338	0.0461	0.0287
000069	Y	0.002416	0.022330	0.134823	0.0005	0.0099	0.0360	0.0100	0.0343	0.0466	0.0270
000070	I	0.002087	0.032296	0.136356	0.0006	0.0092	0.0390	0.0100	0.0366	0.0469	0.0254
000071	C	0.001159	0.044339	0.138767	0.0009	0.0136	0.0420	0.0120	0.0402	0.0475	0.0247
000072	K	0.001110	0.055348	0.141916	0.0008	0.0194	0.0500	0.0170	0.0448	0.0484	0.0256
000073	E	0.001319	0.069852	0.144878	0.0029	0.0356	0.0570	0.0190	0.0520	0.0487	0.0262
000074	Y	0.002523	0.098766	0.148279	0.0055	0.0281	0.0580	0.0180	0.0568	0.0525	0.0273
000075	V	0.004958	0.131414	0.150989	0.0062	0.0181	0.0580	0.0140	0.0616	0.0592	0.0281
000076	E	0.029863	0.156572	0.152781	0.0026	0.0184	0.0740	0.0200	0.0723	0.0621	0.0296
000077	D	0.056689	0.193969	0.152889	0.0026	0.0372	0.1020	0.0300	0.0910	0.0664	0.0315
000078	L	0.099192	0.225292	0.150932	0.0059	0.0506	0.1300	0.0310	0.1103	0.0705	0.0328
000079	A	0.164321	0.232473	0.148632	0.0116	0.0909	0.1380	0.0400	0.1309	0.0679	0.0348
000080	K	0.204994	0.236604	0.146815	0.0150	0.1007	0.1430	0.0440	0.1413	0.0716	0.0367
000081	I	0.258374	0.257962	0.146162	0.0316	0.1731	0.1320	0.0490	0.1665	0.0782	0.0380
000082	P	0.308884	0.251580	0.145746	0.0376	0.1702	0.0850	0.0320	0.1664	0.0924	0.0402
000083	R	0.312626	0.236809	0.144818	0.0350	0.1070	0.0650	0.0160	0.1502	0.0969	0.0412
000084	S	0.311696	0.234478	0.143612	0.0173	0.0662	0.0520	0.0130	0.1376	0.1054	0.0425
000085	F	0.289935	0.220978	0.142848	0.0194	0.0676	0.0470	0.0120	0.1313	0.0975	0.0438
000086	L	0.267327	0.189603	0.142903	0.0245	0.1028	0.0410	0.0110	0.1281	0.0840	0.0456
000087	Q	0.234554	0.173171	0.143210	0.0118	0.1007	0.0410	0.0130	0.1174	0.0761	0.0471
000088	E	0.177848	0.159100	0.144071	0.0116	0.0909	0.0450	0.0160	0.1048	0.0609	0.0492
000089	A	0.139500	0.134362	0.145149	0.0268	0.1424	0.0450	0.0150	0.1056	0.0495	0.0525
000090	N	0.086904	0.112492	0.146594	0.0350	0.1048	0.0440	0.0150	0.0882	0.0390	0.0564
000091	V	0.046691	0.101633	0.147080	0.0376	0.1092	0.0430	0.0150	0.0809	0.0410	0.0621
000092	T	0.083120	0.093943	0.146339	0.0441	0.1791	0.0440	0.0120	0.0984	0.0500	0.0711
000093	L	0.109369	0.094529	0.144320	0.0376	0.0967	0.0460	0.0130	0.0881	0.0366	0.0794
000094	I	0.114849	0.115468	0.141737	0.0395	0.1028	0.0510	0.0130	0.0942	0.0367	0.0911
000095	V	0.110769	0.144930	0.139403	0.0226	0.1229	0.0500	0.0100	0.0985	0.0459	0.1023
000096	I	0.100812	0.177457	0.138099	0.0502	0.1229	0.0560	0.0110	0.1076	0.0448	0.1124
000097	G	0.091836	0.223032	0.137659	0.1178	0.1229	0.0660	0.0150	0.1266	0.0489	0.1244
000098	Q	0.089616	0.240747	0.137849	0.0621	0.1184	0.0830	0.0270	0.1220	0.0585	0.1345
000099	S	0.088793	0.239008	0.138632	0.0395	0.0646	0.0750	0.0170	0.1077	0.0660	0.1468
000100	S	0.078301	0.241132	0.140486	0.0514	0.0817	0.0680	0.0180	0.1102	0.0647	0.1613
000101	Y	0.036937	0.231287	0.143062	0.0308	0.0765	0.0700	0.0230	0.0981	0.0699	0.1744
000102	H	0.009575	0.215672	0.145312	0.0514	0.0690	0.0680	0.0230	0.0932	0.0679	0.1827
000103	H	0.001346	0.233036	0.146559	0.0542	0.0646	0.0860	0.0230	0.0976	0.0743	0.1908
000104	I	0.001346	0.253658	0.147729	0.0567	0.1092	0.1070	0.0240	0.1127	0.0782	0.1990
000105	E	0.001364	0.254311	0.148769	0.1018	0.1823	0.0920	0.0270	0.1300	0.0789	0.2053
000106	P	0.001432	0.260756	0.150719	0.1456	0.1643	0.0750	0.0230	0.1329	0.0801	0.2140
000107	F	0.001492	0.289868	0.153888	0.2292	0.1643	0.0700	0.0180	0.1515	0.0953	0.2284
000108	C	0.002836	0.271734	0.159847	0.1667	0.1137	0.0690	0.0160	0.1306	0.0842	0.2399
000109	K	0.009217	0.242103	0.169208	0.1060	0.1162	0.0670	0.0150	0.1183	0.0737	0.2607
000110	L	0.018224	0.225267	0.178517	0.0744	0.1349	0.0630	0.0150	0.1157	0.0711	0.2831
000111	T	0.026850	0.204837	0.186773	0.0789	0.1449	0.0550	0.0140	0.1162	0.0668	0.3018
000112	G	0.027681	0.166108	0.194719	0.1456	0.2193	0.0550	0.0070	0.1348	0.0703	0.3197
000113	Y	0.028510	0.169205	0.205959	0.1566	0.2258	0.0640	0.0140	0.1417	0.0718	0.3416
000114	S	0.031076	0.199237	0.219058	0.1635	0.1449	0.0840	0.0330	0.1402	0.0650	0.3548
000115	H	0.034639	0.222788	0.231694	0.2483	0.1476	0.1130	0.0520	0.1663	0.0761	0.3684
000116	E	0.043493	0.254239	0.243694	0.1844	0.1373	0.1410	0.0650	0.1673	0.0714	0.3788
000117	I	0.054587	0.286630	0.256465	0.1088	0.1206	0.1550	0.0710	0.1637	0.0822	0.3866
000118	Y	0.053091	0.324934	0.272580	0.1805	0.1323	0.1520	0.0480	0.1858	0.0900	0.3891
000119	V	0.064081	0.369785	0.289008	0.2432	0.1969	0.1560	0.0380	0.2197	0.0972	0.3900
000120	D	0.140819	0.393927	0.305980	0.1844	0.1643	0.1690	0.0390	0.2263	0.0919	0.3838
000121	P	0.215777	0.409566	0.321296	0.2700	0.2436	0.1900	0.0500	0.2750	0.0731	0.3781
000122	E	0.286724	0.407074	0.337699	0.2385	0.2364	0.2030	0.0630	0.2849	0.0694	0.3735
000123	R	0.360980	0.399531	0.354202	0.2333	0.2328	0.2050	0.0600	0.2977	0.0758	0.3682
000124	E	0.437543	0.387425	0.372826	0.3184	0.3321	0.2080	0.0690	0.3427	0.0717	0.3609
000125	I	0.525503	0.400702	0.392860	0.3184	0.3426	0.2130	0.0880	0.3655	0.0945	0.3572
000126	Y	0.610785	0.429151	0.413536	0.3263	0.2503	0.2020	0.0930	0.3720	0.1341	0.3519
000127	K	0.703598	0.462499	0.431170	0.3184	0.2094	0.1860	0.0820	0.3851	0.1754	0.3498
000128	R	0.780879	0.477403	0.444759	0.3225	0.2951	0.1780	0.0800	0.4164	0.1905	0.3518
000129	L	0.795834	0.482143	0.455826	0.3762	0.3740	0.1850	0.0850	0.4449	0.1834	0.3559
000130	G	0.813779	0.490574	0.465887	0.4333	0.4441	0.2040	0.0890	0.4753	0.1785	0.3605
000131	M	0.833244	0.516574	0.474787	0.4245	0.4409	0.2260	0.0910	0.4860	0.1802	0.3659
000132	K	0.847713	0.556252	0.481210	0.4037	0.4087	0.2460	0.0940	0.4907	0.1852	0.3651
000133	R	0.865200	0.606023	0.483675	0.4078	0.4220	0.2660	0.0920	0.5085	0.1888	0.3668
000134	G	0.862480	0.657310	0.483684	0.4037	0.4220	0.2770	0.0810	0.5177	0.1913	0.3703
000135	E	0.839775	0.677777	0.482761	0.4282	0.3215	0.3190	0.0820	0.5115	0.1899	0.3767
000136	E	0.817075	0.717482	0.483074	0.4879	0.4119	0.4050	0.1070	0.5537	0.1570	0.3856
000137	I	0.779366	0.751780	0.483987	0.4879	0.4940	0.5320	0.1350	0.5881	0.1267	0.3938
000138	A	0.745340	0.745260	0.484690	0.4918	0.5098	0.4910	0.1170	0.5779	0.1186	0.3968
000139	S	0.745079	0.756948	0.484074	0.4967	0.4149	0.4620	0.0850	0.5599	0.1376	0.3931
000140	S	0.747561	0.761523	0.481255	0.5583	0.4186	0.4840	0.0820	0.5752	0.1331	0.3916
000141	G	0.734366	0.740247	0.479129	0.4967	0.4149	0.5230	0.1080	0.5646	0.1263	0.3935
000142	Q	0.731535	0.719002	0.479451	0.4600	0.4507	0.5410	0.1170	0.5636	0.1179	0.3960
000143	S	0.746404	0.712033	0.481447	0.4703	0.4476	0.5840	0.1120	0.5736	0.1184	0.4023
000144	P	0.780500	0.699182	0.480912	0.4749	0.3599	0.5650	0.1150	0.5601	0.1423	0.4073
000145	H	0.811459	0.701969	0.475892	0.4749	0.3667	0.5890	0.1380	0.5701	0.1502	0.4130
000146	I	0.842735	0.684430	0.467849	0.4078	0.3566	0.6040	0.1170	0.5606	0.1685	0.4159
000147	K	0.859586	0.688423	0.457299	0.4203	0.2609	0.4900	0.1400	0.5294	0.1937	0.4147
000148	S	0.836119	0.662903	0.444787	0.4967	0.2399	0.4930	0.1000	0.5289	0.1850	0.4186
000149	N	0.809511	0.624620	0.428482	0.4420	0.2752	0.4550	0.0680	0.5059	0.1694	0.4272
000150	L	0.791004	0.578198	0.411684	0.3717	0.2470	0.4270	0.0850	0.4712	0.1729	0.4274
000151	L	0.755758	0.548415	0.395696	0.3806	0.1881	0.3960	0.0780	0.4442	0.1743	0.4167
000152	S	0.708366	0.521311	0.381560	0.3456	0.1914	0.3110	0.0780	0.4099	0.1653	0.4091
000153	G	0.600593	0.472151	0.366069	0.2700	0.1852	0.2800	0.0700	0.3624	0.1387	0.4026
000154	S	0.494991	0.431252	0.348711	0.2657	0.2094	0.2360	0.0720	0.3310	0.1044	0.3966
000155	L	0.404211	0.403832	0.328684	0.2385	0.1229	0.2170	0.0640	0.2858	0.1027	0.3902
000156	Q	0.320756	0.388815	0.307496	0.2748	0.0662	0.1860	0.0560	0.2574	0.1047	0.3855
000157	S	0.250468	0.377254	0.285934	0.2748	0.1206	0.1890	0.0530	0.2497	0.0801	0.3762
000158	L	0.183751	0.325833	0.267237	0.1921	0.0646	0.1860	0.0560	0.2033	0.0807	0.3663
000159	W	0.124746	0.292567	0.252441	0.1998	0.0690	0.2080	0.0590	0.1912	0.0750	0.3573
000160	R	0.065680	0.264675	0.240121	0.1266	0.0646	0.2250	0.0640	0.1644	0.0822	0.3513
000161	A	0.004426	0.224761	0.228599	0.1921	0.1162	0.2430	0.0760	0.1682	0.0842	0.3476
000162	V	0.003887	0.216784	0.216616	0.2558	0.2064	0.2240	0.0670	0.1872	0.0834	0.3455
000163	T	0.004345	0.215299	0.205610	0.2602	0.1852	0.1960	0.0630	0.1778	0.0811	0.3444
000164	G	0.004979	0.215045	0.199944	0.2963	0.1942	0.1970	0.0680	0.1846	0.0877	0.3418
000165	P	0.005929	0.236489	0.198532	0.2602	0.2064	0.2190	0.0630	0.1878	0.0838	0.3383
000166	L	0.014486	0.256429	0.200739	0.3456	0.2918	0.2570	0.0720	0.2277	0.1048	0.3367
000167	F	0.017717	0.291542	0.202092	0.3535	0.2884	0.2800	0.0790	0.2388	0.1082	0.3351
000168	D	0.019368	0.340031	0.204166	0.3578	0.2988	0.3090	0.1080	0.2549	0.1160	0.3395
000169	F	0.022270	0.389430	0.206180	0.4420	0.3019	0.3940	0.1500	0.2927	0.1430	0.3452
000170	Q	0.028134	0.430985	0.206632	0.5084	0.3286	0.3740	0.1530	0.3128	0.1573	0.3556
000171	G	0.033718	0.455353	0.205318	0.4282	0.2503	0.3440	0.1380	0.2862	0.1436	0.3636
000172	D	0.036382	0.457172	0.203269	0.3939	0.2817	0.3040	0.1150	0.2795	0.1355	0.3703
000173	P	0.041161	0.472001	0.200367	0.3806	0.3740	0.2880	0.1100	0.2927	0.1404	0.3756
000174	A	0.062171	0.454904	0.196617	0.3847	0.3704	0.2870	0.1010	0.2927	0.1312	0.3815
000175	Q	0.061901	0.444114	0.191829	0.4203	0.3840	0.2470	0.0740	0.2916	0.1373	0.3903
000176	Q	0.066521	0.447610	0.189573	0.3885	0.3704	0.2220	0.0700	0.2808	0.1324	0.3989
000177	G	0.067847	0.429513	0.190746	0.4703	0.3704	0.2200	0.0660	0.2915	0.1429	0.4068
000178	G	0.065681	0.408072	0.194511	0.5549	0.4831	0.1960	0.0570	0.3170	0.1757	0.4147
000179	T	0.060775	0.380097	0.199573	0.4600	0.3667	0.1620	0.0460	0.2716	0.1402	0.4150
000180	L	0.054933	0.349535	0.205381	0.5549	0.3910	0.1500	0.0590	0.2843	0.1662	0.4116
000181	I	0.052741	0.319597	0.210172	0.4556	0.3872	0.1340	0.0510	0.2599	0.1410	0.4101
000182	L	0.048440	0.299169	0.211981	0.3717	0.3910	0.1230	0.0470	0.2409	0.1257	0.4097
000183	G	0.030601	0.293831	0.211525	0.3717	0.3910	0.1130	0.0360	0.2353	0.1315	0.4124
000184	P	0.024960	0.301726	0.212175	0.3359	0.3704	0.1230	0.0410	0.2281	0.1224	0.4143
000185	G	0.024350	0.283899	0.217014	0.3806	0.4119	0.1350	0.0470	0.2422	0.1349	0.4155
000186	N	0.026772	0.273109	0.226176	0.3668	0.4051	0.1420	0.0460	0.2401	0.1289	0.4162
000187	N	0.037638	0.268337	0.237895	0.3491	0.3149	0.1300	0.0380	0.2230	0.1077	0.4162
000188	I	0.055512	0.266899	0.249643	0.3491	0.3249	0.1240	0.0440	0.2284	0.1053	0.4156
000189	H	0.074595	0.260555	0.260258	0.2602	0.3286	0.1170	0.0430	0.2169	0.0898	0.4128
000190	F	0.091896	0.279754	0.269020	0.2700	0.3249	0.1140	0.0440	0.2249	0.0885	0.4129
000191	I	0.107301	0.319569	0.276937	0.3491	0.4330	0.1220	0.0520	0.2680	0.1181	0.4175
000192	H	0.116874	0.357124	0.283487	0.4245	0.4292	0.1280	0.0590	0.2899	0.1279	0.4166
000193	R	0.124982	0.388506	0.290144	0.5331	0.5296	0.1470	0.0580	0.3355	0.1641	0.4180
000194	D	0.128629	0.440580	0.296677	0.4282	0.5254	0.1860	0.0650	0.3342	0.1429	0.4189
000195	R	0.133755	0.470062	0.302728	0.3992	0.4330	0.2100	0.0870	0.3249	0.1214	0.4203
000196	N	0.134233	0.517516	0.309400	0.3992	0.3529	0.2290	0.1060	0.3237	0.1219	0.4223
000197	R	0.139855	0.533813	0.315890	0.3311	0.3529	0.2110	0.0870	0.3140	0.1233	0.4232
000198	L	0.147401	0.518717	0.321873	0.2483	0.2645	0.1940	0.0620	0.2824	0.1190	0.4249
000199	D	0.165856	0.519621	0.324866	0.3578	0.2884	0.1560	0.0380	0.3021	0.1231	0.4256
000200	H	0.155033	0.492467	0.325425	0.2657	0.2849	0.1450	0.0360	0.2781	0.1164	0.4275
000201	K	0.143024	0.449767	0.325872	0.2865	0.3215	0.1400	0.0490	0.2779	0.1087	0.4301
000202	P	0.134553	0.395093	0.325796	0.3762	0.4149	0.1280	0.0530	0.2958	0.1193	0.4316
000203	I	0.123278	0.347289	0.325318	0.2963	0.4186	0.1300	0.0580	0.2734	0.1103	0.4317
000204	N	0.112296	0.294441	0.324401	0.3096	0.3494	0.0980	0.0420	0.2480	0.1025	0.4321
000205	S	0.099966	0.258711	0.323169	0.3053	0.3529	0.0960	0.0410	0.2393	0.1038	0.4325
000206	V	0.075421	0.229415	0.322076	0.2292	0.2541	0.0900	0.0370	0.2001	0.0886	0.4326
000207	L	0.049766	0.203392	0.319896	0.2385	0.2470	0.0880	0.0310	0.1910	0.0938	0.4318
000208	Q	0.015706	0.181292	0.318379	0.1380	0.2575	0.0880	0.0280	0.1665	0.1010	0.4294
000209	L	0.016653	0.170837	0.317223	0.2041	0.3356	0.0980	0.0310	0.1905	0.1129	0.4270
000210	V	0.020357	0.156573	0.315590	0.2080	0.3599	0.0980	0.0270	0.1931	0.1178	0.4260
000211	G	0.020723	0.154583	0.313896	0.2041	0.3529	0.1030	0.0280	0.1915	0.1151	0.4248
000212	V	0.027562	0.161608	0.313693	0.2209	0.2918	0.1130	0.0370	0.1881	0.0997	0.4220
000213	Q	0.042349	0.191328	0.316232	0.1958	0.1852	0.1320	0.0550	0.1772	0.0818	0.4187
000214	H	0.056988	0.203395	0.320365	0.2292	0.2715	0.1730	0.0900	0.2091	0.0828	0.4138
000215	V	0.062362	0.212591	0.324153	0.1456	0.2002	0.2480	0.1050	0.1987	0.0814	0.4118
000216	N	0.066649	0.253929	0.326440	0.1532	0.1942	0.3740	0.1250	0.2280	0.1036	0.4083
000217	F	0.069452	0.290293	0.325340	0.1380	0.2292	0.6440	0.1400	0.2827	0.1834	0.4035
000218	T	0.066844	0.344352	0.321477	0.2483	0.2849	0.6580	0.1290	0.3206	0.1756	0.4034
000219	N	0.070412	0.404937	0.317205	0.2700	0.2436	0.5980	0.1350	0.3173	0.1608	0.4030
000220	R	0.080369	0.478564	0.314112	0.3992	0.3053	0.5910	0.1110	0.3615	0.1594	0.4011
000221	P	0.084017	0.510666	0.313090	0.5043	0.3566	0.5670	0.1090	0.3893	0.1631	0.3995
000222	S	0.085178	0.525216	0.312822	0.5374	0.3249	0.5480	0.1310	0.3890	0.1674	0.3972
000223	V	0.081408	0.586045	0.313526	0.6474	0.3840	0.6120	0.1140	0.4373	0.2006	0.3950
000224	I	0.114540	0.674915	0.313575	0.6681	0.3356	0.6840	0.0960	0.4652	0.2220	0.3914
000225	H	0.095920	0.710223	0.313443	0.7034	0.2884	0.7770	0.0580	0.4813	0.2591	0.3880
000226	V	0.145636	0.772986	0.312853	0.8036	0.3631	0.8560	0.0420	0.5424	0.2775	0.3856