RESNUM	RES	VL-XT	VSL2B	VL3	IUPred-S	IUPred-L	PONDRFIT	FITERROR	MDP	MDPERROR	ANCHOR2
000001	M	0.035876	0.803855	0.895956	0.9280	0.2918	0.9880	0.0090	0.6572	0.3607	0.4402
000002	N	0.130771	0.798077	0.897317	0.8713	0.2129	0.9840	0.0110	0.6491	0.3427	0.4387
000003	W	0.231757	0.796455	0.899299	0.7951	0.2609	0.9830	0.0150	0.6610	0.3002	0.4376
000004	V	0.380849	0.787894	0.900320	0.7034	0.3087	0.9820	0.0180	0.6771	0.2513	0.4380
000005	G	0.230973	0.783694	0.900891	0.6789	0.3392	0.9780	0.0260	0.6520	0.2774	0.4391
000006	G	0.280950	0.772277	0.901430	0.6474	0.3774	0.9860	0.0170	0.6610	0.2586	0.4390
000007	S	0.352114	0.759691	0.902381	0.5900	0.4087	0.9880	0.0180	0.6667	0.2376	0.4384
000008	R	0.412446	0.734687	0.904316	0.5549	0.4369	0.9840	0.0230	0.6713	0.2205	0.4375
000009	S	0.453949	0.711245	0.907545	0.5229	0.4619	0.9470	0.0680	0.6674	0.2026	0.4366
000010	R	0.491107	0.731568	0.910945	0.4879	0.4831	0.9000	0.1240	0.6674	0.1892	0.4358
000011	V	0.570368	0.740608	0.913748	0.4556	0.4979	0.9560	0.0570	0.6890	0.1956	0.4349
000012	L	0.665180	0.739487	0.915919	0.4918	0.4476	0.9300	0.0900	0.6983	0.1867	0.4342
000013	I	0.767785	0.772630	0.917320	0.4651	0.3426	0.9390	0.0670	0.7008	0.2226	0.4338
000014	K	0.840523	0.782637	0.918000	0.4967	0.4476	0.9230	0.0640	0.7347	0.1921	0.4334
000015	Q	0.897651	0.789761	0.916993	0.4600	0.5098	0.8920	0.0850	0.7444	0.1884	0.4319
000016	E	0.923043	0.782196	0.914109	0.4333	0.5176	0.8620	0.1170	0.7386	0.1932	0.4297
000017	R	0.947765	0.773676	0.909920	0.4379	0.5296	0.8500	0.1380	0.7415	0.1919	0.4287
000018	R	0.974348	0.776222	0.906460	0.4458	0.4652	0.8340	0.1540	0.7336	0.2060	0.4273
000019	K	0.998119	0.778960	0.904878	0.4513	0.4582	0.8000	0.1820	0.7318	0.2087	0.4258
000020	Q	0.996776	0.785433	0.904313	0.3806	0.4582	0.7520	0.1780	0.7129	0.2234	0.4245
000021	K	0.996468	0.787400	0.901769	0.3806	0.4541	0.7000	0.1590	0.7034	0.2231	0.4236
000022	E	0.996036	0.779935	0.896320	0.4282	0.4864	0.6420	0.1400	0.7048	0.2063	0.4225
000023	Y	0.991709	0.767984	0.887261	0.4879	0.5577	0.6420	0.1260	0.7224	0.1781	0.4261
000024	F	0.970654	0.744970	0.874806	0.5126	0.6576	0.5920	0.1400	0.7254	0.1584	0.4311
000025	E	0.909106	0.722116	0.859080	0.5084	0.5620	0.5520	0.1300	0.6854	0.1560	0.4325
000026	K	0.804228	0.718294	0.839254	0.5043	0.5533	0.5690	0.1740	0.6648	0.1291	0.4228
000027	H	0.700611	0.706211	0.817290	0.4333	0.4940	0.5800	0.1750	0.6219	0.1324	0.4143
000028	R	0.590720	0.696774	0.796017	0.4245	0.4220	0.6330	0.1780	0.5938	0.1361	0.4084
000029	L	0.500573	0.695006	0.780262	0.3578	0.4119	0.6500	0.2120	0.5659	0.1532	0.4006
000030	K	0.460315	0.705306	0.768702	0.2748	0.4330	0.6420	0.2230	0.5474	0.1722	0.3942
000031	S	0.457120	0.700327	0.758428	0.2602	0.3740	0.6510	0.2120	0.5335	0.1818	0.3885
000032	K	0.461396	0.708542	0.747028	0.2748	0.3740	0.6340	0.1850	0.5333	0.1751	0.3845
000033	M	0.482144	0.686588	0.735093	0.2209	0.3840	0.6620	0.1660	0.5284	0.1840	0.3820
000034	K	0.543612	0.650882	0.723296	0.3005	0.4619	0.6240	0.1700	0.5507	0.1389	0.3855
000035	S	0.645519	0.628346	0.709984	0.3939	0.5382	0.5630	0.1910	0.5798	0.1002	0.3884
000036	L	0.733646	0.604516	0.696160	0.4078	0.4801	0.5440	0.1810	0.5777	0.1145	0.3900
000037	G	0.803114	0.575858	0.681166	0.3630	0.4725	0.5220	0.1790	0.5696	0.1422	0.3948
000038	V	0.821828	0.556142	0.665630	0.2820	0.4017	0.4990	0.1640	0.5377	0.1746	0.3981
000039	L	0.799023	0.546625	0.647283	0.2748	0.3983	0.4840	0.1670	0.5250	0.1687	0.3999
000040	S	0.719189	0.531087	0.625658	0.2700	0.3910	0.4340	0.1860	0.4952	0.1493	0.4046
000041	P	0.627199	0.513548	0.602116	0.2558	0.3249	0.4400	0.1970	0.4607	0.1362	0.4078
000042	V	0.528287	0.501843	0.578934	0.1805	0.3356	0.4580	0.2350	0.4306	0.1348	0.4085
000043	K	0.433800	0.481354	0.557574	0.1178	0.2715	0.4270	0.2190	0.3815	0.1457	0.4115
000044	N	0.338881	0.456972	0.538889	0.1416	0.2164	0.4120	0.2080	0.3509	0.1369	0.4145
000045	S	0.267936	0.434578	0.522025	0.0909	0.1942	0.4480	0.1990	0.3263	0.1534	0.4132
000046	A	0.223175	0.400036	0.505685	0.0554	0.1528	0.4250	0.1700	0.2936	0.1607	0.4099
000047	V	0.210543	0.365020	0.489687	0.0858	0.2129	0.3530	0.1480	0.2862	0.1313	0.4079
000048	S	0.163781	0.337845	0.473156	0.0567	0.2224	0.2910	0.0940	0.2575	0.1319	0.4064
000049	L	0.136666	0.308549	0.456798	0.0884	0.2002	0.2450	0.0830	0.2392	0.1204	0.4071
000050	D	0.118126	0.273146	0.440181	0.1380	0.2609	0.1980	0.0740	0.2381	0.1069	0.4080
000051	I	0.106436	0.251318	0.426070	0.0832	0.1731	0.1700	0.0690	0.2016	0.1138	0.4086
000052	L	0.089981	0.205609	0.416838	0.0701	0.1554	0.1490	0.0670	0.1811	0.1144	0.4090
000053	N	0.077214	0.204270	0.411770	0.0771	0.2034	0.1320	0.0640	0.1843	0.1141	0.4100
000054	L	0.053306	0.232429	0.410930	0.0789	0.2002	0.1360	0.0700	0.1852	0.1187	0.4083
000055	Y	0.027930	0.283345	0.413924	0.0813	0.1349	0.1570	0.0840	0.1830	0.1296	0.4055
000056	M	0.002563	0.277645	0.421523	0.0884	0.1528	0.1890	0.0980	0.1886	0.1342	0.4061
000057	V	0.002618	0.282506	0.433934	0.0660	0.1731	0.2230	0.1180	0.1969	0.1412	0.4104
000058	N	0.006518	0.324381	0.447963	0.1178	0.2193	0.2510	0.1220	0.2278	0.1411	0.4146
000059	Q	0.015376	0.332825	0.460742	0.1117	0.1731	0.3020	0.1470	0.2327	0.1485	0.4190
000060	I	0.024638	0.370814	0.468921	0.1635	0.2364	0.3870	0.1960	0.2752	0.1505	0.4226
000061	S	0.033660	0.380205	0.474969	0.1178	0.2364	0.3400	0.1680	0.2639	0.1522	0.4253
000062	C	0.097139	0.408583	0.481771	0.1844	0.3286	0.3060	0.1780	0.3011	0.1292	0.4285
000063	K	0.159621	0.444053	0.490225	0.2657	0.3910	0.2800	0.1710	0.3384	0.1138	0.4310
000064	K	0.228077	0.480215	0.499460	0.2820	0.3872	0.3360	0.1640	0.3688	0.0985	0.4332
000065	K	0.296523	0.510400	0.509459	0.3491	0.3948	0.4010	0.1700	0.4101	0.0784	0.4318
000066	I	0.404196	0.547235	0.521952	0.4245	0.4831	0.4440	0.1750	0.4708	0.0515	0.4291
000067	P	0.509673	0.552467	0.536501	0.3847	0.4831	0.4120	0.1820	0.4797	0.0620	0.4265
000068	E	0.609493	0.562520	0.552215	0.4458	0.5493	0.4430	0.1750	0.5271	0.0617	0.4263
000069	T	0.710723	0.574358	0.567460	0.4245	0.5493	0.4750	0.1630	0.5503	0.0895	0.4277
000070	V	0.811849	0.585814	0.582648	0.4203	0.5456	0.4710	0.1680	0.5695	0.1236	0.4300
000071	R	0.852652	0.586394	0.599115	0.5253	0.5456	0.4310	0.1850	0.5900	0.1295	0.4309
000072	K	0.866424	0.605291	0.616473	0.5229	0.5533	0.4180	0.1700	0.5970	0.1369	0.4320
000073	P	0.903339	0.608589	0.633851	0.5126	0.6427	0.4000	0.1800	0.6169	0.1532	0.4329
000074	T	0.945632	0.601295	0.649327	0.5126	0.6712	0.4110	0.1920	0.6319	0.1654	0.4323
000075	H	0.946088	0.594068	0.662937	0.4879	0.5807	0.4120	0.1890	0.6139	0.1689	0.4299
000076	V	0.945321	0.585164	0.675275	0.4967	0.5854	0.4190	0.1640	0.6178	0.1668	0.4277
000077	N	0.944835	0.598096	0.687786	0.5229	0.6851	0.3760	0.1470	0.6358	0.1743	0.4266
000078	M	0.926127	0.627469	0.699423	0.5084	0.6661	0.4160	0.1650	0.6406	0.1600	0.4251
000079	N	0.855370	0.638146	0.711032	0.5173	0.6755	0.4120	0.1680	0.6348	0.1413	0.4248
000080	R	0.776186	0.665342	0.721074	0.5173	0.5901	0.4280	0.1590	0.6164	0.1189	0.4260
000081	D	0.726182	0.671306	0.732865	0.5802	0.6661	0.4010	0.1590	0.6296	0.1138	0.4273
000082	I	0.668084	0.696860	0.743704	0.5229	0.5707	0.4000	0.1590	0.6004	0.1166	0.4297
000083	K	0.629037	0.701875	0.752868	0.5173	0.5665	0.3510	0.1370	0.5864	0.1314	0.4321
000084	M	0.577745	0.701037	0.759907	0.4379	0.5176	0.4600	0.1960	0.5757	0.1193	0.4343
000085	P	0.494925	0.709628	0.765581	0.4333	0.5139	0.4600	0.2040	0.5629	0.1272	0.4382
000086	L	0.407225	0.732707	0.772037	0.4203	0.5342	0.4620	0.1900	0.5547	0.1460	0.4442
000087	R	0.325788	0.740149	0.777157	0.4879	0.6089	0.4060	0.1330	0.5577	0.1662	0.4505
000088	K	0.297284	0.751685	0.781604	0.5043	0.4831	0.4160	0.1180	0.5390	0.1741	0.4567
000089	H	0.292711	0.763862	0.785031	0.5253	0.4541	0.4120	0.1270	0.5388	0.1804	0.4604
000090	N	0.276979	0.775676	0.788048	0.4116	0.4685	0.4040	0.1270	0.5207	0.1933	0.4659
000091	L	0.233386	0.790246	0.789390	0.3456	0.4582	0.3830	0.1150	0.5000	0.2154	0.4705
000092	E	0.163255	0.789797	0.788505	0.3762	0.4541	0.3340	0.1160	0.4843	0.2324	0.4720
000093	L	0.107983	0.789205	0.785836	0.4458	0.4652	0.3340	0.1070	0.4880	0.2415	0.4725
000094	T	0.083457	0.777988	0.783383	0.4379	0.3667	0.3760	0.1240	0.4710	0.2459	0.4704
000095	M	0.067808	0.758039	0.781917	0.3939	0.3286	0.4060	0.1410	0.4561	0.2486	0.4674
000096	S	0.106943	0.758985	0.780958	0.2657	0.3117	0.3770	0.1480	0.4335	0.2515	0.4655
000097	P	0.145859	0.757901	0.779832	0.2602	0.3774	0.3460	0.1430	0.4445	0.2409	0.4613
000098	H	0.184548	0.738409	0.777707	0.2558	0.3704	0.3180	0.1370	0.4408	0.2317	0.4593
000099	C	0.186644	0.737390	0.774942	0.2657	0.3740	0.3070	0.1300	0.4410	0.2299	0.4552
000100	V	0.203542	0.740220	0.772414	0.2657	0.3631	0.2810	0.1270	0.4376	0.2303	0.4568
000101	P	0.207291	0.751602	0.771191	0.2700	0.3667	0.2500	0.1140	0.4362	0.2349	0.4538
000102	S	0.210300	0.753297	0.770137	0.3146	0.3774	0.2680	0.1260	0.4489	0.2269	0.4497
000103	K	0.217412	0.750609	0.769036	0.3146	0.3840	0.2840	0.1210	0.4533	0.2223	0.4495
000104	L	0.214260	0.743376	0.767374	0.3263	0.3494	0.3420	0.1220	0.4571	0.2157	0.4473
000105	C	0.171359	0.709426	0.766692	0.3311	0.3599	0.3260	0.1300	0.4441	0.2170	0.4396
000106	L	0.151363	0.730046	0.765052	0.2333	0.3910	0.3590	0.1410	0.4383	0.2327	0.4351
000107	D	0.121919	0.752901	0.762487	0.2432	0.3356	0.3380	0.1390	0.4257	0.2456	0.4284
000108	D	0.174497	0.745457	0.759587	0.2255	0.3087	0.3720	0.1550	0.4309	0.2357	0.4247
000109	T	0.215245	0.741430	0.757777	0.1766	0.2988	0.3800	0.1600	0.4283	0.2361	0.4222
000110	E	0.251219	0.750639	0.757458	0.2913	0.3910	0.3620	0.1500	0.4673	0.2078	0.4219
000111	T	0.299262	0.751177	0.758146	0.3456	0.4476	0.3950	0.1360	0.4995	0.1860	0.4205
000112	N	0.371074	0.723515	0.758874	0.3146	0.4292	0.4300	0.1230	0.5046	0.1721	0.4220
000113	V	0.451502	0.757880	0.758955	0.3184	0.3740	0.4880	0.0990	0.5248	0.1738	0.4234
000114	N	0.529423	0.762858	0.757303	0.3311	0.3704	0.4930	0.1010	0.5407	0.1691	0.4258
000115	C	0.585091	0.736852	0.753609	0.3263	0.4541	0.4910	0.0860	0.5579	0.1527	0.4283
000116	Q	0.641462	0.731869	0.748420	0.4420	0.5055	0.4420	0.0750	0.5853	0.1282	0.4314
000117	R	0.643666	0.747138	0.743055	0.5296	0.5854	0.5410	0.0850	0.6316	0.0882	0.4336
000118	L	0.651539	0.753235	0.739047	0.4749	0.5758	0.6430	0.0870	0.6395	0.0950	0.4324
000119	S	0.688593	0.766043	0.736018	0.4749	0.5807	0.6250	0.1040	0.6452	0.0986	0.4323
000120	S	0.723137	0.770670	0.733529	0.4825	0.5807	0.5920	0.1090	0.6472	0.1025	0.4327
000121	K	0.724316	0.784692	0.731016	0.4879	0.5493	0.6140	0.0790	0.6485	0.1064	0.4332
000122	E	0.742085	0.794671	0.729137	0.4967	0.5577	0.6340	0.1190	0.6591	0.1060	0.4327
000123	D	0.757531	0.799812	0.727642	0.4749	0.5419	0.6850	0.1450	0.6645	0.1172	0.4310
000124	L	0.769833	0.803801	0.727010	0.5331	0.5139	0.7270	0.1390	0.6791	0.1133	0.4292
000125	G	0.780660	0.803192	0.726131	0.5331	0.4940	0.6510	0.1540	0.6646	0.1177	0.4283
000126	P	0.813938	0.799897	0.724603	0.5711	0.5854	0.5820	0.1360	0.6795	0.1038	0.4283
000127	V	0.842405	0.794994	0.721016	0.5583	0.5017	0.6300	0.1130	0.6748	0.1226	0.4280
000128	Q	0.836988	0.793230	0.715307	0.5296	0.4979	0.5780	0.1130	0.6586	0.1304	0.4275
000129	S	0.807491	0.787440	0.707579	0.5331	0.5992	0.6030	0.1160	0.6729	0.1019	0.4267
000130	Q	0.750739	0.787522	0.700459	0.5229	0.6136	0.5800	0.1430	0.6592	0.0944	0.4252
000131	G	0.676902	0.795595	0.693502	0.5412	0.5055	0.5450	0.1110	0.6262	0.1035	0.4247
000132	M	0.621802	0.792162	0.687311	0.5623	0.4979	0.5380	0.0750	0.6165	0.0992	0.4241
000133	D	0.551517	0.786431	0.680659	0.4703	0.4901	0.4950	0.0910	0.5790	0.1161	0.4236
000134	S	0.465641	0.783665	0.672881	0.4556	0.4149	0.4840	0.0840	0.5460	0.1344	0.4229
000135	Y	0.379497	0.768671	0.663197	0.5126	0.4831	0.4650	0.0850	0.5454	0.1308	0.4227
000136	S	0.283250	0.758403	0.652555	0.4556	0.4979	0.4450	0.0740	0.5154	0.1531	0.4238
000137	M	0.211583	0.755997	0.643061	0.4333	0.3704	0.4410	0.0570	0.4759	0.1781	0.4250
000138	L	0.155328	0.738640	0.634734	0.4918	0.4186	0.4630	0.0880	0.4836	0.1827	0.4293
000139	H	0.133610	0.729764	0.624649	0.4203	0.3182	0.4490	0.0840	0.4459	0.1945	0.4334
000140	P	0.108226	0.712725	0.615294	0.4149	0.3215	0.4360	0.0510	0.4347	0.1957	0.4368
000141	Q	0.063277	0.711151	0.605611	0.3184	0.3392	0.4880	0.0600	0.4209	0.2113	0.4377
000142	F	0.036368	0.725938	0.599183	0.3096	0.3356	0.5150	0.0720	0.4202	0.2240	0.4371
000143	S	0.025521	0.722375	0.593786	0.3535	0.3494	0.4800	0.0680	0.4208	0.2199	0.4362
000144	K	0.020767	0.730284	0.591558	0.3359	0.2575	0.4800	0.0610	0.4026	0.2311	0.4359
000145	I	0.029137	0.721978	0.590182	0.3359	0.2609	0.4650	0.0700	0.4005	0.2255	0.4359
000146	E	0.052257	0.733890	0.588674	0.3263	0.2884	0.4120	0.0730	0.4002	0.2183	0.4354
000147	N	0.069801	0.730332	0.584820	0.3225	0.3019	0.4370	0.0740	0.4078	0.2117	0.4350
000148	C	0.084987	0.735299	0.578582	0.2820	0.2645	0.4340	0.0710	0.3965	0.2148	0.4344
000149	S	0.138218	0.735619	0.569422	0.3456	0.3494	0.4370	0.0540	0.4291	0.1878	0.4349
000150	F	0.177835	0.717249	0.560602	0.2786	0.3392	0.4760	0.0670	0.4249	0.1809	0.4357
000151	T	0.214633	0.697764	0.552380	0.2748	0.3249	0.4230	0.0550	0.4146	0.1667	0.4365
000152	P	0.263639	0.686197	0.545568	0.2531	0.3182	0.4020	0.0680	0.4114	0.1577	0.4377
000153	S	0.256242	0.663709	0.537988	0.3359	0.4149	0.4250	0.0490	0.4389	0.1324	0.4386
000154	S	0.248019	0.682378	0.529867	0.3456	0.3599	0.4790	0.0640	0.4408	0.1417	0.4405
000155	F	0.228247	0.703843	0.521958	0.3535	0.3566	0.5170	0.0710	0.4469	0.1534	0.4428
000156	S	0.209264	0.710828	0.515270	0.3491	0.4256	0.4620	0.0550	0.4454	0.1533	0.4440
000157	V	0.194103	0.714053	0.509667	0.3311	0.3566	0.4660	0.0570	0.4286	0.1629	0.4445
000158	E	0.144341	0.721949	0.504149	0.3263	0.3566	0.4100	0.0500	0.4106	0.1764	0.4457
000159	L	0.107639	0.711656	0.498283	0.3359	0.3631	0.4170	0.0440	0.4056	0.1816	0.4457
000160	P	0.071708	0.699226	0.493378	0.3399	0.3667	0.4210	0.0510	0.3986	0.1876	0.4428
000161	S	0.023467	0.685611	0.488735	0.3535	0.4541	0.4590	0.0530	0.4108	0.1996	0.4399
000162	N	0.031891	0.670954	0.485606	0.3578	0.4582	0.4660	0.0630	0.4118	0.1936	0.4393
000163	R	0.038103	0.659902	0.483147	0.3263	0.3704	0.4440	0.0760	0.3869	0.1882	0.4386
000164	H	0.052715	0.644321	0.482572	0.3311	0.3529	0.4290	0.0850	0.3821	0.1794	0.4388
000165	I	0.072450	0.634793	0.483191	0.2786	0.3840	0.4030	0.0710	0.3760	0.1736	0.4394
000166	S	0.102953	0.641855	0.485294	0.3399	0.4725	0.3420	0.0700	0.3974	0.1664	0.4388
000167	K	0.107856	0.641608	0.487861	0.3717	0.5017	0.3460	0.0630	0.4095	0.1658	0.4387
000168	L	0.111427	0.635471	0.489852	0.4282	0.5665	0.3560	0.0540	0.4312	0.1690	0.4394
000169	N	0.112163	0.643604	0.491764	0.4458	0.5533	0.3510	0.0610	0.4329	0.1694	0.4386
000170	F	0.111570	0.633840	0.496908	0.5331	0.5493	0.3780	0.0650	0.4505	0.1695	0.4379
000171	T	0.100849	0.623165	0.503210	0.5084	0.4979	0.3410	0.0610	0.4291	0.1681	0.4373
000172	S	0.093148	0.629940	0.510097	0.4556	0.4292	0.3680	0.0640	0.4144	0.1648	0.4374
000173	G	0.073988	0.650991	0.513030	0.4333	0.4292	0.4080	0.0590	0.4181	0.1742	0.4380
000174	I	0.053425	0.634027	0.514045	0.3630	0.4186	0.4320	0.0530	0.4025	0.1782	0.4383
000175	A	0.019809	0.635006	0.512521	0.3630	0.4119	0.4250	0.0620	0.3946	0.1890	0.4383
000176	P	0.010611	0.657840	0.511513	0.4282	0.4864	0.3710	0.0870	0.4109	0.1996	0.4376
000177	T	0.060082	0.669475	0.512791	0.4333	0.4979	0.3880	0.0920	0.4268	0.1859	0.4373
000178	P	0.126650	0.676504	0.517620	0.4420	0.5098	0.3800	0.0940	0.4422	0.1676	0.4372
000179	Q	0.182126	0.687613	0.524595	0.5084	0.5901	0.4280	0.1000	0.4868	0.1577	0.4366
000180	K	0.222494	0.692780	0.533129	0.5084	0.5807	0.4360	0.1020	0.4956	0.1448	0.4370
000181	L	0.278782	0.706305	0.540361	0.5846	0.6948	0.4850	0.1240	0.5484	0.1440	0.4378
000182	A	0.298276	0.721255	0.546632	0.6035	0.6948	0.4750	0.1370	0.5566	0.1426	0.4365
000183	Y	0.312749	0.735504	0.551701	0.6079	0.6322	0.5050	0.1600	0.5575	0.1307	0.4331
000184	E	0.355730	0.750779	0.556459	0.5900	0.6482	0.4560	0.1600	0.5596	0.1275	0.4284
000185	K	0.391158	0.759247	0.560319	0.5941	0.5951	0.4570	0.1670	0.5594	0.1164	0.4237
000186	K	0.357954	0.762888	0.561601	0.6255	0.6136	0.4200	0.1400	0.5569	0.1347	0.4205
000187	Q	0.319774	0.765899	0.561060	0.5331	0.5854	0.4300	0.1260	0.5325	0.1378	0.4185
000188	N	0.314058	0.765725	0.559684	0.5374	0.5807	0.4580	0.1240	0.5359	0.1358	0.4159
000189	D	0.303263	0.768762	0.559837	0.5126	0.4831	0.4400	0.1040	0.5112	0.1401	0.4137
000190	Q	0.300007	0.777184	0.562221	0.5008	0.4119	0.4320	0.0970	0.4974	0.1489	0.4137
000191	R	0.313498	0.780748	0.564760	0.4513	0.4087	0.4040	0.0790	0.4871	0.1510	0.4151
000192	S	0.331954	0.778239	0.566159	0.4600	0.4652	0.3440	0.0810	0.4910	0.1509	0.4155
000193	T	0.305277	0.771726	0.565795	0.4781	0.4220	0.3340	0.0900	0.4794	0.1569	0.4179
000194	V	0.286121	0.754232	0.564894	0.5374	0.5055	0.3670	0.1220	0.5025	0.1493	0.4231
000195	N	0.298320	0.749968	0.564029	0.4781	0.4901	0.3820	0.1300	0.4938	0.1423	0.4276
000196	C	0.279524	0.768894	0.563582	0.4781	0.4864	0.3900	0.1060	0.4945	0.1514	0.4317
000197	S	0.230314	0.758321	0.563843	0.4749	0.5017	0.3810	0.1010	0.4850	0.1618	0.4355
000198	D	0.201472	0.754008	0.563535	0.4600	0.4979	0.3860	0.0890	0.4771	0.1679	0.4386
000199	S	0.149486	0.777979	0.563708	0.4703	0.4409	0.4550	0.0770	0.4762	0.1858	0.4411
000200	L	0.118028	0.778494	0.564080	0.4556	0.3426	0.5010	0.0750	0.4600	0.2020	0.4435
000201	L	0.086208	0.792545	0.564726	0.3992	0.3286	0.5080	0.0650	0.4466	0.2174	0.4443
000202	S	0.070393	0.797684	0.564810	0.3096	0.3529	0.4970	0.0530	0.4321	0.2264	0.4426
000203	K	0.056064	0.802565	0.565113	0.3096	0.3529	0.5160	0.0570	0.4336	0.2326	0.4419
000204	L	0.022753	0.813435	0.566828	0.3578	0.3599	0.5070	0.0700	0.4380	0.2406	0.4415
000205	N	0.020896	0.818631	0.569274	0.4037	0.4017	0.5110	0.0660	0.4542	0.2389	0.4411
000206	K	0.020431	0.820617	0.571530	0.3885	0.3948	0.5290	0.0750	0.4542	0.2414	0.4411
000207	S	0.020510	0.820241	0.571941	0.4556	0.4940	0.5250	0.0870	0.4812	0.2374	0.4397
000208	Q	0.020639	0.810510	0.568738	0.4513	0.5055	0.5190	0.0960	0.4793	0.2349	0.4388
000209	D	0.019776	0.797714	0.562371	0.4458	0.4017	0.5690	0.1050	0.4661	0.2358	0.4378
000210	V	0.018617	0.787611	0.554200	0.4556	0.4087	0.6000	0.1350	0.4707	0.2354	0.4368
000211	F	0.019684	0.771446	0.544969	0.4078	0.4685	0.5820	0.1520	0.4658	0.2294	0.4358
000212	S	0.024763	0.754517	0.533451	0.4600	0.4652	0.5000	0.1420	0.4563	0.2172	0.4342
000213	P	0.031585	0.736212	0.520706	0.4600	0.3807	0.4590	0.1170	0.4314	0.2101	0.4329
000214	S	0.029193	0.724853	0.508211	0.3885	0.3983	0.4850	0.1070	0.4224	0.2078	0.4318
000215	H	0.036817	0.703271	0.498579	0.3630	0.4619	0.4800	0.1020	0.4239	0.2007	0.4304
000216	K	0.037191	0.686832	0.492726	0.3578	0.3872	0.4230	0.1130	0.3974	0.1936	0.4295
000217	T	0.037615	0.676015	0.490229	0.3717	0.4017	0.3890	0.1150	0.3943	0.1899	0.4281
000218	T	0.039818	0.650987	0.487564	0.3096	0.4017	0.3670	0.1170	0.3760	0.1854	0.4260
000219	R	0.046912	0.630048	0.483019	0.3005	0.3321	0.3460	0.1150	0.3565	0.1782	0.4229
000220	F	0.050345	0.617562	0.476802	0.3053	0.3249	0.3520	0.1200	0.3544	0.1732	0.4199
000221	G	0.046414	0.596832	0.470786	0.2865	0.3807	0.3060	0.1000	0.3478	0.1706	0.4192
000222	T	0.041425	0.573317	0.465579	0.3717	0.4766	0.2920	0.0820	0.3702	0.1712	0.4182
000223	L	0.039829	0.554846	0.459715	0.3762	0.4901	0.2910	0.0780	0.3686	0.1693	0.4154
000224	F	0.035111	0.516163	0.451833	0.3311	0.3948	0.2910	0.0810	0.3367	0.1538	0.4164
000225	E	0.038045	0.536264	0.441981	0.3359	0.3356	0.2740	0.0900	0.3269	0.1547	0.4167
000226	R	0.038006	0.531684	0.432248	0.2820	0.3321	0.3090	0.1110	0.3208	0.1520	0.4162
000227	L	0.040571	0.541071	0.424832	0.2209	0.3286	0.3520	0.1110	0.3179	0.1575	0.4158
000228	N	0.037054	0.530769	0.418621	0.2255	0.3215	0.3390	0.1000	0.3121	0.1545	0.4164
000229	S	0.034172	0.503626	0.415636	0.2209	0.3494	0.3500	0.0960	0.3123	0.1505	0.4174
000230	L	0.034749	0.499262	0.412973	0.2167	0.3249	0.3750	0.1070	0.3106	0.1502	0.4191
000231	G	0.084335	0.511938	0.410393	0.3491	0.3704	0.3680	0.1240	0.3490	0.1299	0.4230
000232	N	0.131478	0.520698	0.405630	0.3225	0.3087	0.3830	0.1290	0.3453	0.1179	0.4250
000233	R	0.193529	0.521548	0.399201	0.2748	0.2951	0.4070	0.1300	0.3485	0.1067	0.4256
000234	N	0.238337	0.507764	0.389772	0.2748	0.3599	0.3960	0.1190	0.3610	0.0876	0.4252
000235	L	0.279863	0.479944	0.376768	0.3399	0.4582	0.3760	0.1170	0.3851	0.0678	0.4240
000236	L	0.317532	0.451392	0.362199	0.3399	0.4507	0.3270	0.1190	0.3748	0.0556	0.4229
000237	T	0.365868	0.433630	0.348111	0.3359	0.3494	0.2990	0.1120	0.3553	0.0406	0.4235
000238	K	0.406313	0.410412	0.335623	0.4037	0.4149	0.2950	0.1140	0.3776	0.0457	0.4227
000239	S	0.472118	0.382109	0.326130	0.3399	0.4017	0.2690	0.1100	0.3652	0.0638	0.4197
000240	P	0.493277	0.341548	0.320129	0.3359	0.4051	0.1940	0.0690	0.3483	0.0905	0.4177
000241	A	0.504083	0.336126	0.316978	0.4037	0.4725	0.1720	0.0520	0.3676	0.1100	0.4168
000242	V	0.509985	0.353758	0.316151	0.3939	0.4801	0.1800	0.0530	0.3723	0.1092	0.4155
000243	I	0.541061	0.364180	0.317910	0.3885	0.4051	0.1960	0.0500	0.3688	0.1032	0.4152
000244	M	0.574432	0.406079	0.319749	0.3992	0.4051	0.2100	0.0650	0.3857	0.1095	0.4174
000245	D	0.576608	0.432814	0.319355	0.3311	0.4017	0.2320	0.0800	0.3823	0.1079	0.4226
000246	E	0.555471	0.445290	0.315856	0.3847	0.4619	0.2480	0.0700	0.4019	0.1004	0.4278
000247	D	0.533690	0.452737	0.310840	0.4600	0.5342	0.2630	0.0680	0.4257	0.1042	0.4319
000248	C	0.514002	0.468673	0.305568	0.4600	0.4619	0.2720	0.0690	0.4137	0.0906	0.4329
000249	R	0.507720	0.486339	0.302417	0.4749	0.4051	0.2890	0.0770	0.4109	0.0875	0.4305
000250	S	0.510164	0.536586	0.301428	0.3992	0.4087	0.2930	0.0820	0.4082	0.0927	0.4293
000251	T	0.509864	0.562751	0.301771	0.3005	0.3872	0.2580	0.0800	0.3866	0.1136	0.4283
000252	D	0.500182	0.565340	0.300497	0.3146	0.4051	0.2420	0.0980	0.3879	0.1146	0.4277
000253	E	0.474609	0.549262	0.298925	0.3806	0.4507	0.2430	0.1180	0.3996	0.1045	0.4272
000254	I	0.483209	0.542266	0.299571	0.4333	0.5098	0.2810	0.1390	0.4248	0.1008	0.4275
000255	R	0.517704	0.518655	0.302423	0.4513	0.4619	0.2910	0.1640	0.4238	0.0934	0.4273
000256	Q	0.513303	0.526075	0.305181	0.4513	0.4652	0.2980	0.1620	0.4265	0.0920	0.4291
000257	S	0.477113	0.517881	0.305091	0.3885	0.4541	0.2760	0.1490	0.4032	0.0887	0.4305
000258	D	0.414983	0.503935	0.302450	0.4037	0.3872	0.2520	0.1270	0.3773	0.0813	0.4319
000259	Y	0.350296	0.496722	0.300140	0.4513	0.3983	0.2470	0.1070	0.3740	0.0854	0.4336
000260	I	0.279432	0.500870	0.296174	0.3992	0.3948	0.2260	0.0850	0.3494	0.0916	0.4324
000261	T	0.210504	0.479721	0.292742	0.3146	0.3948	0.2050	0.0740	0.3163	0.0974	0.4323
000262	E	0.159551	0.470082	0.288832	0.3225	0.4017	0.1840	0.0800	0.3045	0.1102	0.4321
000263	K	0.105608	0.444898	0.284988	0.3146	0.4017	0.1680	0.0810	0.2866	0.1197	0.4323
000264	H	0.040263	0.401076	0.281352	0.3096	0.3840	0.1620	0.0810	0.2631	0.1265	0.4323
000265	S	0.023600	0.359488	0.280933	0.3806	0.4619	0.1630	0.0890	0.2783	0.1465	0.4326
000266	I	0.009723	0.349411	0.286489	0.3762	0.4119	0.1780	0.1060	0.2687	0.1379	0.4322
000267	Q	0.003912	0.357817	0.294801	0.3762	0.3983	0.1780	0.0990	0.2682	0.1386	0.4322
000268	H	0.002296	0.365887	0.301583	0.3184	0.4119	0.1890	0.0950	0.2649	0.1358	0.4323
000269	I	0.002027	0.388660	0.305824	0.3184	0.3215	0.1990	0.0860	0.2559	0.1265	0.4328
000270	W	0.000721	0.425816	0.308135	0.3885	0.3321	0.2190	0.0800	0.2790	0.1404	0.4336
000271	G	0.001055	0.439388	0.309169	0.3806	0.4017	0.2260	0.0740	0.2930	0.1477	0.4328
000272	K	0.001315	0.444751	0.308165	0.3184	0.4087	0.2350	0.0780	0.2861	0.1446	0.4321
000273	N	0.001938	0.453282	0.306301	0.3184	0.3529	0.2340	0.0720	0.2778	0.1396	0.4317
000274	G	0.002510	0.439214	0.304247	0.3399	0.3667	0.2330	0.0740	0.2809	0.1392	0.4325
000275	K	0.004334	0.429995	0.306373	0.2820	0.3740	0.2360	0.0780	0.2721	0.1352	0.4327
000276	E	0.007149	0.443790	0.313209	0.2820	0.3740	0.2180	0.0830	0.2731	0.1383	0.4334
000277	V	0.052520	0.458296	0.323764	0.3491	0.4330	0.2180	0.0940	0.3057	0.1376	0.4332
000278	S	0.086257	0.455465	0.333446	0.3359	0.4541	0.2330	0.1100	0.3163	0.1284	0.4331
000279	N	0.157717	0.456880	0.340966	0.3359	0.4619	0.2560	0.1210	0.3349	0.1070	0.4330
000280	F	0.245931	0.479168	0.346300	0.4245	0.4652	0.2440	0.1190	0.3675	0.0964	0.4322
000281	L	0.333376	0.486854	0.350193	0.5084	0.4979	0.2090	0.1000	0.3976	0.1098	0.4332
000282	E	0.416711	0.484429	0.353351	0.4333	0.4901	0.1890	0.0900	0.3945	0.1025	0.4334
000283	D	0.485845	0.494422	0.355648	0.3717	0.5055	0.2070	0.0910	0.4034	0.1059	0.4328
000284	V	0.562631	0.511488	0.356791	0.3717	0.5055	0.2190	0.0800	0.4211	0.1175	0.4314
000285	N	0.608706	0.511248	0.356998	0.3717	0.4087	0.2160	0.0820	0.4122	0.1236	0.4269
000286	Q	0.606598	0.516409	0.358911	0.3847	0.4149	0.2260	0.0870	0.4179	0.1202	0.4221
000287	S	0.647710	0.530987	0.363852	0.3096	0.4017	0.2190	0.0860	0.4122	0.1413	0.4171
000288	T	0.658197	0.538511	0.368952	0.3717	0.3599	0.1960	0.0670	0.4156	0.1468	0.4120
000289	P	0.618902	0.543702	0.373400	0.3762	0.3215	0.1830	0.0570	0.4027	0.1433	0.4124
000290	N	0.560285	0.535577	0.375814	0.2963	0.3087	0.1850	0.0530	0.3770	0.1334	0.4127
000291	L	0.501854	0.515968	0.377847	0.3096	0.4017	0.1680	0.0570	0.3791	0.1183	0.4141
000292	L	0.457678	0.518283	0.377097	0.3762	0.4685	0.1530	0.0580	0.3919	0.1180	0.4141
000293	S	0.397122	0.511506	0.375549	0.3762	0.4441	0.1380	0.0460	0.3738	0.1153	0.4117
000294	E	0.355891	0.499426	0.374882	0.3668	0.3840	0.1620	0.0540	0.3571	0.0997	0.4117
000295	N	0.320192	0.489655	0.375283	0.4037	0.4369	0.1750	0.0660	0.3668	0.1002	0.4142
000296	C	0.247402	0.464927	0.374232	0.3311	0.3872	0.1560	0.0560	0.3268	0.1005	0.4186
000297	D	0.172771	0.438638	0.370125	0.3225	0.3249	0.1460	0.0470	0.2958	0.1042	0.4280
000298	S	0.175065	0.412785	0.364552	0.2748	0.3392	0.1600	0.0510	0.2877	0.0943	0.4281
000299	F	0.208711	0.397032	0.359717	0.2122	0.2849	0.1700	0.0550	0.2720	0.0832	0.4173
000300	V	0.223868	0.392449	0.357065	0.1844	0.2609	0.1600	0.0520	0.2631	0.0856	0.4120
000301	S	0.208014	0.421083	0.357273	0.1292	0.2609	0.1530	0.0490	0.2550	0.1052	0.4103
000302	Q	0.199955	0.405914	0.358699	0.1878	0.3286	0.1390	0.0400	0.2700	0.0988	0.4091
000303	N	0.214797	0.367668	0.360713	0.2657	0.3840	0.1440	0.0360	0.2895	0.0888	0.4063
000304	M	0.212302	0.350016	0.361688	0.2748	0.3356	0.1410	0.0340	0.2793	0.0801	0.4000
000305	I	0.211013	0.372264	0.362677	0.2602	0.3182	0.1400	0.0370	0.2774	0.0832	0.3977
000306	N	0.207267	0.382405	0.360866	0.1878	0.3019	0.1470	0.0390	0.2646	0.0889	0.4005
000307	V	0.160149	0.380454	0.356484	0.2385	0.3948	0.1490	0.0340	0.2799	0.1019	0.4031
000308	L	0.098818	0.410713	0.348876	0.2209	0.3087	0.1710	0.0480	0.2598	0.1068	0.4103
000309	N	0.061544	0.414502	0.340903	0.2041	0.3215	0.2220	0.0610	0.2607	0.1141	0.4193
000310	I	0.052130	0.396703	0.332803	0.1958	0.4017	0.3000	0.0870	0.2798	0.1229	0.4282
000311	D	0.043015	0.413813	0.325379	0.2483	0.3494	0.2720	0.0750	0.2753	0.1168	0.4275
000312	E	0.022848	0.437461	0.319671	0.2385	0.3599	0.2540	0.0940	0.2720	0.1297	0.4141
000313	Q	0.020278	0.444295	0.315760	0.1349	0.2951	0.2540	0.1090	0.2440	0.1354	0.4009
000314	R	0.023513	0.449325	0.313529	0.1349	0.2918	0.2550	0.1120	0.2447	0.1353	0.3902
000315	I	0.026079	0.459030	0.312422	0.1060	0.3053	0.2640	0.1090	0.2454	0.1424	0.3781
000316	K	0.028013	0.452321	0.310398	0.1532	0.3426	0.2450	0.1040	0.2552	0.1364	0.3647
000317	K	0.029697	0.452325	0.307153	0.1532	0.3321	0.2620	0.1180	0.2562	0.1346	0.3587
000318	T	0.028481	0.451052	0.302050	0.1732	0.3807	0.2740	0.1180	0.2683	0.1377	0.3534
000319	F	0.028360	0.436554	0.297938	0.2292	0.4369	0.2590	0.1050	0.2814	0.1389	0.3519
000320	N	0.027562	0.431530	0.294980	0.2255	0.3286	0.2150	0.0860	0.2538	0.1241	0.3473
000321	K	0.025161	0.439075	0.291436	0.2820	0.3460	0.2120	0.0920	0.2659	0.1279	0.3376
000322	C	0.022604	0.433580	0.287184	0.1766	0.3019	0.2180	0.0990	0.2400	0.1260	0.3333
000323	D	0.018817	0.430533	0.283194	0.1292	0.2918	0.2260	0.1110	0.2299	0.1302	0.3375
000324	Y	0.012749	0.417433	0.281152	0.0935	0.2783	0.2510	0.1160	0.2224	0.1329	0.3414
000325	D	0.006621	0.405625	0.281025	0.0858	0.2752	0.2510	0.1170	0.2175	0.1327	0.3399
000326	S	0.004774	0.388881	0.281352	0.1292	0.3392	0.2440	0.1170	0.2312	0.1297	0.3386
000327	M	0.003348	0.382521	0.281528	0.1380	0.3392	0.2440	0.1080	0.2314	0.1277	0.3424
000328	G	0.005790	0.397944	0.280108	0.1416	0.3566	0.2370	0.1100	0.2364	0.1321	0.3387
000329	D	0.014837	0.407510	0.280000	0.1495	0.3599	0.2450	0.1110	0.2428	0.1310	0.3334
000330	T	0.028369	0.425416	0.281911	0.2167	0.4017	0.2490	0.1110	0.2672	0.1312	0.3291
000331	C	0.037800	0.444010	0.283896	0.1998	0.3910	0.2470	0.1080	0.2673	0.1319	0.3339
000332	V	0.041409	0.443724	0.284042	0.1667	0.4051	0.2400	0.0960	0.2635	0.1367	0.3477
000333	V	0.048269	0.464764	0.283513	0.2558	0.5055	0.2660	0.1130	0.3040	0.1505	0.3554
000334	T	0.054786	0.507195	0.285239	0.2558	0.4017	0.2770	0.1050	0.2970	0.1391	0.3538
000335	S	0.057686	0.535495	0.287792	0.3263	0.4051	0.2770	0.0930	0.3149	0.1445	0.3512
000336	S	0.057492	0.526421	0.289347	0.2209	0.4017	0.2780	0.0920	0.2957	0.1456	0.3548
000337	D	0.055487	0.554419	0.291299	0.1698	0.4149	0.2610	0.0920	0.2911	0.1611	0.3595
000338	K	0.047665	0.535263	0.294531	0.1878	0.3807	0.2290	0.0950	0.2792	0.1531	0.3639
000339	N	0.037008	0.515842	0.299709	0.1921	0.3019	0.2310	0.0870	0.2629	0.1437	0.3762
000340	H	0.045098	0.496605	0.305540	0.1566	0.2951	0.2150	0.0820	0.2524	0.1401	0.3903
000341	V	0.055393	0.475085	0.310762	0.1117	0.2541	0.2070	0.0790	0.2356	0.1366	0.4012
000342	T	0.060349	0.451103	0.314843	0.1878	0.3740	0.1730	0.0710	0.2602	0.1324	0.4102
000343	D	0.060589	0.427370	0.316449	0.1921	0.4220	0.1580	0.0690	0.2627	0.1368	0.4167
000344	R	0.059363	0.402005	0.317213	0.2657	0.4087	0.1650	0.0740	0.2697	0.1253	0.4238
000345	C	0.064012	0.389762	0.317797	0.2786	0.4087	0.1590	0.0750	0.2697	0.1229	0.4318
000346	I	0.069554	0.419034	0.318697	0.2209	0.3321	0.1560	0.0730	0.2527	0.1171	0.4279
000347	R	0.075829	0.376547	0.321006	0.2167	0.3321	0.1560	0.0680	0.2463	0.1065	0.4240
000348	N	0.080048	0.361704	0.324087	0.1566	0.3321	0.1600	0.0650	0.2357	0.1074	0.4232
000349	I	0.069575	0.364145	0.328517	0.1635	0.3392	0.1720	0.0610	0.2395	0.1100	0.4233
000350	F	0.056089	0.407325	0.333653	0.1698	0.3286	0.2040	0.0640	0.2498	0.1184	0.4250
000351	T	0.044339	0.391343	0.338317	0.1844	0.2715	0.2150	0.0670	0.2409	0.1122	0.4300
000352	V	0.038493	0.410957	0.343727	0.2255	0.3182	0.2250	0.0690	0.2603	0.1188	0.4344
000353	P	0.037051	0.451859	0.349304	0.1921	0.3149	0.2250	0.0600	0.2617	0.1312	0.4394
000354	E	0.032747	0.475585	0.356526	0.1958	0.3053	0.2630	0.0680	0.2715	0.1371	0.4437
000355	L	0.040853	0.532363	0.362928	0.1921	0.3019	0.3290	0.0740	0.2932	0.1513	0.4476
000356	T	0.034898	0.560057	0.368087	0.2913	0.3356	0.3870	0.0620	0.3295	0.1561	0.4480
000357	F	0.029804	0.580899	0.372461	0.3491	0.4119	0.4240	0.0700	0.3614	0.1658	0.4468
000358	S	0.024923	0.619183	0.377555	0.3005	0.4186	0.4490	0.0850	0.3650	0.1801	0.4441
000359	N	0.029723	0.648128	0.383870	0.3263	0.4017	0.5210	0.0960	0.3852	0.1905	0.4399
000360	S	0.032285	0.676414	0.388754	0.3762	0.3631	0.5840	0.1020	0.4035	0.2031	0.4344
000361	T	0.031210	0.696100	0.391641	0.4458	0.4541	0.6100	0.1130	0.4382	0.2099	0.4288
000362	L	0.029812	0.710310	0.394409	0.3939	0.4801	0.6210	0.1220	0.4383	0.2160	0.4258
000363	N	0.028907	0.729759	0.397896	0.4600	0.5419	0.6260	0.1200	0.4640	0.2223	0.4162
000364	K	0.015454	0.749715	0.401266	0.4600	0.5017	0.6560	0.1280	0.4640	0.2327	0.4090
000365	T	0.018776	0.764426	0.402638	0.4651	0.4831	0.6610	0.1070	0.4658	0.2350	0.4008
000366	S	0.018860	0.775719	0.403243	0.5126	0.4766	0.6400	0.1170	0.4711	0.2352	0.3916
000367	Y	0.018385	0.786445	0.404715	0.5126	0.4864	0.6320	0.1250	0.4734	0.2369	0.3897
000368	P	0.014583	0.795955	0.405515	0.5374	0.5854	0.6110	0.1510	0.4916	0.2424	0.3811
000369	E	0.031497	0.807375	0.405199	0.5583	0.6043	0.6150	0.1630	0.5037	0.2417	0.3751
000370	K	0.051208	0.817631	0.403407	0.5583	0.5176	0.6130	0.1530	0.4936	0.2338	0.3665
000371	C	0.056115	0.833423	0.401142	0.5623	0.5342	0.5750	0.1590	0.4938	0.2340	0.3631
000372	Q	0.096233	0.846660	0.400292	0.5296	0.5211	0.5640	0.1650	0.4930	0.2230	0.3637
000373	P	0.134526	0.860044	0.400671	0.5846	0.6043	0.5530	0.1890	0.5229	0.2201	0.3647
000374	N	0.202765	0.873159	0.402354	0.5711	0.6089	0.5940	0.1930	0.5420	0.2050	0.3701
000375	K	0.268104	0.885037	0.403708	0.5846	0.6227	0.6200	0.1900	0.5640	0.1929	0.3753
000376	K	0.360684	0.897780	0.404969	0.5900	0.6375	0.6430	0.1890	0.5889	0.1763	0.3832
000377	Y	0.410276	0.913794	0.405882	0.5900	0.6531	0.6620	0.1760	0.6059	0.1726	0.3928
000378	Q	0.464260	0.920983	0.406341	0.6442	0.6661	0.6160	0.1650	0.6196	0.1649	0.3914
000379	R	0.470034	0.929798	0.406115	0.6293	0.6227	0.6420	0.1440	0.6166	0.1657	0.4022
000380	E	0.478862	0.939473	0.405749	0.6035	0.6089	0.6610	0.1450	0.6162	0.1683	0.4142
000381	Y	0.452538	0.946666	0.406408	0.6035	0.6136	0.6900	0.1220	0.6189	0.1759	0.4282
000382	N	0.432916	0.950694	0.408316	0.6557	0.6269	0.6860	0.1040	0.6267	0.1801	0.4276
000383	K	0.363414	0.955000	0.411111	0.6412	0.6227	0.6950	0.0840	0.6148	0.1948	0.4325
000384	N	0.299744	0.958872	0.414051	0.5762	0.6043	0.7250	0.0860	0.5964	0.2120	0.4409
000385	E	0.210728	0.964632	0.416664	0.5667	0.5992	0.7250	0.0790	0.5805	0.2355	0.4502
000386	R	0.163094	0.967041	0.419370	0.5846	0.5342	0.7430	0.0630	0.5685	0.2507	0.4642
000387	N	0.092256	0.968646	0.422299	0.6079	0.4766	0.7730	0.0800	0.5568	0.2767	0.4848
000388	D	0.104754	0.969993	0.425598	0.6174	0.5758	0.7540	0.0710	0.5746	0.2688	0.5153
000389	L	0.132408	0.970194	0.429948	0.5583	0.5577	0.7630	0.0760	0.5685	0.2610	0.5575
000390	S	0.193255	0.970819	0.434596	0.5900	0.5533	0.7480	0.0860	0.5817	0.2424	0.5795
000391	T	0.240136	0.968988	0.439698	0.5846	0.5382	0.7850	0.0990	0.5927	0.2342	0.6033
000392	S	0.302735	0.969210	0.445068	0.6293	0.6269	0.7510	0.0990	0.6207	0.2123	0.6275
000393	F	0.311111	0.971213	0.451087	0.6219	0.6183	0.7460	0.1010	0.6199	0.2094	0.6605
000394	E	0.311108	0.970961	0.457635	0.6293	0.6136	0.6900	0.1040	0.6121	0.2040	0.6677
000395	N	0.313360	0.971759	0.463546	0.6219	0.6183	0.6890	0.1110	0.6131	0.2028	0.6734
000396	D	0.317207	0.971420	0.468989	0.6124	0.5901	0.6990	0.1040	0.6099	0.2019	0.6779
000397	Y	0.286223	0.970699	0.474615	0.6219	0.4940	0.7210	0.0970	0.5948	0.2152	0.6758
000398	Y	0.248369	0.970704	0.480778	0.6079	0.4940	0.6930	0.0880	0.5824	0.2211	0.6626
000399	P	0.177073	0.969832	0.487430	0.5473	0.4940	0.6600	0.0810	0.5560	0.2361	0.6186
000400	S	0.115862	0.968761	0.494966	0.5802	0.5665	0.6880	0.0670	0.5690	0.2532	0.5732
000401	S	0.053223	0.968881	0.502837	0.5900	0.5055	0.6850	0.0930	0.5509	0.2727	0.5414
000402	S	0.044814	0.967987	0.511609	0.6124	0.5211	0.6530	0.0900	0.5519	0.2729	0.5169
000403	E	0.043041	0.967631	0.520642	0.5623	0.5419	0.6530	0.0870	0.5481	0.2718	0.4909
000404	R	0.043083	0.967629	0.530372	0.6255	0.6322	0.6260	0.0870	0.5708	0.2731	0.4684
000405	K	0.052093	0.967575	0.540787	0.6412	0.6183	0.5790	0.0940	0.5664	0.2691	0.4573
000406	E	0.059644	0.967156	0.551197	0.6255	0.6427	0.5830	0.1100	0.5715	0.2668	0.4491
000407	K	0.068102	0.965991	0.562149	0.6079	0.6482	0.6000	0.1340	0.5754	0.2636	0.4425
000408	F	0.076133	0.963449	0.572853	0.6681	0.7163	0.6050	0.1470	0.6003	0.2663	0.4430
000409	E	0.101265	0.960423	0.583233	0.7147	0.7843	0.5730	0.1460	0.6194	0.2660	0.4250
000410	N	0.144241	0.956539	0.593132	0.6789	0.6948	0.6170	0.1460	0.6141	0.2412	0.4245
000411	D	0.145697	0.951168	0.601339	0.6789	0.7163	0.6770	0.1260	0.6284	0.2417	0.4346
000412	Y	0.145054	0.944657	0.607847	0.6442	0.7120	0.6900	0.1400	0.6240	0.2398	0.4430
000413	Q	0.139903	0.933917	0.614174	0.6650	0.6427	0.6620	0.1610	0.6096	0.2355	0.4305
000414	E	0.125764	0.928376	0.620658	0.6557	0.6661	0.6370	0.1610	0.6056	0.2387	0.4249
000415	K	0.114865	0.918282	0.626587	0.6035	0.6427	0.6380	0.1610	0.5907	0.2381	0.4192
000416	T	0.106008	0.905675	0.630072	0.6412	0.6661	0.6550	0.1610	0.6007	0.2407	0.4228
000417	P	0.097828	0.893862	0.634273	0.6219	0.6482	0.6160	0.1570	0.5853	0.2386	0.4243
000418	Q	0.070727	0.887745	0.640581	0.6293	0.6427	0.5880	0.1410	0.5765	0.2463	0.4248
000419	K	0.084552	0.881342	0.648309	0.6756	0.7459	0.5590	0.1360	0.5991	0.2503	0.4289
000420	S	0.150998	0.872493	0.654006	0.6474	0.7459	0.5680	0.1410	0.6065	0.2247	0.4514
000421	I	0.219763	0.856950	0.657429	0.6516	0.6755	0.5850	0.1310	0.6078	0.1924	0.4699
000422	Q	0.312395	0.847813	0.657386	0.6412	0.6948	0.5980	0.1250	0.6252	0.1604	0.4781
000423	K	0.389108	0.830611	0.654887	0.6374	0.7628	0.5940	0.1350	0.6448	0.1394	0.4852
000424	Y	0.417734	0.821985	0.649437	0.6442	0.7595	0.6340	0.1400	0.6545	0.1263	0.5039
000425	P	0.455662	0.802213	0.642751	0.6374	0.7595	0.5500	0.1540	0.6413	0.1173	0.5085
000426	A	0.493589	0.782397	0.637297	0.6557	0.7080	0.5990	0.1310	0.6460	0.0895	0.5114
000427	N	0.522808	0.763067	0.633439	0.6715	0.7163	0.6310	0.1130	0.6564	0.0755	0.5128
000428	S	0.525368	0.752736	0.630172	0.5900	0.6806	0.5970	0.1070	0.6293	0.0722	0.5195
000429	M	0.456562	0.750998	0.625277	0.5711	0.6531	0.5940	0.1160	0.6085	0.0888	0.5256
000430	G	0.432189	0.735945	0.619056	0.5762	0.6851	0.6160	0.1440	0.6107	0.0952	0.5195
000431	N	0.369940	0.731387	0.612621	0.5711	0.6851	0.5970	0.1490	0.5945	0.1142	0.5094
000432	I	0.313450	0.725207	0.606829	0.6334	0.6183	0.6050	0.1470	0.5838	0.1276	0.5027
000433	P	0.295597	0.724019	0.600587	0.6124	0.6136	0.4860	0.1560	0.5553	0.1351	0.4946
000434	S	0.298548	0.717503	0.592757	0.5296	0.5254	0.5260	0.1650	0.5316	0.1243	0.4878
000435	E	0.329678	0.706939	0.583639	0.5992	0.5992	0.5120	0.1770	0.5551	0.1158	0.4862
000436	E	0.360790	0.690243	0.573796	0.4918	0.5055	0.5310	0.1890	0.5255	0.0985	0.4919
000437	L	0.348724	0.674292	0.566341	0.5126	0.5342	0.5100	0.1820	0.5243	0.0962	0.5043
000438	H	0.398246	0.658058	0.561011	0.4379	0.5342	0.4760	0.1670	0.5109	0.0856	0.5091
000439	S	0.424497	0.651856	0.556298	0.4458	0.4864	0.4240	0.1510	0.4981	0.0825	0.5078
000440	K	0.461411	0.637649	0.550043	0.4781	0.4507	0.3770	0.1250	0.4926	0.0822	0.5116
000441	Q	0.503243	0.621280	0.541182	0.4078	0.4330	0.3230	0.1110	0.4716	0.0964	0.5295
000442	S	0.549300	0.594854	0.534197	0.3359	0.4330	0.2720	0.0870	0.4533	0.1174	0.5506
000443	W	0.542734	0.587759	0.530333	0.3717	0.4901	0.2460	0.0760	0.4614	0.1174	0.5690
000444	D	0.474939	0.580607	0.528246	0.3491	0.4685	0.2210	0.0630	0.4371	0.1195	0.5878
000445	F	0.420745	0.547260	0.525553	0.3578	0.4766	0.2200	0.0740	0.4247	0.1112	0.6044
000446	G	0.374457	0.539103	0.522765	0.3491	0.4149	0.2070	0.0620	0.4012	0.1119	0.6132
000447	L	0.326840	0.564895	0.519846	0.3456	0.3529	0.2080	0.0650	0.3863	0.1210	0.6244
000448	D	0.259186	0.569333	0.517255	0.3456	0.4017	0.1860	0.0550	0.3799	0.1344	0.6300
000449	E	0.192798	0.565995	0.513210	0.2748	0.3426	0.1920	0.0540	0.3469	0.1464	0.6387
000450	I	0.162351	0.575652	0.511913	0.2700	0.3392	0.2040	0.0570	0.3438	0.1527	0.6476
000451	L	0.134763	0.564480	0.513135	0.2041	0.3460	0.2200	0.0540	0.3304	0.1607	0.6436
000452	M	0.161363	0.605977	0.518271	0.1844	0.3249	0.2350	0.0510	0.3383	0.1683	0.6307
000453	E	0.219384	0.603014	0.526818	0.1805	0.3321	0.2320	0.0450	0.3490	0.1609	0.6090
000454	E	0.245093	0.626147	0.538110	0.2602	0.3774	0.2710	0.0490	0.3863	0.1471	0.5854
000455	G	0.247986	0.659178	0.551872	0.2531	0.3667	0.3350	0.0750	0.4023	0.1529	0.5697
000456	G	0.245367	0.666710	0.565775	0.2657	0.4476	0.4030	0.0610	0.4324	0.1509	0.5548
000457	I	0.243278	0.695606	0.578121	0.2558	0.4330	0.4880	0.0690	0.4490	0.1627	0.5431
000458	Y	0.245324	0.709637	0.588229	0.3225	0.4801	0.4940	0.0860	0.4733	0.1551	0.5234
000459	S	0.230464	0.721937	0.597272	0.3053	0.4186	0.5090	0.0870	0.4637	0.1674	0.5017
000460	L	0.216995	0.750787	0.606551	0.2865	0.4051	0.5700	0.0840	0.4726	0.1868	0.4860
000461	K	0.239479	0.768002	0.615694	0.2913	0.4017	0.5810	0.0910	0.4829	0.1876	0.4628
000462	S	0.262342	0.782609	0.622809	0.3535	0.4619	0.6600	0.0790	0.5238	0.1809	0.4506
000463	K	0.317609	0.803423	0.629147	0.3184	0.4725	0.7070	0.0830	0.5414	0.1864	0.4448
000464	R	0.413332	0.816252	0.635489	0.3146	0.4476	0.7210	0.0860	0.5581	0.1788	0.4460
000465	I	0.522234	0.828460	0.643729	0.3005	0.4507	0.7660	0.0750	0.5853	0.1819	0.4499
000466	S	0.629480	0.845076	0.652157	0.2700	0.4441	0.7260	0.0620	0.5945	0.1882	0.4452
000467	T	0.736770	0.857524	0.661120	0.2786	0.4409	0.7550	0.0670	0.6216	0.1994	0.4412
000468	K	0.829103	0.868850	0.668148	0.3311	0.4901	0.7650	0.0580	0.6587	0.1916	0.4386
000469	K	0.919586	0.879732	0.673877	0.3992	0.5493	0.8000	0.0620	0.7036	0.1845	0.4430
000470	I	0.940585	0.886135	0.679663	0.4078	0.5493	0.8760	0.0360	0.7233	0.1953	0.4541
000471	S	0.963875	0.897393	0.687804	0.4703	0.6136	0.8790	0.0470	0.7520	0.1755	0.4548
000472	L	0.984246	0.910637	0.698766	0.4651	0.5456	0.8820	0.0540	0.7476	0.1930	0.4606
000473	D	0.991750	0.922872	0.709118	0.4651	0.5456	0.8620	0.0680	0.7493	0.1938	0.4604
000474	S	0.991588	0.934173	0.717652	0.4203	0.5951	0.8740	0.0570	0.7554	0.2005	0.4563
000475	A	0.990147	0.941027	0.724189	0.4149	0.5951	0.8920	0.0420	0.7596	0.2044	0.4515
000476	Q	0.989262	0.947521	0.731481	0.5126	0.6991	0.8840	0.0470	0.7940	0.1642	0.4402
000477	S	0.986557	0.955310	0.739121	0.5229	0.6991	0.8910	0.0490	0.7990	0.1622	0.4342
000478	S	0.910871	0.961177	0.748824	0.5623	0.7120	0.8650	0.0540	0.7933	0.1348	0.4265
000479	R	0.852864	0.971309	0.756137	0.5623	0.7209	0.8420	0.0620	0.7843	0.1272	0.4187
000480	S	0.836858	0.975375	0.761982	0.5900	0.6227	0.8410	0.0440	0.7713	0.1328	0.4093
000481	T	0.818871	0.980418	0.763209	0.6412	0.5854	0.8240	0.0460	0.7688	0.1293	0.4010
000482	S	0.806888	0.983294	0.763445	0.6124	0.5807	0.8430	0.0410	0.7649	0.1371	0.4128
000483	Y	0.759232	0.985460	0.762550	0.6124	0.6482	0.8550	0.0360	0.7704	0.1248	0.4263
000484	S	0.694011	0.986754	0.762335	0.6079	0.6322	0.8410	0.0380	0.7539	0.1301	0.4354
000485	P	0.634337	0.988298	0.762476	0.6124	0.6322	0.8540	0.0470	0.7472	0.1378	0.4478
000486	R	0.615736	0.989374	0.763432	0.6374	0.6661	0.8590	0.0530	0.7551	0.1335	0.4558
000487	P	0.661462	0.990762	0.765691	0.6174	0.5758	0.8610	0.0580	0.7453	0.1450	0.4682
000488	T	0.685933	0.992329	0.769730	0.6374	0.6183	0.8600	0.0740	0.7606	0.1321	0.4870
000489	D	0.687271	0.993586	0.774845	0.6124	0.6183	0.8770	0.0630	0.7606	0.1389	0.5107
000490	S	0.699821	0.993815	0.779501	0.6412	0.6269	0.8780	0.0610	0.7698	0.1315	0.5318
000491	C	0.704858	0.994157	0.783795	0.6474	0.6482	0.8750	0.0550	0.7755	0.1261	0.5502
000492	F	0.736328	0.993762	0.787763	0.6650	0.6620	0.8790	0.0470	0.7873	0.1185	0.5584
000493	S	0.800347	0.992597	0.792447	0.6756	0.6806	0.8660	0.0620	0.8012	0.1089	0.5388
000494	S	0.856405	0.990495	0.796141	0.7275	0.7672	0.8950	0.0510	0.8387	0.0873	0.5166
000495	S	0.873848	0.988540	0.798585	0.7388	0.7036	0.9070	0.0410	0.8350	0.0984	0.5026
000496	S	0.892403	0.986321	0.799409	0.7192	0.6620	0.9090	0.0410	0.8281	0.1126	0.4986
000497	D	0.922777	0.984384	0.799945	0.6789	0.6712	0.9160	0.0450	0.8289	0.1217	0.4977
000498	L	0.939150	0.982437	0.800415	0.6474	0.6482	0.9090	0.0480	0.8211	0.1343	0.4978
000499	P	0.944531	0.979944	0.800632	0.6715	0.5707	0.8860	0.0540	0.8088	0.1468	0.4823
000500	S	0.951046	0.976130	0.800070	0.6756	0.5707	0.8980	0.0530	0.8120	0.1476	0.4727
000501	E	0.964206	0.972150	0.798909	0.6412	0.5901	0.8990	0.0640	0.8109	0.1500	0.4638
000502	D	0.962904	0.965137	0.797445	0.6789	0.6948	0.9020	0.0640	0.8335	0.1177	0.4600
000503	E	0.962304	0.958396	0.796292	0.7317	0.8013	0.9000	0.0670	0.8584	0.0873	0.4622
000504	D	0.954136	0.954197	0.794862	0.7317	0.8085	0.8970	0.0800	0.8568	0.0841	0.4766
000505	Q	0.955613	0.948136	0.792039	0.7317	0.7951	0.9090	0.0660	0.8553	0.0861	0.4924
000506	I	0.948546	0.941337	0.787539	0.7275	0.7951	0.9340	0.0520	0.8556	0.0883	0.5142
000507	S	0.933144	0.933161	0.781423	0.7147	0.7250	0.9320	0.0500	0.8366	0.0984	0.5146
000508	Q	0.917522	0.924929	0.774837	0.6984	0.7036	0.9370	0.0470	0.8261	0.1036	0.5231
000509	Q	0.899636	0.915051	0.768265	0.6756	0.7718	0.9320	0.0500	0.8271	0.0945	0.5279
000510	I	0.885803	0.902431	0.762950	0.6374	0.7289	0.9270	0.0540	0.8075	0.1054	0.5366
000511	E	0.851613	0.886793	0.758772	0.6374	0.7505	0.9010	0.0740	0.7977	0.0922	0.5291
000512	D	0.816963	0.877657	0.754632	0.6219	0.7289	0.8900	0.0810	0.7817	0.0924	0.5233
000513	S	0.776610	0.860067	0.750157	0.6219	0.6948	0.8530	0.1020	0.7594	0.0840	0.5127
000514	N	0.688826	0.852614	0.745307	0.6079	0.6906	0.8490	0.1020	0.7390	0.0886	0.5074
000515	R	0.600769	0.839106	0.741004	0.5802	0.6851	0.8350	0.1120	0.7136	0.1022	0.5026
000516	M	0.520375	0.830638	0.736899	0.5667	0.5620	0.8380	0.1150	0.6758	0.1311	0.4957
000517	T	0.497080	0.819190	0.732837	0.6174	0.5493	0.8490	0.0960	0.6775	0.1324	0.4847
000518	I	0.484975	0.809377	0.727067	0.5549	0.4979	0.8540	0.0910	0.6546	0.1484	0.4910
000519	K	0.445558	0.806031	0.717674	0.4825	0.4979	0.8380	0.1130	0.6312	0.1608	0.4868
000520	T	0.435390	0.793185	0.704731	0.4116	0.4864	0.8530	0.1110	0.6140	0.1763	0.4857
000521	K	0.415289	0.777048	0.688933	0.4556	0.5342	0.8250	0.1010	0.6160	0.1569	0.4886
000522	E	0.357619	0.759156	0.672516	0.4513	0.4979	0.8080	0.0870	0.5910	0.1656	0.5062
000523	K	0.346061	0.742401	0.656724	0.4245	0.4766	0.6910	0.1100	0.5562	0.1476	0.5254
000524	M	0.341863	0.716831	0.642255	0.3992	0.4149	0.6870	0.1170	0.5336	0.1515	0.5454
000525	N	0.428809	0.681552	0.629557	0.3939	0.4017	0.6520	0.1210	0.5312	0.1245	0.5552
000526	N	0.432180	0.655353	0.617299	0.3359	0.3983	0.6310	0.1350	0.5117	0.1266	0.5660
000527	F	0.422033	0.610000	0.604779	0.3535	0.4220	0.6110	0.1310	0.5040	0.1072	0.5784
000528	Y	0.437739	0.591935	0.590348	0.3535	0.4220	0.6000	0.1390	0.4993	0.0984	0.5822
000529	V	0.409061	0.577351	0.574652	0.4078	0.4256	0.5740	0.1420	0.4948	0.0809	0.5767
000530	E	0.390173	0.582404	0.557102	0.4245	0.3840	0.5700	0.1530	0.4847	0.0864	0.5742
000531	R	0.419633	0.567828	0.538471	0.3630	0.3774	0.6230	0.1150	0.4815	0.0994	0.5738
000532	M	0.495902	0.553235	0.519996	0.3225	0.3872	0.6560	0.0920	0.4891	0.1088	0.5704
000533	A	0.559332	0.541809	0.503363	0.3146	0.3840	0.6340	0.1170	0.4896	0.1084	0.5541
000534	K	0.562245	0.541095	0.489496	0.3263	0.3983	0.6060	0.1350	0.4872	0.0970	0.5329
000535	L	0.598220	0.541297	0.476402	0.3456	0.4051	0.5770	0.1280	0.4905	0.0913	0.5143
000536	S	0.638993	0.531008	0.464290	0.3456	0.3426	0.5210	0.1280	0.4739	0.1053	0.4960
000537	G	0.679393	0.542321	0.453237	0.3399	0.3426	0.4430	0.1240	0.4667	0.1178	0.4810
000538	D	0.751767	0.540447	0.443917	0.3311	0.4149	0.4070	0.1090	0.4815	0.1357	0.4711
000539	R	0.825588	0.531307	0.435140	0.3847	0.4901	0.3690	0.1200	0.5060	0.1535	0.4645
000540	I	0.874247	0.533279	0.425830	0.4282	0.5493	0.3560	0.1000	0.5278	0.1685	0.4591
000541	V	0.802810	0.541283	0.414042	0.4379	0.5493	0.3260	0.1100	0.5118	0.1509	0.4527
000542	K	0.743684	0.545348	0.401474	0.4420	0.5533	0.3520	0.1050	0.5063	0.1285	0.4453
000543	N	0.639987	0.557133	0.389067	0.4651	0.4831	0.4180	0.1330	0.4921	0.0846	0.4398
000544	D	0.529850	0.576196	0.378695	0.4967	0.4409	0.4310	0.1460	0.4756	0.0659	0.4372
000545	D	0.419053	0.580081	0.369561	0.4245	0.4541	0.4270	0.1380	0.4457	0.0651	0.4356
000546	K	0.308417	0.584669	0.360595	0.4245	0.4369	0.4240	0.1580	0.4232	0.0850	0.4339
000547	I	0.202076	0.600470	0.351351	0.4379	0.4409	0.4280	0.1770	0.4100	0.1190	0.4328
000548	H	0.096012	0.582655	0.341510	0.3668	0.3948	0.4050	0.1950	0.3644	0.1430	0.4314
000549	K	0.017258	0.562324	0.332904	0.3717	0.3807	0.3870	0.1960	0.3420	0.1625	0.4305
000550	Q	0.012097	0.559699	0.326920	0.3096	0.3872	0.4070	0.1940	0.3337	0.1650	0.4299
000551	N	0.002725	0.550772	0.323160	0.3762	0.4507	0.3690	0.1810	0.3455	0.1697	0.4288
000552	E	0.001973	0.519750	0.322961	0.4282	0.4979	0.3110	0.1620	0.3470	0.1732	0.4267
000553	N	0.001095	0.506956	0.324520	0.4333	0.5139	0.2780	0.1570	0.3430	0.1759	0.4232
000554	F	0.000880	0.483991	0.327230	0.4116	0.5139	0.2750	0.1570	0.3354	0.1710	0.4189
000555	Y	0.000882	0.464219	0.327509	0.4149	0.4256	0.2770	0.1530	0.3184	0.1553	0.4183
000556	Q	0.001286	0.442026	0.324491	0.4149	0.4476	0.2640	0.1330	0.3157	0.1554	0.4183
000557	F	0.001304	0.427834	0.320036	0.3399	0.4619	0.2710	0.1200	0.3037	0.1497	0.4181
000558	S	0.001311	0.451239	0.314823	0.4513	0.4619	0.2530	0.1120	0.3222	0.1637	0.4222
000559	V	0.000888	0.478247	0.311396	0.4556	0.4652	0.2580	0.1150	0.3282	0.1683	0.4240
000560	K	0.000802	0.498994	0.308960	0.3885	0.3529	0.2500	0.1050	0.3001	0.1540	0.4267
000561	N	0.000837	0.513975	0.309093	0.3847	0.3529	0.2610	0.1030	0.3038	0.1564	0.4309
000562	N	0.000950	0.519364	0.312183	0.2385	0.3460	0.2760	0.1040	0.2822	0.1540	0.4327
000563	T	0.000998	0.527560	0.316345	0.2385	0.3149	0.2840	0.1170	0.2803	0.1546	0.4289
000564	D	0.001666	0.523904	0.320634	0.2385	0.3149	0.3030	0.1230	0.2838	0.1538	0.4257
000565	Q	0.001693	0.516359	0.322820	0.2748	0.3426	0.2950	0.1280	0.2922	0.1519	0.4226
000566	F	0.002271	0.505803	0.325879	0.3311	0.3494	0.2980	0.1390	0.3021	0.1500	0.4247
000567	P	0.002852	0.499150	0.328500	0.2558	0.3494	0.2430	0.1150	0.2798	0.1494	0.4252
000568	Q	0.003516	0.482343	0.330289	0.2657	0.4330	0.2210	0.0880	0.2893	0.1562	0.4244
000569	L	0.004134	0.461285	0.330545	0.2602	0.4292	0.2210	0.0860	0.2844	0.1514	0.4255
000570	Q	0.004714	0.448735	0.331193	0.3184	0.4725	0.2110	0.0770	0.2978	0.1572	0.4230
000571	C	0.004768	0.451437	0.335623	0.3146	0.4831	0.2220	0.0850	0.3019	0.1587	0.4207
000572	N	0.004806	0.478499	0.343725	0.2963	0.4864	0.1980	0.0870	0.3013	0.1664	0.4206
000573	S	0.005422	0.453911	0.352975	0.2913	0.4864	0.2040	0.0980	0.2990	0.1619	0.4208
000574	A	0.005507	0.434525	0.361061	0.3184	0.3631	0.1980	0.0950	0.2801	0.1420	0.4201
000575	H	0.005353	0.444922	0.365791	0.3184	0.3149	0.1960	0.1000	0.2742	0.1412	0.4117
000576	I	0.005795	0.460543	0.367259	0.1921	0.2503	0.1870	0.0780	0.2438	0.1442	0.4015
000577	L	0.005529	0.471876	0.365731	0.2122	0.3321	0.1740	0.0670	0.2602	0.1504	0.3889
000578	Q	0.005309	0.485545	0.363149	0.1322	0.2849	0.1630	0.0670	0.2391	0.1581	0.3731
000579	N	0.005006	0.493759	0.361400	0.1292	0.2575	0.1880	0.0810	0.2391	0.1579	0.3578
000580	K	0.005022	0.480888	0.360503	0.1566	0.3149	0.2030	0.0850	0.2534	0.1531	0.3435
000581	T	0.005135	0.462751	0.360701	0.1266	0.1914	0.2100	0.0870	0.2260	0.1496	0.3296
000582	N	0.004079	0.431242	0.363261	0.2432	0.3149	0.1930	0.0860	0.2583	0.1374	0.3062
000583	D	0.004068	0.401182	0.366353	0.1150	0.2918	0.1660	0.0660	0.2241	0.1413	0.2805
000584	N	0.004668	0.360173	0.370067	0.1178	0.2918	0.1520	0.0600	0.2162	0.1345	0.2537
000585	C	0.022530	0.343236	0.373008	0.1178	0.2541	0.1520	0.0620	0.2105	0.1247	0.2271
000586	V	0.047528	0.348067	0.378060	0.1178	0.2541	0.1500	0.0600	0.2159	0.1208	0.2212
000587	L	0.103303	0.290045	0.385171	0.1117	0.3019	0.1510	0.0620	0.2239	0.1071	0.2106
000588	Q	0.164952	0.321979	0.393777	0.1532	0.3631	0.1520	0.0630	0.2581	0.1037	0.1955
000589	A	0.221882	0.317650	0.404339	0.1416	0.3529	0.1640	0.0640	0.2671	0.0976	0.1865
000590	A	0.284746	0.348711	0.415567	0.1456	0.3566	0.1710	0.0730	0.2870	0.0989	0.1748
000591	R	0.363258	0.352174	0.428053	0.1566	0.3631	0.1770	0.0810	0.3066	0.1022	0.1635
000592	C	0.452836	0.371855	0.440144	0.1698	0.3182	0.1790	0.0810	0.3220	0.1134	0.1521
000593	D	0.542932	0.410694	0.451343	0.1732	0.2988	0.1870	0.0800	0.3440	0.1363	0.1620
000594	A	0.615167	0.447212	0.461448	0.1240	0.2988	0.2100	0.0700	0.3594	0.1658	0.1778
000595	G	0.681610	0.480086	0.469598	0.1117	0.3019	0.2360	0.0700	0.3801	0.1861	0.1960
000596	I	0.715721	0.503721	0.478174	0.2209	0.4186	0.2620	0.0760	0.4331	0.1641	0.2177
000597	Q	0.744050	0.531330	0.486194	0.2820	0.4017	0.2530	0.0910	0.4497	0.1652	0.2204
000598	T	0.772018	0.547665	0.495038	0.3263	0.4652	0.2540	0.0900	0.4768	0.1657	0.2369
000599	E	0.804694	0.568603	0.505339	0.2483	0.4119	0.2920	0.1110	0.4719	0.1858	0.2629
000600	S	0.810704	0.577782	0.517301	0.2865	0.4119	0.3100	0.1360	0.4857	0.1784	0.2964
000601	E	0.806417	0.597358	0.530778	0.2558	0.3740	0.3580	0.1840	0.4871	0.1821	0.3415
000602	S	0.793898	0.603009	0.541101	0.2255	0.3774	0.3460	0.1700	0.4811	0.1874	0.4041
000603	V	0.781378	0.595256	0.549933	0.3184	0.3704	0.3100	0.1280	0.4877	0.1710	0.3960
000604	M	0.771285	0.597870	0.555486	0.3005	0.3667	0.3070	0.1280	0.4831	0.1729	0.3892
000605	E	0.748572	0.573846	0.560769	0.1667	0.3249	0.3000	0.1360	0.4457	0.1980	0.4075
000606	E	0.701048	0.555070	0.564389	0.1732	0.2715	0.3080	0.1360	0.4289	0.1884	0.4153
000607	K	0.652202	0.532316	0.568270	0.1805	0.3249	0.2490	0.1100	0.4178	0.1752	0.4167
000608	L	0.560423	0.500057	0.572144	0.1380	0.3149	0.2050	0.0800	0.3817	0.1719	0.4057
000609	D	0.492923	0.470913	0.576403	0.1532	0.1881	0.1730	0.0650	0.3424	0.1743	0.4170
000610	V	0.435743	0.435920	0.579404	0.1322	0.1791	0.1660	0.0680	0.3214	0.1697	0.4078
000611	A	0.386854	0.414735	0.581075	0.0514	0.0870	0.1570	0.0600	0.2796	0.1936	0.3525
000612	I	0.313149	0.400779	0.580657	0.0464	0.0851	0.1510	0.0600	0.2629	0.1886	0.2746
000613	Q	0.231723	0.395332	0.577995	0.0150	0.0835	0.1560	0.0620	0.2433	0.1917	0.1966
000614	C	0.164310	0.366227	0.573750	0.0212	0.1137	0.1550	0.0570	0.2324	0.1843	0.1397
000615	D	0.121601	0.365964	0.568888	0.0245	0.0929	0.1660	0.0670	0.2232	0.1871	0.1221
000616	L	0.085366	0.375980	0.565426	0.0226	0.0851	0.1760	0.0750	0.2184	0.1919	0.1146
000617	I	0.081382	0.427303	0.563843	0.0131	0.0555	0.1850	0.0890	0.2210	0.2047	0.1019
000618	S	0.064471	0.434086	0.563846	0.0157	0.0248	0.1820	0.1050	0.2142	0.2119	0.0874
000619	K	0.037809	0.411543	0.564757	0.0173	0.0372	0.1860	0.1170	0.2090	0.2097	0.0699
000620	C	0.008446	0.430642	0.564959	0.0055	0.0244	0.1870	0.1160	0.2035	0.2205	0.0582
000621	T	0.006092	0.442424	0.565746	0.0079	0.0341	0.1920	0.1140	0.2080	0.2215	0.0599
000622	C	0.006588	0.444289	0.567169	0.0066	0.0398	0.1970	0.1110	0.2102	0.2215	0.0631
000623	R	0.007889	0.448365	0.569717	0.0090	0.0240	0.1780	0.0940	0.2061	0.2247	0.0723
000624	S	0.009295	0.442552	0.571457	0.0094	0.0227	0.1810	0.0880	0.2060	0.2240	0.0807
000625	D	0.010878	0.449580	0.572469	0.0090	0.0473	0.1950	0.0890	0.2140	0.2219	0.0898
000626	V	0.011858	0.453267	0.573121	0.0090	0.0473	0.1950	0.0880	0.2150	0.2226	0.0921
000627	S	0.022302	0.478520	0.573054	0.0141	0.0473	0.1950	0.0850	0.2217	0.2249	0.0881
000628	L	0.031117	0.472615	0.571927	0.0212	0.0662	0.2090	0.0900	0.2287	0.2184	0.0894
000629	C	0.055946	0.470216	0.569529	0.0137	0.0592	0.1840	0.0730	0.2254	0.2165	0.0866
000630	N	0.081112	0.459188	0.565635	0.0144	0.0631	0.1500	0.0640	0.2222	0.2112	0.0991
000631	L	0.104059	0.437613	0.561803	0.0350	0.1349	0.1740	0.0740	0.2412	0.1908	0.1162
000632	E	0.111580	0.429423	0.557141	0.0350	0.1349	0.1950	0.0930	0.2438	0.1862	0.1198
000633	R	0.173270	0.402828	0.554694	0.0884	0.2436	0.2260	0.1060	0.2814	0.1543	0.1219
000634	C	0.220425	0.439860	0.553179	0.0858	0.2364	0.2740	0.1210	0.3016	0.1531	0.1130
000635	S	0.265428	0.473678	0.555367	0.0789	0.2399	0.2880	0.1370	0.3170	0.1568	0.1179
000636	G	0.324177	0.487702	0.560204	0.0723	0.2436	0.3640	0.1610	0.3420	0.1592	0.1223
000637	N	0.371051	0.516555	0.565515	0.1060	0.2364	0.4240	0.1740	0.3700	0.1582	0.1292
000638	I	0.415894	0.544467	0.570122	0.1041	0.2436	0.4730	0.1610	0.3919	0.1669	0.1458
000639	K	0.438604	0.570525	0.573134	0.1117	0.2951	0.5170	0.1350	0.4176	0.1665	0.1547
000640	A	0.498135	0.589317	0.576644	0.2333	0.4292	0.6140	0.1350	0.4902	0.1307	0.1734
000641	D	0.572450	0.611430	0.580891	0.2333	0.4256	0.6420	0.1380	0.5109	0.1416	0.1740
000642	T	0.596840	0.616782	0.586080	0.2963	0.4831	0.7040	0.1350	0.5471	0.1294	0.1713
000643	T	0.616114	0.623221	0.593128	0.2786	0.4582	0.8460	0.0700	0.5692	0.1727	0.1740
000644	G	0.646055	0.649031	0.602007	0.3184	0.4409	0.8610	0.0820	0.5863	0.1714	0.1782
000645	G	0.659639	0.672354	0.613025	0.5412	0.6089	0.8210	0.0830	0.6528	0.0864	0.1839
000646	Q	0.677170	0.700477	0.624738	0.5802	0.5992	0.7970	0.1550	0.6631	0.0730	0.1829
000647	E	0.669070	0.712889	0.635731	0.6374	0.5951	0.8030	0.1320	0.6756	0.0674	0.1858
000648	I	0.714659	0.714384	0.643955	0.6789	0.5707	0.8640	0.0920	0.6978	0.0892	0.1910
000649	H	0.748480	0.733923	0.650528	0.7644	0.6661	0.9130	0.0730	0.7461	0.0856	0.1904
000650	K	0.677128	0.754973	0.656257	0.8118	0.6661	0.8960	0.0740	0.7438	0.0877	0.1944
000651	N	0.558155	0.763327	0.663170	0.8746	0.7036	0.9200	0.0670	0.7472	0.1233	0.1987
000652	N	0.864900	0.771254	0.666686	0.9103	0.6712	0.8650	0.1140	0.7915	0.0961	0.2085