RESNUM	RES	VL-XT	VSL2B	VL3	IUPred-S	IUPred-L	PONDRFIT	FITERROR	MDP	MDPERROR	ANCHOR2
000001	M	0.994611	0.934609	0.838531	0.9491	0.4801	0.9810	0.0160	0.8630	0.1784	0.4106
000002	A	0.997257	0.933312	0.837761	0.9348	0.5665	0.9860	0.0090	0.8760	0.1477	0.4107
000003	G	0.976775	0.930754	0.836099	0.8677	0.5758	0.9820	0.0150	0.8616	0.1384	0.4103
000004	P	0.958636	0.926116	0.833875	0.8521	0.6576	0.9710	0.0250	0.8665	0.1063	0.4102
000005	A	0.943448	0.919848	0.831249	0.8158	0.6089	0.9760	0.0170	0.8492	0.1219	0.4103
000006	P	0.935202	0.914039	0.828477	0.7951	0.5707	0.9750	0.0150	0.8365	0.1339	0.4106
000007	P	0.929468	0.910750	0.825982	0.7275	0.5854	0.9680	0.0160	0.8245	0.1327	0.4129
000008	V	0.921162	0.904477	0.823016	0.6604	0.6043	0.9720	0.0120	0.8143	0.1369	0.4167
000009	A	0.903542	0.897264	0.818943	0.6174	0.5139	0.9610	0.0290	0.7853	0.1635	0.4248
000010	D	0.897822	0.889964	0.813213	0.5667	0.4292	0.9390	0.0570	0.7561	0.1904	0.4296
000011	E	0.871555	0.883207	0.806175	0.4651	0.4441	0.9440	0.0520	0.7356	0.2028	0.4312
000012	L	0.860164	0.871247	0.796845	0.4203	0.4864	0.9350	0.0600	0.7284	0.1995	0.4236
000013	P	0.834730	0.854251	0.786513	0.4458	0.4801	0.9040	0.0670	0.7175	0.1835	0.4139
000014	G	0.786594	0.826272	0.774993	0.4379	0.5017	0.8840	0.0750	0.7019	0.1687	0.4071
000015	P	0.735999	0.812355	0.763120	0.3885	0.4369	0.8430	0.0800	0.6633	0.1809	0.4024
000016	A	0.706757	0.783389	0.748917	0.4379	0.4685	0.7870	0.0800	0.6555	0.1457	0.3962
000017	A	0.685376	0.765029	0.733334	0.3847	0.3599	0.7830	0.0880	0.6186	0.1769	0.3911
000018	R	0.655100	0.731047	0.716242	0.3630	0.2541	0.7590	0.1070	0.5798	0.1968	0.3855
000019	R	0.614846	0.712631	0.697943	0.3263	0.3321	0.6800	0.1200	0.5606	0.1664	0.3854
000020	L	0.608841	0.666951	0.678003	0.2820	0.2884	0.6350	0.1360	0.5265	0.1721	0.3918
000021	Y	0.602835	0.631951	0.656992	0.2786	0.2503	0.5980	0.1580	0.5031	0.1700	0.3918
000022	S	0.609607	0.633173	0.635603	0.1844	0.1643	0.5850	0.1810	0.4686	0.2088	0.3941
000023	R	0.627266	0.615796	0.613899	0.2122	0.2470	0.5880	0.1780	0.4840	0.1805	0.4002
000024	M	0.642908	0.598127	0.593184	0.1266	0.2129	0.5800	0.1770	0.4590	0.2069	0.4139
000025	E	0.638438	0.559234	0.573588	0.1380	0.2328	0.5350	0.1690	0.4462	0.1890	0.4195
000026	A	0.636263	0.529750	0.556342	0.1205	0.2064	0.5200	0.1680	0.4283	0.1925	0.4236
000027	S	0.657919	0.497946	0.540341	0.1532	0.1671	0.4940	0.1810	0.4184	0.1905	0.4289
000028	C	0.686633	0.484016	0.526020	0.1732	0.1184	0.4870	0.1620	0.4126	0.2010	0.4328
000029	L	0.696110	0.467442	0.511985	0.1178	0.1162	0.4590	0.1590	0.3948	0.2115	0.4254
000030	E	0.697667	0.470951	0.497568	0.0660	0.0967	0.4000	0.1320	0.3715	0.2243	0.4277
000031	L	0.680272	0.463967	0.481717	0.0909	0.1424	0.3540	0.1120	0.3688	0.2031	0.4316
000032	A	0.665173	0.432051	0.464081	0.1150	0.2258	0.3130	0.1070	0.3692	0.1774	0.4209
000033	L	0.656443	0.431182	0.444736	0.1117	0.1399	0.2750	0.1050	0.3431	0.1896	0.4107
000034	E	0.633184	0.424542	0.424345	0.1178	0.1373	0.2520	0.1000	0.3316	0.1816	0.3957
000035	G	0.623356	0.396833	0.403193	0.0771	0.1731	0.2230	0.0840	0.3160	0.1802	0.3718
000036	E	0.592810	0.386066	0.382054	0.0621	0.1554	0.2040	0.0790	0.2971	0.1763	0.3560
000037	R	0.507728	0.357605	0.360681	0.0771	0.1349	0.1810	0.0560	0.2698	0.1505	0.3338
000038	L	0.443910	0.342243	0.339163	0.0744	0.1162	0.1720	0.0400	0.2480	0.1347	0.3108
000039	C	0.388012	0.323438	0.317655	0.0832	0.1028	0.1600	0.0360	0.2292	0.1183	0.2827
000040	K	0.348253	0.325249	0.296337	0.1041	0.0870	0.1450	0.0440	0.2177	0.1081	0.2629
000041	A	0.296000	0.319920	0.275589	0.0514	0.0870	0.1470	0.0430	0.1962	0.1056	0.2554
000042	G	0.241659	0.299161	0.255681	0.0478	0.1115	0.1310	0.0420	0.1812	0.0897	0.2529
000043	D	0.193719	0.272661	0.237967	0.0643	0.1115	0.1290	0.0460	0.1681	0.0730	0.2551
000044	F	0.126909	0.247437	0.221461	0.0813	0.1206	0.1190	0.0400	0.1528	0.0601	0.2522
000045	K	0.077232	0.227234	0.206775	0.0554	0.1184	0.0960	0.0300	0.1301	0.0646	0.2455
000046	T	0.079963	0.200677	0.193227	0.0336	0.0835	0.0900	0.0280	0.1136	0.0618	0.2459
000047	G	0.087383	0.187014	0.181727	0.0316	0.0734	0.0770	0.0220	0.1063	0.0579	0.2414
000048	V	0.087068	0.166682	0.170499	0.0182	0.0749	0.0700	0.0180	0.0980	0.0544	0.2418
000049	A	0.066390	0.144967	0.159249	0.0308	0.1298	0.0610	0.0200	0.0988	0.0480	0.2430
000050	F	0.064428	0.132571	0.148620	0.0542	0.2164	0.0570	0.0200	0.1122	0.0596	0.2493
000051	F	0.068011	0.140878	0.139720	0.0643	0.1528	0.0600	0.0200	0.1044	0.0404	0.2441
000052	E	0.106353	0.148219	0.132136	0.0832	0.1791	0.0540	0.0170	0.1172	0.0414	0.2298
000053	A	0.145113	0.154270	0.125123	0.0464	0.1852	0.0640	0.0160	0.1200	0.0494	0.2122
000054	A	0.172713	0.170476	0.118487	0.0414	0.1206	0.0770	0.0250	0.1169	0.0470	0.1960
000055	V	0.173744	0.177825	0.111528	0.0771	0.2002	0.1010	0.0310	0.1401	0.0457	0.1859
000056	Q	0.154637	0.192544	0.104192	0.0464	0.1759	0.1230	0.0340	0.1327	0.0488	0.1798
000057	V	0.166213	0.242574	0.095086	0.0464	0.1115	0.1780	0.0410	0.1399	0.0635	0.1726
000058	G	0.208761	0.313673	0.084903	0.0376	0.0676	0.1970	0.0460	0.1516	0.0967	0.1675
000059	T	0.227415	0.344996	0.073514	0.0350	0.0948	0.2050	0.0410	0.1634	0.1065	0.1673
000060	E	0.240092	0.351202	0.062013	0.0259	0.1206	0.2020	0.0490	0.1670	0.1107	0.1688
000061	D	0.222087	0.383319	0.051186	0.0455	0.1373	0.2180	0.0480	0.1763	0.1162	0.1685
000062	L	0.188350	0.353930	0.041645	0.0884	0.2193	0.2280	0.0580	0.1866	0.1012	0.1725
000063	K	0.161073	0.318337	0.034135	0.0405	0.2164	0.2100	0.0500	0.1635	0.1007	0.1754
000064	T	0.155226	0.299770	0.028624	0.0514	0.2164	0.1930	0.0600	0.1574	0.0938	0.1824
000065	L	0.147187	0.295111	0.024539	0.0701	0.1702	0.1670	0.0560	0.1457	0.0854	0.1877
000066	S	0.116161	0.254293	0.022171	0.0935	0.1424	0.1410	0.0410	0.1283	0.0694	0.1926
000067	A	0.067878	0.222384	0.020702	0.0542	0.0817	0.1220	0.0280	0.0948	0.0646	0.2022
000068	I	0.046755	0.204910	0.020054	0.0478	0.0765	0.1110	0.0240	0.0845	0.0608	0.2159
000069	Y	0.026266	0.187723	0.019291	0.0304	0.0780	0.0960	0.0300	0.0729	0.0586	0.2333
000070	S	0.005830	0.166004	0.018895	0.0167	0.0851	0.0860	0.0270	0.0631	0.0563	0.2460
000071	Q	0.000842	0.162737	0.019960	0.0157	0.0799	0.0820	0.0240	0.0602	0.0555	0.2591
000072	L	0.000533	0.153209	0.022597	0.0167	0.0749	0.0870	0.0230	0.0592	0.0524	0.2772
000073	G	0.001022	0.139986	0.026651	0.0327	0.1162	0.0880	0.0270	0.0674	0.0506	0.2890
000074	N	0.001261	0.138204	0.032255	0.0350	0.1007	0.0860	0.0280	0.0657	0.0468	0.3066
000075	A	0.001522	0.149244	0.039299	0.0363	0.0631	0.0790	0.0210	0.0615	0.0461	0.3232
000076	Y	0.001826	0.149379	0.046945	0.0514	0.1092	0.0740	0.0220	0.0722	0.0472	0.3422
000077	F	0.001979	0.157853	0.054996	0.0304	0.0676	0.0860	0.0330	0.0665	0.0489	0.3569
000078	Y	0.002273	0.195928	0.063196	0.0414	0.0835	0.1120	0.0510	0.0831	0.0609	0.3617
000079	L	0.002514	0.220860	0.071973	0.0414	0.1323	0.1370	0.0620	0.1010	0.0716	0.3637
000080	K	0.002627	0.250598	0.080292	0.0701	0.2129	0.1490	0.0620	0.1275	0.0856	0.3595
000081	E	0.002675	0.290202	0.089906	0.0723	0.2224	0.1720	0.0730	0.1416	0.0969	0.3602
000082	H	0.002134	0.346911	0.100961	0.0677	0.1528	0.2010	0.0790	0.1452	0.1097	0.3586
000083	G	0.002665	0.391450	0.114451	0.1322	0.1554	0.2180	0.0900	0.1690	0.1184	0.3534
000084	R	0.010046	0.431631	0.129529	0.0884	0.1092	0.2390	0.0950	0.1679	0.1358	0.3567
000085	A	0.046214	0.466838	0.146191	0.0542	0.0870	0.2320	0.0850	0.1720	0.1461	0.3607
000086	L	0.096284	0.468505	0.161960	0.0414	0.1048	0.1990	0.0700	0.1787	0.1389	0.3645
000087	E	0.127982	0.448833	0.175370	0.0554	0.1671	0.1760	0.0620	0.1918	0.1224	0.3650
000088	Y	0.146813	0.423481	0.186444	0.1060	0.1791	0.1550	0.0440	0.1994	0.1035	0.3654
000089	H	0.170745	0.399635	0.195888	0.1602	0.2575	0.1350	0.0450	0.2198	0.0890	0.3697
000090	K	0.194744	0.339757	0.204357	0.1602	0.3356	0.1370	0.0630	0.2287	0.0802	0.3682
000091	H	0.237146	0.293693	0.211403	0.1566	0.3392	0.1270	0.0550	0.2275	0.0734	0.3718
000092	D	0.278810	0.260650	0.217564	0.1416	0.2884	0.1140	0.0390	0.2168	0.0673	0.3693
000093	L	0.340787	0.226212	0.223182	0.1456	0.2783	0.1130	0.0370	0.2211	0.0765	0.3724
000094	L	0.350968	0.210576	0.228301	0.1240	0.2951	0.1150	0.0420	0.2207	0.0848	0.3695
000095	L	0.367127	0.217900	0.233636	0.1240	0.2680	0.1200	0.0430	0.2217	0.0851	0.3589
000096	A	0.413675	0.236625	0.238983	0.1566	0.2884	0.1170	0.0370	0.2419	0.0954	0.3429
000097	R	0.443387	0.245332	0.244022	0.1998	0.3321	0.1250	0.0320	0.2649	0.1009	0.3274
000098	T	0.469096	0.260709	0.249004	0.1921	0.3117	0.1310	0.0320	0.2689	0.1059	0.3134
000099	I	0.492252	0.284154	0.253994	0.2483	0.3910	0.1340	0.0340	0.3006	0.1139	0.3033
000100	G	0.510139	0.329610	0.259806	0.2531	0.3948	0.1380	0.0340	0.3142	0.1176	0.2923
000101	D	0.540930	0.391277	0.265990	0.2483	0.3286	0.1830	0.0640	0.3263	0.1159	0.2866
000102	R	0.544580	0.469174	0.271096	0.2432	0.3149	0.2450	0.0840	0.3479	0.1169	0.2818
000103	M	0.575553	0.528259	0.275150	0.1635	0.3149	0.3090	0.0920	0.3611	0.1444	0.2774
000104	G	0.543025	0.571075	0.278920	0.2292	0.3910	0.2930	0.0590	0.3844	0.1314	0.2656
000105	E	0.487463	0.637074	0.282395	0.2963	0.3872	0.2880	0.0590	0.3964	0.1298	0.2599
000106	A	0.475055	0.653065	0.286314	0.3762	0.4541	0.3200	0.0810	0.4275	0.1211	0.2589
000107	K	0.494909	0.626279	0.288555	0.3263	0.4220	0.2990	0.0690	0.4095	0.1213	0.2599
000108	A	0.453216	0.602699	0.290460	0.3225	0.3494	0.2870	0.0610	0.3842	0.1124	0.2630
000109	S	0.402476	0.555002	0.291447	0.2657	0.3392	0.2420	0.0430	0.3492	0.1058	0.2700
000110	G	0.392927	0.496023	0.292579	0.2865	0.4220	0.2230	0.0450	0.3522	0.0929	0.2748
000111	N	0.381596	0.465988	0.295077	0.2865	0.3249	0.2310	0.0550	0.3309	0.0754	0.2820
000112	L	0.312384	0.444479	0.295987	0.2913	0.3215	0.2700	0.0870	0.3225	0.0569	0.2943
000113	G	0.285034	0.403456	0.294894	0.2122	0.3356	0.2550	0.0760	0.2978	0.0604	0.3029
000114	N	0.265659	0.361242	0.288782	0.2531	0.3392	0.2150	0.0700	0.2872	0.0499	0.3148
000115	T	0.230174	0.337675	0.279286	0.2657	0.3149	0.1780	0.0590	0.2676	0.0528	0.3318
000116	L	0.161223	0.293681	0.266928	0.2255	0.2399	0.1490	0.0390	0.2228	0.0524	0.3492
000117	K	0.157338	0.247527	0.255267	0.2292	0.1881	0.1270	0.0370	0.2007	0.0473	0.3647
000118	V	0.148706	0.231403	0.245566	0.1732	0.1229	0.1130	0.0320	0.1725	0.0506	0.3788
000119	L	0.085979	0.210572	0.238041	0.1349	0.1501	0.1010	0.0280	0.1534	0.0549	0.3891
000120	G	0.025248	0.177784	0.231815	0.0858	0.1528	0.1010	0.0270	0.1290	0.0670	0.3917
000121	R	0.017614	0.165097	0.226765	0.0909	0.1611	0.1140	0.0350	0.1292	0.0658	0.3985
000122	F	0.011932	0.159836	0.222913	0.0909	0.1028	0.1310	0.0460	0.1199	0.0647	0.4053
000123	D	0.009749	0.150191	0.220030	0.1495	0.1501	0.1240	0.0470	0.1340	0.0628	0.4045
000124	E	0.020615	0.147408	0.217553	0.0965	0.0985	0.1130	0.0440	0.1156	0.0593	0.4073
000125	A	0.034318	0.150860	0.216190	0.0991	0.0780	0.1090	0.0430	0.1145	0.0573	0.4126
000126	A	0.052006	0.139290	0.214505	0.0567	0.0799	0.1040	0.0410	0.1077	0.0561	0.4170
000127	V	0.065269	0.120605	0.213317	0.0771	0.1349	0.1080	0.0340	0.1198	0.0482	0.4196
000128	C	0.099103	0.114895	0.212340	0.0813	0.1424	0.1080	0.0350	0.1264	0.0426	0.4202
000129	C	0.150930	0.124215	0.210446	0.1178	0.1881	0.1060	0.0400	0.1496	0.0381	0.4218
000130	Q	0.196821	0.131969	0.207162	0.1698	0.2609	0.0980	0.0280	0.1775	0.0526	0.4244
000131	R	0.242700	0.148475	0.201819	0.1667	0.2645	0.0990	0.0240	0.1872	0.0563	0.4324
000132	H	0.287975	0.173214	0.196453	0.1698	0.2064	0.1090	0.0210	0.1905	0.0534	0.4305
000133	L	0.329421	0.199692	0.192066	0.2432	0.2988	0.1350	0.0350	0.2331	0.0659	0.4300
000134	S	0.373449	0.235242	0.189281	0.1766	0.3087	0.2050	0.0690	0.2480	0.0707	0.4327
000135	I	0.423112	0.317327	0.186203	0.1635	0.2645	0.2870	0.0960	0.2737	0.0859	0.4301
000136	A	0.485239	0.405769	0.181708	0.1921	0.2951	0.3390	0.0960	0.3165	0.1088	0.4214
000137	Q	0.525789	0.480809	0.174324	0.1878	0.2951	0.3830	0.1040	0.3411	0.1347	0.4116
000138	E	0.539709	0.543510	0.167832	0.2432	0.2849	0.3940	0.1080	0.3622	0.1434	0.4050
000139	Q	0.569103	0.600165	0.161768	0.2913	0.2918	0.3780	0.1110	0.3820	0.1568	0.4066
000140	G	0.603735	0.603778	0.157924	0.3005	0.3872	0.3710	0.1250	0.4040	0.1594	0.4103
000141	D	0.631281	0.589289	0.154254	0.2167	0.3019	0.3310	0.1090	0.3707	0.1792	0.4144
000142	K	0.619335	0.566274	0.150394	0.2167	0.2951	0.2850	0.0970	0.3554	0.1751	0.4185
000143	V	0.592242	0.509036	0.146817	0.1602	0.3019	0.1950	0.0560	0.3176	0.1738	0.4220
000144	G	0.553306	0.436715	0.143644	0.2292	0.3182	0.1510	0.0400	0.3054	0.1497	0.4216
000145	E	0.478972	0.384489	0.142342	0.2292	0.2470	0.1230	0.0490	0.2675	0.1271	0.4285
000146	A	0.405788	0.317597	0.142190	0.2700	0.3356	0.1020	0.0390	0.2622	0.1074	0.4284
000147	R	0.339239	0.242511	0.142795	0.2333	0.3356	0.0940	0.0380	0.2313	0.0907	0.4167
000148	A	0.263394	0.200957	0.143700	0.2432	0.3249	0.0870	0.0360	0.2106	0.0782	0.4060
000149	L	0.182535	0.182428	0.143852	0.2122	0.3053	0.0840	0.0370	0.1851	0.0671	0.4001
000150	Y	0.109484	0.168074	0.143208	0.2122	0.2951	0.0830	0.0380	0.1686	0.0699	0.4027
000151	N	0.068213	0.169616	0.142282	0.2209	0.3117	0.0840	0.0390	0.1662	0.0827	0.4094
000152	I	0.037482	0.182869	0.141086	0.2122	0.2328	0.0960	0.0470	0.1505	0.0676	0.4152
000153	G	0.008009	0.190766	0.140172	0.2292	0.2328	0.0940	0.0350	0.1491	0.0798	0.4202
000154	N	0.006535	0.186754	0.139123	0.2292	0.1969	0.1180	0.0440	0.1460	0.0724	0.4232
000155	V	0.004890	0.207354	0.137792	0.2432	0.2129	0.1460	0.0540	0.1586	0.0782	0.4186
000156	Y	0.005892	0.222239	0.134985	0.1698	0.1759	0.1920	0.0860	0.1502	0.0696	0.4184
000157	H	0.028082	0.241348	0.132054	0.2080	0.1759	0.2030	0.0860	0.1647	0.0696	0.4208
000158	A	0.053369	0.280441	0.129324	0.1805	0.1881	0.2030	0.0680	0.1725	0.0695	0.4243
000159	K	0.056161	0.317371	0.127301	0.1844	0.1881	0.2160	0.0570	0.1816	0.0800	0.4285
000160	G	0.066110	0.322696	0.125941	0.2558	0.2609	0.2210	0.0460	0.2088	0.0869	0.4304
000161	K	0.078378	0.379357	0.127279	0.3053	0.3494	0.1980	0.0550	0.2395	0.1128	0.4288
000162	Q	0.086065	0.423727	0.131309	0.3005	0.3392	0.1940	0.0630	0.2458	0.1188	0.4250
000163	L	0.126907	0.403065	0.135721	0.3806	0.4507	0.2190	0.0650	0.2860	0.1305	0.4208
000164	S	0.215099	0.380020	0.138687	0.3885	0.4507	0.2160	0.0760	0.2982	0.1134	0.4185
000165	W	0.314153	0.375026	0.141015	0.4078	0.4476	0.2750	0.0870	0.3267	0.1007	0.4176
000166	N	0.354238	0.364693	0.143352	0.4556	0.4292	0.2590	0.0840	0.3344	0.1058	0.4231
000167	A	0.368887	0.368484	0.146031	0.5296	0.5456	0.2660	0.0740	0.3707	0.1399	0.4233
000168	A	0.406292	0.391095	0.149625	0.4556	0.5758	0.2490	0.0730	0.3712	0.1383	0.4225
000169	N	0.444370	0.438616	0.153563	0.5084	0.6183	0.2400	0.0940	0.4005	0.1577	0.4214
000170	A	0.496885	0.471414	0.159795	0.5331	0.5456	0.2900	0.1060	0.4162	0.1424	0.4182
000171	T	0.525669	0.517176	0.165922	0.5374	0.5533	0.3350	0.1070	0.4391	0.1424	0.4153
000172	Q	0.555292	0.552878	0.173850	0.4918	0.5707	0.3390	0.0880	0.4473	0.1452	0.4130
000173	D	0.538975	0.592359	0.181844	0.4749	0.5620	0.3270	0.0820	0.4462	0.1462	0.4114
000174	P	0.510936	0.584203	0.191480	0.5412	0.5620	0.3160	0.0720	0.4509	0.1458	0.4107
000175	G	0.526796	0.581530	0.201817	0.5374	0.4685	0.3730	0.1070	0.4481	0.1283	0.4070
000176	H	0.575227	0.569589	0.212312	0.5549	0.5807	0.3800	0.1330	0.4787	0.1382	0.4031
000177	L	0.611127	0.548165	0.222401	0.4825	0.5296	0.3400	0.1190	0.4557	0.1333	0.3997
000178	P	0.621134	0.531055	0.232188	0.5043	0.5620	0.2830	0.0850	0.4557	0.1451	0.4023
000179	P	0.625866	0.500436	0.240317	0.5084	0.6183	0.2480	0.0700	0.4569	0.1579	0.4058
000180	D	0.665735	0.459827	0.247822	0.5084	0.4831	0.2480	0.0650	0.4354	0.1482	0.4096
000181	V	0.666165	0.428209	0.255704	0.5473	0.4330	0.2500	0.0700	0.4301	0.1484	0.4114
000182	R	0.658540	0.406686	0.265352	0.4749	0.4409	0.2280	0.0670	0.4124	0.1419	0.4129
000183	E	0.659910	0.359472	0.275319	0.3992	0.4330	0.1980	0.0620	0.3875	0.1447	0.4155
000184	T	0.655346	0.337440	0.282995	0.4078	0.4409	0.1800	0.0590	0.3840	0.1481	0.4174
000185	L	0.630808	0.319972	0.287639	0.3806	0.3392	0.1610	0.0500	0.3532	0.1417	0.4192
000186	C	0.607452	0.299284	0.290874	0.3885	0.3426	0.1530	0.0520	0.3470	0.1370	0.4220
000187	K	0.613624	0.313738	0.294064	0.3225	0.2645	0.1390	0.0460	0.3246	0.1430	0.4240
000188	A	0.605667	0.332731	0.296826	0.3885	0.2817	0.1380	0.0460	0.3406	0.1409	0.4218
000189	S	0.553507	0.333791	0.297394	0.2913	0.2470	0.1390	0.0440	0.3103	0.1250	0.4165
000190	E	0.502925	0.317606	0.295694	0.2080	0.2292	0.1430	0.0450	0.2827	0.1140	0.4105
000191	F	0.491149	0.316652	0.294122	0.2080	0.1611	0.1570	0.0550	0.2713	0.1156	0.4036
000192	Y	0.477573	0.326028	0.291440	0.2700	0.2064	0.1590	0.0590	0.2885	0.1007	0.3987
000193	E	0.477574	0.308580	0.288095	0.1958	0.2094	0.1570	0.0590	0.2727	0.1056	0.3967
000194	R	0.488857	0.312266	0.283406	0.1844	0.2002	0.1610	0.0640	0.2717	0.1110	0.3939
000195	N	0.511474	0.324073	0.278281	0.1921	0.1731	0.1610	0.0630	0.2733	0.1216	0.3907
000196	L	0.506134	0.314429	0.272119	0.2483	0.2094	0.1600	0.0680	0.2851	0.1100	0.3869
000197	S	0.478376	0.302101	0.266914	0.2865	0.3019	0.1510	0.0590	0.2979	0.0959	0.3839
000198	L	0.510447	0.323796	0.264314	0.2531	0.2988	0.1420	0.0440	0.2987	0.1106	0.3799
000199	V	0.560473	0.343475	0.263669	0.2865	0.3249	0.1520	0.0500	0.3218	0.1231	0.3818
000200	K	0.560570	0.362630	0.262202	0.2786	0.2988	0.1630	0.0550	0.3210	0.1223	0.3883
000201	E	0.547033	0.399434	0.257547	0.2657	0.2129	0.1750	0.0540	0.3095	0.1269	0.3950
000202	L	0.523628	0.433444	0.250275	0.3146	0.3053	0.1750	0.0560	0.3338	0.1149	0.4003
000203	G	0.510646	0.417293	0.240489	0.3005	0.3948	0.1620	0.0750	0.3376	0.1163	0.4091
000204	D	0.488125	0.405693	0.231272	0.2865	0.3087	0.1950	0.0940	0.3192	0.1003	0.4159
000205	R	0.481875	0.419769	0.221962	0.2865	0.3019	0.2130	0.0920	0.3209	0.0988	0.4189
000206	A	0.492021	0.420181	0.211738	0.1998	0.3053	0.1960	0.0780	0.3041	0.1154	0.4224
000207	A	0.466384	0.399934	0.201095	0.2558	0.3774	0.1790	0.0680	0.3133	0.1072	0.4295
000208	Q	0.411775	0.436473	0.190478	0.2558	0.3872	0.1920	0.0930	0.3123	0.1028	0.4318
000209	G	0.394673	0.443246	0.181820	0.3263	0.3807	0.2290	0.1190	0.3259	0.0928	0.4275
000210	R	0.378352	0.430950	0.174127	0.3847	0.3631	0.2750	0.1230	0.3344	0.0855	0.4322
000211	A	0.329231	0.424153	0.167846	0.3053	0.2951	0.2610	0.1000	0.2972	0.0766	0.4227
000212	Y	0.267202	0.412387	0.161597	0.2292	0.2783	0.2050	0.0710	0.2589	0.0788	0.4104
000213	G	0.217153	0.388796	0.155485	0.2292	0.3599	0.1510	0.0550	0.2502	0.0927	0.4076
000214	N	0.168477	0.380756	0.151184	0.2292	0.2645	0.1530	0.0630	0.2246	0.0813	0.4002
000215	L	0.127467	0.352253	0.149509	0.2255	0.2609	0.1760	0.0820	0.2153	0.0758	0.3895
000216	G	0.099216	0.308744	0.149400	0.1602	0.2715	0.1520	0.0730	0.1902	0.0741	0.3886
000217	N	0.082923	0.273030	0.149441	0.1844	0.2715	0.1330	0.0660	0.1823	0.0702	0.3870
000218	T	0.046892	0.256544	0.149458	0.2255	0.3053	0.1180	0.0580	0.1836	0.0876	0.3837
000219	H	0.016549	0.227953	0.149766	0.1844	0.3019	0.1120	0.0560	0.1654	0.0896	0.3786
000220	Y	0.015975	0.204769	0.151672	0.1921	0.2064	0.1170	0.0520	0.1480	0.0671	0.3797
000221	L	0.020067	0.218443	0.154723	0.1958	0.2164	0.1170	0.0450	0.1537	0.0697	0.3864
000222	L	0.020751	0.229417	0.157754	0.1495	0.2399	0.1120	0.0390	0.1516	0.0737	0.3984
000223	G	0.020863	0.244223	0.160323	0.2167	0.3286	0.1120	0.0470	0.1805	0.0982	0.4162
000224	N	0.019796	0.268523	0.161651	0.2167	0.3321	0.1240	0.0610	0.1872	0.1009	0.4267
000225	F	0.019345	0.291713	0.163227	0.2292	0.2470	0.1300	0.0650	0.1801	0.0894	0.4322
000226	T	0.019930	0.297529	0.165234	0.3225	0.2951	0.1290	0.0640	0.2049	0.1096	0.4208
000227	E	0.061932	0.303390	0.168549	0.2531	0.2193	0.1370	0.0730	0.1905	0.0790	0.4142
000228	A	0.082103	0.316918	0.171755	0.2209	0.1823	0.1540	0.0820	0.1880	0.0712	0.4078
000229	T	0.110764	0.308706	0.172760	0.1456	0.1759	0.1730	0.0800	0.1811	0.0615	0.4015
000230	T	0.135699	0.307145	0.172362	0.1205	0.1791	0.2220	0.0920	0.1895	0.0619	0.3937
000231	F	0.141538	0.332992	0.172071	0.1805	0.1554	0.2450	0.0940	0.2045	0.0660	0.3886
000232	H	0.175663	0.362618	0.172440	0.2558	0.2164	0.2110	0.0820	0.2323	0.0646	0.3868
000233	K	0.211601	0.341792	0.173571	0.2255	0.2951	0.1900	0.0770	0.2396	0.0596	0.3814
000234	E	0.247496	0.339927	0.175150	0.2292	0.2988	0.1850	0.0680	0.2460	0.0586	0.3794
000235	R	0.327112	0.344500	0.175500	0.2255	0.2541	0.2050	0.0800	0.2553	0.0617	0.3759
000236	L	0.386116	0.320983	0.174348	0.3053	0.3249	0.2160	0.0900	0.2879	0.0713	0.3696
000237	A	0.466970	0.312738	0.173209	0.2700	0.3356	0.2450	0.1140	0.3006	0.0906	0.3599
000238	I	0.542704	0.333225	0.173318	0.2292	0.3249	0.2570	0.1220	0.3101	0.1175	0.3495
000239	A	0.619628	0.365477	0.174202	0.2748	0.3566	0.2740	0.1130	0.3441	0.1385	0.3384
000240	K	0.696137	0.392489	0.172732	0.2748	0.3215	0.3240	0.1250	0.3637	0.1628	0.3276
000241	E	0.731198	0.441331	0.170322	0.2700	0.2364	0.3140	0.1090	0.3605	0.1852	0.3176
000242	F	0.755711	0.492688	0.166843	0.3225	0.3321	0.3200	0.1140	0.3983	0.1855	0.3123
000243	G	0.786498	0.498707	0.163904	0.2333	0.3356	0.3080	0.1400	0.3876	0.2059	0.3029
000244	D	0.775476	0.519323	0.160621	0.2292	0.2680	0.3550	0.1560	0.3846	0.2081	0.2990
000245	K	0.742531	0.551267	0.156013	0.2209	0.2503	0.3590	0.1480	0.3799	0.2056	0.2994
000246	A	0.705496	0.554467	0.150629	0.1416	0.2645	0.3330	0.1070	0.3583	0.2076	0.2987
000247	A	0.621986	0.530910	0.147322	0.1998	0.3087	0.3040	0.0920	0.3522	0.1703	0.2988
000248	E	0.522514	0.543493	0.146288	0.2333	0.3426	0.2660	0.0970	0.3423	0.1467	0.3015
000249	R	0.452348	0.515105	0.147580	0.2820	0.3631	0.2580	0.0970	0.3364	0.1231	0.3072
000250	R	0.401150	0.486340	0.147986	0.3184	0.2918	0.2570	0.0880	0.3172	0.1069	0.3121
000251	A	0.345278	0.462497	0.147443	0.2432	0.2193	0.2510	0.0850	0.2782	0.1008	0.3180
000252	Y	0.288669	0.448760	0.145873	0.1602	0.2064	0.2410	0.0870	0.2485	0.1016	0.3263
000253	S	0.231453	0.392677	0.143614	0.1766	0.3087	0.2110	0.0690	0.2440	0.0838	0.3274
000254	N	0.175379	0.359196	0.140723	0.1766	0.2129	0.2000	0.0640	0.2108	0.0701	0.3319
000255	L	0.117730	0.317836	0.137182	0.1732	0.2129	0.2110	0.0610	0.1950	0.0651	0.3385
000256	G	0.104863	0.265126	0.132865	0.1060	0.1611	0.1860	0.0700	0.1592	0.0554	0.3393
000257	N	0.099036	0.231459	0.128771	0.1322	0.1643	0.1530	0.0620	0.1514	0.0412	0.3452
000258	A	0.082260	0.202058	0.123755	0.1088	0.1671	0.1150	0.0430	0.1332	0.0398	0.3519
000259	H	0.060351	0.164614	0.117767	0.0832	0.1643	0.0820	0.0190	0.1121	0.0407	0.3608
000260	V	0.053296	0.132763	0.111707	0.0643	0.1092	0.0710	0.0180	0.0904	0.0290	0.3622
000261	F	0.040704	0.129809	0.105434	0.0677	0.0676	0.0660	0.0150	0.0795	0.0294	0.3661
000262	L	0.028720	0.126050	0.099570	0.0502	0.0780	0.0630	0.0190	0.0743	0.0319	0.3693
000263	G	0.016734	0.119633	0.092913	0.0526	0.1251	0.0560	0.0140	0.0771	0.0389	0.3659
000264	R	0.010357	0.125312	0.086177	0.0526	0.1298	0.0620	0.0230	0.0777	0.0418	0.3676
000265	F	0.001630	0.126352	0.078909	0.0514	0.0780	0.0790	0.0310	0.0692	0.0375	0.3682
000266	D	0.000691	0.123586	0.072191	0.0858	0.1275	0.0870	0.0290	0.0828	0.0419	0.3636
000267	V	0.001019	0.131027	0.066590	0.0514	0.0835	0.0900	0.0210	0.0705	0.0396	0.3611
000268	A	0.002823	0.155308	0.061965	0.0502	0.0749	0.1000	0.0250	0.0742	0.0466	0.3544
000269	A	0.037628	0.165705	0.056924	0.0350	0.0888	0.1170	0.0330	0.0836	0.0467	0.3471
000270	E	0.073992	0.187171	0.053361	0.0336	0.0888	0.1380	0.0390	0.0959	0.0522	0.3384
000271	Y	0.077807	0.234490	0.052301	0.0526	0.0799	0.1910	0.0630	0.1147	0.0713	0.3328
000272	Y	0.111818	0.281820	0.054906	0.0909	0.1424	0.1930	0.0690	0.1458	0.0743	0.3219
000273	K	0.137431	0.295841	0.058991	0.0832	0.2094	0.1530	0.0620	0.1563	0.0790	0.3057
000274	K	0.184664	0.326800	0.064376	0.0832	0.2193	0.1650	0.0660	0.1740	0.0874	0.2954
000275	T	0.231623	0.370298	0.068299	0.0909	0.1914	0.1700	0.0630	0.1871	0.0993	0.2831
000276	L	0.279710	0.370445	0.071461	0.1532	0.2258	0.1700	0.0600	0.2118	0.0956	0.2707
000277	Q	0.312691	0.368373	0.074272	0.1205	0.2328	0.1630	0.0640	0.2119	0.1039	0.2583
000278	L	0.310246	0.380627	0.077123	0.1205	0.2609	0.1830	0.0720	0.2220	0.1059	0.2468
000279	S	0.306243	0.395310	0.079432	0.1495	0.2951	0.2010	0.0930	0.2378	0.1057	0.2345
000280	R	0.336688	0.396783	0.079837	0.1456	0.2918	0.2450	0.1190	0.2494	0.1085	0.2215
000281	Q	0.324514	0.422712	0.080996	0.1416	0.2002	0.2620	0.1180	0.2386	0.1137	0.2087
000282	L	0.322923	0.452370	0.081613	0.1766	0.2002	0.2510	0.1070	0.2474	0.1172	0.1955
000283	R	0.308505	0.444873	0.081986	0.1667	0.2752	0.2110	0.0800	0.2480	0.1145	0.1874
000284	D	0.292332	0.432428	0.081667	0.1117	0.2002	0.1970	0.0690	0.2192	0.1170	0.1814
000285	Q	0.274506	0.427836	0.082315	0.1150	0.2002	0.1730	0.0600	0.2121	0.1143	0.1750
000286	A	0.264091	0.395734	0.084296	0.0660	0.2094	0.1530	0.0560	0.1954	0.1125	0.1704
000287	V	0.251597	0.336547	0.087453	0.1117	0.2884	0.1400	0.0550	0.2026	0.0941	0.1672
000288	E	0.229364	0.313063	0.091256	0.1150	0.2002	0.1030	0.0370	0.1753	0.0800	0.1651
000289	A	0.214968	0.279440	0.095297	0.1844	0.2783	0.0950	0.0400	0.1912	0.0758	0.1639
000290	Q	0.200348	0.234875	0.098858	0.1240	0.2064	0.0930	0.0390	0.1596	0.0561	0.1642
000291	A	0.176872	0.207985	0.101630	0.1240	0.1424	0.0880	0.0340	0.1402	0.0416	0.1671
000292	C	0.144972	0.193707	0.104690	0.0723	0.1449	0.0750	0.0240	0.1226	0.0431	0.1724
000293	Y	0.117189	0.176741	0.108017	0.0744	0.2193	0.0660	0.0190	0.1270	0.0546	0.1819
000294	S	0.091038	0.174316	0.112393	0.0744	0.1476	0.0610	0.0110	0.1102	0.0399	0.1876
000295	L	0.069136	0.181800	0.116787	0.0744	0.1528	0.0660	0.0150	0.1101	0.0446	0.1957
000296	G	0.053763	0.181808	0.121699	0.0455	0.1501	0.0600	0.0100	0.1021	0.0522	0.2045
000297	N	0.043977	0.178622	0.125502	0.0621	0.1501	0.0570	0.0100	0.1029	0.0511	0.2148
000298	T	0.024303	0.191811	0.128027	0.0965	0.1791	0.0550	0.0090	0.1125	0.0609	0.2253
000299	Y	0.017489	0.193029	0.129098	0.0701	0.1791	0.0570	0.0120	0.1077	0.0644	0.2358
000300	T	0.028679	0.191305	0.130397	0.0723	0.1399	0.0680	0.0120	0.1052	0.0541	0.2435
000301	L	0.032920	0.216505	0.130252	0.0789	0.1449	0.0890	0.0230	0.1154	0.0580	0.2530
000302	L	0.034800	0.243347	0.129015	0.0554	0.1137	0.1050	0.0340	0.1135	0.0668	0.2633
000303	Q	0.032950	0.270427	0.125421	0.0909	0.1731	0.1110	0.0380	0.1340	0.0740	0.2729
000304	D	0.031920	0.292495	0.121435	0.0832	0.2575	0.1290	0.0510	0.1527	0.0926	0.2828
000305	Y	0.029050	0.327965	0.116179	0.0771	0.1914	0.1390	0.0630	0.1468	0.0953	0.2977
000306	E	0.043024	0.346628	0.111693	0.1240	0.1969	0.1380	0.0580	0.1600	0.0949	0.3107
000307	R	0.075729	0.355412	0.107870	0.0744	0.1323	0.1370	0.0480	0.1471	0.0963	0.3259
000308	A	0.108223	0.364981	0.105196	0.0414	0.1048	0.1320	0.0500	0.1429	0.1031	0.3399
000309	A	0.138534	0.346319	0.102116	0.0231	0.1070	0.1210	0.0450	0.1397	0.0993	0.3555
000310	E	0.159674	0.314182	0.099249	0.0308	0.1759	0.1020	0.0360	0.1470	0.0882	0.3698
000311	Y	0.185320	0.268492	0.096966	0.0327	0.1162	0.0920	0.0270	0.1320	0.0757	0.3866
000312	H	0.221930	0.227754	0.094804	0.0607	0.1501	0.0680	0.0150	0.1371	0.0684	0.3997
000313	L	0.239592	0.173781	0.093368	0.0607	0.2224	0.0560	0.0120	0.1410	0.0746	0.4055
000314	R	0.296518	0.154999	0.092176	0.0490	0.2129	0.0480	0.0130	0.1423	0.0904	0.4088
000315	H	0.342571	0.147546	0.091287	0.0490	0.1528	0.0480	0.0130	0.1386	0.1003	0.4084
000316	L	0.352467	0.142056	0.089832	0.0789	0.2258	0.0570	0.0090	0.1577	0.1031	0.4015
000317	L	0.339851	0.145391	0.088495	0.0464	0.2224	0.0670	0.0130	0.1516	0.1022	0.3892
000318	I	0.313743	0.160567	0.088172	0.0464	0.2193	0.0790	0.0220	0.1512	0.0925	0.3723
000319	A	0.295460	0.197045	0.088088	0.0621	0.2470	0.0840	0.0250	0.1622	0.0893	0.3540
000320	Q	0.276305	0.224914	0.087773	0.0771	0.2503	0.0930	0.0330	0.1683	0.0837	0.3349
000321	E	0.242224	0.249890	0.087243	0.0701	0.1671	0.1040	0.0380	0.1534	0.0720	0.3210
000322	L	0.231759	0.282205	0.087234	0.0991	0.1476	0.1100	0.0420	0.1596	0.0728	0.3038
000323	A	0.185495	0.303890	0.087119	0.0607	0.1399	0.0870	0.0230	0.1440	0.0824	0.2881
000324	D	0.142026	0.291562	0.086999	0.0554	0.1399	0.0850	0.0170	0.1335	0.0771	0.2769
000325	R	0.117227	0.306671	0.086256	0.0607	0.1399	0.0920	0.0210	0.1338	0.0812	0.2686
000326	V	0.112003	0.311603	0.085870	0.0376	0.1424	0.0900	0.0210	0.1299	0.0871	0.2601
000327	G	0.113483	0.285785	0.085369	0.0643	0.1823	0.0850	0.0250	0.1360	0.0768	0.2541
000328	E	0.109702	0.278484	0.085506	0.1117	0.1759	0.0810	0.0270	0.1403	0.0691	0.2533
000329	G	0.106139	0.264354	0.086862	0.1532	0.1969	0.0750	0.0270	0.1470	0.0669	0.2552
000330	R	0.117939	0.215044	0.089006	0.1117	0.2224	0.0800	0.0330	0.1393	0.0576	0.2599
000331	A	0.127567	0.175324	0.091892	0.0701	0.1881	0.0600	0.0130	0.1189	0.0493	0.2663
000332	C	0.126990	0.163192	0.094650	0.0660	0.1759	0.0490	0.0080	0.1126	0.0471	0.2739
000333	W	0.130905	0.141714	0.097445	0.0935	0.2436	0.0460	0.0080	0.1256	0.0610	0.2885
000334	S	0.130277	0.135054	0.099860	0.1150	0.3019	0.0430	0.0090	0.1375	0.0796	0.3011
000335	L	0.146010	0.145445	0.101479	0.1060	0.2715	0.0650	0.0210	0.1393	0.0653	0.3129
000336	G	0.155197	0.157835	0.102794	0.1322	0.2817	0.0640	0.0150	0.1489	0.0676	0.3230
000337	N	0.151526	0.155981	0.104195	0.1602	0.3182	0.0770	0.0260	0.1612	0.0765	0.3332
000338	A	0.144004	0.172582	0.107390	0.1732	0.2503	0.0700	0.0220	0.1529	0.0567	0.3456
000339	Y	0.128475	0.214769	0.111168	0.1416	0.2436	0.0690	0.0250	0.1515	0.0598	0.3562
000340	V	0.116149	0.232337	0.115543	0.1018	0.1554	0.0750	0.0310	0.1327	0.0505	0.3640
000341	S	0.106288	0.274576	0.118733	0.1041	0.1399	0.0830	0.0270	0.1377	0.0636	0.3731
000342	M	0.087321	0.292297	0.121353	0.0771	0.1583	0.0990	0.0270	0.1392	0.0734	0.3818
000343	G	0.071688	0.305719	0.123828	0.1088	0.2258	0.0920	0.0330	0.1547	0.0834	0.3871
000344	R	0.041888	0.284813	0.127512	0.1921	0.3356	0.0940	0.0350	0.1794	0.1037	0.3902
000345	P	0.016783	0.308463	0.132972	0.1878	0.2680	0.0980	0.0330	0.1687	0.0993	0.3975
000346	A	0.021369	0.312721	0.139242	0.2865	0.3494	0.1140	0.0340	0.2039	0.1193	0.4036
000347	Q	0.025964	0.301874	0.145172	0.2041	0.2715	0.1150	0.0400	0.1772	0.0940	0.4102
000348	A	0.027537	0.308760	0.151094	0.2080	0.2575	0.1340	0.0420	0.1811	0.0909	0.4170
000349	L	0.024627	0.293514	0.155826	0.1566	0.2918	0.1460	0.0530	0.1781	0.0929	0.4228
000350	T	0.030967	0.298215	0.160038	0.2432	0.3774	0.1570	0.0590	0.2111	0.1113	0.4271
000351	F	0.037308	0.308776	0.163720	0.3184	0.3599	0.1700	0.0550	0.2263	0.1125	0.4319
000352	A	0.038491	0.340231	0.167978	0.3225	0.3631	0.1690	0.0640	0.2335	0.1173	0.4317
000353	K	0.040762	0.322188	0.172290	0.2602	0.4051	0.1820	0.0750	0.2305	0.1165	0.4305
000354	K	0.081445	0.322200	0.176324	0.2657	0.4017	0.1720	0.0710	0.2365	0.1059	0.4308
000355	H	0.109070	0.331584	0.180774	0.2786	0.4149	0.1950	0.0730	0.2517	0.1019	0.4306
000356	L	0.145817	0.322562	0.187495	0.2558	0.3840	0.2170	0.0680	0.2520	0.0807	0.4283
000357	Q	0.184974	0.336576	0.197210	0.3005	0.4149	0.2510	0.0780	0.2808	0.0801	0.4252
000358	I	0.265983	0.400865	0.209025	0.2963	0.3426	0.2630	0.0790	0.2962	0.0616	0.4229
000359	S	0.342336	0.472901	0.220688	0.3311	0.3740	0.2440	0.0730	0.3308	0.0835	0.4230
000360	Q	0.408448	0.510106	0.229966	0.3225	0.4256	0.2460	0.0740	0.3570	0.1004	0.4229
000361	E	0.464339	0.540271	0.238050	0.3225	0.4186	0.2510	0.0800	0.3725	0.1111	0.4243
000362	I	0.527747	0.544699	0.244724	0.3762	0.4979	0.2450	0.0850	0.4060	0.1261	0.4261
000363	G	0.559348	0.508787	0.251221	0.4116	0.5419	0.1880	0.0580	0.4101	0.1438	0.4298
000364	D	0.593247	0.440263	0.257082	0.3762	0.4831	0.1910	0.0560	0.3901	0.1355	0.4328
000365	R	0.624673	0.452698	0.262643	0.3806	0.4652	0.1810	0.0600	0.3944	0.1441	0.4326
000366	H	0.645220	0.446876	0.268194	0.3096	0.4685	0.1780	0.0660	0.3860	0.1532	0.4316
000367	G	0.618135	0.419307	0.275363	0.3668	0.4766	0.1600	0.0650	0.3860	0.1454	0.4322
000368	E	0.549376	0.412225	0.283894	0.3668	0.4801	0.1580	0.0610	0.3751	0.1279	0.4333
000369	L	0.499853	0.401502	0.293309	0.3939	0.5017	0.1630	0.0490	0.3755	0.1186	0.4361
000370	T	0.460235	0.365747	0.302047	0.3992	0.4476	0.1660	0.0490	0.3567	0.1003	0.4402
000371	A	0.403829	0.345975	0.311536	0.3225	0.3774	0.1800	0.0550	0.3236	0.0713	0.4461
000372	R	0.337799	0.335166	0.322662	0.2558	0.3704	0.1700	0.0510	0.2987	0.0670	0.4541
000373	M	0.294752	0.308657	0.335147	0.2913	0.4441	0.1670	0.0490	0.3068	0.0812	0.4631
000374	N	0.262148	0.293374	0.348953	0.2913	0.3774	0.1640	0.0480	0.2896	0.0680	0.4696
000375	V	0.237738	0.282314	0.363628	0.2865	0.3740	0.1680	0.0510	0.2854	0.0707	0.4764
000376	A	0.243389	0.274880	0.378845	0.2122	0.3774	0.1690	0.0510	0.2759	0.0790	0.4819
000377	Q	0.305650	0.280501	0.394248	0.2041	0.4017	0.1680	0.0500	0.2923	0.0875	0.4869
000378	L	0.358063	0.282667	0.409781	0.2080	0.3807	0.1680	0.0490	0.3012	0.0896	0.4959
000379	Q	0.390051	0.289584	0.425343	0.2333	0.3529	0.1660	0.0480	0.3095	0.0900	0.5014
000380	L	0.455923	0.317694	0.441839	0.2913	0.4186	0.1760	0.0520	0.3503	0.0992	0.5096
000381	V	0.527372	0.345200	0.457545	0.2657	0.4256	0.1880	0.0570	0.3682	0.1157	0.5135
000382	L	0.576941	0.388313	0.472196	0.3005	0.4476	0.1930	0.0600	0.3965	0.1235	0.5160
000383	G	0.609411	0.421991	0.484870	0.3053	0.4831	0.1970	0.0640	0.4170	0.1334	0.5126
000384	R	0.645835	0.444000	0.496297	0.3399	0.5176	0.2240	0.0890	0.4446	0.1342	0.5100
000385	L	0.670741	0.480121	0.508238	0.3668	0.4409	0.2580	0.1120	0.4542	0.1269	0.5113
000386	T	0.680630	0.518821	0.520450	0.4420	0.4801	0.2900	0.1340	0.4887	0.1158	0.5112
000387	S	0.695142	0.544865	0.533023	0.3992	0.5017	0.3330	0.1330	0.5011	0.1150	0.5144
000388	P	0.738231	0.585910	0.543300	0.3630	0.4149	0.3920	0.1550	0.5062	0.1313	0.5183
000389	A	0.760148	0.619454	0.551522	0.4458	0.4901	0.4890	0.1750	0.5594	0.1053	0.5222
000390	A	0.778304	0.650472	0.559874	0.3578	0.4619	0.5250	0.1480	0.5556	0.1338	0.5248
000391	S	0.802463	0.673202	0.570518	0.4379	0.5456	0.5590	0.1390	0.5981	0.1141	0.5250
000392	E	0.832429	0.703715	0.582712	0.4651	0.6183	0.5540	0.1390	0.6261	0.1166	0.5275
000393	K	0.856340	0.689556	0.594759	0.5412	0.6806	0.5480	0.1340	0.6518	0.1082	0.5332
000394	P	0.869548	0.694518	0.606700	0.5473	0.6712	0.5320	0.1470	0.6536	0.1132	0.5441
000395	D	0.880546	0.695612	0.619092	0.5229	0.7163	0.5480	0.1410	0.6637	0.1198	0.5519
000396	L	0.888007	0.692783	0.632808	0.5762	0.7916	0.5740	0.1160	0.6926	0.1148	0.5609
000397	A	0.899270	0.697850	0.647112	0.6079	0.7799	0.5460	0.1280	0.6964	0.1162	0.5615
000398	G	0.905591	0.707934	0.659281	0.5941	0.7881	0.5800	0.1140	0.7058	0.1135	0.5574
000399	Y	0.915986	0.708300	0.669069	0.5514	0.7672	0.6470	0.1090	0.7099	0.1129	0.5517
000400	E	0.906172	0.720178	0.675714	0.5802	0.7843	0.6290	0.1350	0.7160	0.1068	0.5433
000401	A	0.886591	0.729830	0.682578	0.6255	0.7289	0.6590	0.1430	0.7187	0.0837	0.5380
000402	Q	0.878849	0.747856	0.686834	0.6174	0.7289	0.6530	0.1540	0.7188	0.0838	0.5339
000403	G	0.850692	0.743876	0.689194	0.5583	0.6991	0.6500	0.1720	0.6986	0.0888	0.5305
000404	A	0.821533	0.752454	0.690393	0.5583	0.7080	0.6550	0.1970	0.6976	0.0814	0.5256
000405	R	0.784899	0.768447	0.692280	0.5173	0.6755	0.6110	0.2320	0.6750	0.0913	0.5097
000406	P	0.743830	0.778174	0.694736	0.5126	0.5342	0.5900	0.2410	0.6422	0.1023	0.4993
000407	K	0.745869	0.781150	0.696974	0.5846	0.6227	0.5940	0.2330	0.6708	0.0755	0.4847
000408	R	0.743421	0.774048	0.699571	0.5229	0.5665	0.5940	0.2210	0.6500	0.0939	0.4783
000409	T	0.762377	0.774716	0.702949	0.5229	0.4940	0.6100	0.1990	0.6444	0.1102	0.4905
000410	Q	0.783891	0.762958	0.705656	0.5514	0.5758	0.6000	0.1760	0.6633	0.0917	0.5147
000411	R	0.790094	0.764131	0.707484	0.5008	0.4940	0.6190	0.1510	0.6459	0.1179	0.5414
000412	L	0.814483	0.777384	0.709551	0.5173	0.5493	0.5790	0.1360	0.6578	0.1149	0.5823
000413	S	0.827519	0.788928	0.713139	0.4556	0.4725	0.5300	0.1130	0.6313	0.1508	0.6141
000414	A	0.796131	0.795304	0.718194	0.4825	0.4766	0.5100	0.0990	0.6298	0.1428	0.6538
000415	E	0.769333	0.798095	0.724562	0.4513	0.4901	0.4920	0.1090	0.6209	0.1453	0.6824
000416	T	0.701958	0.802293	0.730434	0.4651	0.5098	0.4750	0.1210	0.6141	0.1348	0.7197
000417	W	0.627633	0.812247	0.736165	0.4245	0.4901	0.5310	0.1100	0.6037	0.1365	0.7500
000418	D	0.577468	0.800627	0.739715	0.4333	0.5055	0.4800	0.1210	0.5894	0.1359	0.7788
000419	L	0.527939	0.798657	0.742647	0.4703	0.5176	0.5100	0.1180	0.5945	0.1268	0.8059
000420	L	0.473289	0.773896	0.744858	0.4703	0.5211	0.4350	0.0920	0.5697	0.1367	0.8153
000421	R	0.423529	0.791736	0.747109	0.4651	0.5055	0.4530	0.1090	0.5644	0.1475	0.8104
000422	L	0.363834	0.796626	0.749674	0.4651	0.5211	0.5010	0.1110	0.5663	0.1550	0.8086
000423	P	0.351156	0.809212	0.753058	0.5173	0.6136	0.5240	0.1200	0.5947	0.1537	0.7894
000424	L	0.331958	0.820097	0.758134	0.5043	0.6136	0.6110	0.1290	0.6066	0.1605	0.7754
000425	E	0.313284	0.818622	0.763992	0.5084	0.6482	0.6470	0.1420	0.6165	0.1674	0.7397
000426	R	0.305823	0.837606	0.769876	0.5084	0.6531	0.6940	0.1310	0.6281	0.1766	0.7127
000427	E	0.279451	0.854602	0.775377	0.5173	0.5176	0.7450	0.1080	0.6149	0.1965	0.6873
000428	Q	0.272295	0.862598	0.781208	0.6174	0.6427	0.7610	0.0980	0.6561	0.1907	0.6698
000429	N	0.265672	0.869746	0.788175	0.5126	0.6322	0.7770	0.0880	0.6408	0.2041	0.6470
000430	G	0.246246	0.876535	0.796224	0.5473	0.7547	0.7980	0.0730	0.6698	0.2147	0.6307
000431	D	0.256294	0.882981	0.804631	0.6035	0.8198	0.8060	0.0670	0.6956	0.2145	0.6231
000432	S	0.269286	0.890310	0.812494	0.6412	0.8235	0.8290	0.0540	0.7110	0.2118	0.6284
000433	H	0.286666	0.896568	0.821075	0.6906	0.8872	0.8230	0.0720	0.7342	0.2111	0.6229
000434	H	0.308647	0.907438	0.830520	0.6516	0.8623	0.8580	0.0790	0.7364	0.2077	0.6212
000435	S	0.342867	0.917465	0.840118	0.7111	0.8655	0.8520	0.0980	0.7549	0.1945	0.6135
000436	G	0.362333	0.923706	0.848298	0.7111	0.8853	0.8620	0.1050	0.7655	0.1920	0.6338
000437	D	0.375638	0.929370	0.854663	0.6827	0.8343	0.8630	0.1170	0.7566	0.1859	0.6461
000438	W	0.428665	0.933037	0.859713	0.7079	0.8596	0.8570	0.1280	0.7743	0.1686	0.6658
000439	R	0.504867	0.935847	0.863801	0.6557	0.7982	0.8440	0.1420	0.7671	0.1448	0.6751
000440	G	0.582579	0.938138	0.867140	0.6756	0.7799	0.8470	0.1460	0.7817	0.1204	0.7058
000441	P	0.662025	0.938896	0.870828	0.6412	0.7755	0.8500	0.1330	0.7898	0.1088	0.7226
000442	S	0.737042	0.940342	0.874596	0.6374	0.7547	0.8640	0.1230	0.8013	0.1015	0.7412
000443	R	0.803063	0.941397	0.879560	0.6412	0.7505	0.8830	0.0990	0.8165	0.0994	0.7517
000444	D	0.854223	0.942823	0.884923	0.6412	0.6482	0.9010	0.0840	0.8121	0.1212	0.7702
000445	S	0.907382	0.945956	0.891088	0.6474	0.6576	0.9030	0.0620	0.8254	0.1234	0.8024
000446	L	0.935439	0.947183	0.896983	0.5992	0.6712	0.9070	0.0550	0.8262	0.1376	0.8334
000447	P	0.934912	0.951165	0.902886	0.6255	0.6755	0.8680	0.0830	0.8263	0.1278	0.8404
000448	L	0.917591	0.954030	0.907895	0.6124	0.7036	0.8670	0.0900	0.8271	0.1250	0.8504
000449	P	0.887882	0.955574	0.912618	0.7111	0.8279	0.8360	0.1060	0.8551	0.0778	0.8413
000450	V	0.858141	0.957597	0.917376	0.7418	0.8162	0.8440	0.1010	0.8558	0.0694	0.8334
000451	R	0.838524	0.962338	0.922837	0.7342	0.8235	0.8320	0.1090	0.8522	0.0736	0.8108
000452	S	0.831807	0.963651	0.928354	0.7034	0.7843	0.8380	0.1160	0.8416	0.0865	0.7931
000453	R	0.822404	0.968979	0.933094	0.6944	0.7755	0.8420	0.1130	0.8393	0.0922	0.7689
000454	K	0.817810	0.970689	0.936632	0.7079	0.8162	0.8370	0.1160	0.8477	0.0862	0.7500
000455	Y	0.828445	0.971621	0.939410	0.6944	0.7982	0.8430	0.1130	0.8458	0.0914	0.7296
000456	Q	0.836931	0.972964	0.941909	0.7111	0.8085	0.8410	0.1150	0.8520	0.0864	0.6728
000457	E	0.848999	0.972391	0.944504	0.7388	0.8741	0.8370	0.1230	0.8693	0.0762	0.5988
000458	G	0.863863	0.974268	0.946606	0.7147	0.8421	0.8360	0.1300	0.8629	0.0842	0.5565
000459	P	0.876396	0.974778	0.948233	0.7540	0.8966	0.8090	0.1470	0.8765	0.0761	0.5056
000460	D	0.878506	0.975381	0.949389	0.7317	0.8713	0.8160	0.1470	0.8704	0.0812	0.4769
000461	A	0.865302	0.976056	0.950478	0.7605	0.9249	0.8170	0.1420	0.8824	0.0759	0.4501
000462	E	0.857130	0.976456	0.951516	0.7688	0.8920	0.8100	0.1450	0.8760	0.0733	0.4186
000463	R	0.850880	0.976337	0.952029	0.7912	0.9013	0.8080	0.1470	0.8799	0.0694	0.4091
000464	R	0.818378	0.976090	0.951996	0.7644	0.9057	0.8030	0.1410	0.8700	0.0791	0.4109
000465	P	0.764355	0.975367	0.951004	0.7772	0.8991	0.7810	0.1550	0.8580	0.0869	0.4179
000466	R	0.701552	0.973427	0.949323	0.8242	0.9473	0.7940	0.1540	0.8650	0.0992	0.4294
000467	E	0.642750	0.970966	0.946753	0.7772	0.9151	0.7730	0.1670	0.8376	0.1166	0.4648
000468	G	0.584227	0.967571	0.943756	0.7912	0.9013	0.7870	0.1530	0.8291	0.1296	0.5234
000469	S	0.528872	0.963982	0.939798	0.7388	0.8623	0.7840	0.1560	0.8030	0.1459	0.5614
000470	H	0.478430	0.958043	0.934364	0.7079	0.8375	0.7790	0.1550	0.7825	0.1607	0.6111
000471	S	0.430994	0.949502	0.927896	0.6604	0.7755	0.7700	0.1570	0.7524	0.1743	0.6554
000472	P	0.379364	0.940939	0.920867	0.6650	0.8279	0.7370	0.1700	0.7452	0.1899	0.7040
000473	L	0.370009	0.933202	0.914540	0.6219	0.8085	0.7410	0.1870	0.7315	0.1927	0.7537
000474	D	0.413633	0.928195	0.907382	0.6442	0.8198	0.7180	0.1940	0.7385	0.1761	0.7692
000475	S	0.441530	0.918007	0.900262	0.6374	0.8279	0.7210	0.1910	0.7410	0.1659	0.7824
000476	A	0.460191	0.907684	0.892792	0.6174	0.7209	0.7230	0.1890	0.7203	0.1544	0.7903
000477	D	0.510028	0.905243	0.885534	0.6174	0.7672	0.7470	0.1740	0.7388	0.1398	0.7956
000478	V	0.557035	0.893376	0.878395	0.5667	0.7459	0.7950	0.1600	0.7394	0.1349	0.8002
000479	R	0.597142	0.894831	0.870809	0.5846	0.7209	0.7740	0.1710	0.7403	0.1205	0.7883
000480	V	0.606162	0.878596	0.863436	0.5711	0.7628	0.8060	0.1470	0.7479	0.1193	0.7888
000481	H	0.622155	0.882686	0.855656	0.5412	0.7547	0.8000	0.1460	0.7427	0.1231	0.7777
000482	V	0.629847	0.876873	0.848015	0.5711	0.7547	0.7880	0.1520	0.7448	0.1107	0.7659
000483	P	0.595471	0.872403	0.841193	0.5514	0.7289	0.7210	0.1550	0.7184	0.1168	0.7425
000484	R	0.561595	0.872770	0.834555	0.5802	0.8050	0.7080	0.1390	0.7269	0.1212	0.7162
000485	T	0.524942	0.867832	0.828931	0.5762	0.8050	0.6610	0.1590	0.7106	0.1308	0.7047
000486	S	0.464696	0.874202	0.823503	0.5802	0.7209	0.6280	0.1270	0.6820	0.1408	0.6953
000487	I	0.403331	0.870645	0.819366	0.6079	0.6375	0.6180	0.1160	0.6594	0.1531	0.6816
000488	P	0.349170	0.870010	0.814917	0.5126	0.5254	0.5620	0.1310	0.6056	0.1810	0.6694
000489	R	0.321936	0.868100	0.810253	0.4967	0.5992	0.5780	0.1240	0.6123	0.1842	0.6695
000490	A	0.296255	0.863503	0.805669	0.4379	0.5419	0.5770	0.1230	0.5870	0.1971	0.6859
000491	P	0.251329	0.860202	0.800976	0.4918	0.5296	0.5140	0.1000	0.5747	0.2040	0.6994
000492	S	0.221338	0.855081	0.796752	0.4420	0.5296	0.5300	0.1020	0.5624	0.2135	0.7259
000493	S	0.213304	0.850219	0.791676	0.4379	0.5758	0.5210	0.1370	0.5651	0.2139	0.7513
000494	D	0.223644	0.842725	0.787133	0.4078	0.4476	0.5140	0.1180	0.5371	0.2158	0.7778
000495	E	0.217168	0.831604	0.783275	0.4078	0.4725	0.4370	0.1110	0.5249	0.2159	0.8098
000496	E	0.217430	0.817590	0.780339	0.3359	0.4685	0.4190	0.1060	0.5064	0.2212	0.8387
000497	C	0.215934	0.796668	0.777075	0.3491	0.4685	0.4130	0.0870	0.5034	0.2148	0.8618
000498	F	0.207556	0.772356	0.773259	0.4037	0.5254	0.3580	0.0990	0.5067	0.2098	0.8862
000499	F	0.192117	0.762678	0.769311	0.3762	0.4725	0.3310	0.1020	0.4840	0.2158	0.8978
000500	D	0.184316	0.743299	0.765805	0.3762	0.4901	0.3200	0.1170	0.4799	0.2141	0.9025
000501	L	0.172151	0.767996	0.760372	0.3717	0.5176	0.3810	0.1050	0.4951	0.2152	0.9049
000502	L	0.160664	0.760031	0.752379	0.3535	0.5017	0.4170	0.0910	0.4909	0.2138	0.9021
000503	T	0.137202	0.734601	0.743923	0.3630	0.4940	0.4750	0.0850	0.4913	0.2102	0.8899
000504	K	0.131035	0.772051	0.738105	0.3762	0.4186	0.6290	0.0770	0.5108	0.2254	0.8762
000505	F	0.121268	0.783338	0.736282	0.3630	0.4409	0.6980	0.0820	0.5239	0.2373	0.8631
000506	Q	0.116198	0.793726	0.736515	0.2558	0.3740	0.6910	0.1000	0.4946	0.2587	0.8377
000507	S	0.116806	0.791345	0.737858	0.2865	0.3740	0.7230	0.0780	0.5049	0.2580	0.8115
000508	S	0.122304	0.796242	0.739908	0.3096	0.4582	0.7170	0.0630	0.5238	0.2482	0.7824
000509	R	0.132638	0.814252	0.742760	0.3885	0.5493	0.7790	0.0640	0.5677	0.2442	0.7496
000510	M	0.146675	0.818708	0.747193	0.4749	0.6755	0.7910	0.0670	0.6091	0.2354	0.7319
000511	D	0.152370	0.834427	0.752518	0.4651	0.6427	0.7900	0.0610	0.6062	0.2361	0.7041
000512	D	0.186159	0.842169	0.758571	0.5296	0.7250	0.8150	0.0630	0.6427	0.2276	0.6757
000513	Q	0.212842	0.850909	0.764280	0.5549	0.7755	0.8250	0.0640	0.6639	0.2231	0.6539
000514	R	0.232696	0.853615	0.769562	0.5667	0.7547	0.8440	0.0610	0.6702	0.2172	0.6460
000515	C	0.245059	0.856706	0.774748	0.5549	0.7755	0.8610	0.0520	0.6779	0.2186	0.6463
000516	P	0.284358	0.863648	0.778328	0.6035	0.8462	0.8800	0.0390	0.7094	0.2115	0.6498
000517	L	0.333554	0.864620	0.780592	0.6079	0.8313	0.9120	0.0400	0.7216	0.1981	0.6635
000518	D	0.386321	0.870516	0.780266	0.5846	0.8198	0.8970	0.0580	0.7230	0.1812	0.6663
000519	D	0.443394	0.868418	0.778616	0.5802	0.8050	0.8720	0.0880	0.7246	0.1590	0.6701
000520	G	0.514286	0.866100	0.776381	0.5667	0.8462	0.8550	0.1160	0.7375	0.1430	0.6713
000521	Q	0.568221	0.863579	0.773717	0.5711	0.8655	0.8490	0.1210	0.7485	0.1302	0.6721
000522	A	0.624714	0.856901	0.772573	0.5992	0.7982	0.8580	0.1100	0.7515	0.1035	0.6797
000523	G	0.677362	0.857825	0.771503	0.5846	0.7982	0.8620	0.1050	0.7586	0.0993	0.6910
000524	A	0.738718	0.851798	0.772207	0.5126	0.7951	0.8700	0.0990	0.7567	0.1179	0.7022
000525	A	0.773732	0.842330	0.772329	0.5514	0.7982	0.8990	0.0600	0.7728	0.1083	0.7116
000526	E	0.803912	0.837666	0.771423	0.6604	0.8085	0.9020	0.0560	0.7974	0.0733	0.7077
000527	A	0.828228	0.836690	0.769074	0.6219	0.7547	0.9150	0.0530	0.7876	0.0906	0.7036
000528	T	0.847976	0.838240	0.767178	0.6293	0.8375	0.9180	0.0530	0.8064	0.0905	0.6977
000529	A	0.861492	0.848080	0.767135	0.5941	0.8596	0.9150	0.0590	0.8076	0.1049	0.7012
000530	A	0.867671	0.859642	0.768899	0.5900	0.8462	0.9150	0.0660	0.8079	0.1066	0.7047
000531	P	0.874082	0.863233	0.771496	0.6293	0.8235	0.9130	0.0690	0.8124	0.0929	0.7032
000532	T	0.892000	0.874289	0.777382	0.6219	0.8050	0.9110	0.0670	0.8136	0.0978	0.7051
000533	L	0.911245	0.883866	0.786631	0.6255	0.8013	0.9110	0.0690	0.8199	0.0999	0.7127
000534	E	0.929365	0.893934	0.797186	0.6174	0.7951	0.9020	0.0770	0.8225	0.1052	0.7128
000535	D	0.934378	0.900722	0.804932	0.6174	0.8375	0.9050	0.0750	0.8333	0.1059	0.7130
000536	R	0.933264	0.904730	0.809024	0.6374	0.8681	0.9100	0.0660	0.8438	0.1004	0.7173
000537	I	0.928957	0.905227	0.810466	0.6516	0.8623	0.9160	0.0590	0.8458	0.0954	0.7323
000538	A	0.916162	0.903062	0.811083	0.6789	0.8828	0.8890	0.0730	0.8468	0.0822	0.7359
000539	Q	0.906114	0.903278	0.811266	0.6827	0.8872	0.8620	0.0930	0.8421	0.0781	0.7382
000540	P	0.894369	0.897700	0.810419	0.7192	0.8279	0.8360	0.1070	0.8310	0.0598	0.7371
000541	S	0.844998	0.895717	0.807573	0.7501	0.7505	0.8410	0.1090	0.8150	0.0525	0.7438
000542	M	0.793354	0.893406	0.802852	0.6604	0.7289	0.8540	0.1170	0.7888	0.0769	0.7690
000543	T	0.765408	0.888016	0.797985	0.5992	0.6531	0.8280	0.1490	0.7553	0.0997	0.7792
000544	A	0.749716	0.887110	0.792779	0.6681	0.6427	0.8180	0.1440	0.7597	0.0845	0.8001
000545	S	0.739624	0.881719	0.786587	0.5846	0.6043	0.8160	0.1270	0.7355	0.1084	0.8252
000546	P	0.734688	0.876467	0.777910	0.5084	0.5901	0.8020	0.1360	0.7150	0.1267	0.8510
000547	Q	0.715308	0.867517	0.768305	0.4879	0.5951	0.8160	0.1320	0.7084	0.1304	0.8694
000548	T	0.661723	0.857382	0.758634	0.5412	0.7036	0.7570	0.1710	0.7132	0.0975	0.8837
000549	E	0.603838	0.846247	0.751008	0.5623	0.7209	0.7080	0.1840	0.6986	0.0937	0.9016
000550	E	0.577443	0.824460	0.744167	0.5711	0.6906	0.6840	0.1770	0.6819	0.0889	0.9176
000551	F	0.546500	0.822460	0.737821	0.5296	0.6427	0.7000	0.1380	0.6631	0.1034	0.9309
000552	F	0.490064	0.797071	0.731049	0.5331	0.5620	0.6980	0.1120	0.6352	0.1127	0.9349
000553	D	0.418219	0.788147	0.723741	0.5583	0.6043	0.5750	0.1050	0.6113	0.1193	0.9323
000554	L	0.345638	0.778136	0.716082	0.5008	0.6183	0.5540	0.1020	0.5855	0.1420	0.9326
000555	I	0.272135	0.766762	0.707909	0.5296	0.6661	0.5900	0.1080	0.5888	0.1610	0.9252
000556	A	0.219426	0.756756	0.702139	0.5331	0.6620	0.5890	0.1230	0.5771	0.1757	0.9118
000557	S	0.199310	0.767537	0.700621	0.5126	0.5951	0.6430	0.1350	0.5697	0.1838	0.8910
000558	S	0.186950	0.778056	0.703666	0.5008	0.5707	0.6420	0.1480	0.5637	0.1905	0.8681
000559	Q	0.189106	0.784795	0.708962	0.4825	0.5098	0.6510	0.1370	0.5543	0.1945	0.8390
000560	S	0.227815	0.796009	0.714322	0.4651	0.5017	0.6790	0.1420	0.5640	0.1899	0.8017
000561	R	0.283965	0.807308	0.719122	0.3939	0.4901	0.7060	0.1480	0.5667	0.1898	0.7590
000562	R	0.347815	0.813011	0.723889	0.4703	0.5176	0.7360	0.1350	0.6014	0.1665	0.7135
000563	L	0.410786	0.815337	0.728237	0.5374	0.6661	0.7270	0.1340	0.6476	0.1351	0.6876
000564	D	0.460529	0.813305	0.731479	0.4600	0.6576	0.6960	0.1220	0.6365	0.1332	0.6669
000565	D	0.507584	0.806472	0.732814	0.5583	0.6576	0.7500	0.1060	0.6688	0.1064	0.6445
000566	Q	0.545928	0.798188	0.731392	0.6255	0.7289	0.7850	0.0930	0.7024	0.0893	0.6390
000567	R	0.580816	0.785170	0.727139	0.5802	0.6712	0.8110	0.0840	0.6925	0.0906	0.6414
000568	A	0.588865	0.774094	0.719576	0.5762	0.6755	0.8000	0.0910	0.6890	0.0850	0.6602
000569	S	0.567718	0.756542	0.709256	0.5173	0.6806	0.7730	0.0920	0.6674	0.0944	0.6719
000570	V	0.552988	0.729366	0.696016	0.5008	0.6576	0.7520	0.0930	0.6482	0.0918	0.6850
000571	G	0.541492	0.699687	0.681335	0.5043	0.6661	0.6730	0.1230	0.6276	0.0755	0.6959
000572	S	0.525328	0.676694	0.665619	0.5084	0.6531	0.5800	0.1460	0.6015	0.0675	0.7033
000573	L	0.509449	0.654659	0.651237	0.5043	0.6661	0.5360	0.1620	0.5869	0.0712	0.7123
000574	P	0.512903	0.628851	0.637470	0.5473	0.7459	0.4590	0.1770	0.5886	0.0939	0.7102
000575	G	0.497495	0.613478	0.625558	0.5412	0.6531	0.4610	0.1670	0.5654	0.0703	0.7089
000576	L	0.473501	0.572356	0.614203	0.5412	0.6269	0.4730	0.1560	0.5503	0.0610	0.7170
000577	R	0.480542	0.555191	0.604321	0.4651	0.6136	0.5060	0.1380	0.5374	0.0578	0.7128
000578	I	0.503220	0.550113	0.596170	0.4651	0.6227	0.5860	0.1340	0.5539	0.0548	0.7122
000579	T	0.492714	0.574159	0.589902	0.4918	0.6531	0.5660	0.1400	0.5613	0.0562	0.6973
000580	H	0.509417	0.594794	0.583100	0.4879	0.6755	0.5770	0.1000	0.5713	0.0611	0.6887
000581	S	0.531853	0.590499	0.577506	0.5412	0.7843	0.5970	0.0990	0.6037	0.0843	0.6758
000582	N	0.566369	0.614540	0.572699	0.5412	0.7916	0.6280	0.0900	0.6191	0.0825	0.6677
000583	A	0.583451	0.628414	0.572657	0.5711	0.8050	0.6600	0.0870	0.6367	0.0818	0.6696
000584	G	0.632588	0.639369	0.574982	0.6516	0.8920	0.6200	0.1140	0.6684	0.1029	0.6646
000585	H	0.678232	0.646951	0.579073	0.6255	0.8713	0.6780	0.1020	0.6798	0.0921	0.6662
000586	L	0.677789	0.654232	0.581024	0.6474	0.8792	0.6690	0.1040	0.6848	0.0924	0.6662
000587	R	0.662832	0.650481	0.579570	0.7111	0.9287	0.6140	0.1300	0.6911	0.1138	0.6510
000588	G	0.655021	0.652779	0.575679	0.7232	0.8828	0.6280	0.0970	0.6863	0.0980	0.6485
000589	H	0.611116	0.653555	0.570715	0.7912	0.8713	0.6350	0.1120	0.6889	0.1063	0.6554
000590	G	0.561160	0.651910	0.565978	0.7317	0.8741	0.6920	0.1270	0.6795	0.1068	0.6808
000591	E	0.520955	0.663985	0.561415	0.6681	0.8596	0.6260	0.1570	0.6499	0.1077	0.6999
000592	P	0.462225	0.678414	0.556920	0.6650	0.8050	0.5500	0.1780	0.6196	0.1106	0.7329
000593	Q	0.407041	0.669285	0.552995	0.6412	0.7289	0.5340	0.1940	0.5889	0.1050	0.7687
000594	E	0.360884	0.647506	0.550957	0.6255	0.7369	0.4890	0.1970	0.5685	0.1208	0.7984
000595	P	0.348928	0.639952	0.552225	0.5802	0.6322	0.5190	0.2150	0.5454	0.0975	0.8270
000596	G	0.346857	0.628951	0.556111	0.5802	0.6531	0.4700	0.1970	0.5392	0.1039	0.8528
000597	D	0.338950	0.608410	0.562074	0.5802	0.7289	0.3930	0.1670	0.5352	0.1319	0.8775
000598	D	0.312057	0.575845	0.569663	0.6124	0.7369	0.3520	0.1470	0.5264	0.1486	0.9022
000599	F	0.285055	0.576665	0.579397	0.6174	0.7250	0.3220	0.1320	0.5175	0.1595	0.9200
000600	F	0.248301	0.564992	0.589248	0.6255	0.6482	0.3010	0.1250	0.4961	0.1597	0.9260
000601	N	0.236798	0.594154	0.598874	0.6124	0.6661	0.2690	0.1050	0.4962	0.1739	0.9249
000602	M	0.210558	0.608652	0.607339	0.5623	0.6661	0.2550	0.0940	0.4849	0.1814	0.9271
000603	L	0.188936	0.594055	0.615868	0.5514	0.6427	0.2470	0.0810	0.4734	0.1833	0.9230
000604	I	0.165549	0.610417	0.622971	0.5473	0.6183	0.2440	0.0740	0.4680	0.1893	0.9117
000605	K	0.122780	0.617208	0.630378	0.5623	0.5017	0.2660	0.0780	0.4501	0.1900	0.8922
000606	Y	0.100042	0.623208	0.637381	0.5229	0.5055	0.3050	0.0940	0.4489	0.1902	0.8733
000607	Q	0.125143	0.637658	0.645702	0.4600	0.5419	0.2960	0.1090	0.4511	0.1876	0.8491
000608	S	0.148091	0.654324	0.655395	0.4879	0.5620	0.3290	0.1370	0.4728	0.1829	0.8211
000609	S	0.181208	0.699371	0.667035	0.5126	0.5620	0.3780	0.1530	0.5001	0.1771	0.7893
000610	R	0.232912	0.707905	0.679909	0.6079	0.5951	0.4360	0.1530	0.5433	0.1636	0.7542
000611	I	0.297680	0.729891	0.694702	0.6756	0.6227	0.4830	0.1340	0.5840	0.1503	0.7364
000612	D	0.338493	0.743854	0.710401	0.6174	0.6576	0.5040	0.1340	0.5952	0.1379	0.7295
000613	D	0.386811	0.760737	0.726860	0.5667	0.6712	0.5940	0.1210	0.6176	0.1236	0.7189
000614	Q	0.436497	0.776552	0.739035	0.6412	0.7505	0.6670	0.1180	0.6684	0.1140	0.7144
000615	R	0.482035	0.778790	0.747532	0.6715	0.8493	0.7400	0.1040	0.7115	0.1154	0.7182
000616	C	0.478301	0.783681	0.753576	0.6756	0.8596	0.7870	0.0770	0.7229	0.1221	0.7341
000617	P	0.508800	0.798834	0.760875	0.7605	0.9039	0.7400	0.0860	0.7455	0.1186	0.7454
000618	P	0.540647	0.809040	0.768875	0.7275	0.9151	0.7260	0.0810	0.7479	0.1125	0.7655
000619	P	0.515032	0.818418	0.774730	0.6984	0.9230	0.7190	0.0640	0.7415	0.1249	0.7832
000620	D	0.466895	0.818662	0.777929	0.7232	0.9308	0.6820	0.0720	0.7332	0.1426	0.8018
000621	V	0.442368	0.824177	0.779680	0.7418	0.9415	0.6910	0.0930	0.7368	0.1528	0.8171
000622	L	0.420522	0.819018	0.781344	0.7869	0.9346	0.6710	0.1100	0.7355	0.1606	0.8279
000623	P	0.409648	0.811257	0.782240	0.7817	0.8765	0.5720	0.1310	0.7055	0.1620	0.8407
000624	R	0.385219	0.806097	0.780776	0.7147	0.8623	0.5560	0.1480	0.6841	0.1647	0.8633
000625	G	0.369029	0.796326	0.776595	0.6442	0.7916	0.5470	0.1730	0.6541	0.1566	0.8882
000626	P	0.323613	0.790666	0.770249	0.6650	0.7250	0.5310	0.1760	0.6343	0.1629	0.9150
000627	T	0.266639	0.787627	0.764514	0.6756	0.8313	0.5290	0.1790	0.6424	0.1945	0.9378
000628	M	0.245769	0.781198	0.760741	0.6035	0.7916	0.5500	0.1940	0.6221	0.1917	0.9552
000629	P	0.247113	0.770976	0.759638	0.5846	0.6851	0.5450	0.1860	0.5988	0.1778	0.9640
000630	D	0.247213	0.773377	0.760775	0.5514	0.6620	0.5610	0.1830	0.5926	0.1769	0.9717
000631	E	0.232448	0.776221	0.764816	0.4918	0.6136	0.5750	0.1990	0.5757	0.1836	0.9774
000632	D	0.207467	0.776061	0.772152	0.5846	0.6712	0.5900	0.1890	0.6003	0.1915	0.9828
000633	F	0.198084	0.780452	0.782299	0.6374	0.7369	0.6080	0.1690	0.6239	0.2017	0.9862
000634	F	0.208201	0.802822	0.794516	0.5992	0.6755	0.5940	0.1460	0.6124	0.1989	0.9871
000635	S	0.214813	0.820750	0.807269	0.5941	0.7036	0.5370	0.1100	0.6129	0.2057	0.9865
000636	L	0.218482	0.833729	0.818613	0.5623	0.7120	0.5470	0.1120	0.6154	0.2095	0.9860
000637	I	0.221203	0.852508	0.828831	0.5549	0.6906	0.5170	0.0860	0.6108	0.2145	0.9832
000638	Q	0.217793	0.859929	0.837853	0.5711	0.6806	0.5470	0.1020	0.6191	0.2153	0.9770
000639	R	0.213291	0.868963	0.846527	0.6174	0.6269	0.6860	0.1110	0.6432	0.2160	0.9672
000640	V	0.219203	0.874004	0.853133	0.5802	0.6043	0.7490	0.1250	0.6466	0.2212	0.9584
000641	Q	0.249833	0.879247	0.857934	0.5173	0.5139	0.7580	0.1100	0.6293	0.2240	0.9475
000642	A	0.275786	0.887587	0.860694	0.5374	0.4831	0.7660	0.1200	0.6350	0.2211	0.9404
000643	K	0.321459	0.889713	0.862404	0.4825	0.4685	0.7500	0.1110	0.6290	0.2156	0.9307
000644	R	0.378375	0.891108	0.863272	0.5229	0.5577	0.7880	0.0960	0.6669	0.1912	0.9272
000645	M	0.438647	0.892146	0.864982	0.5802	0.7036	0.8030	0.0790	0.7137	0.1613	0.9342
000646	D	0.507037	0.894412	0.867358	0.5802	0.7163	0.8240	0.0730	0.7316	0.1455	0.9367
000647	E	0.577060	0.897106	0.870193	0.6604	0.7982	0.8640	0.0680	0.7778	0.1188	0.9349
000648	Q	0.648412	0.897664	0.873512	0.7079	0.8655	0.8850	0.0680	0.8130	0.0974	0.9391
000649	R	0.714801	0.899142	0.877957	0.6984	0.8375	0.8990	0.0670	0.8211	0.0837	0.9474
000650	V	0.756055	0.901197	0.883850	0.7111	0.8462	0.9110	0.0680	0.8350	0.0756	0.9579
000651	D	0.802036	0.906437	0.890158	0.7388	0.8942	0.9140	0.0660	0.8575	0.0647	0.9636
000652	L	0.829243	0.916313	0.895405	0.7232	0.9057	0.9150	0.0730	0.8642	0.0697	0.9667
000653	A	0.850558	0.923889	0.899473	0.7458	0.9346	0.9050	0.0830	0.8765	0.0642	0.9643
000654	G	0.877103	0.928023	0.903470	0.7869	0.9457	0.8950	0.0970	0.8894	0.0509	0.9602
000655	G	0.895530	0.934700	0.909484	0.8311	0.9606	0.8920	0.0990	0.9039	0.0402	0.9527
000656	P	0.911016	0.943969	0.917416	0.8595	0.9703	0.8860	0.1040	0.9147	0.0362	0.9434
000657	E	0.927526	0.952285	0.926066	0.8650	0.9703	0.8890	0.0960	0.9216	0.0357	0.9369
000658	Q	0.943899	0.960138	0.933456	0.8677	0.9717	0.8910	0.0890	0.9279	0.0371	0.9313
000659	G	0.960419	0.964433	0.939562	0.8713	0.9329	0.8850	0.0930	0.9256	0.0355	0.9244
000660	A	0.968789	0.967813	0.943902	0.8920	0.9433	0.8830	0.0890	0.9331	0.0340	0.9157
000661	G	0.965340	0.970352	0.946955	0.8781	0.9733	0.8790	0.0830	0.9354	0.0412	0.8959
000662	G	0.952136	0.972151	0.948888	0.8677	0.9711	0.8800	0.0900	0.9319	0.0422	0.8761
000663	P	0.950021	0.974464	0.950480	0.9208	0.9792	0.8570	0.0940	0.9386	0.0413	0.8556
000664	P	0.947905	0.976602	0.952149	0.9316	0.9830	0.8780	0.0790	0.9449	0.0346	0.8425
000665	E	0.928795	0.978402	0.953883	0.9180	0.9797	0.8830	0.0810	0.9403	0.0343	0.8322
000666	P	0.887059	0.981063	0.956093	0.9235	0.9801	0.9880	0.0090	0.9526	0.0364	0.8271
000667	Q	0.829854	0.984175	0.958743	0.9235	0.9756	0.9720	0.0340	0.9406	0.0532	0.8177
000668	Q	0.744064	0.987229	0.961736	0.9392	0.9744	0.9720	0.0310	0.9298	0.0844	0.8130
000669	Q	0.657686	0.989918	0.964848	0.9553	0.9717	0.9550	0.0580	0.9157	0.1160	0.8106
000670	C	0.581885	0.991971	0.967672	0.9653	0.9717	0.9630	0.0370	0.9069	0.1457	0.8119
000671	Q	0.519670	0.993140	0.970265	0.9824	0.9783	0.9730	0.0300	0.9028	0.1715	0.8103
000672	P	0.222020	0.994202	0.972464	0.9885	0.9783	0.9780	0.0250	0.8556	0.2834	0.8203
000673	G	0.216733	0.994871	0.974749	0.9943	0.9787	0.9670	0.0390	0.8544	0.2854	0.8296
000674	A	0.220812	0.995085	0.976927	0.9951	0.9703	0.9370	0.0640	0.8492	0.2817	0.8411
000675	S	0.242125	0.995460	0.978054	0.9951	0.9519	0.9280	0.0690	0.8485	0.2722	0.8494