RESNUM	RES	VL-XT	VSL2B	VL3	IUPred-S	IUPred-L	PONDRFIT	FITERROR	MDP	MDPERROR	ANCHOR2
000001	M	0.970236	0.882276	0.826794	0.9746	0.3840	0.9710	0.0220	0.8348	0.2089	0.4341
000002	A	0.766023	0.884965	0.827188	0.9348	0.4149	0.9810	0.0120	0.8014	0.1863	0.4349
000003	A	0.895771	0.882122	0.827061	0.8746	0.3392	0.9560	0.0420	0.7959	0.2078	0.4326
000004	P	0.913482	0.878533	0.826840	0.8556	0.3599	0.9510	0.0290	0.7976	0.1997	0.4310
000005	R	0.648409	0.869484	0.826030	0.7688	0.4087	0.9330	0.0370	0.7423	0.1733	0.4305
000006	Q	0.573391	0.862072	0.826462	0.7317	0.4256	0.9170	0.0370	0.7226	0.1724	0.4300
000007	I	0.535691	0.859452	0.827517	0.7147	0.3460	0.8730	0.0890	0.6927	0.1931	0.4301
000008	P	0.490916	0.850633	0.828367	0.6756	0.3667	0.8610	0.0630	0.6788	0.1905	0.4306
000009	S	0.451567	0.824939	0.827586	0.5846	0.3948	0.8720	0.0380	0.6592	0.1913	0.4305
000010	H	0.389322	0.835640	0.824100	0.5412	0.4330	0.8660	0.0520	0.6482	0.1992	0.4313
000011	I	0.332328	0.814365	0.819401	0.5043	0.4441	0.8130	0.1200	0.6212	0.2007	0.4317
000012	V	0.296895	0.828616	0.815363	0.5296	0.4652	0.7350	0.1390	0.6118	0.1962	0.4322
000013	R	0.260331	0.844367	0.812712	0.5473	0.3910	0.7180	0.1510	0.5956	0.2163	0.4324
000014	L	0.232679	0.823166	0.811485	0.5667	0.4186	0.7290	0.1450	0.5970	0.2160	0.4314
000015	K	0.202682	0.833487	0.810491	0.4651	0.4017	0.6760	0.1440	0.5649	0.2282	0.4317
000016	P	0.159027	0.829081	0.809979	0.4556	0.4087	0.6460	0.1240	0.5514	0.2368	0.4324
000017	S	0.111008	0.842995	0.808120	0.4333	0.4149	0.6440	0.1150	0.5423	0.2535	0.4326
000018	C	0.056881	0.847599	0.804319	0.4825	0.4330	0.6580	0.0960	0.5471	0.2666	0.4329
000019	S	0.052807	0.857146	0.800211	0.4825	0.4330	0.5950	0.1000	0.5367	0.2656	0.4332
000020	T	0.059167	0.865955	0.798362	0.4282	0.4441	0.5930	0.0950	0.5315	0.2672	0.4335
000021	D	0.074691	0.874439	0.798068	0.4513	0.3948	0.5710	0.0890	0.5273	0.2658	0.4323
000022	S	0.131809	0.875788	0.796940	0.5008	0.4582	0.5720	0.0930	0.5559	0.2426	0.4310
000023	S	0.150158	0.869039	0.793383	0.5043	0.4541	0.6000	0.0790	0.5619	0.2359	0.4306
000024	F	0.181653	0.861184	0.788760	0.4825	0.4369	0.5970	0.0900	0.5579	0.2268	0.4320
000025	T	0.222922	0.842741	0.783542	0.4781	0.5017	0.5710	0.1080	0.5666	0.2055	0.4325
000026	R	0.266187	0.834104	0.777167	0.4513	0.5098	0.5380	0.1270	0.5627	0.1930	0.4337
000027	T	0.303194	0.827160	0.770465	0.4245	0.5055	0.4830	0.1260	0.5523	0.1864	0.4325
000028	P	0.351628	0.807434	0.761608	0.4203	0.4441	0.4260	0.1410	0.5351	0.1791	0.4313
000029	V	0.407569	0.782924	0.755317	0.4825	0.5456	0.4610	0.1530	0.5725	0.1450	0.4288
000030	P	0.393362	0.778908	0.751282	0.4282	0.4864	0.4180	0.1560	0.5427	0.1599	0.4276
000031	T	0.421322	0.779320	0.751717	0.4458	0.4766	0.4300	0.1740	0.5509	0.1530	0.4255
000032	V	0.470482	0.748035	0.753280	0.3847	0.4541	0.4140	0.1600	0.5374	0.1533	0.4230
000033	S	0.529068	0.762885	0.753848	0.3806	0.3599	0.4220	0.1560	0.5347	0.1669	0.4210
000034	L	0.574211	0.767258	0.754576	0.3806	0.3740	0.4700	0.1600	0.5534	0.1611	0.4177
000035	A	0.614381	0.764998	0.754987	0.3885	0.4119	0.4190	0.1320	0.5590	0.1603	0.4173
000036	S	0.671397	0.765727	0.756649	0.3992	0.4087	0.3660	0.1070	0.5613	0.1731	0.4167
000037	R	0.703988	0.771609	0.756867	0.3399	0.4256	0.3850	0.1130	0.5639	0.1831	0.4158
000038	E	0.708789	0.786143	0.755582	0.3456	0.4369	0.3710	0.1010	0.5673	0.1863	0.4159
000039	L	0.784496	0.752157	0.753767	0.3359	0.4149	0.3750	0.1100	0.5694	0.1956	0.4161
000040	P	0.746630	0.744779	0.753582	0.4078	0.4619	0.3030	0.1020	0.5696	0.1847	0.4189
000041	V	0.681809	0.757929	0.756240	0.3847	0.4409	0.3150	0.0970	0.5561	0.1813	0.4201
000042	S	0.617778	0.761456	0.761786	0.3806	0.4441	0.2850	0.0940	0.5417	0.1844	0.4227
000043	S	0.551746	0.757661	0.767919	0.4203	0.4292	0.2980	0.0890	0.5375	0.1754	0.4260
000044	W	0.466763	0.762073	0.774070	0.4282	0.3392	0.3440	0.1000	0.5190	0.1817	0.4277
000045	Q	0.366344	0.766013	0.778073	0.4458	0.4119	0.2590	0.0790	0.5045	0.1977	0.4304
000046	V	0.270043	0.762925	0.781275	0.3992	0.4409	0.2570	0.0750	0.4851	0.2132	0.4314
000047	T	0.200668	0.760043	0.782954	0.4116	0.3740	0.2420	0.0770	0.4618	0.2306	0.4332
000048	E	0.121078	0.755306	0.783562	0.4245	0.2849	0.2920	0.0980	0.4436	0.2467	0.4333
000049	P	0.071676	0.748281	0.785031	0.3535	0.2609	0.3180	0.0980	0.4230	0.2590	0.4320
000050	S	0.061712	0.734097	0.787546	0.3578	0.3392	0.2840	0.0950	0.4273	0.2552	0.4306
000051	S	0.038843	0.712936	0.791882	0.3263	0.2364	0.2520	0.0810	0.3931	0.2695	0.4308
000052	K	0.020672	0.704677	0.797027	0.3885	0.3019	0.2360	0.0920	0.4082	0.2678	0.4311
000053	N	0.024375	0.668268	0.803303	0.3184	0.2884	0.2440	0.1020	0.3912	0.2641	0.4337
000054	L	0.034340	0.632411	0.809359	0.3311	0.3019	0.2370	0.1150	0.3911	0.2568	0.4293
000055	W	0.037304	0.654648	0.813397	0.3806	0.4051	0.1920	0.0930	0.4138	0.2614	0.4279
000056	E	0.041131	0.626718	0.813888	0.3762	0.4119	0.1550	0.0700	0.4041	0.2621	0.4292
000057	Q	0.046352	0.623918	0.812739	0.4379	0.4864	0.1560	0.0660	0.4272	0.2613	0.4321
000058	I	0.051068	0.628996	0.809983	0.4513	0.3807	0.1710	0.0710	0.4154	0.2571	0.4334
000059	C	0.054023	0.598933	0.809281	0.4600	0.3840	0.1760	0.0700	0.4137	0.2515	0.4285
000060	K	0.050537	0.603000	0.808899	0.3762	0.3774	0.1720	0.0850	0.3981	0.2528	0.4226
000061	E	0.047160	0.582013	0.809369	0.3939	0.3872	0.1880	0.1020	0.4013	0.2484	0.4178
000062	Y	0.041271	0.595418	0.806866	0.4116	0.3053	0.2210	0.1160	0.3968	0.2496	0.4122
000063	E	0.032247	0.620053	0.802500	0.4282	0.3053	0.2350	0.1320	0.4039	0.2525	0.4047
000064	A	0.031091	0.623054	0.797824	0.3491	0.2364	0.2510	0.1420	0.3814	0.2561	0.3939
000065	E	0.030512	0.657781	0.794255	0.3806	0.2951	0.2210	0.1300	0.3966	0.2588	0.3802
000066	Q	0.029477	0.654275	0.789826	0.3847	0.3983	0.2150	0.1260	0.4119	0.2542	0.3671
000067	P	0.030184	0.641818	0.784793	0.3630	0.3948	0.2080	0.1230	0.4037	0.2522	0.3585
000068	P	0.032309	0.641757	0.778663	0.3630	0.4017	0.2390	0.1550	0.4094	0.2463	0.3523
000069	F	0.061570	0.644681	0.773162	0.4420	0.4149	0.2990	0.1610	0.4392	0.2297	0.3461
000070	P	0.089242	0.636464	0.765425	0.5084	0.4441	0.2940	0.1650	0.4562	0.2206	0.3408
000071	E	0.125131	0.629867	0.755413	0.4600	0.4507	0.2750	0.1780	0.4493	0.2090	0.3418
000072	G	0.137767	0.620957	0.741973	0.3806	0.3807	0.2680	0.1740	0.4216	0.2041	0.3406
000073	Y	0.168206	0.596613	0.724922	0.4600	0.4476	0.2960	0.1890	0.4489	0.1827	0.3405
000074	K	0.192300	0.563320	0.705098	0.3806	0.4541	0.2750	0.1780	0.4284	0.1718	0.3443
000075	V	0.210322	0.530469	0.683143	0.3717	0.4186	0.2840	0.1650	0.4164	0.1561	0.3523
000076	K	0.246682	0.502677	0.661293	0.3806	0.4186	0.2630	0.1610	0.4122	0.1419	0.3616
000077	Q	0.255500	0.471213	0.639713	0.3053	0.4220	0.2700	0.1650	0.3940	0.1351	0.3763
000078	E	0.230388	0.428629	0.620705	0.3053	0.3807	0.2830	0.1780	0.3747	0.1275	0.3924
000079	P	0.206754	0.401605	0.604825	0.3053	0.2988	0.2970	0.1940	0.3523	0.1262	0.4131
000080	V	0.188736	0.348975	0.589949	0.3263	0.2988	0.2960	0.1880	0.3415	0.1220	0.4248
000081	I	0.239467	0.295884	0.574868	0.2483	0.2783	0.3040	0.1870	0.3234	0.1148	0.3914
000082	T	0.275712	0.278280	0.557409	0.1635	0.2715	0.2640	0.1480	0.3017	0.1211	0.3714
000083	V	0.338942	0.265973	0.539088	0.1532	0.1702	0.2290	0.1220	0.2828	0.1301	0.3519
000084	A	0.404664	0.278854	0.519623	0.2255	0.2470	0.2150	0.1290	0.3152	0.1109	0.3335
000085	P	0.412649	0.290511	0.500962	0.1602	0.2292	0.1800	0.1030	0.2956	0.1238	0.3201
000086	V	0.408845	0.308077	0.484600	0.2209	0.2988	0.1530	0.0830	0.3124	0.1102	0.3047
000087	E	0.422172	0.307093	0.471594	0.2080	0.3019	0.1390	0.0720	0.3084	0.1142	0.2928
000088	E	0.437536	0.300975	0.461833	0.2080	0.2094	0.1370	0.0690	0.2925	0.1211	0.2830
000089	M	0.443378	0.319005	0.455321	0.1958	0.1184	0.1410	0.0710	0.2788	0.1364	0.2776
000090	L	0.400629	0.324136	0.449371	0.1205	0.1184	0.1280	0.0590	0.2568	0.1394	0.2760
000091	F	0.334104	0.307564	0.442078	0.1117	0.1184	0.1220	0.0430	0.2393	0.1288	0.2847
000092	H	0.245072	0.300145	0.432441	0.1766	0.1611	0.1190	0.0420	0.2391	0.1045	0.2996
000093	G	0.159606	0.319662	0.422273	0.1266	0.1554	0.1270	0.0440	0.2184	0.1126	0.3130
000094	F	0.110017	0.318982	0.412778	0.1766	0.1251	0.1300	0.0460	0.2122	0.1138	0.3266
000095	S	0.099810	0.334819	0.404103	0.1958	0.1449	0.1170	0.0380	0.2160	0.1142	0.3424
000096	A	0.080368	0.343582	0.394868	0.1178	0.1162	0.1240	0.0370	0.1961	0.1241	0.3532
000097	E	0.059135	0.351229	0.387695	0.1732	0.1070	0.1370	0.0430	0.2026	0.1233	0.3646
000098	H	0.034670	0.356911	0.382015	0.1292	0.0967	0.1560	0.0520	0.1926	0.1306	0.3744
000099	Y	0.012864	0.352057	0.380167	0.0858	0.0888	0.1870	0.0680	0.1845	0.1383	0.3843
000100	F	0.011685	0.355874	0.377801	0.1117	0.1070	0.1990	0.0720	0.1938	0.1339	0.3961
000101	P	0.014899	0.335860	0.376810	0.1532	0.1671	0.1730	0.0640	0.2035	0.1210	0.4106
000102	V	0.022730	0.307414	0.376115	0.2167	0.1702	0.1760	0.0640	0.2115	0.1117	0.4178
000103	S	0.027589	0.323537	0.378007	0.2483	0.1914	0.1680	0.0750	0.2228	0.1133	0.4231
000104	H	0.027929	0.342752	0.381870	0.1532	0.1914	0.1680	0.0740	0.2108	0.1195	0.4294
000105	F	0.038000	0.328703	0.387916	0.2531	0.3019	0.1950	0.0770	0.2507	0.1125	0.4303
000106	T	0.051552	0.341633	0.395773	0.2657	0.2988	0.1980	0.0760	0.2585	0.1110	0.4212
000107	M	0.083174	0.344463	0.404959	0.3053	0.3149	0.2310	0.0820	0.2806	0.1023	0.4084
000108	I	0.103475	0.386851	0.414157	0.2820	0.3149	0.2720	0.0920	0.2956	0.1003	0.3893
000109	S	0.141636	0.418883	0.421607	0.2786	0.3249	0.2850	0.0900	0.3117	0.0953	0.3671
000110	R	0.155357	0.442804	0.428050	0.3717	0.3392	0.3100	0.0940	0.3413	0.0951	0.3452
000111	T	0.172523	0.494957	0.433475	0.4420	0.4507	0.3210	0.0970	0.3857	0.1090	0.3255
000112	P	0.204794	0.533172	0.438926	0.3578	0.4507	0.3180	0.0770	0.3839	0.1055	0.3090
000113	C	0.251933	0.564263	0.443606	0.4245	0.5055	0.3520	0.0740	0.4235	0.1013	0.2921
000114	P	0.307963	0.598294	0.448031	0.4458	0.5211	0.3420	0.0720	0.4438	0.0989	0.2801
000115	Q	0.359934	0.630874	0.452824	0.4458	0.4330	0.3510	0.0910	0.4455	0.0921	0.2690
000116	D	0.409042	0.653070	0.457843	0.5253	0.5296	0.3840	0.1030	0.4931	0.0897	0.2522
000117	K	0.392712	0.663438	0.463148	0.4379	0.5456	0.3260	0.0950	0.4715	0.1087	0.2357
000118	S	0.355857	0.684099	0.469139	0.4749	0.5665	0.2870	0.0910	0.4730	0.1301	0.2228
000119	E	0.343643	0.694521	0.474877	0.5514	0.6755	0.2680	0.0980	0.5013	0.1583	0.2139
000120	T	0.328898	0.681816	0.479389	0.5514	0.5577	0.2640	0.0910	0.4771	0.1423	0.2082
000121	I	0.295566	0.671992	0.482085	0.5623	0.4766	0.2330	0.0700	0.4535	0.1498	0.2030
000122	N	0.251310	0.660684	0.483459	0.4967	0.4831	0.2110	0.0460	0.4311	0.1545	0.1978
000123	P	0.185341	0.641248	0.483820	0.4116	0.4725	0.1850	0.0360	0.3966	0.1647	0.1919
000124	K	0.123953	0.611400	0.483152	0.5173	0.4619	0.2040	0.0430	0.4003	0.1750	0.1852
000125	T	0.044297	0.585811	0.481166	0.4918	0.3704	0.2170	0.0460	0.3650	0.1840	0.1809
000126	C	0.039160	0.558729	0.479809	0.4037	0.2609	0.2120	0.0600	0.3258	0.1748	0.1776
000127	S	0.036006	0.535929	0.480598	0.3399	0.2645	0.2010	0.0890	0.3097	0.1684	0.1890
000128	P	0.029790	0.516845	0.481187	0.2700	0.2129	0.1690	0.0890	0.2799	0.1714	0.2017
000129	K	0.017474	0.492182	0.478256	0.3005	0.1554	0.1520	0.0790	0.2660	0.1753	0.2179
000130	E	0.013547	0.472906	0.470023	0.2292	0.0967	0.1240	0.0640	0.2344	0.1790	0.2408
000131	Y	0.013672	0.451895	0.461163	0.1766	0.1028	0.1110	0.0570	0.2195	0.1742	0.2689
000132	L	0.017860	0.408270	0.453376	0.1698	0.1554	0.0990	0.0510	0.2173	0.1592	0.2991
000133	E	0.022660	0.409958	0.446460	0.1958	0.1275	0.0930	0.0470	0.2159	0.1589	0.3283
000134	T	0.023704	0.355716	0.438888	0.1732	0.1007	0.0930	0.0460	0.1975	0.1497	0.3663
000135	F	0.024642	0.315052	0.430574	0.1532	0.1007	0.0860	0.0410	0.1849	0.1420	0.4109
000136	I	0.033999	0.305357	0.422104	0.1266	0.0618	0.0630	0.0260	0.1687	0.1446	0.4165
000137	F	0.033947	0.288972	0.412968	0.1958	0.0676	0.0560	0.0230	0.1760	0.1388	0.3786
000138	P	0.033971	0.280719	0.403520	0.1349	0.0676	0.0570	0.0250	0.1630	0.1350	0.3529
000139	V	0.034117	0.280085	0.393762	0.0723	0.0631	0.0640	0.0240	0.1513	0.1358	0.3251
000140	L	0.031124	0.252805	0.384070	0.0621	0.0568	0.0810	0.0290	0.1447	0.1294	0.3051
000141	L	0.026426	0.253675	0.372987	0.0567	0.0494	0.1020	0.0450	0.1435	0.1269	0.2957
000142	P	0.017088	0.262779	0.360730	0.0723	0.0835	0.1100	0.0520	0.1511	0.1203	0.2974
000143	G	0.012802	0.232055	0.347507	0.1018	0.1373	0.1250	0.0550	0.1594	0.1058	0.3001
000144	M	0.012089	0.243510	0.335260	0.0935	0.1229	0.1480	0.0530	0.1592	0.1045	0.2993
000145	A	0.005375	0.251494	0.324323	0.1041	0.0662	0.1350	0.0410	0.1478	0.1087	0.3187
000146	S	0.008002	0.285605	0.314517	0.1532	0.0662	0.1260	0.0410	0.1589	0.1101	0.3542
000147	L	0.096430	0.316192	0.305346	0.1178	0.1092	0.1380	0.0530	0.1805	0.0930	0.3815
000148	L	0.189725	0.335584	0.296586	0.1060	0.1852	0.2120	0.1130	0.2208	0.0757	0.4241
000149	H	0.294098	0.372846	0.287407	0.0909	0.1643	0.2720	0.1050	0.2469	0.0927	0.3853
000150	Q	0.370601	0.421794	0.277992	0.1266	0.2129	0.2870	0.0770	0.2828	0.0969	0.3224
000151	A	0.438956	0.458547	0.268275	0.1698	0.2918	0.2670	0.0650	0.3158	0.1017	0.2674
000152	K	0.507589	0.468599	0.260397	0.2292	0.3566	0.2480	0.0600	0.3450	0.1095	0.2205
000153	K	0.549623	0.513098	0.253765	0.1998	0.2364	0.2460	0.0680	0.3331	0.1416	0.1862
000154	E	0.615078	0.545856	0.248518	0.2041	0.1643	0.2510	0.0660	0.3381	0.1750	0.1616
000155	K	0.633961	0.537109	0.243233	0.1602	0.1702	0.2480	0.0540	0.3321	0.1843	0.1437
000156	C	0.567736	0.523445	0.238129	0.1380	0.1184	0.2200	0.0470	0.3010	0.1784	0.1397
000157	F	0.495372	0.492654	0.231769	0.1205	0.1298	0.2200	0.0620	0.2817	0.1557	0.1424
000158	E	0.461072	0.436053	0.222369	0.1088	0.1092	0.1680	0.0470	0.2509	0.1451	0.1378
000159	R	0.387808	0.388488	0.211428	0.1635	0.1070	0.1400	0.0370	0.2331	0.1139	0.1428
000160	K	0.319553	0.337693	0.201462	0.1240	0.1137	0.1030	0.0230	0.1999	0.0965	0.1568
000161	R	0.250871	0.279645	0.194692	0.0771	0.1137	0.0820	0.0200	0.1663	0.0802	0.1782
000162	T	0.208418	0.217282	0.190110	0.0935	0.0749	0.0710	0.0170	0.1426	0.0636	0.2018
000163	K	0.140253	0.180805	0.185687	0.1018	0.0483	0.0650	0.0170	0.1203	0.0531	0.2301
000164	F	0.118667	0.133186	0.181564	0.0660	0.0287	0.0620	0.0170	0.0984	0.0512	0.2643
000165	I	0.096101	0.097729	0.177794	0.0405	0.0281	0.0610	0.0180	0.0835	0.0495	0.2855
000166	A	0.074781	0.090026	0.175011	0.0245	0.0306	0.0600	0.0190	0.0758	0.0500	0.2940
000167	C	0.004412	0.088522	0.172644	0.0455	0.0605	0.0610	0.0160	0.0721	0.0515	0.2954
000168	D	0.001040	0.083984	0.170616	0.0858	0.1275	0.0580	0.0120	0.0878	0.0531	0.3029
000169	F	0.000582	0.066868	0.169363	0.0832	0.1162	0.0530	0.0120	0.0816	0.0524	0.3130
000170	L	0.000751	0.089242	0.170210	0.0991	0.1162	0.0510	0.0130	0.0878	0.0527	0.3118
000171	T	0.003639	0.109193	0.173219	0.0965	0.1048	0.0520	0.0150	0.0899	0.0523	0.3019
000172	E	0.004232	0.125691	0.179136	0.0909	0.1092	0.0540	0.0140	0.0939	0.0550	0.2886
000173	W	0.004628	0.143981	0.186494	0.0813	0.1115	0.0600	0.0130	0.0980	0.0585	0.2782
000174	L	0.013255	0.181400	0.196211	0.0832	0.1275	0.0640	0.0120	0.1110	0.0646	0.2644
000175	Y	0.014290	0.234497	0.206258	0.1380	0.1275	0.0740	0.0100	0.1324	0.0745	0.2447
000176	N	0.015235	0.285708	0.215965	0.2122	0.1881	0.0950	0.0230	0.1687	0.0886	0.2373
000177	Q	0.017306	0.322432	0.222948	0.1667	0.2164	0.1350	0.0640	0.1801	0.0932	0.2360
000178	N	0.018734	0.338149	0.229849	0.2602	0.2064	0.1640	0.0750	0.2029	0.0981	0.2348
000179	P	0.018801	0.371005	0.238877	0.2748	0.1184	0.1800	0.0870	0.2003	0.1127	0.2312
000180	K	0.018773	0.385601	0.252778	0.2657	0.1942	0.1890	0.0930	0.2177	0.1101	0.2322
000181	R	0.021410	0.414308	0.270742	0.2602	0.1969	0.1870	0.0820	0.2251	0.1175	0.2370
000182	A	0.065855	0.441837	0.290953	0.2700	0.2094	0.1810	0.0740	0.2431	0.1147	0.2482
000183	G	0.130086	0.466953	0.311307	0.1878	0.1229	0.1770	0.0680	0.2326	0.1216	0.2559
000184	E	0.183446	0.457232	0.329584	0.2865	0.1476	0.1670	0.0570	0.2618	0.1093	0.2648
000185	P	0.231525	0.431811	0.345044	0.2786	0.2193	0.1190	0.0360	0.2709	0.0989	0.2776
000186	F	0.273784	0.395308	0.357695	0.2963	0.3182	0.1050	0.0340	0.2911	0.0921	0.2939
000187	T	0.315614	0.360926	0.369423	0.3146	0.3087	0.0910	0.0340	0.2933	0.0937	0.3037
000188	E	0.367752	0.344140	0.382141	0.3184	0.2292	0.0960	0.0380	0.2896	0.0997	0.3086
000189	F	0.425647	0.312069	0.395244	0.3184	0.2129	0.1010	0.0440	0.2942	0.1098	0.3186
000190	F	0.464941	0.277546	0.406516	0.2080	0.2002	0.1000	0.0440	0.2761	0.1253	0.3177
000191	S	0.444894	0.238767	0.415014	0.2122	0.2034	0.1040	0.0450	0.2697	0.1210	0.3054
000192	I	0.396984	0.221912	0.421598	0.2432	0.2258	0.1250	0.0520	0.2723	0.1042	0.2914
000193	P	0.391529	0.240619	0.426885	0.2558	0.2503	0.1440	0.0520	0.2848	0.0962	0.2709
000194	F	0.397864	0.264850	0.431768	0.2748	0.2645	0.1600	0.0530	0.2990	0.0909	0.2519
000195	V	0.374039	0.323139	0.436518	0.2558	0.2783	0.1700	0.0510	0.3063	0.0853	0.2275
000196	E	0.381130	0.393728	0.441176	0.2558	0.1881	0.1760	0.0510	0.3059	0.1041	0.2020
000197	E	0.404463	0.459328	0.445382	0.3668	0.3087	0.1910	0.0530	0.3626	0.0916	0.1816
000198	R	0.409817	0.512428	0.448523	0.2748	0.2328	0.2330	0.0730	0.3518	0.1102	0.1647
000199	L	0.432841	0.552367	0.451824	0.2865	0.2193	0.3100	0.0990	0.3755	0.1133	0.1537
000200	K	0.464443	0.576003	0.455535	0.2748	0.2503	0.3750	0.1150	0.3993	0.1132	0.1402
000201	Q	0.530913	0.603353	0.458077	0.3535	0.2817	0.4250	0.1200	0.4421	0.1065	0.1346
000202	H	0.575238	0.607974	0.458551	0.2657	0.2129	0.4250	0.1100	0.4242	0.1458	0.1363
000203	P	0.613052	0.606255	0.456256	0.2602	0.2884	0.3800	0.1030	0.4340	0.1394	0.1425
000204	R	0.684888	0.575780	0.453937	0.1532	0.2752	0.3870	0.1020	0.4216	0.1774	0.1521
000205	P	0.725456	0.542717	0.450795	0.2167	0.3774	0.3430	0.0780	0.4426	0.1609	0.1657
000206	P	0.740634	0.492154	0.446945	0.2913	0.4441	0.2910	0.0520	0.4509	0.1511	0.1830
000207	I	0.765355	0.462746	0.442370	0.2865	0.4119	0.2150	0.0440	0.4307	0.1735	0.2013
000208	P	0.787928	0.433207	0.439362	0.2786	0.3807	0.1610	0.0370	0.4134	0.1934	0.2200
000209	L	0.822554	0.410245	0.436118	0.2558	0.3087	0.1530	0.0490	0.3977	0.2122	0.2442
000210	S	0.820936	0.374810	0.430443	0.3146	0.2918	0.1320	0.0450	0.3941	0.2118	0.2665
000211	L	0.803430	0.349337	0.419032	0.2385	0.2193	0.1270	0.0330	0.3594	0.2195	0.2921
000212	L	0.724050	0.323967	0.402125	0.1532	0.2193	0.1360	0.0370	0.3264	0.2007	0.3104
000213	L	0.651949	0.307968	0.382123	0.1060	0.2164	0.1400	0.0430	0.3007	0.1830	0.3159
000214	T	0.588445	0.319080	0.361096	0.0909	0.1162	0.1560	0.0550	0.2720	0.1735	0.3137
000215	E	0.503422	0.329343	0.341480	0.1041	0.0676	0.1650	0.0530	0.2518	0.1531	0.3137
000216	E	0.419807	0.316338	0.323959	0.0514	0.0581	0.1910	0.0630	0.2268	0.1386	0.3178
000217	E	0.335238	0.291483	0.309693	0.0245	0.0433	0.1830	0.0630	0.1979	0.1254	0.3227
000218	A	0.253053	0.259250	0.296938	0.0405	0.0389	0.1650	0.0490	0.1756	0.1039	0.3366
000219	A	0.168708	0.222882	0.283823	0.0286	0.0231	0.1600	0.0450	0.1478	0.0953	0.3408
000220	L	0.099639	0.171976	0.270825	0.0327	0.0240	0.1530	0.0410	0.1253	0.0853	0.3347
000221	Y	0.095413	0.160733	0.260371	0.0194	0.0244	0.1420	0.0420	0.1170	0.0833	0.3269
000222	I	0.084838	0.141473	0.253093	0.0212	0.0223	0.1210	0.0390	0.1073	0.0793	0.3172
000223	Q	0.060775	0.132495	0.247548	0.0336	0.0356	0.1080	0.0350	0.1030	0.0741	0.3049
000224	S	0.055351	0.106921	0.242733	0.0336	0.0646	0.1020	0.0390	0.1008	0.0684	0.3036
000225	F	0.051639	0.120931	0.238460	0.0336	0.0662	0.1000	0.0460	0.1019	0.0677	0.3055
000226	W	0.050489	0.139295	0.234537	0.0405	0.0389	0.1260	0.0690	0.1050	0.0706	0.2939
000227	R	0.049143	0.114121	0.231102	0.0387	0.0389	0.1450	0.0820	0.1028	0.0700	0.2738
000228	A	0.052997	0.112421	0.227910	0.0200	0.0380	0.1610	0.0860	0.1020	0.0737	0.2537
000229	C	0.050943	0.093054	0.225207	0.0245	0.0275	0.1800	0.0860	0.1002	0.0769	0.2234
000230	V	0.045918	0.094740	0.222442	0.0274	0.0313	0.2280	0.1030	0.1082	0.0855	0.2058
000231	V	0.047056	0.083613	0.221395	0.0245	0.0518	0.2800	0.1170	0.1181	0.0969	0.1928
000232	R	0.130061	0.108539	0.221945	0.0363	0.0518	0.2840	0.1190	0.1388	0.0886	0.1803
000233	C	0.215322	0.151934	0.225621	0.0554	0.0870	0.2440	0.0940	0.1631	0.0715	0.1779
000234	D	0.297535	0.178003	0.230149	0.0327	0.0817	0.2220	0.0860	0.1737	0.0906	0.1789
000235	P	0.393562	0.213657	0.237034	0.0304	0.0835	0.2050	0.0800	0.1938	0.1163	0.1759
000236	E	0.489665	0.256144	0.244781	0.0502	0.0985	0.1890	0.0780	0.2214	0.1409	0.1705
000237	I	0.591240	0.285394	0.254366	0.0909	0.1611	0.1890	0.0730	0.2620	0.1601	0.1750
000238	Q	0.697563	0.287468	0.264366	0.0567	0.1643	0.2000	0.0680	0.2784	0.2018	0.1788
000239	E	0.796412	0.317915	0.274695	0.0660	0.1671	0.2110	0.0830	0.3055	0.2337	0.1835
000240	L	0.891699	0.351207	0.284678	0.1041	0.2436	0.2260	0.0900	0.3502	0.2533	0.1999
000241	R	0.890975	0.365791	0.293280	0.1349	0.3087	0.1960	0.0870	0.3650	0.2471	0.2100
000242	Q	0.882399	0.377536	0.301974	0.1958	0.3019	0.1740	0.0510	0.3723	0.2382	0.2253
000243	W	0.857819	0.438958	0.311156	0.2080	0.3053	0.1640	0.0310	0.3808	0.2304	0.2475
000244	Q	0.865543	0.462520	0.320783	0.2333	0.3983	0.1420	0.0340	0.4038	0.2313	0.2559
000245	K	0.866397	0.477694	0.331329	0.2333	0.3948	0.1350	0.0330	0.4065	0.2330	0.2640
000246	K	0.826648	0.519477	0.342694	0.1958	0.3117	0.1300	0.0370	0.3877	0.2313	0.2717
000247	L	0.750459	0.566009	0.356445	0.1998	0.3053	0.1380	0.0550	0.3860	0.2116	0.2812
000248	R	0.656638	0.549397	0.371506	0.2255	0.3087	0.1230	0.0410	0.3724	0.1827	0.2841
000249	E	0.573875	0.568750	0.388167	0.2333	0.2064	0.1130	0.0360	0.3473	0.1778	0.2961
000250	A	0.542318	0.561901	0.404314	0.1805	0.1298	0.1100	0.0380	0.3214	0.1893	0.3169
000251	K	0.505749	0.522597	0.418538	0.2041	0.1731	0.1100	0.0360	0.3224	0.1654	0.3417
000252	H	0.449273	0.496946	0.432746	0.1602	0.1702	0.1130	0.0390	0.3038	0.1580	0.3725
000253	I	0.347732	0.513347	0.448283	0.1495	0.1702	0.1050	0.0390	0.2890	0.1563	0.3964
000254	H	0.248141	0.462097	0.465175	0.2255	0.2609	0.1170	0.0490	0.2965	0.1269	0.4078
000255	Q	0.180544	0.480791	0.481963	0.2385	0.2609	0.1280	0.0480	0.2952	0.1383	0.4157
000256	Q	0.157133	0.511170	0.497744	0.2255	0.2609	0.1440	0.0470	0.2994	0.1503	0.4241
000257	V	0.202006	0.570016	0.513083	0.2255	0.2002	0.1560	0.0490	0.3112	0.1650	0.4310
000258	K	0.190167	0.571286	0.529054	0.3146	0.2752	0.1550	0.0480	0.3391	0.1586	0.4196
000259	I	0.139443	0.584365	0.546986	0.2558	0.2034	0.1600	0.0600	0.3150	0.1813	0.4074
000260	F	0.102909	0.603043	0.566353	0.2786	0.1969	0.1770	0.0600	0.3208	0.1937	0.4059
000261	W	0.104525	0.642659	0.584709	0.2385	0.1942	0.2140	0.0400	0.3298	0.2056	0.4162
000262	A	0.106008	0.683197	0.599845	0.2432	0.2002	0.2410	0.0350	0.3455	0.2155	0.4332
000263	K	0.106391	0.697006	0.612397	0.2209	0.2129	0.2860	0.0460	0.3560	0.2191	0.4105
000264	Q	0.109956	0.718202	0.623505	0.2865	0.2951	0.3050	0.0580	0.3897	0.2112	0.3899
000265	E	0.098944	0.732426	0.635839	0.2820	0.2783	0.3380	0.0580	0.3942	0.2195	0.3773
000266	Q	0.044871	0.739556	0.648558	0.2865	0.2129	0.3690	0.0620	0.3836	0.2417	0.3765
000267	K	0.052183	0.749732	0.661546	0.2602	0.2292	0.3930	0.0800	0.3909	0.2449	0.3787
000268	V	0.060013	0.770308	0.673841	0.2602	0.2715	0.3830	0.0860	0.4032	0.2463	0.3785
000269	K	0.107313	0.775899	0.685715	0.2865	0.2541	0.3920	0.0940	0.4169	0.2384	0.3792
000270	C	0.126945	0.778536	0.697227	0.3225	0.3215	0.4790	0.0920	0.4543	0.2262	0.3820
000271	K	0.150309	0.798112	0.708875	0.3630	0.3948	0.5220	0.1020	0.4894	0.2177	0.3918
000272	M	0.203244	0.800617	0.719585	0.4245	0.4831	0.6190	0.1370	0.5416	0.1985	0.4086
000273	E	0.249861	0.798839	0.728015	0.4203	0.4292	0.6270	0.1410	0.5422	0.1918	0.4217
000274	D	0.347198	0.818427	0.735037	0.4116	0.4541	0.6410	0.1470	0.5678	0.1742	0.4228
000275	D	0.416098	0.816029	0.743096	0.3578	0.4476	0.6800	0.1550	0.5768	0.1761	0.3995
000276	A	0.478345	0.806871	0.751215	0.3939	0.4369	0.7220	0.1380	0.5982	0.1655	0.3780
000277	V	0.547026	0.789575	0.758984	0.3992	0.4256	0.7340	0.1280	0.6091	0.1593	0.3651
000278	P	0.583485	0.826215	0.764906	0.3992	0.4119	0.8540	0.0720	0.6400	0.1868	0.3547
000279	A	0.656441	0.838120	0.769902	0.5043	0.4652	0.8920	0.0680	0.6877	0.1608	0.3431
000280	A	0.707330	0.847831	0.773428	0.5374	0.4541	0.9250	0.0560	0.7075	0.1655	0.3368
000281	K	0.729105	0.861251	0.777594	0.6412	0.5342	0.9250	0.0530	0.7447	0.1307	0.3368
000282	M	0.755091	0.872165	0.784921	0.6756	0.5211	0.9240	0.0480	0.7554	0.1317	0.3382
000283	K	0.739179	0.889749	0.793077	0.7342	0.5456	0.9060	0.0360	0.7680	0.1197	0.3435
000284	I	0.723727	0.896616	0.800505	0.7772	0.5176	0.9490	0.0320	0.7774	0.1382	0.3453
000285	P	0.721824	0.900000	0.806947	0.8200	0.4801	0.9400	0.0310	0.7781	0.1503	0.3494
000286	S	0.718234	0.906578	0.814120	0.8521	0.4330	0.9370	0.0370	0.7769	0.1689	0.3540
000287	S	0.736016	0.912346	0.818187	0.9040	0.4409	0.9340	0.0400	0.7909	0.1705	0.3591