RESNUM	RES	VL-XT	VSL2B	VL3	IUPred-S	IUPred-L	PONDRFIT	FITERROR	MDP	MDPERROR	ANCHOR2
000001	M	0.514190	0.816642	0.409623	0.7232	0.0719	0.9660	0.0170	0.5153	0.3014	0.0923
000002	A	0.818206	0.755691	0.410966	0.6124	0.0433	0.9090	0.0620	0.5230	0.3002	0.0918
000003	L	0.554287	0.710566	0.408479	0.5667	0.0704	0.9040	0.0290	0.4677	0.2672	0.0901
000004	R	0.584815	0.654522	0.401794	0.4333	0.0364	0.8400	0.0690	0.4248	0.2589	0.0903
000005	S	0.524620	0.545383	0.397282	0.4078	0.0506	0.8020	0.0730	0.3884	0.2341	0.0916
000006	V	0.479430	0.440820	0.392040	0.2531	0.0835	0.7740	0.0750	0.3384	0.2217	0.0928
000007	M	0.414168	0.362316	0.385852	0.2080	0.1137	0.7020	0.0940	0.3000	0.1954	0.0938
000008	F	0.384377	0.305483	0.382646	0.1958	0.1476	0.5560	0.1240	0.2649	0.1490	0.0935
000009	S	0.340659	0.305451	0.383762	0.1732	0.0888	0.5720	0.0930	0.2467	0.1670	0.0993
000010	D	0.306977	0.328842	0.384312	0.1532	0.1162	0.6500	0.0640	0.2592	0.1858	0.1043
000011	V	0.246297	0.339667	0.381189	0.0554	0.0851	0.7010	0.0780	0.2379	0.2244	0.1087
000012	S	0.216295	0.358361	0.377872	0.0858	0.0646	0.6850	0.0810	0.2351	0.2198	0.1173
000013	I	0.218297	0.365237	0.372800	0.0567	0.0799	0.6240	0.0920	0.2240	0.2045	0.1279
000014	D	0.182458	0.359247	0.368863	0.0567	0.0799	0.5710	0.0930	0.2082	0.1916	0.1456
000015	F	0.201682	0.351967	0.365189	0.0771	0.0909	0.5630	0.0740	0.2141	0.1815	0.1623
000016	S	0.189174	0.369006	0.359928	0.0405	0.0967	0.4050	0.1070	0.1834	0.1543	0.1828
000017	P	0.159189	0.376607	0.348626	0.0723	0.1323	0.2430	0.0960	0.1638	0.1258	0.2048
000018	E	0.139992	0.370161	0.346086	0.0991	0.1671	0.1900	0.0640	0.1611	0.1177	0.2232
000019	E	0.099555	0.365245	0.346159	0.1566	0.1914	0.1580	0.0610	0.1618	0.1156	0.2414
000020	W	0.094937	0.344604	0.341089	0.1698	0.1298	0.1530	0.0630	0.1486	0.1148	0.2524
000021	E	0.082527	0.340560	0.339779	0.0965	0.1162	0.1120	0.0400	0.1247	0.1263	0.2695
000022	Y	0.064047	0.319037	0.334868	0.0909	0.1702	0.1200	0.0430	0.1273	0.1204	0.2803
000023	L	0.059730	0.325393	0.328192	0.0789	0.1275	0.1160	0.0450	0.1180	0.1240	0.2877
000024	D	0.030497	0.330961	0.321902	0.1495	0.1671	0.1060	0.0440	0.1307	0.1218	0.2894
000025	L	0.017718	0.332800	0.311079	0.0909	0.1070	0.1080	0.0460	0.1094	0.1287	0.2848
000026	E	0.016130	0.341346	0.305145	0.1349	0.1942	0.0930	0.0390	0.1299	0.1251	0.2854
000027	Q	0.015088	0.335687	0.300191	0.0813	0.2064	0.0830	0.0400	0.1202	0.1293	0.2783
000028	K	0.014117	0.330212	0.302361	0.0744	0.1229	0.0650	0.0280	0.1011	0.1311	0.2728
000029	D	0.017643	0.310798	0.305528	0.0677	0.1137	0.0580	0.0260	0.0946	0.1288	0.2782
000030	L	0.027201	0.292920	0.301224	0.0376	0.1137	0.0580	0.0270	0.0883	0.1259	0.2815
000031	Y	0.036916	0.267619	0.298604	0.0813	0.1399	0.0540	0.0250	0.0966	0.1137	0.2826
000032	R	0.054413	0.257334	0.293046	0.0723	0.0948	0.0490	0.0210	0.0880	0.1108	0.2825
000033	D	0.055886	0.238612	0.283553	0.0771	0.1476	0.0550	0.0260	0.0958	0.1016	0.2943
000034	V	0.055850	0.223516	0.275163	0.0909	0.1501	0.0560	0.0240	0.0961	0.0953	0.3029
000035	M	0.056328	0.236576	0.269448	0.0813	0.1449	0.0520	0.0220	0.0952	0.0970	0.3193
000036	L	0.056413	0.237731	0.263175	0.0884	0.1671	0.0470	0.0190	0.0995	0.0959	0.3306
000037	E	0.056364	0.244494	0.261226	0.0813	0.0929	0.0470	0.0190	0.0871	0.0981	0.3434
000038	N	0.056803	0.249080	0.260285	0.0554	0.0568	0.0490	0.0190	0.0779	0.1039	0.3629
000039	Y	0.050306	0.238655	0.258183	0.0363	0.0581	0.0530	0.0210	0.0727	0.1036	0.3874
000040	S	0.038212	0.210325	0.250440	0.0173	0.0518	0.0570	0.0270	0.0624	0.1000	0.4027
000041	N	0.018224	0.185154	0.246723	0.0336	0.0967	0.0640	0.0360	0.0663	0.0922	0.4149
000042	L	0.015989	0.164395	0.248501	0.0567	0.1583	0.0640	0.0320	0.0766	0.0896	0.4314
000043	V	0.019076	0.145400	0.246636	0.0789	0.1251	0.0570	0.0210	0.0710	0.0839	0.4250
000044	S	0.018596	0.148426	0.248346	0.0744	0.0765	0.0610	0.0210	0.0632	0.0855	0.4191
000045	L	0.019344	0.142396	0.251071	0.0771	0.1070	0.0650	0.0200	0.0684	0.0845	0.4081
000046	G	0.023695	0.150345	0.254333	0.0607	0.1251	0.0670	0.0210	0.0711	0.0868	0.4068
000047	C	0.021982	0.148644	0.256668	0.1088	0.1275	0.0820	0.0290	0.0815	0.0833	0.4025
000048	F	0.018552	0.166665	0.261636	0.0991	0.1275	0.1070	0.0380	0.0865	0.0856	0.4035
000049	I	0.038551	0.202597	0.266724	0.0607	0.1229	0.1300	0.0380	0.0924	0.0901	0.4139
000050	S	0.074243	0.227243	0.271981	0.1018	0.1881	0.1470	0.0380	0.1230	0.0823	0.4334
000051	K	0.073897	0.277961	0.285398	0.1041	0.1852	0.1690	0.0350	0.1350	0.0926	0.4171
000052	P	0.070703	0.303572	0.294032	0.1060	0.1823	0.1910	0.0400	0.1423	0.0996	0.4062
000053	D	0.070643	0.322960	0.306980	0.1602	0.2783	0.2320	0.0580	0.1774	0.1024	0.3927
000054	V	0.069106	0.357768	0.323979	0.2122	0.2292	0.2600	0.0680	0.1880	0.1071	0.3819
000055	I	0.101374	0.415321	0.343080	0.2432	0.2258	0.2730	0.0920	0.2098	0.1134	0.3691
000056	S	0.180634	0.431902	0.362896	0.2432	0.2436	0.2600	0.0930	0.2266	0.1037	0.3505
000057	S	0.259221	0.484224	0.378691	0.2292	0.1881	0.2970	0.0920	0.2429	0.1176	0.3370
000058	L	0.346982	0.505925	0.393967	0.2255	0.2292	0.3310	0.1090	0.2731	0.1168	0.3256
000059	E	0.421492	0.515893	0.399771	0.2602	0.3182	0.2950	0.0970	0.3019	0.1094	0.3118
000060	Q	0.531136	0.503606	0.405957	0.3359	0.3948	0.2710	0.0810	0.3394	0.1125	0.3008
000061	G	0.641394	0.527784	0.421053	0.3225	0.3910	0.2760	0.0800	0.3598	0.1418	0.2951
000062	K	0.752114	0.513239	0.433231	0.3263	0.3948	0.2590	0.0690	0.3742	0.1740	0.2881
000063	E	0.862818	0.519527	0.447196	0.2963	0.3774	0.2230	0.0650	0.3798	0.2195	0.2819
000064	P	0.936781	0.540084	0.464141	0.2786	0.2918	0.2180	0.0700	0.3775	0.2547	0.2759
000065	W	0.964587	0.523636	0.480864	0.3535	0.3704	0.2320	0.0830	0.4074	0.2465	0.2721
000066	K	0.995505	0.486125	0.490480	0.3668	0.4541	0.2110	0.0870	0.4189	0.2547	0.2676
000067	V	0.997792	0.475568	0.502439	0.3992	0.3872	0.2190	0.0890	0.4131	0.2557	0.2678
000068	V	0.997012	0.478330	0.504737	0.4037	0.3983	0.2150	0.0910	0.4153	0.2553	0.2692
000069	R	0.995122	0.457664	0.503589	0.4078	0.4766	0.1970	0.0840	0.4224	0.2549	0.2664
000070	K	0.994354	0.454037	0.502434	0.4037	0.4582	0.1860	0.0780	0.4161	0.2576	0.2704
000071	G	0.993045	0.458960	0.511191	0.3939	0.3740	0.1760	0.0660	0.3993	0.2643	0.2746
000072	R	0.992920	0.468572	0.510874	0.3847	0.3774	0.1710	0.0560	0.3992	0.2653	0.2797
000073	R	0.992788	0.465896	0.512446	0.3146	0.3872	0.1920	0.0690	0.3920	0.2668	0.2844
000074	Q	0.992729	0.501765	0.521521	0.3096	0.3704	0.1880	0.0710	0.3937	0.2698	0.2899
000075	Y	0.992611	0.538743	0.525999	0.2786	0.3392	0.1810	0.0570	0.3884	0.2780	0.2966
000076	P	0.952551	0.548525	0.526594	0.3630	0.3774	0.1350	0.0270	0.3961	0.2644	0.2962
000077	D	0.875105	0.573793	0.525338	0.3668	0.3807	0.1360	0.0260	0.3888	0.2428	0.3000
000078	L	0.794729	0.581217	0.527915	0.3535	0.3667	0.1440	0.0350	0.3733	0.2228	0.3029
000079	E	0.689727	0.571204	0.525331	0.4078	0.4292	0.1270	0.0350	0.3708	0.1957	0.3068
000080	T	0.581680	0.565755	0.519488	0.3359	0.4476	0.1510	0.0430	0.3469	0.1740	0.3125
000081	K	0.472503	0.579314	0.512592	0.3399	0.4652	0.1510	0.0330	0.3347	0.1640	0.3161
000082	Y	0.363808	0.592728	0.499259	0.3399	0.3872	0.1770	0.0430	0.3101	0.1545	0.3215
000083	E	0.254541	0.596949	0.489347	0.3491	0.3182	0.1690	0.0240	0.2813	0.1644	0.3254
000084	T	0.145107	0.593358	0.476727	0.2748	0.3321	0.1890	0.0340	0.2557	0.1760	0.3360
000085	K	0.076070	0.571594	0.459860	0.1921	0.2575	0.2020	0.0210	0.2166	0.1859	0.3451
000086	K	0.044697	0.542951	0.437858	0.2531	0.3426	0.2050	0.0340	0.2315	0.1770	0.3584
000087	L	0.016757	0.511173	0.417842	0.1456	0.2503	0.2250	0.0390	0.1915	0.1783	0.3759
000088	S	0.012312	0.470770	0.400945	0.1416	0.2364	0.2110	0.0780	0.1786	0.1674	0.3928
000089	L	0.010965	0.428987	0.384803	0.1322	0.3117	0.2100	0.1070	0.1823	0.1588	0.4090
000090	E	0.009280	0.410554	0.372298	0.1380	0.2034	0.1830	0.0950	0.1573	0.1502	0.4202
000091	N	0.007340	0.376656	0.355980	0.1456	0.1942	0.2160	0.1370	0.1566	0.1387	0.4306
000092	D	0.016413	0.345079	0.338539	0.0909	0.1449	0.1930	0.1200	0.1317	0.1337	0.4140
000093	I	0.041521	0.309159	0.323816	0.1322	0.1881	0.1360	0.0750	0.1345	0.1139	0.3953
000094	Y	0.083186	0.270613	0.310512	0.0858	0.1881	0.1060	0.0550	0.1223	0.1040	0.3784
000095	E	0.119751	0.226864	0.295992	0.0723	0.1823	0.0780	0.0390	0.1131	0.0950	0.3749
000096	I	0.156572	0.225242	0.282727	0.0789	0.1323	0.0760	0.0320	0.1115	0.0885	0.3691
000097	N	0.186818	0.201754	0.276125	0.0744	0.1424	0.0700	0.0280	0.1125	0.0860	0.3672
000098	L	0.208953	0.209408	0.266560	0.0701	0.2094	0.0620	0.0210	0.1267	0.0888	0.3676
000099	S	0.210537	0.238151	0.265753	0.0701	0.2129	0.0610	0.0200	0.1321	0.0920	0.3737
000100	Q	0.213423	0.248107	0.275101	0.1117	0.2849	0.0650	0.0180	0.1539	0.0948	0.3776
000101	W	0.211613	0.259806	0.281126	0.1150	0.2129	0.0730	0.0160	0.1454	0.0882	0.3770
000102	K	0.186519	0.280547	0.279212	0.1178	0.1942	0.0730	0.0160	0.1420	0.0895	0.3821
000103	I	0.144342	0.296832	0.277726	0.0744	0.1914	0.0790	0.0240	0.1309	0.0990	0.3868
000104	M	0.109737	0.317294	0.274346	0.1150	0.1969	0.0920	0.0330	0.1384	0.0979	0.3978
000105	E	0.077042	0.326451	0.267476	0.1766	0.2094	0.1040	0.0360	0.1489	0.0977	0.4083
000106	R	0.050966	0.331904	0.259844	0.1240	0.1476	0.1360	0.0420	0.1318	0.1027	0.4079
000107	I	0.031152	0.334410	0.261387	0.1380	0.2034	0.1370	0.0440	0.1407	0.1065	0.4025
000108	E	0.041297	0.330659	0.261657	0.0909	0.2034	0.1270	0.0410	0.1321	0.1090	0.4015
000109	N	0.073452	0.334788	0.266238	0.1380	0.2783	0.1290	0.0440	0.1590	0.1043	0.3994
000110	H	0.108784	0.342518	0.274049	0.1380	0.1791	0.1330	0.0430	0.1503	0.0960	0.3917
000111	G	0.153198	0.344255	0.283793	0.1380	0.1791	0.1390	0.0430	0.1589	0.0924	0.3843
000112	L	0.159765	0.324776	0.295565	0.1456	0.2752	0.1340	0.0450	0.1733	0.0920	0.3787
000113	K	0.156588	0.335322	0.309685	0.1602	0.2849	0.1280	0.0400	0.1775	0.0975	0.3775
000114	G	0.152838	0.327656	0.321550	0.2333	0.3494	0.1360	0.0380	0.2000	0.1007	0.3760
000115	L	0.148690	0.331058	0.333213	0.2602	0.3740	0.1490	0.0480	0.2105	0.1052	0.3717
000116	I	0.146497	0.337334	0.345565	0.2602	0.3019	0.1600	0.0490	0.2010	0.0982	0.3725
000117	L	0.136144	0.363625	0.361556	0.2700	0.3117	0.1550	0.0510	0.2060	0.1094	0.3781
000118	K	0.137953	0.379643	0.379430	0.2820	0.3774	0.1460	0.0520	0.2206	0.1233	0.3940
000119	N	0.154636	0.396137	0.394106	0.2865	0.3774	0.1490	0.0530	0.2272	0.1251	0.4049
000120	D	0.184043	0.432215	0.410412	0.2913	0.3704	0.1760	0.0570	0.2424	0.1230	0.4148
000121	W	0.260299	0.436392	0.428249	0.3096	0.3704	0.2030	0.0700	0.2633	0.1114	0.4256
000122	E	0.347806	0.472280	0.446048	0.3096	0.3910	0.1790	0.0660	0.2833	0.1221	0.4304
000123	S	0.390492	0.518459	0.465839	0.3847	0.4619	0.1930	0.0650	0.3248	0.1300	0.4224
000124	T	0.412064	0.561535	0.484850	0.4203	0.4766	0.1950	0.0570	0.3443	0.1397	0.4168
000125	G	0.475372	0.594432	0.505725	0.4245	0.4725	0.2120	0.0600	0.3631	0.1444	0.4112
000126	K	0.541893	0.627243	0.525563	0.5008	0.4652	0.2360	0.0640	0.3952	0.1493	0.4068
000127	I	0.570970	0.661321	0.547232	0.5667	0.4369	0.2580	0.0680	0.4156	0.1582	0.4073
000128	E	0.578982	0.684517	0.568857	0.5802	0.5017	0.2220	0.0730	0.4280	0.1729	0.4101
000129	G	0.574771	0.690379	0.591629	0.5331	0.5017	0.2450	0.0800	0.4242	0.1690	0.4139
000130	Q	0.564137	0.713495	0.610090	0.5412	0.4369	0.2400	0.0790	0.4160	0.1804	0.4169
000131	E	0.552777	0.721271	0.620905	0.5331	0.4256	0.2290	0.0760	0.4103	0.1869	0.4185
000132	R	0.582899	0.709912	0.632517	0.5623	0.5176	0.2240	0.0810	0.4328	0.1856	0.4216
000133	P	0.634491	0.721071	0.646252	0.5549	0.5382	0.1970	0.0750	0.4410	0.1999	0.4260
000134	Q	0.645540	0.729987	0.665785	0.5331	0.5342	0.1960	0.0670	0.4399	0.2059	0.4290
000135	E	0.656593	0.727043	0.679872	0.5583	0.5382	0.2010	0.0610	0.4469	0.2073	0.4319
000136	G	0.670866	0.713264	0.694278	0.5549	0.5296	0.2130	0.0650	0.4470	0.2062	0.4330
000137	Y	0.621660	0.711066	0.710970	0.5623	0.4801	0.2190	0.0550	0.4324	0.2064	0.4310
000138	F	0.572795	0.728800	0.720728	0.6255	0.5493	0.2060	0.0430	0.4470	0.2124	0.4296
000139	S	0.499913	0.735647	0.732555	0.5711	0.5456	0.2040	0.0540	0.4260	0.2161	0.4293
000140	S	0.426632	0.739311	0.738761	0.5711	0.4619	0.2160	0.0570	0.4024	0.2214	0.4282
000141	V	0.356062	0.765147	0.741168	0.5583	0.4619	0.2290	0.0570	0.3950	0.2299	0.4274
000142	K	0.283532	0.777337	0.744992	0.4967	0.4541	0.2380	0.0660	0.3750	0.2405	0.4275
000143	M	0.209442	0.802201	0.749009	0.5084	0.4541	0.3030	0.0950	0.3796	0.2490	0.4268
000144	P	0.136371	0.822988	0.751690	0.4749	0.4330	0.3290	0.1040	0.3661	0.2670	0.4278
000145	S	0.158383	0.831909	0.756828	0.4703	0.4256	0.3740	0.1120	0.3767	0.2616	0.4291
000146	E	0.219412	0.827528	0.758676	0.4600	0.3740	0.3690	0.1060	0.3750	0.2528	0.4314
000147	K	0.268265	0.829040	0.765012	0.4513	0.3740	0.3720	0.1020	0.3824	0.2463	0.4333
000148	V	0.375734	0.826575	0.769095	0.4556	0.4685	0.3470	0.0850	0.4123	0.2271	0.4320
000149	S	0.475008	0.821284	0.771745	0.5043	0.5707	0.3640	0.0790	0.4559	0.2072	0.4287
000150	S	0.563160	0.816466	0.772382	0.5253	0.5854	0.4030	0.0650	0.4822	0.1921	0.4268
000151	Y	0.573598	0.813540	0.772578	0.5253	0.5854	0.4940	0.0940	0.4986	0.1771	0.4244
000152	Q	0.579306	0.803314	0.765564	0.5762	0.5758	0.4890	0.1180	0.5040	0.1704	0.4202
000153	K	0.575965	0.793099	0.756263	0.5846	0.5854	0.4800	0.1660	0.5031	0.1670	0.4198
000154	R	0.476138	0.782936	0.749032	0.5514	0.5098	0.5630	0.2380	0.4805	0.1714	0.4201
000155	T	0.401556	0.771320	0.742450	0.5296	0.4330	0.5680	0.2550	0.4506	0.1874	0.4251
000156	S	0.331903	0.749450	0.729877	0.4513	0.4369	0.5590	0.2350	0.4214	0.1961	0.4328
000157	V	0.230229	0.723977	0.720327	0.3992	0.4292	0.5470	0.2210	0.3883	0.2141	0.4269
000158	T	0.139465	0.708341	0.707853	0.3992	0.4582	0.5100	0.2170	0.3691	0.2277	0.4222
000159	P	0.066686	0.680179	0.694220	0.4556	0.4330	0.4390	0.2330	0.3458	0.2379	0.4160
000160	H	0.103443	0.661781	0.678217	0.4879	0.4369	0.4240	0.1870	0.3523	0.2216	0.4066
000161	Q	0.104697	0.611451	0.666118	0.4116	0.3249	0.3770	0.1650	0.3050	0.2166	0.3996
000162	R	0.110739	0.576208	0.656122	0.4703	0.3983	0.3100	0.1780	0.3109	0.2093	0.3940
000163	L	0.109190	0.539482	0.647103	0.3399	0.3983	0.2630	0.1600	0.2750	0.2064	0.3857
000164	H	0.104441	0.498320	0.637721	0.3578	0.2884	0.2380	0.1480	0.2479	0.2038	0.3848
000165	F	0.103326	0.493162	0.625268	0.3535	0.2918	0.2560	0.1380	0.2496	0.1977	0.3915
000166	V	0.098414	0.491681	0.617337	0.2432	0.2849	0.2600	0.1400	0.2298	0.2001	0.4083
000167	D	0.088946	0.513802	0.609371	0.2483	0.2680	0.2490	0.1400	0.2279	0.2037	0.4333
000168	K	0.122134	0.514900	0.600319	0.3096	0.2328	0.2430	0.1300	0.2371	0.1948	0.4088
000169	P	0.076111	0.530566	0.593276	0.3005	0.2328	0.2080	0.1170	0.2246	0.2072	0.3878
000170	Y	0.072287	0.506882	0.584947	0.1998	0.1671	0.2310	0.1440	0.1962	0.2102	0.3667
000171	E	0.067582	0.503561	0.577808	0.1998	0.1643	0.1710	0.1150	0.1844	0.2126	0.3434
000172	C	0.102739	0.509954	0.571470	0.1532	0.1671	0.1290	0.0780	0.1770	0.2141	0.3251
000173	K	0.106472	0.497680	0.567044	0.1456	0.1702	0.1090	0.0640	0.1716	0.2127	0.3163
000174	E	0.106983	0.488598	0.559215	0.1998	0.1671	0.1080	0.0610	0.1784	0.2049	0.3070
000175	C	0.106824	0.469883	0.550079	0.1998	0.1671	0.1130	0.0590	0.1761	0.1982	0.3098
000176	G	0.112424	0.444609	0.541813	0.2122	0.1643	0.1190	0.0560	0.1754	0.1895	0.3267
000177	K	0.068945	0.406905	0.534555	0.2558	0.2094	0.1350	0.0620	0.1793	0.1821	0.3558
000178	A	0.067854	0.382404	0.522633	0.1766	0.2094	0.1460	0.0700	0.1637	0.1772	0.3910
000179	F	0.065927	0.393043	0.510284	0.1635	0.2164	0.1470	0.0690	0.1643	0.1755	0.4263
000180	R	0.063281	0.382457	0.497984	0.1292	0.1449	0.1410	0.0710	0.1434	0.1777	0.4122
000181	V	0.028363	0.380839	0.489611	0.1844	0.2094	0.1320	0.0660	0.1559	0.1744	0.3807
000182	R	0.026801	0.411337	0.482732	0.1495	0.2064	0.1400	0.0660	0.1557	0.1788	0.3512
000183	Q	0.030693	0.398758	0.481467	0.2432	0.3182	0.1230	0.0540	0.1857	0.1740	0.3277
000184	Q	0.034262	0.403276	0.481740	0.2255	0.3249	0.1210	0.0420	0.1848	0.1751	0.3116
000185	L	0.041868	0.408499	0.482262	0.2255	0.3182	0.1190	0.0490	0.1855	0.1742	0.2961
000186	T	0.053057	0.396887	0.479440	0.3399	0.4507	0.1130	0.0500	0.2257	0.1825	0.2942
000187	F	0.063875	0.417074	0.484882	0.3456	0.3704	0.1120	0.0480	0.2182	0.1756	0.2963
000188	H	0.116144	0.447918	0.486856	0.3717	0.3774	0.1080	0.0370	0.2368	0.1714	0.3086
000189	H	0.121251	0.440083	0.490707	0.3096	0.2715	0.1280	0.0450	0.2117	0.1625	0.3272
000190	R	0.126652	0.449727	0.493598	0.3885	0.3566	0.1520	0.0480	0.2455	0.1628	0.3646
000191	I	0.129521	0.470466	0.497195	0.2602	0.3599	0.1530	0.0510	0.2288	0.1655	0.4025
000192	H	0.134813	0.495696	0.500035	0.3311	0.2817	0.1730	0.0560	0.2361	0.1645	0.4100
000193	T	0.132183	0.536874	0.504076	0.3263	0.2817	0.1900	0.0560	0.2445	0.1715	0.3368
000194	G	0.159465	0.562325	0.510579	0.1998	0.2575	0.2080	0.0570	0.2312	0.1803	0.2710
000195	E	0.193317	0.581352	0.516616	0.1958	0.2328	0.2100	0.0620	0.2356	0.1837	0.2182
000196	K	0.242338	0.590049	0.522290	0.2385	0.2129	0.2140	0.0650	0.2496	0.1794	0.1742
000197	P	0.210809	0.586362	0.531579	0.2292	0.2164	0.2000	0.0610	0.2405	0.1860	0.1437
000198	Y	0.225796	0.571591	0.541423	0.2333	0.3087	0.2220	0.0670	0.2603	0.1740	0.1175
000199	E	0.241163	0.565527	0.552868	0.2483	0.3053	0.1580	0.0610	0.2530	0.1824	0.0960
000200	C	0.256735	0.557644	0.559213	0.2657	0.2817	0.1280	0.0430	0.2484	0.1863	0.0796
000201	K	0.305381	0.556288	0.560137	0.2602	0.2849	0.1150	0.0370	0.2536	0.1864	0.0807
000202	E	0.315513	0.531202	0.558896	0.2865	0.2849	0.1150	0.0350	0.2555	0.1795	0.0830
000203	C	0.292659	0.528208	0.557614	0.2865	0.2783	0.1130	0.0350	0.2497	0.1803	0.0920
000204	G	0.255360	0.501312	0.555015	0.2292	0.2817	0.1220	0.0340	0.2316	0.1791	0.1218
000205	M	0.207810	0.454260	0.550909	0.2255	0.2849	0.1430	0.0440	0.2192	0.1711	0.1611
000206	A	0.186150	0.413822	0.546403	0.2255	0.2849	0.1510	0.0550	0.2103	0.1655	0.2002
000207	F	0.167400	0.425823	0.539912	0.1958	0.2918	0.1610	0.0640	0.2070	0.1681	0.2398
000208	R	0.149934	0.424113	0.532028	0.1667	0.2129	0.1550	0.0570	0.1847	0.1738	0.2711
000209	Q	0.132468	0.448811	0.526572	0.2292	0.2951	0.1600	0.0570	0.2109	0.1695	0.3103
000210	T	0.080374	0.471456	0.523172	0.1732	0.2884	0.1770	0.0580	0.1984	0.1840	0.3607
000211	A	0.072152	0.472001	0.520791	0.2748	0.4087	0.1730	0.0510	0.2335	0.1832	0.4160
000212	H	0.058353	0.513104	0.517011	0.2657	0.4119	0.1930	0.0550	0.2403	0.1899	0.4267
000213	L	0.067478	0.530029	0.516116	0.2558	0.4087	0.2270	0.0920	0.2482	0.1872	0.4102
000214	T	0.091845	0.547034	0.510576	0.3806	0.4766	0.2440	0.1130	0.2900	0.1822	0.4099
000215	R	0.117069	0.576684	0.505687	0.3806	0.3983	0.2930	0.1770	0.2943	0.1703	0.4242
000216	H	0.180952	0.579535	0.498236	0.3311	0.4186	0.2960	0.1710	0.3011	0.1558	0.4287
000217	Q	0.222575	0.579207	0.495380	0.2602	0.2884	0.2770	0.1530	0.2713	0.1570	0.4167
000218	R	0.266544	0.558674	0.487951	0.3399	0.3740	0.2530	0.1280	0.2987	0.1378	0.3854
000219	L	0.326571	0.558412	0.480046	0.1998	0.3704	0.2370	0.1250	0.2820	0.1496	0.3611
000220	H	0.394076	0.552102	0.474057	0.1998	0.2193	0.2450	0.1350	0.2684	0.1561	0.3227
000221	S	0.437985	0.554530	0.468984	0.2080	0.2164	0.2530	0.1380	0.2783	0.1568	0.2575
000222	G	0.424125	0.531841	0.466291	0.1178	0.2364	0.2520	0.1330	0.2603	0.1653	0.1975
000223	E	0.393470	0.520179	0.464063	0.1205	0.2094	0.2090	0.1150	0.2422	0.1665	0.1503
000224	K	0.374628	0.518498	0.459839	0.1667	0.1823	0.1990	0.0990	0.2402	0.1604	0.1171
000225	L	0.309350	0.506561	0.455686	0.1532	0.1349	0.1780	0.0840	0.2137	0.1656	0.0976
000226	Y	0.264837	0.481425	0.453169	0.1018	0.0543	0.1770	0.0850	0.1798	0.1802	0.0783
000227	E	0.218040	0.460659	0.451680	0.0832	0.0518	0.1370	0.0680	0.1584	0.1818	0.0552
000228	C	0.157594	0.434655	0.442971	0.0268	0.0443	0.1040	0.0520	0.1279	0.1880	0.0393
000229	K	0.090238	0.416395	0.430526	0.0268	0.0433	0.0810	0.0390	0.1096	0.1869	0.0344
000230	E	0.042283	0.375081	0.416160	0.0327	0.0424	0.0770	0.0370	0.0950	0.1786	0.0298
000231	C	0.038412	0.360740	0.406150	0.0376	0.0433	0.0860	0.0450	0.0943	0.1719	0.0284
000232	G	0.034832	0.334502	0.406121	0.0231	0.0334	0.0880	0.0470	0.0856	0.1702	0.0347
000233	E	0.061875	0.287163	0.406085	0.0231	0.0341	0.0930	0.0500	0.0831	0.1594	0.0442
000234	A	0.062796	0.277311	0.404622	0.0141	0.0341	0.0950	0.0510	0.0806	0.1585	0.0580
000235	F	0.066571	0.232707	0.398223	0.0124	0.0341	0.0900	0.0480	0.0726	0.1512	0.0730
000236	I	0.076834	0.235980	0.393552	0.0218	0.0443	0.0720	0.0330	0.0752	0.1478	0.0832
000237	C	0.082713	0.241437	0.391248	0.0363	0.0749	0.0600	0.0230	0.0825	0.1434	0.0964
000238	G	0.098158	0.276240	0.389033	0.0279	0.0506	0.0570	0.0180	0.0850	0.1497	0.1429
000239	A	0.124376	0.258910	0.391027	0.0621	0.1229	0.0590	0.0200	0.1045	0.1357	0.2147
000240	D	0.117689	0.256478	0.391547	0.0405	0.1229	0.0620	0.0250	0.0999	0.1387	0.2755
000241	L	0.121696	0.256476	0.393552	0.0363	0.1229	0.0700	0.0300	0.1012	0.1388	0.3453
000242	R	0.095992	0.280993	0.394683	0.0884	0.2715	0.0900	0.0460	0.1378	0.1359	0.4009
000243	V	0.096159	0.314574	0.397042	0.0909	0.1969	0.0930	0.0430	0.1320	0.1368	0.4243
000244	H	0.108724	0.353168	0.396509	0.1088	0.1969	0.0940	0.0360	0.1436	0.1388	0.4279
000245	Q	0.104322	0.373202	0.403999	0.0744	0.0929	0.0970	0.0320	0.1237	0.1556	0.4267
000246	K	0.100630	0.402119	0.414070	0.1240	0.1554	0.1040	0.0310	0.1477	0.1530	0.4185
000247	M	0.081645	0.424843	0.423069	0.0744	0.2064	0.1140	0.0300	0.1503	0.1657	0.4103
000248	H	0.054924	0.439264	0.425119	0.2041	0.1942	0.1450	0.0410	0.1730	0.1584	0.3846
000249	I	0.054564	0.469697	0.429066	0.2122	0.1942	0.1740	0.0570	0.1842	0.1629	0.2902
000250	G	0.047861	0.480492	0.436225	0.1266	0.2129	0.1800	0.0480	0.1747	0.1741	0.1913
000251	E	0.040140	0.489079	0.440959	0.1240	0.1942	0.1670	0.0480	0.1691	0.1805	0.1240
000252	K	0.074989	0.509703	0.443687	0.1766	0.1671	0.1340	0.0410	0.1771	0.1798	0.0809
000253	P	0.093609	0.525235	0.446650	0.1635	0.1671	0.1340	0.0490	0.1806	0.1825	0.0557
000254	Y	0.123216	0.491106	0.450435	0.1456	0.1643	0.1430	0.0480	0.1778	0.1722	0.0389
000255	E	0.153012	0.484010	0.456802	0.1635	0.1671	0.1040	0.0310	0.1786	0.1719	0.0273
000256	C	0.197690	0.457479	0.457570	0.1240	0.1611	0.0810	0.0270	0.1702	0.1713	0.0204
000257	K	0.231483	0.433414	0.456859	0.1349	0.1643	0.0610	0.0230	0.1709	0.1672	0.0201
000258	E	0.237180	0.410538	0.455958	0.1532	0.1298	0.0600	0.0230	0.1651	0.1646	0.0195
000259	C	0.248063	0.404673	0.453371	0.1698	0.1275	0.0620	0.0260	0.1687	0.1613	0.0214
000260	G	0.273336	0.373487	0.455359	0.1732	0.1251	0.0650	0.0320	0.1684	0.1571	0.0312
000261	K	0.258576	0.334319	0.459679	0.1732	0.1298	0.0800	0.0380	0.1626	0.1500	0.0499
000262	A	0.224249	0.316110	0.461559	0.1266	0.1323	0.0940	0.0470	0.1489	0.1501	0.0788
000263	F	0.191593	0.300444	0.458376	0.1205	0.1349	0.0990	0.0520	0.1410	0.1477	0.1169
000264	R	0.155556	0.263274	0.458109	0.0991	0.0851	0.0950	0.0490	0.1163	0.1537	0.1570
000265	V	0.112030	0.277468	0.460715	0.1635	0.1399	0.0890	0.0460	0.1304	0.1494	0.2111
000266	R	0.087341	0.297371	0.466317	0.1178	0.1373	0.0930	0.0460	0.1221	0.1589	0.2735
000267	G	0.096010	0.310529	0.473243	0.2209	0.2783	0.0840	0.0370	0.1649	0.1547	0.3350
000268	Q	0.093428	0.320501	0.478925	0.2122	0.2783	0.0760	0.0290	0.1634	0.1593	0.3720
000269	L	0.074834	0.343704	0.486589	0.2041	0.2783	0.0730	0.0280	0.1623	0.1678	0.4106
000270	T	0.061379	0.346964	0.490164	0.3263	0.4619	0.0700	0.0280	0.2111	0.1893	0.4308
000271	L	0.063157	0.376429	0.495290	0.3399	0.3872	0.0650	0.0260	0.2052	0.1847	0.4228
000272	H	0.098889	0.400141	0.495547	0.3717	0.3392	0.0630	0.0250	0.2121	0.1790	0.4022
000273	Q	0.098808	0.401247	0.496275	0.3184	0.2002	0.0720	0.0320	0.1817	0.1756	0.3817
000274	R	0.098727	0.398714	0.493987	0.3456	0.2884	0.0820	0.0410	0.2023	0.1716	0.3388
000275	I	0.088559	0.399810	0.490954	0.2209	0.2884	0.0780	0.0420	0.1793	0.1721	0.3067
000276	H	0.074646	0.397080	0.484949	0.2913	0.1759	0.0780	0.0390	0.1695	0.1749	0.2621
000277	T	0.065736	0.410724	0.477279	0.2786	0.1671	0.0820	0.0390	0.1673	0.1758	0.1981
000278	G	0.063851	0.408805	0.471485	0.1766	0.1731	0.0790	0.0310	0.1502	0.1750	0.1478
000279	E	0.065634	0.413196	0.470200	0.1732	0.1528	0.0730	0.0270	0.1463	0.1774	0.1094
000280	K	0.062693	0.405653	0.464940	0.2333	0.1323	0.0740	0.0320	0.1512	0.1752	0.0814
000281	P	0.022501	0.394737	0.462046	0.2167	0.1373	0.0660	0.0280	0.1395	0.1799	0.0636
000282	Y	0.020598	0.355115	0.461518	0.1998	0.1881	0.0670	0.0260	0.1384	0.1715	0.0496
000283	V	0.018699	0.339969	0.464604	0.2080	0.1251	0.0570	0.0250	0.1248	0.1754	0.0379
000284	C	0.018470	0.328997	0.461333	0.2122	0.1092	0.0510	0.0220	0.1200	0.1750	0.0281
000285	K	0.018942	0.321350	0.452678	0.1495	0.1092	0.0470	0.0210	0.1076	0.1723	0.0273
000286	E	0.018903	0.298760	0.439076	0.1732	0.1048	0.0460	0.0210	0.1069	0.1648	0.0270
000287	C	0.013306	0.302181	0.429516	0.1698	0.1007	0.0490	0.0220	0.1058	0.1629	0.0299
000288	G	0.002637	0.285498	0.421898	0.1240	0.1048	0.0540	0.0250	0.0952	0.1602	0.0439
000289	K	0.002018	0.262929	0.419557	0.1205	0.1092	0.0740	0.0330	0.0947	0.1548	0.0659
000290	A	0.002605	0.259603	0.419653	0.1266	0.1092	0.0850	0.0400	0.0971	0.1531	0.0980
000291	F	0.005075	0.265633	0.417834	0.1088	0.1092	0.0980	0.0500	0.0978	0.1525	0.1378
000292	R	0.005978	0.255803	0.412844	0.0884	0.0662	0.0920	0.0440	0.0847	0.1547	0.1782
000293	Q	0.006426	0.279942	0.409978	0.1349	0.1092	0.0940	0.0420	0.1041	0.1500	0.2312
000294	Y	0.036145	0.296011	0.409620	0.1240	0.1373	0.1020	0.0350	0.1159	0.1448	0.3016
000295	A	0.058343	0.290724	0.407553	0.2167	0.2645	0.0810	0.0210	0.1518	0.1387	0.3791
000296	H	0.064616	0.309882	0.403851	0.2041	0.2609	0.0770	0.0160	0.1527	0.1388	0.4223
000297	L	0.076669	0.345818	0.403995	0.1732	0.2645	0.0850	0.0240	0.1576	0.1412	0.4144
000298	T	0.091272	0.373498	0.401548	0.2786	0.3631	0.1000	0.0400	0.2010	0.1441	0.4054
000299	R	0.093783	0.422229	0.400027	0.2865	0.2918	0.1270	0.0810	0.2036	0.1408	0.4152
000300	H	0.104284	0.463084	0.400029	0.2122	0.2918	0.1410	0.0940	0.2021	0.1464	0.4265
000301	Q	0.135734	0.500410	0.405990	0.1635	0.1583	0.1390	0.0980	0.1827	0.1612	0.4164
000302	K	0.170309	0.493639	0.410405	0.2385	0.2399	0.1280	0.0900	0.2118	0.1467	0.3628
000303	L	0.199357	0.494579	0.416297	0.1117	0.2364	0.1080	0.0770	0.1917	0.1621	0.3222
000304	N	0.249078	0.480455	0.422564	0.1178	0.1028	0.0960	0.0680	0.1743	0.1710	0.2653
000305	S	0.262265	0.457619	0.427202	0.1698	0.1528	0.0900	0.0610	0.1888	0.1559	0.1911
000306	A	0.250606	0.405692	0.434579	0.0909	0.1702	0.0820	0.0490	0.1665	0.1576	0.1351
000307	D	0.235675	0.381810	0.443766	0.0909	0.1476	0.0680	0.0290	0.1539	0.1602	0.0936
000308	R	0.232698	0.361644	0.449266	0.1380	0.1275	0.0710	0.0280	0.1552	0.1545	0.0685
000309	L	0.221444	0.354280	0.455153	0.1292	0.0888	0.0700	0.0260	0.1440	0.1611	0.0531
000310	Y	0.192893	0.336771	0.463709	0.0771	0.0313	0.0770	0.0300	0.1192	0.1745	0.0390
000311	E	0.159957	0.338247	0.473197	0.0607	0.0300	0.0730	0.0310	0.1103	0.1809	0.0235
000312	C	0.108838	0.337315	0.476152	0.0179	0.0287	0.0700	0.0290	0.0938	0.1899	0.0148
000313	K	0.043163	0.353002	0.479779	0.0167	0.0275	0.0720	0.0320	0.0853	0.1989	0.0126
000314	E	0.024774	0.360898	0.479302	0.0297	0.0269	0.0830	0.0420	0.0876	0.1996	0.0105
000315	C	0.024389	0.368976	0.486924	0.0279	0.0269	0.0970	0.0520	0.0908	0.2028	0.0101
000316	G	0.024221	0.357465	0.500380	0.0167	0.0209	0.1010	0.0540	0.0868	0.2072	0.0132
000317	K	0.024321	0.329058	0.514935	0.0231	0.0240	0.1120	0.0580	0.0853	0.2066	0.0184
000318	A	0.022663	0.329506	0.528270	0.0157	0.0240	0.1110	0.0540	0.0838	0.2124	0.0258
000319	F	0.019171	0.294920	0.535003	0.0131	0.0235	0.1090	0.0500	0.0766	0.2117	0.0356
000320	L	0.017217	0.289006	0.535014	0.0200	0.0227	0.0940	0.0390	0.0739	0.2114	0.0445
000321	C	0.008812	0.314544	0.538024	0.0327	0.0372	0.0840	0.0360	0.0795	0.2139	0.0563
000322	G	0.003489	0.355984	0.541487	0.0212	0.0356	0.0850	0.0380	0.0836	0.2223	0.0984
000323	S	0.003684	0.352856	0.548199	0.0502	0.0967	0.0870	0.0340	0.0984	0.2154	0.1633
000324	G	0.003782	0.363763	0.551108	0.0455	0.0967	0.0950	0.0380	0.1008	0.2177	0.2281
000325	L	0.005160	0.392826	0.557216	0.0425	0.0967	0.1110	0.0470	0.1080	0.2228	0.3066
000326	R	0.006298	0.413518	0.564719	0.1041	0.2399	0.1510	0.0630	0.1525	0.2119	0.3692
000327	V	0.006572	0.450153	0.574508	0.1088	0.1702	0.1670	0.0740	0.1504	0.2209	0.3938
000328	H	0.014051	0.490946	0.581286	0.1292	0.1731	0.1760	0.0760	0.1638	0.2255	0.4088
000329	H	0.016078	0.510521	0.593096	0.0965	0.0817	0.1840	0.0760	0.1481	0.2433	0.4102
000330	K	0.017684	0.539356	0.605193	0.1495	0.1399	0.1920	0.0840	0.1732	0.2405	0.3692
000331	L	0.017189	0.565109	0.612818	0.0884	0.1942	0.1940	0.0890	0.1766	0.2500	0.3417
000332	H	0.016623	0.581676	0.616004	0.2385	0.1969	0.1990	0.0820	0.2055	0.2404	0.3029
000333	T	0.016500	0.605953	0.620899	0.2531	0.2002	0.2070	0.0840	0.2138	0.2450	0.2048
000334	G	0.015519	0.617902	0.629367	0.1266	0.2034	0.2140	0.0860	0.1962	0.2593	0.1326
000335	E	0.014584	0.617484	0.635932	0.1322	0.1881	0.1890	0.0810	0.1902	0.2631	0.0858
000336	K	0.049695	0.635326	0.643727	0.1878	0.1671	0.1580	0.0750	0.1997	0.2622	0.0569
000337	P	0.076101	0.629902	0.651220	0.1732	0.1671	0.1560	0.0790	0.2004	0.2605	0.0406
000338	Y	0.117750	0.607504	0.657389	0.1602	0.1671	0.1740	0.0860	0.2044	0.2515	0.0292
000339	E	0.160711	0.599730	0.666466	0.1732	0.1702	0.1490	0.0760	0.2089	0.2486	0.0210
000340	C	0.204993	0.592777	0.671369	0.1495	0.1731	0.1290	0.0640	0.2083	0.2494	0.0163
000341	K	0.238593	0.588883	0.671953	0.1602	0.1791	0.1120	0.0660	0.2130	0.2472	0.0172
000342	E	0.244017	0.571941	0.674182	0.2209	0.1759	0.1140	0.0710	0.2211	0.2389	0.0178
000343	C	0.254680	0.571966	0.677494	0.2432	0.1731	0.1170	0.0740	0.2267	0.2375	0.0208
000344	G	0.279587	0.551882	0.677494	0.1998	0.1251	0.1240	0.0790	0.2134	0.2417	0.0326
000345	K	0.265771	0.513673	0.680755	0.2041	0.1298	0.1510	0.0960	0.2108	0.2330	0.0532
000346	A	0.233740	0.497368	0.679076	0.1635	0.1298	0.1750	0.1180	0.1998	0.2332	0.0849
000347	F	0.194265	0.490212	0.668129	0.1532	0.1349	0.1840	0.1250	0.1928	0.2307	0.1269
000348	R	0.151476	0.466147	0.656201	0.1266	0.0835	0.1820	0.1300	0.1684	0.2367	0.1747
000349	V	0.108686	0.451623	0.646856	0.1921	0.1349	0.1790	0.1260	0.1777	0.2243	0.2409
000350	R	0.084484	0.476884	0.641605	0.1456	0.1323	0.1820	0.1230	0.1701	0.2330	0.3163
000351	Q	0.092995	0.480682	0.639848	0.2700	0.2680	0.1630	0.1100	0.2125	0.2151	0.3900
000352	Q	0.090682	0.457151	0.636101	0.2531	0.2680	0.1520	0.0990	0.2034	0.2136	0.4318
000353	L	0.096002	0.451917	0.634671	0.2432	0.2645	0.1540	0.1110	0.2016	0.2119	0.3880
000354	T	0.122700	0.449044	0.631554	0.3806	0.4441	0.1580	0.1100	0.2590	0.2052	0.3680
000355	L	0.159698	0.469375	0.633975	0.3939	0.3667	0.1580	0.1040	0.2580	0.1983	0.3775
000356	H	0.233119	0.502556	0.631781	0.4203	0.3667	0.1480	0.0920	0.2784	0.1924	0.4038
000357	Q	0.251388	0.483680	0.629550	0.3578	0.2328	0.1540	0.0870	0.2466	0.1932	0.4267
000358	R	0.270369	0.510774	0.625900	0.4282	0.3249	0.1610	0.0850	0.2825	0.1863	0.3712
000359	I	0.262789	0.522235	0.620581	0.3053	0.3215	0.1370	0.0650	0.2582	0.1923	0.3231
000360	H	0.252966	0.531980	0.614120	0.3668	0.2164	0.1330	0.0510	0.2503	0.2000	0.2616
000361	T	0.245565	0.556200	0.607883	0.3630	0.2064	0.1480	0.0490	0.2533	0.2012	0.1922
000362	G	0.217587	0.576281	0.604019	0.2432	0.2064	0.1530	0.0440	0.2327	0.2095	0.1395
000363	E	0.214369	0.586945	0.602921	0.2385	0.2002	0.1440	0.0380	0.2307	0.2137	0.0995
000364	K	0.221115	0.594064	0.598423	0.2913	0.1759	0.1480	0.0520	0.2384	0.2126	0.0713
000365	P	0.144610	0.596727	0.587973	0.2963	0.1731	0.1400	0.0410	0.2251	0.2203	0.0539
000366	Y	0.125621	0.580266	0.579200	0.2748	0.2399	0.1790	0.0510	0.2333	0.2067	0.0409
000367	E	0.105953	0.572547	0.569934	0.2865	0.2328	0.1470	0.0460	0.2242	0.2101	0.0313
000368	C	0.104414	0.560847	0.556365	0.2820	0.1611	0.1200	0.0360	0.2047	0.2143	0.0250
000369	K	0.100991	0.542192	0.540507	0.2786	0.1583	0.0920	0.0320	0.1954	0.2110	0.0250
000370	E	0.099654	0.513717	0.523922	0.2558	0.1554	0.0860	0.0290	0.1852	0.2023	0.0255
000371	C	0.096941	0.502925	0.507465	0.2531	0.1115	0.0810	0.0320	0.1742	0.2016	0.0289
000372	G	0.051903	0.479849	0.494692	0.2041	0.0765	0.0790	0.0350	0.1485	0.2050	0.0431
000373	K	0.006854	0.432188	0.481483	0.1732	0.0799	0.0910	0.0370	0.1305	0.1981	0.0660
000374	T	0.005571	0.396639	0.468282	0.1322	0.0817	0.0990	0.0430	0.1192	0.1888	0.1004
000375	F	0.004451	0.374803	0.452917	0.1150	0.0835	0.0980	0.0400	0.1126	0.1813	0.1533
000376	S	0.003373	0.321403	0.438480	0.0832	0.0506	0.0740	0.0300	0.0888	0.1758	0.2128
000377	R	0.002567	0.315271	0.426322	0.1292	0.0851	0.0660	0.0260	0.0996	0.1658	0.2957
000378	G	0.002366	0.322777	0.420200	0.0935	0.0817	0.0610	0.0250	0.0936	0.1677	0.3985
000379	Y	0.003143	0.293553	0.414756	0.1635	0.1914	0.0540	0.0240	0.1175	0.1550	0.3646
000380	H	0.003719	0.290709	0.407823	0.1456	0.1881	0.0460	0.0230	0.1124	0.1539	0.3061
000381	L	0.010762	0.288637	0.402997	0.1416	0.1881	0.0420	0.0190	0.1118	0.1516	0.2621
000382	I	0.023639	0.276610	0.397002	0.2432	0.3599	0.0440	0.0220	0.1579	0.1583	0.2358
000383	L	0.026392	0.284369	0.390046	0.2432	0.2884	0.0470	0.0250	0.1482	0.1477	0.2514
000384	H	0.027508	0.309758	0.380263	0.2657	0.2849	0.0550	0.0270	0.1571	0.1463	0.2803
000385	H	0.027610	0.317318	0.374237	0.1805	0.1449	0.0760	0.0300	0.1245	0.1383	0.3177
000386	R	0.027416	0.335575	0.364649	0.2531	0.2292	0.1030	0.0370	0.1580	0.1345	0.3958
000387	I	0.026935	0.349278	0.355414	0.1532	0.2364	0.1200	0.0400	0.1476	0.1336	0.3951
000388	H	0.026181	0.391120	0.344088	0.1635	0.1028	0.1530	0.0650	0.1395	0.1415	0.3001
000389	T	0.025588	0.466517	0.333515	0.1667	0.0592	0.1980	0.0940	0.1526	0.1625	0.1941
000390	G	0.018455	0.483671	0.324035	0.1456	0.0967	0.2420	0.1120	0.1644	0.1631	0.1220
000391	E	0.007414	0.472847	0.313321	0.0771	0.0817	0.2280	0.0980	0.1445	0.1686	0.0771
000392	K	0.006119	0.483943	0.303127	0.1117	0.0690	0.1860	0.0760	0.1428	0.1678	0.0505
000393	P	0.005004	0.470872	0.291109	0.1178	0.0967	0.1810	0.0810	0.1452	0.1588	0.0350
000394	Y	0.004908	0.402766	0.278193	0.0965	0.1399	0.1960	0.0780	0.1400	0.1363	0.0258
000395	E	0.005117	0.350742	0.267553	0.1060	0.0888	0.1270	0.0470	0.1129	0.1244	0.0195
000396	C	0.005253	0.330464	0.260398	0.1205	0.0835	0.0730	0.0270	0.1022	0.1211	0.0155
000397	K	0.005396	0.289356	0.249804	0.0723	0.0835	0.0520	0.0220	0.0837	0.1134	0.0159
000398	E	0.005385	0.246183	0.240951	0.1041	0.0817	0.0430	0.0170	0.0800	0.1009	0.0164
000399	C	0.005333	0.235977	0.234065	0.1205	0.0555	0.0370	0.0110	0.0757	0.0997	0.0190
000400	W	0.002559	0.208732	0.229616	0.0858	0.0543	0.0360	0.0110	0.0646	0.0942	0.0309
000401	K	0.001074	0.171318	0.225683	0.0587	0.0555	0.0400	0.0140	0.0544	0.0876	0.0469
000402	A	0.000925	0.172619	0.222854	0.0587	0.0568	0.0480	0.0150	0.0562	0.0861	0.0709
000403	F	0.000700	0.173296	0.216749	0.0514	0.0543	0.0630	0.0190	0.0571	0.0839	0.1014
000404	S	0.000482	0.167922	0.211686	0.0425	0.0320	0.0670	0.0220	0.0516	0.0841	0.1311
000405	R	0.000342	0.206046	0.207366	0.0771	0.0543	0.0710	0.0240	0.0682	0.0849	0.1740
000406	Y	0.000219	0.260675	0.208798	0.0490	0.0364	0.0860	0.0230	0.0720	0.1012	0.2262
000407	S	0.001167	0.308496	0.209606	0.0884	0.0948	0.0890	0.0270	0.0970	0.1055	0.2876
000408	Q	0.001389	0.344471	0.209289	0.0526	0.0690	0.0870	0.0230	0.0924	0.1209	0.3279
000409	L	0.001594	0.404030	0.211628	0.0502	0.0690	0.0860	0.0150	0.1019	0.1399	0.3790
000410	I	0.002851	0.392464	0.213927	0.0643	0.1852	0.0890	0.0190	0.1223	0.1317	0.4151
000411	S	0.002982	0.375604	0.215027	0.1349	0.2002	0.0810	0.0210	0.1324	0.1224	0.3954
000412	H	0.003021	0.362013	0.215657	0.1602	0.1969	0.0760	0.0210	0.1331	0.1184	0.3869
000413	Q	0.003115	0.341012	0.217123	0.1117	0.1028	0.0740	0.0190	0.1055	0.1151	0.3719
000414	S	0.003176	0.293269	0.219551	0.1878	0.1702	0.0690	0.0170	0.1205	0.1025	0.3349
000415	I	0.003118	0.281573	0.221265	0.1088	0.1791	0.0600	0.0160	0.1054	0.1020	0.3133
000416	H	0.002187	0.286186	0.223981	0.1150	0.0734	0.0600	0.0130	0.0894	0.1051	0.2737
000417	I	0.001971	0.271989	0.226307	0.1878	0.1184	0.0740	0.0280	0.1090	0.0994	0.2129
000418	G	0.001841	0.271177	0.230559	0.1088	0.1229	0.0790	0.0300	0.0973	0.0985	0.1530
000419	V	0.000647	0.278917	0.235371	0.1041	0.1070	0.0800	0.0270	0.0951	0.1023	0.1100
000420	K	0.000556	0.286254	0.238507	0.1566	0.0929	0.0720	0.0240	0.1014	0.1058	0.0758
000421	P	0.000551	0.285789	0.242723	0.1766	0.1349	0.0670	0.0200	0.1107	0.1057	0.0548
000422	Y	0.000512	0.273249	0.248952	0.1178	0.0967	0.0690	0.0190	0.0928	0.1054	0.0426
000423	D	0.000504	0.287428	0.255860	0.1349	0.0631	0.0550	0.0120	0.0902	0.1143	0.0333
000424	C	0.000621	0.285074	0.259879	0.0909	0.0605	0.0460	0.0080	0.0805	0.1170	0.0274
000425	K	0.000718	0.284814	0.267326	0.0587	0.0646	0.0420	0.0110	0.0752	0.1210	0.0283
000426	E	0.000806	0.273564	0.270509	0.0935	0.0618	0.0420	0.0110	0.0786	0.1174	0.0284
000427	C	0.001059	0.278155	0.275355	0.1041	0.0592	0.0460	0.0130	0.0815	0.1190	0.0314
000428	G	0.001198	0.256375	0.286040	0.1018	0.0888	0.0470	0.0160	0.0826	0.1154	0.0440
000429	K	0.001791	0.235272	0.302438	0.0965	0.0929	0.0580	0.0190	0.0807	0.1156	0.0628
000430	A	0.002079	0.233469	0.318353	0.1416	0.1275	0.0710	0.0250	0.0960	0.1161	0.0885
000431	F	0.002568	0.244055	0.329257	0.1349	0.1229	0.0790	0.0290	0.0973	0.1202	0.1217
000432	R	0.002969	0.242814	0.337725	0.1088	0.0749	0.0800	0.0310	0.0848	0.1267	0.1532
000433	L	0.003318	0.287822	0.348390	0.1805	0.1229	0.0820	0.0350	0.1127	0.1315	0.1920
000434	L	0.004547	0.332855	0.361150	0.1240	0.0851	0.0870	0.0310	0.1056	0.1462	0.2315
000435	S	0.006298	0.351251	0.372622	0.1998	0.1914	0.0820	0.0320	0.1384	0.1457	0.2700
000436	Q	0.007702	0.373757	0.382801	0.1380	0.1881	0.0870	0.0320	0.1324	0.1537	0.2884
000437	L	0.008111	0.413679	0.393049	0.1292	0.1914	0.0920	0.0350	0.1390	0.1644	0.3099
000438	T	0.009273	0.421699	0.401875	0.2122	0.3566	0.0940	0.0350	0.1823	0.1706	0.3194
000439	Q	0.009046	0.446252	0.412311	0.2209	0.2817	0.0950	0.0300	0.1754	0.1718	0.3093
000440	H	0.008566	0.470233	0.423458	0.2531	0.2817	0.0990	0.0240	0.1854	0.1782	0.3094
000441	Q	0.008128	0.480186	0.437033	0.2041	0.1643	0.1030	0.0270	0.1599	0.1861	0.3059
000442	S	0.007682	0.479770	0.451408	0.2963	0.2503	0.1030	0.0260	0.1895	0.1864	0.2856
000443	I	0.006351	0.484640	0.462096	0.1805	0.2470	0.1050	0.0270	0.1706	0.1918	0.2765
000444	H	0.004535	0.495642	0.474769	0.2558	0.1702	0.1160	0.0310	0.1736	0.1971	0.2548
000445	I	0.002818	0.509538	0.485223	0.3263	0.2292	0.1450	0.0510	0.2021	0.1974	0.2125
000446	G	0.002393	0.528998	0.499219	0.2167	0.2364	0.1660	0.0660	0.1917	0.2031	0.1679
000447	E	0.000804	0.545237	0.511137	0.2167	0.2129	0.1670	0.0780	0.1905	0.2107	0.1338
000448	K	0.015390	0.556751	0.522074	0.3005	0.1881	0.1690	0.0870	0.2050	0.2125	0.1084
000449	P	0.027573	0.565990	0.537616	0.2865	0.2002	0.1730	0.0950	0.2089	0.2144	0.0916
000450	Y	0.086625	0.564395	0.555417	0.2167	0.1399	0.1850	0.1010	0.1988	0.2150	0.0775
000451	K	0.146372	0.575856	0.575322	0.2333	0.1424	0.1570	0.0770	0.2091	0.2161	0.0645
000452	C	0.211926	0.576582	0.591375	0.1805	0.1424	0.1350	0.0630	0.2077	0.2212	0.0538
000453	K	0.269436	0.591858	0.605886	0.1844	0.1501	0.1150	0.0490	0.2185	0.2268	0.0539
000454	E	0.319321	0.596940	0.614294	0.2558	0.1449	0.1090	0.0490	0.2377	0.2247	0.0537
000455	C	0.332506	0.605844	0.623887	0.2657	0.1373	0.1120	0.0540	0.2422	0.2290	0.0585
000456	G	0.343367	0.590220	0.633574	0.2657	0.1323	0.1160	0.0630	0.2412	0.2289	0.0778
000457	K	0.398916	0.566508	0.646553	0.2602	0.1373	0.1380	0.0660	0.2502	0.2253	0.1100
000458	A	0.390260	0.571672	0.657803	0.1998	0.1399	0.1500	0.0650	0.2419	0.2325	0.1531
000459	F	0.338111	0.554464	0.658354	0.1878	0.1323	0.1550	0.0630	0.2279	0.2310	0.2017
000460	R	0.279140	0.520068	0.653690	0.1566	0.0817	0.1470	0.0670	0.1975	0.2368	0.2466
000461	L	0.214376	0.555139	0.650694	0.2292	0.1323	0.1460	0.0620	0.2129	0.2310	0.2997
000462	R	0.170379	0.593953	0.649909	0.1667	0.1275	0.1510	0.0660	0.2017	0.2467	0.3531
000463	Q	0.137544	0.583727	0.651373	0.2700	0.2541	0.1480	0.0680	0.2322	0.2300	0.4041
000464	K	0.124829	0.583785	0.650539	0.2483	0.2503	0.1550	0.0710	0.2270	0.2321	0.4331
000465	L	0.127815	0.610446	0.651658	0.2432	0.2541	0.1670	0.0920	0.2337	0.2355	0.4089
000466	T	0.076031	0.601028	0.654040	0.3456	0.4186	0.1790	0.0960	0.2701	0.2348	0.4009
000467	L	0.074843	0.589796	0.659013	0.3491	0.3182	0.1940	0.0940	0.2543	0.2329	0.4143
000468	H	0.091170	0.617664	0.660255	0.3806	0.3182	0.2070	0.1010	0.2691	0.2327	0.4321
000469	Q	0.090807	0.607914	0.665072	0.3096	0.2002	0.2250	0.1140	0.2389	0.2403	0.4045
000470	S	0.098802	0.607295	0.667226	0.3762	0.2951	0.2400	0.1180	0.2696	0.2288	0.3563
000471	I	0.094066	0.618925	0.663281	0.2602	0.2884	0.2270	0.1240	0.2481	0.2366	0.3215
000472	H	0.090298	0.619355	0.660473	0.3359	0.2129	0.2380	0.1200	0.2494	0.2381	0.2747
000473	T	0.093900	0.635786	0.659154	0.3225	0.2129	0.2750	0.1450	0.2567	0.2376	0.2105
000474	G	0.128430	0.658154	0.661653	0.2167	0.2129	0.2900	0.1590	0.2511	0.2427	0.1629
000475	E	0.159616	0.666701	0.663473	0.2167	0.1914	0.2760	0.1610	0.2518	0.2435	0.1264
000476	K	0.204910	0.667760	0.665371	0.2865	0.1702	0.2830	0.1770	0.2688	0.2348	0.1023
000477	P	0.229350	0.673836	0.670606	0.2748	0.1791	0.2560	0.1600	0.2688	0.2364	0.0870
000478	F	0.291065	0.662145	0.676614	0.2657	0.1823	0.2680	0.1610	0.2782	0.2294	0.0757
000479	E	0.345303	0.659398	0.684568	0.2748	0.1852	0.2180	0.1320	0.2805	0.2324	0.0645
000480	C	0.391715	0.649150	0.684186	0.2080	0.1731	0.1830	0.1080	0.2675	0.2430	0.0577
000481	K	0.432732	0.655129	0.682167	0.2041	0.1731	0.1490	0.0880	0.2690	0.2498	0.0629
000482	E	0.433375	0.643513	0.676796	0.2657	0.1702	0.1410	0.0770	0.2755	0.2418	0.0671
000483	C	0.388005	0.644117	0.673254	0.2748	0.1184	0.1400	0.0680	0.2609	0.2477	0.0788
000484	R	0.347874	0.624820	0.673526	0.2255	0.1229	0.1520	0.0780	0.2456	0.2455	0.1155
000485	K	0.318052	0.594130	0.676947	0.1878	0.1298	0.1840	0.0910	0.2356	0.2403	0.1602
000486	A	0.272256	0.601115	0.681515	0.1998	0.0835	0.1960	0.1100	0.2255	0.2493	0.2173
000487	F	0.214619	0.608315	0.677073	0.1878	0.0870	0.2120	0.1190	0.2182	0.2520	0.2827
000488	R	0.153622	0.590911	0.672152	0.1178	0.0506	0.2120	0.1360	0.1876	0.2655	0.3442
000489	L	0.100452	0.611835	0.669685	0.1878	0.0985	0.2030	0.1310	0.2003	0.2614	0.4086
000490	N	0.056580	0.629188	0.670287	0.1495	0.0948	0.2080	0.1210	0.1897	0.2747	0.3938
000491	S	0.054703	0.611522	0.671593	0.2385	0.2002	0.1980	0.1130	0.2171	0.2548	0.3350
000492	S	0.055240	0.620077	0.670341	0.2292	0.1969	0.1960	0.1090	0.2162	0.2570	0.3022
000493	L	0.086509	0.617997	0.674486	0.2255	0.2002	0.2030	0.1200	0.2222	0.2518	0.2738
000494	I	0.120897	0.612495	0.678314	0.3225	0.3631	0.2040	0.1150	0.2705	0.2315	0.2585
000495	Q	0.126883	0.591505	0.681620	0.3359	0.2752	0.1970	0.1070	0.2545	0.2319	0.2747
000496	H	0.168815	0.620284	0.683600	0.3630	0.2715	0.2120	0.1100	0.2726	0.2282	0.2852
000497	L	0.192929	0.601611	0.681129	0.3053	0.1611	0.2350	0.1110	0.2494	0.2327	0.3043
000498	R	0.193687	0.613628	0.676609	0.3717	0.2541	0.2360	0.1120	0.2782	0.2197	0.3471
000499	I	0.183842	0.612460	0.673539	0.2531	0.2470	0.2330	0.1080	0.2548	0.2269	0.3874
000500	H	0.181713	0.602425	0.672094	0.3359	0.1759	0.2550	0.1110	0.2585	0.2266	0.4277
000501	S	0.178520	0.624070	0.671345	0.3359	0.1759	0.2720	0.1110	0.2644	0.2292	0.3563
000502	G	0.164988	0.637933	0.672705	0.2167	0.1852	0.2830	0.1170	0.2480	0.2400	0.2926
000503	E	0.150537	0.652562	0.673974	0.2292	0.1731	0.2710	0.0990	0.2461	0.2462	0.2378
000504	K	0.179515	0.660346	0.672694	0.3005	0.1528	0.2760	0.0820	0.2615	0.2410	0.1984
000505	P	0.134070	0.661487	0.674080	0.3263	0.2164	0.2300	0.0760	0.2614	0.2428	0.1693
000506	Y	0.108854	0.647288	0.673548	0.2255	0.2164	0.2390	0.0760	0.2395	0.2492	0.1501
000507	E	0.107033	0.639464	0.674010	0.2385	0.2164	0.1830	0.0560	0.2308	0.2521	0.1297
000508	C	0.107211	0.625656	0.670547	0.3096	0.2817	0.1560	0.0470	0.2466	0.2437	0.1183
000509	K	0.106772	0.614462	0.663172	0.3096	0.2817	0.1490	0.0450	0.2436	0.2405	0.1234
000510	E	0.106340	0.594650	0.652674	0.3717	0.2817	0.1690	0.0450	0.2539	0.2305	0.1297
000511	C	0.079146	0.593331	0.644238	0.3847	0.2680	0.2090	0.0710	0.2557	0.2291	0.1446
000512	K	0.041383	0.587245	0.640028	0.3096	0.2817	0.2200	0.0920	0.2400	0.2335	0.1818
000513	K	0.004963	0.572340	0.635043	0.3053	0.2951	0.2450	0.1110	0.2371	0.2355	0.2258
000514	A	0.004933	0.575614	0.632577	0.3184	0.2258	0.2660	0.1320	0.2317	0.2377	0.2775
000515	F	0.022847	0.573535	0.621901	0.3146	0.2258	0.2690	0.1330	0.2343	0.2301	0.3268
000516	R	0.030367	0.552209	0.611166	0.2209	0.1501	0.2590	0.1390	0.2020	0.2330	0.3716
000517	Q	0.061068	0.566716	0.604740	0.3096	0.2328	0.2760	0.1510	0.2410	0.2148	0.4147
000518	H	0.084885	0.569899	0.602182	0.2602	0.2436	0.2930	0.1530	0.2420	0.2101	0.4016
000519	S	0.136080	0.551237	0.601085	0.3806	0.3286	0.3480	0.1590	0.2907	0.1830	0.3641
000520	H	0.177054	0.540192	0.598174	0.3630	0.3286	0.3730	0.1560	0.2970	0.1710	0.3385
000521	L	0.183487	0.541511	0.598747	0.3053	0.2645	0.4260	0.1350	0.2868	0.1794	0.3173
000522	T	0.193636	0.525688	0.599363	0.4420	0.4017	0.4190	0.1300	0.3304	0.1605	0.3017
000523	H	0.196363	0.524785	0.602197	0.3630	0.3774	0.5880	0.1550	0.3416	0.1756	0.2935
000524	H	0.181427	0.539183	0.600140	0.3885	0.3529	0.5400	0.1720	0.3337	0.1743	0.2887
000525	L	0.178578	0.556412	0.598868	0.4556	0.3566	0.6490	0.1460	0.3661	0.1888	0.2841
000526	K	0.157406	0.573013	0.599945	0.5900	0.4507	0.6810	0.1080	0.4088	0.1982	0.2814
000527	I	0.137393	0.606248	0.598518	0.6219	0.4186	0.6820	0.1310	0.4111	0.2106	0.2774
000528	H	0.087478	0.633136	0.603949	0.6557	0.3910	0.6550	0.1670	0.4037	0.2308	0.2760
000529	N	0.050976	0.674505	0.611453	0.6870	0.3566	0.7300	0.1520	0.4165	0.2624	0.2764
000530	V	0.092794	0.661921	0.617420	0.7232	0.3356	0.7980	0.1160	0.4353	0.2666	0.2735
000531	K	0.038531	0.684265	0.618445	0.7501	0.2918	0.7640	0.1300	0.4215	0.2877	0.2758
000532	I	0.012705	0.705566	0.620584	0.8556	0.3740	0.7780	0.1640	0.4543	0.3049	0.2769