RESNUM	RES	VL-XT	VSL2B	VL3	IUPred-S	IUPred-L	PONDRFIT	FITERROR	MDP	MDPERROR	ANCHOR2
000001	M	0.983503	0.992912	0.850608	0.9985	0.8894	0.9960	0.0040	0.9518	0.0591	0.6974
000002	A	0.973041	0.991368	0.848731	0.9943	0.8991	0.9980	0.0030	0.9508	0.0568	0.6627
000003	G	0.963902	0.989242	0.845037	0.9879	0.9081	0.9990	0.0010	0.9489	0.0553	0.6362
000004	S	0.983542	0.987014	0.840971	0.9831	0.9039	0.9960	0.0050	0.9491	0.0574	0.6169
000005	E	0.968301	0.983948	0.836275	0.9760	0.9081	0.9900	0.0150	0.9437	0.0551	0.5987
000006	Q	0.963918	0.979946	0.831005	0.9632	0.9039	0.9740	0.0290	0.9360	0.0532	0.5842
000007	Q	0.926863	0.975421	0.825551	0.9534	0.9106	0.9770	0.0230	0.9281	0.0517	0.5606
000008	R	0.891755	0.971082	0.820400	0.9348	0.8872	0.9850	0.0100	0.9150	0.0558	0.5367
000009	P	0.855862	0.967605	0.814380	0.9180	0.8655	0.9830	0.0140	0.9007	0.0608	0.5239
000010	R	0.820225	0.960902	0.808244	0.8746	0.8375	0.9850	0.0130	0.8810	0.0684	0.5038
000011	R	0.747236	0.956200	0.801855	0.8200	0.8162	0.9830	0.0190	0.8540	0.0853	0.4919
000012	R	0.697799	0.952368	0.796578	0.8036	0.8198	0.9770	0.0230	0.8412	0.0959	0.4867
000013	D	0.644665	0.949030	0.791373	0.7912	0.8198	0.9740	0.0240	0.8283	0.1098	0.4897
000014	D	0.591092	0.945580	0.786069	0.7605	0.7951	0.9730	0.0220	0.8085	0.1265	0.4908
000015	G	0.517341	0.940312	0.779799	0.7317	0.8313	0.9700	0.0220	0.7950	0.1496	0.4895
000016	D	0.473197	0.935024	0.770293	0.6944	0.7331	0.9680	0.0280	0.7623	0.1639	0.4925
000017	S	0.450279	0.923716	0.757635	0.7079	0.7289	0.9600	0.0380	0.7548	0.1665	0.4962
000018	D	0.454106	0.909162	0.742250	0.6255	0.7209	0.9530	0.0480	0.7342	0.1678	0.5022
000019	A	0.483591	0.893317	0.724714	0.6442	0.6948	0.9490	0.0480	0.7316	0.1549	0.5090
000020	A	0.538937	0.872151	0.705110	0.6124	0.6661	0.9380	0.0580	0.7222	0.1404	0.5110
000021	A	0.573848	0.847088	0.683213	0.5900	0.5807	0.9230	0.0710	0.6997	0.1378	0.5140
000022	A	0.612225	0.817784	0.660437	0.6035	0.5533	0.9030	0.0890	0.6918	0.1258	0.5165
000023	A	0.649076	0.791198	0.636921	0.5296	0.4801	0.8930	0.1020	0.6633	0.1422	0.5143
000024	A	0.700333	0.775048	0.613371	0.4879	0.4441	0.8890	0.1060	0.6517	0.1557	0.5113
000025	A	0.757312	0.737395	0.590152	0.3939	0.4330	0.8760	0.1030	0.6313	0.1753	0.5073
000026	P	0.772255	0.724674	0.567141	0.3668	0.3566	0.7980	0.1020	0.5976	0.1822	0.5049
000027	L	0.737292	0.707226	0.544429	0.3491	0.3599	0.7810	0.0990	0.5798	0.1753	0.4976
000028	Q	0.676030	0.680474	0.521371	0.2602	0.3356	0.7340	0.0850	0.5346	0.1807	0.4872
000029	D	0.625894	0.662263	0.498392	0.2483	0.2575	0.7680	0.1040	0.5100	0.1981	0.4779
000030	A	0.580080	0.643672	0.475137	0.2333	0.2129	0.7920	0.0750	0.4895	0.2105	0.4694
000031	E	0.498157	0.610368	0.452169	0.1844	0.2470	0.7220	0.1150	0.4523	0.1887	0.4628
000032	L	0.419838	0.581137	0.428714	0.1416	0.2817	0.6460	0.0980	0.4164	0.1700	0.4522
000033	A	0.381755	0.562517	0.404089	0.1667	0.3019	0.5190	0.1290	0.3893	0.1318	0.4425
000034	L	0.355557	0.523826	0.378905	0.1878	0.2258	0.5240	0.1310	0.3660	0.1301	0.4341
000035	A	0.342285	0.490241	0.353606	0.2080	0.2503	0.4810	0.1160	0.3543	0.1056	0.4271
000036	G	0.357729	0.464587	0.329030	0.1416	0.2918	0.5180	0.1700	0.3504	0.1215	0.4222
000037	I	0.366207	0.446500	0.304978	0.1150	0.2541	0.4880	0.1310	0.3292	0.1242	0.4175
000038	N	0.329550	0.408382	0.281422	0.1805	0.3321	0.4530	0.1350	0.3308	0.0874	0.4129
000039	M	0.286724	0.348158	0.258266	0.1635	0.3249	0.4570	0.1770	0.3064	0.0893	0.4065
000040	L	0.280172	0.347214	0.236591	0.1602	0.2436	0.4580	0.1700	0.2876	0.0943	0.4009
000041	L	0.271567	0.336636	0.215588	0.1998	0.1759	0.4350	0.1570	0.2724	0.0897	0.3972
000042	N	0.234507	0.335976	0.195965	0.1150	0.1611	0.4520	0.1740	0.2490	0.1135	0.3971
000043	N	0.183575	0.352512	0.176197	0.0965	0.2292	0.4500	0.1350	0.2480	0.1186	0.3975
000044	G	0.139294	0.367416	0.157573	0.1117	0.1702	0.4410	0.1260	0.2313	0.1256	0.3939
000045	F	0.089229	0.380724	0.140520	0.1766	0.2292	0.4920	0.1630	0.2514	0.1411	0.3916
000046	R	0.049306	0.383298	0.126629	0.1205	0.2645	0.4450	0.1350	0.2315	0.1450	0.3926
000047	E	0.055499	0.405039	0.116521	0.1178	0.2715	0.4480	0.1310	0.2357	0.1503	0.3961
000048	S	0.065191	0.428998	0.109425	0.1844	0.3426	0.3820	0.1360	0.2521	0.1392	0.4028
000049	D	0.076366	0.434676	0.103966	0.1698	0.3667	0.3430	0.1390	0.2491	0.1380	0.4114
000050	Q	0.081588	0.434213	0.101107	0.1998	0.3149	0.3490	0.1570	0.2467	0.1297	0.4213
000051	L	0.082202	0.457567	0.100037	0.3096	0.3494	0.3340	0.1460	0.2721	0.1362	0.4300
000052	F	0.089360	0.456572	0.100412	0.3005	0.4186	0.3240	0.1540	0.2816	0.1422	0.4290
000053	K	0.095937	0.445938	0.100719	0.2531	0.3053	0.2980	0.1460	0.2499	0.1223	0.4170
000054	Q	0.088583	0.447148	0.100561	0.2483	0.2918	0.2880	0.1330	0.2441	0.1226	0.4105
000055	Y	0.078932	0.444544	0.100018	0.1602	0.2645	0.2790	0.1230	0.2211	0.1250	0.3980
000056	R	0.069178	0.410798	0.098770	0.2531	0.3599	0.2270	0.0820	0.2364	0.1245	0.3905
000057	N	0.057046	0.406577	0.097951	0.2122	0.2575	0.1920	0.0640	0.2039	0.1132	0.3881
000058	H	0.043266	0.415747	0.098275	0.1921	0.1823	0.1660	0.0710	0.1829	0.1164	0.3944
000059	S	0.035454	0.404568	0.100319	0.1240	0.1823	0.1540	0.0650	0.1667	0.1158	0.4007
000060	P	0.027782	0.394121	0.104508	0.0771	0.1007	0.1330	0.0510	0.1395	0.1183	0.4089
000061	L	0.014057	0.412214	0.111026	0.0677	0.0581	0.1340	0.0610	0.1328	0.1307	0.4167
000062	M	0.001200	0.412501	0.120282	0.0723	0.0967	0.1410	0.0740	0.1406	0.1293	0.4241
000063	S	0.001057	0.377151	0.133173	0.0884	0.1399	0.1410	0.0820	0.1468	0.1140	0.4249
000064	F	0.000968	0.360674	0.150393	0.0884	0.1206	0.1570	0.0910	0.1464	0.1090	0.4308
000065	G	0.001618	0.353917	0.170965	0.0621	0.0929	0.1630	0.0940	0.1408	0.1116	0.4317
000066	A	0.012808	0.317117	0.193353	0.0991	0.1501	0.1670	0.0930	0.1565	0.0924	0.4162
000067	S	0.050674	0.299954	0.216377	0.0813	0.0835	0.1570	0.0800	0.1482	0.0875	0.4045
000068	F	0.078966	0.329043	0.238463	0.0789	0.0851	0.1520	0.0670	0.1603	0.0945	0.3889
000069	V	0.107117	0.328336	0.258865	0.0464	0.0870	0.1490	0.0600	0.1627	0.0994	0.3838
000070	S	0.131459	0.334330	0.278381	0.0526	0.0967	0.1510	0.0560	0.1740	0.0997	0.3801
000071	F	0.183996	0.368327	0.298392	0.0478	0.0765	0.1690	0.0650	0.1907	0.1134	0.3774
000072	L	0.234591	0.381751	0.318232	0.0991	0.0985	0.1660	0.0640	0.2164	0.1066	0.3827
000073	N	0.264125	0.380039	0.337670	0.1150	0.1251	0.1570	0.0600	0.2298	0.1039	0.3847
000074	A	0.292719	0.367848	0.357162	0.0965	0.0780	0.1760	0.0660	0.2280	0.1176	0.3789
000075	M	0.342244	0.363798	0.377676	0.1698	0.1184	0.1930	0.0700	0.2608	0.1033	0.3685
000076	M	0.361461	0.417180	0.397642	0.1117	0.0749	0.1940	0.0660	0.2595	0.1381	0.3650
000077	T	0.354583	0.455191	0.416561	0.1117	0.0948	0.1800	0.0570	0.2689	0.1453	0.3736
000078	F	0.373251	0.479161	0.435140	0.0660	0.1007	0.1770	0.0430	0.2719	0.1636	0.3808
000079	E	0.404241	0.522452	0.454037	0.1205	0.1137	0.1600	0.0380	0.2958	0.1686	0.3961
000080	E	0.408842	0.548245	0.473130	0.1766	0.1554	0.1670	0.0330	0.3216	0.1604	0.4013
000081	E	0.376888	0.559587	0.492159	0.1240	0.1611	0.1840	0.0260	0.3163	0.1695	0.4050
000082	K	0.361323	0.542171	0.511515	0.1732	0.2575	0.1810	0.0290	0.3377	0.1476	0.4087
000083	M	0.338567	0.528658	0.531879	0.2385	0.3460	0.1800	0.0310	0.3607	0.1327	0.4053
000084	Q	0.284048	0.510311	0.552513	0.2292	0.3321	0.1800	0.0270	0.3480	0.1384	0.4137
000085	L	0.244747	0.494388	0.573663	0.2748	0.2884	0.1750	0.0300	0.3419	0.1423	0.4245
000086	A	0.241077	0.520774	0.593898	0.2963	0.2436	0.1660	0.0420	0.3436	0.1572	0.4250
000087	C	0.211860	0.543776	0.613083	0.2657	0.2918	0.1700	0.0530	0.3494	0.1676	0.4058
000088	D	0.176622	0.535941	0.631443	0.1921	0.2849	0.1700	0.0570	0.3319	0.1841	0.3925
000089	D	0.174233	0.561559	0.648752	0.2865	0.4017	0.1840	0.0670	0.3761	0.1803	0.3795
000090	L	0.203889	0.583691	0.665826	0.2748	0.4017	0.2050	0.0770	0.3892	0.1806	0.3714
000091	K	0.227959	0.615039	0.681630	0.2602	0.3599	0.2100	0.0750	0.3925	0.1879	0.3540
000092	T	0.268627	0.646062	0.696833	0.2432	0.3426	0.2130	0.0700	0.4017	0.1953	0.3379
000093	T	0.309323	0.669646	0.709447	0.2333	0.2849	0.2080	0.0580	0.4024	0.2060	0.3218
000094	E	0.353894	0.685390	0.718626	0.2700	0.2364	0.1910	0.0490	0.4092	0.2129	0.3052
000095	K	0.363262	0.697789	0.725190	0.2209	0.2436	0.2100	0.0670	0.4101	0.2190	0.2966
000096	L	0.375365	0.696524	0.729832	0.2333	0.3249	0.2220	0.0850	0.4303	0.2069	0.2897
000097	C	0.363838	0.699015	0.733055	0.2657	0.2715	0.1980	0.0930	0.4219	0.2137	0.2797
000098	E	0.339285	0.691323	0.733435	0.3456	0.3460	0.1930	0.1020	0.4415	0.1992	0.2772
000099	S	0.297927	0.683146	0.731356	0.2700	0.3460	0.2050	0.0980	0.4222	0.2063	0.2728
000100	E	0.262858	0.681146	0.726852	0.2558	0.3321	0.2160	0.1150	0.4125	0.2093	0.2661
000101	E	0.216208	0.664977	0.720475	0.3263	0.3286	0.2380	0.1360	0.4157	0.2009	0.2569
000102	A	0.171008	0.665874	0.712532	0.3311	0.3249	0.2480	0.1390	0.4090	0.2056	0.2522
000103	G	0.116253	0.645698	0.705227	0.2657	0.3149	0.2680	0.1460	0.3860	0.2143	0.2460
000104	V	0.101719	0.619222	0.696539	0.2602	0.3249	0.2920	0.1610	0.3824	0.2082	0.2392
000105	I	0.146286	0.600981	0.685406	0.2385	0.2436	0.3280	0.1580	0.3738	0.1991	0.2310
000106	E	0.222894	0.587985	0.670249	0.2531	0.2575	0.3400	0.1710	0.3886	0.1753	0.2202
000107	T	0.274362	0.586732	0.653384	0.2531	0.2715	0.3900	0.1850	0.4048	0.1596	0.2102
000108	I	0.365294	0.582020	0.635526	0.3359	0.3460	0.4510	0.1680	0.4526	0.1175	0.2038
000109	K	0.463780	0.596653	0.616463	0.2602	0.3286	0.4050	0.1660	0.4451	0.1304	0.1943
000110	N	0.565725	0.573524	0.596596	0.2531	0.3249	0.4050	0.1650	0.4531	0.1332	0.1861
000111	K	0.668053	0.560604	0.576596	0.2385	0.2817	0.3910	0.1870	0.4528	0.1593	0.1799
000112	I	0.765100	0.568044	0.556386	0.2432	0.2988	0.4130	0.1850	0.4740	0.1771	0.1762
000113	K	0.861672	0.566226	0.536776	0.2292	0.3215	0.3960	0.1760	0.4852	0.2046	0.1707
000114	K	0.897963	0.581751	0.517355	0.2602	0.2884	0.4080	0.1660	0.4923	0.2144	0.1658
000115	N	0.923344	0.606164	0.498922	0.3096	0.2817	0.4460	0.1680	0.5109	0.2147	0.1672
000116	V	0.952181	0.581403	0.479934	0.3359	0.3740	0.5110	0.1350	0.5390	0.2022	0.1721
000117	D	0.965137	0.568027	0.462116	0.2558	0.3599	0.5460	0.1370	0.5261	0.2235	0.1792
000118	V	0.974462	0.589114	0.445134	0.2748	0.2715	0.5700	0.1010	0.5209	0.2385	0.1852
000119	R	0.982805	0.592111	0.427642	0.3399	0.3599	0.5860	0.0710	0.5480	0.2182	0.1906
000120	K	0.984344	0.566099	0.409241	0.2531	0.3631	0.5960	0.0740	0.5287	0.2349	0.1948
000121	S	0.933354	0.538014	0.389852	0.2531	0.3599	0.5900	0.1400	0.5107	0.2196	0.2022
000122	A	0.878303	0.566737	0.370460	0.2657	0.2783	0.5660	0.1630	0.4875	0.2128	0.2057
000123	P	0.827084	0.526753	0.350003	0.3359	0.2752	0.5020	0.1480	0.4694	0.1835	0.2085
000124	S	0.753394	0.486290	0.328647	0.2531	0.1969	0.5340	0.1560	0.4255	0.1891	0.2116
000125	M	0.686496	0.473201	0.307699	0.1732	0.1731	0.4330	0.1100	0.3744	0.1808	0.2130
000126	V	0.586941	0.429265	0.286641	0.1060	0.1731	0.3730	0.1080	0.3258	0.1604	0.1995
000127	D	0.489684	0.347918	0.265586	0.1205	0.1554	0.3330	0.0810	0.2853	0.1241	0.1842
000128	R	0.385207	0.292738	0.244841	0.1205	0.1528	0.2650	0.0600	0.2434	0.0878	0.1680
000129	L	0.286004	0.234844	0.226343	0.1292	0.1528	0.2160	0.0590	0.2076	0.0524	0.1508
000130	Q	0.234888	0.185853	0.211708	0.1322	0.0948	0.1780	0.0520	0.1730	0.0471	0.1338
000131	R	0.181786	0.146615	0.201265	0.0858	0.0581	0.1590	0.0470	0.1387	0.0509	0.1221
000132	Q	0.123682	0.119229	0.193662	0.0464	0.0483	0.1370	0.0390	0.1114	0.0514	0.1076
000133	I	0.087974	0.084324	0.187003	0.0297	0.0389	0.1180	0.0300	0.0910	0.0524	0.0972
000134	I	0.044413	0.067445	0.179743	0.0167	0.0194	0.1060	0.0250	0.0723	0.0569	0.0865
000135	I	0.033030	0.057051	0.173087	0.0086	0.0194	0.1110	0.0370	0.0670	0.0579	0.0753
000136	A	0.019476	0.046893	0.168654	0.0055	0.0133	0.1060	0.0450	0.0599	0.0590	0.0664
000137	D	0.013650	0.041642	0.166774	0.0086	0.0133	0.0930	0.0380	0.0561	0.0573	0.0627
000138	C	0.007317	0.036153	0.166211	0.0037	0.0123	0.0680	0.0200	0.0489	0.0569	0.0582
000139	Q	0.004825	0.030750	0.165064	0.0013	0.0127	0.0520	0.0160	0.0444	0.0566	0.0552
000140	V	0.003906	0.025988	0.163329	0.0040	0.0209	0.0450	0.0160	0.0439	0.0552	0.0529
000141	Y	0.002484	0.029008	0.160475	0.0035	0.0133	0.0420	0.0150	0.0417	0.0549	0.0511
000142	L	0.001149	0.029784	0.157306	0.0035	0.0130	0.0360	0.0100	0.0401	0.0539	0.0470
000143	A	0.000930	0.034269	0.153712	0.0009	0.0108	0.0350	0.0090	0.0393	0.0531	0.0448
000144	V	0.000909	0.052277	0.149588	0.0028	0.0107	0.0370	0.0080	0.0423	0.0515	0.0424
000145	L	0.000880	0.071971	0.144895	0.0037	0.0105	0.0430	0.0070	0.0458	0.0509	0.0424
000146	S	0.000329	0.093731	0.140318	0.0033	0.0157	0.0480	0.0060	0.0502	0.0515	0.0434
000147	F	0.000284	0.119712	0.136950	0.0013	0.0181	0.0630	0.0110	0.0565	0.0551	0.0438
000148	V	0.000220	0.162614	0.133857	0.0010	0.0168	0.0730	0.0160	0.0646	0.0645	0.0418
000149	K	0.000105	0.190141	0.131006	0.0024	0.0157	0.0760	0.0220	0.0693	0.0714	0.0410
000150	Q	0.000152	0.219432	0.128898	0.0018	0.0100	0.0760	0.0240	0.0726	0.0805	0.0404
000151	E	0.000216	0.229637	0.127778	0.0013	0.0093	0.0810	0.0280	0.0749	0.0837	0.0403
000152	L	0.000463	0.214445	0.127039	0.0010	0.0134	0.0860	0.0320	0.0738	0.0786	0.0410
000153	S	0.005763	0.183330	0.126221	0.0010	0.0202	0.0790	0.0320	0.0692	0.0676	0.0442
000154	A	0.034084	0.158422	0.125709	0.0015	0.0198	0.0660	0.0280	0.0676	0.0569	0.0470
000155	Y	0.052520	0.132861	0.125980	0.0037	0.0168	0.0590	0.0270	0.0652	0.0493	0.0496
000156	I	0.053349	0.116503	0.126260	0.0066	0.0263	0.0490	0.0200	0.0631	0.0441	0.0513
000157	K	0.070612	0.110200	0.126034	0.0028	0.0165	0.0380	0.0150	0.0607	0.0459	0.0543
000158	G	0.087249	0.107473	0.125175	0.0067	0.0188	0.0340	0.0100	0.0632	0.0455	0.0569
000159	G	0.101858	0.091425	0.124127	0.0055	0.0294	0.0340	0.0090	0.0643	0.0435	0.0637
000160	W	0.107837	0.069435	0.123155	0.0026	0.0294	0.0370	0.0100	0.0616	0.0430	0.0723
000161	I	0.109463	0.056799	0.121833	0.0028	0.0178	0.0360	0.0100	0.0574	0.0445	0.0763
000162	L	0.106600	0.065267	0.120153	0.0027	0.0108	0.0340	0.0090	0.0565	0.0450	0.0794
000163	R	0.081746	0.060523	0.117799	0.0049	0.0109	0.0320	0.0110	0.0514	0.0400	0.0849
000164	K	0.063834	0.059712	0.114739	0.0024	0.0117	0.0330	0.0100	0.0476	0.0375	0.0892
000165	A	0.063308	0.060583	0.111599	0.0013	0.0094	0.0340	0.0110	0.0467	0.0372	0.0956
000166	W	0.046332	0.061060	0.108785	0.0042	0.0143	0.0340	0.0120	0.0449	0.0343	0.1023
000167	K	0.029693	0.051148	0.105646	0.0053	0.0194	0.0350	0.0120	0.0410	0.0321	0.1041
000168	I	0.015038	0.054466	0.101952	0.0055	0.0127	0.0350	0.0130	0.0375	0.0331	0.1059
000169	Y	0.008987	0.060843	0.098143	0.0042	0.0134	0.0380	0.0140	0.0372	0.0335	0.1108
000170	N	0.007110	0.060399	0.095445	0.0022	0.0146	0.0400	0.0160	0.0366	0.0331	0.1095
000171	K	0.004669	0.057120	0.093773	0.0055	0.0157	0.0420	0.0160	0.0364	0.0320	0.1077
000172	C	0.001259	0.063194	0.092907	0.0116	0.0160	0.0450	0.0170	0.0383	0.0322	0.1108
000173	Y	0.000747	0.060417	0.093996	0.0131	0.0258	0.0480	0.0180	0.0403	0.0313	0.1162
000174	L	0.000446	0.059765	0.099346	0.0078	0.0253	0.0520	0.0200	0.0408	0.0338	0.1147
000175	D	0.000214	0.077499	0.109251	0.0081	0.0253	0.0630	0.0150	0.0473	0.0393	0.1145
000176	I	0.000688	0.096037	0.121563	0.0099	0.0191	0.0760	0.0140	0.0539	0.0462	0.1115
000177	N	0.001293	0.105382	0.133957	0.0200	0.0341	0.0820	0.0220	0.0628	0.0478	0.1101
000178	A	0.001958	0.127102	0.146678	0.0118	0.0380	0.1020	0.0300	0.0712	0.0565	0.1118
000179	L	0.003452	0.157833	0.160500	0.0259	0.0734	0.1340	0.0330	0.0924	0.0623	0.1135
000180	Q	0.018815	0.191092	0.175080	0.0502	0.1206	0.1530	0.0290	0.1181	0.0636	0.1124
000181	E	0.037684	0.231328	0.190244	0.0526	0.0662	0.1940	0.0610	0.1286	0.0780	0.1151
000182	L	0.058457	0.314877	0.205685	0.0554	0.0690	0.2380	0.0640	0.1569	0.1014	0.1159
000183	Y	0.085033	0.385510	0.221372	0.0490	0.1115	0.2890	0.0810	0.1902	0.1197	0.1163
000184	Q	0.111553	0.460795	0.237150	0.0832	0.1823	0.3460	0.1030	0.2369	0.1319	0.1130
000185	K	0.135692	0.547116	0.251578	0.1416	0.2258	0.4190	0.1280	0.2868	0.1495	0.1139
000186	K	0.166472	0.601440	0.263950	0.1456	0.1852	0.4970	0.1300	0.3099	0.1756	0.1147
000187	L	0.188472	0.610439	0.273008	0.1998	0.2849	0.5400	0.1270	0.3495	0.1648	0.1168
000188	T	0.202538	0.648586	0.282137	0.1732	0.2817	0.5360	0.1440	0.3540	0.1760	0.1172
000189	E	0.205118	0.683001	0.291979	0.2080	0.3249	0.5340	0.1360	0.3744	0.1761	0.1184
000190	E	0.250929	0.672696	0.301258	0.3184	0.4119	0.5500	0.1110	0.4176	0.1494	0.1182
000191	S	0.307269	0.668497	0.307559	0.3184	0.3117	0.6190	0.1060	0.4222	0.1575	0.1189
000192	L	0.367978	0.669436	0.311281	0.3225	0.2292	0.5840	0.1380	0.4140	0.1577	0.1175
000193	T	0.427906	0.681284	0.314374	0.3225	0.2817	0.5250	0.1440	0.4254	0.1408	0.1171
000194	S	0.496560	0.668790	0.316314	0.3535	0.3807	0.5070	0.1480	0.4538	0.1191	0.1162
000195	D	0.563779	0.662363	0.316888	0.3225	0.3740	0.4570	0.1230	0.4494	0.1277	0.1181
000196	A	0.639726	0.651403	0.315964	0.3456	0.3053	0.4420	0.1390	0.4500	0.1452	0.1167
000197	A	0.719671	0.590127	0.314646	0.3535	0.3053	0.4160	0.1440	0.4499	0.1539	0.1150
000198	N	0.791264	0.549488	0.313507	0.3668	0.4051	0.3730	0.1280	0.4665	0.1624	0.1138
000199	D	0.819732	0.516027	0.312848	0.3762	0.4149	0.3360	0.1170	0.4627	0.1725	0.1148
000200	N	0.833013	0.478836	0.312379	0.3762	0.3983	0.3420	0.1160	0.4568	0.1760	0.1153
000201	H	0.830820	0.440205	0.311553	0.3847	0.2951	0.3410	0.1060	0.4340	0.1839	0.1176
000202	I	0.831629	0.445988	0.310142	0.3847	0.3117	0.3840	0.1410	0.4447	0.1793	0.1191
000203	V	0.826211	0.459440	0.308787	0.3885	0.4017	0.3690	0.1490	0.4589	0.1702	0.1230
000204	A	0.815457	0.474870	0.306180	0.3939	0.3087	0.3900	0.1620	0.4482	0.1739	0.1269
000205	E	0.803379	0.508170	0.300564	0.3847	0.3117	0.4550	0.1540	0.4605	0.1700	0.1331
000206	G	0.793378	0.539071	0.290961	0.2865	0.2988	0.4810	0.1500	0.4483	0.1833	0.1374
000207	V	0.784822	0.540909	0.279189	0.3146	0.2988	0.4470	0.1310	0.4441	0.1782	0.1446
000208	S	0.776397	0.576723	0.266714	0.3456	0.2609	0.4170	0.1520	0.4406	0.1841	0.1524
000209	E	0.763154	0.580793	0.253848	0.3005	0.2436	0.4180	0.1410	0.4266	0.1899	0.1592
000210	E	0.758146	0.586327	0.239857	0.2122	0.1298	0.4410	0.1300	0.3946	0.2230	0.1626
000211	S	0.747448	0.614689	0.225559	0.2122	0.1184	0.4410	0.1200	0.3933	0.2285	0.1656
000212	L	0.681529	0.597833	0.210835	0.1150	0.0662	0.4420	0.1380	0.3522	0.2363	0.1673
000213	N	0.606969	0.564857	0.195778	0.1766	0.1137	0.3920	0.1340	0.3417	0.1929	0.1698
000214	R	0.531723	0.495888	0.180167	0.1456	0.1007	0.3560	0.1190	0.3018	0.1699	0.1711
000215	L	0.448510	0.447200	0.164123	0.1667	0.0592	0.3290	0.1070	0.2692	0.1489	0.1744
000216	K	0.367584	0.388251	0.149210	0.0884	0.0543	0.2740	0.0890	0.2203	0.1309	0.1773
000217	G	0.282814	0.322899	0.136176	0.0464	0.0313	0.2190	0.0630	0.1731	0.1111	0.1859
000218	A	0.205671	0.263082	0.126418	0.0660	0.0300	0.1670	0.0380	0.1430	0.0794	0.1967
000219	V	0.125606	0.214215	0.116678	0.0363	0.0178	0.1270	0.0230	0.1063	0.0649	0.2102
000220	S	0.049022	0.161885	0.106204	0.0194	0.0160	0.0980	0.0150	0.0750	0.0521	0.2243
000221	F	0.027094	0.123308	0.096097	0.0081	0.0119	0.0920	0.0150	0.0597	0.0455	0.2404
000222	G	0.013819	0.110224	0.088913	0.0081	0.0091	0.0800	0.0190	0.0516	0.0423	0.2599
000223	Y	0.002576	0.079443	0.084318	0.0097	0.0151	0.0680	0.0190	0.0432	0.0346	0.2827
000224	G	0.000315	0.059900	0.080537	0.0061	0.0163	0.0580	0.0180	0.0368	0.0305	0.3070
000225	L	0.000270	0.051799	0.077976	0.0078	0.0171	0.0550	0.0210	0.0349	0.0282	0.3363
000226	F	0.000256	0.047720	0.077211	0.0173	0.0171	0.0550	0.0220	0.0358	0.0264	0.3547
000227	H	0.000240	0.043337	0.078071	0.0173	0.0109	0.0480	0.0160	0.0330	0.0264	0.3630
000228	L	0.000291	0.043969	0.079981	0.0083	0.0111	0.0400	0.0090	0.0306	0.0274	0.3583
000229	C	0.000287	0.049977	0.082388	0.0055	0.0089	0.0360	0.0060	0.0305	0.0292	0.3434
000230	I	0.000385	0.059003	0.085046	0.0087	0.0082	0.0370	0.0070	0.0330	0.0307	0.3151
000231	S	0.000469	0.070088	0.088146	0.0044	0.0087	0.0380	0.0080	0.0350	0.0339	0.2838
000232	M	0.000443	0.083904	0.091949	0.0053	0.0097	0.0410	0.0090	0.0387	0.0372	0.2536
000233	V	0.000831	0.098501	0.097053	0.0055	0.0073	0.0410	0.0090	0.0417	0.0417	0.2182
000234	P	0.001762	0.107258	0.102911	0.0053	0.0100	0.0390	0.0090	0.0443	0.0446	0.1838
000235	P	0.002200	0.114181	0.109969	0.0026	0.0067	0.0390	0.0070	0.0458	0.0485	0.1495
000236	N	0.003102	0.127178	0.116179	0.0055	0.0101	0.0420	0.0070	0.0506	0.0519	0.1124
000237	L	0.003898	0.123248	0.121283	0.0052	0.0178	0.0480	0.0090	0.0532	0.0509	0.0867
000238	L	0.004543	0.119102	0.125689	0.0067	0.0184	0.0550	0.0180	0.0550	0.0505	0.0680
000239	K	0.005157	0.120934	0.130051	0.0121	0.0320	0.0550	0.0200	0.0591	0.0495	0.0555
000240	I	0.005642	0.116650	0.134018	0.0226	0.0294	0.0600	0.0240	0.0614	0.0482	0.0462
000241	I	0.006069	0.104057	0.136203	0.0490	0.0592	0.0640	0.0260	0.0698	0.0413	0.0415
000242	N	0.005998	0.097268	0.137032	0.0268	0.0605	0.0620	0.0240	0.0649	0.0432	0.0404
000243	L	0.005288	0.101879	0.136693	0.0363	0.0454	0.0800	0.0350	0.0676	0.0437	0.0397
000244	L	0.005212	0.111666	0.135734	0.0607	0.0704	0.0930	0.0430	0.0795	0.0415	0.0397
000245	G	0.004742	0.121969	0.134365	0.0252	0.0581	0.1170	0.0540	0.0769	0.0503	0.0400
000246	F	0.005083	0.160053	0.132389	0.0194	0.0275	0.1530	0.0680	0.0830	0.0665	0.0418
000247	P	0.007708	0.241945	0.129964	0.0200	0.0205	0.1390	0.0560	0.0933	0.0852	0.0467
000248	G	0.038895	0.301883	0.127622	0.0212	0.0202	0.1970	0.0610	0.1177	0.1043	0.0514
000249	D	0.076827	0.353580	0.125433	0.0316	0.0275	0.2540	0.0530	0.1448	0.1204	0.0558
000250	R	0.119203	0.402219	0.123280	0.0157	0.0269	0.2620	0.0440	0.1582	0.1357	0.0581
000251	L	0.175732	0.416266	0.121112	0.0252	0.0555	0.2300	0.0560	0.1706	0.1295	0.0596
000252	Q	0.230939	0.411921	0.119123	0.0464	0.0985	0.2000	0.0580	0.1844	0.1189	0.0623
000253	G	0.319194	0.421218	0.117157	0.0502	0.0888	0.1650	0.0600	0.1936	0.1328	0.0612
000254	L	0.397851	0.428710	0.115093	0.0935	0.1554	0.1720	0.0630	0.2272	0.1344	0.0611
000255	S	0.483560	0.436521	0.113343	0.1602	0.1942	0.2050	0.0660	0.2655	0.1413	0.0629
000256	S	0.547835	0.458730	0.111970	0.1698	0.1942	0.2190	0.0630	0.2836	0.1608	0.0648
000257	L	0.542601	0.472867	0.110561	0.2255	0.2752	0.2390	0.0670	0.3109	0.1494	0.0670
000258	M	0.550918	0.510407	0.108809	0.1958	0.2752	0.2740	0.0730	0.3192	0.1601	0.0687
000259	Y	0.531928	0.553726	0.106227	0.1635	0.1942	0.3410	0.0860	0.3151	0.1760	0.0719
000260	A	0.495358	0.624297	0.103053	0.1805	0.1554	0.4080	0.0830	0.3278	0.1934	0.0781
000261	S	0.460228	0.665449	0.099360	0.1088	0.1583	0.4770	0.0710	0.3282	0.2171	0.0876
000262	E	0.378097	0.702954	0.095071	0.1566	0.1583	0.5680	0.0650	0.3432	0.2280	0.0996
000263	S	0.299167	0.725895	0.090414	0.1456	0.1251	0.6170	0.0750	0.3339	0.2494	0.1081
000264	K	0.212282	0.685342	0.085101	0.0909	0.0765	0.6590	0.0840	0.3015	0.2661	0.1179
000265	D	0.144723	0.679739	0.079457	0.1349	0.0780	0.6980	0.0740	0.3025	0.2744	0.1285
000266	M	0.118177	0.652767	0.072787	0.0832	0.0424	0.6870	0.1080	0.2760	0.2795	0.1381
000267	K	0.071420	0.587943	0.066054	0.0502	0.0248	0.5680	0.1110	0.2280	0.2478	0.1495
000268	A	0.047619	0.470631	0.059730	0.0554	0.0424	0.4510	0.0810	0.1878	0.1933	0.1588
000269	P	0.028047	0.362466	0.053784	0.0425	0.0568	0.2710	0.0810	0.1357	0.1309	0.1717
000270	L	0.008901	0.253568	0.048124	0.0744	0.0662	0.1980	0.0590	0.1082	0.0871	0.1801
000271	A	0.002440	0.160932	0.042849	0.0965	0.0531	0.1460	0.0420	0.0836	0.0565	0.1841
000272	T	0.002287	0.103617	0.039389	0.0587	0.0543	0.1030	0.0330	0.0602	0.0354	0.1872
000273	L	0.002263	0.076467	0.037430	0.0350	0.0592	0.0700	0.0220	0.0468	0.0252	0.1890
000274	A	0.002267	0.063426	0.036838	0.0350	0.0300	0.0450	0.0110	0.0354	0.0183	0.1935
000275	L	0.002142	0.052011	0.036688	0.0425	0.0160	0.0360	0.0090	0.0308	0.0168	0.1972
000276	L	0.002059	0.043610	0.037048	0.0212	0.0130	0.0320	0.0100	0.0249	0.0143	0.1963
000277	W	0.002038	0.042517	0.037864	0.0150	0.0107	0.0310	0.0090	0.0231	0.0148	0.1931
000278	Y	0.001351	0.040204	0.038977	0.0121	0.0113	0.0250	0.0040	0.0215	0.0145	0.1882
000279	H	0.000237	0.039702	0.039777	0.0086	0.0133	0.0230	0.0040	0.0207	0.0150	0.1884
000280	T	0.000215	0.039056	0.040331	0.0078	0.0111	0.0300	0.0090	0.0213	0.0157	0.1833
000281	V	0.000216	0.037349	0.040804	0.0131	0.0181	0.0410	0.0150	0.0251	0.0156	0.1798
000282	V	0.000229	0.049311	0.041564	0.0160	0.0235	0.0530	0.0160	0.0305	0.0189	0.1802
000283	R	0.000231	0.065583	0.042725	0.0179	0.0223	0.0600	0.0180	0.0347	0.0233	0.1802
000284	P	0.003079	0.090945	0.044163	0.0336	0.0300	0.0660	0.0170	0.0446	0.0278	0.1794
000285	F	0.019912	0.113767	0.046508	0.0414	0.0364	0.0820	0.0220	0.0567	0.0317	0.1727
000286	F	0.041103	0.142308	0.049719	0.0526	0.0356	0.1040	0.0380	0.0709	0.0390	0.1650
000287	A	0.065249	0.194780	0.055200	0.0858	0.0646	0.1280	0.0370	0.0989	0.0490	0.1584
000288	L	0.123738	0.252369	0.061378	0.0771	0.1298	0.2010	0.0620	0.1408	0.0668	0.1529
000289	D	0.179551	0.324882	0.067337	0.1292	0.1731	0.2550	0.0860	0.1882	0.0832	0.1475
000290	G	0.219313	0.393594	0.072619	0.1380	0.1702	0.3040	0.0850	0.2162	0.1065	0.1386
000291	S	0.238162	0.441987	0.078575	0.1150	0.1823	0.3110	0.0890	0.2279	0.1225	0.1328
000292	D	0.256558	0.519141	0.086557	0.1667	0.1611	0.3210	0.0940	0.2518	0.1409	0.1296
000293	N	0.273452	0.572400	0.095400	0.2432	0.1476	0.3490	0.0880	0.2801	0.1545	0.1220
000294	K	0.276184	0.642457	0.104293	0.1667	0.0909	0.3730	0.0780	0.2756	0.1912	0.1160
000295	A	0.280284	0.655910	0.111486	0.0909	0.0734	0.4010	0.0710	0.2688	0.2090	0.1115
000296	G	0.275585	0.630694	0.117055	0.0965	0.1399	0.3950	0.0600	0.2757	0.1897	0.1107
000297	L	0.220752	0.599731	0.121324	0.1566	0.2609	0.3780	0.0560	0.2895	0.1610	0.1110
000298	D	0.169091	0.562179	0.125734	0.1805	0.2541	0.3480	0.0770	0.2732	0.1475	0.1131
000299	E	0.131088	0.543070	0.130076	0.2786	0.3019	0.3220	0.0780	0.2845	0.1390	0.1144
000300	A	0.114376	0.529779	0.133883	0.2333	0.2002	0.3070	0.0810	0.2531	0.1391	0.1150
000301	K	0.103785	0.501675	0.136922	0.2041	0.2258	0.2870	0.0950	0.2432	0.1299	0.1173
000302	E	0.089894	0.461961	0.139468	0.1380	0.2436	0.2800	0.0950	0.2255	0.1243	0.1216
000303	I	0.073024	0.442568	0.142008	0.1667	0.2292	0.2880	0.0960	0.2236	0.1188	0.1225
000304	L	0.051220	0.431378	0.144187	0.1635	0.2094	0.2850	0.0910	0.2141	0.1199	0.1261
000305	L	0.032435	0.439667	0.146278	0.1667	0.1373	0.2700	0.0870	0.1988	0.1280	0.1269
000306	K	0.028757	0.475035	0.148046	0.1998	0.0851	0.2090	0.0630	0.1910	0.1417	0.1272
000307	K	0.024613	0.497430	0.149606	0.1380	0.0662	0.1630	0.0600	0.1731	0.1531	0.1282
000308	E	0.022871	0.466171	0.150836	0.1495	0.0543	0.1430	0.0550	0.1644	0.1438	0.1331
000309	A	0.020719	0.440879	0.151903	0.1266	0.0244	0.1240	0.0510	0.1482	0.1404	0.1375
000310	A	0.012899	0.413532	0.152687	0.0701	0.0218	0.1050	0.0390	0.1294	0.1357	0.1453
000311	Y	0.007041	0.368576	0.152983	0.0490	0.0263	0.0900	0.0320	0.1157	0.1226	0.1538
000312	P	0.004604	0.336337	0.152883	0.0478	0.0263	0.0760	0.0310	0.1073	0.1127	0.1630
000313	N	0.001626	0.313562	0.152278	0.0455	0.0146	0.0710	0.0310	0.0997	0.1074	0.1652
000314	S	0.012388	0.282931	0.151330	0.0744	0.0248	0.0600	0.0250	0.1010	0.0928	0.1678
000315	S	0.013457	0.240443	0.150275	0.0660	0.0424	0.0450	0.0110	0.0930	0.0784	0.1693
000316	L	0.014593	0.197961	0.149417	0.1150	0.0424	0.0390	0.0070	0.0930	0.0662	0.1722
000317	F	0.015388	0.171992	0.148489	0.1150	0.0473	0.0360	0.0060	0.0891	0.0592	0.1757
000318	M	0.016138	0.152806	0.146142	0.0621	0.0281	0.0350	0.0070	0.0734	0.0556	0.1779
000319	F	0.016764	0.157664	0.143752	0.0607	0.0263	0.0360	0.0070	0.0735	0.0563	0.1654
000320	F	0.017394	0.161475	0.142425	0.0490	0.0198	0.0390	0.0100	0.0715	0.0582	0.1496
000321	K	0.017514	0.158087	0.141985	0.0643	0.0258	0.0360	0.0090	0.0740	0.0559	0.1308
000322	G	0.017299	0.148697	0.140748	0.0621	0.0454	0.0380	0.0100	0.0754	0.0508	0.1143
000323	R	0.006346	0.145420	0.137474	0.0490	0.0306	0.0390	0.0120	0.0680	0.0536	0.0996
000324	I	0.005772	0.134070	0.133620	0.0478	0.0178	0.0380	0.0120	0.0628	0.0520	0.0889
000325	Q	0.004980	0.139098	0.129349	0.0387	0.0188	0.0360	0.0120	0.0612	0.0529	0.0797
000326	R	0.004650	0.154375	0.126740	0.0182	0.0188	0.0390	0.0100	0.0604	0.0582	0.0717
000327	L	0.005016	0.171241	0.125859	0.0316	0.0165	0.0480	0.0110	0.0664	0.0610	0.0646
000328	E	0.005834	0.191474	0.127113	0.0554	0.0327	0.0560	0.0130	0.0780	0.0627	0.0574
000329	C	0.023492	0.193610	0.129031	0.0336	0.0433	0.0730	0.0230	0.0827	0.0606	0.0504
000330	Q	0.036470	0.218221	0.132196	0.0526	0.0765	0.0860	0.0290	0.1004	0.0606	0.0490
000331	I	0.055736	0.234925	0.136950	0.0965	0.0967	0.0930	0.0320	0.1189	0.0569	0.0491
000332	N	0.069584	0.246241	0.142781	0.0744	0.1048	0.0840	0.0320	0.1203	0.0614	0.0496
000333	S	0.093306	0.239042	0.148618	0.0395	0.0662	0.0850	0.0330	0.1120	0.0657	0.0508
000334	A	0.128652	0.248068	0.153113	0.0425	0.0543	0.0770	0.0260	0.1173	0.0704	0.0516
000335	L	0.131658	0.238328	0.157217	0.0414	0.0646	0.0680	0.0200	0.1168	0.0676	0.0527
000336	T	0.184692	0.219227	0.160540	0.0308	0.0646	0.0580	0.0130	0.1197	0.0713	0.0551
000337	S	0.228557	0.216714	0.164317	0.0179	0.0662	0.0570	0.0130	0.1251	0.0819	0.0575
000338	F	0.264415	0.223187	0.168374	0.0387	0.1137	0.0580	0.0150	0.1444	0.0825	0.0593
000339	H	0.296448	0.222385	0.173345	0.0336	0.1115	0.0640	0.0230	0.1502	0.0910	0.0605
000340	T	0.311436	0.215652	0.178530	0.0514	0.1137	0.0690	0.0270	0.1567	0.0899	0.0622
000341	A	0.312975	0.240718	0.184133	0.0542	0.1115	0.0770	0.0340	0.1634	0.0921	0.0613
000342	L	0.304641	0.234955	0.190166	0.0514	0.1791	0.0780	0.0260	0.1730	0.0869	0.0599
000343	E	0.277802	0.228070	0.197047	0.0514	0.1184	0.0740	0.0220	0.1578	0.0824	0.0586
000344	L	0.296307	0.266752	0.204254	0.0425	0.0704	0.0860	0.0240	0.1611	0.0993	0.0556
000345	A	0.274726	0.290610	0.211240	0.0327	0.0506	0.0850	0.0280	0.1574	0.1054	0.0503
000346	V	0.274446	0.279393	0.217861	0.0350	0.0494	0.0840	0.0280	0.1567	0.1035	0.0446
000347	D	0.229354	0.276184	0.223406	0.0179	0.0518	0.0800	0.0380	0.1465	0.0996	0.0383
000348	Q	0.186174	0.269991	0.227356	0.0087	0.0313	0.0830	0.0480	0.1344	0.0990	0.0331
000349	R	0.157493	0.222865	0.229395	0.0231	0.0631	0.0810	0.0480	0.1295	0.0791	0.0292
000350	E	0.142109	0.177078	0.229793	0.0131	0.0341	0.0760	0.0450	0.1120	0.0776	0.0262
000351	I	0.126756	0.143525	0.229540	0.0137	0.0198	0.0660	0.0360	0.0998	0.0758	0.0240
000352	Q	0.124303	0.110759	0.229398	0.0087	0.0227	0.0570	0.0300	0.0922	0.0744	0.0197
000353	H	0.107462	0.078361	0.229204	0.0097	0.0294	0.0520	0.0270	0.0843	0.0721	0.0164
000354	V	0.079010	0.057067	0.228581	0.0087	0.0168	0.0480	0.0250	0.0731	0.0735	0.0147
000355	C	0.034675	0.044584	0.226869	0.0144	0.0281	0.0430	0.0200	0.0652	0.0730	0.0136
000356	L	0.025621	0.035142	0.224287	0.0099	0.0202	0.0410	0.0180	0.0593	0.0744	0.0145
000357	Y	0.023401	0.034448	0.220454	0.0200	0.0313	0.0370	0.0160	0.0612	0.0715	0.0163
000358	E	0.017513	0.036091	0.215310	0.0090	0.0157	0.0360	0.0160	0.0549	0.0725	0.0184
000359	I	0.016987	0.032747	0.208637	0.0094	0.0148	0.0370	0.0170	0.0532	0.0702	0.0209
000360	G	0.016434	0.030140	0.200988	0.0055	0.0153	0.0350	0.0150	0.0505	0.0680	0.0231
000361	W	0.010024	0.031645	0.192375	0.0040	0.0123	0.0330	0.0120	0.0473	0.0658	0.0259
000362	C	0.004874	0.033566	0.183242	0.0083	0.0107	0.0340	0.0110	0.0458	0.0626	0.0271
000363	S	0.000873	0.039247	0.174147	0.0069	0.0108	0.0380	0.0120	0.0450	0.0596	0.0357
000364	M	0.003453	0.045957	0.165413	0.0035	0.0105	0.0490	0.0160	0.0463	0.0565	0.0480
000365	I	0.004615	0.060886	0.157513	0.0070	0.0090	0.0570	0.0210	0.0493	0.0537	0.0586
000366	E	0.004849	0.083345	0.149805	0.0128	0.0138	0.0590	0.0240	0.0540	0.0513	0.0693
000367	L	0.005050	0.111588	0.142488	0.0116	0.0218	0.0750	0.0330	0.0612	0.0524	0.0757
000368	N	0.020802	0.168638	0.135124	0.0259	0.0227	0.0940	0.0430	0.0778	0.0588	0.0799
000369	F	0.058460	0.213655	0.127725	0.0212	0.0205	0.1380	0.0520	0.0967	0.0699	0.0854
000370	K	0.088927	0.238542	0.120033	0.0200	0.0364	0.1680	0.0650	0.1120	0.0752	0.0872
000371	D	0.096430	0.273910	0.112048	0.0173	0.0398	0.2120	0.0840	0.1252	0.0909	0.0909
000372	A	0.106861	0.305140	0.103816	0.0336	0.0704	0.2380	0.0800	0.1429	0.0960	0.0914
000373	F	0.114798	0.313452	0.095934	0.0660	0.1229	0.2800	0.1070	0.1655	0.0950	0.0949
000374	D	0.121901	0.349253	0.088294	0.0643	0.0749	0.2750	0.1160	0.1622	0.1095	0.0868
000375	S	0.122304	0.421961	0.081314	0.0771	0.0909	0.2670	0.1280	0.1767	0.1275	0.0821
000376	F	0.122390	0.451210	0.074478	0.0832	0.1528	0.2820	0.1230	0.1943	0.1337	0.0813
000377	E	0.106975	0.486288	0.067857	0.0789	0.0799	0.2980	0.1050	0.1862	0.1557	0.0788
000378	R	0.069387	0.530376	0.061297	0.1416	0.0799	0.3270	0.0890	0.2017	0.1730	0.0709
000379	L	0.038971	0.571828	0.055374	0.0858	0.0433	0.3700	0.0740	0.1942	0.2047	0.0662
000380	K	0.031567	0.560200	0.050282	0.1018	0.0749	0.3710	0.0770	0.1982	0.1979	0.0623
000381	N	0.021091	0.544858	0.046063	0.0643	0.0433	0.3620	0.0670	0.1803	0.2007	0.0623
000382	E	0.009917	0.505086	0.041623	0.0490	0.0248	0.3000	0.0600	0.1550	0.1851	0.0638
000383	S	0.001692	0.422100	0.036954	0.0395	0.0306	0.2350	0.0720	0.1276	0.1524	0.0671
000384	R	0.001058	0.325613	0.032327	0.0464	0.0518	0.1660	0.0600	0.1039	0.1116	0.0703
000385	W	0.000771	0.244778	0.028143	0.0414	0.0313	0.1270	0.0430	0.0789	0.0838	0.0755
000386	S	0.000436	0.188718	0.024618	0.0327	0.0181	0.0870	0.0230	0.0586	0.0640	0.0721
000387	Q	0.000373	0.125578	0.021582	0.0414	0.0349	0.0690	0.0200	0.0488	0.0401	0.0661
000388	C	0.000328	0.089107	0.019045	0.0200	0.0320	0.0530	0.0160	0.0357	0.0287	0.0627
000389	Y	0.000221	0.068786	0.017131	0.0226	0.0258	0.0420	0.0110	0.0294	0.0215	0.0679
000390	Y	0.000144	0.049179	0.015849	0.0405	0.0443	0.0370	0.0110	0.0311	0.0174	0.0716
000391	A	0.000099	0.042484	0.015661	0.0350	0.0443	0.0340	0.0100	0.0286	0.0158	0.0724
000392	Y	0.000102	0.043181	0.015750	0.0350	0.0433	0.0360	0.0110	0.0289	0.0158	0.0717
000393	L	0.000125	0.047986	0.015160	0.0304	0.0269	0.0420	0.0110	0.0271	0.0160	0.0687
000394	T	0.000152	0.059657	0.013707	0.0327	0.0294	0.0470	0.0120	0.0304	0.0197	0.0648
000395	A	0.000291	0.073344	0.012980	0.0218	0.0287	0.0600	0.0140	0.0329	0.0258	0.0614
000396	V	0.001718	0.094256	0.014560	0.0387	0.0405	0.0760	0.0190	0.0443	0.0322	0.0579
000397	C	0.002137	0.125240	0.019128	0.0387	0.0433	0.0810	0.0220	0.0516	0.0409	0.0584
000398	Q	0.002223	0.166575	0.027033	0.0279	0.0248	0.0900	0.0220	0.0564	0.0561	0.0620
000399	G	0.011822	0.226902	0.038108	0.0490	0.0313	0.0960	0.0220	0.0754	0.0724	0.0694
000400	A	0.023599	0.274959	0.050375	0.0490	0.0263	0.1090	0.0300	0.0889	0.0878	0.0748
000401	T	0.036409	0.300184	0.063695	0.0542	0.0454	0.1300	0.0440	0.1050	0.0924	0.0837
000402	G	0.040280	0.304064	0.079793	0.0405	0.0592	0.1360	0.0480	0.1099	0.0927	0.0953
000403	D	0.043381	0.319502	0.099536	0.0621	0.0662	0.1340	0.0480	0.1207	0.0936	0.1072
000404	V	0.045856	0.292558	0.120466	0.1060	0.1115	0.1190	0.0400	0.1326	0.0759	0.1205
000405	D	0.044717	0.269970	0.140680	0.0723	0.1070	0.0870	0.0270	0.1202	0.0732	0.1311
000406	G	0.047708	0.261618	0.160109	0.0935	0.0799	0.0670	0.0270	0.1183	0.0730	0.1416
000407	A	0.051945	0.255255	0.180743	0.1349	0.0605	0.0620	0.0240	0.1243	0.0748	0.1540
000408	Q	0.046633	0.224791	0.201852	0.1602	0.1137	0.0560	0.0190	0.1339	0.0678	0.1710
000409	I	0.038549	0.197665	0.223382	0.1117	0.1115	0.0560	0.0180	0.1231	0.0677	0.1900
000410	V	0.027359	0.209404	0.244376	0.1117	0.1115	0.0540	0.0160	0.1263	0.0778	0.1981
000411	F	0.024955	0.215005	0.264857	0.1416	0.1399	0.0560	0.0180	0.1404	0.0831	0.2005
000412	K	0.022669	0.228781	0.284773	0.1456	0.1449	0.0630	0.0220	0.1483	0.0896	0.1891
000413	E	0.020870	0.260539	0.303624	0.1566	0.1476	0.0730	0.0270	0.1604	0.0982	0.1773
000414	V	0.020686	0.288870	0.322738	0.1566	0.0870	0.0900	0.0390	0.1610	0.1101	0.1650
000415	Q	0.017401	0.314026	0.341898	0.2167	0.1373	0.1100	0.0550	0.1896	0.1141	0.1526
000416	K	0.013224	0.347438	0.362962	0.1416	0.1323	0.1390	0.0800	0.1894	0.1253	0.1460
000417	L	0.010285	0.391817	0.383613	0.1416	0.0690	0.1680	0.0950	0.1940	0.1460	0.1381
000418	F	0.053787	0.436076	0.403777	0.1732	0.0817	0.1800	0.0870	0.2214	0.1478	0.1287
000419	K	0.058082	0.466724	0.420830	0.1150	0.0531	0.1850	0.0870	0.2165	0.1671	0.1132
000420	R	0.062556	0.505799	0.434846	0.1732	0.0888	0.2070	0.1030	0.2454	0.1675	0.0977
000421	K	0.157620	0.533150	0.443888	0.1602	0.1275	0.2220	0.1170	0.2741	0.1563	0.0861
000422	N	0.199460	0.518515	0.449684	0.2333	0.1881	0.2110	0.0950	0.3000	0.1324	0.0774
000423	N	0.301623	0.511481	0.454334	0.2385	0.2002	0.1970	0.0950	0.3172	0.1232	0.0736
000424	Q	0.408953	0.523334	0.459886	0.1998	0.1914	0.1910	0.0880	0.3291	0.1390	0.0701
000425	I	0.519568	0.511332	0.465451	0.2657	0.1528	0.1770	0.0680	0.3486	0.1550	0.0707
000426	E	0.628708	0.509681	0.468750	0.2700	0.1501	0.1340	0.0720	0.3603	0.1868	0.0736
000427	Q	0.668608	0.504871	0.470119	0.1805	0.1501	0.1390	0.0810	0.3523	0.2053	0.0772
000428	F	0.717511	0.497668	0.469197	0.2432	0.2224	0.1780	0.1000	0.3879	0.1914	0.0842
000429	S	0.798777	0.499420	0.465713	0.3096	0.3356	0.1870	0.1030	0.4326	0.1935	0.0889
000430	V	0.790462	0.506326	0.459050	0.3146	0.3631	0.2530	0.1110	0.4477	0.1751	0.0972
000431	K	0.825871	0.528682	0.450479	0.3005	0.3667	0.3580	0.0920	0.4716	0.1744	0.1084
000432	K	0.785744	0.562051	0.440295	0.3311	0.3667	0.3840	0.1080	0.4782	0.1560	0.1207
000433	A	0.726826	0.581078	0.427609	0.3184	0.3249	0.4180	0.1460	0.4662	0.1453	0.1335
000434	E	0.655513	0.592749	0.412214	0.3146	0.2364	0.4280	0.1540	0.4399	0.1460	0.1474
000435	R	0.640876	0.599887	0.396262	0.2820	0.1298	0.4060	0.1420	0.4091	0.1753	0.1666
000436	F	0.649637	0.585140	0.380510	0.2786	0.1449	0.4140	0.1510	0.4088	0.1715	0.1738
000437	R	0.689689	0.549657	0.364443	0.1921	0.0851	0.3730	0.1330	0.3757	0.2030	0.1715
000438	K	0.646195	0.522851	0.346549	0.1322	0.0704	0.3210	0.1060	0.3398	0.2014	0.1679
000439	Q	0.589627	0.475377	0.328027	0.1349	0.1298	0.2890	0.1010	0.3245	0.1674	0.1616
000440	T	0.534342	0.411842	0.309441	0.1117	0.0817	0.2540	0.1000	0.2838	0.1587	0.1617
000441	P	0.473142	0.355984	0.292007	0.1698	0.1275	0.1900	0.0830	0.2680	0.1197	0.1620
000442	T	0.424759	0.309300	0.275489	0.1088	0.0888	0.1600	0.0690	0.2278	0.1196	0.1551
000443	K	0.385453	0.269642	0.259943	0.1088	0.0555	0.1280	0.0550	0.2012	0.1134	0.1486
000444	A	0.289644	0.224362	0.245779	0.0909	0.0398	0.1040	0.0420	0.1658	0.0917	0.1451
000445	L	0.193832	0.192920	0.231558	0.0567	0.0231	0.0930	0.0320	0.1319	0.0780	0.1402
000446	C	0.098925	0.145684	0.217179	0.0336	0.0143	0.0870	0.0270	0.0994	0.0680	0.1331
000447	V	0.055227	0.118519	0.200523	0.0395	0.0258	0.0890	0.0320	0.0881	0.0590	0.1395
000448	L	0.024222	0.096407	0.184219	0.0226	0.0218	0.0870	0.0350	0.0728	0.0587	0.1511
000449	A	0.001444	0.088414	0.168901	0.0218	0.0146	0.0890	0.0420	0.0641	0.0583	0.1605
000450	S	0.000504	0.075578	0.156956	0.0167	0.0168	0.0870	0.0420	0.0589	0.0542	0.1717
000451	I	0.000337	0.070008	0.147311	0.0090	0.0178	0.0750	0.0300	0.0532	0.0510	0.1829
000452	E	0.000190	0.066257	0.141238	0.0087	0.0094	0.0560	0.0190	0.0470	0.0490	0.1956
000453	V	0.000156	0.058270	0.136774	0.0094	0.0091	0.0480	0.0190	0.0436	0.0468	0.2040
000454	L	0.000125	0.052346	0.133017	0.0040	0.0065	0.0440	0.0200	0.0400	0.0462	0.2122
000455	Y	0.000124	0.047847	0.128965	0.0055	0.0079	0.0390	0.0170	0.0383	0.0443	0.2178
000456	L	0.000126	0.052221	0.125241	0.0040	0.0108	0.0350	0.0120	0.0379	0.0431	0.2229
000457	W	0.000142	0.058658	0.122931	0.0087	0.0134	0.0380	0.0120	0.0403	0.0418	0.2219
000458	K	0.000210	0.061859	0.120611	0.0157	0.0188	0.0380	0.0130	0.0426	0.0399	0.2025
000459	A	0.000348	0.073698	0.118101	0.0128	0.0294	0.0460	0.0160	0.0467	0.0396	0.1794
000460	L	0.000562	0.085357	0.115497	0.0167	0.0294	0.0560	0.0250	0.0506	0.0399	0.1597
000461	P	0.000655	0.104172	0.113319	0.0157	0.0294	0.0560	0.0210	0.0533	0.0427	0.1406
000462	N	0.000851	0.121694	0.112911	0.0212	0.0506	0.0980	0.0430	0.0676	0.0462	0.1209
000463	C	0.001015	0.170682	0.113433	0.0200	0.0389	0.1540	0.0660	0.0830	0.0662	0.1016
000464	S	0.002549	0.226188	0.114327	0.0327	0.0287	0.1700	0.0550	0.0958	0.0817	0.0963
000465	F	0.011660	0.276210	0.114590	0.0414	0.0494	0.2140	0.0860	0.1179	0.0968	0.0860
000466	P	0.026861	0.318291	0.114329	0.0316	0.0888	0.1900	0.0880	0.1283	0.1011	0.0770
000467	N	0.050946	0.358777	0.114466	0.0478	0.0967	0.2100	0.0890	0.1465	0.1092	0.0685
000468	L	0.071497	0.373819	0.114708	0.0858	0.1643	0.2280	0.0950	0.1731	0.1039	0.0639
000469	Q	0.088946	0.377072	0.114927	0.0542	0.1759	0.2100	0.0860	0.1702	0.1061	0.0622
000470	R	0.117483	0.363363	0.115153	0.0701	0.2002	0.2060	0.0790	0.1786	0.0956	0.0637
000471	M	0.143272	0.372793	0.114763	0.1240	0.2752	0.1920	0.0650	0.2037	0.0929	0.0645
000472	S	0.197746	0.379492	0.113394	0.1088	0.1852	0.1800	0.0540	0.1940	0.0899	0.0621
000473	Q	0.238421	0.391639	0.110696	0.1088	0.1251	0.1870	0.0480	0.1936	0.1000	0.0609
000474	A	0.261967	0.430846	0.107428	0.1456	0.2129	0.2010	0.0500	0.2266	0.1038	0.0615
000475	C	0.279433	0.482124	0.104078	0.1018	0.1476	0.2190	0.0400	0.2224	0.1322	0.0569
000476	H	0.276291	0.507725	0.100491	0.1805	0.2436	0.2390	0.0450	0.2579	0.1252	0.0603
000477	E	0.259898	0.542949	0.097073	0.1018	0.1449	0.2530	0.0520	0.2332	0.1531	0.0633
000478	V	0.247071	0.549527	0.093935	0.0991	0.0870	0.2440	0.0580	0.2200	0.1623	0.0683
000479	D	0.221502	0.516128	0.091293	0.1178	0.0870	0.2470	0.0650	0.2135	0.1488	0.0741
000480	D	0.196868	0.472376	0.088650	0.0723	0.0531	0.2100	0.0590	0.1822	0.1430	0.0807
000481	S	0.142781	0.424484	0.086488	0.0490	0.0518	0.1710	0.0540	0.1543	0.1288	0.0844
000482	S	0.100957	0.349491	0.084712	0.0414	0.0531	0.1500	0.0500	0.1300	0.1043	0.0879
000483	V	0.068399	0.284476	0.083947	0.0414	0.0320	0.1170	0.0410	0.1046	0.0852	0.0941
000484	V	0.035709	0.234612	0.083658	0.0316	0.0320	0.0950	0.0340	0.0854	0.0714	0.0993
000485	G	0.014719	0.193623	0.083505	0.0252	0.0389	0.0790	0.0310	0.0725	0.0599	0.1036
000486	L	0.010493	0.153363	0.082820	0.0490	0.0405	0.0720	0.0310	0.0680	0.0446	0.1104
000487	K	0.007196	0.133844	0.081737	0.0514	0.0248	0.0610	0.0270	0.0601	0.0409	0.0966
000488	Y	0.004256	0.109462	0.080554	0.0200	0.0231	0.0510	0.0210	0.0481	0.0369	0.0867
000489	L	0.002937	0.087630	0.079386	0.0179	0.0372	0.0380	0.0120	0.0438	0.0306	0.0749
000490	L	0.002444	0.083565	0.078382	0.0160	0.0341	0.0320	0.0120	0.0411	0.0301	0.0626
000491	L	0.002107	0.079196	0.076802	0.0157	0.0341	0.0310	0.0090	0.0397	0.0290	0.0508
000492	G	0.002024	0.079358	0.074370	0.0157	0.0372	0.0300	0.0080	0.0398	0.0285	0.0408
000493	A	0.002023	0.088746	0.071017	0.0160	0.0320	0.0390	0.0130	0.0415	0.0300	0.0340
000494	I	0.002007	0.110967	0.067294	0.0286	0.0320	0.0530	0.0200	0.0490	0.0344	0.0285
000495	H	0.002045	0.133141	0.063761	0.0336	0.0483	0.0660	0.0240	0.0578	0.0399	0.0248
000496	K	0.001775	0.158214	0.060125	0.0212	0.0300	0.0890	0.0290	0.0600	0.0521	0.0213
000497	C	0.004020	0.210511	0.056418	0.0376	0.0248	0.1260	0.0360	0.0765	0.0710	0.0188
000498	L	0.006964	0.255441	0.052749	0.0218	0.0253	0.1560	0.0480	0.0864	0.0902	0.0228
000499	G	0.007509	0.269536	0.050143	0.0167	0.0424	0.1710	0.0550	0.0928	0.0955	0.0259
000500	N	0.009670	0.324004	0.049064	0.0304	0.0592	0.2090	0.0720	0.1136	0.1142	0.0307
000501	S	0.026226	0.346021	0.048169	0.0464	0.0631	0.2370	0.0840	0.1279	0.1205	0.0375
000502	E	0.043483	0.321685	0.047567	0.0554	0.1048	0.2320	0.0810	0.1342	0.1061	0.0464
000503	D	0.056676	0.301858	0.047292	0.0336	0.1115	0.2050	0.0670	0.1260	0.0974	0.0584
000504	A	0.083009	0.301391	0.048908	0.0425	0.1399	0.1610	0.0530	0.1295	0.0884	0.0717
000505	V	0.115396	0.262544	0.052670	0.0789	0.1424	0.1350	0.0510	0.1311	0.0665	0.0876
000506	Q	0.144797	0.241442	0.057869	0.0858	0.0734	0.1240	0.0480	0.1213	0.0613	0.1050
000507	Y	0.173577	0.229683	0.062967	0.0514	0.0749	0.1300	0.0450	0.1204	0.0645	0.1179
000508	F	0.194900	0.213077	0.066479	0.0455	0.1399	0.1320	0.0440	0.1320	0.0611	0.1225
000509	Q	0.195132	0.193937	0.068749	0.0744	0.2193	0.1030	0.0320	0.1424	0.0619	0.1032
000510	R	0.180384	0.193824	0.070723	0.0744	0.2328	0.0880	0.0250	0.1401	0.0645	0.0912
000511	A	0.165120	0.209498	0.073067	0.0723	0.1501	0.0880	0.0210	0.1264	0.0519	0.0791
000512	V	0.156338	0.233491	0.075617	0.0723	0.0967	0.0860	0.0170	0.1201	0.0579	0.0692
000513	K	0.130158	0.263321	0.079911	0.0425	0.0605	0.0850	0.0170	0.1103	0.0735	0.0624
000514	D	0.100671	0.281476	0.084838	0.0268	0.0581	0.0880	0.0230	0.1066	0.0818	0.0570
000515	E	0.076019	0.272996	0.090172	0.0231	0.0851	0.0950	0.0380	0.1071	0.0780	0.0509
000516	L	0.044755	0.249379	0.095112	0.0376	0.0765	0.0990	0.0360	0.1003	0.0705	0.0457
000517	C	0.023417	0.230789	0.100663	0.0464	0.0618	0.0880	0.0290	0.0918	0.0671	0.0419
000518	R	0.021324	0.216802	0.107415	0.0478	0.0506	0.0740	0.0240	0.0863	0.0640	0.0454
000519	Q	0.020010	0.198232	0.115363	0.0744	0.0605	0.0620	0.0230	0.0884	0.0565	0.0470
000520	N	0.018267	0.182285	0.123543	0.0327	0.0646	0.0610	0.0250	0.0804	0.0563	0.0532
000521	N	0.014069	0.161452	0.130575	0.0194	0.0380	0.0600	0.0270	0.0706	0.0560	0.0593
000522	L	0.013799	0.140633	0.135782	0.0286	0.0454	0.0510	0.0160	0.0691	0.0503	0.0679
000523	Y	0.009636	0.123915	0.140004	0.0279	0.0334	0.0420	0.0110	0.0628	0.0500	0.0747
000524	V	0.002602	0.110147	0.143120	0.0279	0.0205	0.0350	0.0100	0.0566	0.0514	0.0717
000525	Q	0.002104	0.106544	0.145817	0.0097	0.0133	0.0320	0.0090	0.0516	0.0547	0.0696
000526	P	0.001522	0.105346	0.147858	0.0061	0.0091	0.0330	0.0130	0.0505	0.0561	0.0727
000527	Y	0.001305	0.089217	0.151002	0.0066	0.0134	0.0360	0.0150	0.0495	0.0541	0.0752
000528	A	0.000900	0.078166	0.154626	0.0099	0.0240	0.0330	0.0110	0.0501	0.0528	0.0757
000529	C	0.000823	0.072430	0.158823	0.0121	0.0275	0.0320	0.0100	0.0506	0.0533	0.0702
000530	Y	0.001558	0.066465	0.162474	0.0118	0.0294	0.0320	0.0100	0.0506	0.0540	0.0771
000531	E	0.011482	0.070595	0.164745	0.0150	0.0287	0.0310	0.0100	0.0536	0.0533	0.0792
000532	L	0.021860	0.068003	0.165913	0.0157	0.0181	0.0340	0.0090	0.0539	0.0531	0.0815
000533	G	0.038750	0.074239	0.166896	0.0279	0.0269	0.0350	0.0090	0.0617	0.0497	0.0799
000534	C	0.081822	0.077281	0.167581	0.0268	0.0443	0.0440	0.0090	0.0736	0.0463	0.0800
000535	L	0.115503	0.097583	0.167542	0.0387	0.0662	0.0580	0.0140	0.0905	0.0428	0.0960
000536	L	0.162566	0.136708	0.165073	0.0363	0.0646	0.1030	0.0430	0.1113	0.0484	0.1093
000537	L	0.210684	0.190053	0.161442	0.0279	0.0433	0.1340	0.0550	0.1280	0.0696	0.1163
000538	D	0.217089	0.258434	0.157662	0.0441	0.0443	0.1570	0.0540	0.1464	0.0803	0.1210
000539	K	0.227112	0.304150	0.155421	0.0441	0.0320	0.2050	0.0470	0.1613	0.0976	0.1275
000540	P	0.229590	0.369002	0.154630	0.0587	0.0389	0.2100	0.0440	0.1769	0.1113	0.1376
000541	E	0.302894	0.392026	0.154185	0.0567	0.0676	0.2420	0.0470	0.2026	0.1221	0.1367
000542	T	0.377507	0.388224	0.154832	0.0308	0.0506	0.2250	0.0590	0.2045	0.1417	0.1384
000543	V	0.409005	0.364077	0.156276	0.0567	0.0851	0.1890	0.0690	0.2100	0.1328	0.1393
000544	G	0.457300	0.348973	0.156890	0.0455	0.0948	0.1460	0.0650	0.2082	0.1459	0.1430
000545	R	0.492085	0.320742	0.155827	0.1018	0.1881	0.1330	0.0670	0.2320	0.1354	0.1477
000546	G	0.502701	0.301168	0.153499	0.1635	0.1611	0.1150	0.0620	0.2328	0.1339	0.1440
000547	R	0.538274	0.274995	0.151690	0.2292	0.2292	0.1050	0.0610	0.2547	0.1385	0.1469
000548	A	0.538005	0.234066	0.150354	0.1998	0.3053	0.0990	0.0580	0.2543	0.1423	0.1558
000549	L	0.541817	0.228000	0.148972	0.1921	0.2129	0.1010	0.0520	0.2375	0.1425	0.1686
000550	L	0.476148	0.247461	0.146219	0.2080	0.2258	0.1090	0.0390	0.2354	0.1175	0.1810
000551	L	0.402744	0.264844	0.142491	0.1178	0.1115	0.1270	0.0470	0.1944	0.1068	0.1873
000552	Q	0.342381	0.306157	0.138449	0.1178	0.1137	0.1490	0.0630	0.1946	0.0930	0.1892
000553	A	0.271111	0.345996	0.135969	0.0660	0.1184	0.1530	0.0630	0.1817	0.0960	0.1952
000554	K	0.195025	0.358556	0.134515	0.1088	0.1702	0.1510	0.0630	0.1863	0.0816	0.2029
000555	E	0.145475	0.354664	0.134298	0.1178	0.1137	0.1370	0.0450	0.1672	0.0846	0.2093
000556	D	0.112820	0.373277	0.134813	0.1178	0.1184	0.1280	0.0320	0.1642	0.0938	0.2153
000557	F	0.111384	0.372333	0.135790	0.0701	0.0817	0.1260	0.0310	0.1496	0.1023	0.2184
000558	S	0.106754	0.369878	0.135959	0.0771	0.0817	0.1100	0.0310	0.1470	0.1016	0.2158
000559	G	0.099968	0.370945	0.135268	0.0587	0.0568	0.1250	0.0400	0.1411	0.1070	0.2085
000560	Y	0.090749	0.374122	0.133009	0.0991	0.0948	0.1320	0.0460	0.1539	0.0999	0.1990
000561	D	0.086024	0.337261	0.130126	0.0858	0.1251	0.1340	0.0540	0.1497	0.0862	0.1893
000562	F	0.083527	0.328446	0.128428	0.1456	0.1611	0.1200	0.0420	0.1612	0.0785	0.1806
000563	E	0.083641	0.308351	0.128463	0.1150	0.1028	0.1000	0.0390	0.1397	0.0767	0.1774
000564	N	0.085456	0.276819	0.129473	0.1205	0.1028	0.0930	0.0360	0.1346	0.0653	0.1736
000565	R	0.090036	0.226632	0.131840	0.0677	0.1028	0.0800	0.0240	0.1165	0.0532	0.1710
000566	L	0.096524	0.202888	0.136323	0.0526	0.0568	0.0740	0.0200	0.1033	0.0526	0.1718
000567	H	0.106503	0.180514	0.146213	0.0542	0.0518	0.0700	0.0200	0.1016	0.0482	0.1716
000568	V	0.118284	0.160544	0.154674	0.0607	0.1115	0.0830	0.0270	0.1147	0.0357	0.1695
000569	R	0.145469	0.161143	0.161586	0.0554	0.0690	0.1100	0.0300	0.1171	0.0426	0.1713
000570	I	0.196356	0.178741	0.164045	0.0607	0.0454	0.1690	0.0420	0.1356	0.0594	0.1805
000571	H	0.230452	0.188129	0.166441	0.0554	0.0909	0.1760	0.0370	0.1513	0.0596	0.1966
000572	A	0.266224	0.194644	0.168511	0.0327	0.0851	0.1700	0.0320	0.1528	0.0755	0.2150
000573	A	0.320815	0.198919	0.168846	0.0771	0.1583	0.1790	0.0300	0.1838	0.0722	0.2350
000574	L	0.374951	0.210346	0.167388	0.0789	0.1275	0.3280	0.1010	0.2145	0.1056	0.2543
000575	A	0.430729	0.230431	0.165182	0.1018	0.0967	0.5290	0.1380	0.2589	0.1648	0.2707
000576	S	0.497507	0.314716	0.164052	0.1322	0.0799	0.5340	0.1200	0.2871	0.1771	0.2852
000577	L	0.568707	0.409704	0.164548	0.2531	0.1137	0.5990	0.1300	0.3515	0.1885	0.2962
000578	R	0.629256	0.530930	0.165005	0.2913	0.0888	0.6320	0.1610	0.3895	0.2186	0.3055
000579	E	0.676834	0.643407	0.164312	0.4149	0.1162	0.7020	0.1210	0.4529	0.2403	0.3172
000580	L	0.795122	0.747510	0.162531	0.4651	0.0929	0.7810	0.0740	0.5074	0.2910	0.3305
000581	V	0.847923	0.797304	0.161653	0.6079	0.1583	0.8290	0.0580	0.5671	0.2983	0.3368
000582	P	0.870274	0.807467	0.162446	0.6474	0.1229	0.8620	0.0810	0.5788	0.3172	0.3367
000583	Q	0.971580	0.854480	0.163550	0.7192	0.1275	0.9090	0.0530	0.6242	0.3471	0.3332