RESNUM	RES	VL-XT	VSL2B	VL3	IUPred-S	IUPred-L	PONDRFIT	FITERROR	MDP	MDPERROR	ANCHOR2
000001	M	0.727842	0.696428	0.384481	0.7458	0.0870	0.9640	0.0240	0.6009	0.2855	0.3021
000002	G	0.719566	0.667902	0.384058	0.6255	0.0618	0.9320	0.0260	0.5652	0.2766	0.3254
000003	T	0.738222	0.653508	0.381267	0.5008	0.0349	0.9040	0.0360	0.5355	0.2789	0.3529
000004	Q	0.497659	0.588093	0.377047	0.3668	0.0263	0.8830	0.0550	0.4564	0.2582	0.3862
000005	A	0.460308	0.532178	0.370772	0.2292	0.0473	0.8370	0.0720	0.4128	0.2468	0.4204
000006	L	0.389098	0.457041	0.364842	0.1150	0.0356	0.7600	0.0980	0.3536	0.2364	0.4113
000007	Q	0.317493	0.371293	0.359205	0.1088	0.0281	0.5920	0.1060	0.2961	0.1846	0.3580
000008	G	0.243815	0.340809	0.352674	0.0464	0.0414	0.4650	0.1440	0.2484	0.1582	0.3017
000009	F	0.193434	0.225646	0.344551	0.0179	0.0646	0.4500	0.1080	0.2160	0.1494	0.2508
000010	L	0.152328	0.181185	0.335950	0.0141	0.0799	0.3620	0.1190	0.1875	0.1260	0.2110
000011	F	0.114844	0.180249	0.327924	0.0131	0.0985	0.5410	0.1340	0.2126	0.1754	0.1835
000012	L	0.083793	0.171423	0.320881	0.0218	0.1007	0.5620	0.1570	0.2102	0.1831	0.1675
000013	L	0.055534	0.157054	0.314140	0.0212	0.0967	0.5990	0.1900	0.2073	0.1989	0.1576
000014	F	0.039151	0.112079	0.308977	0.0144	0.0817	0.5010	0.2230	0.1762	0.1737	0.1574
000015	L	0.029572	0.139574	0.304951	0.0137	0.0749	0.4860	0.1940	0.1749	0.1695	0.1655
000016	P	0.021382	0.173316	0.302788	0.0144	0.0835	0.3820	0.1480	0.1628	0.1390	0.1791
000017	L	0.013357	0.207900	0.302252	0.0316	0.0817	0.4070	0.1230	0.1740	0.1453	0.2024
000018	L	0.019682	0.284216	0.305872	0.0297	0.0704	0.4280	0.1190	0.1896	0.1569	0.2328
000019	Q	0.023459	0.343951	0.314721	0.0144	0.0662	0.3750	0.1280	0.1895	0.1566	0.2677
000020	P	0.059412	0.424326	0.328113	0.0308	0.1298	0.3750	0.1130	0.2245	0.1565	0.3047
000021	R	0.168992	0.504661	0.343425	0.0542	0.1823	0.4820	0.1260	0.2893	0.1672	0.3413
000022	G	0.274636	0.564149	0.359373	0.1240	0.1969	0.6030	0.1280	0.3537	0.1780	0.3763
000023	A	0.287260	0.596385	0.376089	0.1844	0.2541	0.6760	0.1320	0.3957	0.1805	0.4029
000024	S	0.310783	0.628257	0.394369	0.1921	0.3392	0.6390	0.1340	0.4173	0.1645	0.4255
000025	A	0.339360	0.649927	0.412393	0.2913	0.3053	0.5910	0.1190	0.4315	0.1400	0.4266
000026	G	0.365109	0.659870	0.426362	0.4037	0.2783	0.5420	0.1060	0.4459	0.1237	0.4110
000027	S	0.369386	0.651185	0.431975	0.2558	0.2645	0.4850	0.0850	0.4096	0.1359	0.4045
000028	L	0.373493	0.625304	0.431147	0.2700	0.2817	0.4510	0.0740	0.4054	0.1195	0.4026
000029	H	0.368824	0.603415	0.426052	0.3847	0.3566	0.3880	0.0680	0.4213	0.0842	0.4008
000030	S	0.287429	0.575762	0.420748	0.3184	0.3494	0.3000	0.0730	0.3753	0.0996	0.3984
000031	P	0.203319	0.550534	0.415771	0.2820	0.2988	0.2300	0.0820	0.3301	0.1192	0.3980
000032	G	0.214071	0.533040	0.413091	0.2820	0.3149	0.2010	0.0710	0.3264	0.1159	0.3977
000033	L	0.205015	0.502605	0.412978	0.2602	0.2224	0.1520	0.0470	0.2926	0.1238	0.3997
000034	S	0.188262	0.466230	0.415861	0.3146	0.2436	0.1340	0.0340	0.2937	0.1186	0.3957
000035	E	0.179438	0.436363	0.419371	0.2385	0.2503	0.1370	0.0370	0.2767	0.1134	0.3935
000036	C	0.182317	0.399171	0.422599	0.2820	0.2680	0.1480	0.0350	0.2837	0.1012	0.3900
000037	F	0.183049	0.385531	0.423920	0.2820	0.2783	0.1750	0.0390	0.2880	0.0929	0.3978
000038	Q	0.164740	0.380394	0.425629	0.2748	0.2884	0.1980	0.0410	0.2886	0.0922	0.3979
000039	V	0.152537	0.382317	0.428941	0.3762	0.3599	0.2260	0.0680	0.3210	0.0977	0.3952
000040	N	0.148203	0.428165	0.434710	0.3847	0.3740	0.2300	0.0720	0.3333	0.1069	0.3913
000041	G	0.141373	0.438095	0.443029	0.3847	0.3807	0.2460	0.0860	0.3391	0.1096	0.3910
000042	A	0.139523	0.489716	0.454623	0.3456	0.3840	0.2720	0.1280	0.3475	0.1170	0.3895
000043	D	0.151472	0.536088	0.468693	0.3456	0.3840	0.2680	0.1290	0.3590	0.1261	0.3890
000044	Y	0.228922	0.559793	0.486123	0.4600	0.4582	0.2670	0.1170	0.4100	0.1199	0.3877
000045	R	0.312084	0.595751	0.502115	0.4600	0.4369	0.2500	0.0920	0.4262	0.1152	0.3894
000046	G	0.384301	0.618445	0.517100	0.4513	0.4186	0.2620	0.0620	0.4420	0.1104	0.3925
000047	H	0.449983	0.636295	0.526968	0.5374	0.5577	0.2790	0.0650	0.4979	0.1120	0.3955
000048	Q	0.462457	0.645076	0.533990	0.6219	0.7209	0.2860	0.0810	0.5450	0.1421	0.3936
000049	N	0.482425	0.649818	0.537197	0.5941	0.5296	0.2980	0.1070	0.5152	0.1106	0.3946
000050	R	0.503070	0.656587	0.536357	0.6756	0.5139	0.3550	0.1230	0.5401	0.1067	0.3919
000051	T	0.522655	0.672007	0.532148	0.5711	0.4087	0.3660	0.1400	0.5121	0.1014	0.3938
000052	G	0.501386	0.671132	0.523480	0.5296	0.3149	0.3160	0.1010	0.4761	0.1261	0.4005
000053	P	0.409244	0.664675	0.510643	0.5008	0.3529	0.2380	0.0560	0.4460	0.1344	0.4109
000054	R	0.312046	0.634727	0.494381	0.4078	0.3494	0.2430	0.0590	0.4069	0.1283	0.4208
000055	G	0.226307	0.596145	0.475831	0.4825	0.4441	0.2250	0.0490	0.4083	0.1374	0.4308
000056	A	0.150970	0.558102	0.458851	0.5008	0.4541	0.2270	0.0550	0.3917	0.1489	0.4278
000057	G	0.123416	0.520025	0.444976	0.4967	0.4652	0.2020	0.0740	0.3753	0.1540	0.4222
000058	R	0.087545	0.449991	0.437879	0.5296	0.4652	0.1970	0.0760	0.3613	0.1606	0.4170
000059	P	0.052025	0.447021	0.435267	0.5374	0.4476	0.1790	0.0650	0.3497	0.1729	0.4109
000060	C	0.020663	0.445103	0.433916	0.5253	0.3460	0.1950	0.0750	0.3276	0.1715	0.4051
000061	L	0.018605	0.423619	0.431266	0.5253	0.3392	0.1990	0.0670	0.3228	0.1689	0.3865
000062	F	0.017054	0.427750	0.428335	0.4651	0.3321	0.2380	0.0740	0.3180	0.1544	0.3756
000063	W	0.014710	0.452877	0.424517	0.4651	0.3019	0.2720	0.0910	0.3218	0.1557	0.3750
000064	D	0.013090	0.512957	0.417974	0.4379	0.2715	0.2990	0.0940	0.3253	0.1621	0.3838
000065	Q	0.009952	0.525412	0.407316	0.4203	0.2817	0.3470	0.1040	0.3319	0.1619	0.3942
000066	T	0.009494	0.534941	0.396212	0.4203	0.3053	0.3710	0.1090	0.3396	0.1628	0.4051
000067	Q	0.008200	0.566871	0.386584	0.4458	0.3215	0.3880	0.0960	0.3528	0.1716	0.4157
000068	Q	0.006682	0.590188	0.380416	0.4651	0.3182	0.4040	0.0670	0.3608	0.1793	0.4264
000069	H	0.010883	0.615748	0.374942	0.4379	0.3182	0.4260	0.1180	0.3639	0.1824	0.4299
000070	S	0.067975	0.630393	0.369662	0.4037	0.2064	0.4280	0.1460	0.3511	0.1771	0.4182
000071	Y	0.142496	0.661045	0.363985	0.5084	0.3356	0.4470	0.1630	0.4097	0.1598	0.4119
000072	S	0.186616	0.692632	0.357313	0.4781	0.3321	0.4420	0.1650	0.4148	0.1550	0.3943
000073	S	0.231352	0.690366	0.346933	0.5296	0.4256	0.4560	0.1450	0.4466	0.1432	0.3850
000074	A	0.231746	0.689144	0.332183	0.5549	0.4901	0.4920	0.1360	0.4651	0.1482	0.3831
000075	S	0.231360	0.637801	0.312743	0.5514	0.4652	0.4830	0.1510	0.4469	0.1375	0.3849
000076	D	0.231885	0.608442	0.293309	0.5084	0.4619	0.4670	0.1420	0.4285	0.1280	0.3877
000077	P	0.232100	0.587469	0.273882	0.4825	0.3566	0.3950	0.1270	0.3879	0.1205	0.3870
000078	H	0.227699	0.553529	0.257345	0.4556	0.2129	0.3760	0.1200	0.3472	0.1262	0.3926
000079	G	0.171975	0.533773	0.241523	0.3630	0.2064	0.3360	0.1010	0.3088	0.1211	0.3876
000080	R	0.098123	0.478739	0.225829	0.2786	0.2164	0.2960	0.0980	0.2656	0.1144	0.3821
000081	W	0.058662	0.427426	0.209970	0.2602	0.2470	0.2700	0.0910	0.2456	0.1081	0.3740
000082	G	0.017651	0.352660	0.194099	0.3263	0.3494	0.2250	0.0840	0.2443	0.1182	0.3488
000083	L	0.018040	0.289585	0.181461	0.3399	0.3529	0.1930	0.0780	0.2292	0.1150	0.3277
000084	G	0.018944	0.253753	0.172563	0.3456	0.3740	0.1730	0.0760	0.2229	0.1194	0.2932
000085	A	0.018594	0.236733	0.166942	0.3535	0.3494	0.1500	0.0660	0.2126	0.1175	0.2601
000086	H	0.018257	0.219109	0.162895	0.3630	0.3631	0.1370	0.0570	0.2106	0.1233	0.2284
000087	N	0.017544	0.219790	0.158196	0.3096	0.3774	0.1410	0.0590	0.2040	0.1171	0.2016
000088	F	0.015640	0.231550	0.153200	0.3005	0.2715	0.1620	0.0830	0.1891	0.0941	0.1812
000089	C	0.014025	0.289113	0.147798	0.3456	0.1476	0.1630	0.0960	0.1846	0.1073	0.1554
000090	R	0.008528	0.325188	0.143287	0.2657	0.0888	0.1400	0.0840	0.1619	0.1058	0.1414
000091	N	0.004898	0.358943	0.141760	0.1380	0.0631	0.1210	0.0680	0.1380	0.1099	0.1314
000092	P	0.007834	0.346648	0.142164	0.1292	0.0929	0.0940	0.0480	0.1354	0.1037	0.1298
000093	D	0.022368	0.310959	0.143597	0.0965	0.1028	0.0850	0.0410	0.1268	0.0898	0.1375
000094	G	0.039440	0.249047	0.145474	0.1117	0.1528	0.0690	0.0280	0.1280	0.0672	0.1455
000095	D	0.079440	0.223682	0.148905	0.1150	0.1671	0.0600	0.0210	0.1323	0.0551	0.1596
000096	V	0.096358	0.182640	0.155162	0.1240	0.2064	0.0510	0.0150	0.1359	0.0524	0.1722
000097	Q	0.096725	0.151344	0.162441	0.1532	0.2129	0.0430	0.0110	0.1366	0.0538	0.1815
000098	P	0.097377	0.135209	0.169613	0.1667	0.1501	0.0410	0.0110	0.1267	0.0452	0.1873
000099	W	0.096244	0.122214	0.175375	0.2122	0.1611	0.0430	0.0120	0.1350	0.0554	0.1998
000100	C	0.095237	0.101114	0.180229	0.2531	0.2094	0.0460	0.0120	0.1474	0.0722	0.2100
000101	Y	0.091257	0.094476	0.184526	0.1878	0.2094	0.0460	0.0130	0.1356	0.0609	0.2551
000102	V	0.075678	0.098345	0.188101	0.1380	0.1349	0.0410	0.0110	0.1127	0.0474	0.3040
000103	A	0.058330	0.109720	0.190640	0.1150	0.0463	0.0410	0.0140	0.0935	0.0522	0.3371
000104	E	0.018235	0.115240	0.193407	0.0621	0.0463	0.0390	0.0140	0.0790	0.0592	0.3381
000105	T	0.001314	0.122790	0.197115	0.0279	0.0313	0.0470	0.0240	0.0712	0.0677	0.3399
000106	E	0.000929	0.131375	0.202186	0.0304	0.0334	0.0560	0.0390	0.0757	0.0694	0.3538
000107	E	0.000407	0.125265	0.207545	0.0279	0.0454	0.0630	0.0460	0.0782	0.0693	0.3645
000108	G	0.006787	0.110217	0.213933	0.0279	0.0181	0.0680	0.0500	0.0742	0.0715	0.3775
000109	I	0.016471	0.098323	0.220123	0.0252	0.0151	0.0680	0.0460	0.0739	0.0720	0.3626
000110	Y	0.016996	0.080787	0.225252	0.0167	0.0202	0.0580	0.0300	0.0696	0.0736	0.3229
000111	W	0.017077	0.065865	0.227961	0.0387	0.0568	0.0500	0.0230	0.0761	0.0696	0.2924
000112	R	0.017155	0.066894	0.229138	0.0514	0.0967	0.0440	0.0200	0.0842	0.0691	0.2172
000113	Y	0.017117	0.070016	0.229459	0.0771	0.0799	0.0390	0.0140	0.0854	0.0682	0.1547
000114	C	0.017111	0.076824	0.229142	0.0909	0.0631	0.0350	0.0120	0.0853	0.0689	0.1093
000115	D	0.017064	0.089639	0.228389	0.0502	0.0568	0.0320	0.0100	0.0790	0.0705	0.0936
000116	I	0.016875	0.098528	0.228296	0.0350	0.0214	0.0320	0.0100	0.0721	0.0749	0.0783
000117	P	0.010452	0.119737	0.229798	0.0308	0.0125	0.0340	0.0110	0.0728	0.0792	0.0531
000118	S	0.001052	0.127837	0.233051	0.0124	0.0096	0.0390	0.0130	0.0705	0.0843	0.0380
000119	C	0.000536	0.132446	0.236204	0.0082	0.0102	0.0530	0.0200	0.0734	0.0856	0.0286
000120	H	0.000882	0.133435	0.238835	0.0082	0.0136	0.0600	0.0250	0.0758	0.0858	0.0285
000121	M	0.006921	0.132552	0.241857	0.0150	0.0209	0.0670	0.0270	0.0807	0.0838	0.0310
000122	P	0.010629	0.135551	0.244498	0.0259	0.0281	0.0670	0.0260	0.0852	0.0822	0.0328
000123	G	0.014104	0.135337	0.246333	0.0259	0.0320	0.0840	0.0370	0.0897	0.0814	0.0375
000124	Y	0.016246	0.135801	0.246316	0.0336	0.0646	0.0890	0.0270	0.0976	0.0769	0.0432
000125	L	0.017795	0.140029	0.245475	0.0909	0.1349	0.0930	0.0220	0.1203	0.0688	0.0491
000126	G	0.049670	0.151029	0.244169	0.0884	0.0835	0.1080	0.0310	0.1207	0.0630	0.0469
000127	C	0.128242	0.161979	0.241369	0.0991	0.1206	0.1270	0.0350	0.1464	0.0463	0.0465
000128	F	0.210934	0.174008	0.237546	0.0567	0.1028	0.1570	0.0270	0.1564	0.0615	0.0621
000129	V	0.259431	0.207344	0.233900	0.0567	0.1206	0.1890	0.0270	0.1778	0.0692	0.0750
000130	D	0.313614	0.262488	0.230813	0.1266	0.2399	0.2520	0.0670	0.2376	0.0562	0.0849
000131	S	0.375427	0.330040	0.228629	0.1635	0.2470	0.3990	0.1320	0.2905	0.0840	0.0806
000132	G	0.428831	0.395550	0.225915	0.1998	0.2783	0.5070	0.1470	0.3393	0.1121	0.0746
000133	A	0.456494	0.477912	0.224486	0.1805	0.2503	0.5930	0.1310	0.3638	0.1527	0.0723
000134	P	0.538104	0.557236	0.223689	0.1805	0.2541	0.5870	0.1420	0.3901	0.1726	0.0709
000135	P	0.616536	0.633792	0.223942	0.2657	0.3321	0.5980	0.1750	0.4449	0.1742	0.0703
000136	A	0.648235	0.708117	0.223717	0.3263	0.3321	0.5710	0.1540	0.4682	0.1821	0.0707
000137	L	0.675873	0.753421	0.222560	0.3225	0.3356	0.5180	0.1250	0.4714	0.1941	0.0764
000138	S	0.736254	0.778396	0.220426	0.3578	0.4441	0.5270	0.0940	0.5106	0.1979	0.0783
000139	G	0.784171	0.792707	0.216856	0.4245	0.5533	0.5530	0.1040	0.5541	0.2002	0.0728
000140	P	0.823373	0.773465	0.213143	0.4116	0.5493	0.5630	0.1200	0.5556	0.2071	0.0726
000141	S	0.769889	0.732856	0.210039	0.3992	0.3740	0.6080	0.1510	0.5157	0.2030	0.0783
000142	G	0.740505	0.653639	0.209418	0.3311	0.3117	0.5970	0.1650	0.4740	0.1980	0.0737
000143	T	0.657629	0.654024	0.210424	0.1921	0.3149	0.5050	0.1120	0.4223	0.1938	0.0732
000144	S	0.547737	0.570261	0.212169	0.1732	0.2503	0.3810	0.0930	0.3557	0.1574	0.0730
000145	T	0.438106	0.510470	0.213223	0.1667	0.1048	0.3180	0.0800	0.2919	0.1453	0.0753
000146	K	0.328699	0.427994	0.213814	0.0965	0.0888	0.2570	0.0840	0.2355	0.1208	0.0650
000147	L	0.219717	0.342483	0.212467	0.0478	0.0851	0.2100	0.0850	0.1863	0.0968	0.0576
000148	T	0.111756	0.274778	0.209454	0.0771	0.1206	0.1780	0.0790	0.1620	0.0667	0.0502
000149	V	0.007232	0.213562	0.204476	0.0587	0.1229	0.1340	0.0460	0.1235	0.0736	0.0448
000150	Q	0.004039	0.155862	0.200105	0.0607	0.0719	0.0990	0.0200	0.0986	0.0641	0.0372
000151	V	0.003797	0.135709	0.195845	0.0502	0.0662	0.0820	0.0130	0.0890	0.0618	0.0307
000152	C	0.003665	0.127830	0.191112	0.0286	0.0443	0.0760	0.0140	0.0785	0.0637	0.0236
000153	L	0.003542	0.110557	0.185801	0.0304	0.0380	0.0770	0.0240	0.0742	0.0606	0.0265
000154	R	0.003071	0.109043	0.180614	0.0194	0.0372	0.0660	0.0210	0.0692	0.0604	0.0271
000155	F	0.002667	0.119181	0.176712	0.0137	0.0275	0.0620	0.0240	0.0670	0.0623	0.0268
000156	C	0.002666	0.132998	0.174367	0.0128	0.0306	0.0580	0.0190	0.0685	0.0637	0.0250
000157	R	0.002684	0.149933	0.172831	0.0083	0.0263	0.0540	0.0250	0.0690	0.0676	0.0335
000158	M	0.002580	0.161065	0.172468	0.0157	0.0398	0.0490	0.0220	0.0734	0.0678	0.0427
000159	K	0.002483	0.184444	0.172799	0.0118	0.0231	0.0400	0.0130	0.0725	0.0760	0.0516
000160	G	0.002349	0.200701	0.173335	0.0182	0.0253	0.0400	0.0110	0.0766	0.0793	0.0638
000161	Y	0.002201	0.206090	0.173085	0.0097	0.0115	0.0430	0.0110	0.0743	0.0831	0.0809
000162	Q	0.001940	0.213979	0.171327	0.0118	0.0095	0.0420	0.0100	0.0750	0.0850	0.0887
000163	L	0.005210	0.218763	0.169580	0.0083	0.0097	0.0430	0.0100	0.0757	0.0859	0.1052
000164	A	0.005308	0.211061	0.167176	0.0070	0.0130	0.0430	0.0100	0.0744	0.0830	0.0873
000165	G	0.006375	0.205182	0.165175	0.0009	0.0127	0.0430	0.0100	0.0722	0.0818	0.0744
000166	V	0.009357	0.189347	0.163067	0.0024	0.0227	0.0420	0.0090	0.0715	0.0755	0.0651
000167	E	0.012140	0.171695	0.162950	0.0075	0.0555	0.0390	0.0090	0.0748	0.0674	0.0565
000168	A	0.044012	0.152365	0.164505	0.0078	0.0618	0.0370	0.0090	0.0779	0.0592	0.0396
000169	G	0.076762	0.155090	0.167436	0.0094	0.0483	0.0360	0.0090	0.0821	0.0595	0.0278
000170	Y	0.102447	0.155149	0.171412	0.0109	0.0433	0.0400	0.0110	0.0872	0.0604	0.0206
000171	A	0.123343	0.152891	0.176542	0.0075	0.0424	0.0430	0.0120	0.0909	0.0631	0.0143
000172	C	0.139452	0.153275	0.182167	0.0097	0.0734	0.0500	0.0180	0.1013	0.0612	0.0102
000173	F	0.167540	0.180797	0.186925	0.0094	0.0676	0.0650	0.0250	0.1128	0.0685	0.0100
000174	C	0.178443	0.215767	0.190585	0.0144	0.0662	0.0890	0.0280	0.1257	0.0735	0.0087
000175	G	0.187379	0.263839	0.194447	0.0194	0.0646	0.1170	0.0340	0.1411	0.0830	0.0117
000176	S	0.195852	0.317481	0.198786	0.0121	0.0765	0.1260	0.0330	0.1545	0.0978	0.0169
000177	E	0.172834	0.355338	0.203166	0.0144	0.0870	0.1470	0.0260	0.1632	0.1055	0.0246
000178	S	0.147945	0.379986	0.207302	0.0179	0.0799	0.1740	0.0300	0.1678	0.1134	0.0351
000179	D	0.135244	0.407127	0.211760	0.0182	0.1048	0.2100	0.0400	0.1812	0.1207	0.0504
000180	L	0.132939	0.419931	0.215762	0.0194	0.0443	0.2620	0.0530	0.1823	0.1366	0.0710
000181	A	0.131713	0.457534	0.218944	0.0387	0.0870	0.2590	0.0550	0.1988	0.1376	0.0759
000182	R	0.113545	0.460851	0.221448	0.0141	0.1070	0.2430	0.0600	0.1933	0.1419	0.0833
000183	G	0.111023	0.445071	0.223600	0.0621	0.1583	0.2200	0.0630	0.2034	0.1222	0.0907
000184	R	0.103972	0.428724	0.225683	0.1178	0.1275	0.1710	0.0470	0.1958	0.1118	0.0904
000185	L	0.098611	0.381291	0.227889	0.2333	0.1643	0.1520	0.0450	0.2096	0.0895	0.0808
000186	A	0.093366	0.332124	0.230518	0.0884	0.1643	0.1210	0.0340	0.1717	0.0865	0.0611
000187	P	0.090800	0.306454	0.231505	0.0514	0.1583	0.0870	0.0220	0.1542	0.0897	0.0454
000188	A	0.081713	0.273528	0.230564	0.0455	0.1643	0.0740	0.0170	0.1449	0.0849	0.0327
000189	T	0.063446	0.249241	0.228186	0.0395	0.1671	0.0640	0.0180	0.1352	0.0838	0.0241
000190	D	0.045180	0.251006	0.226470	0.0455	0.1643	0.0560	0.0210	0.1315	0.0865	0.0176
000191	C	0.034747	0.246414	0.225776	0.0660	0.1671	0.0490	0.0170	0.1316	0.0854	0.0126
000192	D	0.025908	0.252032	0.225776	0.0909	0.0948	0.0400	0.0100	0.1216	0.0869	0.0143
000193	Q	0.021831	0.212818	0.226605	0.0607	0.0967	0.0400	0.0090	0.1097	0.0812	0.0142
000194	I	0.017378	0.203194	0.227148	0.0259	0.0985	0.0400	0.0110	0.1020	0.0844	0.0140
000195	C	0.014622	0.195156	0.226650	0.0252	0.1092	0.0430	0.0140	0.1024	0.0829	0.0131
000196	F	0.010377	0.189447	0.224329	0.0395	0.1583	0.0480	0.0160	0.1116	0.0821	0.0171
000197	G	0.006674	0.214998	0.220683	0.0526	0.1823	0.0560	0.0170	0.1222	0.0861	0.0210
000198	H	0.007097	0.237962	0.215928	0.0414	0.1092	0.0930	0.0370	0.1175	0.0845	0.0253
000199	P	0.010101	0.254595	0.210755	0.0526	0.1275	0.0990	0.0420	0.1257	0.0849	0.0319
000200	G	0.012226	0.268163	0.205447	0.0350	0.0909	0.1000	0.0380	0.1186	0.0907	0.0400
000201	Q	0.016312	0.310019	0.200883	0.0304	0.0473	0.0890	0.0430	0.1157	0.1061	0.0523
000202	L	0.026597	0.345636	0.196564	0.0677	0.1251	0.1040	0.0430	0.1442	0.1041	0.0693
000203	C	0.078726	0.358688	0.192950	0.0387	0.0817	0.1120	0.0430	0.1437	0.1071	0.0745
000204	G	0.138246	0.361071	0.189224	0.0425	0.0749	0.0950	0.0260	0.1501	0.1053	0.1002
000205	G	0.175186	0.368173	0.186256	0.0455	0.0851	0.0920	0.0240	0.1587	0.1061	0.1321
000206	D	0.198125	0.341025	0.183358	0.1566	0.1791	0.0900	0.0260	0.1913	0.0755	0.1788
000207	G	0.220476	0.301349	0.182015	0.1766	0.2680	0.0890	0.0250	0.2063	0.0686	0.2077
000208	R	0.238039	0.280310	0.182310	0.1805	0.1554	0.0890	0.0220	0.1876	0.0605	0.2471
000209	L	0.236538	0.279978	0.183428	0.1998	0.1791	0.0820	0.0130	0.1934	0.0608	0.2769
000210	G	0.236206	0.270038	0.184041	0.0884	0.1554	0.0620	0.0150	0.1660	0.0742	0.2972
000211	V	0.228715	0.264562	0.182559	0.1041	0.1611	0.0590	0.0190	0.1667	0.0698	0.3219
000212	Y	0.183375	0.275062	0.179729	0.0991	0.0967	0.0620	0.0220	0.1493	0.0717	0.3299
000213	E	0.135784	0.276090	0.175988	0.1380	0.1449	0.0760	0.0250	0.1578	0.0607	0.3443
000214	V	0.110637	0.248330	0.172711	0.2080	0.2364	0.1120	0.0370	0.1814	0.0549	0.3600
000215	S	0.107073	0.246825	0.170552	0.2080	0.2680	0.1010	0.0210	0.1836	0.0640	0.3456
000216	V	0.104748	0.237525	0.169601	0.1805	0.2817	0.0940	0.0230	0.1780	0.0669	0.3326
000217	G	0.085383	0.230955	0.170047	0.1878	0.2680	0.0880	0.0270	0.1716	0.0678	0.3089
000218	S	0.090921	0.240978	0.171948	0.2080	0.2164	0.0960	0.0380	0.1708	0.0582	0.2900
000219	C	0.159093	0.271640	0.175180	0.2080	0.1528	0.1040	0.0440	0.1784	0.0520	0.2728
000220	Q	0.217750	0.286783	0.178253	0.2333	0.1424	0.0960	0.0340	0.1924	0.0622	0.2849
000221	G	0.210340	0.282859	0.181280	0.1958	0.1424	0.0960	0.0290	0.1848	0.0579	0.3011
000222	N	0.198939	0.276573	0.183219	0.1766	0.2129	0.0990	0.0390	0.1912	0.0526	0.3161
000223	W	0.187252	0.263945	0.185203	0.2531	0.3149	0.1120	0.0580	0.2195	0.0657	0.3439
000224	T	0.175976	0.243530	0.186075	0.2483	0.2034	0.1090	0.0560	0.1943	0.0469	0.3563
000225	A	0.155612	0.234441	0.186532	0.3263	0.2884	0.1020	0.0550	0.2156	0.0766	0.3755
000226	P	0.156553	0.231395	0.186863	0.2483	0.3053	0.0950	0.0490	0.2039	0.0676	0.4005
000227	Q	0.155216	0.229555	0.188122	0.3225	0.3774	0.0870	0.0350	0.2266	0.0984	0.4263
000228	G	0.085665	0.217740	0.191083	0.3456	0.2918	0.0860	0.0270	0.2031	0.0966	0.4098
000229	V	0.029299	0.231452	0.195264	0.3578	0.2988	0.0950	0.0300	0.2013	0.1124	0.3784
000230	I	0.071124	0.231494	0.200011	0.3992	0.4507	0.1030	0.0350	0.2426	0.1406	0.3565
000231	Y	0.091528	0.267411	0.204382	0.3762	0.4541	0.1250	0.0550	0.2532	0.1295	0.3571
000232	S	0.116936	0.318685	0.208072	0.4078	0.4507	0.1410	0.0620	0.2739	0.1277	0.3582
000233	P	0.110570	0.372945	0.210513	0.4282	0.4507	0.1550	0.0610	0.2880	0.1345	0.3602
000234	D	0.111940	0.405504	0.213206	0.4825	0.4186	0.1930	0.0530	0.3042	0.1371	0.3685
000235	F	0.110521	0.467596	0.218780	0.4879	0.4119	0.2040	0.0540	0.3167	0.1449	0.3743
000236	P	0.107120	0.510787	0.227999	0.4556	0.3599	0.1810	0.0490	0.3070	0.1464	0.3885
000237	D	0.107420	0.552202	0.240118	0.4379	0.3019	0.2100	0.0800	0.3083	0.1478	0.3990
000238	E	0.125292	0.549220	0.250911	0.3359	0.2224	0.1990	0.0820	0.2805	0.1355	0.4113
000239	Y	0.104521	0.537871	0.259138	0.3096	0.2224	0.1710	0.0590	0.2675	0.1371	0.4230
000240	G	0.099140	0.478462	0.266578	0.2865	0.3087	0.1190	0.0320	0.2597	0.1269	0.4301
000241	P	0.088366	0.441767	0.273668	0.3359	0.4149	0.1040	0.0370	0.2764	0.1386	0.4201
000242	D	0.139878	0.389120	0.282527	0.4458	0.5055	0.1060	0.0440	0.3114	0.1496	0.4134
000243	R	0.196438	0.355494	0.290829	0.4825	0.4831	0.1030	0.0500	0.3185	0.1400	0.4054
000244	N	0.251691	0.330442	0.301496	0.4703	0.4220	0.0940	0.0420	0.3117	0.1215	0.4033
000245	C	0.271458	0.337057	0.313837	0.4149	0.3426	0.0890	0.0360	0.2948	0.1015	0.4058
000246	S	0.269629	0.330376	0.326161	0.4749	0.4619	0.0840	0.0280	0.3245	0.1307	0.4159
000247	W	0.249642	0.332683	0.335392	0.3885	0.3631	0.1000	0.0410	0.2949	0.0970	0.4295
000248	A	0.229524	0.339190	0.340466	0.3885	0.3566	0.1150	0.0510	0.2949	0.0943	0.4284
000249	L	0.213240	0.345855	0.344390	0.2963	0.2470	0.1310	0.0570	0.2630	0.0761	0.4182
000250	G	0.198408	0.359856	0.348492	0.3885	0.3286	0.1190	0.0380	0.2904	0.0977	0.4084
000251	P	0.145645	0.372708	0.354156	0.3096	0.2645	0.1250	0.0330	0.2619	0.0961	0.4000
000252	P	0.089123	0.371753	0.361503	0.2700	0.1554	0.1320	0.0370	0.2300	0.1110	0.3909
000253	G	0.039251	0.370254	0.371168	0.1766	0.1611	0.1400	0.0400	0.2097	0.1219	0.3804
000254	A	0.063187	0.404613	0.383419	0.1205	0.1162	0.1450	0.0410	0.2055	0.1356	0.3688
000255	A	0.086820	0.412579	0.397516	0.1322	0.0967	0.1440	0.0410	0.2116	0.1382	0.3632
000256	L	0.108324	0.392017	0.413592	0.1205	0.1969	0.1450	0.0370	0.2293	0.1259	0.3591
000257	E	0.124777	0.379421	0.430765	0.1041	0.2292	0.1540	0.0360	0.2371	0.1258	0.3592
000258	L	0.140497	0.381367	0.448175	0.1698	0.3087	0.1630	0.0400	0.2686	0.1183	0.3573
000259	T	0.158112	0.381292	0.464867	0.2209	0.3529	0.1750	0.0490	0.2922	0.1142	0.3598
000260	F	0.173805	0.458782	0.481371	0.2786	0.4186	0.1960	0.0480	0.3346	0.1239	0.3622
000261	R	0.187456	0.552569	0.497924	0.2913	0.3529	0.2300	0.0430	0.3521	0.1336	0.3653
000262	L	0.195534	0.619115	0.515359	0.2531	0.3426	0.3560	0.0570	0.3803	0.1458	0.3651
000263	F	0.165880	0.653719	0.532586	0.1566	0.2470	0.3970	0.0660	0.3588	0.1867	0.3680
000264	E	0.156271	0.675082	0.550287	0.1667	0.2436	0.4060	0.0690	0.3662	0.1957	0.3731
000265	L	0.147857	0.696461	0.567145	0.1322	0.2884	0.5150	0.1000	0.3912	0.2146	0.3793
000266	A	0.146913	0.735620	0.581437	0.1456	0.2918	0.4900	0.1100	0.3986	0.2214	0.3877
000267	D	0.151372	0.737677	0.592055	0.2122	0.3321	0.4840	0.1040	0.4182	0.2072	0.3958
000268	P	0.152077	0.751342	0.599525	0.1732	0.3087	0.4370	0.1010	0.4036	0.2182	0.4032
000269	R	0.155032	0.755941	0.607435	0.2122	0.3774	0.4260	0.0940	0.4224	0.2094	0.4118
000270	D	0.165840	0.779017	0.616556	0.2080	0.3704	0.4070	0.0610	0.4245	0.2159	0.4170
000271	R	0.179040	0.788501	0.625837	0.2963	0.3948	0.4320	0.0620	0.4527	0.2024	0.4224
000272	L	0.186492	0.793827	0.634796	0.3146	0.3286	0.4670	0.0680	0.4542	0.2062	0.4228
000273	E	0.193902	0.802234	0.644134	0.3053	0.3910	0.4980	0.0710	0.4725	0.2046	0.4252
000274	L	0.199999	0.804827	0.655568	0.3184	0.4541	0.5360	0.0700	0.4948	0.2014	0.4270
000275	R	0.204803	0.817241	0.666624	0.2963	0.3356	0.5140	0.0810	0.4724	0.2159	0.4301
000276	D	0.206565	0.825211	0.675237	0.3491	0.4186	0.5800	0.0700	0.5091	0.2073	0.4306
000277	A	0.210529	0.820736	0.683231	0.2820	0.4441	0.5890	0.0610	0.5050	0.2155	0.4302
000278	A	0.211594	0.837580	0.693346	0.2865	0.3983	0.6160	0.0760	0.5072	0.2249	0.4307
000279	S	0.209558	0.850499	0.706847	0.2602	0.3631	0.5750	0.0620	0.4943	0.2351	0.4315
000280	G	0.211805	0.863202	0.720977	0.2483	0.4017	0.5660	0.0610	0.5020	0.2385	0.4323
000281	S	0.224946	0.869423	0.734822	0.2292	0.4149	0.5410	0.0610	0.5024	0.2414	0.4324
000282	L	0.264050	0.865262	0.748585	0.2748	0.4507	0.5460	0.0680	0.5249	0.2245	0.4296
000283	L	0.319995	0.867377	0.759815	0.3885	0.5176	0.5390	0.0770	0.5654	0.1930	0.4288
000284	R	0.360784	0.868538	0.767639	0.4116	0.4979	0.5410	0.0790	0.5746	0.1839	0.4288
000285	A	0.388104	0.860696	0.770182	0.4825	0.6183	0.5900	0.0970	0.6183	0.1602	0.4272
000286	F	0.409408	0.862664	0.769608	0.4918	0.5296	0.5530	0.1140	0.6027	0.1596	0.4227
000287	D	0.430470	0.865023	0.765380	0.5173	0.5055	0.5650	0.1160	0.6080	0.1544	0.4196
000288	G	0.440931	0.860534	0.760571	0.4600	0.4541	0.5920	0.1080	0.5948	0.1632	0.4175
000289	A	0.456580	0.859004	0.755479	0.4967	0.4831	0.6490	0.1140	0.6167	0.1511	0.4137
000290	R	0.466026	0.855221	0.750570	0.4149	0.4979	0.6340	0.1200	0.6031	0.1589	0.4089
000291	P	0.439834	0.849925	0.745284	0.4116	0.4652	0.6230	0.1110	0.5892	0.1647	0.4027
000292	P	0.383227	0.844112	0.740348	0.4149	0.4409	0.6180	0.1200	0.5736	0.1742	0.3993
000293	P	0.427842	0.836007	0.735712	0.4651	0.4369	0.5800	0.1070	0.5803	0.1563	0.3988
000294	S	0.400583	0.830764	0.730291	0.5126	0.4369	0.5570	0.1080	0.5781	0.1545	0.3988
000295	G	0.377501	0.821127	0.722380	0.4458	0.3704	0.5020	0.1000	0.5399	0.1721	0.3964
000296	P	0.366970	0.806196	0.711797	0.4037	0.4087	0.4120	0.0860	0.5183	0.1730	0.3933
000297	L	0.359235	0.784964	0.698972	0.4149	0.4017	0.4060	0.0860	0.5109	0.1662	0.3931
000298	R	0.328366	0.764378	0.685113	0.4149	0.3840	0.3840	0.0990	0.4935	0.1671	0.3920
000299	L	0.297220	0.730001	0.670474	0.3263	0.3807	0.3740	0.1040	0.4631	0.1709	0.3904
000300	G	0.272020	0.693855	0.655108	0.3578	0.4256	0.3380	0.0850	0.4570	0.1605	0.3924
000301	T	0.255945	0.665716	0.639432	0.3630	0.4017	0.3100	0.0730	0.4392	0.1576	0.3964
000302	A	0.154425	0.636930	0.625004	0.3359	0.3667	0.3170	0.0940	0.4060	0.1727	0.4038
000303	A	0.136502	0.649838	0.611723	0.2700	0.3392	0.3140	0.0990	0.3868	0.1842	0.4130
000304	L	0.121358	0.635177	0.600006	0.2292	0.3087	0.3070	0.0990	0.3670	0.1882	0.4235
000305	L	0.091591	0.639891	0.589282	0.2292	0.2849	0.3160	0.1060	0.3585	0.1948	0.4343
000306	L	0.066201	0.641973	0.579166	0.2292	0.3019	0.3110	0.0940	0.3549	0.1986	0.4464
000307	T	0.052494	0.642501	0.570795	0.1698	0.2752	0.3040	0.0840	0.3358	0.2089	0.4572
000308	F	0.039063	0.646312	0.563111	0.2657	0.2470	0.3560	0.0920	0.3529	0.2031	0.4662
000309	R	0.029739	0.655604	0.556208	0.2558	0.2258	0.3540	0.0920	0.3462	0.2092	0.4736
000310	S	0.028870	0.653220	0.549551	0.2657	0.2258	0.3560	0.0880	0.3466	0.2071	0.4818
000311	D	0.030058	0.657006	0.544529	0.2432	0.2328	0.3640	0.0920	0.3453	0.2080	0.4898
000312	A	0.032994	0.655511	0.541293	0.1732	0.1476	0.4070	0.0950	0.3262	0.2245	0.4960
000313	R	0.035425	0.663748	0.539310	0.2080	0.1702	0.4620	0.0800	0.3465	0.2229	0.4985
000314	G	0.047308	0.667010	0.538678	0.1667	0.1969	0.5210	0.1040	0.3562	0.2286	0.5001
000315	H	0.061583	0.666560	0.539345	0.2292	0.1942	0.5130	0.1060	0.3672	0.2171	0.5034
000316	A	0.072128	0.670925	0.540714	0.3053	0.2783	0.4960	0.0980	0.3939	0.1973	0.5075
000317	Q	0.086659	0.670944	0.543176	0.3184	0.3631	0.4910	0.1000	0.4123	0.1860	0.5166
000318	G	0.100639	0.671465	0.547061	0.3359	0.3249	0.4910	0.0930	0.4118	0.1835	0.5280
000319	F	0.113893	0.673061	0.551362	0.4333	0.4017	0.4910	0.0900	0.4440	0.1718	0.5411
000320	A	0.166673	0.674016	0.556893	0.4037	0.4186	0.4310	0.1060	0.4419	0.1554	0.5523
000321	L	0.217542	0.668290	0.563380	0.3762	0.4369	0.4560	0.1080	0.4531	0.1415	0.5632
000322	T	0.283195	0.635716	0.570794	0.3847	0.4507	0.4550	0.1050	0.4634	0.1156	0.5682
000323	Y	0.359887	0.633088	0.577229	0.4282	0.4979	0.4990	0.0870	0.4993	0.0899	0.5734
000324	R	0.434059	0.606705	0.583409	0.4600	0.4725	0.5260	0.0830	0.5138	0.0640	0.5757
000325	G	0.513836	0.628672	0.590910	0.4781	0.5017	0.5670	0.1210	0.5467	0.0531	0.5784
000326	L	0.594055	0.667483	0.601375	0.4556	0.5139	0.6100	0.1230	0.5737	0.0693	0.5829
000327	Q	0.674596	0.689445	0.614501	0.5126	0.5493	0.5940	0.1210	0.6057	0.0630	0.5805
000328	D	0.753845	0.733461	0.630211	0.5173	0.5254	0.6430	0.1130	0.6339	0.0911	0.5752
000329	A	0.794326	0.757519	0.647256	0.5173	0.4940	0.6820	0.0950	0.6488	0.1121	0.5647
000330	A	0.838940	0.782235	0.665537	0.5846	0.6375	0.6940	0.0770	0.7004	0.0861	0.5518
000331	E	0.871445	0.802548	0.684470	0.5846	0.6906	0.7360	0.0520	0.7283	0.0913	0.5416
000332	D	0.889763	0.818248	0.703465	0.6715	0.8125	0.7580	0.0480	0.7756	0.0737	0.5303
000333	P	0.907747	0.833145	0.720991	0.6715	0.7718	0.7840	0.0520	0.7815	0.0758	0.5226
000334	E	0.926402	0.845169	0.737117	0.7688	0.8375	0.8100	0.0420	0.8209	0.0603	0.5128
000335	A	0.938733	0.858056	0.751672	0.7458	0.8713	0.8150	0.0490	0.8302	0.0680	0.5007
000336	P	0.950742	0.867601	0.765244	0.7232	0.7982	0.7870	0.0640	0.8153	0.0744	0.4891
000337	E	0.960683	0.875645	0.777818	0.8074	0.8828	0.7830	0.0730	0.8479	0.0652	0.4755
000338	G	0.967871	0.883117	0.788499	0.7458	0.8713	0.8040	0.0800	0.8435	0.0729	0.4656
000339	S	0.975159	0.887524	0.797333	0.7540	0.8313	0.8210	0.0870	0.8444	0.0708	0.4579
000340	A	0.972559	0.888498	0.803806	0.7772	0.8713	0.7910	0.1210	0.8507	0.0682	0.4527
000341	Q	0.974798	0.887752	0.807744	0.7817	0.8375	0.7580	0.1430	0.8413	0.0725	0.4483
000342	T	0.977568	0.881976	0.809116	0.7605	0.8198	0.7550	0.1490	0.8339	0.0769	0.4447
000343	P	0.976799	0.868195	0.807572	0.6984	0.7080	0.7550	0.1510	0.8023	0.0972	0.4422
000344	A	0.979493	0.858157	0.802486	0.6715	0.6661	0.7780	0.1550	0.7926	0.1082	0.4367
000345	A	0.982188	0.843745	0.793678	0.5900	0.6906	0.7660	0.1750	0.7777	0.1221	0.4333
000346	P	0.984749	0.828555	0.782384	0.6124	0.7209	0.7400	0.1860	0.7781	0.1136	0.4329
000347	L	0.987993	0.821522	0.771233	0.6035	0.7250	0.7440	0.1750	0.7755	0.1158	0.4302
000348	D	0.989008	0.790448	0.759402	0.5846	0.7080	0.7240	0.1600	0.7593	0.1212	0.4273
000349	G	0.995678	0.770773	0.747411	0.6079	0.6712	0.7200	0.1570	0.7522	0.1211	0.4226
000350	A	0.996311	0.766911	0.734084	0.6035	0.7163	0.6890	0.2020	0.7510	0.1208	0.4184
000351	N	0.996213	0.742030	0.718937	0.5846	0.7843	0.6280	0.2080	0.7423	0.1322	0.4154
000352	V	0.997732	0.724313	0.701801	0.5900	0.7331	0.6410	0.2000	0.7314	0.1291	0.4144
000353	S	0.997116	0.710217	0.684055	0.6124	0.6851	0.6120	0.1860	0.7168	0.1308	0.4139
000354	C	0.996560	0.722802	0.667381	0.5412	0.5342	0.6490	0.1430	0.6851	0.1547	0.4142
000355	S	0.995732	0.719040	0.651495	0.5253	0.5707	0.6270	0.1190	0.6816	0.1531	0.4174
000356	P	0.922924	0.710703	0.636243	0.4513	0.5707	0.5850	0.1140	0.6461	0.1462	0.4205
000357	R	0.865992	0.708351	0.622915	0.4245	0.5382	0.6250	0.0870	0.6308	0.1370	0.4228
000358	P	0.809566	0.700888	0.611382	0.4282	0.5533	0.6160	0.1070	0.6199	0.1182	0.4259
000359	G	0.753249	0.689158	0.600762	0.4078	0.4292	0.6530	0.1020	0.5889	0.1289	0.4288
000360	A	0.680432	0.676482	0.588745	0.3263	0.4220	0.6290	0.1170	0.5538	0.1336	0.4316
000361	P	0.662937	0.656510	0.574388	0.2432	0.4619	0.5530	0.1440	0.5253	0.1431	0.4337
000362	P	0.620879	0.631711	0.556941	0.2483	0.3872	0.4650	0.1560	0.4850	0.1361	0.4329
000363	A	0.563679	0.602432	0.537852	0.3053	0.4582	0.3980	0.1750	0.4775	0.1025	0.4331
000364	A	0.514821	0.565770	0.518189	0.2167	0.4330	0.3520	0.1680	0.4334	0.1190	0.4331
000365	I	0.492228	0.524259	0.499450	0.2913	0.4582	0.2870	0.1210	0.4254	0.0982	0.4307
000366	G	0.444156	0.488478	0.480906	0.2483	0.4541	0.2700	0.1020	0.3976	0.0994	0.4271
000367	A	0.392416	0.430067	0.462704	0.1532	0.3667	0.2450	0.0670	0.3416	0.1085	0.4228
000368	R	0.338475	0.411926	0.445143	0.1495	0.2988	0.2690	0.0780	0.3188	0.0971	0.4166
000369	V	0.300776	0.411602	0.429071	0.0813	0.2002	0.2600	0.0850	0.2805	0.1199	0.4088
000370	F	0.207610	0.381598	0.416038	0.0490	0.1399	0.2630	0.0850	0.2429	0.1285	0.3999
000371	S	0.139589	0.360620	0.405547	0.0376	0.1115	0.2870	0.0900	0.2237	0.1355	0.3945
000372	T	0.086645	0.358196	0.397458	0.0167	0.0605	0.2750	0.0790	0.1991	0.1503	0.3884
000373	V	0.025755	0.365503	0.390136	0.0078	0.0320	0.3160	0.1180	0.1895	0.1692	0.3815
000374	T	0.010314	0.354112	0.385568	0.0059	0.0389	0.3420	0.1590	0.1895	0.1720	0.3750
000375	A	0.004428	0.347325	0.386544	0.0034	0.0300	0.3330	0.1630	0.1842	0.1725	0.3691
000376	V	0.001681	0.335243	0.393348	0.0074	0.0327	0.3130	0.1570	0.1805	0.1686	0.3627
000377	S	0.002485	0.312717	0.404846	0.0034	0.0327	0.2960	0.1560	0.1754	0.1663	0.3572
000378	V	0.003232	0.320022	0.419167	0.0021	0.0463	0.2530	0.1260	0.1739	0.1646	0.3510
000379	L	0.006924	0.349708	0.437234	0.0022	0.0300	0.2380	0.1220	0.1773	0.1743	0.3455
000380	L	0.014380	0.370352	0.456950	0.0053	0.0433	0.2340	0.1230	0.1873	0.1789	0.3426
000381	L	0.016339	0.382821	0.477505	0.0059	0.0817	0.2330	0.1220	0.1995	0.1812	0.3410
000382	L	0.017551	0.432891	0.497337	0.0061	0.0835	0.2310	0.1150	0.2113	0.1946	0.3386
000383	L	0.018538	0.475978	0.515888	0.0059	0.0780	0.2390	0.1120	0.2223	0.2082	0.3409
000384	L	0.019207	0.496436	0.530653	0.0097	0.0662	0.2680	0.1190	0.2317	0.2170	0.3472
000385	G	0.020997	0.524037	0.542097	0.0094	0.0398	0.3040	0.1250	0.2401	0.2300	0.3612
000386	L	0.023123	0.502720	0.551726	0.0084	0.0306	0.3740	0.1560	0.2485	0.2339	0.3722
000387	L	0.043713	0.502238	0.561697	0.0082	0.0364	0.4540	0.1960	0.2678	0.2406	0.3839
000388	R	0.073369	0.489297	0.571214	0.0042	0.0454	0.5450	0.2330	0.2880	0.2490	0.3980
000389	P	0.133453	0.437557	0.580679	0.0062	0.0662	0.5840	0.2390	0.3014	0.2406	0.4129
000390	L	0.229788	0.399419	0.589491	0.0121	0.1007	0.6930	0.2190	0.3374	0.2474	0.4273
000391	R	0.333581	0.404001	0.599388	0.0231	0.1476	0.6050	0.1770	0.3522	0.2154	0.4265
000392	R	0.428648	0.394463	0.610877	0.0441	0.2364	0.4070	0.1730	0.3536	0.1760	0.4139
000393	R	0.532928	0.408522	0.625291	0.0789	0.3321	0.2520	0.1380	0.3717	0.1794	0.4030
000394	S	0.639459	0.437407	0.640237	0.1566	0.3740	0.2040	0.1120	0.4087	0.1890	0.3948
000395	C	0.738131	0.451161	0.655773	0.2700	0.3740	0.2250	0.1090	0.4523	0.1890	0.3896
000396	L	0.823383	0.509834	0.670681	0.2385	0.3740	0.2730	0.1160	0.4815	0.2112	0.3967
000397	L	0.899484	0.541264	0.685724	0.2558	0.4149	0.3480	0.1280	0.5243	0.2168	0.3988
000398	A	0.939816	0.580200	0.698742	0.3578	0.4831	0.4280	0.1450	0.5813	0.1938	0.3971
000399	P	0.949398	0.635282	0.710012	0.3225	0.4831	0.4990	0.1370	0.5999	0.1984	0.3963
000400	G	0.952327	0.683477	0.720630	0.3005	0.4541	0.6040	0.1250	0.6193	0.2059	0.3965
000401	K	0.964197	0.740348	0.730538	0.3992	0.5620	0.6370	0.1220	0.6722	0.1738	0.3974
000402	G	0.969080	0.766083	0.740339	0.3885	0.5620	0.6530	0.1160	0.6799	0.1799	0.3984
000403	P	0.971065	0.786490	0.749486	0.4078	0.5620	0.6420	0.1240	0.6864	0.1780	0.3999
000404	P	0.979343	0.801728	0.759227	0.4116	0.5577	0.6530	0.1310	0.6938	0.1813	0.4016
000405	A	0.983584	0.822519	0.767490	0.4149	0.4619	0.7110	0.1210	0.6935	0.1991	0.4031
000406	L	0.984914	0.832350	0.772389	0.4781	0.5211	0.7210	0.1370	0.7182	0.1749	0.4055
000407	G	0.987798	0.835241	0.774013	0.5008	0.5382	0.7020	0.1670	0.7231	0.1680	0.4049
000408	A	0.986852	0.834802	0.771926	0.5711	0.5176	0.6980	0.1710	0.7301	0.1582	0.4066
000409	S	0.987173	0.835822	0.766916	0.5583	0.4582	0.7230	0.1480	0.7215	0.1740	0.4112
000410	R	0.989992	0.830382	0.759241	0.4879	0.4441	0.7750	0.1320	0.7145	0.1913	0.4159
000411	G	0.990624	0.821454	0.752015	0.4078	0.4541	0.7620	0.1670	0.6980	0.2048	0.4210
000412	P	0.990555	0.816751	0.746185	0.4149	0.4831	0.7210	0.1960	0.6954	0.1953	0.4253
000413	R	0.990725	0.813306	0.742162	0.4379	0.4831	0.7230	0.1890	0.6984	0.1895	0.4288
000414	R	0.989914	0.796487	0.740170	0.4282	0.4541	0.7250	0.1850	0.6890	0.1955	0.4313
000415	S	0.989713	0.804698	0.741153	0.4078	0.3667	0.7310	0.1760	0.6735	0.2198	0.4332
000416	W	0.986838	0.810974	0.744384	0.4379	0.3704	0.7300	0.1570	0.6801	0.2131	0.4330
000417	A	0.972626	0.810309	0.747768	0.4749	0.3704	0.6520	0.1450	0.6714	0.2022	0.4326
000418	V	0.964057	0.823572	0.749289	0.4513	0.3948	0.5680	0.1340	0.6585	0.2039	0.4333
000419	W	0.946080	0.818582	0.747380	0.4245	0.3356	0.5770	0.1190	0.6416	0.2161	0.4345
000420	Y	0.859741	0.816336	0.742315	0.4458	0.3356	0.6090	0.0960	0.6348	0.1919	0.4351
000421	Q	0.789516	0.830783	0.736730	0.3847	0.3599	0.6080	0.0910	0.6183	0.1871	0.4354
000422	Q	0.710939	0.833324	0.731831	0.3806	0.3599	0.6300	0.1040	0.6078	0.1782	0.4357
000423	P	0.677825	0.837611	0.727954	0.3847	0.3494	0.6630	0.0890	0.6067	0.1787	0.4358
000424	R	0.640121	0.840406	0.724700	0.3847	0.3740	0.7100	0.0950	0.6124	0.1749	0.4361
000425	G	0.622460	0.832886	0.724316	0.3992	0.3807	0.7290	0.1070	0.6148	0.1703	0.4363
000426	V	0.639545	0.844459	0.725931	0.4149	0.3529	0.7330	0.1040	0.6185	0.1771	0.4363
000427	A	0.650133	0.856099	0.728480	0.5008	0.4582	0.6910	0.1040	0.6474	0.1350	0.4356
000428	L	0.667544	0.859343	0.730446	0.4967	0.4864	0.7190	0.0840	0.6599	0.1323	0.4348
000429	P	0.753609	0.856113	0.733893	0.5514	0.5493	0.6970	0.0870	0.6902	0.1100	0.4338
000430	C	0.821712	0.862428	0.738348	0.5992	0.6227	0.7600	0.0540	0.7340	0.0961	0.4335
000431	S	0.897808	0.869520	0.742989	0.6681	0.6991	0.7270	0.0460	0.7674	0.0858	0.4336
000432	P	0.930369	0.876266	0.746657	0.6174	0.6851	0.7350	0.0620	0.7651	0.1073	0.4330
000433	G	0.966575	0.883278	0.749252	0.5583	0.5419	0.7970	0.0690	0.7494	0.1565	0.4329
000434	D	0.986121	0.888166	0.750706	0.5473	0.5139	0.8200	0.0730	0.7511	0.1716	0.4328
000435	P	0.986710	0.891369	0.751480	0.4749	0.5419	0.8000	0.0820	0.7411	0.1812	0.4324
000436	Q	0.986578	0.896649	0.752267	0.4825	0.4541	0.8190	0.0720	0.7319	0.1998	0.4321
000437	A	0.987325	0.900844	0.753393	0.5583	0.5098	0.8130	0.0710	0.7538	0.1720	0.4322
000438	E	0.987974	0.901513	0.754358	0.5229	0.5017	0.8280	0.0860	0.7494	0.1821	0.4324
000439	G	0.990649	0.901280	0.756353	0.5667	0.5807	0.8220	0.1020	0.7696	0.1560	0.4332
000440	S	0.993375	0.901364	0.759377	0.5126	0.5382	0.7920	0.1390	0.7495	0.1757	0.4328
000441	A	0.994760	0.899426	0.762923	0.5667	0.6712	0.7790	0.1440	0.7789	0.1402	0.4312
000442	A	0.996276	0.901199	0.765497	0.5667	0.6661	0.7790	0.1430	0.7792	0.1415	0.4306
000443	G	0.997215	0.896865	0.767205	0.5623	0.6227	0.7930	0.1320	0.7731	0.1489	0.4308
000444	Y	0.997219	0.897210	0.768234	0.5583	0.5254	0.8420	0.0990	0.7648	0.1720	0.4316
000445	R	0.992287	0.901867	0.768900	0.5412	0.5055	0.8250	0.1130	0.7558	0.1784	0.4320
000446	P	0.988308	0.900416	0.769262	0.4703	0.4766	0.8100	0.0950	0.7358	0.1980	0.4322
000447	L	0.984155	0.924127	0.770079	0.4651	0.3840	0.8240	0.0780	0.7252	0.2245	0.4329
000448	S	0.977384	0.931630	0.771370	0.4918	0.3215	0.7720	0.1270	0.7109	0.2334	0.4337
000449	A	0.966051	0.940907	0.773252	0.4282	0.3053	0.7650	0.1470	0.6964	0.2476	0.4335
000450	S	0.930814	0.948081	0.776191	0.3630	0.2715	0.7580	0.1660	0.6746	0.2637	0.4327
000451	S	0.905917	0.952988	0.780228	0.3630	0.1969	0.7420	0.1640	0.6569	0.2799	0.4324
000452	Q	0.870885	0.956426	0.784133	0.3578	0.2193	0.7450	0.1620	0.6557	0.2710	0.4333
000453	S	0.815114	0.956571	0.787521	0.3225	0.2224	0.9540	0.0440	0.6763	0.2939	0.4328
000454	S	0.765336	0.956305	0.790467	0.3630	0.1942	0.9600	0.0360	0.6715	0.2916	0.4309
000455	L	0.707436	0.957858	0.792802	0.4781	0.2645	0.9770	0.0130	0.6964	0.2553	0.4285
000456	R	0.645126	0.958212	0.793092	0.5084	0.2328	0.9760	0.0110	0.6856	0.2608	0.4269
000457	S	0.594495	0.961474	0.791062	0.5229	0.1702	0.9590	0.0260	0.6666	0.2770	0.4252
000458	L	0.531768	0.962619	0.788038	0.6255	0.2292	0.9560	0.0310	0.6822	0.2568	0.4232
000459	I	0.442215	0.964455	0.785460	0.6650	0.2002	0.9730	0.0300	0.6717	0.2782	0.4204
000460	S	0.400602	0.965845	0.783578	0.7317	0.2034	0.9750	0.0290	0.6766	0.2849	0.4159
000461	A	0.481513	0.968692	0.782341	0.7688	0.1702	0.9790	0.0140	0.6917	0.2856	0.4076
000462	L	0.332053	0.970631	0.781920	0.8158	0.1373	0.9880	0.0090	0.6710	0.3223	0.3945