RESNUM	RES	VL-XT	VSL2B	VL3	IUPred-S	IUPred-L	PONDRFIT	FITERROR	MDP	MDPERROR	ANCHOR2
000001	M	0.836212	0.876753	0.362540	0.8283	0.3053	0.9570	0.0310	0.6944	0.2588	0.0135
000002	K	0.865246	0.826032	0.358276	0.8001	0.1942	0.9130	0.0550	0.6595	0.2773	0.0139
000003	A	0.681942	0.878229	0.349907	0.7724	0.1115	0.8970	0.0480	0.6151	0.2892	0.0145
000004	I	0.656708	0.840658	0.341441	0.6516	0.0690	0.8790	0.0440	0.5731	0.2847	0.0151
000005	K	0.725004	0.803391	0.333383	0.5229	0.0405	0.8560	0.0810	0.5468	0.2873	0.0156
000006	K	0.685322	0.739865	0.326140	0.3847	0.0592	0.8900	0.0720	0.5142	0.2830	0.0163
000007	S	0.609256	0.668413	0.320745	0.2432	0.0313	0.8540	0.0730	0.4545	0.2801	0.0179
000008	L	0.551711	0.586255	0.316893	0.2080	0.0398	0.8690	0.0510	0.4286	0.2727	0.0196
000009	T	0.486030	0.482517	0.314081	0.0909	0.0483	0.8550	0.0340	0.3794	0.2723	0.0218
000010	E	0.411921	0.444655	0.311342	0.0660	0.0618	0.7890	0.0900	0.3474	0.2484	0.0243
000011	E	0.321897	0.420032	0.308346	0.0414	0.0780	0.7250	0.0930	0.3157	0.2272	0.0255
000012	E	0.231646	0.381588	0.305479	0.0514	0.1007	0.5010	0.0990	0.2619	0.1552	0.0256
000013	Y	0.167936	0.335521	0.303452	0.0542	0.1048	0.4140	0.0670	0.2300	0.1296	0.0255
000014	L	0.114835	0.321790	0.302204	0.0723	0.0631	0.3210	0.0620	0.1992	0.1170	0.0252
000015	Y	0.063551	0.298061	0.301078	0.1117	0.0631	0.2710	0.0690	0.1847	0.1069	0.0225
000016	L	0.044765	0.262517	0.297920	0.0502	0.0320	0.2130	0.0610	0.1501	0.1107	0.0199
000017	D	0.027260	0.233180	0.292572	0.0297	0.0398	0.1650	0.0560	0.1312	0.1057	0.0171
000018	F	0.020291	0.216686	0.283704	0.0118	0.0240	0.1350	0.0590	0.1153	0.1058	0.0146
000019	S	0.010980	0.197499	0.273964	0.0279	0.0405	0.0910	0.0400	0.1070	0.0968	0.0126
000020	H	0.009721	0.173177	0.264812	0.0128	0.0405	0.0730	0.0350	0.0957	0.0935	0.0108
000021	Q	0.008398	0.184127	0.258858	0.0090	0.0364	0.0650	0.0330	0.0936	0.0949	0.0093
000022	T	0.007138	0.206992	0.255525	0.0081	0.0218	0.0620	0.0360	0.0936	0.1000	0.0086
000023	E	0.005493	0.232901	0.253525	0.0070	0.0205	0.0650	0.0440	0.0975	0.1051	0.0080
000024	G	0.003603	0.238359	0.252028	0.0075	0.0205	0.0680	0.0460	0.0983	0.1060	0.0075
000025	C	0.002505	0.237698	0.250906	0.0124	0.0181	0.0710	0.0450	0.0988	0.1052	0.0069
000026	I	0.001831	0.210771	0.250320	0.0116	0.0181	0.0810	0.0510	0.0956	0.0994	0.0078
000027	F	0.001535	0.171440	0.250032	0.0097	0.0184	0.0810	0.0480	0.0886	0.0928	0.0089
000028	P	0.001559	0.133255	0.249966	0.0052	0.0171	0.0690	0.0350	0.0794	0.0890	0.0104
000029	L	0.001270	0.102277	0.249993	0.0055	0.0202	0.0640	0.0300	0.0739	0.0864	0.0119
000030	H	0.000975	0.083847	0.249896	0.0055	0.0109	0.0620	0.0280	0.0688	0.0866	0.0139
000031	T	0.000673	0.076700	0.249659	0.0031	0.0119	0.0610	0.0280	0.0672	0.0866	0.0156
000032	S	0.000372	0.073920	0.249801	0.0008	0.0074	0.0640	0.0300	0.0660	0.0874	0.0170
000033	V	0.000314	0.075506	0.250317	0.0008	0.0072	0.0660	0.0300	0.0667	0.0876	0.0176
000034	T	0.000126	0.073424	0.251497	0.0004	0.0052	0.0690	0.0300	0.0666	0.0883	0.0182
000035	L	0.000078	0.069959	0.253355	0.0004	0.0038	0.0740	0.0280	0.0669	0.0892	0.0190
000036	F	0.000057	0.062888	0.256271	0.0005	0.0052	0.0750	0.0240	0.0666	0.0900	0.0205
000037	L	0.000009	0.054509	0.259932	0.0005	0.0052	0.0720	0.0220	0.0654	0.0914	0.0195
000038	L	0.000001	0.041613	0.263438	0.0008	0.0051	0.0670	0.0160	0.0629	0.0929	0.0185
000039	S	0.000001	0.038520	0.266733	0.0004	0.0037	0.0630	0.0150	0.0620	0.0944	0.0153
000040	Y	0.000001	0.033104	0.270122	0.0004	0.0039	0.0630	0.0170	0.0617	0.0959	0.0127
000041	C	0.000001	0.029338	0.274222	0.0002	0.0033	0.0600	0.0180	0.0612	0.0977	0.0099
000042	D	0.000001	0.030086	0.278327	0.0002	0.0033	0.0610	0.0170	0.0622	0.0991	0.0085
000043	C	0.000002	0.028445	0.281891	0.0001	0.0033	0.0640	0.0170	0.0630	0.1005	0.0069
000044	K	0.000008	0.031865	0.284655	0.0002	0.0042	0.0660	0.0200	0.0645	0.1012	0.0063
000045	I	0.000025	0.031517	0.287530	0.0002	0.0034	0.0720	0.0210	0.0657	0.1024	0.0060
000046	F	0.000042	0.033401	0.290786	0.0003	0.0042	0.0770	0.0280	0.0676	0.1034	0.0057
000047	K	0.000485	0.036941	0.294529	0.0003	0.0059	0.0820	0.0390	0.0700	0.1044	0.0052
000048	I	0.001612	0.037925	0.298098	0.0006	0.0079	0.0860	0.0410	0.0721	0.1054	0.0049
000049	C	0.002013	0.048131	0.301025	0.0008	0.0104	0.0920	0.0400	0.0757	0.1057	0.0048
000050	L	0.015443	0.054932	0.303633	0.0009	0.0104	0.0990	0.0370	0.0806	0.1051	0.0060
000051	V	0.028688	0.081797	0.306472	0.0028	0.0102	0.1090	0.0400	0.0899	0.1041	0.0075
000052	V	0.056394	0.149744	0.310185	0.0082	0.0120	0.1310	0.0510	0.1112	0.1040	0.0098
000053	T	0.109374	0.211633	0.315614	0.0040	0.0113	0.1670	0.0560	0.1364	0.1100	0.0124
000054	K	0.122820	0.279148	0.321734	0.0061	0.0227	0.2240	0.0680	0.1627	0.1213	0.0158
000055	E	0.141451	0.376626	0.329455	0.0061	0.0244	0.2800	0.1070	0.1930	0.1449	0.0198
000056	V	0.167140	0.462947	0.336866	0.0118	0.0248	0.3450	0.1290	0.2247	0.1695	0.0242
000057	S	0.194658	0.515336	0.344570	0.0304	0.0294	0.3500	0.1190	0.2440	0.1775	0.0299
000058	R	0.254418	0.557477	0.351561	0.0160	0.0300	0.3680	0.1220	0.2629	0.1919	0.0369
000059	D	0.298414	0.588128	0.360436	0.0179	0.0568	0.3590	0.1130	0.2801	0.1943	0.0433
000060	S	0.344143	0.574993	0.370133	0.0441	0.0780	0.3340	0.0990	0.2908	0.1816	0.0488
000061	S	0.346224	0.535283	0.382266	0.0965	0.1424	0.2420	0.0670	0.2908	0.1491	0.0479
000062	L	0.303277	0.515001	0.394871	0.0991	0.1251	0.1750	0.0560	0.2688	0.1505	0.0474
000063	L	0.304112	0.485080	0.408873	0.1635	0.1823	0.1210	0.0500	0.2774	0.1340	0.0453
000064	R	0.297457	0.449317	0.420828	0.1088	0.1115	0.0960	0.0410	0.2474	0.1494	0.0413
000065	D	0.283806	0.414894	0.430156	0.1150	0.0690	0.0990	0.0440	0.2353	0.1491	0.0375
000066	D	0.293743	0.366617	0.436410	0.0643	0.0618	0.1120	0.0530	0.2225	0.1498	0.0320
000067	L	0.259485	0.321845	0.440706	0.0677	0.0929	0.1310	0.0610	0.2189	0.1342	0.0268
000068	I	0.232258	0.301165	0.443165	0.0701	0.0967	0.1500	0.0690	0.2155	0.1285	0.0227
000069	Q	0.221440	0.297213	0.444695	0.0677	0.1070	0.1640	0.0880	0.2170	0.1262	0.0194
000070	D	0.240444	0.261586	0.445174	0.0643	0.0592	0.1820	0.1030	0.2088	0.1314	0.0175
000071	V	0.295758	0.294635	0.444536	0.0677	0.0719	0.1740	0.0940	0.2248	0.1347	0.0157
000072	E	0.354920	0.303255	0.442656	0.0376	0.0888	0.1730	0.0870	0.2333	0.1451	0.0147
000073	I	0.420632	0.281155	0.440932	0.0884	0.0888	0.1820	0.0960	0.2503	0.1433	0.0138
000074	Q	0.475861	0.274241	0.439105	0.1844	0.1007	0.1880	0.1070	0.2771	0.1375	0.0139
000075	I	0.491620	0.258511	0.436633	0.1205	0.1028	0.2050	0.1160	0.2693	0.1480	0.0149
000076	I	0.508470	0.267896	0.432641	0.0677	0.1028	0.2020	0.1070	0.2636	0.1616	0.0159
000077	S	0.518774	0.299891	0.428081	0.0621	0.0506	0.1910	0.1090	0.2585	0.1754	0.0178
000078	R	0.518440	0.315484	0.423447	0.1150	0.0454	0.1900	0.1030	0.2680	0.1674	0.0201
000079	Q	0.475527	0.313668	0.419453	0.1205	0.0463	0.2040	0.0960	0.2632	0.1544	0.0222
000080	E	0.417525	0.309136	0.416075	0.0771	0.0543	0.1950	0.0720	0.2449	0.1473	0.0253
000081	L	0.386528	0.295573	0.412141	0.0350	0.0424	0.1900	0.0640	0.2269	0.1510	0.0288
000082	P	0.364564	0.271445	0.406515	0.0723	0.0424	0.1620	0.0520	0.2198	0.1385	0.0341
000083	P	0.366706	0.236340	0.399054	0.0526	0.0258	0.1410	0.0420	0.2036	0.1439	0.0387
000084	I	0.372359	0.218038	0.389991	0.0567	0.0494	0.1340	0.0360	0.2034	0.1376	0.0430
000085	V	0.401165	0.196357	0.380244	0.0350	0.0473	0.1170	0.0280	0.1962	0.1474	0.0458
000086	Q	0.405563	0.178913	0.368667	0.0607	0.0799	0.1100	0.0300	0.2007	0.1372	0.0476
000087	N	0.359683	0.137436	0.356882	0.0991	0.1399	0.1000	0.0380	0.1988	0.1139	0.0511
000088	C	0.359519	0.120752	0.344775	0.0991	0.1528	0.0850	0.0350	0.1937	0.1140	0.0548
000089	C	0.355976	0.104946	0.333346	0.1205	0.0851	0.0750	0.0310	0.1792	0.1180	0.0594
000090	L	0.316159	0.112796	0.320484	0.1178	0.0424	0.0700	0.0280	0.1633	0.1126	0.0675
000091	P	0.262988	0.124992	0.307146	0.0607	0.0380	0.0640	0.0250	0.1430	0.1046	0.0678
000092	A	0.196378	0.125731	0.292317	0.0542	0.0555	0.0730	0.0280	0.1328	0.0869	0.0647
000093	V	0.138809	0.145567	0.277261	0.0414	0.0463	0.0930	0.0380	0.1238	0.0796	0.0606
000094	V	0.069175	0.172834	0.260400	0.0252	0.0240	0.1040	0.0400	0.1092	0.0845	0.0574
000095	E	0.027669	0.197952	0.244820	0.0455	0.0349	0.1010	0.0360	0.1086	0.0842	0.0550
000096	R	0.036710	0.224088	0.230949	0.0414	0.0356	0.0950	0.0320	0.1107	0.0851	0.0534
000097	S	0.041806	0.244453	0.220146	0.0327	0.0240	0.0850	0.0280	0.1081	0.0902	0.0522
000098	D	0.045459	0.233641	0.211202	0.0194	0.0148	0.0840	0.0300	0.1015	0.0887	0.0493
000099	N	0.048929	0.214282	0.204099	0.0200	0.0253	0.0760	0.0300	0.0981	0.0807	0.0450
000100	F	0.053576	0.184515	0.197946	0.0179	0.0494	0.0610	0.0250	0.0941	0.0701	0.0411
000101	C	0.059646	0.151453	0.192029	0.0387	0.0494	0.0480	0.0210	0.0898	0.0594	0.0358
000102	R	0.058966	0.128286	0.186540	0.0279	0.0244	0.0400	0.0170	0.0776	0.0599	0.0372
000103	A	0.057300	0.110872	0.181808	0.0194	0.0300	0.0330	0.0130	0.0720	0.0575	0.0398
000104	G	0.056583	0.096314	0.178158	0.0167	0.0443	0.0300	0.0110	0.0703	0.0543	0.0419
000105	L	0.046137	0.079615	0.175860	0.0308	0.0676	0.0280	0.0100	0.0714	0.0502	0.0441
000106	A	0.038063	0.069432	0.174611	0.0286	0.0372	0.0270	0.0090	0.0626	0.0520	0.0460
000107	V	0.045372	0.064046	0.173586	0.0304	0.0405	0.0260	0.0070	0.0633	0.0508	0.0474
000108	V	0.066077	0.065283	0.172350	0.0150	0.0349	0.0270	0.0070	0.0634	0.0523	0.0488
000109	L	0.065382	0.070447	0.171232	0.0131	0.0349	0.0330	0.0100	0.0647	0.0515	0.0507
000110	R	0.058323	0.081473	0.170158	0.0097	0.0389	0.0420	0.0150	0.0667	0.0511	0.0536
000111	H	0.065239	0.099556	0.168722	0.0200	0.0473	0.0540	0.0170	0.0758	0.0478	0.0570
000112	I	0.073640	0.127659	0.167183	0.0526	0.0929	0.0820	0.0270	0.0993	0.0378	0.0606
000113	I	0.076266	0.166288	0.166240	0.0297	0.0929	0.0970	0.0280	0.1047	0.0487	0.0588
000114	Q	0.092345	0.225878	0.166444	0.0363	0.1162	0.1110	0.0300	0.1246	0.0593	0.0567
000115	K	0.104461	0.291800	0.167718	0.0350	0.0734	0.1840	0.0460	0.1427	0.0841	0.0571
000116	S	0.104542	0.377166	0.170300	0.0643	0.0765	0.2600	0.0490	0.1754	0.1118	0.0583
000117	Y	0.079561	0.418981	0.174112	0.0464	0.0967	0.2950	0.0760	0.1852	0.1324	0.0609
000118	E	0.074560	0.451750	0.178688	0.0414	0.0909	0.3100	0.0810	0.1912	0.1462	0.0632
000119	A	0.073198	0.507497	0.183761	0.0677	0.0851	0.3280	0.0870	0.2075	0.1621	0.0674
000120	D	0.065788	0.525469	0.188776	0.0677	0.1373	0.3370	0.0960	0.2204	0.1642	0.0736
000121	P	0.058316	0.503929	0.193332	0.0387	0.0780	0.3170	0.0800	0.1983	0.1669	0.0796
000122	L	0.053533	0.530966	0.197556	0.0405	0.0780	0.2900	0.0710	0.1984	0.1729	0.0881
000123	K	0.037204	0.524666	0.201528	0.0363	0.1251	0.2400	0.0700	0.1941	0.1662	0.0982
000124	K	0.022663	0.457692	0.205911	0.0621	0.2002	0.1830	0.0560	0.1885	0.1393	0.1100
000125	E	0.008131	0.394883	0.210709	0.0587	0.1162	0.1260	0.0290	0.1524	0.1250	0.1253
000126	L	0.006508	0.357221	0.216077	0.0587	0.0765	0.0930	0.0260	0.1347	0.1179	0.1328
000127	L	0.005179	0.294618	0.221484	0.0297	0.0765	0.0720	0.0260	0.1166	0.1051	0.1391
000128	E	0.004344	0.250076	0.226676	0.0286	0.1092	0.0600	0.0270	0.1131	0.0944	0.1404
000129	L	0.003153	0.228992	0.231264	0.0268	0.0543	0.0580	0.0290	0.1004	0.0935	0.1443
000130	L	0.002001	0.199676	0.235237	0.0274	0.0555	0.0570	0.0310	0.0962	0.0883	0.1366
000131	G	0.001667	0.171805	0.238473	0.0121	0.0555	0.0510	0.0260	0.0885	0.0869	0.1248
000132	F	0.001392	0.173515	0.241717	0.0078	0.0313	0.0460	0.0190	0.0836	0.0910	0.1151
000133	K	0.001099	0.179834	0.244874	0.0160	0.0518	0.0370	0.0120	0.0885	0.0910	0.1007
000134	K	0.001043	0.161630	0.248105	0.0090	0.0543	0.0360	0.0130	0.0850	0.0900	0.0895
000135	T	0.001113	0.156898	0.250818	0.0094	0.0320	0.0390	0.0180	0.0816	0.0915	0.0795
000136	C	0.001077	0.170086	0.253582	0.0090	0.0313	0.0430	0.0210	0.0847	0.0941	0.0707
000137	L	0.001166	0.156745	0.257312	0.0099	0.0506	0.0480	0.0220	0.0873	0.0913	0.0703
000138	K	0.001189	0.155182	0.262540	0.0200	0.0518	0.0510	0.0210	0.0902	0.0911	0.0685
000139	A	0.002116	0.173601	0.269481	0.0179	0.0287	0.0520	0.0210	0.0907	0.0977	0.0706
000140	C	0.002167	0.179615	0.276720	0.0194	0.0483	0.0550	0.0210	0.0969	0.0985	0.0704
000141	A	0.002433	0.165663	0.284199	0.0173	0.0494	0.0550	0.0200	0.0957	0.0992	0.0774
000142	E	0.002587	0.171672	0.291702	0.0194	0.0518	0.0560	0.0200	0.0989	0.1018	0.0877
000143	V	0.002888	0.183722	0.299800	0.0231	0.0592	0.0630	0.0250	0.1054	0.1042	0.0999
000144	S	0.003188	0.177350	0.308757	0.0245	0.0749	0.0650	0.0260	0.1090	0.1049	0.1169
000145	Q	0.020109	0.176626	0.317570	0.0128	0.0494	0.0750	0.0310	0.1086	0.1079	0.1360
000146	W	0.036679	0.159733	0.326048	0.0167	0.0424	0.1090	0.0500	0.1151	0.1062	0.1628
000147	T	0.054889	0.143415	0.332389	0.0194	0.0518	0.1340	0.0700	0.1226	0.1039	0.1884
000148	R	0.066036	0.161984	0.338029	0.0316	0.0851	0.1640	0.0910	0.1412	0.1004	0.2079
000149	L	0.066809	0.143784	0.343337	0.0200	0.0948	0.1770	0.1010	0.1410	0.1037	0.2312
000150	C	0.081132	0.158647	0.349655	0.0286	0.0631	0.1660	0.0900	0.1412	0.1055	0.2487
000151	E	0.095562	0.171399	0.358398	0.0554	0.0799	0.1710	0.0890	0.1553	0.1008	0.2807
000152	L	0.111644	0.172277	0.369471	0.0425	0.0929	0.1900	0.0940	0.1631	0.1045	0.3136
000153	T	0.164697	0.179533	0.382224	0.0259	0.0929	0.1930	0.0950	0.1730	0.1098	0.3402
000154	I	0.202434	0.179280	0.394031	0.0387	0.1323	0.2170	0.0940	0.1940	0.1071	0.3622
000155	P	0.263574	0.192792	0.405730	0.0414	0.1323	0.2120	0.0780	0.2080	0.1125	0.3819
000156	L	0.330948	0.211443	0.417018	0.0441	0.1399	0.2460	0.0910	0.2315	0.1214	0.3989
000157	A	0.410093	0.223087	0.429379	0.0744	0.2164	0.2400	0.0890	0.2656	0.1219	0.4033
000158	I	0.485175	0.264179	0.442463	0.0832	0.2399	0.2290	0.0730	0.2906	0.1360	0.4023
000159	E	0.556058	0.273876	0.457393	0.0935	0.2715	0.2080	0.0670	0.3101	0.1540	0.4003
000160	N	0.624770	0.318663	0.472179	0.1766	0.3460	0.2190	0.0820	0.3595	0.1517	0.4017
000161	F	0.702253	0.371135	0.486797	0.3146	0.3566	0.2480	0.0910	0.4133	0.1476	0.4064
000162	L	0.738867	0.431794	0.501843	0.3053	0.3807	0.2670	0.0950	0.4377	0.1553	0.3984
000163	R	0.774306	0.478161	0.518604	0.3096	0.3948	0.2950	0.1060	0.4617	0.1616	0.3833
000164	E	0.787002	0.535051	0.536174	0.3456	0.3983	0.3220	0.1170	0.4873	0.1580	0.3764
000165	S	0.791728	0.580968	0.553986	0.3630	0.4051	0.3540	0.1370	0.5081	0.1545	0.3726
000166	S	0.790864	0.604004	0.572055	0.3399	0.3117	0.3720	0.1280	0.4984	0.1723	0.3727
000167	D	0.805737	0.611472	0.590526	0.3491	0.3840	0.3730	0.1220	0.5190	0.1654	0.3776
000168	Q	0.812877	0.617049	0.608479	0.3096	0.3392	0.3710	0.1210	0.5096	0.1833	0.3843
000169	P	0.822188	0.613202	0.625733	0.4037	0.4256	0.3420	0.1260	0.5387	0.1649	0.4003
000170	P	0.816987	0.601821	0.641290	0.3225	0.4149	0.2830	0.0860	0.5134	0.1896	0.4129
000171	T	0.815663	0.589021	0.655857	0.3263	0.3983	0.2690	0.0770	0.5090	0.1938	0.4209
000172	I	0.816189	0.584332	0.669725	0.4116	0.4220	0.2480	0.0730	0.5254	0.1868	0.4274
000173	P	0.812255	0.573511	0.683681	0.4825	0.4901	0.2130	0.0530	0.5425	0.1865	0.4321
000174	V	0.810039	0.590842	0.697587	0.4379	0.4979	0.2190	0.0560	0.5422	0.1896	0.4247
000175	E	0.805559	0.568178	0.710365	0.4282	0.5211	0.2190	0.0540	0.5420	0.1899	0.4221
000176	I	0.791543	0.567315	0.722595	0.4282	0.4619	0.2750	0.0880	0.5410	0.1762	0.4201
000177	L	0.769180	0.621637	0.734153	0.4600	0.4619	0.2770	0.0850	0.5540	0.1719	0.4208
000178	Q	0.759983	0.629397	0.746974	0.3992	0.3948	0.3100	0.0820	0.5400	0.1795	0.4245
000179	L	0.758392	0.644034	0.760073	0.3992	0.4017	0.3430	0.0850	0.5511	0.1750	0.4274
000180	E	0.750312	0.699127	0.773758	0.3146	0.3840	0.3850	0.1070	0.5511	0.1926	0.4308
000181	K	0.738600	0.738885	0.786424	0.3005	0.3631	0.4220	0.1270	0.5582	0.2002	0.4346
000182	K	0.758645	0.746528	0.797143	0.3096	0.3704	0.4710	0.1270	0.5755	0.1982	0.4387
000183	L	0.781348	0.760458	0.806119	0.4037	0.4409	0.4800	0.1390	0.6120	0.1725	0.4432
000184	S	0.806347	0.772036	0.814329	0.3806	0.3426	0.4500	0.1240	0.5943	0.2061	0.4465
000185	E	0.840500	0.785762	0.823910	0.4556	0.3983	0.4600	0.1190	0.6274	0.1911	0.4507
000186	P	0.881342	0.791227	0.833629	0.3885	0.3910	0.4800	0.1080	0.6276	0.2116	0.4578
000187	V	0.908994	0.794443	0.843622	0.4825	0.4685	0.5310	0.1450	0.6715	0.1816	0.4641
000188	R	0.932746	0.812001	0.852601	0.5583	0.5382	0.5220	0.1730	0.7027	0.1672	0.4686
000189	V	0.962856	0.834671	0.861045	0.5549	0.4507	0.5740	0.1710	0.7064	0.1879	0.4749
000190	H	0.994885	0.847690	0.867779	0.6293	0.5176	0.5890	0.1620	0.7411	0.1719	0.4821
000191	N	0.999319	0.856079	0.874440	0.5711	0.5176	0.6600	0.1100	0.7464	0.1746	0.4865
000192	D	0.999483	0.873393	0.881153	0.5802	0.5254	0.6700	0.1060	0.7549	0.1733	0.4896
000193	D	0.999580	0.884043	0.887456	0.5941	0.5254	0.7000	0.1290	0.7651	0.1708	0.4915
000194	K	0.999483	0.888256	0.892253	0.6650	0.5807	0.7400	0.1340	0.7943	0.1448	0.4906
000195	L	0.999083	0.890293	0.896015	0.6604	0.5951	0.7890	0.1390	0.8049	0.1405	0.4967
000196	R	0.998953	0.892797	0.899398	0.6516	0.5854	0.7900	0.1420	0.8030	0.1450	0.4922
000197	R	0.998922	0.895962	0.902426	0.6174	0.4831	0.8240	0.1230	0.7870	0.1792	0.4863
000198	Q	0.998994	0.897629	0.905032	0.6681	0.5493	0.8110	0.1400	0.8050	0.1530	0.4821
000199	K	0.998723	0.897431	0.907410	0.6293	0.5854	0.8140	0.1430	0.8053	0.1504	0.4822
000200	L	0.998628	0.894159	0.909907	0.6870	0.7036	0.7950	0.1670	0.8313	0.1130	0.4841
000201	K	0.998540	0.895450	0.912614	0.7034	0.5951	0.8030	0.1600	0.8180	0.1358	0.4769
000202	Q	0.998584	0.898643	0.915579	0.7275	0.5807	0.8080	0.1500	0.8215	0.1373	0.4792
000203	Q	0.998547	0.905264	0.918579	0.6870	0.5665	0.8150	0.1430	0.8151	0.1476	0.4813
000204	K	0.997638	0.908798	0.921576	0.6715	0.5577	0.7800	0.1620	0.8062	0.1533	0.4840
000205	A	0.996846	0.917342	0.924605	0.6681	0.5577	0.7570	0.1630	0.8037	0.1559	0.4882
000206	D	0.995944	0.922658	0.927488	0.7275	0.6183	0.7500	0.1570	0.8237	0.1336	0.4852
000207	G	0.995291	0.929113	0.929865	0.7147	0.6136	0.7500	0.1260	0.8220	0.1374	0.4899
000208	V	0.993405	0.933273	0.931719	0.6906	0.6089	0.7260	0.1210	0.8139	0.1445	0.4930
000209	G	0.991055	0.934391	0.933133	0.6827	0.5951	0.6930	0.1250	0.8049	0.1524	0.4928
000210	P	0.988747	0.939884	0.934005	0.6789	0.5211	0.6570	0.1220	0.7866	0.1756	0.4906
000211	P	0.890076	0.940601	0.934098	0.7317	0.6227	0.6320	0.1300	0.7919	0.1352	0.4903
000212	L	0.791317	0.941131	0.933369	0.6789	0.6322	0.6460	0.1250	0.7705	0.1285	0.4966
000213	T	0.735232	0.937452	0.932034	0.6906	0.6269	0.6070	0.1330	0.7549	0.1338	0.4931
000214	K	0.629026	0.942605	0.930050	0.6715	0.6322	0.5990	0.1170	0.7341	0.1446	0.4892
000215	G	0.524752	0.944245	0.927206	0.6756	0.6482	0.5820	0.1190	0.7170	0.1620	0.4855
000216	K	0.417704	0.943435	0.923696	0.6870	0.6712	0.6020	0.1260	0.7075	0.1822	0.4794
000217	A	0.312560	0.943115	0.919937	0.6789	0.6755	0.6070	0.1090	0.6894	0.2108	0.4773
000218	K	0.206845	0.944278	0.916572	0.6715	0.6755	0.6250	0.1150	0.6733	0.2424	0.4688
000219	S	0.104334	0.945214	0.913271	0.7111	0.6620	0.6430	0.1020	0.6632	0.2760	0.4617
000220	K	0.100323	0.946564	0.909259	0.7111	0.6661	0.6570	0.0960	0.6651	0.2769	0.4620
000221	V	0.096481	0.946962	0.904166	0.6374	0.6227	0.6460	0.1020	0.6422	0.2768	0.4626
000222	H	0.052848	0.947726	0.898466	0.6079	0.5807	0.6420	0.1200	0.6216	0.2912	0.4585
000223	T	0.079997	0.947887	0.893117	0.6412	0.6755	0.6490	0.1300	0.6478	0.2809	0.4483
000224	Q	0.141539	0.948281	0.888359	0.6474	0.6661	0.6390	0.1560	0.6551	0.2597	0.4444
000225	E	0.223822	0.948475	0.884187	0.6442	0.6661	0.6210	0.1650	0.6646	0.2329	0.4402
000226	T	0.274499	0.948723	0.880760	0.6293	0.5620	0.6190	0.1670	0.6524	0.2208	0.4394
000227	S	0.351956	0.947836	0.877400	0.6293	0.5807	0.6190	0.1480	0.6677	0.1973	0.4462
000228	E	0.428892	0.946002	0.873902	0.6079	0.5211	0.6080	0.1550	0.6643	0.1851	0.4509
000229	G	0.497972	0.944180	0.869512	0.6079	0.5211	0.5850	0.1620	0.6709	0.1722	0.4688
000230	L	0.570153	0.941400	0.864952	0.5623	0.4582	0.5930	0.1650	0.6650	0.1751	0.4855
000231	D	0.601470	0.938580	0.860199	0.5549	0.4409	0.5570	0.1850	0.6588	0.1783	0.4919
000232	S	0.578243	0.934234	0.855785	0.5583	0.4017	0.5970	0.1840	0.6541	0.1831	0.5014
000233	S	0.518692	0.930403	0.851561	0.5253	0.3948	0.5700	0.1760	0.6318	0.1922	0.5201
000234	S	0.437584	0.925294	0.847351	0.4749	0.3872	0.5100	0.1360	0.5971	0.2091	0.5438
000235	K	0.384176	0.919485	0.843387	0.4651	0.3087	0.4790	0.1300	0.5666	0.2305	0.5632
000236	S	0.308092	0.917887	0.840129	0.4513	0.3019	0.4810	0.1550	0.5501	0.2429	0.5852
000237	L	0.255951	0.913953	0.837781	0.4116	0.2364	0.5060	0.1700	0.5270	0.2639	0.6004
000238	E	0.194970	0.911673	0.836021	0.4116	0.2470	0.4820	0.1820	0.5139	0.2728	0.6040
000239	L	0.127451	0.910101	0.834184	0.3578	0.2470	0.5300	0.1860	0.5011	0.2898	0.6102
000240	K	0.096104	0.902704	0.831715	0.3717	0.2541	0.5510	0.1910	0.5013	0.2929	0.6001
000241	V	0.095866	0.893871	0.827035	0.4245	0.3566	0.6450	0.1810	0.5405	0.2778	0.5919
000242	A	0.133644	0.882941	0.820449	0.4245	0.3249	0.6440	0.1560	0.5383	0.2682	0.5798
000243	F	0.203871	0.873970	0.812832	0.4556	0.3321	0.6530	0.1470	0.5552	0.2452	0.5655
000244	S	0.290477	0.869755	0.805748	0.4379	0.3392	0.5900	0.1670	0.5555	0.2211	0.5419
000245	K	0.368978	0.857179	0.797973	0.4379	0.3599	0.5820	0.1610	0.5673	0.1986	0.5197
000246	L	0.425030	0.844307	0.788450	0.4458	0.3667	0.5980	0.1390	0.5781	0.1831	0.5017
000247	T	0.498408	0.821848	0.776084	0.4513	0.3807	0.5930	0.1400	0.5870	0.1632	0.4793
000248	V	0.574718	0.811982	0.763208	0.4918	0.4831	0.6250	0.1410	0.6249	0.1255	0.4616
000249	Q	0.653516	0.806745	0.749303	0.5008	0.4685	0.6670	0.1230	0.6410	0.1221	0.4485
000250	E	0.741458	0.792372	0.734787	0.5667	0.5620	0.6520	0.1420	0.6749	0.0883	0.4388
000251	E	0.790677	0.779222	0.719967	0.5711	0.4766	0.6430	0.1320	0.6634	0.1130	0.4346
000252	P	0.810819	0.770971	0.705057	0.6219	0.5493	0.6660	0.1310	0.6874	0.0879	0.4329
000253	A	0.819106	0.759649	0.690387	0.5514	0.5707	0.6970	0.1060	0.6814	0.0954	0.4337
000254	T	0.832940	0.746163	0.673757	0.6124	0.6851	0.6910	0.0990	0.7068	0.0685	0.4298
000255	T	0.843708	0.735863	0.655327	0.6035	0.6806	0.7220	0.0700	0.7069	0.0751	0.4247
000256	N	0.850888	0.724638	0.635053	0.5802	0.6576	0.7940	0.0490	0.7071	0.0934	0.4180
000257	R	0.861594	0.705609	0.613164	0.6219	0.7505	0.8020	0.0450	0.7258	0.0901	0.4108
000258	E	0.879227	0.705526	0.591043	0.5900	0.7595	0.7330	0.0760	0.7096	0.1001	0.4040
000259	P	0.880803	0.700838	0.568718	0.6374	0.7505	0.6850	0.0960	0.7038	0.0971	0.3964
000260	S	0.884489	0.680341	0.546813	0.6293	0.7755	0.7320	0.1050	0.7081	0.1074	0.3889
000261	H	0.886373	0.657207	0.525045	0.5331	0.7951	0.7710	0.1310	0.6947	0.1348	0.3823
000262	I	0.886076	0.632882	0.503905	0.5549	0.6948	0.7970	0.1660	0.6783	0.1325	0.3734
000263	R	0.871851	0.645272	0.483000	0.5549	0.6712	0.7630	0.1910	0.6649	0.1279	0.3648
000264	K	0.846432	0.669644	0.462676	0.4918	0.7120	0.7390	0.2080	0.6537	0.1359	0.3567
000265	A	0.821739	0.661425	0.443274	0.5084	0.6269	0.7300	0.2090	0.6320	0.1274	0.3521
000266	K	0.787895	0.668857	0.424717	0.5008	0.5017	0.6870	0.1930	0.5952	0.1277	0.3466
000267	A	0.734956	0.649233	0.405263	0.4203	0.4652	0.6840	0.2000	0.5598	0.1331	0.3418
000268	S	0.669655	0.602952	0.384688	0.3053	0.4725	0.6410	0.2090	0.5126	0.1355	0.3361
000269	D	0.581197	0.572596	0.363932	0.2558	0.4652	0.5620	0.2320	0.4669	0.1215	0.3317
000270	L	0.486449	0.529746	0.344206	0.2385	0.3704	0.5450	0.2530	0.4191	0.1105	0.3279
000271	P	0.399340	0.476253	0.326144	0.2432	0.2951	0.4850	0.2530	0.3709	0.0904	0.3230
000272	P	0.325476	0.426772	0.310459	0.1416	0.1914	0.4500	0.2530	0.3077	0.1125	0.3155
000273	L	0.274099	0.371243	0.297137	0.1322	0.2715	0.4080	0.2210	0.2923	0.0875	0.3091
000274	E	0.216154	0.302902	0.284998	0.0660	0.2034	0.3630	0.1950	0.2394	0.0942	0.3032
000275	H	0.157968	0.240035	0.272664	0.0677	0.1852	0.2590	0.1110	0.1970	0.0704	0.2967
000276	V	0.111264	0.191441	0.261265	0.0405	0.2129	0.1920	0.0680	0.1682	0.0722	0.2861
000277	F	0.086241	0.156541	0.251916	0.0308	0.1501	0.1410	0.0420	0.1361	0.0679	0.2794
000278	A	0.082974	0.133933	0.245566	0.0395	0.1229	0.1090	0.0280	0.1224	0.0631	0.2724
000279	E	0.081652	0.121796	0.239665	0.0179	0.0835	0.0950	0.0250	0.1066	0.0672	0.2650
000280	G	0.073824	0.104330	0.234554	0.0084	0.0506	0.0960	0.0400	0.0947	0.0701	0.2578
000281	L	0.065287	0.081996	0.229877	0.0078	0.0929	0.1020	0.0560	0.0967	0.0669	0.2489
000282	Y	0.044347	0.062083	0.226644	0.0024	0.0483	0.1100	0.0670	0.0824	0.0719	0.2445
000283	F	0.029965	0.047839	0.224289	0.0024	0.0248	0.1190	0.0710	0.0747	0.0761	0.2427
000284	T	0.021960	0.038204	0.221937	0.0026	0.0405	0.1200	0.0730	0.0743	0.0756	0.2392
000285	L	0.015135	0.032198	0.220037	0.0007	0.0398	0.1050	0.0560	0.0688	0.0751	0.2340
000286	A	0.008304	0.030762	0.219133	0.0006	0.0214	0.0860	0.0380	0.0610	0.0759	0.2326
000287	D	0.001471	0.032046	0.219939	0.0008	0.0202	0.0820	0.0330	0.0593	0.0767	0.2325
000288	I	0.000787	0.028708	0.222961	0.0007	0.0248	0.0760	0.0260	0.0589	0.0775	0.2250
000289	V	0.000078	0.028567	0.226802	0.0005	0.0184	0.0700	0.0210	0.0574	0.0793	0.2164
000290	L	0.000083	0.029147	0.231021	0.0003	0.0119	0.0650	0.0170	0.0563	0.0813	0.2061
000291	L	0.000081	0.028083	0.234688	0.0002	0.0115	0.0620	0.0170	0.0561	0.0826	0.1897
000292	P	0.000100	0.023951	0.237671	0.0002	0.0160	0.0590	0.0200	0.0562	0.0835	0.1729
000293	C	0.000206	0.021144	0.239078	0.0002	0.0235	0.0590	0.0200	0.0572	0.0837	0.1574
000294	I	0.000246	0.019040	0.239495	0.0004	0.0231	0.0580	0.0190	0.0567	0.0840	0.1376
000295	H	0.000292	0.018831	0.238690	0.0004	0.0223	0.0550	0.0170	0.0559	0.0838	0.1196
000296	H	0.000338	0.019920	0.237283	0.0003	0.0364	0.0520	0.0160	0.0577	0.0824	0.1019
000297	F	0.000769	0.026768	0.234791	0.0004	0.0405	0.0510	0.0130	0.0591	0.0808	0.0861
000298	L	0.000863	0.036473	0.232137	0.0004	0.0244	0.0540	0.0140	0.0580	0.0801	0.0717
000299	V	0.000952	0.059762	0.229510	0.0007	0.0269	0.0610	0.0170	0.0632	0.0783	0.0599
000300	I	0.001180	0.097930	0.226508	0.0007	0.0424	0.0770	0.0230	0.0742	0.0769	0.0505
000301	I	0.001387	0.130118	0.223111	0.0007	0.0341	0.0910	0.0220	0.0801	0.0793	0.0447
000302	S	0.001696	0.167674	0.218970	0.0026	0.0618	0.1060	0.0260	0.0931	0.0807	0.0423
000303	R	0.002753	0.204302	0.215004	0.0006	0.0327	0.1330	0.0390	0.0981	0.0904	0.0416
000304	K	0.002811	0.242793	0.210603	0.0012	0.0334	0.1470	0.0370	0.1064	0.0985	0.0392
000305	F	0.002776	0.269220	0.206078	0.0013	0.0473	0.1770	0.0420	0.1173	0.1049	0.0369
000306	S	0.002360	0.298309	0.200851	0.0008	0.0443	0.1330	0.0390	0.1133	0.1096	0.0365
000307	E	0.002621	0.320084	0.195371	0.0007	0.0240	0.1240	0.0460	0.1111	0.1173	0.0365
000308	K	0.002881	0.331702	0.190051	0.0026	0.0253	0.1140	0.0460	0.1111	0.1195	0.0372
000309	L	0.002926	0.298531	0.185279	0.0029	0.0405	0.0920	0.0390	0.1037	0.1073	0.0384
000310	V	0.003217	0.249024	0.180846	0.0029	0.0581	0.0580	0.0240	0.0920	0.0919	0.0406
000311	E	0.005068	0.206250	0.176435	0.0078	0.0568	0.0390	0.0140	0.0819	0.0799	0.0448
000312	F	0.028824	0.154412	0.172019	0.0173	0.0967	0.0340	0.0110	0.0839	0.0617	0.0458
000313	P	0.050565	0.100043	0.167267	0.0082	0.1070	0.0250	0.0080	0.0763	0.0544	0.0471
000314	L	0.051578	0.076297	0.162629	0.0087	0.0749	0.0240	0.0100	0.0664	0.0496	0.0487
000315	L	0.052585	0.072929	0.158763	0.0097	0.0888	0.0220	0.0090	0.0675	0.0491	0.0509
000316	A	0.054034	0.061819	0.155906	0.0141	0.1611	0.0250	0.0110	0.0787	0.0587	0.0550
000317	S	0.056258	0.059537	0.153359	0.0182	0.1184	0.0280	0.0110	0.0722	0.0484	0.0591
000318	W	0.056220	0.078350	0.150163	0.0173	0.1070	0.0340	0.0130	0.0738	0.0448	0.0633
000319	Y	0.078834	0.089976	0.145861	0.0094	0.1115	0.0410	0.0150	0.0794	0.0446	0.0660
000320	Q	0.082400	0.104382	0.140712	0.0226	0.1449	0.0410	0.0140	0.0894	0.0461	0.0711
000321	R	0.059651	0.139492	0.135482	0.0405	0.1759	0.0560	0.0130	0.1011	0.0512	0.0774
000322	I	0.042859	0.173945	0.131189	0.0316	0.1583	0.0680	0.0200	0.1009	0.0560	0.0823
000323	Q	0.044473	0.189450	0.128668	0.0567	0.2541	0.0790	0.0160	0.1253	0.0754	0.0935
000324	E	0.045322	0.241993	0.129980	0.0490	0.1583	0.0930	0.0170	0.1196	0.0680	0.1058
000325	V	0.044593	0.306204	0.134015	0.0935	0.2258	0.1240	0.0320	0.1548	0.0868	0.1174
000326	P	0.043940	0.326821	0.140091	0.0965	0.2129	0.1070	0.0270	0.1546	0.0923	0.1329
000327	G	0.044998	0.347291	0.148047	0.1240	0.2436	0.1220	0.0300	0.1716	0.0978	0.1491
000328	V	0.022583	0.371302	0.159173	0.0789	0.1501	0.1150	0.0290	0.1496	0.1092	0.1616
000329	K	0.018134	0.368003	0.172998	0.1380	0.1643	0.1110	0.0430	0.1620	0.1052	0.1786
000330	T	0.016597	0.315759	0.188432	0.1495	0.2503	0.0970	0.0390	0.1696	0.0977	0.2007
000331	A	0.012712	0.299759	0.203754	0.1018	0.1702	0.0800	0.0280	0.1447	0.0927	0.2230
000332	A	0.011034	0.285125	0.220134	0.1060	0.1942	0.0690	0.0260	0.1476	0.0939	0.2467
000333	S	0.009675	0.254784	0.236466	0.1292	0.2680	0.0590	0.0180	0.1596	0.1002	0.2706
000334	K	0.009033	0.233696	0.252332	0.1532	0.1881	0.0640	0.0210	0.1500	0.0878	0.2905
000335	C	0.007929	0.220327	0.265743	0.1416	0.1184	0.0740	0.0220	0.1380	0.0861	0.3135
000336	G	0.007749	0.207603	0.277101	0.1635	0.1702	0.0770	0.0230	0.1505	0.0872	0.3439
000337	I	0.007830	0.175744	0.288896	0.0965	0.1554	0.0790	0.0250	0.1338	0.0881	0.3698
000338	Q	0.007277	0.169936	0.302506	0.0909	0.1501	0.0790	0.0290	0.1333	0.0921	0.3962
000339	F	0.007293	0.146610	0.316471	0.1416	0.2064	0.0870	0.0290	0.1509	0.0960	0.4247
000340	L	0.006838	0.140473	0.330959	0.1495	0.2224	0.0950	0.0280	0.1575	0.1011	0.4259
000341	H	0.006873	0.159002	0.346118	0.1495	0.2258	0.1090	0.0240	0.1661	0.1040	0.4157
000342	L	0.008068	0.187486	0.363703	0.1844	0.2503	0.1310	0.0320	0.1874	0.1084	0.4098
000343	P	0.008239	0.243434	0.381014	0.2209	0.2988	0.1430	0.0350	0.2160	0.1178	0.4089
000344	K	0.012187	0.300448	0.398911	0.2167	0.3117	0.1720	0.0470	0.2354	0.1231	0.4086
000345	L	0.014533	0.382411	0.416655	0.2531	0.2364	0.2190	0.0750	0.2537	0.1303	0.4080
000346	L	0.024395	0.451415	0.435597	0.3491	0.2292	0.2290	0.0920	0.2864	0.1464	0.4102
000347	T	0.041762	0.495651	0.456147	0.2820	0.2399	0.2520	0.1190	0.2945	0.1502	0.4223
000348	T	0.063553	0.537871	0.477612	0.2657	0.2609	0.2830	0.1350	0.3148	0.1558	0.4336
000349	S	0.138960	0.550711	0.499825	0.2786	0.2783	0.3020	0.1520	0.3414	0.1411	0.4229
000350	T	0.222397	0.527871	0.520552	0.2963	0.3807	0.3450	0.1620	0.3822	0.1115	0.4105
000351	E	0.308776	0.533374	0.541937	0.3939	0.3910	0.3430	0.1510	0.4187	0.0889	0.4020
000352	Q	0.400044	0.546598	0.563163	0.3992	0.4051	0.3110	0.1370	0.4375	0.0891	0.3968
000353	H	0.491182	0.543097	0.584624	0.4078	0.4979	0.2490	0.0990	0.4623	0.1096	0.3953
000354	P	0.586274	0.540756	0.602418	0.3939	0.4801	0.2000	0.0690	0.4673	0.1383	0.3941
000355	N	0.672163	0.538372	0.616361	0.4149	0.4801	0.2020	0.0720	0.4874	0.1527	0.3939
000356	L	0.748262	0.533887	0.627141	0.4918	0.5807	0.2150	0.0740	0.5328	0.1635	0.3946
000357	C	0.817787	0.526988	0.636253	0.5583	0.7120	0.2090	0.0840	0.5767	0.1906	0.3921
000358	E	0.829065	0.531075	0.644157	0.5762	0.5901	0.2060	0.0910	0.5627	0.1857	0.3965
000359	V	0.832347	0.556379	0.648350	0.6035	0.4582	0.2300	0.0930	0.5548	0.1839	0.4035
000360	P	0.838247	0.560890	0.651525	0.5412	0.3740	0.2350	0.0840	0.5334	0.1925	0.4128
000361	G	0.834161	0.568857	0.653802	0.4879	0.3667	0.2520	0.1050	0.5272	0.1893	0.4239
000362	V	0.828845	0.580255	0.656135	0.4282	0.3529	0.2610	0.1070	0.5178	0.1920	0.4324
000363	E	0.822716	0.590939	0.654561	0.4282	0.3704	0.2580	0.0960	0.5208	0.1890	0.4235
000364	E	0.822628	0.592275	0.649584	0.4379	0.3704	0.2980	0.1040	0.5285	0.1787	0.4167
000365	Q	0.819762	0.592742	0.643130	0.4282	0.3704	0.3410	0.1290	0.5326	0.1694	0.4106
000366	S	0.820858	0.594465	0.637735	0.4203	0.3631	0.3270	0.1380	0.5272	0.1739	0.4049
000367	D	0.820890	0.587045	0.633429	0.5043	0.4087	0.3110	0.1360	0.5443	0.1636	0.4001
000368	P	0.820124	0.565056	0.627595	0.5992	0.4685	0.2820	0.1180	0.5605	0.1629	0.3909
000369	L	0.820518	0.542706	0.618937	0.5514	0.4507	0.2810	0.1120	0.5443	0.1632	0.3818
000370	F	0.818032	0.522793	0.608460	0.5941	0.4330	0.2670	0.1000	0.5405	0.1690	0.3789
000371	I	0.772644	0.524446	0.596427	0.5549	0.3774	0.2470	0.0830	0.5121	0.1660	0.3797
000372	G	0.713562	0.500035	0.583303	0.4825	0.3872	0.2500	0.0820	0.4862	0.1453	0.3808
000373	G	0.696813	0.497821	0.567306	0.5126	0.4541	0.2420	0.0830	0.4952	0.1365	0.3817
000374	P	0.646561	0.466072	0.551657	0.5173	0.4409	0.2290	0.0730	0.4752	0.1285	0.3820
000375	R	0.585210	0.452009	0.535403	0.4967	0.3392	0.2240	0.0700	0.4388	0.1227	0.3793
000376	P	0.522234	0.467241	0.519916	0.4879	0.3426	0.2100	0.0720	0.4250	0.1134	0.3749
000377	T	0.480819	0.471864	0.504057	0.4149	0.2849	0.2200	0.0910	0.3961	0.1066	0.3696
000378	M	0.450740	0.478081	0.487880	0.4149	0.2436	0.2180	0.0890	0.3822	0.1098	0.3623
000379	A	0.418032	0.478087	0.471006	0.3311	0.1349	0.2130	0.0710	0.3411	0.1294	0.3568
000380	K	0.433995	0.476345	0.453770	0.3578	0.1969	0.2000	0.0640	0.3531	0.1153	0.3504
000381	L	0.430332	0.464612	0.438107	0.3399	0.3286	0.2020	0.0590	0.3672	0.0895	0.3387
000382	M	0.362339	0.455308	0.422776	0.3885	0.4186	0.1570	0.0380	0.3674	0.0985	0.3297
000383	E	0.328712	0.437990	0.407651	0.3939	0.4441	0.1490	0.0300	0.3602	0.1018	0.3260
000384	K	0.297643	0.428293	0.391996	0.3762	0.3599	0.1480	0.0290	0.3337	0.0918	0.3207
000385	G	0.273754	0.420691	0.377952	0.3717	0.3631	0.1380	0.0250	0.3242	0.0941	0.3162
000386	I	0.228622	0.402469	0.364097	0.3311	0.3667	0.1370	0.0290	0.3049	0.0928	0.3160
000387	E	0.168005	0.391363	0.350483	0.3263	0.2541	0.1050	0.0150	0.2659	0.1017	0.3147
000388	V	0.115476	0.382686	0.336797	0.3263	0.2541	0.1150	0.0170	0.2550	0.1058	0.3090
000389	M	0.054365	0.361446	0.321803	0.2786	0.2094	0.1210	0.0180	0.2245	0.1088	0.3109
000390	F	0.024696	0.346312	0.307358	0.3053	0.2503	0.1160	0.0140	0.2250	0.1159	0.3174
000391	S	0.013006	0.325225	0.293442	0.2558	0.1702	0.0990	0.0200	0.1928	0.1104	0.3295
000392	P	0.005488	0.309627	0.280166	0.3263	0.2575	0.1040	0.0320	0.2138	0.1181	0.3372
000393	H	0.004972	0.303331	0.268785	0.2865	0.2258	0.1190	0.0430	0.2014	0.1065	0.3414
000394	P	0.004642	0.299264	0.260078	0.2700	0.1476	0.1240	0.0500	0.1842	0.1029	0.3412
000395	C	0.004472	0.287951	0.257215	0.2167	0.1702	0.1350	0.0640	0.1785	0.0930	0.3383
000396	P	0.001116	0.284861	0.256377	0.1602	0.1476	0.0940	0.0430	0.1574	0.0954	0.3358
000397	T	0.049420	0.271616	0.254492	0.2385	0.1969	0.0840	0.0360	0.1825	0.0855	0.3326
000398	W	0.083576	0.252407	0.250281	0.1998	0.1349	0.0840	0.0330	0.1675	0.0709	0.3254
000399	T	0.084570	0.222969	0.244501	0.2385	0.1823	0.0760	0.0230	0.1748	0.0698	0.3231
000400	L	0.087481	0.228267	0.239762	0.2080	0.2328	0.0870	0.0250	0.1806	0.0666	0.3194
000401	D	0.088393	0.234814	0.235325	0.2820	0.3321	0.0970	0.0280	0.2117	0.0902	0.3175
000402	W	0.094723	0.239938	0.231923	0.3005	0.3494	0.1090	0.0340	0.2209	0.0929	0.3155
000403	N	0.098590	0.208230	0.230393	0.2913	0.3249	0.1260	0.0360	0.2132	0.0814	0.3222
000404	V	0.105196	0.209662	0.232722	0.3096	0.3215	0.1440	0.0480	0.2204	0.0791	0.3256
000405	L	0.118820	0.203182	0.239271	0.3005	0.2609	0.1680	0.0570	0.2151	0.0600	0.3313
000406	P	0.113227	0.230789	0.248546	0.3535	0.3392	0.1870	0.0640	0.2454	0.0833	0.3431
000407	A	0.138760	0.261536	0.260399	0.3053	0.3117	0.2320	0.0950	0.2516	0.0574	0.3542
000408	A	0.168296	0.351219	0.273813	0.3053	0.3182	0.2920	0.1400	0.2848	0.0573	0.3683
000409	V	0.265890	0.444019	0.287951	0.3847	0.4119	0.3410	0.1590	0.3559	0.0641	0.3855
000410	S	0.373266	0.533397	0.302155	0.3939	0.3807	0.3820	0.1620	0.3942	0.0691	0.4012
000411	P	0.476062	0.607437	0.315128	0.4556	0.3840	0.4150	0.1400	0.4422	0.0903	0.4158
000412	K	0.582019	0.661098	0.325893	0.4245	0.3740	0.5140	0.1340	0.4802	0.1172	0.4252
000413	E	0.684439	0.680994	0.332801	0.4282	0.4619	0.6150	0.1470	0.5339	0.1340	0.4327
000414	G	0.778578	0.685828	0.338049	0.4245	0.4619	0.6160	0.1260	0.5509	0.1547	0.4327
000415	K	0.843815	0.742578	0.343000	0.4825	0.5382	0.5810	0.1330	0.5886	0.1648	0.4295
000416	M	0.892807	0.743499	0.349029	0.5514	0.6482	0.5090	0.1240	0.6156	0.1736	0.4281
000417	S	0.968338	0.692078	0.354441	0.5412	0.5176	0.4800	0.1460	0.5922	0.1953	0.4240
000418	S	0.968279	0.711221	0.359636	0.5711	0.5577	0.4760	0.1490	0.6072	0.1930	0.4221
000419	D	0.934186	0.684419	0.363713	0.5296	0.6043	0.4510	0.1280	0.5945	0.1834	0.4199
000420	R	0.858760	0.647559	0.367266	0.5941	0.5854	0.4450	0.1450	0.5830	0.1559	0.4157
000421	A	0.769198	0.618060	0.369090	0.5992	0.5139	0.4590	0.1520	0.5547	0.1274	0.4139
000422	L	0.675801	0.618093	0.367495	0.5229	0.3910	0.4640	0.1510	0.5066	0.1124	0.4124
000423	R	0.582149	0.600521	0.363453	0.4703	0.3286	0.3850	0.0980	0.4549	0.1056	0.4072
000424	K	0.484084	0.562736	0.357368	0.3992	0.2541	0.3580	0.0860	0.4026	0.0987	0.4032
000425	Q	0.381482	0.526567	0.350762	0.3399	0.2575	0.3360	0.1210	0.3653	0.0813	0.4008
000426	Q	0.298962	0.446270	0.341470	0.2786	0.2680	0.2890	0.1230	0.3204	0.0608	0.3990
000427	Q	0.253500	0.367921	0.331371	0.3053	0.3087	0.2610	0.1070	0.3047	0.0392	0.3971
000428	L	0.239814	0.304229	0.323257	0.3096	0.2849	0.2470	0.1040	0.2848	0.0314	0.3980
000429	N	0.232434	0.254334	0.318043	0.3146	0.2849	0.1920	0.0730	0.2660	0.0451	0.3941
000430	N	0.238328	0.209426	0.315392	0.2657	0.2951	0.1510	0.0550	0.2458	0.0549	0.3931
000431	L	0.246136	0.185420	0.312934	0.2657	0.2918	0.1120	0.0380	0.2356	0.0683	0.3973
000432	V	0.244416	0.164128	0.311531	0.3225	0.3286	0.0820	0.0270	0.2423	0.0916	0.3952
000433	Y	0.244474	0.152269	0.309754	0.3939	0.4051	0.0690	0.0220	0.2624	0.1224	0.3893
000434	V	0.239439	0.163484	0.306403	0.4037	0.3215	0.0710	0.0170	0.2508	0.1093	0.3862
000435	V	0.216352	0.196636	0.300114	0.4116	0.2645	0.0940	0.0300	0.2471	0.0977	0.3786
000436	T	0.162056	0.218890	0.290166	0.3146	0.2680	0.1140	0.0460	0.2279	0.0712	0.3692
000437	N	0.102355	0.248736	0.277853	0.2333	0.1671	0.1030	0.0350	0.1887	0.0694	0.3604
000438	Q	0.077698	0.296790	0.262818	0.2333	0.0870	0.0950	0.0340	0.1754	0.0909	0.3596
000439	A	0.054079	0.317109	0.245604	0.1998	0.1323	0.0920	0.0260	0.1734	0.0905	0.3615
000440	K	0.032033	0.311275	0.227067	0.1150	0.1251	0.0850	0.0240	0.1493	0.0930	0.3671
000441	P	0.020934	0.341665	0.208520	0.1117	0.1184	0.0820	0.0240	0.1473	0.1031	0.3699
000442	G	0.013443	0.339721	0.191177	0.1532	0.1759	0.0940	0.0320	0.1613	0.0995	0.3672
000443	D	0.013918	0.301080	0.176305	0.1878	0.2258	0.0970	0.0340	0.1670	0.0916	0.3700
000444	R	0.014629	0.266561	0.164674	0.2483	0.2575	0.0990	0.0290	0.1752	0.0932	0.3781
000445	I	0.014571	0.264743	0.154502	0.2913	0.3149	0.1130	0.0290	0.1922	0.1075	0.3816
000446	V	0.014380	0.243732	0.144403	0.2700	0.2988	0.1050	0.0290	0.1793	0.1005	0.3857
000447	D	0.013537	0.233071	0.134137	0.2748	0.2328	0.1000	0.0330	0.1647	0.0908	0.3865
000448	F	0.011249	0.236025	0.126210	0.1844	0.1554	0.1000	0.0300	0.1355	0.0704	0.3855
000449	C	0.009867	0.234475	0.119920	0.1292	0.1275	0.0820	0.0220	0.1171	0.0668	0.3683
000450	S	0.008377	0.205047	0.115281	0.1018	0.1476	0.0750	0.0180	0.1089	0.0606	0.3509
000451	G	0.006012	0.196202	0.111682	0.0789	0.1229	0.0710	0.0200	0.0978	0.0577	0.3355
000452	G	0.004491	0.184602	0.110087	0.0643	0.0676	0.0720	0.0290	0.0839	0.0547	0.3277
000453	G	0.003405	0.168555	0.110843	0.0567	0.0780	0.0690	0.0280	0.0810	0.0505	0.3240
000454	H	0.002955	0.162322	0.113608	0.0316	0.0704	0.0680	0.0330	0.0748	0.0521	0.3231
000455	V	0.023082	0.173534	0.117540	0.0376	0.0364	0.0640	0.0320	0.0753	0.0536	0.3156
000456	G	0.074122	0.176166	0.122167	0.0660	0.0631	0.0570	0.0270	0.0930	0.0429	0.3102
000457	I	0.092602	0.155883	0.126812	0.0567	0.0618	0.0520	0.0220	0.0910	0.0388	0.3068
000458	V	0.095194	0.148286	0.130981	0.0567	0.0581	0.0440	0.0160	0.0889	0.0394	0.3048
000459	L	0.097380	0.136306	0.134581	0.0701	0.0676	0.0400	0.0120	0.0910	0.0356	0.3025
000460	A	0.098754	0.113358	0.138541	0.1322	0.0799	0.0370	0.0090	0.1000	0.0342	0.3049
000461	H	0.103023	0.096898	0.143572	0.0744	0.0888	0.0360	0.0070	0.0905	0.0322	0.3013
000462	M	0.106561	0.091382	0.148919	0.0441	0.0929	0.0420	0.0090	0.0876	0.0368	0.2918
000463	L	0.110706	0.092887	0.153877	0.0478	0.0948	0.0520	0.0160	0.0920	0.0360	0.2690
000464	P	0.094125	0.100487	0.158472	0.0478	0.1028	0.0610	0.0220	0.0942	0.0353	0.2454
000465	S	0.045858	0.115678	0.163106	0.0502	0.0646	0.0770	0.0280	0.0860	0.0414	0.2200
000466	C	0.045349	0.133711	0.167187	0.0884	0.0909	0.0920	0.0260	0.1028	0.0385	0.1979
000467	Q	0.060969	0.143576	0.170221	0.0478	0.0568	0.1060	0.0290	0.0976	0.0464	0.1795
000468	V	0.069429	0.159353	0.172160	0.0858	0.0555	0.1290	0.0470	0.1119	0.0444	0.1641
000469	T	0.073786	0.188164	0.173193	0.0677	0.0835	0.1480	0.0610	0.1223	0.0490	0.1529
000470	L	0.130150	0.207525	0.173765	0.0587	0.1092	0.1790	0.0790	0.1431	0.0497	0.1428
000471	I	0.182017	0.223128	0.173454	0.0723	0.1275	0.1880	0.0860	0.1610	0.0486	0.1338
000472	E	0.273092	0.273057	0.172339	0.0542	0.1275	0.1940	0.0840	0.1824	0.0776	0.1283
000473	N	0.371631	0.303175	0.170782	0.0607	0.1554	0.2270	0.0820	0.2148	0.1015	0.1229
000474	K	0.469768	0.321991	0.169214	0.0991	0.2193	0.2260	0.0600	0.2510	0.1185	0.1223
000475	E	0.553848	0.334120	0.167754	0.0771	0.2034	0.1830	0.0680	0.2532	0.1542	0.1210
000476	L	0.637079	0.355584	0.165849	0.0744	0.2193	0.1680	0.0740	0.2701	0.1844	0.1188
000477	S	0.729304	0.380929	0.163378	0.1322	0.2436	0.1610	0.0860	0.3017	0.2082	0.1200
000478	L	0.826926	0.418653	0.160564	0.1292	0.2328	0.1920	0.0900	0.3267	0.2423	0.1190
000479	I	0.869451	0.457371	0.156944	0.1117	0.2164	0.2390	0.0830	0.3418	0.2599	0.1165
000480	R	0.913059	0.515329	0.153316	0.1117	0.2094	0.2980	0.0430	0.3668	0.2771	0.1131
000481	A	0.830654	0.567665	0.149772	0.1041	0.2951	0.3560	0.0600	0.3839	0.2500	0.1087
000482	K	0.729542	0.618630	0.146880	0.1635	0.2918	0.4200	0.0950	0.3951	0.2192	0.1051
000483	K	0.629965	0.647982	0.143831	0.1532	0.1969	0.4520	0.1160	0.3707	0.2159	0.0999
000484	R	0.529302	0.657100	0.139811	0.0935	0.1115	0.4540	0.1070	0.3309	0.2243	0.1007
000485	S	0.430038	0.629705	0.134952	0.0514	0.0676	0.4250	0.0930	0.2898	0.2174	0.1013
000486	D	0.330250	0.562516	0.129508	0.0259	0.0631	0.3390	0.0710	0.2417	0.1877	0.1009
000487	E	0.231474	0.458703	0.124263	0.0274	0.0851	0.2320	0.0490	0.1932	0.1399	0.0995
000488	L	0.128890	0.355801	0.120014	0.0286	0.0929	0.1670	0.0350	0.1489	0.1016	0.0936
000489	G	0.030289	0.256176	0.118039	0.0405	0.1206	0.1190	0.0240	0.1142	0.0738	0.0890
000490	L	0.020231	0.177156	0.118438	0.0744	0.1914	0.0990	0.0210	0.1135	0.0585	0.0879
000491	S	0.019283	0.128207	0.120227	0.0542	0.1162	0.0880	0.0190	0.0877	0.0394	0.0884
000492	N	0.017544	0.094655	0.122098	0.0789	0.0749	0.0940	0.0280	0.0803	0.0319	0.0871
000493	I	0.015694	0.070300	0.124001	0.0405	0.0765	0.1000	0.0360	0.0712	0.0358	0.0878
000494	W	0.013279	0.054099	0.126261	0.0212	0.0749	0.0930	0.0340	0.0637	0.0394	0.0905
000495	F	0.010066	0.045503	0.128161	0.0212	0.0605	0.0850	0.0380	0.0583	0.0397	0.0836
000496	I	0.005331	0.051898	0.129907	0.0194	0.0327	0.0790	0.0410	0.0531	0.0417	0.0781
000497	Q	0.004690	0.058127	0.131767	0.0137	0.0320	0.0560	0.0220	0.0494	0.0418	0.0765
000498	A	0.004176	0.062198	0.134263	0.0069	0.0191	0.0540	0.0250	0.0467	0.0449	0.0752
000499	N	0.001208	0.072796	0.137163	0.0118	0.0294	0.0590	0.0370	0.0520	0.0455	0.0773
000500	M	0.000523	0.080461	0.140075	0.0069	0.0205	0.0630	0.0400	0.0519	0.0489	0.0805
000501	E	0.000112	0.083830	0.142959	0.0124	0.0269	0.0590	0.0330	0.0542	0.0486	0.0797
000502	Y	0.000182	0.089683	0.146305	0.0074	0.0178	0.0640	0.0360	0.0542	0.0521	0.0761
000503	F	0.000354	0.099435	0.150814	0.0055	0.0168	0.0660	0.0350	0.0565	0.0550	0.0767
000504	T	0.000463	0.096608	0.157171	0.0052	0.0214	0.0650	0.0320	0.0576	0.0560	0.0744
000505	G	0.000572	0.096920	0.164107	0.0078	0.0174	0.0580	0.0250	0.0575	0.0581	0.0705
000506	M	0.000682	0.094517	0.170581	0.0102	0.0306	0.0550	0.0220	0.0603	0.0582	0.0659
000507	F	0.001066	0.082048	0.176838	0.0066	0.0334	0.0510	0.0190	0.0585	0.0595	0.0580
000508	N	0.001091	0.075168	0.184087	0.0055	0.0269	0.0490	0.0170	0.0569	0.0622	0.0482
000509	I	0.001142	0.074889	0.192155	0.0038	0.0334	0.0470	0.0160	0.0587	0.0648	0.0407
000510	G	0.001182	0.070799	0.200156	0.0026	0.0334	0.0440	0.0140	0.0587	0.0676	0.0334
000511	V	0.002364	0.063723	0.207145	0.0035	0.0341	0.0440	0.0150	0.0591	0.0697	0.0273
000512	A	0.002714	0.065303	0.213613	0.0034	0.0218	0.0440	0.0150	0.0585	0.0728	0.0233
000513	L	0.002698	0.067541	0.219711	0.0055	0.0235	0.0460	0.0160	0.0608	0.0745	0.0207
000514	H	0.002786	0.067315	0.225529	0.0069	0.0483	0.0470	0.0160	0.0664	0.0748	0.0185
000515	A	0.002854	0.071464	0.231123	0.0038	0.0473	0.0470	0.0150	0.0672	0.0773	0.0172
000516	C	0.002767	0.079533	0.236186	0.0049	0.0223	0.0470	0.0150	0.0655	0.0808	0.0163
000517	G	0.003150	0.100784	0.241140	0.0055	0.0171	0.0480	0.0160	0.0692	0.0838	0.0169
000518	V	0.003702	0.108994	0.245708	0.0028	0.0300	0.0480	0.0160	0.0731	0.0850	0.0186
000519	A	0.004497	0.121560	0.249259	0.0010	0.0294	0.0470	0.0160	0.0754	0.0874	0.0208
000520	T	0.003659	0.122245	0.251389	0.0031	0.0494	0.0470	0.0170	0.0794	0.0865	0.0230
000521	D	0.003708	0.120503	0.251791	0.0029	0.0405	0.0470	0.0150	0.0777	0.0871	0.0265
000522	M	0.004175	0.110791	0.250763	0.0062	0.0592	0.0480	0.0160	0.0799	0.0844	0.0303
000523	V	0.004537	0.110937	0.248491	0.0062	0.0380	0.0450	0.0150	0.0755	0.0850	0.0318
000524	I	0.005338	0.116920	0.246079	0.0121	0.0424	0.0440	0.0160	0.0778	0.0835	0.0328
000525	E	0.005383	0.123214	0.243993	0.0075	0.0433	0.0410	0.0150	0.0775	0.0841	0.0326
000526	H	0.005057	0.128224	0.242717	0.0069	0.0244	0.0420	0.0150	0.0749	0.0858	0.0315
000527	C	0.004481	0.135908	0.241293	0.0200	0.0605	0.0440	0.0160	0.0843	0.0817	0.0262
000528	I	0.003596	0.136541	0.239256	0.0066	0.0287	0.0440	0.0170	0.0764	0.0853	0.0243
000529	K	0.003168	0.133516	0.237496	0.0128	0.0209	0.0410	0.0170	0.0749	0.0846	0.0194
000530	T	0.002599	0.138786	0.236406	0.0070	0.0153	0.0410	0.0190	0.0736	0.0863	0.0137
000531	R	0.002042	0.135536	0.236595	0.0026	0.0146	0.0410	0.0190	0.0720	0.0867	0.0097
000532	A	0.001483	0.114635	0.236331	0.0008	0.0090	0.0400	0.0190	0.0670	0.0854	0.0064
000533	S	0.000509	0.104029	0.235429	0.0012	0.0076	0.0370	0.0160	0.0642	0.0846	0.0045
000534	F	0.000184	0.084627	0.232658	0.0010	0.0095	0.0340	0.0140	0.0603	0.0824	0.0034
000535	V	0.000111	0.061871	0.227990	0.0012	0.0138	0.0320	0.0120	0.0561	0.0797	0.0026
000536	T	0.000092	0.050840	0.222190	0.0010	0.0133	0.0300	0.0120	0.0529	0.0777	0.0020
000537	C	0.000081	0.047041	0.216926	0.0013	0.0130	0.0300	0.0110	0.0513	0.0758	0.0016
000538	P	0.000076	0.045507	0.211988	0.0069	0.0248	0.0300	0.0110	0.0531	0.0726	0.0016
000539	C	0.000073	0.038264	0.206499	0.0109	0.0218	0.0310	0.0120	0.0515	0.0704	0.0015
000540	C	0.000066	0.043037	0.200472	0.0109	0.0227	0.0350	0.0140	0.0520	0.0679	0.0018
000541	Y	0.000062	0.050521	0.194815	0.0066	0.0127	0.0460	0.0230	0.0518	0.0667	0.0028
000542	G	0.000057	0.066384	0.189323	0.0061	0.0138	0.0620	0.0330	0.0563	0.0650	0.0044
000543	F	0.000039	0.081289	0.183192	0.0038	0.0163	0.0870	0.0450	0.0620	0.0646	0.0073
000544	I	0.000029	0.110348	0.175879	0.0052	0.0163	0.1170	0.0560	0.0708	0.0671	0.0114
000545	Q	0.000020	0.147209	0.167886	0.0087	0.0313	0.1220	0.0520	0.0794	0.0681	0.0166
000546	N	0.000013	0.212845	0.160580	0.0144	0.0473	0.2230	0.0540	0.1097	0.0923	0.0241
000547	T	0.000018	0.285943	0.155260	0.0167	0.0240	0.3450	0.1020	0.1378	0.1364	0.0351
000548	S	0.000025	0.348003	0.152775	0.0554	0.0518	0.3840	0.1290	0.1653	0.1492	0.0523
000549	K	0.000034	0.408373	0.153504	0.0259	0.0443	0.3760	0.1410	0.1679	0.1657	0.0683
000550	F	0.000050	0.474532	0.157049	0.0621	0.0948	0.4090	0.1350	0.1996	0.1783	0.0884
000551	N	0.000192	0.540285	0.161699	0.1456	0.1206	0.3850	0.1280	0.2256	0.1811	0.0959
000552	F	0.000269	0.571000	0.165663	0.2080	0.1914	0.3720	0.1310	0.2513	0.1791	0.0999
000553	P	0.000339	0.588658	0.168396	0.1532	0.1206	0.3180	0.0900	0.2249	0.1874	0.0959
000554	K	0.000411	0.585676	0.170616	0.2292	0.2034	0.3020	0.0780	0.2485	0.1763	0.0926
000555	S	0.000472	0.541634	0.173565	0.2041	0.2951	0.2860	0.0650	0.2501	0.1626	0.0908
000556	E	0.000487	0.531039	0.177387	0.2080	0.2884	0.2740	0.0630	0.2466	0.1582	0.0921
000557	Q	0.000500	0.539180	0.183205	0.2167	0.2503	0.2740	0.0640	0.2440	0.1591	0.0934
000558	F	0.000624	0.581797	0.189480	0.2385	0.1759	0.2740	0.0700	0.2435	0.1741	0.1019
000559	K	0.000741	0.566371	0.195732	0.2167	0.1206	0.2570	0.0760	0.2262	0.1730	0.1099
000560	K	0.000694	0.561682	0.199791	0.1667	0.0568	0.2000	0.0750	0.1976	0.1789	0.1228
000561	T	0.001080	0.525144	0.202123	0.1998	0.1115	0.1620	0.0780	0.2002	0.1605	0.1189
000562	L	0.001367	0.474252	0.202991	0.1088	0.0568	0.1370	0.0700	0.1635	0.1525	0.1224
000563	S	0.001313	0.402102	0.203888	0.1878	0.0888	0.1120	0.0520	0.1661	0.1249	0.1228
000564	Y	0.001266	0.343038	0.205110	0.1018	0.0817	0.0890	0.0370	0.1370	0.1096	0.1267
000565	K	0.001369	0.286678	0.207200	0.0832	0.0851	0.0740	0.0390	0.1229	0.0950	0.1300
000566	E	0.001769	0.240442	0.209869	0.0884	0.0888	0.0680	0.0380	0.1162	0.0828	0.1305
000567	H	0.002603	0.211053	0.213172	0.0858	0.0662	0.0610	0.0340	0.1066	0.0788	0.1312
000568	M	0.004611	0.173088	0.216477	0.0832	0.0433	0.0550	0.0320	0.0960	0.0746	0.1311
000569	I	0.012073	0.137145	0.220534	0.1240	0.0888	0.0480	0.0260	0.1051	0.0669	0.1181
000570	L	0.017426	0.129795	0.224726	0.0832	0.0543	0.0390	0.0150	0.0914	0.0694	0.0989
000571	C	0.027134	0.128232	0.229040	0.0884	0.0631	0.0380	0.0110	0.0957	0.0682	0.0788
000572	R	0.040846	0.162054	0.232635	0.0542	0.0704	0.0390	0.0120	0.0999	0.0726	0.0852
000573	F	0.044779	0.172890	0.235912	0.1088	0.1184	0.0420	0.0090	0.1205	0.0684	0.0892
000574	A	0.048852	0.196914	0.240094	0.1292	0.1251	0.0450	0.0090	0.1308	0.0712	0.0890
000575	D	0.052858	0.240397	0.245295	0.1921	0.2034	0.0500	0.0130	0.1641	0.0817	0.0903
000576	Q	0.056894	0.260838	0.252260	0.1844	0.1373	0.0580	0.0180	0.1583	0.0825	0.0928
000577	T	0.062095	0.294817	0.258451	0.1805	0.0817	0.0700	0.0190	0.1580	0.0931	0.1044
000578	A	0.061878	0.315009	0.263152	0.1205	0.0799	0.0860	0.0220	0.1544	0.0979	0.1222
000579	V	0.057413	0.328993	0.265153	0.0884	0.0967	0.0940	0.0330	0.1551	0.1029	0.1419
000580	Q	0.051280	0.350665	0.264640	0.1240	0.1501	0.1020	0.0360	0.1737	0.1023	0.1654
000581	L	0.039538	0.365618	0.262054	0.1698	0.1115	0.1140	0.0440	0.1772	0.1080	0.2019
000582	P	0.039269	0.357030	0.259108	0.2865	0.1759	0.1260	0.0690	0.2072	0.1059	0.2250
000583	P	0.036300	0.348252	0.259105	0.1456	0.0780	0.1300	0.0840	0.1663	0.1066	0.2280
000584	Q	0.032562	0.345191	0.263833	0.1958	0.0929	0.1270	0.0790	0.1761	0.1054	0.2175
000585	R	0.029293	0.325793	0.271454	0.1150	0.0780	0.0990	0.0520	0.1531	0.1074	0.2224
000586	R	0.040026	0.291823	0.280209	0.0723	0.0780	0.0880	0.0360	0.1418	0.1031	0.2241
000587	L	0.049945	0.260159	0.288373	0.0478	0.0463	0.0950	0.0350	0.1312	0.1028	0.2236
000588	I	0.144391	0.245426	0.295286	0.0554	0.0494	0.0920	0.0380	0.1470	0.0936	0.2075
000589	G	0.232803	0.242883	0.300577	0.0441	0.0631	0.0810	0.0340	0.1608	0.1008	0.1819
000590	K	0.318473	0.223134	0.305045	0.0789	0.0749	0.0700	0.0300	0.1784	0.1081	0.1626
000591	Q	0.382547	0.202710	0.310517	0.0789	0.0749	0.0600	0.0240	0.1850	0.1252	0.1484
000592	C	0.410626	0.198707	0.316910	0.1088	0.1007	0.0540	0.0190	0.1984	0.1274	0.1354
000593	M	0.427419	0.220590	0.324209	0.0858	0.0719	0.0520	0.0180	0.1969	0.1408	0.1474
000594	C	0.452312	0.214350	0.331987	0.0554	0.0676	0.0540	0.0200	0.1960	0.1532	0.1482
000595	L	0.454573	0.244602	0.340042	0.0464	0.0719	0.0620	0.0260	0.2033	0.1556	0.1731
000596	V	0.460602	0.251128	0.348384	0.0490	0.0275	0.0810	0.0370	0.2030	0.1629	0.1869
000597	D	0.374699	0.276012	0.355319	0.0502	0.0263	0.1140	0.0470	0.1995	0.1416	0.1834
000598	L	0.292247	0.294314	0.361110	0.0363	0.0248	0.1790	0.0600	0.1980	0.1299	0.1769
000599	D	0.223624	0.297312	0.365059	0.0567	0.0380	0.2270	0.0830	0.2012	0.1188	0.1703
000600	R	0.169403	0.329052	0.368988	0.0350	0.0269	0.2820	0.1060	0.2019	0.1354	0.1651
000601	A	0.174061	0.356535	0.373859	0.0387	0.0287	0.3070	0.1050	0.2131	0.1421	0.1578
000602	R	0.199246	0.385625	0.379303	0.0252	0.0202	0.3200	0.1040	0.2216	0.1534	0.1511
000603	A	0.244609	0.396314	0.386668	0.0607	0.0294	0.3250	0.1070	0.2404	0.1470	0.1445
000604	A	0.307088	0.425199	0.396122	0.0526	0.0356	0.3160	0.1040	0.2554	0.1551	0.1299
000605	E	0.373784	0.429678	0.407719	0.0884	0.0734	0.2960	0.1010	0.2782	0.1456	0.1218
000606	E	0.455447	0.421269	0.420667	0.1349	0.1229	0.2910	0.1030	0.3077	0.1365	0.1107
000607	C	0.532438	0.399574	0.434602	0.1602	0.1881	0.2780	0.0950	0.3321	0.1344	0.1039
000608	G	0.601624	0.383491	0.451313	0.1532	0.1881	0.2530	0.0880	0.3385	0.1572	0.1172
000609	Y	0.675422	0.378158	0.470929	0.2333	0.2609	0.2450	0.0790	0.3773	0.1578	0.1340
000610	S	0.714093	0.398900	0.491520	0.2209	0.1251	0.2210	0.0600	0.3619	0.1992	0.1569
000611	V	0.743810	0.394997	0.510556	0.2255	0.1184	0.2140	0.0500	0.3679	0.2115	0.1699
000612	Q	0.742522	0.420829	0.527288	0.1805	0.1583	0.2050	0.0410	0.3724	0.2137	0.1848
000613	V	0.712728	0.430090	0.542678	0.1878	0.1501	0.2110	0.0530	0.3724	0.2073	0.2025
000614	I	0.700689	0.462134	0.558100	0.2333	0.1791	0.2200	0.0720	0.3922	0.1949	0.2168
000615	S	0.673478	0.510876	0.571793	0.2602	0.2129	0.2370	0.0820	0.4110	0.1812	0.2188
000616	M	0.667628	0.561067	0.585187	0.2483	0.1791	0.2640	0.0900	0.4176	0.1916	0.2136
000617	E	0.639582	0.632091	0.596540	0.2385	0.1184	0.2830	0.1050	0.4180	0.2110	0.2001
000618	P	0.627045	0.662913	0.604289	0.3399	0.1881	0.3240	0.1280	0.4577	0.1810	0.1927
000619	E	0.605737	0.666443	0.607984	0.2865	0.1881	0.3940	0.1630	0.4581	0.1799	0.1755
000620	S	0.560572	0.669828	0.610031	0.3184	0.2193	0.4930	0.1650	0.4785	0.1600	0.1581
000621	C	0.515078	0.677881	0.613935	0.3096	0.2436	0.5600	0.1550	0.4866	0.1578	0.1413
000622	S	0.486484	0.666413	0.619250	0.3096	0.2328	0.5340	0.1540	0.4748	0.1566	0.1455
000623	P	0.455297	0.649774	0.625762	0.3225	0.2224	0.5380	0.1380	0.4690	0.1552	0.1507
000624	K	0.423212	0.612151	0.632664	0.3053	0.2575	0.7280	0.0850	0.4931	0.1753	0.1569
000625	N	0.365304	0.566155	0.640032	0.4116	0.3117	0.7000	0.1020	0.4991	0.1445	0.1680
000626	N	0.324343	0.537498	0.647880	0.4513	0.2951	0.7710	0.0480	0.5045	0.1692	0.1927
000627	M	0.268939	0.542710	0.656413	0.5296	0.3053	0.7530	0.0940	0.5094	0.1742	0.2355
000628	I	0.237147	0.547904	0.667549	0.5583	0.2645	0.6540	0.1400	0.4882	0.1737	0.2730
000629	V	0.226942	0.605765	0.681173	0.5802	0.2094	0.6300	0.1480	0.4888	0.1939	0.2950
000630	G	0.172912	0.651776	0.698559	0.6174	0.1643	0.6990	0.1410	0.5006	0.2364	0.3167
000631	V	0.174512	0.695343	0.717062	0.6516	0.1349	0.7970	0.0890	0.5284	0.2680	0.3467
000632	P	0.175821	0.716478	0.735791	0.7644	0.3182	0.7830	0.1070	0.5822	0.2414	0.3839
000633	I	0.153130	0.736519	0.744888	0.8036	0.2918	0.8580	0.1060	0.5981	0.2716	0.4040