RESNUM	RES	VL-XT	VSL2B	VL3	IUPred-S	IUPred-L	PONDRFIT	FITERROR	MDP	MDPERROR	ANCHOR2
000001	M	0.762755	0.842534	0.721412	0.9040	0.5176	0.9830	0.0150	0.7885	0.1486	0.3010
000002	K	0.772621	0.829640	0.717583	0.8158	0.5951	0.9880	0.0090	0.7864	0.1189	0.2895
000003	C	0.744151	0.828083	0.710696	0.7724	0.6322	0.9660	0.0370	0.7757	0.1040	0.2827
000004	K	0.753377	0.826199	0.706637	0.7540	0.6531	0.9480	0.0300	0.7735	0.0938	0.2803
000005	P	0.682687	0.819951	0.702326	0.7147	0.5098	0.9220	0.0410	0.7252	0.1268	0.2787
000006	N	0.687293	0.798228	0.698611	0.6715	0.5139	0.9110	0.0380	0.7134	0.1216	0.2838
000007	Q	0.677244	0.766944	0.694207	0.5549	0.5139	0.8930	0.0540	0.6833	0.1267	0.2917
000008	T	0.664711	0.743161	0.691870	0.5084	0.5176	0.9130	0.0440	0.6731	0.1379	0.2983
000009	R	0.626563	0.735937	0.687092	0.4556	0.5055	0.8950	0.0540	0.6510	0.1461	0.3034
000010	T	0.591678	0.731898	0.677569	0.4078	0.4979	0.8400	0.1070	0.6244	0.1442	0.3119
000011	Y	0.535347	0.704903	0.663112	0.3399	0.4369	0.9320	0.0630	0.6020	0.1930	0.3216
000012	D	0.506268	0.710295	0.647816	0.3456	0.3983	0.9160	0.0810	0.5874	0.1948	0.3262
000013	P	0.474726	0.707870	0.634566	0.2432	0.3356	0.8880	0.0970	0.5473	0.2206	0.3423
000014	E	0.409731	0.699348	0.622514	0.3491	0.3286	0.8600	0.1000	0.5448	0.1968	0.3580
000015	G	0.401039	0.662156	0.611283	0.2531	0.3249	0.7980	0.1140	0.5084	0.1951	0.3768
000016	F	0.358364	0.601450	0.598245	0.1602	0.2988	0.7180	0.1490	0.4558	0.1965	0.3936
000017	K	0.313880	0.531436	0.584610	0.1566	0.2988	0.5830	0.2160	0.4113	0.1638	0.3995
000018	K	0.336498	0.510807	0.569954	0.1495	0.2817	0.4600	0.1900	0.3848	0.1439	0.4056
000019	R	0.362343	0.455759	0.556929	0.1566	0.2817	0.3770	0.2000	0.3651	0.1262	0.4127
000020	A	0.420679	0.409444	0.547368	0.1566	0.3019	0.3110	0.1700	0.3579	0.1213	0.4206
000021	A	0.432525	0.379455	0.542044	0.1635	0.3019	0.2220	0.1150	0.3402	0.1275	0.4245
000022	C	0.437490	0.358225	0.541214	0.2333	0.3182	0.1840	0.0850	0.3455	0.1199	0.4244
000023	L	0.480703	0.375550	0.542357	0.2432	0.2470	0.1750	0.0730	0.3440	0.1335	0.4306
000024	C	0.441495	0.421770	0.543546	0.1732	0.1671	0.1840	0.0790	0.3218	0.1520	0.4330
000025	F	0.435864	0.462199	0.544306	0.1416	0.1229	0.1990	0.0890	0.3177	0.1679	0.4270
000026	R	0.437690	0.504797	0.544660	0.1117	0.1206	0.2080	0.1040	0.3213	0.1799	0.4255
000027	S	0.390855	0.535519	0.545207	0.1322	0.1881	0.2070	0.1050	0.3331	0.1666	0.4231
000028	E	0.344457	0.559836	0.546733	0.1380	0.1969	0.2120	0.1080	0.3330	0.1676	0.4196
000029	R	0.312801	0.570865	0.550318	0.1495	0.1969	0.2340	0.1240	0.3358	0.1664	0.4171
000030	E	0.298974	0.585650	0.556796	0.1566	0.1424	0.2400	0.1240	0.3300	0.1785	0.4159
000031	D	0.289094	0.599852	0.565820	0.1602	0.1759	0.2490	0.1220	0.3400	0.1773	0.4146
000032	E	0.247438	0.610758	0.576101	0.1205	0.2002	0.2540	0.1080	0.3349	0.1882	0.4120
000033	V	0.238242	0.608860	0.586576	0.2209	0.2645	0.2570	0.1000	0.3627	0.1669	0.4081
000034	L	0.245836	0.605402	0.596291	0.3005	0.2399	0.2530	0.0890	0.3735	0.1620	0.4058
000035	L	0.242176	0.599517	0.604000	0.3847	0.2436	0.2410	0.0750	0.3858	0.1608	0.4013
000036	V	0.254004	0.569058	0.611098	0.3762	0.2783	0.2290	0.0640	0.3862	0.1517	0.4021
000037	S	0.251704	0.549960	0.615947	0.3311	0.3117	0.2260	0.0580	0.3810	0.1483	0.4020
000038	S	0.253760	0.560593	0.620411	0.2820	0.3149	0.2540	0.0910	0.3809	0.1506	0.4011
000039	S	0.263464	0.575572	0.623608	0.3005	0.3087	0.2800	0.1290	0.3920	0.1482	0.3991
000040	R	0.304638	0.560618	0.629903	0.3146	0.3215	0.2990	0.1460	0.4051	0.1361	0.3980
000041	Y	0.346901	0.581822	0.641307	0.3184	0.2884	0.3130	0.1460	0.4150	0.1411	0.3958
000042	P	0.402004	0.605973	0.657616	0.3184	0.2884	0.2990	0.1440	0.4285	0.1490	0.3943
000043	D	0.461116	0.619229	0.675157	0.2865	0.3053	0.3040	0.1390	0.4419	0.1570	0.3940
000044	R	0.532355	0.608586	0.690876	0.3491	0.3631	0.3050	0.1300	0.4748	0.1443	0.3965
000045	W	0.593662	0.599047	0.705417	0.4149	0.4330	0.3190	0.1130	0.5109	0.1320	0.3972
000046	I	0.663551	0.576814	0.719882	0.4703	0.5098	0.3120	0.1100	0.5420	0.1335	0.4002
000047	V	0.728620	0.617743	0.732484	0.5253	0.6043	0.2950	0.1040	0.5839	0.1481	0.4054
000048	P	0.797088	0.637993	0.743246	0.5296	0.6043	0.2750	0.1060	0.5979	0.1689	0.4119
000049	G	0.831284	0.647684	0.751996	0.5473	0.6089	0.3040	0.1190	0.6151	0.1674	0.4180
000050	G	0.853110	0.663588	0.762399	0.5473	0.5854	0.3410	0.1170	0.6255	0.1636	0.4232
000051	G	0.863066	0.712260	0.773362	0.5667	0.5707	0.4410	0.1470	0.6546	0.1421	0.4275
000052	M	0.867355	0.747144	0.783233	0.6219	0.6089	0.5280	0.1540	0.6928	0.1160	0.4315
000053	E	0.869827	0.778959	0.789988	0.5762	0.5707	0.5480	0.1460	0.6889	0.1276	0.4312
000054	P	0.876270	0.789620	0.793917	0.5084	0.5707	0.5630	0.1460	0.6836	0.1406	0.4272
000055	E	0.884908	0.797096	0.796886	0.5173	0.5211	0.6000	0.1590	0.6861	0.1457	0.4241
000056	E	0.890243	0.795447	0.799413	0.6124	0.5419	0.5960	0.1900	0.7059	0.1281	0.4225
000057	E	0.892179	0.795522	0.801569	0.6174	0.6482	0.5720	0.1930	0.7212	0.1151	0.4234
000058	P	0.895484	0.787852	0.802978	0.5941	0.7289	0.5460	0.1980	0.7260	0.1212	0.4247
000059	G	0.896953	0.772458	0.802432	0.5802	0.6712	0.5320	0.1830	0.7091	0.1275	0.4258
000060	G	0.892964	0.748037	0.797836	0.5846	0.6755	0.4930	0.1610	0.6987	0.1327	0.4276
000061	A	0.866040	0.699823	0.788376	0.5514	0.6043	0.4880	0.1590	0.6664	0.1321	0.4302
000062	A	0.839701	0.663990	0.773948	0.5473	0.5901	0.4470	0.1750	0.6436	0.1334	0.4316
000063	V	0.814878	0.611509	0.755785	0.5253	0.6269	0.4350	0.1630	0.6283	0.1286	0.4324
000064	R	0.804189	0.574276	0.734736	0.5043	0.6089	0.4140	0.1620	0.6067	0.1318	0.4332
000065	E	0.789737	0.555575	0.711888	0.4879	0.5055	0.4350	0.1660	0.5809	0.1273	0.4335
000066	V	0.772119	0.546609	0.689951	0.4600	0.5017	0.4520	0.1780	0.5704	0.1201	0.4335
000067	Y	0.755826	0.536319	0.669876	0.3885	0.4864	0.4900	0.1890	0.5544	0.1229	0.4336
000068	E	0.743407	0.523242	0.652689	0.3806	0.4149	0.4560	0.2030	0.5284	0.1302	0.4335
000069	E	0.714587	0.536249	0.637029	0.3491	0.3356	0.4890	0.1970	0.5103	0.1387	0.4334
000070	A	0.714610	0.532630	0.621004	0.2820	0.3356	0.4600	0.1710	0.4910	0.1513	0.4336
000071	G	0.678736	0.510823	0.602555	0.2080	0.2884	0.4410	0.1880	0.4548	0.1653	0.4337
000072	V	0.633829	0.511209	0.582240	0.2292	0.2193	0.4000	0.1830	0.4293	0.1617	0.4334
000073	K	0.578583	0.503407	0.560971	0.1921	0.2503	0.3310	0.1860	0.4028	0.1521	0.4332
000074	G	0.572776	0.452084	0.539857	0.1602	0.3053	0.2810	0.1720	0.3853	0.1480	0.4335
000075	K	0.554385	0.412813	0.518907	0.1766	0.3215	0.2370	0.1380	0.3702	0.1387	0.4335
000076	L	0.478145	0.390492	0.498766	0.1667	0.3182	0.1960	0.0830	0.3413	0.1279	0.4326
000077	G	0.401210	0.338815	0.478617	0.2122	0.3774	0.1580	0.0500	0.3277	0.1103	0.4324
000078	R	0.384750	0.308041	0.459265	0.2820	0.4766	0.1350	0.0330	0.3410	0.1163	0.4316
000079	L	0.367975	0.280750	0.439327	0.2820	0.4582	0.1210	0.0200	0.3248	0.1142	0.4286
000080	L	0.350045	0.259479	0.420209	0.3005	0.4507	0.1160	0.0200	0.3162	0.1106	0.4269
000081	G	0.331199	0.250205	0.399215	0.3053	0.4619	0.1320	0.0440	0.3133	0.1054	0.4270
000082	V	0.300107	0.286695	0.377616	0.2963	0.4652	0.1770	0.0730	0.3172	0.0884	0.4283
000083	F	0.224556	0.328710	0.354005	0.3311	0.4409	0.2480	0.1010	0.3212	0.0710	0.4312
000084	E	0.162333	0.380570	0.329317	0.3399	0.4017	0.2540	0.0730	0.3114	0.0812	0.4298
000085	Q	0.154865	0.435513	0.303722	0.2657	0.3249	0.3030	0.1000	0.2979	0.0829	0.4222
000086	N	0.150220	0.491954	0.278393	0.2167	0.2884	0.3630	0.1400	0.2982	0.1086	0.4166
000087	Q	0.104130	0.503230	0.254149	0.2041	0.2884	0.3450	0.1320	0.2832	0.1235	0.4108
000088	D	0.057004	0.490403	0.231981	0.1532	0.2918	0.2980	0.0810	0.2538	0.1346	0.4091
000089	P	0.046142	0.500520	0.211012	0.1041	0.2503	0.2360	0.0690	0.2246	0.1434	0.4064
000090	K	0.055160	0.463634	0.190996	0.1456	0.3117	0.2110	0.0720	0.2296	0.1296	0.4007
000091	H	0.071042	0.376642	0.172495	0.1495	0.3807	0.1640	0.0650	0.2191	0.1175	0.4015
000092	R	0.078362	0.302133	0.157570	0.1456	0.3182	0.1320	0.0560	0.1891	0.0893	0.4037
000093	T	0.075043	0.227695	0.146998	0.1998	0.3053	0.0800	0.0330	0.1725	0.0818	0.4135
000094	Y	0.075637	0.168346	0.139578	0.2080	0.4017	0.0570	0.0200	0.1751	0.1137	0.4266
000095	V	0.075991	0.121797	0.134854	0.1349	0.4051	0.0470	0.0150	0.1532	0.1172	0.4290
000096	Y	0.075097	0.102072	0.131842	0.1349	0.3087	0.0490	0.0170	0.1336	0.0839	0.4202
000097	V	0.069176	0.092208	0.129150	0.1380	0.3087	0.0550	0.0220	0.1321	0.0843	0.4158
000098	L	0.067469	0.081018	0.125930	0.0813	0.3117	0.0690	0.0250	0.1228	0.0867	0.4170
000099	T	0.047001	0.078839	0.122097	0.0789	0.3019	0.0820	0.0270	0.1185	0.0849	0.4258
000100	V	0.026673	0.092739	0.117586	0.0660	0.2258	0.0880	0.0250	0.1028	0.0617	0.4329
000101	T	0.044588	0.112978	0.113189	0.0744	0.2328	0.0870	0.0280	0.1109	0.0594	0.4255
000102	E	0.073510	0.139735	0.110415	0.0514	0.1702	0.0810	0.0310	0.1043	0.0407	0.4153
000103	L	0.134322	0.203613	0.109005	0.0554	0.1791	0.0780	0.0330	0.1266	0.0524	0.4107
000104	L	0.215338	0.259634	0.108669	0.0336	0.1643	0.0840	0.0290	0.1442	0.0774	0.3985
000105	E	0.275480	0.298353	0.109026	0.0542	0.2224	0.0960	0.0330	0.1759	0.0937	0.3820
000106	D	0.298121	0.352415	0.110945	0.0677	0.2609	0.1180	0.0370	0.2013	0.1071	0.3716
000107	W	0.340067	0.395168	0.113064	0.1018	0.3460	0.1380	0.0520	0.2390	0.1231	0.3627
000108	E	0.380438	0.383699	0.114951	0.1240	0.3053	0.1260	0.0410	0.2391	0.1202	0.3507
000109	D	0.420669	0.404801	0.117000	0.1958	0.2752	0.1450	0.0450	0.2597	0.1189	0.3461
000110	S	0.431367	0.419545	0.119489	0.1205	0.2609	0.1860	0.0690	0.2563	0.1287	0.3494
000111	V	0.454277	0.374618	0.121421	0.0991	0.2575	0.1950	0.0840	0.2504	0.1288	0.3514
000112	S	0.444204	0.339819	0.123526	0.0935	0.2609	0.1780	0.0730	0.2399	0.1232	0.3550
000113	I	0.459651	0.341945	0.125609	0.0567	0.2645	0.1750	0.0690	0.2372	0.1355	0.3578
000114	G	0.500619	0.321876	0.128484	0.1018	0.3087	0.1890	0.0670	0.2585	0.1363	0.3582
000115	R	0.571985	0.328615	0.131064	0.1602	0.2988	0.2010	0.0780	0.2819	0.1476	0.3640
000116	K	0.585031	0.335835	0.134345	0.1380	0.2783	0.1790	0.0750	0.2751	0.1569	0.3784
000117	R	0.566110	0.316720	0.137519	0.0858	0.2164	0.1340	0.0530	0.2427	0.1624	0.3919
000118	E	0.543111	0.281063	0.141226	0.1380	0.2470	0.0970	0.0260	0.2412	0.1496	0.4100
000119	W	0.555656	0.250583	0.143700	0.1018	0.2470	0.0960	0.0260	0.2324	0.1574	0.4330
000120	F	0.584311	0.213196	0.145651	0.0677	0.1823	0.0840	0.0210	0.2128	0.1737	0.4173
000121	K	0.603543	0.199452	0.146735	0.0744	0.1852	0.0740	0.0220	0.2139	0.1809	0.4080
000122	V	0.508443	0.183510	0.148574	0.0813	0.2258	0.0700	0.0220	0.2029	0.1470	0.3976
000123	E	0.406571	0.170791	0.150298	0.0858	0.2503	0.0670	0.0210	0.1884	0.1144	0.3939
000124	D	0.310867	0.145709	0.155746	0.1349	0.2715	0.0690	0.0240	0.1813	0.0832	0.3918
000125	A	0.251050	0.147096	0.166733	0.1532	0.2715	0.0700	0.0260	0.1765	0.0677	0.3897
000126	I	0.228740	0.141075	0.183070	0.1266	0.2609	0.0730	0.0290	0.1689	0.0632	0.3923
000127	K	0.211162	0.153490	0.201656	0.1380	0.2817	0.0710	0.0240	0.1762	0.0658	0.3996
000128	V	0.157036	0.174592	0.220460	0.1380	0.2164	0.0750	0.0220	0.1636	0.0495	0.4069
000129	L	0.076528	0.200889	0.239785	0.1349	0.1528	0.0900	0.0230	0.1492	0.0575	0.4158
000130	Q	0.005178	0.210526	0.259256	0.1566	0.2436	0.1060	0.0260	0.1636	0.0877	0.4247
000131	C	0.002418	0.227188	0.279886	0.1958	0.3249	0.1180	0.0290	0.1913	0.1066	0.4331
000132	H	0.002134	0.258881	0.301587	0.2167	0.2715	0.1280	0.0340	0.1964	0.1029	0.4401
000133	K	0.002092	0.274330	0.323897	0.2820	0.3149	0.1440	0.0430	0.2236	0.1153	0.4466
000134	P	0.002126	0.301825	0.346226	0.2255	0.2436	0.1620	0.0430	0.2135	0.1109	0.4529
000135	V	0.002175	0.336167	0.368870	0.2209	0.2328	0.1780	0.0460	0.2232	0.1190	0.4567
000136	H	0.001611	0.359894	0.391459	0.1958	0.2541	0.1870	0.0480	0.2317	0.1282	0.4593
000137	A	0.001037	0.382719	0.413350	0.2700	0.3215	0.2020	0.0560	0.2650	0.1371	0.4627
000138	E	0.000857	0.422168	0.435117	0.2786	0.3599	0.2300	0.0650	0.2878	0.1476	0.4653
000139	Y	0.001511	0.454424	0.456677	0.3359	0.4186	0.2850	0.0760	0.3254	0.1577	0.4684
000140	L	0.017240	0.481859	0.478585	0.4245	0.4940	0.2670	0.0790	0.3605	0.1719	0.4710
000141	E	0.025270	0.516451	0.500675	0.4037	0.4864	0.2730	0.0820	0.3675	0.1739	0.4707
000142	K	0.036788	0.544876	0.523687	0.4600	0.5665	0.3350	0.0960	0.4112	0.1839	0.4705
000143	L	0.077559	0.574613	0.545836	0.4556	0.5620	0.4000	0.1240	0.4359	0.1719	0.4726
000144	K	0.131147	0.596728	0.567588	0.4651	0.5419	0.4390	0.1380	0.4568	0.1557	0.4695
000145	L	0.224211	0.626677	0.589034	0.4420	0.4901	0.4930	0.1340	0.4775	0.1294	0.4699
000146	G	0.331577	0.658112	0.611923	0.4879	0.5854	0.5300	0.1350	0.5341	0.1059	0.4655
000147	G	0.429473	0.691155	0.634681	0.4703	0.5807	0.5820	0.1490	0.5647	0.0900	0.4604
000148	S	0.532133	0.720896	0.657258	0.5173	0.6043	0.6350	0.1470	0.6112	0.0705	0.4544
000149	P	0.622481	0.761505	0.676372	0.5173	0.6227	0.6670	0.1460	0.6446	0.0734	0.4489
000150	T	0.720581	0.773360	0.693457	0.5846	0.7331	0.7240	0.1220	0.7048	0.0587	0.4418
000151	N	0.810253	0.788060	0.709577	0.6516	0.8050	0.7770	0.0960	0.7569	0.0575	0.4379
000152	G	0.877259	0.815133	0.728511	0.6604	0.7982	0.8220	0.0880	0.7835	0.0703	0.4413
000153	N	0.933135	0.834745	0.749576	0.6650	0.8343	0.8580	0.0770	0.8124	0.0849	0.4456
000154	S	0.950261	0.856979	0.772347	0.7317	0.8853	0.8900	0.0590	0.8478	0.0741	0.4510
000155	M	0.953330	0.878971	0.792212	0.7501	0.8942	0.9820	0.0200	0.8752	0.0821	0.4635
000156	A	0.965507	0.893163	0.807007	0.8350	0.9362	0.9800	0.0240	0.9028	0.0644	0.4604
000157	P	0.973191	0.901085	0.816148	0.8677	0.9381	0.9340	0.1010	0.9051	0.0515	0.4552
000158	S	0.978165	0.914436	0.822715	0.8984	0.9381	0.9330	0.1070	0.9141	0.0477	0.4525
000159	S	0.983104	0.922282	0.828821	0.9208	0.9415	0.9840	0.0200	0.9300	0.0520	0.4510
000160	P	0.992977	0.929694	0.834463	0.9316	0.9269	0.9850	0.0170	0.9334	0.0517	0.4537
000161	D	0.999280	0.939263	0.840157	0.9553	0.9249	0.9840	0.0200	0.9405	0.0515	0.4579
000162	S	0.999641	0.948483	0.844776	0.9684	0.9190	0.9800	0.0220	0.9434	0.0508	0.4592
000163	D	0.999793	0.953533	0.848579	0.9796	0.9190	0.9640	0.0430	0.9440	0.0493	0.4562
000164	P	0.999797	0.960829	0.849967	0.9885	0.9081	0.9520	0.0510	0.9432	0.0509	0.4471