RESNUM	RES	VL-XT	VSL2B	VL3	IUPred-S	IUPred-L	PONDRFIT	FITERROR	MDP	MDPERROR	ANCHOR2
000001	M	0.621832	0.774043	0.190729	0.4967	0.0054	0.9370	0.0320	0.4725	0.3233	0.0067
000002	F	0.263727	0.693426	0.183824	0.3456	0.0046	0.8740	0.0240	0.3636	0.3003	0.0067
000003	S	0.461414	0.614312	0.179491	0.1958	0.0042	0.8460	0.0550	0.3536	0.2884	0.0072
000004	H	0.341511	0.470232	0.174295	0.0884	0.0038	0.6880	0.1030	0.2654	0.2361	0.0078
000005	L	0.306843	0.333488	0.168253	0.0350	0.0035	0.6110	0.0990	0.2149	0.2075	0.0086
000006	P	0.260694	0.214664	0.162466	0.0118	0.0033	0.6410	0.0960	0.1885	0.2147	0.0095
000007	F	0.242876	0.128677	0.158339	0.0038	0.0030	0.6520	0.0900	0.1717	0.2214	0.0105
000008	D	0.200214	0.077049	0.155254	0.0009	0.0038	0.7230	0.0830	0.1676	0.2493	0.0129
000009	C	0.175008	0.044720	0.152691	0.0004	0.0046	0.7250	0.1200	0.1583	0.2527	0.0145
000010	V	0.163216	0.028675	0.152065	0.0003	0.0054	0.6900	0.1840	0.1479	0.2415	0.0180
000011	L	0.149097	0.022811	0.151374	0.0003	0.0062	0.8620	0.1430	0.1733	0.3042	0.0228
000012	L	0.139038	0.020707	0.148254	0.0003	0.0074	0.8040	0.1640	0.1619	0.2836	0.0276
000013	L	0.115373	0.021465	0.146567	0.0007	0.0089	0.8510	0.1510	0.1663	0.3014	0.0347
000014	L	0.100746	0.026291	0.144804	0.0007	0.0096	0.7630	0.1750	0.1501	0.2696	0.0407
000015	L	0.122457	0.037468	0.143905	0.0006	0.0073	0.6350	0.1990	0.1338	0.2215	0.0481
000016	L	0.171074	0.058427	0.143064	0.0013	0.0097	0.4370	0.1910	0.1129	0.1502	0.0531
000017	L	0.228521	0.088087	0.139038	0.0006	0.0079	0.3080	0.1190	0.1056	0.1141	0.0567
000018	L	0.288468	0.133872	0.132525	0.0018	0.0134	0.2880	0.1110	0.1209	0.1169	0.0585
000019	T	0.354105	0.198844	0.124745	0.0009	0.0095	0.3190	0.1270	0.1471	0.1390	0.0581
000020	R	0.425764	0.279055	0.118087	0.0027	0.0148	0.3680	0.1340	0.1818	0.1672	0.0573
000021	S	0.493576	0.352792	0.109082	0.0027	0.0214	0.3570	0.0830	0.2046	0.1881	0.0536
000022	S	0.564206	0.416584	0.104712	0.0061	0.0364	0.3610	0.0680	0.2306	0.2108	0.0487
000023	E	0.636559	0.487584	0.101713	0.0118	0.0494	0.3850	0.0870	0.2617	0.2380	0.0446
000024	V	0.670749	0.533021	0.102107	0.0252	0.0473	0.4180	0.0840	0.2825	0.2537	0.0388
000025	E	0.671092	0.550759	0.100388	0.0363	0.0463	0.4190	0.0780	0.2873	0.2550	0.0345
000026	Y	0.620063	0.553200	0.098994	0.0395	0.0909	0.4250	0.0760	0.2881	0.2365	0.0298
000027	R	0.553078	0.532608	0.099822	0.0441	0.0780	0.4130	0.0730	0.2701	0.2185	0.0277
000028	A	0.482718	0.485683	0.102575	0.0965	0.0646	0.3740	0.0640	0.2506	0.1847	0.0233
000029	E	0.407348	0.408370	0.105532	0.0884	0.0646	0.3250	0.0630	0.2157	0.1511	0.0208
000030	V	0.335309	0.334366	0.108664	0.0478	0.0646	0.2680	0.0720	0.1751	0.1242	0.0181
000031	G	0.267233	0.262365	0.111777	0.0297	0.0765	0.1790	0.0660	0.1358	0.0917	0.0165
000032	Q	0.187240	0.204911	0.115651	0.0297	0.0646	0.1070	0.0360	0.0989	0.0650	0.0152
000033	N	0.134822	0.156956	0.119961	0.0316	0.0543	0.0930	0.0320	0.0784	0.0484	0.0145
000034	A	0.080795	0.126997	0.121820	0.0218	0.0568	0.0800	0.0290	0.0611	0.0415	0.0140
000035	Y	0.069720	0.103558	0.123525	0.0304	0.0851	0.0710	0.0220	0.0599	0.0357	0.0139
000036	L	0.072652	0.095612	0.126287	0.0286	0.0799	0.0660	0.0210	0.0571	0.0363	0.0135
000037	P	0.074502	0.092013	0.130499	0.0490	0.0870	0.0640	0.0240	0.0611	0.0336	0.0127
000038	C	0.069455	0.096563	0.133093	0.0502	0.0605	0.0630	0.0250	0.0566	0.0358	0.0118
000039	F	0.065951	0.104975	0.136198	0.0441	0.0870	0.0590	0.0240	0.0602	0.0383	0.0140
000040	Y	0.058490	0.114312	0.139202	0.0268	0.0543	0.0610	0.0310	0.0524	0.0450	0.0161
000041	T	0.054662	0.136112	0.141522	0.0514	0.0414	0.0570	0.0290	0.0568	0.0479	0.0189
000042	P	0.028386	0.161775	0.143004	0.0376	0.0235	0.0480	0.0190	0.0499	0.0612	0.0200
000043	A	0.022331	0.165879	0.145480	0.0124	0.0227	0.0470	0.0130	0.0451	0.0668	0.0218
000044	A	0.018401	0.164449	0.145623	0.0078	0.0214	0.0450	0.0120	0.0428	0.0679	0.0241
000045	P	0.010129	0.171521	0.145718	0.0090	0.0258	0.0430	0.0110	0.0432	0.0702	0.0263
000046	G	0.057780	0.160503	0.144927	0.0173	0.0372	0.0440	0.0120	0.0528	0.0601	0.0287
000047	N	0.059343	0.142364	0.143292	0.0316	0.0327	0.0440	0.0120	0.0517	0.0540	0.0320
000048	L	0.059949	0.132467	0.140844	0.0218	0.0334	0.0420	0.0120	0.0482	0.0529	0.0350
000049	V	0.060042	0.121656	0.139942	0.0182	0.0463	0.0370	0.0110	0.0472	0.0504	0.0380
000050	P	0.060165	0.108332	0.139243	0.0395	0.0473	0.0320	0.0110	0.0480	0.0455	0.0376
000051	V	0.060139	0.093861	0.138668	0.0455	0.0929	0.0310	0.0110	0.0539	0.0427	0.0390
000052	C	0.059831	0.079574	0.138526	0.0259	0.0463	0.0300	0.0110	0.0402	0.0446	0.0396
000053	W	0.059848	0.074212	0.138479	0.0245	0.0398	0.0300	0.0100	0.0380	0.0450	0.0438
000054	G	0.059508	0.076002	0.136823	0.0131	0.0531	0.0280	0.0100	0.0383	0.0457	0.0445
000055	K	0.003269	0.077408	0.133090	0.0179	0.0443	0.0280	0.0110	0.0284	0.0489	0.0447
000056	G	0.001207	0.076822	0.129341	0.0157	0.0263	0.0290	0.0120	0.0248	0.0488	0.0467
000057	A	0.000616	0.077698	0.126274	0.0116	0.0178	0.0290	0.0140	0.0228	0.0490	0.0499
000058	C	0.000854	0.074074	0.120872	0.0082	0.0168	0.0290	0.0140	0.0216	0.0471	0.0540
000059	P	0.005285	0.075425	0.114427	0.0082	0.0275	0.0290	0.0150	0.0242	0.0436	0.0643
000060	V	0.036541	0.075396	0.108801	0.0109	0.0433	0.0320	0.0140	0.0330	0.0369	0.0768
000061	F	0.062828	0.077755	0.103339	0.0090	0.0414	0.0370	0.0180	0.0380	0.0349	0.0867
000062	E	0.078664	0.080325	0.099445	0.0144	0.0631	0.0390	0.0180	0.0458	0.0329	0.0905
000063	C	0.088408	0.086974	0.095857	0.0455	0.1275	0.0530	0.0300	0.0670	0.0316	0.0944
000064	G	0.091790	0.095453	0.089866	0.0660	0.1554	0.0590	0.0360	0.0780	0.0345	0.1052
000065	N	0.098373	0.101772	0.084494	0.0723	0.1671	0.0660	0.0410	0.0843	0.0361	0.1230
000066	V	0.104098	0.114630	0.080272	0.0526	0.1070	0.0910	0.0470	0.0782	0.0247	0.1414
000067	V	0.114320	0.154501	0.076445	0.0526	0.0618	0.1120	0.0570	0.0825	0.0374	0.1534
000068	L	0.117682	0.187682	0.069715	0.0405	0.0780	0.1260	0.0560	0.0916	0.0489	0.1696
000069	R	0.092803	0.218629	0.064458	0.0621	0.1399	0.1240	0.0550	0.1062	0.0547	0.1806
000070	T	0.077646	0.261097	0.057801	0.0554	0.1229	0.1340	0.0620	0.1085	0.0713	0.1856
000071	D	0.071887	0.292253	0.051906	0.0832	0.1048	0.1490	0.0710	0.1168	0.0809	0.1886
000072	E	0.073303	0.313470	0.045323	0.1292	0.1162	0.1440	0.0630	0.1294	0.0861	0.1974
000073	R	0.085692	0.325508	0.039116	0.0813	0.0662	0.1160	0.0430	0.1124	0.0954	0.2290
000074	D	0.086941	0.310053	0.034544	0.1041	0.1323	0.0880	0.0230	0.1202	0.0875	0.2707
000075	V	0.163133	0.264268	0.032503	0.0621	0.1323	0.0680	0.0230	0.1150	0.0782	0.2940
000076	N	0.190915	0.219173	0.029891	0.0621	0.1323	0.0560	0.0200	0.1100	0.0714	0.3092
000077	Y	0.223547	0.168656	0.027530	0.0858	0.1028	0.0520	0.0180	0.1054	0.0674	0.3330
000078	W	0.257600	0.130772	0.025307	0.1178	0.1424	0.0500	0.0160	0.1164	0.0748	0.3675
000079	T	0.302003	0.098730	0.024787	0.0991	0.2034	0.0500	0.0170	0.1256	0.0952	0.3649
000080	S	0.292217	0.086706	0.023735	0.0991	0.2034	0.0520	0.0150	0.1223	0.0930	0.3654
000081	R	0.281081	0.083253	0.022635	0.0965	0.2064	0.0580	0.0130	0.1208	0.0900	0.3629
000082	Y	0.265325	0.083502	0.023522	0.0935	0.1476	0.0620	0.0110	0.1087	0.0778	0.3644
000083	W	0.257477	0.093475	0.024920	0.0909	0.1323	0.0810	0.0280	0.1092	0.0719	0.3635
000084	L	0.176448	0.127543	0.024586	0.0660	0.0835	0.0880	0.0370	0.0903	0.0479	0.3182
000085	N	0.144736	0.183696	0.025089	0.0643	0.0817	0.1120	0.0430	0.0977	0.0524	0.2712
000086	G	0.109740	0.217114	0.026904	0.0542	0.0704	0.1520	0.0600	0.1006	0.0643	0.2384
000087	D	0.073637	0.251485	0.029608	0.0542	0.0734	0.1670	0.0640	0.1032	0.0770	0.2163
000088	F	0.018289	0.270153	0.033188	0.0526	0.1323	0.1600	0.0600	0.1055	0.0879	0.1912
000089	R	0.018650	0.295800	0.036134	0.0884	0.1554	0.1250	0.0400	0.1139	0.0919	0.1604
000090	K	0.041488	0.308777	0.038601	0.0884	0.1554	0.1130	0.0360	0.1178	0.0921	0.1500
000091	G	0.076024	0.309835	0.042279	0.0567	0.1048	0.1350	0.0520	0.1138	0.0902	0.1432
000092	D	0.112857	0.304719	0.046956	0.0621	0.0888	0.1590	0.0610	0.1213	0.0868	0.1416
000093	V	0.140027	0.297152	0.051140	0.0554	0.1528	0.1700	0.0650	0.1359	0.0828	0.1406
000094	S	0.148658	0.267032	0.054394	0.0723	0.2292	0.1430	0.0470	0.1434	0.0771	0.1374
000095	L	0.165459	0.232743	0.059274	0.1205	0.3053	0.1350	0.0450	0.1598	0.0804	0.1478
000096	T	0.162653	0.237285	0.065546	0.1240	0.2129	0.1280	0.0370	0.1442	0.0585	0.1560
000097	I	0.168815	0.241538	0.072361	0.1240	0.1424	0.1240	0.0410	0.1335	0.0531	0.1653
000098	E	0.171522	0.245161	0.077730	0.0744	0.0835	0.1050	0.0350	0.1133	0.0639	0.1747
000099	N	0.151034	0.241658	0.084770	0.0832	0.0948	0.0940	0.0350	0.1107	0.0588	0.1906
000100	V	0.118355	0.218903	0.091578	0.0643	0.0948	0.0870	0.0350	0.0973	0.0524	0.2214
000101	T	0.084386	0.177141	0.097822	0.0490	0.0581	0.0780	0.0300	0.0744	0.0450	0.2472
000102	L	0.063040	0.141603	0.102973	0.0502	0.0618	0.0660	0.0200	0.0638	0.0360	0.2760
000103	A	0.051468	0.121755	0.107561	0.0286	0.0349	0.0520	0.0130	0.0481	0.0399	0.2949
000104	D	0.036336	0.097295	0.112397	0.0455	0.0618	0.0470	0.0140	0.0479	0.0340	0.3142
000105	S	0.035381	0.082464	0.116600	0.0259	0.0618	0.0480	0.0190	0.0423	0.0362	0.3381
000106	G	0.030090	0.070004	0.120009	0.0542	0.0618	0.0410	0.0150	0.0428	0.0350	0.3607
000107	I	0.038426	0.056786	0.124943	0.0554	0.0483	0.0380	0.0140	0.0395	0.0364	0.3923
000108	Y	0.048762	0.044925	0.129479	0.0542	0.0851	0.0380	0.0140	0.0452	0.0384	0.4230
000109	C	0.051575	0.040595	0.134357	0.0441	0.0817	0.0390	0.0150	0.0427	0.0409	0.4235
000110	C	0.053287	0.044496	0.138414	0.0455	0.0870	0.0380	0.0130	0.0447	0.0422	0.4194
000111	R	0.047529	0.048355	0.142332	0.0723	0.1206	0.0380	0.0110	0.0545	0.0461	0.4336
000112	I	0.043965	0.053820	0.146576	0.0789	0.0631	0.0420	0.0100	0.0470	0.0433	0.4236
000113	Q	0.036798	0.068915	0.149062	0.1322	0.1070	0.0460	0.0130	0.0652	0.0491	0.4164
000114	I	0.036180	0.081686	0.152551	0.1018	0.0765	0.0490	0.0120	0.0575	0.0456	0.4113
000115	P	0.035357	0.103963	0.159746	0.0991	0.0704	0.0510	0.0140	0.0600	0.0486	0.4081
000116	G	0.024822	0.134682	0.168226	0.0567	0.0424	0.0580	0.0140	0.0527	0.0592	0.4018
000117	I	0.016743	0.176014	0.172096	0.0607	0.0294	0.0650	0.0150	0.0580	0.0702	0.4039
000118	M	0.012578	0.223505	0.177150	0.0660	0.0294	0.0690	0.0140	0.0668	0.0828	0.4025
000119	N	0.008347	0.250845	0.180491	0.0723	0.0483	0.0860	0.0190	0.0777	0.0879	0.3995
000120	D	0.007677	0.274964	0.190745	0.0643	0.0967	0.1050	0.0260	0.0914	0.0927	0.4030
000121	E	0.007935	0.285266	0.199168	0.0965	0.1298	0.1250	0.0390	0.1075	0.0921	0.4154
000122	K	0.008275	0.277037	0.206130	0.1117	0.1275	0.1260	0.0370	0.1085	0.0901	0.4332
000123	F	0.008576	0.254786	0.215784	0.1495	0.1424	0.1210	0.0310	0.1127	0.0856	0.4166
000124	N	0.008966	0.247428	0.228869	0.1495	0.1373	0.0970	0.0210	0.1068	0.0886	0.4121
000125	L	0.008425	0.227912	0.240349	0.1667	0.2292	0.0890	0.0230	0.1202	0.0945	0.4051
000126	K	0.034085	0.218772	0.252287	0.1456	0.1759	0.0850	0.0230	0.1098	0.0858	0.4038
000127	L	0.057694	0.214251	0.263259	0.1698	0.2034	0.0960	0.0230	0.1235	0.0830	0.3992
000128	V	0.165655	0.225974	0.271436	0.2255	0.2817	0.0930	0.0250	0.1653	0.0789	0.4047
000129	I	0.212963	0.255635	0.284630	0.2820	0.3149	0.1010	0.0250	0.1945	0.0847	0.4159
000130	K	0.260187	0.296860	0.296339	0.2865	0.3182	0.1170	0.0290	0.2131	0.0835	0.4284
000131	P	0.307601	0.353466	0.310226	0.2913	0.3087	0.1490	0.0540	0.2351	0.0825	0.4275
000132	A	0.365470	0.390259	0.322757	0.3005	0.3019	0.1610	0.0560	0.2531	0.0908	0.4151
000133	K	0.372808	0.433552	0.335515	0.3146	0.2034	0.1400	0.0380	0.2441	0.1142	0.4036
000134	V	0.374199	0.468687	0.354189	0.4078	0.3053	0.1590	0.0430	0.2859	0.1134	0.4023
000135	T	0.347735	0.506705	0.376038	0.3359	0.2680	0.1600	0.0510	0.2697	0.1225	0.4034
000136	P	0.375324	0.527928	0.393527	0.4203	0.3182	0.2010	0.0460	0.3070	0.1192	0.4055
000137	A	0.286893	0.554361	0.406525	0.3992	0.2193	0.2140	0.0470	0.2790	0.1381	0.4103
000138	P	0.252435	0.565878	0.417579	0.4513	0.3286	0.1970	0.0450	0.2992	0.1425	0.4182
000139	T	0.217900	0.549698	0.429535	0.4458	0.3910	0.1890	0.0560	0.2989	0.1465	0.4285
000140	R	0.182910	0.559312	0.446256	0.5514	0.4409	0.1790	0.0570	0.3189	0.1737	0.4249
000141	Q	0.149387	0.566473	0.457801	0.5623	0.3599	0.1690	0.0520	0.3011	0.1858	0.4068
000142	R	0.166485	0.560656	0.468381	0.5126	0.3356	0.1740	0.0490	0.2915	0.1751	0.3864
000143	D	0.186283	0.550726	0.480600	0.4879	0.3740	0.1580	0.0460	0.2928	0.1712	0.3689
000144	F	0.204618	0.542091	0.488414	0.4825	0.3807	0.1510	0.0490	0.2935	0.1690	0.3530
000145	T	0.175037	0.543752	0.492708	0.5514	0.4409	0.1430	0.0470	0.3090	0.1872	0.3482
000146	A	0.177347	0.479975	0.493047	0.5583	0.4369	0.1560	0.0450	0.3014	0.1778	0.3429
000147	A	0.180567	0.474072	0.492048	0.5374	0.4087	0.1640	0.0390	0.2941	0.1701	0.3374
000148	F	0.183712	0.506729	0.492293	0.5667	0.4725	0.1500	0.0340	0.3133	0.1836	0.3332
000149	P	0.187142	0.496100	0.491567	0.5473	0.4087	0.1530	0.0320	0.2987	0.1750	0.3366
000150	R	0.171863	0.506527	0.494796	0.5846	0.4220	0.1810	0.0440	0.3110	0.1805	0.3393
000151	M	0.170756	0.518583	0.493856	0.5514	0.4256	0.2280	0.0650	0.3157	0.1680	0.3414
000152	L	0.175558	0.538276	0.498028	0.5514	0.4292	0.2790	0.0720	0.3288	0.1623	0.3505
000153	T	0.187149	0.547556	0.503077	0.5374	0.4330	0.2860	0.0820	0.3319	0.1588	0.3640
000154	T	0.188167	0.603837	0.508562	0.5549	0.3392	0.3270	0.0940	0.3355	0.1692	0.3770
000155	R	0.274216	0.628883	0.510034	0.6293	0.4441	0.3680	0.1000	0.3908	0.1553	0.3869
000156	G	0.345456	0.651369	0.511030	0.5583	0.4369	0.4040	0.1160	0.3993	0.1327	0.3925
000157	H	0.424491	0.669217	0.510991	0.5846	0.3840	0.4520	0.1040	0.4191	0.1296	0.3994
000158	G	0.502305	0.687501	0.513992	0.6124	0.4476	0.4850	0.1040	0.4558	0.1188	0.4066
000159	P	0.586931	0.692191	0.519258	0.6079	0.5707	0.4930	0.1030	0.4918	0.1077	0.4118
000160	A	0.656993	0.693713	0.521716	0.6124	0.4476	0.5170	0.1160	0.4879	0.1225	0.4162
000161	E	0.726060	0.697464	0.525237	0.6035	0.4582	0.4770	0.1160	0.4937	0.1355	0.4207
000162	T	0.781006	0.693617	0.524731	0.5549	0.4051	0.5430	0.1140	0.4963	0.1499	0.4253
000163	Q	0.851927	0.682585	0.527763	0.6174	0.4979	0.5560	0.1190	0.5342	0.1481	0.4250
000164	T	0.847332	0.673626	0.528508	0.5549	0.5055	0.5900	0.1270	0.5285	0.1459	0.4238
000165	L	0.851725	0.673135	0.523091	0.5549	0.4119	0.5930	0.1190	0.5142	0.1621	0.4217
000166	G	0.827142	0.659217	0.513005	0.5623	0.4087	0.5770	0.1210	0.5057	0.1553	0.4227
000167	S	0.802741	0.643862	0.506696	0.4825	0.4149	0.5610	0.1080	0.4842	0.1518	0.4232
000168	L	0.778339	0.644025	0.500737	0.4825	0.3356	0.5190	0.1060	0.4599	0.1615	0.4246
000169	P	0.732673	0.615757	0.490861	0.4781	0.3087	0.3780	0.1030	0.4188	0.1632	0.4264
000170	D	0.686905	0.606249	0.478862	0.3668	0.2884	0.3470	0.0980	0.3826	0.1645	0.4309
000171	I	0.647661	0.558272	0.463059	0.3630	0.3392	0.3350	0.1060	0.3738	0.1413	0.4323
000172	N	0.622373	0.538900	0.451401	0.3456	0.2436	0.2780	0.1110	0.3381	0.1563	0.4267
000173	L	0.559305	0.483829	0.440351	0.3578	0.2399	0.2690	0.1040	0.3184	0.1357	0.4212
000174	T	0.495385	0.407323	0.426911	0.2558	0.2399	0.2640	0.1140	0.2771	0.1218	0.4112
000175	Q	0.460107	0.400246	0.418065	0.2558	0.2328	0.2310	0.0750	0.2634	0.1179	0.4014
000176	I	0.416732	0.384122	0.411349	0.3311	0.3149	0.2180	0.0560	0.2774	0.0971	0.3883
000177	S	0.373357	0.392792	0.406639	0.3311	0.2399	0.2090	0.0420	0.2577	0.1016	0.3763
000178	T	0.350743	0.416818	0.401563	0.3263	0.2094	0.2320	0.0480	0.2559	0.1031	0.3613
000179	L	0.320298	0.452941	0.398890	0.3096	0.3019	0.2380	0.0540	0.2704	0.0965	0.3445
000180	A	0.289120	0.461388	0.395224	0.2292	0.2884	0.2580	0.0730	0.2544	0.1046	0.3267
000181	N	0.240335	0.484502	0.388051	0.2209	0.2002	0.3020	0.0930	0.2413	0.1200	0.3106
000182	E	0.220036	0.514511	0.379887	0.3005	0.2849	0.3810	0.0850	0.2835	0.1129	0.2960
000183	L	0.214857	0.519977	0.367813	0.1958	0.2884	0.4780	0.1310	0.2828	0.1377	0.2799
000184	R	0.200453	0.518529	0.356027	0.2558	0.3704	0.4300	0.1330	0.2958	0.1207	0.2660
000185	D	0.192786	0.526314	0.339469	0.2558	0.3631	0.4080	0.1450	0.2910	0.1208	0.2542
000186	S	0.193780	0.542475	0.324012	0.2385	0.3215	0.3940	0.1350	0.2817	0.1249	0.2392
000187	R	0.193705	0.538810	0.310662	0.3096	0.4149	0.4150	0.1510	0.3119	0.1201	0.2249
000188	L	0.200419	0.548264	0.297908	0.2531	0.3356	0.4610	0.1620	0.2998	0.1298	0.2111
000189	A	0.221290	0.586170	0.282504	0.2531	0.3286	0.4680	0.1290	0.3095	0.1376	0.1968
000190	N	0.236473	0.581768	0.267218	0.2041	0.3286	0.5290	0.1380	0.3134	0.1521	0.1837
000191	D	0.230794	0.570599	0.251768	0.2255	0.3566	0.5210	0.1490	0.3175	0.1458	0.1724
000192	L	0.228955	0.545227	0.236634	0.1322	0.2680	0.5530	0.1360	0.2879	0.1669	0.1598
000193	R	0.225887	0.512318	0.223295	0.1150	0.1702	0.5450	0.1350	0.2614	0.1713	0.1450
000194	D	0.222539	0.455745	0.208120	0.0935	0.1702	0.5390	0.1320	0.2468	0.1635	0.1307
000195	S	0.211059	0.398957	0.194624	0.0478	0.1671	0.4540	0.1230	0.2131	0.1427	0.1122
000196	G	0.190442	0.319236	0.182002	0.0218	0.1349	0.3260	0.1070	0.1654	0.1095	0.0963
000197	A	0.169446	0.256777	0.171389	0.0200	0.1349	0.2430	0.0970	0.1373	0.0830	0.0823
000198	T	0.134087	0.205294	0.161071	0.0131	0.0835	0.1820	0.0850	0.1029	0.0701	0.0702
000199	I	0.102664	0.161467	0.155406	0.0259	0.0851	0.1430	0.0730	0.0863	0.0540	0.0582
000200	R	0.090836	0.130626	0.155059	0.0150	0.0870	0.1120	0.0570	0.0726	0.0510	0.0508
000201	I	0.074464	0.107718	0.156201	0.0099	0.0817	0.0900	0.0390	0.0606	0.0507	0.0428
000202	G	0.059120	0.091632	0.158263	0.0074	0.0454	0.0800	0.0300	0.0473	0.0534	0.0371
000203	I	0.044670	0.073775	0.159997	0.0131	0.0631	0.0910	0.0430	0.0475	0.0526	0.0326
000204	Y	0.029228	0.057735	0.163143	0.0066	0.0380	0.1120	0.0600	0.0407	0.0602	0.0296
000205	I	0.024161	0.050444	0.166863	0.0040	0.0294	0.1260	0.0720	0.0391	0.0654	0.0267
000206	G	0.018993	0.050305	0.171008	0.0010	0.0191	0.1400	0.0770	0.0382	0.0710	0.0258
000207	A	0.015228	0.052968	0.174022	0.0008	0.0130	0.1510	0.0780	0.0389	0.0750	0.0248
000208	G	0.011461	0.050264	0.177965	0.0006	0.0097	0.1430	0.0680	0.0358	0.0757	0.0246
000209	I	0.008677	0.049137	0.180190	0.0003	0.0095	0.1330	0.0550	0.0334	0.0752	0.0246
000210	C	0.003974	0.044723	0.183917	0.0003	0.0117	0.1190	0.0470	0.0300	0.0750	0.0258
000211	A	0.001408	0.045250	0.186062	0.0003	0.0087	0.1040	0.0340	0.0266	0.0746	0.0255
000212	G	0.000592	0.042118	0.188516	0.0004	0.0088	0.0950	0.0250	0.0244	0.0748	0.0263
000213	L	0.000231	0.040160	0.190084	0.0002	0.0064	0.0880	0.0190	0.0225	0.0752	0.0257
000214	A	0.000202	0.036273	0.192282	0.0002	0.0083	0.0770	0.0220	0.0203	0.0752	0.0263
000215	L	0.000153	0.032792	0.193626	0.0002	0.0079	0.0730	0.0220	0.0190	0.0757	0.0270
000216	A	0.000107	0.028623	0.194854	0.0004	0.0080	0.0700	0.0220	0.0179	0.0763	0.0301
000217	L	0.000064	0.022915	0.195490	0.0003	0.0080	0.0680	0.0200	0.0165	0.0767	0.0333
000218	I	0.000043	0.019229	0.196175	0.0002	0.0090	0.0660	0.0190	0.0157	0.0771	0.0380
000219	F	0.000038	0.019536	0.195679	0.0002	0.0090	0.0740	0.0250	0.0172	0.0772	0.0462
000220	G	0.000014	0.020690	0.195150	0.0003	0.0123	0.0820	0.0340	0.0192	0.0771	0.0551
000221	A	0.000008	0.022989	0.193972	0.0005	0.0202	0.0890	0.0390	0.0221	0.0764	0.0650
000222	L	0.000010	0.030014	0.191008	0.0006	0.0235	0.0940	0.0370	0.0247	0.0749	0.0810
000223	I	0.000011	0.042538	0.188588	0.0007	0.0151	0.1110	0.0450	0.0282	0.0758	0.1002
000224	F	0.000014	0.062538	0.184766	0.0015	0.0244	0.1130	0.0430	0.0336	0.0733	0.1233
000225	K	0.000016	0.087614	0.182548	0.0008	0.0313	0.1070	0.0400	0.0377	0.0719	0.1441
000226	W	0.000027	0.123144	0.181339	0.0031	0.0306	0.1460	0.0410	0.0506	0.0783	0.1626
000227	Y	0.000039	0.175761	0.181052	0.0049	0.0364	0.2540	0.0710	0.0785	0.1034	0.1655
000228	S	0.000047	0.234909	0.181043	0.0052	0.0356	0.3250	0.0770	0.1002	0.1282	0.1652
000229	H	0.000059	0.333752	0.181484	0.0097	0.0356	0.4290	0.1310	0.1346	0.1692	0.1612
000230	S	0.000074	0.434856	0.181468	0.0121	0.0646	0.4780	0.1510	0.1650	0.1966	0.1460
000231	K	0.000212	0.493075	0.178602	0.0069	0.0389	0.5060	0.1420	0.1742	0.2193	0.1336
000232	E	0.000739	0.556562	0.179243	0.0090	0.0380	0.5130	0.1390	0.1862	0.2351	0.1205
000233	K	0.011570	0.612513	0.185725	0.0116	0.0676	0.5380	0.1000	0.2068	0.2484	0.1007
000234	I	0.059467	0.583755	0.194069	0.0200	0.0676	0.5390	0.0830	0.2116	0.2333	0.0838
000235	Q	0.100060	0.522544	0.203927	0.0441	0.1399	0.4390	0.1090	0.2076	0.1805	0.0719
000236	N	0.142554	0.463476	0.209825	0.0245	0.1643	0.3650	0.0760	0.1933	0.1498	0.0634
000237	L	0.174404	0.368778	0.210532	0.0502	0.2503	0.3280	0.0640	0.1953	0.1099	0.0574
000238	S	0.233595	0.279333	0.211844	0.1240	0.3249	0.2320	0.0300	0.1990	0.0712	0.0560
000239	L	0.338429	0.238523	0.211722	0.1240	0.2503	0.2130	0.0580	0.1940	0.0726	0.0547
000240	I	0.442720	0.237452	0.219837	0.1266	0.2129	0.2200	0.0720	0.2066	0.1029	0.0541
000241	S	0.549182	0.261166	0.230231	0.0813	0.2258	0.2630	0.0760	0.2300	0.1449	0.0555
000242	L	0.631898	0.297688	0.244416	0.0643	0.1969	0.2930	0.0880	0.2474	0.1773	0.0563
000243	A	0.681090	0.352881	0.259281	0.0554	0.1298	0.2960	0.0820	0.2526	0.2040	0.0579
000244	N	0.738411	0.388632	0.276514	0.0478	0.1115	0.3080	0.0660	0.2657	0.2279	0.0628
000245	L	0.781083	0.403354	0.292572	0.0677	0.1881	0.3080	0.0560	0.2913	0.2285	0.0694
000246	P	0.853637	0.442360	0.309050	0.0526	0.1759	0.2950	0.0750	0.3032	0.2587	0.0780
000247	P	0.897277	0.452334	0.324464	0.0607	0.1048	0.3040	0.0740	0.3033	0.2810	0.0874
000248	S	0.887700	0.449240	0.339862	0.1205	0.1583	0.3280	0.0790	0.3239	0.2590	0.0981
000249	G	0.880313	0.427210	0.355003	0.0701	0.1583	0.3300	0.0970	0.3110	0.2650	0.1086
000250	L	0.868651	0.413178	0.371254	0.1150	0.2470	0.2840	0.1080	0.3213	0.2450	0.1207
000251	A	0.868255	0.401835	0.390295	0.1878	0.3494	0.2430	0.1020	0.3417	0.2297	0.1329
000252	N	0.866319	0.400906	0.406856	0.2080	0.3599	0.2130	0.0730	0.3413	0.2302	0.1465
000253	A	0.858921	0.403990	0.422223	0.3263	0.3529	0.2070	0.0500	0.3582	0.2164	0.1606
000254	V	0.862057	0.431471	0.436701	0.3630	0.3053	0.1980	0.0370	0.3599	0.2208	0.1761
000255	A	0.845691	0.442484	0.454550	0.2865	0.3019	0.1820	0.0390	0.3431	0.2257	0.1939
000256	E	0.830263	0.445276	0.473983	0.3184	0.2951	0.1840	0.0430	0.3456	0.2201	0.2130
000257	G	0.823238	0.462438	0.494136	0.2913	0.2849	0.1900	0.0430	0.3419	0.2230	0.2298
000258	I	0.789970	0.466381	0.514952	0.1921	0.2783	0.1850	0.0520	0.3186	0.2302	0.2481
000259	R	0.754960	0.472036	0.535140	0.2080	0.2884	0.1810	0.0600	0.3174	0.2214	0.2676
000260	S	0.717880	0.501015	0.555413	0.2255	0.2224	0.1800	0.0650	0.3078	0.2226	0.2874
000261	E	0.679462	0.519033	0.576804	0.3096	0.2193	0.1770	0.0660	0.3175	0.2115	0.3096
000262	E	0.643294	0.517324	0.597914	0.2865	0.2715	0.1760	0.0670	0.3158	0.2040	0.3372
000263	N	0.620727	0.510153	0.614055	0.2255	0.1942	0.1580	0.0550	0.2848	0.2235	0.3639
000264	I	0.596360	0.501589	0.622556	0.2657	0.2436	0.1430	0.0510	0.2917	0.2126	0.3936
000265	Y	0.579132	0.490378	0.629620	0.2602	0.3249	0.1260	0.0360	0.2968	0.2078	0.4184
000266	T	0.498026	0.467716	0.635533	0.3005	0.3840	0.1130	0.0250	0.2939	0.1956	0.4336
000267	I	0.437238	0.477249	0.642533	0.2963	0.3704	0.1100	0.0140	0.2819	0.1957	0.4243
000268	E	0.377999	0.480624	0.650878	0.3184	0.3948	0.1080	0.0290	0.2799	0.1965	0.4208
000269	E	0.322459	0.469682	0.659136	0.4078	0.3983	0.1200	0.0450	0.2864	0.1952	0.4185
000270	N	0.266171	0.494057	0.672015	0.4379	0.3149	0.1350	0.0510	0.2746	0.2057	0.4135
000271	V	0.212529	0.529967	0.680845	0.3762	0.2364	0.1490	0.0540	0.2507	0.2201	0.4001
000272	Y	0.148128	0.536029	0.686639	0.2963	0.1449	0.1710	0.0670	0.2161	0.2387	0.3958
000273	E	0.086255	0.566357	0.691518	0.1998	0.0888	0.1900	0.0920	0.1885	0.2634	0.3958
000274	V	0.018276	0.587707	0.693726	0.1532	0.0817	0.2020	0.1120	0.1738	0.2815	0.3950
000275	E	0.013323	0.585877	0.691937	0.1732	0.1349	0.2120	0.1350	0.1865	0.2734	0.3967
000276	E	0.013131	0.582663	0.692875	0.2292	0.2002	0.2380	0.1590	0.2104	0.2619	0.3985
000277	P	0.015224	0.575212	0.694902	0.2292	0.2002	0.2580	0.1630	0.2129	0.2598	0.4010
000278	N	0.018319	0.545136	0.700400	0.2865	0.2951	0.2550	0.1540	0.2334	0.2479	0.4012
000279	E	0.054880	0.496208	0.704528	0.2786	0.2988	0.2320	0.1360	0.2267	0.2375	0.3972
000280	Y	0.095790	0.467107	0.709066	0.2657	0.2752	0.2220	0.1220	0.2210	0.2307	0.3979
000281	Y	0.143099	0.472545	0.710958	0.2820	0.2715	0.2120	0.1120	0.2302	0.2244	0.4065
000282	C	0.187505	0.464954	0.707776	0.3399	0.3599	0.2100	0.1120	0.2603	0.2107	0.4305
000283	Y	0.262929	0.472286	0.704743	0.4078	0.3529	0.2300	0.1260	0.2877	0.1960	0.4193
000284	V	0.315139	0.527726	0.706517	0.4078	0.3286	0.2530	0.1420	0.3054	0.1933	0.4000
000285	S	0.368635	0.589703	0.707199	0.4116	0.3087	0.2780	0.1530	0.3260	0.1943	0.3764
000286	S	0.421148	0.641977	0.708415	0.3992	0.2884	0.3100	0.1630	0.3434	0.1982	0.3475
000287	R	0.463428	0.660049	0.708144	0.2786	0.1671	0.3500	0.1670	0.3199	0.2284	0.3173
000288	Q	0.530996	0.684796	0.706656	0.2558	0.1206	0.3870	0.1610	0.3298	0.2453	0.3014
000289	Q	0.556222	0.693552	0.703207	0.1878	0.0870	0.4780	0.1890	0.3338	0.2641	0.2888
000290	P	0.569997	0.701215	0.699672	0.1602	0.0888	0.5450	0.1730	0.3441	0.2721	0.2824
000291	S	0.558626	0.691616	0.695762	0.1766	0.1373	0.5620	0.1620	0.3543	0.2562	0.2798
000292	Q	0.515832	0.664968	0.689469	0.2558	0.1852	0.7230	0.0990	0.3908	0.2418	0.2817
000293	P	0.493189	0.627573	0.686462	0.3806	0.2436	0.7370	0.0930	0.4137	0.2086	0.2932
000294	L	0.469399	0.597858	0.685217	0.4825	0.3117	0.7990	0.0620	0.4435	0.1951	0.3099
000295	G	0.441035	0.603068	0.684258	0.5762	0.3704	0.7400	0.1010	0.4551	0.1720	0.3206
000296	C	0.423269	0.628218	0.683610	0.6219	0.3529	0.6620	0.1200	0.4480	0.1701	0.3340
000297	R	0.345600	0.665261	0.681254	0.6557	0.3356	0.6760	0.1210	0.4464	0.1924	0.3476
000298	F	0.292507	0.706275	0.683339	0.7079	0.3117	0.7940	0.1040	0.4687	0.2313	0.3702
000299	A	0.245903	0.737926	0.691655	0.7418	0.2680	0.8600	0.0640	0.4757	0.2678	0.3837
000300	M	0.253296	0.763428	0.701110	0.7772	0.2164	0.8930	0.0510	0.4839	0.2897	0.3968
000301	P	0.242174	0.785253	0.703315	0.8036	0.1424	0.9030	0.0690	0.4794	0.3157	0.4008