RESNUM	RES	VL-XT	VSL2B	VL3	IUPred-S	IUPred-L	PONDRFIT	FITERROR	MDP	MDPERROR	ANCHOR2
000001	M	0.830506	0.777302	0.926768	0.9180	0.1881	0.9200	0.0600	0.7602	0.2617	0.3539
000002	E	0.856325	0.787732	0.919607	0.8488	0.2503	0.8860	0.0630	0.7582	0.2306	0.3558
000003	D	0.657944	0.788515	0.905162	0.8350	0.1852	0.8700	0.0530	0.7070	0.2462	0.3576
000004	V	0.785271	0.761479	0.891909	0.8074	0.2129	0.8250	0.0770	0.7140	0.2277	0.3583
000005	K	0.693857	0.742559	0.879200	0.7232	0.2715	0.7910	0.0830	0.6835	0.1935	0.3606
000006	L	0.660537	0.701533	0.868200	0.6756	0.3149	0.7500	0.1130	0.6617	0.1695	0.3592
000007	E	0.612396	0.652722	0.856328	0.6516	0.3019	0.7530	0.0890	0.6380	0.1707	0.3629
000008	F	0.590900	0.593881	0.843820	0.6334	0.3426	0.7440	0.1880	0.6248	0.1550	0.3634
000009	P	0.537260	0.547054	0.831539	0.5623	0.3807	0.8020	0.1700	0.6101	0.1580	0.3710
000010	S	0.497498	0.574966	0.820459	0.5331	0.2884	0.7310	0.2330	0.5742	0.1705	0.3746
000011	L	0.429929	0.557533	0.813027	0.5084	0.3182	0.8040	0.1930	0.5719	0.1829	0.3761
000012	P	0.403110	0.573764	0.806371	0.4420	0.2609	0.7900	0.1850	0.5460	0.2003	0.3849
000013	Q	0.407436	0.600265	0.801023	0.4379	0.2752	0.7080	0.2100	0.5383	0.1817	0.3916
000014	C	0.432783	0.615560	0.795592	0.3359	0.2193	0.7290	0.1870	0.5214	0.2085	0.3983
000015	K	0.461508	0.634270	0.789159	0.4149	0.2918	0.6450	0.1980	0.5394	0.1660	0.4070
000016	E	0.499680	0.635564	0.778241	0.3992	0.2988	0.6030	0.2040	0.5358	0.1578	0.4130
000017	D	0.533067	0.638904	0.762537	0.4379	0.4017	0.5540	0.2320	0.5547	0.1210	0.4258
000018	A	0.584650	0.633262	0.744979	0.4203	0.3426	0.5150	0.2280	0.5402	0.1333	0.4306
000019	E	0.613994	0.613493	0.727547	0.5008	0.4685	0.4450	0.2450	0.5616	0.0991	0.4206
000020	E	0.691010	0.609267	0.709822	0.4379	0.4582	0.4280	0.2500	0.5557	0.1188	0.4135
000021	W	0.733305	0.579865	0.689491	0.4458	0.3740	0.4190	0.2340	0.5402	0.1369	0.4039
000022	T	0.752732	0.552654	0.667885	0.5126	0.3740	0.3900	0.2360	0.5417	0.1369	0.3938
000023	Y	0.745984	0.538132	0.645087	0.4282	0.3774	0.4380	0.2160	0.5287	0.1305	0.3915
000024	P	0.724453	0.534281	0.621603	0.3491	0.3631	0.4140	0.2410	0.5011	0.1386	0.3915
000025	M	0.706695	0.506410	0.596533	0.4245	0.3426	0.4430	0.2620	0.5033	0.1195	0.3924
000026	R	0.666477	0.490051	0.570746	0.4420	0.2364	0.4620	0.2600	0.4780	0.1318	0.3928
000027	R	0.590390	0.462854	0.545649	0.3578	0.1424	0.4770	0.2430	0.4293	0.1473	0.4026
000028	E	0.566747	0.452812	0.522896	0.2602	0.1349	0.4580	0.2060	0.3993	0.1522	0.4187
000029	M	0.544041	0.441680	0.501615	0.2167	0.1791	0.3930	0.2270	0.3793	0.1371	0.4311
000030	Q	0.525103	0.412467	0.481649	0.2041	0.0967	0.3880	0.2010	0.3513	0.1521	0.4210
000031	E	0.497856	0.380834	0.461782	0.2122	0.0870	0.3560	0.1840	0.3327	0.1424	0.4104
000032	I	0.504544	0.334139	0.443642	0.2167	0.1554	0.2840	0.1620	0.3231	0.1215	0.3995
000033	L	0.511498	0.286116	0.427217	0.2167	0.1251	0.2220	0.1330	0.2981	0.1321	0.3920
000034	P	0.449944	0.261363	0.412509	0.3096	0.1611	0.1730	0.1010	0.2946	0.1095	0.3923
000035	G	0.406198	0.262776	0.397459	0.2531	0.1373	0.1620	0.0770	0.2698	0.1036	0.3883
000036	L	0.399044	0.230325	0.382828	0.2483	0.1702	0.1690	0.0740	0.2666	0.0927	0.3857
000037	F	0.345693	0.227601	0.367957	0.2657	0.1671	0.1430	0.0620	0.2528	0.0839	0.3863
000038	L	0.290328	0.257057	0.354522	0.2748	0.1007	0.1340	0.0610	0.2352	0.0891	0.4091
000039	G	0.229483	0.304171	0.342196	0.2700	0.1048	0.1580	0.0520	0.2347	0.0821	0.4245
000040	P	0.170233	0.341865	0.330294	0.2080	0.0851	0.2030	0.0290	0.2231	0.0895	0.3897
000041	Y	0.100311	0.395085	0.318081	0.2255	0.0454	0.3230	0.0390	0.2346	0.1255	0.3592
000042	S	0.027872	0.443671	0.303819	0.1495	0.0433	0.3330	0.0450	0.2169	0.1544	0.3326
000043	S	0.022711	0.471889	0.289666	0.1266	0.0734	0.3840	0.0600	0.2281	0.1653	0.3061
000044	A	0.095974	0.495080	0.274924	0.1805	0.1229	0.4300	0.0610	0.2665	0.1506	0.2812
000045	M	0.166419	0.521786	0.260687	0.1635	0.1070	0.4850	0.0830	0.2840	0.1618	0.2621
000046	K	0.213866	0.564516	0.247970	0.1602	0.0618	0.4960	0.0730	0.2907	0.1799	0.2346
000047	S	0.222979	0.595179	0.237582	0.2167	0.1115	0.4540	0.0790	0.3064	0.1648	0.2084
000048	K	0.245936	0.564829	0.229838	0.1921	0.1942	0.3960	0.0920	0.3037	0.1353	0.1874
000049	L	0.254249	0.516924	0.222730	0.2602	0.1942	0.3390	0.1010	0.2978	0.1075	0.1778
000050	P	0.276646	0.492587	0.215793	0.2558	0.1251	0.2430	0.0860	0.2682	0.1114	0.1694
000051	V	0.300668	0.443042	0.209250	0.1380	0.0690	0.1840	0.0650	0.2240	0.1205	0.1602
000052	L	0.323241	0.366525	0.205057	0.1349	0.0749	0.1290	0.0560	0.2057	0.1062	0.1573
000053	Q	0.251607	0.309919	0.203223	0.0832	0.0765	0.0730	0.0280	0.1662	0.0940	0.1498
000054	K	0.180229	0.263432	0.202349	0.0414	0.0817	0.0530	0.0220	0.1370	0.0830	0.1442
000055	H	0.132223	0.204646	0.201290	0.0526	0.1092	0.0530	0.0200	0.1255	0.0617	0.1409
000056	G	0.120374	0.147269	0.200605	0.0677	0.0835	0.0510	0.0180	0.1117	0.0511	0.1363
000057	I	0.088614	0.102568	0.200118	0.0660	0.0948	0.0430	0.0150	0.0991	0.0494	0.1331
000058	T	0.076834	0.084335	0.198804	0.0336	0.0765	0.0380	0.0160	0.0847	0.0546	0.1335
000059	H	0.054027	0.076823	0.196104	0.0327	0.0835	0.0350	0.0140	0.0797	0.0555	0.1301
000060	I	0.029723	0.070133	0.193069	0.0478	0.0734	0.0350	0.0130	0.0748	0.0553	0.1237
000061	I	0.006715	0.067602	0.189767	0.0395	0.0364	0.0350	0.0100	0.0625	0.0596	0.1210
000062	C	0.004180	0.065716	0.186714	0.0336	0.0581	0.0380	0.0120	0.0644	0.0581	0.1188
000063	I	0.003280	0.070430	0.183543	0.0304	0.1162	0.0410	0.0170	0.0742	0.0602	0.1104
000064	R	0.002742	0.081385	0.180417	0.0286	0.1162	0.0420	0.0180	0.0753	0.0596	0.1072
000065	Q	0.001711	0.089042	0.177271	0.0363	0.0592	0.0450	0.0180	0.0680	0.0554	0.1010
000066	N	0.001668	0.107266	0.174010	0.0363	0.0631	0.0480	0.0160	0.0718	0.0555	0.0942
000067	I	0.001923	0.122240	0.170148	0.0167	0.0690	0.0530	0.0170	0.0722	0.0585	0.0884
000068	E	0.002133	0.147349	0.165686	0.0363	0.0676	0.0510	0.0150	0.0784	0.0589	0.0868
000069	A	0.002566	0.182715	0.161040	0.0395	0.0313	0.0570	0.0150	0.0791	0.0679	0.0827
000070	N	0.003214	0.206090	0.156972	0.0182	0.0327	0.0630	0.0150	0.0800	0.0753	0.0835
000071	F	0.003154	0.214651	0.154000	0.0200	0.0300	0.0750	0.0140	0.0828	0.0770	0.0871
000072	I	0.003357	0.221087	0.151715	0.0387	0.0294	0.0630	0.0140	0.0846	0.0767	0.0884
000073	K	0.003387	0.215755	0.149049	0.0336	0.0294	0.0490	0.0160	0.0801	0.0761	0.0919
000074	P	0.003594	0.182918	0.145481	0.0316	0.0294	0.0430	0.0160	0.0727	0.0666	0.0954
000075	N	0.003652	0.158554	0.141751	0.0157	0.0313	0.0380	0.0130	0.0649	0.0615	0.0941
000076	F	0.003426	0.133021	0.138596	0.0075	0.0174	0.0350	0.0100	0.0558	0.0574	0.0954
000077	Q	0.003235	0.106553	0.135659	0.0079	0.0138	0.0320	0.0090	0.0499	0.0518	0.0967
000078	Q	0.002935	0.077163	0.132406	0.0079	0.0235	0.0300	0.0080	0.0457	0.0456	0.0970
000079	L	0.007225	0.058755	0.128504	0.0061	0.0231	0.0290	0.0080	0.0421	0.0424	0.0954
000080	F	0.015721	0.045231	0.124559	0.0083	0.0327	0.0290	0.0080	0.0425	0.0385	0.0969
000081	R	0.020181	0.040252	0.120829	0.0083	0.0198	0.0270	0.0070	0.0395	0.0376	0.0942
000082	Y	0.023598	0.039759	0.117679	0.0231	0.0433	0.0280	0.0070	0.0459	0.0330	0.0849
000083	L	0.031368	0.040804	0.114614	0.0268	0.0799	0.0280	0.0060	0.0536	0.0327	0.0787
000084	V	0.037545	0.046672	0.111391	0.0286	0.0463	0.0300	0.0060	0.0501	0.0283	0.0727
000085	L	0.042553	0.062505	0.108162	0.0226	0.0231	0.0340	0.0070	0.0488	0.0298	0.0680
000086	D	0.049924	0.084667	0.105258	0.0102	0.0223	0.0370	0.0080	0.0515	0.0336	0.0650
000087	I	0.058586	0.102221	0.102711	0.0116	0.0227	0.0400	0.0100	0.0564	0.0357	0.0625
000088	A	0.059945	0.134340	0.100521	0.0102	0.0119	0.0390	0.0100	0.0593	0.0455	0.0613
000089	D	0.060408	0.155734	0.098900	0.0053	0.0127	0.0470	0.0130	0.0634	0.0516	0.0606
000090	N	0.095872	0.161673	0.097355	0.0055	0.0160	0.0520	0.0130	0.0714	0.0535	0.0595
000091	P	0.109963	0.171142	0.095534	0.0131	0.0313	0.0500	0.0110	0.0785	0.0535	0.0577
000092	V	0.119862	0.169888	0.093439	0.0094	0.0306	0.0500	0.0130	0.0788	0.0550	0.0567
000093	E	0.131539	0.151045	0.091821	0.0200	0.0646	0.0460	0.0110	0.0841	0.0461	0.0614
000094	N	0.149100	0.140193	0.090853	0.0441	0.0568	0.0480	0.0130	0.0881	0.0428	0.0650
000095	I	0.167110	0.135868	0.090289	0.0858	0.0518	0.0570	0.0230	0.0980	0.0413	0.0689
000096	I	0.179170	0.111597	0.090094	0.0884	0.0985	0.0570	0.0240	0.1042	0.0373	0.0741
000097	R	0.194761	0.095857	0.090704	0.0455	0.0909	0.0490	0.0200	0.0944	0.0493	0.0829
000098	F	0.202828	0.094800	0.091842	0.0935	0.1476	0.0550	0.0210	0.1143	0.0478	0.0900
000099	F	0.183370	0.095853	0.093594	0.1150	0.1115	0.0600	0.0220	0.1100	0.0373	0.0965
000100	P	0.168854	0.104256	0.095318	0.1041	0.1092	0.0600	0.0230	0.1069	0.0322	0.0985
000101	M	0.151766	0.131114	0.096726	0.0567	0.0780	0.0820	0.0330	0.0993	0.0325	0.1004
000102	T	0.134818	0.177865	0.096791	0.0490	0.0676	0.0990	0.0430	0.1042	0.0425	0.1016
000103	K	0.113122	0.203646	0.095986	0.0621	0.1070	0.1010	0.0390	0.1137	0.0434	0.1015
000104	E	0.087628	0.245740	0.095105	0.0554	0.0948	0.1010	0.0360	0.1133	0.0611	0.0967
000105	F	0.067117	0.304062	0.094955	0.0554	0.0568	0.1210	0.0370	0.1165	0.0870	0.0904
000106	I	0.048162	0.346414	0.094907	0.1041	0.0581	0.1300	0.0300	0.1303	0.1005	0.0805
000107	D	0.033021	0.353112	0.094029	0.1117	0.0662	0.1840	0.0490	0.1403	0.1058	0.0709
000108	G	0.014121	0.361400	0.092433	0.0607	0.0646	0.2340	0.0760	0.1378	0.1210	0.0582
000109	S	0.013026	0.349347	0.090374	0.0660	0.1251	0.2640	0.0660	0.1512	0.1174	0.0493
000110	L	0.016008	0.313428	0.088929	0.1240	0.2292	0.2560	0.0670	0.1712	0.1031	0.0414
000111	Q	0.015992	0.305820	0.087343	0.0965	0.1759	0.2060	0.0650	0.1479	0.0938	0.0371
000112	M	0.036337	0.334903	0.086072	0.1240	0.2164	0.2000	0.0660	0.1663	0.0976	0.0326
000113	G	0.092041	0.362061	0.084189	0.0965	0.1349	0.1820	0.0620	0.1587	0.0969	0.0292
000114	G	0.187633	0.377247	0.082246	0.0935	0.1349	0.1780	0.0520	0.1756	0.0983	0.0259
000115	K	0.278410	0.358689	0.080160	0.0478	0.1275	0.1680	0.0500	0.1768	0.1095	0.0234
000116	V	0.278181	0.332347	0.078548	0.0884	0.2193	0.1590	0.0470	0.1926	0.0936	0.0219
000117	L	0.278477	0.298886	0.077361	0.1532	0.2715	0.1520	0.0400	0.2052	0.0821	0.0223
000118	V	0.277525	0.290492	0.076718	0.1416	0.2258	0.1520	0.0310	0.1940	0.0770	0.0233
000119	H	0.274732	0.306721	0.076149	0.1117	0.1323	0.1640	0.0310	0.1776	0.0846	0.0259
000120	G	0.274184	0.351245	0.075580	0.0832	0.0888	0.1600	0.0320	0.1722	0.1055	0.0287
000121	N	0.253079	0.364741	0.074919	0.0832	0.0888	0.1700	0.0440	0.1724	0.1064	0.0322
000122	A	0.197602	0.373938	0.074064	0.0478	0.0690	0.1710	0.0580	0.1555	0.1121	0.0349
000123	G	0.104648	0.357198	0.072884	0.0387	0.0494	0.1830	0.0710	0.1343	0.1103	0.0389
000124	I	0.016574	0.347336	0.070674	0.0286	0.0287	0.1840	0.0670	0.1127	0.1192	0.0427
000125	S	0.016741	0.313830	0.067944	0.0131	0.0223	0.1560	0.0580	0.0983	0.1083	0.0478
000126	R	0.017974	0.271906	0.065195	0.0078	0.0248	0.1040	0.0340	0.0819	0.0910	0.0517
000127	S	0.020009	0.225418	0.062701	0.0087	0.0398	0.0730	0.0240	0.0715	0.0723	0.0548
000128	A	0.019892	0.175637	0.060264	0.0194	0.0341	0.0580	0.0190	0.0612	0.0537	0.0566
000129	A	0.019550	0.114327	0.057843	0.0350	0.0531	0.0500	0.0160	0.0549	0.0295	0.0567
000130	F	0.020492	0.079331	0.055352	0.0157	0.0398	0.0440	0.0130	0.0425	0.0214	0.0566
000131	V	0.023305	0.063577	0.053011	0.0150	0.0398	0.0370	0.0080	0.0386	0.0165	0.0543
000132	I	0.022574	0.054446	0.050862	0.0094	0.0209	0.0320	0.0060	0.0318	0.0162	0.0524
000133	A	0.016771	0.049890	0.049278	0.0137	0.0263	0.0280	0.0030	0.0307	0.0143	0.0491
000134	Y	0.014963	0.048905	0.047862	0.0074	0.0281	0.0330	0.0050	0.0300	0.0154	0.0468
000135	I	0.011574	0.052466	0.046631	0.0131	0.0398	0.0390	0.0070	0.0338	0.0158	0.0468
000136	M	0.008416	0.064421	0.045260	0.0150	0.0209	0.0470	0.0110	0.0335	0.0200	0.0466
000137	E	0.007484	0.080616	0.044001	0.0099	0.0171	0.0460	0.0120	0.0342	0.0258	0.0484
000138	T	0.007607	0.102739	0.042649	0.0055	0.0109	0.0520	0.0160	0.0369	0.0344	0.0494
000139	F	0.006730	0.126717	0.041701	0.0059	0.0095	0.0650	0.0210	0.0426	0.0434	0.0490
000140	G	0.004454	0.150776	0.040888	0.0037	0.0111	0.0800	0.0270	0.0485	0.0530	0.0480
000141	M	0.006114	0.165463	0.039822	0.0042	0.0214	0.1080	0.0340	0.0575	0.0596	0.0467
000142	K	0.009233	0.179243	0.038367	0.0075	0.0341	0.1230	0.0440	0.0653	0.0640	0.0489
000143	Y	0.011768	0.183690	0.036560	0.0150	0.0618	0.1400	0.0550	0.0748	0.0649	0.0514
000144	R	0.014938	0.180383	0.035377	0.0212	0.0380	0.1210	0.0580	0.0686	0.0612	0.0587
000145	D	0.019105	0.180622	0.034580	0.0405	0.0433	0.1100	0.0510	0.0714	0.0567	0.0631
000146	A	0.027975	0.172598	0.034369	0.0350	0.0443	0.1250	0.0480	0.0732	0.0554	0.0653
000147	F	0.036289	0.154232	0.034208	0.0297	0.0631	0.1340	0.0440	0.0753	0.0502	0.0672
000148	A	0.044782	0.135224	0.034104	0.0128	0.0676	0.1250	0.0480	0.0699	0.0456	0.0674
000149	Y	0.051754	0.129312	0.033923	0.0131	0.0704	0.1210	0.0460	0.0700	0.0429	0.0708
000150	V	0.058827	0.119075	0.033719	0.0395	0.1115	0.1020	0.0390	0.0774	0.0346	0.0779
000151	Q	0.061801	0.112353	0.033533	0.0414	0.1115	0.0780	0.0320	0.0730	0.0309	0.0870
000152	E	0.061735	0.110862	0.033777	0.0464	0.0765	0.0720	0.0270	0.0669	0.0245	0.0959
000153	R	0.060414	0.118600	0.034736	0.0455	0.0483	0.0650	0.0260	0.0622	0.0271	0.1015
000154	R	0.058702	0.110896	0.036734	0.0455	0.0888	0.0620	0.0210	0.0671	0.0254	0.1027
000155	F	0.061799	0.103510	0.040011	0.0259	0.0909	0.0530	0.0140	0.0625	0.0272	0.1000
000156	C	0.065234	0.120097	0.043937	0.0226	0.0494	0.0480	0.0100	0.0582	0.0304	0.1005
000157	I	0.087502	0.143729	0.047669	0.0308	0.0662	0.0530	0.0070	0.0714	0.0367	0.1005
000158	N	0.109932	0.154116	0.050839	0.0316	0.1399	0.0590	0.0080	0.0910	0.0463	0.1024
000159	P	0.109556	0.166551	0.053809	0.0441	0.0967	0.0600	0.0120	0.0884	0.0420	0.1073
000160	N	0.104880	0.174420	0.057359	0.0858	0.1759	0.0590	0.0120	0.1096	0.0491	0.1095
000161	A	0.102525	0.155846	0.060804	0.0813	0.2129	0.0570	0.0130	0.1118	0.0559	0.1125
000162	G	0.102045	0.142983	0.063656	0.0832	0.1349	0.0590	0.0110	0.0977	0.0324	0.1166
000163	F	0.100246	0.156816	0.065884	0.0567	0.0704	0.0700	0.0070	0.0866	0.0341	0.1250
000164	V	0.088881	0.164818	0.067710	0.0336	0.0389	0.0690	0.0110	0.0772	0.0435	0.1351
000165	H	0.077523	0.171097	0.070050	0.0194	0.0306	0.0670	0.0140	0.0727	0.0489	0.1535
000166	Q	0.046634	0.183467	0.072655	0.0252	0.0592	0.0710	0.0190	0.0763	0.0505	0.1717
000167	L	0.016521	0.193344	0.076010	0.0327	0.0531	0.0810	0.0350	0.0755	0.0574	0.1914
000168	Q	0.005754	0.181522	0.080459	0.0643	0.0948	0.0690	0.0270	0.0826	0.0522	0.2172
000169	E	0.004441	0.179433	0.087000	0.0350	0.0506	0.0630	0.0260	0.0699	0.0551	0.2428
000170	Y	0.005428	0.181522	0.095237	0.0279	0.0454	0.0670	0.0300	0.0703	0.0572	0.2662
000171	E	0.007972	0.164333	0.104532	0.0141	0.0320	0.0680	0.0290	0.0652	0.0553	0.2890
000172	A	0.011514	0.142672	0.115338	0.0212	0.0306	0.0730	0.0280	0.0657	0.0493	0.3117
000173	I	0.015084	0.128471	0.128608	0.0167	0.0300	0.0730	0.0220	0.0654	0.0486	0.3382
000174	Y	0.018861	0.116074	0.142578	0.0286	0.0719	0.0790	0.0200	0.0762	0.0439	0.3567
000175	L	0.026825	0.104691	0.156903	0.0490	0.0662	0.0860	0.0210	0.0816	0.0419	0.3765
000176	A	0.057220	0.118093	0.168598	0.0643	0.0704	0.1030	0.0320	0.0969	0.0387	0.3896
000177	K	0.124020	0.128399	0.179428	0.0395	0.0389	0.1170	0.0360	0.1045	0.0504	0.4016
000178	L	0.143462	0.140365	0.189475	0.0771	0.0780	0.1290	0.0380	0.1263	0.0393	0.4177
000179	T	0.171173	0.155314	0.202870	0.0455	0.0749	0.1360	0.0350	0.1309	0.0545	0.4282
000180	I	0.201662	0.171727	0.219998	0.0478	0.0662	0.1600	0.0360	0.1446	0.0651	0.4286
000181	Q	0.217697	0.198319	0.240009	0.0884	0.0719	0.1770	0.0450	0.1656	0.0635	0.4200
000182	M	0.260917	0.230180	0.259662	0.0832	0.0631	0.2030	0.0600	0.1834	0.0805	0.4062
000183	M	0.309167	0.262813	0.278705	0.0701	0.0494	0.2160	0.0650	0.1977	0.1015	0.3988
000184	S	0.389642	0.316176	0.295730	0.1240	0.0870	0.2090	0.0630	0.2370	0.1073	0.3991
000185	P	0.459955	0.359503	0.313616	0.1349	0.1449	0.2110	0.0620	0.2706	0.1179	0.3958
000186	L	0.496008	0.413574	0.330951	0.2080	0.2193	0.2340	0.0730	0.3169	0.1080	0.3952
000187	Q	0.585520	0.464129	0.349063	0.2432	0.2575	0.2470	0.0870	0.3577	0.1283	0.3977
000188	I	0.662211	0.510150	0.366834	0.2483	0.2680	0.2750	0.1080	0.3883	0.1513	0.3981
000189	E	0.712850	0.538139	0.384515	0.3399	0.3529	0.2860	0.1080	0.4357	0.1462	0.4018
000190	R	0.775489	0.565463	0.401463	0.3399	0.3460	0.3460	0.1330	0.4624	0.1604	0.4055
000191	S	0.797820	0.558664	0.418105	0.4379	0.3494	0.3870	0.1560	0.4915	0.1515	0.4091
000192	L	0.769646	0.567655	0.435337	0.4379	0.3356	0.4630	0.1410	0.5015	0.1377	0.4099
000193	S	0.760927	0.566645	0.454785	0.4116	0.3840	0.4720	0.1430	0.5083	0.1266	0.4185
000194	V	0.750346	0.583578	0.475059	0.4333	0.4330	0.4730	0.1390	0.5248	0.1127	0.4251
000195	H	0.740217	0.617465	0.495923	0.4333	0.4409	0.4270	0.1230	0.5258	0.1161	0.4308
000196	S	0.722308	0.651603	0.515385	0.3992	0.4292	0.4440	0.1170	0.5270	0.1201	0.4308
000197	G	0.708568	0.680771	0.534772	0.4879	0.5419	0.5050	0.1130	0.5765	0.0858	0.4272
000198	T	0.709883	0.714750	0.553613	0.4918	0.5493	0.5390	0.1280	0.5931	0.0867	0.4267
000199	T	0.716912	0.738616	0.572239	0.5846	0.6755	0.5380	0.1390	0.6377	0.0762	0.4266
000200	G	0.735250	0.764103	0.589402	0.5802	0.6620	0.5610	0.1290	0.6486	0.0785	0.4279
000201	S	0.800713	0.762457	0.605290	0.5900	0.5211	0.5560	0.1310	0.6393	0.1046	0.4302
000202	L	0.813706	0.781162	0.619987	0.5941	0.5176	0.5790	0.0960	0.6510	0.1084	0.4334
000203	K	0.813340	0.772012	0.632770	0.5992	0.6322	0.4760	0.1100	0.6543	0.1117	0.4323
000204	R	0.809733	0.759295	0.643265	0.6035	0.5758	0.4740	0.1280	0.6444	0.1124	0.4297
000205	T	0.807828	0.739330	0.652995	0.6650	0.6851	0.5210	0.1340	0.6786	0.0877	0.4270
000206	H	0.815666	0.735536	0.661682	0.6474	0.5901	0.5870	0.1440	0.6729	0.0809	0.4255
000207	E	0.828575	0.732569	0.673184	0.6604	0.5533	0.5770	0.1580	0.6708	0.0926	0.4258
000208	E	0.822095	0.747531	0.685085	0.6293	0.5620	0.5640	0.1740	0.6684	0.0947	0.4284
000209	E	0.809020	0.746667	0.697870	0.6219	0.5176	0.5450	0.1760	0.6564	0.1049	0.4327
000210	D	0.756826	0.744357	0.706390	0.6174	0.5211	0.5800	0.1720	0.6544	0.0875	0.4387
000211	D	0.696759	0.733330	0.710877	0.5992	0.5382	0.6100	0.1850	0.6480	0.0702	0.4464
000212	F	0.634319	0.714129	0.712031	0.6035	0.5382	0.6540	0.1480	0.6427	0.0613	0.4550
000213	G	0.568362	0.686373	0.713532	0.6604	0.6375	0.6000	0.1860	0.6444	0.0493	0.4625
000214	T	0.507282	0.661390	0.715355	0.6756	0.6322	0.7970	0.1200	0.6648	0.0877	0.4716
000215	M	0.433443	0.627658	0.719111	0.7147	0.6136	0.7770	0.1430	0.6475	0.1108	0.4810
000216	Q	0.358955	0.629007	0.720853	0.7540	0.5951	0.8130	0.1470	0.6452	0.1475	0.4856
000217	V	0.309949	0.670383	0.722935	0.7869	0.5707	0.8100	0.1640	0.6452	0.1693	0.4894
000218	A	0.271007	0.700148	0.724019	0.8118	0.5254	0.8590	0.1130	0.6486	0.1988	0.4889
000219	T	0.280229	0.740562	0.726196	0.8350	0.4801	0.8650	0.0660	0.6545	0.2081	0.4901
000220	A	0.223288	0.762701	0.729280	0.8556	0.4330	0.9450	0.0430	0.6581	0.2507	0.4901
000221	Q	0.309974	0.786982	0.733872	0.8857	0.3910	0.9310	0.0580	0.6730	0.2379	0.4878
000222	N	0.324873	0.811849	0.738681	0.9103	0.3426	0.9050	0.0690	0.6722	0.2463	0.4849
000223	G	0.423055	0.791430	0.741359	0.9624	0.5017	0.8870	0.0970	0.7178	0.1949	0.4825