RESNUM	RES	VL-XT	VSL2B	VL3	IUPred-S	IUPred-L	PONDRFIT	FITERROR	MDP	MDPERROR	ANCHOR2
000001	M	0.634502	0.552260	0.346278	0.6650	0.0136	0.7400	0.1200	0.4919	0.2468	0.1926
000002	P	0.475072	0.479590	0.345063	0.5412	0.0205	0.6520	0.0760	0.4189	0.2001	0.2125
000003	W	0.401698	0.436908	0.342528	0.5008	0.0227	0.6160	0.0760	0.3867	0.1838	0.2307
000004	P	0.364555	0.335019	0.339975	0.4556	0.0364	0.3880	0.1170	0.3199	0.1330	0.2590
000005	L	0.381805	0.236475	0.337005	0.3668	0.0543	0.4000	0.1520	0.2961	0.1203	0.2868
000006	L	0.344265	0.166047	0.333668	0.3263	0.0765	0.4260	0.1320	0.2788	0.1190	0.3115
000007	L	0.309511	0.125232	0.329760	0.2820	0.0967	0.3640	0.1120	0.2512	0.1025	0.3537
000008	L	0.284835	0.108391	0.327161	0.2333	0.1449	0.3970	0.1070	0.2493	0.1002	0.4046
000009	L	0.266969	0.112552	0.325385	0.1844	0.0948	0.3440	0.1090	0.2214	0.0976	0.4036
000010	A	0.256734	0.143335	0.324941	0.1732	0.0543	0.3690	0.1530	0.2203	0.1081	0.3190
000011	V	0.222481	0.176453	0.324342	0.0542	0.0817	0.3800	0.1030	0.2065	0.1183	0.2515
000012	S	0.189731	0.195734	0.324511	0.0376	0.1028	0.3340	0.0840	0.1973	0.1075	0.1987
000013	G	0.162502	0.233966	0.326173	0.0376	0.0463	0.3310	0.0860	0.1896	0.1190	0.1625
000014	A	0.127383	0.266268	0.329002	0.0554	0.0967	0.2820	0.0750	0.1927	0.1035	0.1239
000015	Q	0.124491	0.280831	0.331913	0.0179	0.0433	0.2540	0.0580	0.1754	0.1202	0.0999
000016	T	0.145620	0.294840	0.334863	0.0336	0.0835	0.2500	0.0690	0.1904	0.1106	0.0755
000017	T	0.141171	0.309724	0.338037	0.0182	0.0909	0.1940	0.0580	0.1820	0.1137	0.0575
000018	R	0.138842	0.297099	0.342397	0.0350	0.1583	0.1440	0.0380	0.1859	0.1036	0.0448
000019	P	0.118584	0.269737	0.347496	0.0316	0.2328	0.1090	0.0240	0.1849	0.1077	0.0370
000020	C	0.123038	0.250598	0.352488	0.0607	0.1969	0.0940	0.0250	0.1797	0.0999	0.0314
000021	F	0.131636	0.223997	0.356741	0.0771	0.2258	0.0830	0.0250	0.1830	0.0980	0.0328
000022	P	0.140692	0.198220	0.359010	0.0677	0.2164	0.0700	0.0240	0.1753	0.0999	0.0332
000023	G	0.146687	0.200591	0.361338	0.0677	0.1275	0.0690	0.0250	0.1621	0.1002	0.0345
000024	C	0.124277	0.191145	0.363242	0.0441	0.1373	0.0640	0.0280	0.1540	0.1053	0.0353
000025	Q	0.087612	0.190850	0.364547	0.0327	0.1583	0.0640	0.0300	0.1496	0.1102	0.0439
000026	C	0.073574	0.166948	0.364301	0.0363	0.0780	0.0660	0.0300	0.1309	0.1118	0.0532
000027	E	0.061183	0.192850	0.363229	0.0376	0.0734	0.0620	0.0250	0.1317	0.1151	0.0750
000028	V	0.059671	0.181990	0.362823	0.0218	0.0424	0.0670	0.0230	0.1226	0.1189	0.1014
000029	E	0.062845	0.186841	0.362680	0.0245	0.0443	0.0650	0.0200	0.1243	0.1186	0.1347
000030	T	0.058036	0.194866	0.363070	0.0102	0.0372	0.0690	0.0220	0.1221	0.1225	0.1709
000031	F	0.056909	0.194189	0.363281	0.0308	0.0463	0.0730	0.0230	0.1274	0.1183	0.2125
000032	G	0.058881	0.190922	0.362980	0.0567	0.1048	0.0710	0.0210	0.1408	0.1094	0.2441
000033	L	0.062873	0.186172	0.361987	0.0308	0.0483	0.0700	0.0210	0.1268	0.1165	0.2825
000034	F	0.067506	0.224601	0.359932	0.0350	0.0463	0.0680	0.0200	0.1336	0.1194	0.3024
000035	D	0.075965	0.215695	0.357687	0.0336	0.0870	0.0660	0.0200	0.1393	0.1132	0.3165
000036	S	0.069919	0.233771	0.356031	0.0316	0.0494	0.0660	0.0200	0.1344	0.1195	0.3067
000037	F	0.061008	0.252397	0.355301	0.0832	0.0909	0.0750	0.0240	0.1529	0.1112	0.3021
000038	S	0.054744	0.253945	0.355441	0.0441	0.0948	0.0760	0.0280	0.1465	0.1167	0.2792
000039	L	0.053134	0.264219	0.356297	0.0723	0.1298	0.0870	0.0300	0.1605	0.1116	0.2638
000040	T	0.047198	0.286000	0.358646	0.0771	0.0662	0.1100	0.0420	0.1576	0.1198	0.2467
000041	R	0.047020	0.315724	0.360787	0.0701	0.0518	0.1260	0.0440	0.1619	0.1280	0.2336
000042	V	0.037288	0.319244	0.363273	0.0789	0.1275	0.1550	0.0570	0.1803	0.1204	0.2280
000043	D	0.032960	0.326978	0.363712	0.0643	0.0870	0.1550	0.0590	0.1716	0.1286	0.2245
000044	C	0.079339	0.333004	0.362726	0.1205	0.1583	0.1780	0.0770	0.2054	0.1057	0.2201
000045	S	0.105263	0.331321	0.360433	0.1292	0.1791	0.1790	0.0790	0.2140	0.0972	0.2365
000046	G	0.152959	0.325773	0.359054	0.1380	0.1942	0.1690	0.0760	0.2232	0.0865	0.2578
000047	L	0.201154	0.321273	0.358498	0.0832	0.1349	0.1720	0.0750	0.2119	0.0980	0.2843
000048	G	0.233652	0.308614	0.356824	0.1532	0.2470	0.1660	0.0830	0.2443	0.0722	0.3076
000049	P	0.256781	0.289541	0.354333	0.0965	0.2575	0.1720	0.0820	0.2378	0.0829	0.3355
000050	H	0.273972	0.282354	0.349740	0.1602	0.3053	0.1830	0.0850	0.2590	0.0668	0.3597
000051	I	0.337378	0.279439	0.344213	0.1667	0.2951	0.1960	0.0860	0.2698	0.0669	0.3880
000052	M	0.399900	0.282188	0.336818	0.1456	0.2193	0.1920	0.0740	0.2626	0.0869	0.4132
000053	P	0.419989	0.281603	0.329862	0.1998	0.2918	0.1790	0.0630	0.2836	0.0804	0.4269
000054	V	0.487897	0.301153	0.321805	0.1240	0.2034	0.1740	0.0500	0.2687	0.1198	0.4284
000055	P	0.514572	0.308447	0.313112	0.2657	0.2918	0.1710	0.0440	0.3108	0.1028	0.4152
000056	I	0.489696	0.300028	0.306023	0.1878	0.2918	0.1940	0.0500	0.2948	0.0999	0.4177
000057	P	0.522110	0.319100	0.301626	0.1921	0.3019	0.1960	0.0530	0.3054	0.1096	0.4221
000058	L	0.574192	0.322724	0.299260	0.2786	0.3807	0.2010	0.0620	0.3427	0.1166	0.4314
000059	D	0.619087	0.325437	0.296464	0.2748	0.2988	0.1980	0.0610	0.3354	0.1330	0.4242
000060	T	0.609698	0.336611	0.292768	0.2483	0.2918	0.1970	0.0640	0.3293	0.1326	0.4097
000061	A	0.624711	0.357721	0.290046	0.1921	0.2680	0.1990	0.0670	0.3219	0.1465	0.3999
000062	H	0.625513	0.383583	0.288662	0.2913	0.2951	0.2050	0.0680	0.3481	0.1344	0.3937
000063	L	0.608723	0.399491	0.288402	0.2865	0.3392	0.2160	0.0650	0.3563	0.1259	0.3909
000064	D	0.597233	0.422473	0.288218	0.1921	0.3286	0.2360	0.0710	0.3441	0.1344	0.3881
000065	L	0.643886	0.440087	0.289121	0.2657	0.3872	0.2600	0.0750	0.3810	0.1348	0.3864
000066	S	0.654386	0.481492	0.292032	0.2558	0.2988	0.2550	0.0780	0.3729	0.1476	0.3815
000067	S	0.661057	0.506989	0.295823	0.3491	0.3117	0.2640	0.0810	0.3982	0.1410	0.3810
000068	N	0.676074	0.480116	0.297740	0.2602	0.2541	0.2790	0.0840	0.3746	0.1553	0.3845
000069	R	0.706026	0.507905	0.298089	0.2657	0.3321	0.2980	0.0830	0.4013	0.1575	0.3916
000070	L	0.715885	0.484105	0.296109	0.2209	0.3494	0.3130	0.0880	0.3966	0.1632	0.4007
000071	E	0.736190	0.466326	0.292004	0.2167	0.3460	0.2950	0.0850	0.3920	0.1714	0.4105
000072	M	0.754780	0.446668	0.286253	0.2820	0.2884	0.2920	0.0880	0.3917	0.1725	0.4148
000073	V	0.784792	0.433158	0.278013	0.2963	0.2988	0.2680	0.1030	0.3932	0.1836	0.4141
000074	N	0.805225	0.420867	0.269687	0.2913	0.3840	0.2610	0.1120	0.4054	0.1883	0.4120
000075	E	0.813248	0.387149	0.260526	0.2820	0.2951	0.2610	0.1060	0.3831	0.1971	0.4152
000076	S	0.807771	0.370003	0.251569	0.3630	0.3460	0.2510	0.0960	0.3983	0.1896	0.4176
000077	V	0.801135	0.341214	0.242084	0.2700	0.3529	0.2270	0.0830	0.3724	0.1973	0.4228
000078	L	0.800583	0.318545	0.233481	0.2292	0.2849	0.2290	0.0850	0.3493	0.2045	0.4246
000079	A	0.772695	0.324172	0.227181	0.2333	0.2849	0.2190	0.0870	0.3436	0.1954	0.4222
000080	G	0.749324	0.326407	0.222299	0.1532	0.2094	0.1980	0.0800	0.3097	0.2034	0.4202
000081	P	0.705553	0.311554	0.217422	0.2292	0.2849	0.1830	0.0720	0.3219	0.1768	0.4222
000082	G	0.635317	0.301788	0.213581	0.1322	0.2609	0.1670	0.0570	0.2852	0.1663	0.4218
000083	Y	0.556266	0.297459	0.211539	0.1635	0.3019	0.1520	0.0560	0.2805	0.1365	0.4263
000084	T	0.508755	0.291994	0.211356	0.2122	0.2884	0.1310	0.0470	0.2740	0.1182	0.4308
000085	T	0.470107	0.300351	0.212145	0.2122	0.2034	0.1230	0.0430	0.2535	0.1097	0.4293
000086	L	0.450536	0.308637	0.212620	0.1292	0.1881	0.1160	0.0400	0.2342	0.1154	0.4204
000087	A	0.450461	0.320513	0.210753	0.0771	0.1914	0.0980	0.0260	0.2247	0.1287	0.4150
000088	G	0.439395	0.325570	0.208170	0.1117	0.1643	0.0960	0.0200	0.2242	0.1222	0.4106
000089	L	0.409275	0.336505	0.206196	0.1667	0.2258	0.0980	0.0240	0.2405	0.1039	0.4074
000090	D	0.356574	0.328984	0.206644	0.1117	0.2817	0.0990	0.0240	0.2307	0.1002	0.4080
000091	L	0.334198	0.328001	0.209420	0.1088	0.2849	0.1050	0.0320	0.2284	0.0950	0.4098
000092	S	0.322571	0.345762	0.211307	0.1117	0.2292	0.1070	0.0320	0.2213	0.0921	0.4181
000093	H	0.285665	0.355713	0.212316	0.1117	0.1323	0.1150	0.0360	0.2021	0.0925	0.4233
000094	N	0.247928	0.350562	0.213039	0.1456	0.2034	0.1270	0.0370	0.2146	0.0732	0.4293
000095	L	0.191776	0.361351	0.216591	0.0789	0.1969	0.1360	0.0410	0.1970	0.0866	0.4331
000096	L	0.109828	0.384912	0.222809	0.0771	0.1323	0.1370	0.0410	0.1774	0.1028	0.4242
000097	T	0.066502	0.407417	0.228017	0.1322	0.1942	0.1440	0.0460	0.1954	0.1074	0.4105
000098	S	0.036965	0.419839	0.232912	0.0991	0.1449	0.1680	0.0480	0.1836	0.1215	0.4001
000099	I	0.043848	0.430041	0.239737	0.0991	0.0948	0.1960	0.0660	0.1839	0.1282	0.3948
000100	S	0.058829	0.432258	0.248237	0.1041	0.1583	0.1770	0.0690	0.1964	0.1208	0.3977
000101	P	0.071148	0.418407	0.257173	0.0554	0.1476	0.1680	0.0650	0.1863	0.1232	0.4074
000102	T	0.088913	0.403756	0.265196	0.1150	0.1476	0.1830	0.0690	0.2007	0.1067	0.4127
000103	A	0.104943	0.404038	0.273855	0.1117	0.1583	0.1890	0.0730	0.2069	0.1045	0.4242
000104	F	0.120239	0.414870	0.285301	0.0701	0.1070	0.1900	0.0710	0.1979	0.1193	0.4329
000105	S	0.134118	0.426127	0.298381	0.0723	0.0967	0.1780	0.0670	0.2009	0.1243	0.4216
000106	R	0.143128	0.408204	0.311768	0.0701	0.1476	0.2030	0.0940	0.2140	0.1137	0.4116
000107	L	0.143394	0.395927	0.323893	0.1150	0.2258	0.2210	0.1080	0.2376	0.0973	0.3961
000108	R	0.146745	0.417673	0.335163	0.1117	0.2224	0.2360	0.1090	0.2449	0.1049	0.3846
000109	Y	0.139029	0.466116	0.347019	0.1150	0.1583	0.2680	0.1120	0.2489	0.1261	0.3737
000110	L	0.137333	0.498142	0.358913	0.1998	0.2470	0.2570	0.1260	0.2831	0.1170	0.3664
000111	E	0.153215	0.525354	0.370828	0.1349	0.2224	0.2450	0.1190	0.2753	0.1354	0.3675
000112	S	0.190222	0.533943	0.382966	0.1150	0.1349	0.2640	0.1210	0.2702	0.1478	0.3722
000113	L	0.244889	0.540252	0.395352	0.0991	0.1528	0.2900	0.1180	0.2871	0.1477	0.3705
000114	D	0.281250	0.566211	0.408129	0.0723	0.1528	0.2960	0.0980	0.2962	0.1614	0.3725
000115	L	0.319725	0.567042	0.420150	0.1566	0.2752	0.2880	0.0980	0.3378	0.1284	0.3749
000116	S	0.380349	0.560080	0.431174	0.1349	0.2752	0.2450	0.0720	0.3377	0.1377	0.3815
000117	H	0.453355	0.583700	0.441489	0.1456	0.1671	0.2700	0.0760	0.3436	0.1607	0.3875
000118	N	0.507900	0.580158	0.451960	0.2122	0.2436	0.2860	0.0960	0.3802	0.1398	0.3966
000119	G	0.535159	0.604767	0.461800	0.1266	0.2364	0.2860	0.1000	0.3752	0.1706	0.4020
000120	L	0.563658	0.610757	0.470912	0.1921	0.3182	0.2770	0.0850	0.4055	0.1533	0.4077
000121	T	0.571428	0.597008	0.478406	0.2748	0.4220	0.2800	0.0830	0.4373	0.1268	0.4165
000122	A	0.567275	0.633081	0.484598	0.2483	0.3249	0.4030	0.1040	0.4435	0.1334	0.4207
000123	L	0.572679	0.641393	0.490371	0.2820	0.3286	0.4320	0.0990	0.4579	0.1266	0.4227
000124	P	0.577838	0.662996	0.495932	0.2963	0.4149	0.3730	0.0880	0.4702	0.1239	0.4303
000125	A	0.573112	0.690526	0.501854	0.2865	0.3426	0.3730	0.0890	0.4612	0.1409	0.4286
000126	E	0.539456	0.704829	0.505907	0.3806	0.4330	0.3740	0.0640	0.4896	0.1137	0.4209
000127	S	0.540891	0.705477	0.508054	0.3225	0.3566	0.4980	0.0880	0.4886	0.1260	0.4143
000128	F	0.569143	0.706063	0.509419	0.3359	0.3566	0.5130	0.0670	0.4984	0.1258	0.4105
000129	T	0.558198	0.706376	0.510250	0.2602	0.3460	0.4370	0.0430	0.4696	0.1448	0.4081
000130	S	0.551592	0.710267	0.511002	0.2531	0.3599	0.4240	0.0630	0.4682	0.1457	0.4084
000131	S	0.560980	0.710061	0.511498	0.3399	0.4541	0.3850	0.0680	0.4936	0.1216	0.4095
000132	P	0.577583	0.717884	0.511944	0.3456	0.3667	0.3970	0.0600	0.4860	0.1322	0.4149
000133	L	0.560078	0.718136	0.512754	0.3885	0.4017	0.4100	0.0640	0.4986	0.1165	0.4200
000134	S	0.519478	0.716509	0.513986	0.3939	0.5017	0.3430	0.0720	0.4981	0.1178	0.4234
000135	D	0.566336	0.712700	0.515343	0.3717	0.4051	0.3560	0.0900	0.4879	0.1259	0.4299
000136	V	0.599155	0.697290	0.515842	0.4203	0.4330	0.3460	0.1050	0.5019	0.1180	0.4289
000137	N	0.562027	0.669691	0.515191	0.3456	0.3494	0.3400	0.0830	0.4637	0.1272	0.4217
000138	L	0.533839	0.652442	0.514462	0.3491	0.3494	0.3540	0.0890	0.4588	0.1164	0.4131
000139	S	0.492292	0.625734	0.513657	0.3939	0.4369	0.2940	0.0540	0.4594	0.1031	0.4093
000140	H	0.428446	0.625734	0.512169	0.3939	0.3149	0.2780	0.0440	0.4255	0.1174	0.4040
000141	N	0.367554	0.620590	0.510501	0.3717	0.3249	0.2790	0.0450	0.4124	0.1169	0.4012
000142	Q	0.329455	0.611747	0.509561	0.2700	0.3392	0.2640	0.0320	0.3874	0.1290	0.3987
000143	L	0.307432	0.592198	0.510045	0.2385	0.3117	0.2640	0.0460	0.3707	0.1321	0.3990
000144	R	0.219142	0.593189	0.509753	0.3146	0.3872	0.2120	0.0380	0.3726	0.1417	0.4003
000145	E	0.135388	0.582012	0.506906	0.3225	0.4051	0.2140	0.0270	0.3610	0.1560	0.4020
000146	V	0.112061	0.575621	0.502117	0.3184	0.3983	0.2230	0.0430	0.3549	0.1581	0.4040
000147	S	0.094728	0.561123	0.496886	0.3992	0.4619	0.2310	0.0500	0.3742	0.1617	0.4071
000148	V	0.084913	0.548696	0.494231	0.3992	0.4186	0.2630	0.0800	0.3681	0.1545	0.4094
000149	S	0.082985	0.540619	0.492332	0.4749	0.4186	0.2260	0.0830	0.3726	0.1636	0.4116
000150	A	0.081057	0.534518	0.489653	0.4556	0.4256	0.2490	0.0980	0.3725	0.1581	0.4112
000151	F	0.092864	0.525135	0.485222	0.3717	0.3566	0.2770	0.0990	0.3514	0.1420	0.4105
000152	T	0.085515	0.532004	0.480158	0.3806	0.3566	0.2750	0.0940	0.3517	0.1453	0.4087
000153	T	0.077254	0.535040	0.476087	0.3005	0.2645	0.2880	0.0880	0.3236	0.1494	0.4079
000154	H	0.063671	0.534838	0.471891	0.3762	0.3356	0.2620	0.0920	0.3408	0.1522	0.4062
000155	S	0.056999	0.524546	0.467423	0.2913	0.3392	0.2450	0.0890	0.3207	0.1525	0.4044
000156	Q	0.050145	0.519726	0.463236	0.2748	0.3321	0.2350	0.0930	0.3125	0.1540	0.4010
000157	G	0.045033	0.514746	0.457927	0.3491	0.3182	0.2400	0.0930	0.3208	0.1527	0.3962
000158	R	0.033026	0.508262	0.451586	0.3535	0.2258	0.2450	0.0960	0.3028	0.1576	0.3897
000159	A	0.020782	0.489603	0.443820	0.3399	0.2918	0.2090	0.0780	0.2992	0.1552	0.3849
000160	L	0.005183	0.471721	0.435807	0.2602	0.2951	0.1890	0.0630	0.2762	0.1557	0.3806
000161	H	0.005679	0.453274	0.427177	0.2865	0.2470	0.1430	0.0420	0.2604	0.1552	0.3779
000162	V	0.006529	0.419915	0.417743	0.3992	0.2988	0.1450	0.0430	0.2813	0.1560	0.3763
000163	D	0.007714	0.378511	0.407954	0.3146	0.3215	0.1500	0.0530	0.2634	0.1405	0.3753
000164	L	0.011234	0.347731	0.398102	0.2558	0.3149	0.1610	0.0610	0.2482	0.1295	0.3730
000165	S	0.012408	0.341683	0.388081	0.2786	0.3426	0.1770	0.0740	0.2567	0.1280	0.3706
000166	H	0.013592	0.334397	0.377606	0.2786	0.3566	0.1870	0.0750	0.2579	0.1259	0.3662
000167	N	0.014421	0.323543	0.369026	0.2865	0.3426	0.1990	0.0820	0.2559	0.1206	0.3659
000168	L	0.023128	0.314801	0.362700	0.2865	0.3117	0.2130	0.0940	0.2520	0.1117	0.3653
000169	I	0.036739	0.324046	0.358871	0.2865	0.3117	0.1950	0.0870	0.2521	0.1087	0.3673
000170	H	0.090875	0.338252	0.355660	0.2820	0.2609	0.1990	0.0850	0.2545	0.0893	0.3661
000171	R	0.167171	0.344368	0.351307	0.3668	0.3704	0.2080	0.0900	0.3013	0.0818	0.3675
000172	L	0.206407	0.347197	0.346341	0.2602	0.3356	0.2350	0.0850	0.2885	0.0569	0.3673
000173	V	0.273887	0.357259	0.338864	0.3491	0.4369	0.2290	0.0830	0.3308	0.0659	0.3679
000174	P	0.357839	0.373324	0.330752	0.3184	0.4330	0.2170	0.0880	0.3383	0.0656	0.3701
000175	H	0.441542	0.406690	0.322848	0.4203	0.4119	0.2540	0.1070	0.3763	0.0660	0.3730
000176	P	0.537228	0.429635	0.316156	0.4203	0.4292	0.2700	0.1170	0.4005	0.0864	0.3811
000177	T	0.626334	0.441646	0.309823	0.3053	0.4186	0.2980	0.1220	0.3999	0.1161	0.3913
000178	R	0.717063	0.458064	0.303986	0.3225	0.3249	0.3010	0.1440	0.4046	0.1497	0.3996
000179	A	0.750361	0.490297	0.297551	0.3992	0.4149	0.2610	0.1040	0.4355	0.1600	0.4091
000180	G	0.765400	0.482777	0.292656	0.3847	0.4369	0.2160	0.0610	0.4297	0.1743	0.4185
000181	L	0.785703	0.461857	0.287948	0.3885	0.4051	0.2210	0.0590	0.4250	0.1797	0.4300
000182	P	0.777218	0.447238	0.284311	0.2865	0.2849	0.1720	0.0510	0.3754	0.1968	0.4263
000183	A	0.717046	0.424682	0.278805	0.3456	0.3774	0.1540	0.0510	0.3829	0.1724	0.4119
000184	P	0.657265	0.373397	0.270982	0.2786	0.4409	0.1360	0.0490	0.3596	0.1631	0.3986
000185	T	0.597336	0.334432	0.261820	0.2558	0.3286	0.1210	0.0440	0.3165	0.1439	0.3851
000186	I	0.557911	0.306017	0.253167	0.2531	0.3286	0.1170	0.0400	0.3026	0.1325	0.3717
000187	Q	0.506209	0.277702	0.243991	0.1456	0.2715	0.0980	0.0270	0.2572	0.1295	0.3707
000188	S	0.471411	0.257405	0.236154	0.1380	0.2002	0.0950	0.0260	0.2330	0.1202	0.3689
000189	L	0.393461	0.235811	0.227826	0.1178	0.2292	0.0930	0.0270	0.2162	0.0974	0.3668
000190	N	0.334935	0.209478	0.220496	0.0909	0.2752	0.0780	0.0210	0.2016	0.0922	0.3656
000191	L	0.272668	0.187254	0.212966	0.1041	0.1914	0.0740	0.0210	0.1737	0.0667	0.3661
000192	A	0.248869	0.202550	0.206149	0.1732	0.2715	0.0680	0.0180	0.1950	0.0654	0.3657
000193	W	0.224611	0.202133	0.200329	0.0884	0.2503	0.0680	0.0160	0.1722	0.0689	0.3655
000194	N	0.190266	0.192216	0.195565	0.1060	0.2002	0.0760	0.0160	0.1600	0.0498	0.3714
000195	R	0.133525	0.187611	0.191450	0.1018	0.2002	0.0850	0.0160	0.1499	0.0456	0.3771
000196	L	0.081865	0.187870	0.187183	0.0502	0.1298	0.0850	0.0180	0.1203	0.0528	0.3827
000197	H	0.031322	0.187380	0.182339	0.1150	0.2094	0.0840	0.0190	0.1349	0.0636	0.3893
000198	A	0.019425	0.192872	0.177440	0.0526	0.1275	0.0900	0.0250	0.1099	0.0628	0.3864
000199	V	0.026172	0.234115	0.173228	0.0526	0.0817	0.0820	0.0200	0.1082	0.0722	0.3838
000200	P	0.043147	0.258469	0.168419	0.0526	0.1275	0.0730	0.0160	0.1205	0.0755	0.3850
000201	N	0.059396	0.272112	0.162746	0.0268	0.0734	0.0740	0.0140	0.1113	0.0829	0.3839
000202	L	0.080600	0.292464	0.157336	0.0478	0.1275	0.0750	0.0150	0.1300	0.0811	0.3829
000203	R	0.100057	0.291048	0.152286	0.0286	0.1476	0.0880	0.0250	0.1345	0.0812	0.3856
000204	D	0.132886	0.264948	0.149099	0.0660	0.2715	0.1170	0.0440	0.1669	0.0760	0.3876
000205	L	0.158246	0.258003	0.145925	0.0621	0.2884	0.1210	0.0450	0.1722	0.0780	0.3835
000206	P	0.179207	0.252986	0.142697	0.0621	0.2094	0.0780	0.0150	0.1541	0.0681	0.3835
000207	L	0.191887	0.232312	0.140029	0.1322	0.2609	0.0650	0.0170	0.1704	0.0657	0.3829
000208	R	0.209854	0.239291	0.137945	0.0744	0.1942	0.0600	0.0210	0.1526	0.0676	0.3812
000209	Y	0.236049	0.243050	0.136288	0.0701	0.1373	0.0720	0.0250	0.1491	0.0694	0.3804
000210	L	0.284580	0.237149	0.133517	0.0677	0.1914	0.0790	0.0230	0.1655	0.0797	0.3752
000211	S	0.266264	0.236817	0.129302	0.0286	0.1914	0.0730	0.0200	0.1542	0.0854	0.3660
000212	L	0.251922	0.237643	0.126222	0.0286	0.1791	0.0720	0.0170	0.1493	0.0819	0.3607
000213	D	0.221117	0.244166	0.123913	0.0643	0.2292	0.0730	0.0170	0.1592	0.0749	0.3541
000214	G	0.197781	0.245835	0.124877	0.0643	0.1349	0.0780	0.0210	0.1409	0.0638	0.3410
000215	N	0.178231	0.252250	0.128298	0.0464	0.1070	0.0830	0.0230	0.1325	0.0670	0.3296
000216	P	0.170323	0.248609	0.133988	0.0478	0.1671	0.0770	0.0200	0.1408	0.0658	0.3210
000217	L	0.151068	0.237244	0.139892	0.0308	0.0909	0.0750	0.0230	0.1208	0.0658	0.3071
000218	A	0.112092	0.227584	0.146952	0.0587	0.1449	0.0750	0.0240	0.1276	0.0554	0.2931
000219	V	0.050404	0.219738	0.155434	0.0316	0.1476	0.0780	0.0240	0.1139	0.0660	0.2810
000220	I	0.055892	0.213724	0.166622	0.0587	0.1554	0.0810	0.0200	0.1218	0.0600	0.2719
000221	G	0.060747	0.227281	0.177674	0.1150	0.2364	0.0870	0.0190	0.1506	0.0676	0.2744
000222	P	0.062871	0.235570	0.187718	0.0621	0.2436	0.0960	0.0240	0.1480	0.0771	0.2810
000223	G	0.061182	0.232523	0.195931	0.1266	0.2470	0.1080	0.0260	0.1618	0.0680	0.2855
000224	A	0.065170	0.259790	0.203481	0.1205	0.2328	0.1250	0.0340	0.1677	0.0691	0.2912
000225	F	0.061162	0.267888	0.212834	0.0677	0.1611	0.1320	0.0330	0.1504	0.0741	0.3003
000226	A	0.060323	0.283256	0.224854	0.0701	0.1275	0.1320	0.0270	0.1497	0.0802	0.3067
000227	G	0.058834	0.308830	0.238699	0.0316	0.1048	0.1440	0.0300	0.1478	0.0979	0.3137
000228	L	0.055822	0.323071	0.252155	0.0478	0.1070	0.1660	0.0420	0.1587	0.1011	0.3216
000229	G	0.047596	0.335696	0.264526	0.0607	0.1323	0.1790	0.0530	0.1700	0.1039	0.3312
000230	G	0.038598	0.346396	0.277455	0.0542	0.1823	0.1910	0.0640	0.1816	0.1104	0.3419
000231	L	0.034576	0.335142	0.292243	0.1150	0.2002	0.1860	0.0580	0.1938	0.1011	0.3514
000232	T	0.062205	0.347805	0.308740	0.1178	0.2258	0.1660	0.0330	0.2047	0.1009	0.3541
000233	H	0.111529	0.356517	0.323020	0.0542	0.2094	0.1630	0.0360	0.2029	0.1081	0.3554
000234	L	0.175352	0.360513	0.333736	0.0660	0.1424	0.1670	0.0480	0.2074	0.1051	0.3564
000235	S	0.260768	0.386557	0.340609	0.0965	0.1424	0.1730	0.0510	0.2333	0.1052	0.3567
000236	L	0.267309	0.393368	0.346385	0.1041	0.2715	0.1860	0.0530	0.2615	0.0959	0.3555
000237	A	0.275388	0.394782	0.353446	0.1060	0.2951	0.1970	0.0570	0.2703	0.0961	0.3586
000238	S	0.328897	0.425285	0.361469	0.1292	0.2951	0.2050	0.0560	0.2908	0.0984	0.3621
000239	L	0.373032	0.438356	0.370122	0.2041	0.2645	0.2190	0.0540	0.3115	0.0872	0.3656
000240	Q	0.434705	0.470223	0.377704	0.2041	0.2645	0.2110	0.0550	0.3270	0.1058	0.3690
000241	R	0.476126	0.481143	0.385415	0.1266	0.2752	0.2150	0.0560	0.3265	0.1322	0.3702
000242	L	0.479505	0.499622	0.393676	0.1998	0.2783	0.2310	0.0530	0.3470	0.1175	0.3763
000243	P	0.480250	0.510490	0.401880	0.2122	0.2988	0.2280	0.0500	0.3552	0.1168	0.3816
000244	E	0.452448	0.501309	0.410471	0.1416	0.2918	0.2400	0.0520	0.3396	0.1261	0.3853
000245	L	0.496509	0.499080	0.418548	0.2531	0.2918	0.2490	0.0560	0.3680	0.1075	0.3875
000246	A	0.541715	0.519414	0.426305	0.2558	0.3053	0.1970	0.0420	0.3742	0.1305	0.3909
000247	P	0.534673	0.507074	0.434205	0.2657	0.3182	0.1710	0.0450	0.3718	0.1311	0.3966
000248	S	0.561406	0.500848	0.442053	0.3184	0.2680	0.1720	0.0470	0.3772	0.1359	0.3945
000249	G	0.578131	0.500516	0.447939	0.2432	0.2817	0.1620	0.0510	0.3689	0.1492	0.3929
000250	F	0.581265	0.481209	0.450457	0.2558	0.2817	0.1470	0.0450	0.3663	0.1494	0.3956
000251	R	0.567582	0.472542	0.451867	0.2558	0.2715	0.1350	0.0350	0.3590	0.1492	0.3975
000252	E	0.549598	0.462038	0.454606	0.1766	0.2715	0.1250	0.0260	0.3398	0.1579	0.4008
000253	L	0.523604	0.439928	0.457833	0.2602	0.3631	0.1220	0.0300	0.3611	0.1349	0.3974
000254	P	0.495335	0.415706	0.460310	0.2333	0.3631	0.1110	0.0280	0.3465	0.1344	0.3934
000255	G	0.441162	0.403956	0.462729	0.2209	0.3529	0.1140	0.0360	0.3326	0.1254	0.3900
000256	L	0.393760	0.407093	0.464068	0.3399	0.3529	0.1140	0.0340	0.3453	0.1110	0.3886
000257	Q	0.323631	0.417163	0.463869	0.3630	0.3910	0.1170	0.0410	0.3459	0.1113	0.3846
000258	V	0.250005	0.410918	0.461958	0.2483	0.2503	0.1130	0.0360	0.2890	0.1158	0.3789
000259	L	0.182384	0.422991	0.460785	0.2531	0.2258	0.1130	0.0330	0.2763	0.1253	0.3793
000260	D	0.143809	0.430587	0.460373	0.1667	0.2258	0.1170	0.0320	0.2575	0.1372	0.3784
000261	L	0.093485	0.425277	0.458727	0.2209	0.3087	0.1170	0.0310	0.2706	0.1404	0.3711
000262	S	0.055015	0.427713	0.454684	0.2292	0.3215	0.1130	0.0310	0.2668	0.1495	0.3651
000263	G	0.030029	0.441104	0.449208	0.1805	0.2436	0.1250	0.0350	0.2448	0.1555	0.3604
000264	N	0.029903	0.444665	0.446003	0.2820	0.2164	0.1400	0.0390	0.2598	0.1519	0.3563
000265	P	0.030118	0.453591	0.445200	0.1844	0.1852	0.1460	0.0400	0.2408	0.1563	0.3552
000266	K	0.026917	0.445422	0.446303	0.1117	0.1852	0.1420	0.0420	0.2262	0.1623	0.3501
000267	L	0.021531	0.436138	0.447261	0.1732	0.1852	0.1350	0.0470	0.2330	0.1568	0.3455
000268	N	0.017564	0.424625	0.446828	0.1635	0.1731	0.1330	0.0570	0.2264	0.1565	0.3427
000269	W	0.011914	0.388878	0.444616	0.1416	0.2292	0.1500	0.0670	0.2277	0.1489	0.3402
000270	A	0.013779	0.376005	0.440679	0.2122	0.2292	0.1490	0.0660	0.2368	0.1409	0.3384
000271	G	0.021614	0.362047	0.437728	0.1958	0.2258	0.1490	0.0610	0.2320	0.1365	0.3388
000272	A	0.023549	0.348197	0.435282	0.1805	0.3182	0.1520	0.0630	0.2429	0.1379	0.3404
000273	E	0.034180	0.366782	0.433625	0.1921	0.2436	0.1510	0.0670	0.2368	0.1330	0.3424
000274	V	0.053097	0.360423	0.433831	0.2041	0.2541	0.1580	0.0710	0.2439	0.1259	0.3419
000275	F	0.071344	0.369431	0.436059	0.1266	0.1671	0.1670	0.0730	0.2229	0.1325	0.3473
000276	S	0.150448	0.388919	0.440551	0.1178	0.1399	0.1640	0.0730	0.2336	0.1297	0.3523
000277	G	0.222312	0.414942	0.445646	0.0677	0.1399	0.1940	0.0780	0.2474	0.1383	0.3615
000278	L	0.287876	0.434041	0.449870	0.1150	0.2164	0.2680	0.1150	0.2952	0.1174	0.3701
000279	S	0.362940	0.456004	0.453121	0.1150	0.2129	0.2830	0.1280	0.3138	0.1243	0.3784
000280	S	0.372235	0.480118	0.456475	0.1844	0.2470	0.3000	0.1310	0.3400	0.1070	0.3858
000281	L	0.407669	0.512080	0.461448	0.2167	0.2094	0.3080	0.1250	0.3526	0.1164	0.3954
000282	Q	0.492099	0.522746	0.466337	0.1322	0.2399	0.2480	0.1000	0.3502	0.1492	0.4023
000283	E	0.564783	0.517553	0.470165	0.1060	0.1914	0.2660	0.1170	0.3527	0.1734	0.4157
000284	L	0.629888	0.524677	0.473904	0.1150	0.2064	0.3030	0.1190	0.3755	0.1818	0.4308
000285	D	0.633965	0.510149	0.478343	0.1018	0.2849	0.2670	0.0980	0.3793	0.1781	0.4213
000286	L	0.630974	0.463150	0.482695	0.1921	0.3599	0.2900	0.0920	0.4031	0.1421	0.4149
000287	S	0.616007	0.443068	0.486220	0.2041	0.2849	0.2800	0.0890	0.3858	0.1418	0.4107
000288	G	0.592845	0.425226	0.488218	0.1698	0.2094	0.2850	0.0930	0.3618	0.1524	0.4023
000289	T	0.640932	0.389130	0.487601	0.1766	0.2129	0.3190	0.1070	0.3711	0.1593	0.3910
000290	N	0.628020	0.362613	0.485698	0.1150	0.2193	0.3090	0.1120	0.3533	0.1682	0.3780
000291	L	0.557676	0.350816	0.483850	0.0677	0.1528	0.3050	0.1090	0.3196	0.1713	0.3619
000292	V	0.495614	0.349949	0.483964	0.1266	0.2541	0.2810	0.0890	0.3318	0.1298	0.3490
000293	P	0.478076	0.332997	0.486300	0.0660	0.2129	0.2600	0.0860	0.3061	0.1479	0.3362
000294	L	0.431131	0.335628	0.490339	0.0701	0.1373	0.2750	0.0850	0.2899	0.1495	0.3276
000295	P	0.405980	0.310785	0.496262	0.1060	0.2129	0.2750	0.0920	0.3012	0.1263	0.3207
000296	E	0.386024	0.298001	0.504893	0.0554	0.1969	0.2830	0.0890	0.2873	0.1409	0.3164
000297	A	0.372164	0.283285	0.516883	0.1088	0.2094	0.2810	0.0840	0.2952	0.1275	0.3103
000298	L	0.373903	0.291478	0.531088	0.1117	0.2094	0.2810	0.0990	0.2998	0.1310	0.3029
000299	L	0.422122	0.279262	0.545840	0.0723	0.1528	0.2810	0.1050	0.2922	0.1577	0.3014
000300	L	0.431521	0.331879	0.560242	0.0744	0.1476	0.2630	0.1010	0.3014	0.1641	0.3044
000301	H	0.459467	0.379551	0.574684	0.0478	0.1449	0.2390	0.0920	0.3075	0.1818	0.3130
000302	L	0.402118	0.409226	0.588130	0.0909	0.2224	0.2270	0.0980	0.3232	0.1619	0.3265
000303	P	0.365756	0.448702	0.601224	0.1456	0.2224	0.2290	0.1010	0.3354	0.1552	0.3407
000304	A	0.323274	0.455285	0.613391	0.1292	0.1914	0.2720	0.1140	0.3307	0.1628	0.3554
000305	L	0.293491	0.469946	0.623634	0.1495	0.1914	0.3080	0.1270	0.3393	0.1627	0.3702
000306	Q	0.258628	0.500497	0.631140	0.1266	0.1643	0.3240	0.1250	0.3342	0.1796	0.3917
000307	S	0.221243	0.494199	0.637158	0.0643	0.1501	0.3550	0.1220	0.3204	0.1984	0.4090
000308	V	0.175023	0.499658	0.642424	0.0813	0.1184	0.3650	0.1320	0.3137	0.2068	0.4252
000309	S	0.171333	0.508787	0.649051	0.1349	0.1275	0.3570	0.1540	0.3248	0.1994	0.4296
000310	V	0.140246	0.496382	0.656705	0.1495	0.1852	0.3920	0.1990	0.3366	0.1947	0.4216
000311	G	0.154012	0.491324	0.665389	0.1698	0.2715	0.4050	0.2290	0.3594	0.1821	0.4140
000312	Q	0.182399	0.501813	0.674294	0.1732	0.2715	0.4180	0.2510	0.3701	0.1807	0.4086
000313	D	0.234426	0.502623	0.683151	0.2602	0.3566	0.3920	0.2300	0.4049	0.1525	0.4059
000314	V	0.332987	0.492187	0.692906	0.2292	0.2436	0.3630	0.2280	0.3923	0.1599	0.4045
000315	R	0.430745	0.508440	0.703951	0.2657	0.3053	0.2810	0.1940	0.4158	0.1554	0.4043
000316	C	0.503865	0.488694	0.715395	0.2820	0.3807	0.2650	0.1740	0.4392	0.1536	0.4058
000317	R	0.580007	0.496068	0.726044	0.2963	0.3667	0.2450	0.1500	0.4518	0.1671	0.4119
000318	R	0.652514	0.506667	0.735220	0.2963	0.4017	0.2650	0.1510	0.4762	0.1741	0.4182
000319	L	0.729008	0.524226	0.745168	0.3668	0.4725	0.3000	0.1510	0.5229	0.1676	0.4249
000320	V	0.816233	0.577885	0.757711	0.3885	0.4725	0.3010	0.1420	0.5524	0.1865	0.4278
000321	R	0.897259	0.616049	0.771926	0.4556	0.5419	0.3010	0.1430	0.5973	0.1965	0.4289
000322	E	0.949760	0.630402	0.784339	0.4556	0.5807	0.3280	0.1390	0.6215	0.2039	0.4309
000323	G	0.956410	0.660309	0.793048	0.4458	0.5665	0.3370	0.1360	0.6266	0.2072	0.4331
000324	T	0.952050	0.676678	0.798554	0.4651	0.4801	0.4190	0.1540	0.6320	0.1951	0.4327
000325	Y	0.917093	0.699068	0.803249	0.5374	0.5254	0.4610	0.1590	0.6571	0.1638	0.4308
000326	P	0.887826	0.724074	0.806906	0.4879	0.4476	0.4420	0.1580	0.6327	0.1804	0.4302
000327	R	0.853605	0.736567	0.808675	0.5623	0.5419	0.4750	0.1760	0.6630	0.1433	0.4293
000328	R	0.830863	0.742974	0.807553	0.5126	0.4582	0.4950	0.1730	0.6411	0.1557	0.4284
000329	P	0.804290	0.744900	0.805323	0.5173	0.3948	0.4870	0.1670	0.6256	0.1646	0.4286
000330	G	0.762059	0.738252	0.804138	0.5008	0.4864	0.5090	0.1760	0.6334	0.1362	0.4289
000331	S	0.728237	0.734680	0.804958	0.5043	0.5707	0.5120	0.1840	0.6424	0.1181	0.4285
000332	S	0.700834	0.730713	0.807208	0.5008	0.5707	0.5020	0.1740	0.6353	0.1177	0.4285
000333	P	0.671990	0.724465	0.808020	0.5043	0.5665	0.4890	0.1440	0.6274	0.1170	0.4286
000334	K	0.673794	0.698860	0.805947	0.5084	0.5620	0.5260	0.1380	0.6291	0.1064	0.4292
000335	V	0.656528	0.673946	0.801332	0.5126	0.5211	0.5260	0.1370	0.6152	0.1058	0.4304
000336	A	0.628101	0.665743	0.793607	0.5762	0.5901	0.4600	0.1200	0.6190	0.1005	0.4321
000337	L	0.592005	0.636355	0.782937	0.5331	0.5456	0.4540	0.1210	0.5907	0.1025	0.4344
000338	H	0.539748	0.595822	0.773096	0.5084	0.5493	0.4410	0.1140	0.5678	0.1031	0.4370
000339	C	0.505114	0.618044	0.766441	0.5126	0.5901	0.4800	0.1340	0.5788	0.0969	0.4391
000340	V	0.514445	0.614292	0.763216	0.4879	0.5620	0.4810	0.1380	0.5705	0.0975	0.4414
000341	D	0.540856	0.652062	0.759460	0.5084	0.4582	0.5170	0.1540	0.5726	0.1021	0.4423
000342	T	0.581234	0.667776	0.755010	0.5043	0.3910	0.5780	0.1510	0.5796	0.1153	0.4437
000343	R	0.607075	0.683945	0.750253	0.4556	0.3840	0.6420	0.1300	0.5872	0.1278	0.4473
000344	D	0.644615	0.682849	0.744834	0.3885	0.3321	0.8710	0.0450	0.6107	0.1912	0.4511
000345	S	0.683008	0.693632	0.738381	0.4282	0.3117	0.8980	0.0380	0.6254	0.1967	0.4574
000346	A	0.703068	0.688805	0.730816	0.5173	0.3566	0.9160	0.0530	0.6522	0.1758	0.4647
000347	A	0.726986	0.690920	0.723932	0.5762	0.3631	0.9150	0.0650	0.6661	0.1682	0.4715
000348	R	0.747609	0.696422	0.718358	0.6681	0.4292	0.9120	0.0720	0.6953	0.1425	0.4792
000349	G	0.715246	0.723592	0.714215	0.7034	0.4017	0.8660	0.0990	0.6873	0.1394	0.4848
000350	P	0.582887	0.725125	0.709173	0.8200	0.4901	0.9210	0.0690	0.7081	0.1423	0.4917
000351	T	0.504256	0.713341	0.703816	0.8920	0.5758	0.9260	0.0580	0.7193	0.1526	0.4987
000352	I	0.492287	0.729999	0.697211	0.9180	0.5254	0.9430	0.0300	0.7176	0.1728	0.5064
000353	L	0.467860	0.725068	0.694440	0.9392	0.4801	0.9510	0.0350	0.7096	0.1926	0.5098