RESNUM	RES	VL-XT	VSL2B	VL3	IUPred-S	IUPred-L	PONDRFIT	FITERROR	MDP	MDPERROR	ANCHOR2
000001	M	0.051729	0.490080	0.420578	0.7388	0.0160	0.6210	0.2060	0.3897	0.2709	0.0903
000002	L	0.099677	0.430418	0.415177	0.6474	0.0168	0.6050	0.1100	0.3691	0.2366	0.0912
000003	C	0.243049	0.375340	0.404465	0.5331	0.0275	0.7660	0.1240	0.3915	0.2292	0.0940
000004	Y	0.326806	0.324320	0.395825	0.4556	0.0205	0.9550	0.0430	0.4130	0.2784	0.1042
000005	V	0.253487	0.265038	0.387591	0.4203	0.0320	0.9680	0.0480	0.3877	0.2878	0.1101
000006	T	0.315439	0.217770	0.379797	0.3005	0.0244	0.9620	0.0620	0.3667	0.2891	0.1174
000007	R	0.377758	0.187268	0.371836	0.2657	0.0364	0.9780	0.0350	0.3695	0.2959	0.1262
000008	P	0.424545	0.172026	0.363563	0.1602	0.0380	0.9920	0.0110	0.3584	0.3116	0.1415
000009	D	0.469805	0.165653	0.355378	0.1349	0.0483	0.9940	0.0080	0.3613	0.3161	0.1541
000010	A	0.509047	0.171032	0.347654	0.0789	0.0494	0.9890	0.0130	0.3575	0.3238	0.1634
000011	V	0.572739	0.196101	0.340983	0.0542	0.0676	0.7050	0.1570	0.3227	0.2456	0.1747
000012	L	0.641847	0.230965	0.335255	0.0502	0.0835	0.6420	0.1440	0.3307	0.2393	0.1806
000013	M	0.698512	0.269983	0.330016	0.0744	0.1501	0.5990	0.1180	0.3537	0.2259	0.1800
000014	E	0.730088	0.313500	0.324734	0.1349	0.2328	0.5880	0.1520	0.3873	0.2060	0.1700
000015	V	0.740958	0.358910	0.319091	0.2080	0.2328	0.5650	0.1170	0.4042	0.1900	0.1510
000016	E	0.743981	0.410838	0.312444	0.2786	0.2164	0.5500	0.1110	0.4187	0.1802	0.1331
000017	V	0.730277	0.438230	0.306144	0.1698	0.2193	0.5230	0.1050	0.3978	0.1915	0.1152
000018	E	0.725438	0.471571	0.300904	0.1205	0.2258	0.4590	0.0830	0.3839	0.1963	0.0998
000019	A	0.734008	0.501161	0.294076	0.1060	0.1373	0.4200	0.1000	0.3655	0.2167	0.0831
000020	K	0.720680	0.508636	0.284118	0.1041	0.0780	0.4020	0.0950	0.3497	0.2251	0.0709
000021	A	0.704956	0.498442	0.269760	0.0884	0.0948	0.3920	0.0950	0.3414	0.2196	0.0596
000022	N	0.690465	0.472414	0.255299	0.0723	0.1424	0.3480	0.1120	0.3301	0.2072	0.0500
000023	G	0.641555	0.436839	0.241076	0.1060	0.1424	0.2540	0.1080	0.3037	0.1841	0.0438
000024	E	0.634481	0.381675	0.227618	0.1150	0.1731	0.1710	0.0750	0.2839	0.1775	0.0410
000025	D	0.594056	0.323703	0.214494	0.0607	0.0967	0.1350	0.0460	0.2374	0.1811	0.0399
000026	C	0.566821	0.264530	0.201785	0.0965	0.0870	0.1160	0.0340	0.2221	0.1665	0.0381
000027	L	0.500095	0.219285	0.189950	0.0514	0.0870	0.0990	0.0260	0.1911	0.1501	0.0393
000028	N	0.420236	0.163087	0.178655	0.0478	0.0888	0.0850	0.0190	0.1639	0.1234	0.0390
000029	Q	0.343997	0.122481	0.168484	0.0464	0.0870	0.0810	0.0170	0.1415	0.0982	0.0393
000030	V	0.272613	0.096569	0.159210	0.0395	0.0618	0.0740	0.0130	0.1173	0.0788	0.0414
000031	C	0.201536	0.070928	0.151479	0.0455	0.0306	0.0690	0.0100	0.0948	0.0611	0.0429
000032	R	0.166814	0.057772	0.145281	0.0363	0.0372	0.0660	0.0100	0.0848	0.0518	0.0485
000033	R	0.098409	0.055864	0.139866	0.0212	0.0205	0.0600	0.0120	0.0659	0.0423	0.0548
000034	L	0.066833	0.054156	0.134428	0.0218	0.0214	0.0580	0.0150	0.0594	0.0378	0.0624
000035	G	0.039226	0.055059	0.128429	0.0102	0.0109	0.0560	0.0140	0.0500	0.0397	0.0679
000036	I	0.031881	0.058829	0.122332	0.0094	0.0108	0.0650	0.0220	0.0497	0.0388	0.0762
000037	I	0.030778	0.062290	0.116223	0.0118	0.0168	0.0650	0.0190	0.0505	0.0358	0.0876
000038	E	0.043445	0.063302	0.110204	0.0226	0.0269	0.0610	0.0150	0.0546	0.0292	0.0977
000039	V	0.061314	0.062803	0.104827	0.0226	0.0244	0.0650	0.0170	0.0569	0.0279	0.1116
000040	D	0.065498	0.069522	0.099729	0.0226	0.0235	0.0600	0.0140	0.0569	0.0270	0.1252
000041	Y	0.064302	0.072024	0.094848	0.0350	0.0405	0.0620	0.0160	0.0614	0.0199	0.1368
000042	F	0.061244	0.082052	0.089474	0.0607	0.0704	0.0720	0.0210	0.0727	0.0104	0.1469
000043	G	0.056886	0.112149	0.083984	0.0701	0.0424	0.0740	0.0220	0.0733	0.0218	0.1496
000044	L	0.051697	0.157271	0.078399	0.0789	0.0231	0.1210	0.0310	0.0851	0.0439	0.1534
000045	Q	0.049066	0.214815	0.073147	0.0789	0.0240	0.1810	0.0540	0.1036	0.0699	0.1563
000046	F	0.045566	0.258908	0.068494	0.0425	0.0258	0.2640	0.0830	0.1175	0.1024	0.1638
000047	T	0.027910	0.311217	0.064045	0.0405	0.0269	0.2950	0.1080	0.1276	0.1248	0.1655
000048	G	0.006862	0.365578	0.059188	0.0677	0.0483	0.3220	0.1390	0.1449	0.1424	0.1623
000049	S	0.000959	0.386205	0.053820	0.0327	0.0473	0.3370	0.1460	0.1430	0.1561	0.1584
000050	K	0.001244	0.397639	0.049550	0.0502	0.0749	0.3180	0.1350	0.1485	0.1512	0.1527
000051	G	0.001715	0.416039	0.047034	0.0478	0.0389	0.2890	0.1080	0.1401	0.1554	0.1477
000052	E	0.002149	0.408576	0.046609	0.0771	0.0662	0.2310	0.0750	0.1387	0.1400	0.1418
000053	S	0.010895	0.345819	0.047014	0.0701	0.1323	0.2020	0.0630	0.1346	0.1127	0.1385
000054	L	0.021146	0.308584	0.048228	0.0701	0.1373	0.1660	0.0610	0.1252	0.0959	0.1339
000055	W	0.026207	0.269680	0.049466	0.1266	0.1791	0.1450	0.0640	0.1326	0.0810	0.1241
000056	L	0.029684	0.243170	0.050573	0.1292	0.1852	0.1290	0.0570	0.1277	0.0733	0.1122
000057	N	0.040166	0.222300	0.051458	0.1698	0.2918	0.1300	0.0520	0.1509	0.0893	0.1004
000058	L	0.050177	0.239543	0.052479	0.1766	0.2064	0.1270	0.0600	0.1420	0.0725	0.0918
000059	R	0.069759	0.241421	0.054041	0.1844	0.1823	0.1360	0.0710	0.1446	0.0661	0.0844
000060	N	0.076166	0.248654	0.056580	0.1150	0.2129	0.1420	0.0720	0.1419	0.0692	0.0772
000061	R	0.107239	0.280180	0.059546	0.0965	0.1424	0.1370	0.0560	0.1371	0.0696	0.0730
000062	I	0.129897	0.324589	0.063174	0.1205	0.1449	0.1250	0.0500	0.1514	0.0816	0.0686
000063	S	0.218720	0.342217	0.067015	0.0677	0.0835	0.1340	0.0510	0.1521	0.1000	0.0661
000064	Q	0.310315	0.386741	0.071117	0.0643	0.0835	0.1650	0.0630	0.1801	0.1255	0.0617
000065	Q	0.417195	0.418271	0.075652	0.0607	0.0835	0.1840	0.0640	0.2066	0.1545	0.0596
000066	M	0.445581	0.411415	0.079965	0.1178	0.1501	0.1840	0.0510	0.2316	0.1431	0.0585
000067	D	0.452558	0.359876	0.084551	0.1060	0.1611	0.1560	0.0370	0.2200	0.1370	0.0565
000068	G	0.433042	0.345674	0.088688	0.1041	0.1476	0.1190	0.0160	0.2063	0.1330	0.0530
000069	L	0.431418	0.303011	0.092988	0.1117	0.1323	0.1070	0.0150	0.1963	0.1269	0.0496
000070	A	0.406412	0.266638	0.097272	0.1240	0.0704	0.0940	0.0180	0.1765	0.1212	0.0482
000071	P	0.379031	0.227094	0.101520	0.0621	0.0424	0.0960	0.0230	0.1513	0.1176	0.0474
000072	Y	0.282465	0.201362	0.105977	0.0336	0.0473	0.0990	0.0290	0.1283	0.0875	0.0438
000073	R	0.187396	0.161469	0.110802	0.0363	0.1007	0.0940	0.0320	0.1152	0.0487	0.0415
000074	L	0.077101	0.136760	0.115819	0.0376	0.1048	0.0840	0.0250	0.0927	0.0316	0.0399
000075	K	0.038254	0.123973	0.121116	0.0441	0.0631	0.0720	0.0210	0.0771	0.0340	0.0413
000076	L	0.025772	0.125995	0.126876	0.0414	0.0356	0.0560	0.0110	0.0686	0.0419	0.0418
000077	R	0.030571	0.126179	0.133247	0.0268	0.0263	0.0520	0.0120	0.0659	0.0460	0.0432
000078	V	0.028089	0.122026	0.139342	0.0116	0.0253	0.0510	0.0140	0.0629	0.0496	0.0460
000079	K	0.041017	0.116016	0.144861	0.0053	0.0287	0.0570	0.0200	0.0655	0.0492	0.0518
000080	F	0.040883	0.107173	0.149716	0.0097	0.0483	0.0710	0.0350	0.0711	0.0460	0.0577
000081	F	0.042427	0.097001	0.154506	0.0128	0.0618	0.0720	0.0300	0.0735	0.0445	0.0626
000082	V	0.044490	0.096735	0.159233	0.0102	0.0494	0.0600	0.0190	0.0701	0.0473	0.0678
000083	E	0.047748	0.100761	0.164151	0.0218	0.0870	0.0540	0.0160	0.0792	0.0460	0.0780
000084	P	0.047998	0.115379	0.169271	0.0218	0.0506	0.0480	0.0120	0.0756	0.0506	0.0890
000085	H	0.043467	0.136032	0.174560	0.0425	0.0424	0.0490	0.0140	0.0814	0.0535	0.0944
000086	L	0.039571	0.153377	0.180256	0.0194	0.0227	0.0530	0.0160	0.0781	0.0642	0.0948
000087	I	0.037330	0.181071	0.186501	0.0194	0.0231	0.0570	0.0220	0.0840	0.0716	0.0964
000088	L	0.051421	0.216988	0.192653	0.0086	0.0235	0.0660	0.0370	0.0932	0.0814	0.0994
000089	Q	0.086575	0.233387	0.198204	0.0079	0.0214	0.0710	0.0430	0.1031	0.0847	0.1061
000090	E	0.084027	0.242863	0.202670	0.0074	0.0214	0.0690	0.0390	0.1046	0.0883	0.1094
000091	Q	0.080770	0.223171	0.206045	0.0069	0.0454	0.0650	0.0330	0.1045	0.0812	0.1134
000092	T	0.078145	0.194408	0.208710	0.0137	0.0734	0.0550	0.0230	0.1039	0.0722	0.1208
000093	R	0.079356	0.153461	0.210504	0.0308	0.0690	0.0460	0.0170	0.0982	0.0634	0.1262
000094	H	0.080500	0.125649	0.211420	0.0245	0.0372	0.0360	0.0120	0.0859	0.0658	0.1303
000095	I	0.080659	0.090029	0.211140	0.0079	0.0258	0.0330	0.0110	0.0747	0.0677	0.1306
000096	F	0.080878	0.080106	0.209343	0.0035	0.0248	0.0310	0.0090	0.0717	0.0678	0.1415
000097	F	0.047326	0.078804	0.207051	0.0069	0.0424	0.0310	0.0070	0.0689	0.0654	0.1512
000098	L	0.008259	0.081688	0.204671	0.0131	0.0443	0.0320	0.0090	0.0639	0.0674	0.1608
000099	H	0.006771	0.102153	0.202915	0.0297	0.0443	0.0340	0.0100	0.0700	0.0662	0.1659
000100	I	0.006541	0.114738	0.201170	0.0128	0.0263	0.0390	0.0100	0.0668	0.0699	0.1640
000101	K	0.006148	0.130549	0.199321	0.0062	0.0235	0.0430	0.0120	0.0681	0.0723	0.1629
000102	E	0.005231	0.136799	0.197412	0.0028	0.0275	0.0460	0.0150	0.0693	0.0728	0.1605
000103	A	0.005319	0.146141	0.195092	0.0028	0.0287	0.0470	0.0120	0.0708	0.0735	0.1564
000104	L	0.030595	0.141613	0.191812	0.0040	0.0300	0.0500	0.0120	0.0747	0.0680	0.1554
000105	L	0.056575	0.139208	0.188782	0.0049	0.0248	0.0590	0.0180	0.0789	0.0645	0.1505
000106	A	0.100091	0.144927	0.186936	0.0099	0.0281	0.0660	0.0220	0.0894	0.0623	0.1460
000107	G	0.152459	0.157866	0.185570	0.0179	0.0618	0.0710	0.0270	0.1078	0.0607	0.1356
000108	H	0.215123	0.155139	0.183341	0.0231	0.0719	0.0760	0.0330	0.1207	0.0683	0.1297
000109	L	0.225872	0.161268	0.179906	0.0542	0.1137	0.0830	0.0340	0.1363	0.0587	0.1222
000110	L	0.236395	0.190594	0.176842	0.0286	0.0929	0.1030	0.0340	0.1380	0.0698	0.1144
000111	C	0.254867	0.241775	0.175369	0.0607	0.0967	0.1370	0.0370	0.1610	0.0711	0.1091
000112	S	0.282647	0.300055	0.175338	0.0478	0.0592	0.1870	0.0490	0.1754	0.0974	0.1094
000113	P	0.265638	0.349599	0.177122	0.0252	0.0443	0.2230	0.0500	0.1809	0.1157	0.1127
000114	E	0.243698	0.376898	0.180189	0.0179	0.0555	0.2860	0.0590	0.1933	0.1256	0.1150
000115	Q	0.208451	0.391072	0.184570	0.0308	0.0948	0.2800	0.0410	0.1982	0.1175	0.1145
000116	A	0.201006	0.375639	0.189580	0.0607	0.1449	0.2130	0.0410	0.1975	0.0945	0.1171
000117	V	0.163650	0.351774	0.193901	0.0744	0.0929	0.1530	0.0420	0.1716	0.0904	0.1212
000118	E	0.199737	0.324964	0.197460	0.0677	0.0929	0.1050	0.0290	0.1647	0.0876	0.1314
000119	L	0.231250	0.304326	0.200058	0.0387	0.0967	0.0910	0.0280	0.1604	0.0922	0.1399
000120	S	0.242855	0.282110	0.200352	0.0701	0.0948	0.0730	0.0290	0.1606	0.0849	0.1526
000121	A	0.218128	0.250873	0.197983	0.1349	0.1583	0.0690	0.0320	0.1715	0.0594	0.1716
000122	L	0.212611	0.209074	0.193761	0.1456	0.2364	0.0810	0.0400	0.1798	0.0520	0.1904
000123	L	0.208183	0.197001	0.189702	0.1456	0.2541	0.0950	0.0410	0.1817	0.0500	0.1999
000124	A	0.199979	0.212785	0.186281	0.1150	0.2292	0.1060	0.0470	0.1748	0.0475	0.2037
000125	Q	0.155039	0.249913	0.183406	0.1041	0.1881	0.1070	0.0400	0.1645	0.0505	0.2080
000126	T	0.129694	0.280447	0.182295	0.0965	0.1823	0.1100	0.0390	0.1635	0.0617	0.2157
000127	K	0.082741	0.316348	0.183224	0.0991	0.1373	0.1120	0.0340	0.1551	0.0789	0.2198
000128	F	0.041079	0.354576	0.186789	0.1495	0.2034	0.1330	0.0470	0.1780	0.0944	0.2273
000129	G	0.011082	0.379265	0.191915	0.0884	0.1229	0.1360	0.0480	0.1550	0.1141	0.2254
000130	D	0.006977	0.402728	0.198318	0.1602	0.2002	0.1440	0.0460	0.1854	0.1168	0.2297
000131	Y	0.003265	0.410377	0.205412	0.1060	0.2193	0.1340	0.0460	0.1798	0.1252	0.2327
000132	N	0.003181	0.429065	0.212510	0.1416	0.1731	0.1290	0.0460	0.1814	0.1281	0.2306
000133	Q	0.004234	0.444961	0.221129	0.2209	0.1759	0.1290	0.0460	0.1994	0.1322	0.2343
000134	N	0.005105	0.443012	0.231041	0.2255	0.2224	0.1420	0.0500	0.2115	0.1302	0.2384
000135	T	0.006168	0.427189	0.243311	0.1878	0.2541	0.1480	0.0580	0.2110	0.1266	0.2450
000136	A	0.007253	0.411130	0.256251	0.1635	0.2645	0.1450	0.0570	0.2079	0.1246	0.2516
000137	K	0.007500	0.408018	0.268494	0.1602	0.1823	0.1350	0.0520	0.1936	0.1231	0.2606
000138	Y	0.008634	0.405341	0.280549	0.1766	0.1823	0.1310	0.0520	0.1975	0.1230	0.2763
000139	N	0.009525	0.399157	0.292380	0.2080	0.2849	0.1280	0.0540	0.2203	0.1255	0.2854
000140	Y	0.010324	0.408097	0.304788	0.2167	0.2575	0.1150	0.0450	0.2188	0.1284	0.2981
000141	E	0.011685	0.421604	0.316745	0.2041	0.2503	0.1060	0.0440	0.2184	0.1339	0.3031
000142	E	0.011774	0.430013	0.326074	0.2483	0.2541	0.1130	0.0490	0.2306	0.1363	0.3055
000143	L	0.011875	0.426203	0.333924	0.2385	0.2541	0.1100	0.0530	0.2291	0.1366	0.3121
000144	C	0.015133	0.440210	0.340073	0.1805	0.2470	0.1000	0.0470	0.2205	0.1424	0.3082
000145	A	0.020880	0.448569	0.347423	0.1844	0.1554	0.1010	0.0490	0.2096	0.1455	0.3124
000146	K	0.023980	0.470789	0.353230	0.1921	0.1028	0.1150	0.0530	0.2097	0.1549	0.3181
000147	E	0.024834	0.478430	0.357657	0.1566	0.1028	0.1400	0.0520	0.2100	0.1567	0.3298
000148	L	0.026212	0.469045	0.361140	0.1178	0.1028	0.1630	0.0540	0.2067	0.1559	0.3369
000149	S	0.025528	0.454867	0.364665	0.1456	0.1671	0.1460	0.0400	0.2173	0.1459	0.3316
000150	S	0.026649	0.454080	0.368675	0.1322	0.1554	0.1540	0.0390	0.2151	0.1474	0.3336
000151	A	0.034585	0.432643	0.372954	0.1998	0.2503	0.1630	0.0440	0.2422	0.1321	0.3336
000152	T	0.042656	0.427658	0.378828	0.1805	0.1583	0.1730	0.0500	0.2268	0.1336	0.3378
000153	L	0.087907	0.449632	0.383733	0.1844	0.1611	0.1810	0.0500	0.2412	0.1295	0.3477
000154	N	0.092391	0.461521	0.386887	0.1766	0.2328	0.1790	0.0560	0.2549	0.1283	0.3511
000155	S	0.105600	0.453552	0.388087	0.2657	0.3149	0.1970	0.0560	0.2874	0.1157	0.3600
000156	I	0.120167	0.443518	0.389083	0.2963	0.3392	0.2050	0.0590	0.2989	0.1091	0.3637
000157	V	0.130621	0.444347	0.388915	0.3005	0.3460	0.2210	0.0580	0.3052	0.1046	0.3619
000158	A	0.184248	0.463653	0.387375	0.2820	0.2988	0.2640	0.0700	0.3133	0.0898	0.3495
000159	K	0.202243	0.506626	0.384072	0.3399	0.3740	0.2760	0.0790	0.3471	0.0946	0.3377
000160	H	0.222623	0.553380	0.380488	0.3096	0.3426	0.3250	0.0870	0.3556	0.1005	0.3366
000161	K	0.238605	0.578342	0.377117	0.3096	0.3599	0.3450	0.0890	0.3681	0.1041	0.3271
000162	E	0.203277	0.613160	0.375419	0.3146	0.3053	0.4170	0.1110	0.3714	0.1267	0.3220
000163	L	0.212727	0.659687	0.376217	0.3311	0.3053	0.4720	0.1410	0.3928	0.1424	0.3193
000164	E	0.214137	0.687020	0.376396	0.3184	0.3215	0.4610	0.1490	0.3965	0.1494	0.3077
000165	G	0.211836	0.681172	0.374778	0.3184	0.2258	0.4590	0.1700	0.3785	0.1596	0.3013
000166	T	0.261523	0.660038	0.369550	0.2657	0.2364	0.4750	0.1830	0.3781	0.1501	0.3013
000167	S	0.278579	0.631808	0.361156	0.2748	0.2364	0.4200	0.1500	0.3671	0.1331	0.3001
000168	Q	0.346097	0.587622	0.350522	0.3359	0.2399	0.3940	0.1680	0.3757	0.1055	0.3046
000169	A	0.404856	0.519978	0.337604	0.2913	0.2645	0.3400	0.1850	0.3598	0.0840	0.3181
000170	S	0.471786	0.472987	0.324743	0.2483	0.2364	0.2840	0.1720	0.3397	0.0979	0.3311
000171	A	0.540123	0.424932	0.312694	0.2432	0.1969	0.2300	0.1460	0.3247	0.1215	0.3413
000172	E	0.601856	0.403281	0.301305	0.2255	0.2193	0.1610	0.1080	0.3188	0.1477	0.3623
000173	Y	0.652620	0.348299	0.291222	0.1805	0.2129	0.1320	0.0820	0.3030	0.1716	0.3818
000174	Q	0.686455	0.299473	0.280835	0.2700	0.2129	0.1060	0.0720	0.3093	0.1804	0.3899
000175	V	0.630246	0.271781	0.269802	0.2558	0.1942	0.0890	0.0520	0.2851	0.1670	0.4091
000176	L	0.562796	0.229767	0.256331	0.1766	0.1275	0.0950	0.0470	0.2414	0.1539	0.4235
000177	Q	0.478362	0.196345	0.241923	0.1844	0.1373	0.1070	0.0410	0.2242	0.1215	0.4282
000178	I	0.392851	0.176734	0.228130	0.1205	0.0799	0.1230	0.0370	0.1869	0.1034	0.4294
000179	V	0.303906	0.170787	0.215655	0.1349	0.0799	0.1330	0.0360	0.1730	0.0715	0.4171
000180	S	0.239814	0.156078	0.204351	0.1088	0.0967	0.1470	0.0420	0.1588	0.0502	0.4067
000181	A	0.179990	0.155628	0.193808	0.1117	0.0662	0.1570	0.0570	0.1440	0.0432	0.3953
000182	M	0.171598	0.181587	0.185705	0.1349	0.0835	0.1610	0.0650	0.1530	0.0352	0.3850
000183	E	0.192870	0.196202	0.179125	0.0832	0.0817	0.1560	0.0690	0.1481	0.0482	0.3896
000184	N	0.256313	0.209190	0.175663	0.1266	0.1298	0.1470	0.0680	0.1741	0.0465	0.3920
000185	Y	0.318122	0.239769	0.173645	0.1380	0.1399	0.1380	0.0510	0.1912	0.0672	0.3831
000186	G	0.377226	0.263652	0.173278	0.1844	0.1942	0.1290	0.0460	0.2202	0.0807	0.3814
000187	I	0.424347	0.255902	0.172802	0.2657	0.2783	0.1240	0.0370	0.2535	0.0943	0.3770
000188	E	0.462970	0.274001	0.172114	0.2602	0.2715	0.1190	0.0400	0.2600	0.1074	0.3723
000189	W	0.487631	0.293928	0.171209	0.3456	0.2783	0.1550	0.0600	0.2886	0.1115	0.3753
000190	H	0.473786	0.317422	0.170012	0.3992	0.2680	0.1880	0.0900	0.3028	0.1085	0.3895
000191	S	0.423124	0.344981	0.168282	0.3096	0.1914	0.2450	0.1030	0.2804	0.0886	0.4077
000192	V	0.380314	0.386373	0.165430	0.2700	0.2164	0.2820	0.1280	0.2835	0.0802	0.4245
000193	R	0.384544	0.428278	0.160352	0.2209	0.1914	0.3050	0.1360	0.2818	0.0993	0.4258
000194	D	0.399043	0.462848	0.153072	0.2080	0.1731	0.3180	0.1160	0.2857	0.1166	0.4168
000195	S	0.363424	0.494279	0.145132	0.1532	0.1852	0.3340	0.1270	0.2792	0.1285	0.3993
000196	E	0.400038	0.515612	0.138189	0.2255	0.2849	0.3090	0.1180	0.3122	0.1209	0.3788
000197	G	0.445679	0.501806	0.133579	0.2432	0.2817	0.2390	0.0850	0.3074	0.1269	0.3614
000198	Q	0.473300	0.472937	0.131223	0.3399	0.2849	0.1890	0.0600	0.3153	0.1298	0.3451
000199	K	0.526447	0.435748	0.130604	0.3225	0.2609	0.1380	0.0390	0.3023	0.1453	0.3360
000200	L	0.573114	0.364218	0.131184	0.3184	0.2783	0.1250	0.0360	0.2984	0.1520	0.3334
000201	L	0.602903	0.319717	0.131357	0.3146	0.1942	0.1130	0.0310	0.2793	0.1655	0.3316
000202	I	0.561009	0.281076	0.129980	0.2385	0.1942	0.0940	0.0170	0.2498	0.1526	0.3291
000203	G	0.485894	0.241748	0.127006	0.2531	0.2680	0.0830	0.0150	0.2431	0.1283	0.3199
000204	V	0.466960	0.220354	0.123404	0.2602	0.2752	0.0940	0.0190	0.2400	0.1215	0.3154
000205	G	0.385260	0.217352	0.120082	0.2558	0.1643	0.0980	0.0310	0.2068	0.0962	0.3138
000206	P	0.313151	0.207964	0.116956	0.2700	0.1643	0.1090	0.0450	0.1969	0.0755	0.3216
000207	E	0.268302	0.204527	0.113322	0.1732	0.1731	0.1040	0.0380	0.1727	0.0554	0.3293
000208	G	0.232771	0.233473	0.110612	0.1766	0.1137	0.1000	0.0320	0.1611	0.0566	0.3358
000209	I	0.209784	0.247643	0.108413	0.1998	0.1162	0.0960	0.0240	0.1630	0.0582	0.3427
000210	S	0.173104	0.258924	0.106965	0.1380	0.1229	0.0790	0.0120	0.1465	0.0578	0.3429
000211	I	0.175430	0.282610	0.104738	0.2080	0.1206	0.0850	0.0130	0.1627	0.0681	0.3410
000212	C	0.198100	0.313774	0.101731	0.2865	0.1528	0.0810	0.0130	0.1890	0.0873	0.3451
000213	K	0.204787	0.303882	0.097744	0.2820	0.1583	0.0660	0.0110	0.1854	0.0880	0.3466
000214	D	0.201559	0.291317	0.093287	0.2483	0.1852	0.0720	0.0150	0.1820	0.0782	0.3567
000215	D	0.187839	0.283152	0.088538	0.2333	0.1881	0.0830	0.0270	0.1773	0.0723	0.3606
000216	F	0.164346	0.249974	0.084124	0.2657	0.1424	0.0950	0.0360	0.1669	0.0698	0.3593
000217	S	0.139492	0.213385	0.079512	0.1766	0.1275	0.0790	0.0250	0.1359	0.0486	0.3498
000218	P	0.108359	0.191841	0.074989	0.1205	0.0909	0.0710	0.0210	0.1095	0.0407	0.3385
000219	I	0.102541	0.182587	0.070776	0.1266	0.0765	0.0660	0.0200	0.1042	0.0408	0.3319
000220	N	0.092683	0.155575	0.067353	0.1566	0.1298	0.0590	0.0190	0.1102	0.0395	0.3243
000221	R	0.073820	0.139892	0.064598	0.1240	0.1349	0.0570	0.0210	0.0991	0.0345	0.3216
000222	I	0.074250	0.137090	0.061878	0.1732	0.2002	0.0550	0.0180	0.1170	0.0565	0.3164
000223	A	0.178967	0.128622	0.059388	0.2292	0.2752	0.0460	0.0160	0.1529	0.0838	0.3072
000224	Y	0.272720	0.121094	0.057269	0.2255	0.2752	0.0430	0.0130	0.1659	0.0964	0.2996
000225	P	0.318078	0.134072	0.055448	0.2080	0.2752	0.0390	0.0090	0.1716	0.1049	0.2840
000226	V	0.387727	0.156915	0.053516	0.1878	0.2034	0.0480	0.0080	0.1728	0.1136	0.2676
000227	V	0.441456	0.175183	0.051142	0.2748	0.2292	0.0610	0.0120	0.2055	0.1333	0.2527
000228	Q	0.481449	0.211905	0.048008	0.1998	0.1611	0.0780	0.0180	0.1967	0.1407	0.2430
000229	M	0.479696	0.256755	0.044305	0.1117	0.1424	0.1220	0.0200	0.1927	0.1430	0.2369
000230	A	0.472072	0.302044	0.040818	0.1150	0.1554	0.1410	0.0330	0.2044	0.1428	0.2232
000231	T	0.485125	0.339843	0.038448	0.1117	0.1501	0.1620	0.0510	0.2145	0.1514	0.2100
000232	Q	0.393664	0.362864	0.037739	0.0660	0.1449	0.1420	0.0390	0.1912	0.1380	0.1966
000233	S	0.320292	0.380029	0.038350	0.1088	0.2292	0.1410	0.0440	0.2029	0.1195	0.1858
000234	G	0.318401	0.397424	0.039652	0.1349	0.2575	0.1550	0.0440	0.2171	0.1201	0.1769
000235	K	0.271721	0.387545	0.041218	0.2041	0.3321	0.1620	0.0420	0.2330	0.1140	0.1706
000236	N	0.230443	0.369675	0.042889	0.1766	0.3182	0.1910	0.0510	0.2214	0.1051	0.1680
000237	V	0.183398	0.357356	0.044872	0.2292	0.3740	0.1970	0.0520	0.2310	0.1114	0.1688
000238	Y	0.163981	0.342566	0.046551	0.2963	0.3529	0.2020	0.0500	0.2340	0.1087	0.1695
000239	L	0.162900	0.348117	0.046815	0.2913	0.2884	0.2280	0.0650	0.2276	0.0993	0.1681
000240	T	0.134342	0.362352	0.045409	0.2385	0.2503	0.2480	0.0760	0.2131	0.0999	0.1660
000241	V	0.119514	0.388514	0.043430	0.2122	0.2064	0.2510	0.0760	0.2034	0.1074	0.1707
000242	T	0.097750	0.409411	0.042120	0.1532	0.1206	0.2190	0.0540	0.1737	0.1183	0.1785
000243	K	0.051951	0.411900	0.042265	0.0991	0.1162	0.1830	0.0480	0.1507	0.1256	0.1899
000244	E	0.027434	0.409350	0.043402	0.0526	0.0967	0.1650	0.0370	0.1324	0.1319	0.2021
000245	S	0.013777	0.405981	0.045199	0.0526	0.0605	0.1360	0.0400	0.1190	0.1335	0.2127
000246	G	0.008680	0.356185	0.047114	0.0425	0.0605	0.1200	0.0400	0.1059	0.1168	0.2230
000247	N	0.007403	0.295877	0.049157	0.0245	0.0581	0.0960	0.0330	0.0885	0.0968	0.2355
000248	S	0.011046	0.243700	0.051397	0.0376	0.0888	0.0820	0.0310	0.0858	0.0753	0.2492
000249	I	0.015195	0.194736	0.053930	0.0587	0.1184	0.0790	0.0340	0.0867	0.0573	0.2685
000250	V	0.019364	0.142918	0.056928	0.1018	0.1528	0.0680	0.0240	0.0903	0.0474	0.2853
000251	L	0.020458	0.113217	0.060017	0.0789	0.1501	0.0590	0.0160	0.0803	0.0416	0.2956
000252	L	0.020966	0.108617	0.062596	0.0965	0.2002	0.0540	0.0150	0.0905	0.0568	0.2991
000253	F	0.021376	0.110801	0.064394	0.0965	0.1373	0.0570	0.0150	0.0813	0.0381	0.2922
000254	K	0.019929	0.113834	0.065463	0.0909	0.0870	0.0590	0.0170	0.0727	0.0296	0.2779
000255	M	0.017713	0.126016	0.066218	0.0502	0.0835	0.0620	0.0170	0.0677	0.0329	0.2643
000256	I	0.018385	0.146178	0.066466	0.0286	0.0690	0.0710	0.0190	0.0666	0.0411	0.2544
000257	S	0.018789	0.170415	0.067163	0.0304	0.0424	0.0720	0.0190	0.0668	0.0500	0.2440
000258	T	0.018614	0.199052	0.068984	0.0231	0.0398	0.0890	0.0210	0.0731	0.0615	0.2311
000259	R	0.020826	0.229304	0.072080	0.0118	0.0443	0.1030	0.0200	0.0803	0.0734	0.2170
000260	A	0.026067	0.252102	0.075457	0.0218	0.0765	0.1110	0.0210	0.0938	0.0772	0.1974
000261	A	0.035553	0.271852	0.078002	0.0376	0.1115	0.1180	0.0250	0.1088	0.0797	0.1840
000262	S	0.047927	0.298171	0.079621	0.0567	0.1424	0.1250	0.0310	0.1249	0.0846	0.1784
000263	G	0.057361	0.298780	0.080405	0.0884	0.1251	0.1640	0.0530	0.1357	0.0806	0.1735
000264	L	0.066822	0.307465	0.079985	0.1205	0.1424	0.1810	0.0570	0.1496	0.0801	0.1735
000265	Y	0.073370	0.294917	0.078633	0.0621	0.1476	0.1700	0.0540	0.1378	0.0808	0.1753
000266	R	0.074381	0.276490	0.076151	0.0441	0.1115	0.1520	0.0450	0.1224	0.0767	0.1766
000267	A	0.075554	0.256855	0.073338	0.0813	0.1791	0.1510	0.0430	0.1362	0.0674	0.1757
000268	I	0.075406	0.221853	0.069579	0.0502	0.1852	0.1370	0.0430	0.1232	0.0636	0.1756
000269	T	0.074173	0.184405	0.066220	0.0526	0.1349	0.1080	0.0350	0.1033	0.0454	0.1771
000270	E	0.068011	0.173493	0.063802	0.0502	0.1323	0.0790	0.0210	0.0945	0.0438	0.1805
000271	T	0.060632	0.164048	0.062808	0.0425	0.1528	0.0710	0.0170	0.0922	0.0477	0.1849
000272	H	0.059736	0.136868	0.061782	0.0554	0.1528	0.0650	0.0140	0.0886	0.0402	0.1886
000273	A	0.057572	0.132309	0.060109	0.0567	0.1162	0.0590	0.0130	0.0803	0.0315	0.1859
000274	F	0.050547	0.146790	0.057694	0.0464	0.0985	0.0550	0.0120	0.0758	0.0361	0.1877
000275	Y	0.051328	0.148854	0.054799	0.0502	0.1275	0.0590	0.0110	0.0820	0.0403	0.1884
000276	R	0.055260	0.161431	0.051606	0.0701	0.1969	0.0580	0.0110	0.0989	0.0580	0.1904
000277	C	0.054402	0.177471	0.047975	0.0514	0.1275	0.0640	0.0150	0.0871	0.0487	0.1882
000278	D	0.053254	0.182556	0.043995	0.0701	0.1476	0.0670	0.0180	0.0941	0.0519	0.1861
000279	T	0.052389	0.168916	0.040225	0.0677	0.2224	0.0670	0.0170	0.1032	0.0678	0.1847
000280	V	0.050219	0.180592	0.037275	0.0701	0.2258	0.0720	0.0170	0.1059	0.0710	0.1875
000281	T	0.050168	0.195201	0.035056	0.0677	0.1501	0.0700	0.0160	0.0948	0.0578	0.1869
000282	S	0.051189	0.203827	0.032761	0.0723	0.1476	0.0800	0.0200	0.0980	0.0593	0.1893
000283	A	0.052347	0.224956	0.030360	0.0414	0.1399	0.1060	0.0320	0.0991	0.0681	0.1913
000284	V	0.082683	0.247602	0.028694	0.0542	0.1671	0.1320	0.0480	0.1187	0.0738	0.1966
000285	M	0.096532	0.261024	0.028177	0.1060	0.1914	0.1520	0.0600	0.1391	0.0741	0.2012
000286	M	0.091723	0.290921	0.028491	0.1698	0.2364	0.1810	0.0790	0.1663	0.0868	0.2050
000287	Q	0.088168	0.325143	0.028346	0.1041	0.2258	0.1940	0.0810	0.1609	0.0986	0.2056
000288	Y	0.085568	0.355439	0.027140	0.1292	0.2436	0.2120	0.0800	0.1754	0.1084	0.2100
000289	S	0.088718	0.400335	0.024664	0.1266	0.1449	0.2120	0.0720	0.1662	0.1190	0.2169
000290	R	0.086214	0.439043	0.021637	0.0789	0.0948	0.2430	0.0800	0.1606	0.1415	0.2244
000291	D	0.082987	0.432697	0.019553	0.0677	0.1373	0.2850	0.0910	0.1709	0.1438	0.2276
000292	L	0.084123	0.419763	0.019618	0.0425	0.1424	0.2780	0.0870	0.1645	0.1420	0.2350
000293	K	0.050473	0.401961	0.022599	0.0441	0.1501	0.2230	0.0670	0.1487	0.1330	0.2405
000294	G	0.030366	0.355394	0.026998	0.0567	0.1184	0.1910	0.0530	0.1297	0.1158	0.2451
000295	H	0.031960	0.300417	0.031201	0.0935	0.1671	0.1600	0.0530	0.1306	0.0931	0.2519
000296	L	0.033324	0.245925	0.034504	0.0701	0.1323	0.1320	0.0360	0.1079	0.0737	0.2536
000297	A	0.032869	0.210488	0.037694	0.0935	0.1501	0.1210	0.0380	0.1076	0.0622	0.2572
000298	S	0.026362	0.190008	0.040962	0.0502	0.1424	0.1140	0.0430	0.0940	0.0596	0.2630
000299	L	0.020012	0.174708	0.044211	0.0858	0.2094	0.1180	0.0430	0.1087	0.0672	0.2690
000300	F	0.014647	0.183128	0.046221	0.0909	0.1424	0.1140	0.0450	0.0986	0.0565	0.2718
000301	L	0.009638	0.208258	0.047460	0.0935	0.1028	0.1110	0.0460	0.0955	0.0615	0.2749
000302	N	0.006949	0.228689	0.047877	0.0554	0.0531	0.1120	0.0450	0.0840	0.0716	0.2799
000303	E	0.004122	0.239146	0.048238	0.0677	0.0870	0.1070	0.0430	0.0922	0.0732	0.2865
000304	N	0.001958	0.231065	0.048742	0.0363	0.0555	0.0940	0.0340	0.0780	0.0737	0.2951
000305	I	0.000143	0.218451	0.050462	0.0363	0.0555	0.0910	0.0300	0.0753	0.0694	0.3062
000306	N	0.000289	0.204649	0.054077	0.0173	0.0568	0.0810	0.0220	0.0690	0.0662	0.3162
000307	L	0.002639	0.203117	0.059276	0.0327	0.0909	0.0990	0.0320	0.0813	0.0636	0.3322
000308	G	0.005371	0.201697	0.065147	0.0414	0.1048	0.1100	0.0310	0.0881	0.0622	0.3420
000309	K	0.007433	0.200184	0.071314	0.0405	0.1070	0.1190	0.0340	0.0908	0.0617	0.3536
000310	K	0.010467	0.191975	0.078336	0.0677	0.1671	0.1050	0.0270	0.1035	0.0612	0.3652
000311	Y	0.012390	0.198288	0.085802	0.1240	0.2094	0.1060	0.0420	0.1227	0.0671	0.3775
000312	V	0.015234	0.198428	0.094355	0.1878	0.2002	0.1030	0.0380	0.1332	0.0684	0.3877
000313	F	0.076892	0.212065	0.104067	0.1322	0.2002	0.1110	0.0400	0.1394	0.0500	0.3965
000314	D	0.184105	0.247300	0.114499	0.0858	0.1914	0.1420	0.0610	0.1608	0.0534	0.3994
000315	I	0.290839	0.285405	0.122620	0.0832	0.1583	0.1620	0.0630	0.1838	0.0783	0.4065
000316	K	0.375740	0.323850	0.129943	0.1456	0.2292	0.1590	0.0620	0.2273	0.0932	0.4111
000317	R	0.375108	0.347746	0.138438	0.1205	0.2258	0.1520	0.0590	0.2267	0.1011	0.4157
000318	T	0.403787	0.398333	0.153120	0.1921	0.2715	0.1550	0.0730	0.2624	0.1056	0.4174
000319	S	0.435001	0.415416	0.171859	0.2041	0.2094	0.1470	0.0680	0.2638	0.1162	0.4252
000320	K	0.517569	0.442456	0.193235	0.1732	0.1449	0.1160	0.0400	0.2646	0.1556	0.4292
000321	E	0.595185	0.481208	0.213826	0.1266	0.1501	0.0960	0.0270	0.2771	0.1909	0.4128
000322	V	0.616418	0.476343	0.232290	0.1349	0.1942	0.0860	0.0240	0.2901	0.1912	0.3971
000323	Y	0.538352	0.428200	0.247485	0.1921	0.2364	0.0790	0.0180	0.2870	0.1524	0.3855
000324	D	0.448457	0.386992	0.258944	0.2700	0.2849	0.0760	0.0110	0.2876	0.1165	0.3801
000325	H	0.374907	0.353044	0.268135	0.2748	0.2224	0.0830	0.0190	0.2627	0.0957	0.3691
000326	A	0.386517	0.318195	0.277970	0.3359	0.3019	0.1010	0.0290	0.2868	0.0897	0.3610
000327	R	0.367102	0.299162	0.289460	0.2865	0.2364	0.1220	0.0300	0.2669	0.0750	0.3519
000328	R	0.345335	0.295641	0.303139	0.2913	0.1852	0.1490	0.0270	0.2617	0.0698	0.3398
000329	A	0.275375	0.287934	0.318247	0.2531	0.1791	0.1700	0.0340	0.2472	0.0551	0.3251
000330	L	0.214435	0.283529	0.334676	0.2122	0.1881	0.1820	0.0410	0.2358	0.0552	0.3131
000331	Y	0.164944	0.318435	0.352097	0.2080	0.1942	0.2020	0.0560	0.2399	0.0694	0.3123
000332	N	0.208270	0.364777	0.369746	0.2080	0.1881	0.2130	0.0640	0.2587	0.0772	0.3228
000333	A	0.273947	0.365826	0.388042	0.2786	0.2399	0.2230	0.0740	0.2949	0.0613	0.3327
000334	G	0.333795	0.379246	0.406896	0.3491	0.3117	0.2140	0.0670	0.3325	0.0611	0.3418
000335	V	0.418218	0.382533	0.426136	0.3630	0.3286	0.2130	0.0700	0.3553	0.0714	0.3459
000336	V	0.514082	0.424194	0.444612	0.3491	0.3215	0.2160	0.0760	0.3782	0.0962	0.3568
000337	D	0.608795	0.474488	0.462369	0.4037	0.3494	0.2400	0.0960	0.4231	0.1140	0.3722
000338	L	0.693637	0.531339	0.479671	0.3992	0.3392	0.2860	0.1240	0.4549	0.1344	0.3844
000339	V	0.778648	0.588768	0.497336	0.3885	0.3566	0.3400	0.1480	0.4917	0.1547	0.4075
000340	S	0.852543	0.644194	0.515134	0.4203	0.3117	0.3870	0.1460	0.5217	0.1813	0.4288
000341	R	0.883037	0.696351	0.532194	0.5043	0.3807	0.4570	0.1500	0.5756	0.1674	0.4053
000342	N	0.908074	0.740886	0.548369	0.5126	0.4541	0.5750	0.1440	0.6231	0.1548	0.3853
000343	N	0.944281	0.774289	0.562823	0.5008	0.4409	0.5800	0.1450	0.6338	0.1727	0.3734
000344	Q	0.956612	0.800478	0.576312	0.5296	0.4831	0.5490	0.1310	0.6493	0.1706	0.3633
000345	S	0.960222	0.824467	0.589782	0.5253	0.4864	0.5910	0.1080	0.6628	0.1709	0.3548
000346	P	0.962799	0.840496	0.605681	0.5762	0.5382	0.5980	0.1060	0.6869	0.1573	0.3449
000347	S	0.973197	0.865432	0.622238	0.6293	0.5758	0.6950	0.0790	0.7269	0.1438	0.3375
000348	H	0.978763	0.890049	0.638021	0.6255	0.5758	0.7100	0.0910	0.7364	0.1476	0.3431
000349	S	0.977024	0.906245	0.649442	0.6650	0.4801	0.7020	0.1040	0.7299	0.1664	0.3394
000350	P	0.971999	0.918110	0.658376	0.7034	0.5342	0.6890	0.0870	0.7458	0.1518	0.3233
000351	L	0.963032	0.930546	0.665147	0.6124	0.5342	0.6600	0.0700	0.7276	0.1611	0.3126
000352	K	0.933599	0.935511	0.672575	0.6124	0.3667	0.5880	0.0700	0.6847	0.2003	0.2900
000353	S	0.894580	0.938140	0.680905	0.6124	0.3740	0.5780	0.0900	0.6797	0.1920	0.2483
000354	S	0.809980	0.942264	0.690900	0.4781	0.3599	0.5320	0.1040	0.6355	0.1996	0.2078
000355	E	0.742232	0.943951	0.701973	0.4651	0.2918	0.4630	0.1170	0.6013	0.2164	0.1691
000356	S	0.667607	0.947545	0.714240	0.4651	0.2918	0.4280	0.1310	0.5858	0.2160	0.1418
000357	S	0.578899	0.949140	0.727265	0.3885	0.1323	0.4330	0.1310	0.5349	0.2596	0.1161
000358	M	0.532608	0.948450	0.741019	0.3939	0.1373	0.4270	0.1220	0.5301	0.2591	0.0824
000359	N	0.510955	0.939879	0.754471	0.2122	0.1399	0.3950	0.1250	0.4921	0.2833	0.0516
000360	C	0.470999	0.935585	0.766403	0.2122	0.1449	0.3800	0.1170	0.4850	0.2839	0.0324
000361	S	0.443610	0.936346	0.777102	0.1878	0.1323	0.3460	0.1080	0.4705	0.2949	0.0241
000362	S	0.425108	0.946067	0.787010	0.2333	0.1449	0.3300	0.1150	0.4777	0.2916	0.0177
000363	C	0.422345	0.943139	0.796209	0.2292	0.1028	0.3800	0.1400	0.4789	0.2981	0.0139
000364	E	0.392695	0.942708	0.804346	0.1805	0.1048	0.3510	0.1300	0.4626	0.3088	0.0144
000365	G	0.384752	0.929654	0.811504	0.1380	0.1162	0.3790	0.1370	0.4599	0.3104	0.0145
000366	L	0.383859	0.928984	0.818660	0.1292	0.1070	0.4060	0.1290	0.4623	0.3139	0.0147
000367	S	0.356865	0.931797	0.824678	0.1292	0.0749	0.3760	0.1200	0.4490	0.3241	0.0135
000368	C	0.321641	0.924344	0.827992	0.1205	0.0799	0.3790	0.1480	0.4422	0.3252	0.0132
000369	Q	0.342984	0.908952	0.827670	0.0858	0.0909	0.3560	0.1680	0.4353	0.3251	0.0186
000370	Q	0.381866	0.900044	0.824566	0.0771	0.0581	0.3440	0.1520	0.4309	0.3289	0.0292
000371	T	0.386419	0.882127	0.820856	0.1322	0.1399	0.3700	0.1610	0.4553	0.2977	0.0510
000372	R	0.409494	0.866518	0.817466	0.0909	0.1528	0.3500	0.1530	0.4479	0.2993	0.0801
000373	V	0.431777	0.849559	0.815028	0.0832	0.1349	0.3480	0.1460	0.4438	0.2992	0.1236
000374	L	0.435064	0.835927	0.812883	0.1766	0.2541	0.3790	0.1790	0.4823	0.2559	0.1785
000375	Q	0.459557	0.823186	0.810793	0.1456	0.1823	0.4210	0.1810	0.4738	0.2681	0.2214
000376	E	0.452624	0.806331	0.807659	0.1349	0.0765	0.4620	0.1780	0.4567	0.2868	0.2997
000377	K	0.423632	0.794764	0.803261	0.1292	0.1048	0.5050	0.1870	0.4600	0.2795	0.3255
000378	L	0.385061	0.780365	0.798031	0.0182	0.0799	0.5010	0.1820	0.4270	0.3048	0.3966
000379	R	0.312857	0.773612	0.792073	0.0554	0.0799	0.4430	0.2410	0.4095	0.2954	0.4151
000380	K	0.291369	0.762341	0.785457	0.0395	0.0306	0.4240	0.2670	0.3890	0.3049	0.3754
000381	L	0.281462	0.748796	0.777599	0.0074	0.0320	0.4160	0.2900	0.3773	0.3069	0.2397
000382	K	0.281917	0.734604	0.768792	0.0008	0.0334	0.4050	0.3000	0.3707	0.3029	0.1157
000383	E	0.280301	0.713312	0.760004	0.0008	0.0349	0.3740	0.2870	0.3606	0.2961	0.0501
000384	A	0.291488	0.692515	0.751851	0.0013	0.0300	0.3510	0.2690	0.3531	0.2904	0.0205
000385	M	0.317624	0.650204	0.744054	0.0028	0.0473	0.3470	0.2580	0.3516	0.2765	0.0088
000386	L	0.309421	0.625521	0.736129	0.0013	0.0454	0.3250	0.2300	0.3405	0.2711	0.0030
000387	C	0.298917	0.607045	0.728326	0.0012	0.0424	0.3040	0.2130	0.3304	0.2670	0.0008
000388	M	0.298185	0.592794	0.720235	0.0013	0.0235	0.3070	0.2030	0.3239	0.2660	0.0004
000389	V	0.296807	0.597085	0.711376	0.0028	0.0141	0.3020	0.1880	0.3206	0.2662	0.0002
000390	C	0.265993	0.582786	0.702268	0.0010	0.0153	0.3010	0.1710	0.3115	0.2622	0.0001
000391	C	0.236577	0.588034	0.695059	0.0003	0.0078	0.3090	0.1690	0.3062	0.2640	0.0000
000392	E	0.211460	0.592735	0.689529	0.0004	0.0096	0.3120	0.1730	0.3026	0.2644	0.0000
000393	E	0.156723	0.595663	0.686038	0.0001	0.0096	0.3040	0.1770	0.2920	0.2680	0.0000
000394	E	0.106690	0.597159	0.684484	0.0001	0.0093	0.3380	0.2050	0.2893	0.2735	0.0000
000395	I	0.113396	0.574125	0.684504	0.0001	0.0087	0.3260	0.1910	0.2845	0.2683	0.0000
000396	N	0.099959	0.579917	0.683121	0.0001	0.0055	0.2960	0.1690	0.2774	0.2704	0.0000
000397	S	0.098689	0.583491	0.677856	0.0001	0.0042	0.2520	0.1390	0.2694	0.2701	0.0000
000398	T	0.101916	0.541675	0.669883	0.0001	0.0068	0.2220	0.1170	0.2571	0.2599	0.0000
000399	F	0.108802	0.528799	0.661396	0.0001	0.0070	0.1810	0.0920	0.2478	0.2560	0.0000
000400	C	0.103707	0.497800	0.655906	0.0001	0.0049	0.1320	0.0660	0.2325	0.2523	0.0000
000401	P	0.099977	0.442094	0.653753	0.0001	0.0072	0.1030	0.0480	0.2176	0.2447	0.0000
000402	C	0.098565	0.392322	0.653803	0.0001	0.0113	0.0910	0.0430	0.2079	0.2381	0.0000
000403	G	0.097177	0.349338	0.653269	0.0001	0.0108	0.0850	0.0400	0.1993	0.2336	0.0000
000404	H	0.086590	0.395837	0.651823	0.0001	0.0085	0.0840	0.0400	0.2045	0.2399	0.0000
000405	T	0.068994	0.424647	0.649663	0.0001	0.0081	0.0980	0.0490	0.2082	0.2438	0.0000
000406	V	0.051467	0.402755	0.646175	0.0001	0.0102	0.1010	0.0500	0.2020	0.2408	0.0000
000407	C	0.013701	0.359379	0.641129	0.0001	0.0056	0.1030	0.0450	0.1872	0.2383	0.0000
000408	C	0.001049	0.407962	0.635488	0.0001	0.0061	0.1030	0.0430	0.1924	0.2446	0.0000
000409	E	0.000667	0.425172	0.628671	0.0001	0.0052	0.1090	0.0430	0.1947	0.2450	0.0000
000410	S	0.000871	0.397938	0.620530	0.0001	0.0041	0.1100	0.0430	0.1889	0.2385	0.0000
000411	C	0.001130	0.388474	0.610844	0.0001	0.0067	0.1050	0.0440	0.1853	0.2342	0.0000
000412	A	0.009693	0.387874	0.601555	0.0001	0.0061	0.1030	0.0470	0.1847	0.2303	0.0000
000413	A	0.016349	0.394863	0.592681	0.0001	0.0109	0.1050	0.0490	0.1866	0.2272	0.0000
000414	Q	0.032469	0.365663	0.582677	0.0002	0.0093	0.0990	0.0440	0.1815	0.2185	0.0000
000415	L	0.071283	0.352879	0.571137	0.0002	0.0096	0.0990	0.0430	0.1840	0.2092	0.0000
000416	Q	0.073015	0.348662	0.558057	0.0001	0.0095	0.0970	0.0360	0.1811	0.2046	0.0000
000417	S	0.073815	0.363638	0.544792	0.0002	0.0095	0.0930	0.0360	0.1809	0.2029	0.0000
000418	C	0.078112	0.356977	0.532161	0.0007	0.0198	0.0910	0.0350	0.1797	0.1964	0.0000
000419	P	0.080242	0.348602	0.520384	0.0040	0.0518	0.0810	0.0330	0.1810	0.1877	0.0001
000420	V	0.085148	0.349700	0.509837	0.0033	0.0364	0.0870	0.0370	0.1785	0.1858	0.0001
000421	C	0.081172	0.373919	0.498533	0.0027	0.0240	0.0910	0.0360	0.1786	0.1882	0.0001
000422	R	0.078857	0.386732	0.485114	0.0144	0.0473	0.0960	0.0430	0.1847	0.1817	0.0003
000423	S	0.066598	0.377253	0.469575	0.0109	0.0631	0.1120	0.0530	0.1832	0.1744	0.0008
000424	R	0.031576	0.377327	0.451864	0.0081	0.0734	0.1240	0.0530	0.1776	0.1727	0.0017
000425	V	0.039533	0.365268	0.433263	0.0099	0.0734	0.1270	0.0580	0.1747	0.1639	0.0038
000426	E	0.041049	0.332421	0.414555	0.0157	0.1070	0.1110	0.0350	0.1703	0.1495	0.0074
000427	H	0.039915	0.322665	0.397954	0.0160	0.1048	0.1070	0.0330	0.1647	0.1437	0.0148
000428	V	0.043205	0.322846	0.384181	0.0150	0.0765	0.1100	0.0330	0.1586	0.1419	0.0291
000429	Q	0.045755	0.320956	0.372425	0.0789	0.1554	0.1230	0.0330	0.1828	0.1217	0.0542
000430	H	0.050034	0.323499	0.364418	0.0405	0.1373	0.1720	0.0580	0.1813	0.1244	0.0830
000431	V	0.054277	0.329613	0.357861	0.0350	0.1298	0.2150	0.0720	0.1869	0.1254	0.1242
000432	Y	0.070190	0.319864	0.351755	0.1495	0.2951	0.2400	0.0840	0.2377	0.0991	0.1785
000433	L	0.090377	0.299779	0.343401	0.0858	0.2470	0.2490	0.1070	0.2193	0.0983	0.1821
000434	P	0.111344	0.296157	0.334702	0.0832	0.1969	0.2520	0.1270	0.2124	0.0919	0.1777
000435	T	0.137327	0.294997	0.324901	0.0526	0.1881	0.3210	0.1400	0.2199	0.1023	0.1803
000436	H	0.150662	0.269527	0.314537	0.0455	0.2094	0.6570	0.0820	0.2745	0.1916	0.1869
000437	T	0.163618	0.253383	0.304469	0.0554	0.1791	0.6110	0.1000	0.2611	0.1745	0.2029
000438	S	0.180121	0.273596	0.296191	0.0858	0.1554	0.6450	0.0970	0.2727	0.1809	0.2266
000439	L	0.197680	0.313516	0.288808	0.1602	0.1791	0.6740	0.0710	0.3021	0.1754	0.2569
000440	L	0.213764	0.370083	0.282588	0.2080	0.1554	0.6760	0.0640	0.3177	0.1740	0.2796
000441	N	0.214525	0.470668	0.277280	0.2786	0.1323	0.6430	0.0890	0.3360	0.1709	0.2800
000442	L	0.218468	0.550717	0.272910	0.3885	0.1528	0.7100	0.0870	0.3823	0.1947	0.2836
000443	T	0.238546	0.596678	0.268118	0.5084	0.2193	0.7810	0.0510	0.4353	0.2098	0.2891
000444	V	0.222147	0.584734	0.263300	0.6334	0.2817	0.8000	0.0470	0.4642	0.2191	0.3083
000445	I	0.185080	0.618972	0.261017	0.6474	0.2064	0.8780	0.0400	0.4661	0.2628	0.3388