RESNUM	RES	VL-XT	VSL2B	VL3	IUPred-S	IUPred-L	PONDRFIT	FITERROR	MDP	MDPERROR	ANCHOR2
000001	M	0.177014	0.871278	0.902362	0.8984	0.3117	0.9830	0.0120	0.6906	0.3198	0.5428
000002	S	0.428459	0.859626	0.896701	0.8311	0.3910	0.9840	0.0100	0.7318	0.2328	0.5393
000003	Y	0.510754	0.851850	0.886121	0.7951	0.4186	0.9790	0.0150	0.7402	0.2040	0.5361
000004	G	0.698785	0.843834	0.876285	0.7724	0.4652	0.9670	0.0240	0.7706	0.1599	0.5318
000005	E	0.418008	0.828876	0.865964	0.7342	0.5017	0.9520	0.0280	0.7168	0.1941	0.5257
000006	I	0.474921	0.802749	0.855399	0.7034	0.4541	0.9580	0.0160	0.7082	0.1881	0.5213
000007	E	0.509260	0.777814	0.843158	0.6681	0.4801	0.9480	0.0300	0.7045	0.1702	0.5153
000008	G	0.539579	0.739396	0.832334	0.5802	0.4979	0.9400	0.0330	0.6882	0.1616	0.5132
000009	K	0.541042	0.733370	0.822330	0.5374	0.5296	0.9020	0.0400	0.6775	0.1497	0.5123
000010	F	0.582825	0.719341	0.812862	0.4967	0.5807	0.8630	0.0750	0.6759	0.1326	0.5144
000011	L	0.638655	0.689438	0.803210	0.4556	0.5901	0.8970	0.0760	0.6790	0.1428	0.5056
000012	G	0.703701	0.684694	0.793200	0.4967	0.5382	0.8760	0.0820	0.6820	0.1325	0.4866
000013	P	0.763452	0.694104	0.785942	0.4918	0.5296	0.8330	0.0800	0.6829	0.1289	0.4716
000014	R	0.802048	0.707121	0.779013	0.4879	0.6089	0.8190	0.0550	0.7006	0.1184	0.4570
000015	E	0.831698	0.718372	0.773957	0.4749	0.5211	0.7380	0.0840	0.6763	0.1316	0.4449
000016	E	0.844810	0.718973	0.767694	0.4703	0.5017	0.6650	0.1050	0.6614	0.1356	0.4367
000017	V	0.856893	0.715220	0.761255	0.4600	0.5758	0.6230	0.1090	0.6653	0.1293	0.4279
000018	T	0.877637	0.717538	0.750189	0.4513	0.5665	0.5780	0.1160	0.6569	0.1401	0.4172
000019	S	0.881795	0.724251	0.735640	0.4513	0.5665	0.4960	0.1480	0.6425	0.1508	0.4069
000020	E	0.874054	0.724548	0.717285	0.4651	0.5901	0.4210	0.1450	0.6319	0.1575	0.3971
000021	P	0.794515	0.714146	0.696895	0.5173	0.6991	0.3360	0.1060	0.6264	0.1539	0.3876
000022	R	0.699993	0.705696	0.675800	0.5623	0.6851	0.3310	0.1050	0.6099	0.1339	0.3841
000023	C	0.594661	0.703504	0.653098	0.5583	0.6136	0.3220	0.1120	0.5743	0.1215	0.3886
000024	K	0.489370	0.710446	0.629195	0.4781	0.4801	0.2850	0.1050	0.5121	0.1337	0.3921
000025	K	0.395603	0.703934	0.603477	0.4333	0.4864	0.3190	0.1000	0.4903	0.1291	0.4010
000026	L	0.297383	0.671376	0.576416	0.3630	0.4864	0.3290	0.1010	0.4539	0.1365	0.4127
000027	K	0.197868	0.645480	0.548551	0.3630	0.4801	0.2770	0.0520	0.4187	0.1549	0.4180
000028	S	0.110267	0.593959	0.520900	0.4116	0.5342	0.3140	0.0710	0.4141	0.1636	0.4250
000029	T	0.026879	0.576694	0.494143	0.4116	0.5419	0.3490	0.1070	0.4000	0.1836	0.4340
000030	T	0.012871	0.562920	0.468711	0.4116	0.5211	0.3870	0.1010	0.3941	0.1807	0.4424
000031	E	0.005314	0.545716	0.444014	0.4078	0.5176	0.3370	0.0970	0.3763	0.1795	0.4522
000032	S	0.005364	0.536562	0.420256	0.3630	0.4087	0.3200	0.0940	0.3423	0.1647	0.4628
000033	Y	0.006640	0.532178	0.397071	0.3578	0.4186	0.3610	0.0810	0.3456	0.1623	0.4759
000034	V	0.025979	0.476855	0.374236	0.3491	0.4801	0.3800	0.0690	0.3477	0.1525	0.4847
000035	F	0.037864	0.454518	0.351709	0.3578	0.4256	0.3810	0.1050	0.3348	0.1377	0.4903
000036	H	0.050348	0.455707	0.330132	0.3630	0.4476	0.3950	0.1310	0.3403	0.1369	0.4906
000037	N	0.064187	0.449440	0.309219	0.3491	0.5296	0.3640	0.1100	0.3442	0.1446	0.4878
000038	H	0.065979	0.445990	0.290804	0.3717	0.5342	0.3250	0.0990	0.3389	0.1459	0.4887
000039	S	0.068902	0.461778	0.272903	0.3762	0.5382	0.2860	0.1050	0.3340	0.1506	0.4869
000040	N	0.068999	0.464113	0.256084	0.3762	0.5382	0.2700	0.1080	0.3289	0.1531	0.4856
000041	A	0.068149	0.446787	0.240049	0.3717	0.5456	0.2830	0.1100	0.3259	0.1531	0.4847
000042	D	0.067302	0.420866	0.224767	0.3762	0.5419	0.2930	0.1090	0.3206	0.1507	0.4808
000043	F	0.048413	0.441178	0.209946	0.3806	0.4409	0.3030	0.1130	0.3039	0.1400	0.4786
000044	H	0.037351	0.438406	0.193212	0.4458	0.4652	0.2860	0.1010	0.3111	0.1568	0.4715
000045	R	0.026449	0.413537	0.176837	0.3885	0.5456	0.2850	0.1020	0.3059	0.1689	0.4658
000046	I	0.013193	0.386800	0.159241	0.4037	0.5951	0.2890	0.1040	0.3078	0.1858	0.4638
000047	Q	0.015418	0.382713	0.141049	0.4333	0.5901	0.2630	0.0940	0.3042	0.1899	0.4625
000048	E	0.015593	0.353387	0.121939	0.3762	0.5055	0.2150	0.0940	0.2646	0.1649	0.4611
000049	K	0.019328	0.340994	0.106373	0.3717	0.4409	0.1680	0.0670	0.2412	0.1525	0.4637
000050	T	0.027904	0.326220	0.094947	0.3096	0.4476	0.1160	0.0690	0.2204	0.1497	0.4712
000051	G	0.035496	0.289552	0.088092	0.2432	0.3872	0.0810	0.0620	0.1875	0.1276	0.4796
000052	N	0.037658	0.255307	0.083992	0.2657	0.4051	0.0970	0.0630	0.1907	0.1287	0.4872
000053	D	0.040254	0.214934	0.081264	0.2167	0.4017	0.0920	0.0540	0.1745	0.1215	0.4964
000054	W	0.040350	0.153479	0.079804	0.2913	0.4901	0.0960	0.0500	0.1918	0.1555	0.5078
000055	V	0.039793	0.124422	0.079437	0.3005	0.4864	0.0460	0.0270	0.1794	0.1629	0.5235
000056	P	0.040700	0.114617	0.081400	0.3005	0.4220	0.0200	0.0180	0.1632	0.1475	0.5337
000057	V	0.042468	0.112620	0.084392	0.3717	0.4256	0.0270	0.0190	0.1773	0.1597	0.5475
000058	T	0.040202	0.110778	0.086893	0.2913	0.4256	0.0210	0.0170	0.1626	0.1468	0.5635
000059	I	0.032242	0.108241	0.090458	0.2333	0.4256	0.0230	0.0190	0.1522	0.1403	0.5835
000060	I	0.023514	0.121036	0.096643	0.2531	0.4409	0.0240	0.0170	0.1599	0.1473	0.5919
000061	D	0.027601	0.141750	0.104596	0.2700	0.4292	0.0340	0.0170	0.1679	0.1420	0.5899
000062	V	0.034265	0.155367	0.113300	0.2657	0.3667	0.0620	0.0240	0.1662	0.1164	0.5870
000063	R	0.050495	0.175249	0.122502	0.2558	0.3494	0.0760	0.0280	0.1715	0.1041	0.5859
000064	G	0.065230	0.195522	0.135404	0.1921	0.3460	0.0810	0.0300	0.1693	0.0932	0.5828
000065	H	0.068604	0.220076	0.151402	0.2820	0.4441	0.1060	0.0470	0.2120	0.1254	0.5769
000066	S	0.108718	0.254688	0.168438	0.3359	0.5017	0.1380	0.0590	0.2513	0.1353	0.5702
000067	Y	0.175107	0.300433	0.186202	0.3005	0.4119	0.1700	0.0670	0.2574	0.0885	0.5676
000068	L	0.209756	0.360713	0.204717	0.3668	0.4685	0.1880	0.0670	0.2998	0.1051	0.5566
000069	Q	0.239126	0.415332	0.223528	0.2963	0.4619	0.1880	0.0620	0.3041	0.1013	0.5397
000070	E	0.250318	0.471886	0.241438	0.3668	0.5577	0.2160	0.0750	0.3508	0.1277	0.5187
000071	N	0.280045	0.520250	0.257834	0.4245	0.5533	0.2590	0.0930	0.3825	0.1233	0.5048
000072	K	0.313262	0.529287	0.276420	0.4651	0.5533	0.3350	0.1070	0.4120	0.1085	0.5007
000073	I	0.354559	0.517474	0.297238	0.4420	0.6322	0.3810	0.1140	0.4373	0.1111	0.4997
000074	K	0.429996	0.492720	0.319650	0.4600	0.6427	0.3170	0.1200	0.4437	0.1110	0.4979
000075	T	0.472090	0.502502	0.341125	0.4651	0.6136	0.2650	0.1190	0.4433	0.1125	0.4970
000076	T	0.498234	0.499541	0.360604	0.4749	0.6322	0.2720	0.1140	0.4563	0.1140	0.4998
000077	D	0.555076	0.483391	0.379098	0.4458	0.6375	0.3210	0.1180	0.4703	0.1053	0.5053
000078	L	0.619071	0.489507	0.398116	0.5412	0.7369	0.3290	0.1290	0.5189	0.1352	0.5103
000079	H	0.655708	0.510689	0.419010	0.6079	0.7982	0.3010	0.1230	0.5488	0.1616	0.5106
000080	R	0.670782	0.527279	0.440864	0.5941	0.8085	0.3410	0.1480	0.5638	0.1517	0.5120
000081	P	0.682411	0.551654	0.462256	0.5762	0.8085	0.4100	0.1750	0.5819	0.1331	0.5165
000082	L	0.693836	0.600510	0.481898	0.6079	0.7415	0.4540	0.1540	0.5967	0.1033	0.5208
000083	H	0.671541	0.639812	0.500802	0.6293	0.6755	0.4090	0.1310	0.5877	0.0988	0.5199
000084	D	0.645902	0.661363	0.520311	0.6442	0.7595	0.4280	0.1150	0.6099	0.1069	0.5179
000085	E	0.624165	0.643346	0.540949	0.5941	0.7672	0.4480	0.1270	0.6029	0.0976	0.5158
000086	M	0.611506	0.655241	0.560964	0.6079	0.6906	0.4790	0.1430	0.6009	0.0678	0.5140
000087	P	0.610292	0.672236	0.578096	0.6174	0.6991	0.4270	0.1490	0.6006	0.0875	0.5061
000088	G	0.636313	0.648128	0.592850	0.5412	0.6851	0.4600	0.1580	0.5939	0.0750	0.4983
000089	N	0.668323	0.637167	0.606361	0.6334	0.7755	0.4550	0.1620	0.6294	0.0947	0.4921
000090	R	0.705017	0.636338	0.617552	0.6293	0.7080	0.4400	0.1610	0.6226	0.0892	0.4946
000091	P	0.733379	0.629074	0.624507	0.6557	0.6375	0.4360	0.1590	0.6193	0.0899	0.5057
000092	D	0.753704	0.615361	0.627425	0.5711	0.6183	0.4680	0.1820	0.6090	0.0843	0.5236
000093	V	0.778642	0.593936	0.628001	0.5802	0.7120	0.4450	0.1890	0.6230	0.1053	0.5417
000094	I	0.792375	0.565799	0.628487	0.5941	0.6851	0.3970	0.1800	0.6105	0.1203	0.5571
000095	E	0.793892	0.550836	0.628414	0.5992	0.6661	0.3760	0.1800	0.6024	0.1261	0.5704
000096	S	0.780296	0.556873	0.627857	0.5583	0.6906	0.4010	0.1920	0.6024	0.1189	0.5849
000097	I	0.791264	0.527799	0.627189	0.5762	0.7459	0.4000	0.1910	0.6113	0.1315	0.5974
000098	D	0.792154	0.527497	0.626870	0.5711	0.6375	0.3430	0.1410	0.5830	0.1350	0.6104
000099	S	0.781086	0.546711	0.628473	0.5941	0.5665	0.3320	0.1120	0.5748	0.1328	0.6276
000100	Q	0.774879	0.560985	0.631029	0.5296	0.5533	0.3470	0.1020	0.5661	0.1274	0.6481
000101	V	0.793584	0.568802	0.633263	0.4825	0.5419	0.3540	0.1230	0.5623	0.1347	0.6647
000102	L	0.797149	0.582878	0.635729	0.4513	0.5211	0.3670	0.1220	0.5591	0.1374	0.6747
000103	Q	0.788569	0.598165	0.636056	0.4116	0.5254	0.3690	0.1240	0.5548	0.1408	0.6700
000104	E	0.794301	0.616087	0.635513	0.4781	0.5951	0.3770	0.1310	0.5826	0.1305	0.6640
000105	A	0.804465	0.613296	0.633093	0.5514	0.5951	0.3580	0.1260	0.5925	0.1316	0.6618
000106	R	0.800613	0.616144	0.632319	0.5412	0.5098	0.3520	0.1160	0.5753	0.1361	0.6641
000107	P	0.799724	0.613335	0.634317	0.4781	0.5098	0.3280	0.1260	0.5605	0.1467	0.6728
000108	P	0.800834	0.608282	0.638260	0.4825	0.5807	0.3110	0.1360	0.5703	0.1496	0.6837
000109	L	0.790443	0.612045	0.640585	0.4749	0.5707	0.2920	0.1290	0.5634	0.1536	0.6981
000110	V	0.764037	0.614912	0.638975	0.4703	0.5577	0.2450	0.0980	0.5486	0.1618	0.7002
000111	S	0.725579	0.610495	0.633821	0.4458	0.5296	0.2310	0.0830	0.5294	0.1591	0.6921
000112	A	0.709868	0.611423	0.627403	0.4967	0.4901	0.2410	0.1090	0.5295	0.1497	0.6858
000113	D	0.675165	0.613507	0.618800	0.5374	0.4901	0.2370	0.1130	0.5287	0.1434	0.6899
000114	D	0.589882	0.600338	0.608967	0.4513	0.4831	0.2410	0.1030	0.4957	0.1290	0.7101
000115	E	0.501572	0.586956	0.598255	0.3717	0.5017	0.2170	0.0880	0.4628	0.1327	0.7278
000116	I	0.415360	0.568777	0.589388	0.4037	0.4582	0.2050	0.0800	0.4400	0.1268	0.7469
000117	Y	0.328706	0.559641	0.582960	0.4379	0.4017	0.2080	0.0710	0.4199	0.1290	0.7645
000118	S	0.253617	0.536427	0.579800	0.3535	0.3667	0.2120	0.0590	0.3836	0.1351	0.7758
000119	T	0.182494	0.519678	0.579841	0.2657	0.3667	0.2360	0.0700	0.3584	0.1470	0.7824
000120	S	0.131794	0.509778	0.582900	0.3225	0.4507	0.2490	0.0730	0.3745	0.1553	0.7851
000121	K	0.069945	0.492992	0.589209	0.4078	0.5139	0.2530	0.0620	0.3877	0.1767	0.7936
000122	A	0.033814	0.473607	0.600117	0.4333	0.5055	0.2760	0.0810	0.3870	0.1854	0.8075
000123	F	0.048161	0.464473	0.615915	0.4651	0.5098	0.3080	0.1070	0.4019	0.1823	0.8147
000124	I	0.062198	0.497149	0.635448	0.4458	0.4901	0.3590	0.1410	0.4150	0.1777	0.8034
000125	G	0.074097	0.547423	0.655425	0.4245	0.4766	0.3270	0.1200	0.4176	0.1840	0.7776
000126	P	0.176007	0.573369	0.672380	0.4116	0.4801	0.3100	0.1200	0.4372	0.1637	0.7507
000127	I	0.274928	0.599063	0.686133	0.4749	0.5577	0.4100	0.1480	0.5005	0.1336	0.7175
000128	Y	0.364407	0.646266	0.698737	0.5331	0.6482	0.4920	0.1480	0.5639	0.1140	0.6703
000129	K	0.456041	0.678661	0.710787	0.5253	0.6375	0.5180	0.1420	0.5876	0.0931	0.6102
000130	P	0.562221	0.704978	0.720422	0.5253	0.6531	0.4990	0.1470	0.6108	0.0865	0.5516
000131	P	0.652705	0.727702	0.727935	0.5296	0.6661	0.4910	0.1380	0.6325	0.0916	0.4853
000132	E	0.740018	0.740221	0.735423	0.5412	0.6576	0.5220	0.1370	0.6560	0.0928	0.4148
000133	K	0.828587	0.749157	0.743048	0.5514	0.6906	0.5620	0.1390	0.6875	0.1009	0.3512
000134	K	0.920258	0.756962	0.749798	0.5992	0.7289	0.5860	0.1400	0.7235	0.1117	0.3066
000135	K	0.924765	0.765711	0.754437	0.6715	0.7331	0.6070	0.1310	0.7428	0.0978	0.2884
000136	R	0.922560	0.772016	0.758771	0.6374	0.7415	0.6500	0.1160	0.7470	0.0940	0.2935
000137	N	0.934000	0.780206	0.761951	0.5711	0.7163	0.6650	0.1210	0.7380	0.1114	0.2988
000138	E	0.951874	0.788511	0.763549	0.6293	0.7163	0.6490	0.1370	0.7497	0.1067	0.3079
000139	G	0.956273	0.789823	0.762537	0.6827	0.7982	0.6690	0.1590	0.7764	0.0945	0.3366
000140	R	0.952184	0.783931	0.759820	0.6442	0.8235	0.7070	0.1760	0.7784	0.0964	0.3739
000141	N	0.922090	0.784668	0.756676	0.6255	0.7916	0.7400	0.1820	0.7701	0.0873	0.4132
000142	E	0.894078	0.778477	0.755058	0.6035	0.7628	0.7550	0.1810	0.7582	0.0845	0.4541
000143	A	0.878947	0.769675	0.755461	0.5992	0.7547	0.7620	0.1730	0.7534	0.0815	0.5001
000144	H	0.863794	0.762727	0.759398	0.6079	0.7799	0.7190	0.1790	0.7488	0.0766	0.5374
000145	V	0.854382	0.750419	0.765257	0.6219	0.7755	0.6960	0.1900	0.7438	0.0718	0.5610
000146	L	0.855220	0.712945	0.771770	0.6412	0.7982	0.6680	0.1890	0.7412	0.0746	0.5674
000147	N	0.780491	0.758029	0.776518	0.6334	0.7951	0.6570	0.1920	0.7333	0.0638	0.5504
000148	G	0.705238	0.796300	0.779927	0.6293	0.7951	0.6380	0.1770	0.7240	0.0708	0.5308
000149	I	0.609991	0.791635	0.783119	0.6293	0.7718	0.6130	0.1740	0.6997	0.0828	0.5095
000150	N	0.576390	0.820915	0.786129	0.6412	0.6712	0.5790	0.1670	0.6791	0.0946	0.4655
000151	D	0.539113	0.839627	0.788918	0.6255	0.6948	0.6020	0.1710	0.6817	0.1052	0.4397
000152	R	0.500862	0.845251	0.790869	0.5667	0.6755	0.6750	0.1590	0.6756	0.1186	0.4105
000153	G	0.481890	0.865789	0.790628	0.5802	0.6806	0.6670	0.1660	0.6777	0.1266	0.3855
000154	G	0.460044	0.876924	0.788374	0.5992	0.6851	0.6940	0.1650	0.6839	0.1326	0.3577
000155	Q	0.432434	0.885756	0.784131	0.5846	0.6712	0.7160	0.1480	0.6790	0.1443	0.3311
000156	K	0.478348	0.889536	0.779387	0.6124	0.7415	0.7210	0.1480	0.7037	0.1298	0.3098
000157	E	0.504898	0.893739	0.775593	0.6474	0.7415	0.7100	0.1430	0.7122	0.1190	0.2960
000158	K	0.553094	0.898699	0.772663	0.6516	0.7415	0.7080	0.1490	0.7210	0.1063	0.3034
000159	Q	0.517726	0.903411	0.770620	0.5900	0.7505	0.7290	0.1360	0.7102	0.1255	0.3178
000160	K	0.485931	0.906303	0.767979	0.6442	0.8235	0.7270	0.1200	0.7258	0.1342	0.3313
000161	F	0.438047	0.907836	0.765956	0.6412	0.7547	0.7530	0.1420	0.7102	0.1442	0.3578
000162	N	0.365421	0.909433	0.764835	0.6374	0.6375	0.7200	0.1380	0.6724	0.1652	0.3680
000163	S	0.298327	0.909995	0.764777	0.5941	0.6620	0.7360	0.1400	0.6608	0.1890	0.3967
000164	E	0.224067	0.910740	0.764923	0.5514	0.5493	0.7060	0.1360	0.6177	0.2158	0.4227
000165	K	0.145388	0.910569	0.765883	0.5583	0.4766	0.6950	0.1320	0.5920	0.2437	0.4673
000166	S	0.086742	0.909211	0.767797	0.5043	0.4507	0.6930	0.1350	0.5687	0.2650	0.5284
000167	E	0.037171	0.908556	0.771245	0.4651	0.4725	0.6240	0.1370	0.5464	0.2766	0.5816
000168	I	0.037205	0.906124	0.775631	0.4379	0.4017	0.6610	0.1380	0.5365	0.2847	0.6314
000169	D	0.039697	0.903366	0.781199	0.4556	0.4220	0.6070	0.1540	0.5349	0.2787	0.6655
000170	N	0.040806	0.901510	0.788496	0.3939	0.4220	0.6000	0.1660	0.5245	0.2826	0.6916
000171	E	0.042999	0.902888	0.798242	0.4149	0.3774	0.5640	0.1530	0.5168	0.2843	0.7149
000172	L	0.045192	0.902679	0.809767	0.4781	0.4652	0.5520	0.1410	0.5421	0.2765	0.7445
000173	F	0.050007	0.890333	0.821386	0.4203	0.4441	0.5210	0.1400	0.5246	0.2782	0.7626
000174	Q	0.052112	0.889953	0.832265	0.4282	0.4582	0.4700	0.1150	0.5217	0.2793	0.7591
000175	F	0.054539	0.906615	0.842572	0.3992	0.4369	0.4930	0.1140	0.5221	0.2865	0.7556
000176	Y	0.053899	0.916909	0.851755	0.4333	0.4619	0.4870	0.1100	0.5341	0.2874	0.7317
000177	K	0.052978	0.920849	0.859563	0.4078	0.4685	0.4860	0.1020	0.5326	0.2914	0.6918
000178	E	0.048537	0.932253	0.866126	0.4245	0.3740	0.5500	0.1130	0.5326	0.3007	0.6560
000179	I	0.046943	0.939778	0.872289	0.4967	0.4369	0.6030	0.1170	0.5660	0.2960	0.6280
000180	E	0.045159	0.943246	0.877829	0.4245	0.4369	0.6120	0.1280	0.5567	0.3025	0.5934
000181	E	0.044119	0.945143	0.883235	0.4420	0.4220	0.6310	0.1390	0.5613	0.3047	0.5628
000182	L	0.040915	0.946801	0.888921	0.4379	0.3249	0.6350	0.1410	0.5457	0.3167	0.5346
000183	E	0.047419	0.947513	0.894469	0.4781	0.3667	0.6010	0.1400	0.5559	0.3083	0.4887
000184	K	0.081415	0.946458	0.899415	0.4458	0.4541	0.5780	0.1250	0.5675	0.2938	0.4523
000185	E	0.112959	0.947343	0.903485	0.4149	0.4369	0.5760	0.1240	0.5653	0.2899	0.4314
000186	K	0.155163	0.947327	0.907058	0.4749	0.5342	0.5910	0.1260	0.6016	0.2686	0.4115
000187	D	0.198533	0.946263	0.910612	0.5173	0.6482	0.6080	0.1470	0.6381	0.2510	0.4048
000188	G	0.238652	0.944921	0.913243	0.5549	0.6576	0.6410	0.1630	0.6584	0.2360	0.4036
000189	F	0.263126	0.944452	0.915759	0.5711	0.6620	0.6330	0.1570	0.6650	0.2281	0.3995
000190	E	0.281090	0.944185	0.916565	0.6219	0.7459	0.5900	0.1530	0.6833	0.2238	0.3790
000191	N	0.353733	0.942742	0.916749	0.6293	0.7505	0.6350	0.1610	0.7047	0.1989	0.3669
000192	S	0.388633	0.942857	0.914973	0.6334	0.6322	0.6710	0.1700	0.6971	0.1880	0.3568
000193	C	0.368198	0.940672	0.912031	0.6944	0.6427	0.6740	0.1670	0.7053	0.1901	0.3514
000194	K	0.349710	0.937951	0.908417	0.6442	0.6531	0.6330	0.1620	0.6877	0.1965	0.3606
000195	E	0.320561	0.936759	0.904565	0.6334	0.5577	0.6090	0.1780	0.6603	0.2103	0.3725
000196	S	0.306376	0.935560	0.900977	0.6442	0.4685	0.5230	0.1740	0.6298	0.2270	0.3896
000197	E	0.299208	0.933578	0.897680	0.6219	0.4901	0.4550	0.1810	0.6163	0.2318	0.4133
000198	P	0.307875	0.927409	0.894828	0.5473	0.4801	0.4590	0.1880	0.6027	0.2297	0.4382
000199	S	0.319866	0.924855	0.891556	0.5514	0.4766	0.4660	0.1880	0.6050	0.2253	0.4643
000200	Q	0.285927	0.919710	0.886898	0.6079	0.5854	0.4540	0.2040	0.6233	0.2242	0.4935
000201	E	0.315717	0.914113	0.881271	0.5846	0.5807	0.4860	0.1860	0.6271	0.2112	0.5319
000202	Q	0.332005	0.902205	0.874311	0.5846	0.5758	0.5030	0.1690	0.6286	0.2016	0.5710
000203	F	0.353354	0.898244	0.865885	0.5900	0.5098	0.5480	0.1510	0.6276	0.1944	0.6094
000204	V	0.365991	0.896279	0.856241	0.6604	0.5493	0.5100	0.1320	0.6398	0.1884	0.6381
000205	P	0.363999	0.877738	0.846182	0.6474	0.5493	0.4720	0.1310	0.6261	0.1873	0.6623
000206	F	0.354821	0.878669	0.836373	0.5992	0.5620	0.5730	0.1020	0.6340	0.1774	0.6806
000207	Y	0.325738	0.884468	0.827514	0.5900	0.5854	0.5680	0.1130	0.6303	0.1843	0.6768
000208	E	0.294316	0.880109	0.820352	0.6035	0.5854	0.5600	0.0900	0.6239	0.1910	0.6615
000209	G	0.254593	0.869295	0.814954	0.5846	0.5707	0.6000	0.0810	0.6157	0.1990	0.6476
000210	H	0.182700	0.881182	0.809521	0.5992	0.5620	0.5860	0.0750	0.6034	0.2231	0.6334
000211	N	0.152403	0.879776	0.804105	0.5992	0.5382	0.6190	0.0660	0.5987	0.2325	0.6106
000212	N	0.116814	0.882438	0.798672	0.5802	0.5456	0.6630	0.0570	0.5977	0.2449	0.5862
000213	G	0.090416	0.888504	0.792944	0.5549	0.4685	0.6590	0.0640	0.5757	0.2580	0.5679
000214	L	0.084001	0.889045	0.786240	0.6219	0.5533	0.6590	0.0830	0.5990	0.2552	0.5592
000215	L	0.069057	0.890184	0.778601	0.6079	0.6322	0.6540	0.1070	0.6054	0.2588	0.5383
000216	K	0.080180	0.889096	0.771677	0.5802	0.5901	0.6280	0.1090	0.5898	0.2529	0.5007
000217	P	0.111943	0.888226	0.766016	0.6334	0.6806	0.6200	0.0860	0.6167	0.2433	0.4680
000218	D	0.132467	0.882926	0.761587	0.6715	0.7369	0.6640	0.0890	0.6416	0.2389	0.4509
000219	E	0.137119	0.879052	0.758039	0.6442	0.7505	0.6770	0.0800	0.6410	0.2372	0.4464
000220	E	0.159504	0.875608	0.754508	0.6219	0.7415	0.6680	0.1100	0.6369	0.2276	0.4415
000221	K	0.162207	0.871058	0.751987	0.6474	0.7415	0.6740	0.1210	0.6414	0.2257	0.4356
000222	K	0.166523	0.866232	0.750065	0.6557	0.5901	0.6630	0.1220	0.6153	0.2187	0.4380
000223	D	0.153800	0.861388	0.748928	0.6516	0.5992	0.6400	0.1320	0.6092	0.2211	0.4362
000224	L	0.149886	0.853711	0.747109	0.5296	0.5098	0.6280	0.1520	0.5697	0.2225	0.4323
000225	S	0.135580	0.847059	0.742561	0.5711	0.5901	0.5940	0.1520	0.5800	0.2220	0.4179
000226	N	0.102153	0.832374	0.735549	0.5549	0.6806	0.5810	0.1490	0.5812	0.2334	0.4120
000227	K	0.078809	0.813284	0.726175	0.5802	0.7080	0.5500	0.1450	0.5760	0.2395	0.4155
000228	A	0.079395	0.793272	0.714466	0.5711	0.5951	0.5160	0.1510	0.5449	0.2277	0.4197
000229	M	0.115236	0.761769	0.700242	0.5549	0.5807	0.5200	0.1790	0.5387	0.2072	0.4222
000230	P	0.172017	0.737258	0.684872	0.5008	0.5758	0.4850	0.1960	0.5260	0.1826	0.4169
000231	S	0.193413	0.692493	0.671779	0.4825	0.5758	0.4710	0.2100	0.5145	0.1664	0.4127
000232	H	0.183466	0.660458	0.658764	0.4879	0.6183	0.4440	0.1890	0.5088	0.1673	0.4103
000233	C	0.179702	0.641614	0.647141	0.5043	0.6531	0.4050	0.1600	0.5051	0.1716	0.4059
000234	D	0.183274	0.638986	0.637454	0.5084	0.6183	0.3690	0.1320	0.4926	0.1680	0.4102
000235	Y	0.189893	0.658735	0.629830	0.5623	0.5992	0.4250	0.1610	0.5109	0.1617	0.4130
000236	Q	0.197520	0.667375	0.621196	0.5549	0.6322	0.4210	0.1680	0.5157	0.1630	0.4174
000237	Q	0.192361	0.675232	0.611206	0.4879	0.4864	0.4280	0.1620	0.4802	0.1532	0.4207
000238	N	0.130588	0.668006	0.600800	0.5229	0.5055	0.4510	0.1630	0.4798	0.1710	0.4207
000239	L	0.069065	0.663095	0.588844	0.4203	0.5254	0.4720	0.1690	0.4565	0.1900	0.4209
000240	G	0.057699	0.653580	0.574002	0.4458	0.5620	0.4890	0.1970	0.4636	0.1931	0.4196
000241	N	0.079875	0.640691	0.558531	0.4203	0.4864	0.5300	0.2150	0.4526	0.1797	0.4210
000242	E	0.088749	0.639846	0.542816	0.4245	0.4369	0.5120	0.2120	0.4409	0.1729	0.4225
000243	P	0.084040	0.619849	0.526566	0.3668	0.4582	0.4950	0.2070	0.4251	0.1703	0.4246
000244	D	0.085091	0.587119	0.510343	0.4379	0.5758	0.4180	0.2000	0.4358	0.1690	0.4266
000245	K	0.085476	0.559598	0.496447	0.4458	0.4652	0.3430	0.1750	0.3993	0.1545	0.4275
000246	Y	0.100681	0.520375	0.484532	0.4918	0.4149	0.2910	0.1620	0.3839	0.1473	0.4311
000247	P	0.101241	0.473065	0.472702	0.3992	0.4186	0.2450	0.1590	0.3516	0.1356	0.4328
000248	C	0.101579	0.401605	0.459523	0.2657	0.4087	0.2180	0.1510	0.3092	0.1254	0.4267
000249	N	0.082752	0.363105	0.444584	0.2963	0.3983	0.1590	0.1050	0.2906	0.1299	0.4221
000250	G	0.058271	0.328052	0.428113	0.3359	0.3704	0.1340	0.0740	0.2758	0.1329	0.4176
000251	Q	0.044870	0.310480	0.410980	0.3359	0.3704	0.1280	0.0690	0.2667	0.1334	0.4173
000252	V	0.042555	0.256241	0.393097	0.2602	0.3566	0.1170	0.0630	0.2376	0.1237	0.4193
000253	I	0.040677	0.255257	0.374296	0.2432	0.2609	0.1080	0.0550	0.2136	0.1094	0.4209
000254	P	0.032374	0.256934	0.354852	0.2167	0.2364	0.0940	0.0440	0.1985	0.1066	0.4222
000255	T	0.013669	0.250558	0.336360	0.1416	0.2399	0.0800	0.0410	0.1769	0.1097	0.4253
000256	F	0.012204	0.241030	0.320680	0.1416	0.2645	0.0710	0.0360	0.1752	0.1096	0.4295
000257	C	0.010458	0.229239	0.307312	0.2122	0.2436	0.0650	0.0300	0.1779	0.1046	0.4293
000258	D	0.010683	0.243738	0.295258	0.1998	0.2292	0.0650	0.0280	0.1740	0.1015	0.4297
000259	T	0.011574	0.248411	0.284286	0.2167	0.3321	0.0680	0.0290	0.1935	0.1154	0.4234
000260	S	0.012052	0.259015	0.274280	0.2292	0.2752	0.0670	0.0260	0.1862	0.1059	0.4206
000261	F	0.011592	0.262299	0.265607	0.2255	0.2034	0.0720	0.0250	0.1735	0.0969	0.4166
000262	T	0.005100	0.270777	0.257023	0.1495	0.2129	0.0720	0.0260	0.1612	0.0969	0.4169
000263	S	0.005501	0.280270	0.250848	0.1266	0.1791	0.0750	0.0270	0.1529	0.0957	0.4165
000264	F	0.004919	0.311954	0.247137	0.1844	0.1791	0.0870	0.0290	0.1690	0.1005	0.4103
000265	R	0.003968	0.327432	0.245167	0.1060	0.1275	0.0890	0.0360	0.1498	0.1065	0.4041
000266	P	0.003314	0.305480	0.245943	0.0771	0.1424	0.0950	0.0400	0.1449	0.1026	0.3986
000267	E	0.003024	0.295114	0.250910	0.0771	0.1501	0.0870	0.0370	0.1438	0.1016	0.3913
000268	W	0.002529	0.281621	0.257823	0.1667	0.2575	0.0890	0.0380	0.1758	0.1019	0.3827
000269	Q	0.002855	0.244723	0.264183	0.0935	0.2609	0.0790	0.0320	0.1575	0.1032	0.3807
000270	S	0.003508	0.243500	0.270341	0.0991	0.2783	0.0760	0.0270	0.1617	0.1068	0.3800
000271	V	0.016441	0.260807	0.276501	0.1088	0.2258	0.0750	0.0240	0.1606	0.0987	0.3796
000272	Y	0.022718	0.261166	0.281877	0.1766	0.3286	0.0760	0.0240	0.1911	0.1110	0.3809
000273	P	0.022700	0.261050	0.287475	0.1240	0.3215	0.0780	0.0240	0.1825	0.1128	0.3836
000274	F	0.022840	0.231357	0.295304	0.1349	0.2715	0.0880	0.0240	0.1741	0.0993	0.3860
000275	I	0.026098	0.245026	0.304393	0.1958	0.3599	0.1010	0.0210	0.2054	0.1143	0.3922
000276	V	0.028653	0.272734	0.312066	0.1349	0.2918	0.1170	0.0250	0.1929	0.1052	0.4010
000277	P	0.028679	0.302417	0.319637	0.1292	0.2645	0.1330	0.0330	0.1963	0.1062	0.4093
000278	Y	0.028870	0.327967	0.327644	0.0744	0.1969	0.1780	0.0540	0.1889	0.1136	0.4170
000279	G	0.041906	0.359014	0.336980	0.1349	0.2884	0.2020	0.0760	0.2272	0.1130	0.4251
000280	P	0.029001	0.378971	0.347844	0.0813	0.2258	0.2020	0.0710	0.2108	0.1273	0.4326
000281	P	0.030294	0.425828	0.360407	0.0884	0.2436	0.2170	0.0800	0.2276	0.1388	0.4299
000282	L	0.052847	0.447760	0.372569	0.0909	0.2884	0.2080	0.0840	0.2434	0.1422	0.4257
000283	P	0.123290	0.455826	0.384211	0.1667	0.2752	0.1910	0.0810	0.2660	0.1197	0.4197
000284	S	0.190570	0.478246	0.395611	0.1566	0.2503	0.1950	0.0810	0.2776	0.1184	0.4178
000285	L	0.265193	0.469444	0.407065	0.1635	0.3356	0.1650	0.0650	0.3011	0.1150	0.4159
000286	N	0.359978	0.455562	0.416697	0.2209	0.4051	0.1490	0.0570	0.3346	0.1113	0.4147
000287	Y	0.454150	0.433801	0.424670	0.2913	0.4725	0.1550	0.0470	0.3719	0.1133	0.4146
000288	H	0.526031	0.434564	0.430543	0.3005	0.4582	0.1540	0.0400	0.3840	0.1225	0.4141
000289	L	0.625353	0.407526	0.435361	0.4078	0.5577	0.1530	0.0430	0.4311	0.1485	0.4139
000290	N	0.673795	0.437973	0.438158	0.4037	0.5854	0.1620	0.0490	0.4501	0.1602	0.4109
000291	I	0.651992	0.457797	0.440235	0.4116	0.5533	0.2040	0.0610	0.4532	0.1375	0.4088
000292	Q	0.583157	0.496351	0.441528	0.4203	0.5382	0.2340	0.0660	0.4522	0.1121	0.4040
000293	R	0.514374	0.549029	0.441570	0.4967	0.5382	0.3170	0.0790	0.4761	0.0792	0.3977
000294	F	0.438919	0.582474	0.440677	0.4825	0.4220	0.4420	0.1000	0.4680	0.0543	0.3954
000295	S	0.351331	0.637978	0.436415	0.4245	0.4409	0.4190	0.0780	0.4517	0.0884	0.3912
000296	G	0.277515	0.664417	0.430847	0.4203	0.4725	0.4980	0.1000	0.4605	0.1148	0.3875
000297	P	0.216986	0.703744	0.422140	0.4333	0.4801	0.5440	0.1280	0.4667	0.1459	0.3855
000298	P	0.150105	0.707937	0.413816	0.4749	0.5758	0.5720	0.1480	0.4825	0.1746	0.3850
000299	N	0.118626	0.693502	0.407428	0.4967	0.5992	0.5450	0.1620	0.4768	0.1826	0.3858
000300	P	0.158584	0.705917	0.404486	0.5762	0.6661	0.5100	0.1450	0.5035	0.1833	0.3892
000301	P	0.264108	0.711006	0.402955	0.5900	0.6755	0.5470	0.1280	0.5318	0.1553	0.3953
000302	S	0.367955	0.681179	0.401694	0.6557	0.6620	0.5410	0.1350	0.5516	0.1266	0.4035
000303	N	0.467115	0.656391	0.400056	0.6474	0.6620	0.4850	0.1480	0.5530	0.1056	0.4169
000304	I	0.512699	0.632683	0.396244	0.5762	0.6712	0.4690	0.1560	0.5430	0.0944	0.4323
000305	F	0.509675	0.608358	0.389028	0.6650	0.7755	0.4570	0.1790	0.5675	0.1303	0.4252
000306	Q	0.502811	0.603215	0.379395	0.6650	0.6906	0.4150	0.1390	0.5427	0.1190	0.4189
000307	A	0.477528	0.601500	0.369323	0.6650	0.5901	0.4860	0.1630	0.5316	0.0979	0.4111
000308	Q	0.452680	0.591790	0.357449	0.5802	0.5055	0.5490	0.2000	0.5062	0.0813	0.4030
000309	D	0.411870	0.576071	0.345522	0.4967	0.4901	0.5030	0.1860	0.4706	0.0734	0.3957
000310	D	0.304603	0.559307	0.335028	0.4513	0.4940	0.5220	0.2150	0.4444	0.0942	0.3930
000311	S	0.199024	0.544121	0.326283	0.4245	0.3426	0.4850	0.2210	0.3869	0.1130	0.3953
000312	Q	0.098028	0.515713	0.317877	0.4037	0.3149	0.3840	0.1930	0.3390	0.1268	0.4028
000313	I	0.044816	0.490707	0.310073	0.2820	0.2752	0.3680	0.1910	0.2951	0.1335	0.4084
000314	Q	0.026431	0.464905	0.303811	0.2657	0.2752	0.2820	0.1280	0.2697	0.1282	0.4153
000315	N	0.008046	0.433672	0.297899	0.2820	0.2364	0.2260	0.1070	0.2474	0.1267	0.4228
000316	G	0.000705	0.417485	0.292153	0.3630	0.3286	0.1910	0.0850	0.2654	0.1372	0.4256
000317	Y	0.000304	0.354319	0.287317	0.2657	0.1942	0.1990	0.0920	0.2169	0.1110	0.4268
000318	Y	0.000210	0.345724	0.284936	0.3005	0.1881	0.2010	0.0910	0.2201	0.1127	0.4335
000319	V	0.000152	0.347538	0.285942	0.1635	0.1791	0.2120	0.0940	0.1980	0.1088	0.4253
000320	N	0.000031	0.391030	0.289540	0.1266	0.1048	0.1730	0.0840	0.1809	0.1275	0.4128
000321	N	0.000018	0.372960	0.296016	0.1088	0.1048	0.1680	0.0840	0.1752	0.1250	0.4043
000322	C	0.000008	0.409702	0.304533	0.0701	0.1137	0.1660	0.0790	0.1773	0.1398	0.3982
000323	H	0.000007	0.404437	0.314643	0.0660	0.1115	0.1580	0.0750	0.1757	0.1408	0.3979
000324	V	0.000007	0.407398	0.325081	0.1060	0.1611	0.1760	0.0860	0.1960	0.1351	0.3949
000325	N	0.000016	0.449846	0.334227	0.0965	0.1611	0.1780	0.0750	0.2033	0.1489	0.3895
000326	W	0.000019	0.439624	0.344115	0.0935	0.1048	0.1970	0.0710	0.1965	0.1519	0.3854
000327	N	0.000024	0.464737	0.352795	0.0991	0.1048	0.1890	0.0590	0.2018	0.1596	0.3768
000328	C	0.000121	0.465715	0.361234	0.0935	0.1643	0.2060	0.0690	0.2151	0.1570	0.3693
000329	M	0.000697	0.466458	0.366607	0.1266	0.1275	0.2410	0.0920	0.2214	0.1571	0.3735
000330	T	0.004036	0.449216	0.369916	0.1635	0.1583	0.3150	0.1220	0.2433	0.1497	0.3680
000331	F	0.009581	0.431553	0.372261	0.0677	0.1611	0.3990	0.1220	0.2403	0.1676	0.3625
000332	D	0.016750	0.478491	0.375637	0.0660	0.1611	0.4560	0.1110	0.2589	0.1853	0.3449
000333	Q	0.053788	0.509961	0.380873	0.1380	0.2817	0.4890	0.0980	0.3090	0.1699	0.3216
000334	N	0.081982	0.543494	0.387448	0.1456	0.2817	0.4800	0.0990	0.3200	0.1677	0.2909
000335	N	0.141164	0.574983	0.395039	0.1732	0.3249	0.5100	0.1080	0.3532	0.1600	0.2647
000336	E	0.204649	0.613308	0.404547	0.1732	0.2645	0.5360	0.1050	0.3660	0.1658	0.2394
000337	Y	0.270030	0.641188	0.414319	0.2558	0.3494	0.6120	0.1250	0.4237	0.1528	0.2194
000338	T	0.355550	0.661949	0.423749	0.2122	0.3667	0.5810	0.1200	0.4334	0.1491	0.1998
000339	D	0.445043	0.680625	0.433929	0.3096	0.4901	0.6110	0.1380	0.4951	0.1215	0.1822
000340	C	0.520464	0.706377	0.444167	0.3630	0.5211	0.6410	0.1540	0.5327	0.1146	0.1560
000341	S	0.597902	0.725951	0.452968	0.3717	0.5296	0.6400	0.1430	0.5531	0.1176	0.1549
000342	E	0.646094	0.731988	0.460035	0.4379	0.6482	0.6410	0.1230	0.5942	0.1074	0.1565
000343	N	0.703674	0.762657	0.467216	0.4203	0.4864	0.6530	0.1120	0.5822	0.1297	0.1647
000344	R	0.722427	0.765979	0.476403	0.4116	0.4725	0.6640	0.1230	0.5854	0.1368	0.1680
000345	S	0.709646	0.768091	0.486107	0.2483	0.4330	0.6700	0.1200	0.5525	0.1808	0.1711
000346	S	0.706345	0.778741	0.496484	0.2531	0.4369	0.6270	0.1480	0.5498	0.1763	0.1772
000347	V	0.705033	0.786274	0.507613	0.2255	0.4330	0.5790	0.1280	0.5395	0.1830	0.1809
000348	H	0.696988	0.785832	0.519112	0.3053	0.5139	0.5460	0.0840	0.5613	0.1520	0.1776
000349	P	0.717046	0.786848	0.528876	0.3146	0.4330	0.5220	0.0870	0.5505	0.1604	0.1791
000350	S	0.735660	0.789894	0.536750	0.3005	0.3704	0.5290	0.1000	0.5436	0.1765	0.1838
000351	G	0.666888	0.783390	0.541217	0.3885	0.4901	0.5260	0.1110	0.5661	0.1271	0.1941
000352	N	0.583179	0.768253	0.543757	0.3668	0.5055	0.4880	0.1320	0.5425	0.1210	0.1941
000353	G	0.520227	0.757240	0.543799	0.3630	0.4940	0.4180	0.1060	0.5161	0.1241	0.1983
000354	C	0.484503	0.742146	0.543177	0.3630	0.3910	0.4190	0.1120	0.4905	0.1274	0.2055
000355	S	0.439383	0.736495	0.542327	0.3668	0.2817	0.3550	0.1360	0.4536	0.1500	0.2366
000356	M	0.385030	0.722315	0.540560	0.2913	0.2988	0.4090	0.1410	0.4412	0.1505	0.2575
000357	Q	0.318282	0.716719	0.537700	0.1566	0.2541	0.4420	0.1250	0.4042	0.1863	0.2713
000358	D	0.229894	0.685082	0.534548	0.1878	0.3053	0.3750	0.1230	0.3862	0.1741	0.2919
000359	R	0.134691	0.669034	0.533076	0.1766	0.3249	0.3400	0.1310	0.3631	0.1877	0.3145
000360	Y	0.130189	0.654018	0.533589	0.1635	0.3053	0.3310	0.1410	0.3530	0.1878	0.3362
000361	V	0.149737	0.652388	0.533819	0.1698	0.2002	0.3390	0.1430	0.3409	0.1914	0.3502
000362	S	0.151406	0.644180	0.531472	0.1698	0.1229	0.3440	0.1280	0.3273	0.2000	0.3473
000363	N	0.146094	0.632735	0.526325	0.0723	0.1184	0.3810	0.1320	0.3128	0.2145	0.3468
000364	G	0.138539	0.621217	0.519365	0.0455	0.1251	0.3490	0.0980	0.2998	0.2142	0.3446
000365	F	0.117609	0.607134	0.513687	0.1240	0.2193	0.3580	0.0740	0.3232	0.1875	0.3415
000366	C	0.100298	0.599232	0.510872	0.1240	0.1323	0.3720	0.1040	0.3064	0.1991	0.3203
000367	E	0.091619	0.547350	0.510249	0.1266	0.1349	0.3640	0.1330	0.2958	0.1871	0.3086
000368	V	0.088852	0.578402	0.510099	0.0478	0.1349	0.3560	0.1560	0.2860	0.2078	0.3052
000369	R	0.081202	0.585770	0.507435	0.0425	0.1275	0.3120	0.1510	0.2760	0.2103	0.2943
000370	E	0.063923	0.552290	0.502921	0.0441	0.1275	0.2900	0.1420	0.2635	0.2033	0.2805
000371	R	0.055467	0.554617	0.496204	0.0643	0.1942	0.3000	0.1540	0.2775	0.1944	0.2668
000372	C	0.144676	0.544861	0.489399	0.0677	0.2399	0.2870	0.1510	0.2956	0.1720	0.2544
000373	W	0.228374	0.513770	0.482618	0.0660	0.2470	0.2620	0.1190	0.3000	0.1545	0.2593
000374	K	0.321299	0.496324	0.474561	0.0677	0.2470	0.2370	0.0960	0.3073	0.1471	0.2608
000375	D	0.424209	0.457447	0.464202	0.0677	0.2470	0.2560	0.0930	0.3194	0.1436	0.2608
000376	H	0.435581	0.451872	0.451003	0.1060	0.2503	0.2970	0.0990	0.3320	0.1279	0.2621
000377	C	0.437030	0.447380	0.437423	0.2122	0.3117	0.3020	0.1020	0.3579	0.0886	0.2694
000378	M	0.432746	0.481995	0.426932	0.1416	0.3117	0.3350	0.1000	0.3549	0.1119	0.2875
000379	D	0.428473	0.505923	0.420789	0.1292	0.3704	0.3620	0.1120	0.3694	0.1173	0.2918
000380	K	0.427912	0.533138	0.418572	0.1292	0.3774	0.3480	0.1050	0.3724	0.1230	0.3015
000381	H	0.349594	0.550386	0.416716	0.1266	0.2817	0.3370	0.1100	0.3436	0.1285	0.3119
000382	N	0.282462	0.548739	0.417127	0.1349	0.2884	0.3470	0.1020	0.3364	0.1275	0.3228
000383	G	0.206936	0.545615	0.420418	0.1921	0.4087	0.3030	0.0720	0.3460	0.1253	0.3365
000384	T	0.150302	0.533546	0.427534	0.2786	0.5211	0.2250	0.0620	0.3560	0.1468	0.3398
000385	D	0.168280	0.512441	0.433860	0.2786	0.5176	0.1860	0.0760	0.3495	0.1451	0.3508
000386	R	0.171718	0.490084	0.438663	0.2786	0.4369	0.1520	0.0680	0.3279	0.1344	0.3642
000387	F	0.201576	0.482138	0.442135	0.2963	0.4441	0.1330	0.0520	0.3332	0.1323	0.3784
000388	V	0.218763	0.460483	0.446169	0.3668	0.5620	0.1220	0.0470	0.3628	0.1499	0.3797
000389	N	0.222739	0.452603	0.450845	0.3885	0.5139	0.1540	0.0710	0.3637	0.1308	0.3615
000390	Q	0.208607	0.463650	0.455413	0.3939	0.5098	0.2040	0.1030	0.3725	0.1223	0.3564
000391	Q	0.186559	0.475573	0.459898	0.3096	0.5098	0.2670	0.1190	0.3680	0.1202	0.3521
000392	F	0.160263	0.495926	0.465897	0.3311	0.4369	0.3070	0.1390	0.3662	0.1147	0.3507
000393	Q	0.113311	0.540383	0.474492	0.3359	0.3599	0.3140	0.1470	0.3563	0.1349	0.3449
000394	E	0.081860	0.579643	0.484750	0.2602	0.3019	0.2860	0.1350	0.3324	0.1609	0.3448
000395	E	0.074190	0.591043	0.494494	0.1998	0.2399	0.2950	0.1370	0.3157	0.1759	0.3509
000396	K	0.046107	0.582569	0.498770	0.1349	0.1702	0.2700	0.1110	0.2838	0.1946	0.3608
000397	L	0.031415	0.554384	0.499518	0.0935	0.1671	0.2930	0.1380	0.2732	0.1969	0.3738
000398	N	0.022457	0.515313	0.496986	0.0909	0.2436	0.2760	0.1570	0.2743	0.1852	0.3830
000399	K	0.023839	0.477642	0.495235	0.1322	0.2224	0.2500	0.1490	0.2669	0.1713	0.4005
000400	L	0.027850	0.417802	0.495239	0.1349	0.2399	0.2600	0.1540	0.2627	0.1582	0.4242
000401	Q	0.080834	0.350673	0.494411	0.0744	0.2292	0.2100	0.1160	0.2398	0.1476	0.4245
000402	K	0.188975	0.284296	0.492261	0.0935	0.2164	0.1610	0.0860	0.2394	0.1268	0.4069
000403	L	0.263807	0.252614	0.486711	0.1566	0.3019	0.1170	0.0630	0.2632	0.1184	0.3902
000404	L	0.338029	0.271785	0.479506	0.1532	0.2884	0.1020	0.0520	0.2721	0.1230	0.3762
000405	I	0.422981	0.248118	0.472305	0.1566	0.2783	0.1040	0.0500	0.2803	0.1321	0.3699
000406	L	0.459907	0.253944	0.465507	0.1566	0.2680	0.1110	0.0510	0.2858	0.1361	0.3720
000407	L	0.498229	0.245465	0.460526	0.1495	0.2034	0.1280	0.0460	0.2808	0.1458	0.3815
000408	R	0.513080	0.277951	0.455372	0.2122	0.2645	0.1560	0.0610	0.3132	0.1283	0.3943
000409	G	0.508860	0.321054	0.447431	0.1349	0.2541	0.1980	0.0790	0.3107	0.1322	0.4047
000410	L	0.464707	0.377000	0.436168	0.1349	0.1969	0.2470	0.1120	0.3094	0.1237	0.4151
000411	P	0.377870	0.445168	0.422776	0.2080	0.2002	0.2740	0.1380	0.3213	0.0988	0.4295
000412	G	0.338187	0.491200	0.409841	0.1292	0.1424	0.3160	0.1340	0.3045	0.1318	0.4256
000413	S	0.313987	0.531644	0.396494	0.0771	0.1449	0.2780	0.1290	0.2903	0.1510	0.4170
000414	G	0.295465	0.565527	0.381188	0.0701	0.2094	0.2690	0.1000	0.2984	0.1523	0.4076
000415	K	0.314182	0.538593	0.363065	0.1060	0.2849	0.2960	0.1210	0.3171	0.1273	0.4006
000416	T	0.302917	0.512362	0.345493	0.1732	0.3392	0.3140	0.1580	0.3313	0.0993	0.3963
000417	T	0.318421	0.468908	0.329290	0.2432	0.4087	0.2880	0.1510	0.3428	0.0752	0.3979
000418	L	0.315693	0.412500	0.315320	0.3311	0.4766	0.2070	0.0980	0.3430	0.0845	0.4056
000419	S	0.307546	0.362478	0.301204	0.3311	0.4149	0.1460	0.0640	0.3106	0.0828	0.4115
000420	R	0.287154	0.329443	0.286471	0.3263	0.3704	0.1430	0.0560	0.2905	0.0717	0.4182
000421	I	0.254681	0.291388	0.269570	0.3399	0.3566	0.1560	0.0630	0.2781	0.0654	0.4267
000422	L	0.211719	0.260456	0.250495	0.2483	0.3286	0.1740	0.0590	0.2456	0.0472	0.4283
000423	L	0.151139	0.241134	0.229457	0.1698	0.3321	0.2040	0.0480	0.2212	0.0586	0.4210
000424	G	0.099768	0.248831	0.207072	0.1667	0.3426	0.2070	0.0760	0.2120	0.0743	0.4217
000425	Q	0.076765	0.246006	0.184295	0.1602	0.3460	0.2130	0.0800	0.2043	0.0822	0.4218
000426	N	0.043175	0.244549	0.163437	0.1635	0.2783	0.1900	0.0650	0.1805	0.0744	0.4211
000427	R	0.044124	0.254080	0.147696	0.1667	0.1942	0.1870	0.0720	0.1657	0.0635	0.4167
000428	D	0.045455	0.255588	0.135473	0.1205	0.1942	0.1790	0.0780	0.1550	0.0656	0.4096
000429	G	0.048448	0.230610	0.124615	0.1292	0.2609	0.1650	0.0990	0.1597	0.0705	0.4027
000430	I	0.044638	0.225955	0.112246	0.1266	0.2715	0.1760	0.1090	0.1594	0.0750	0.3927
000431	V	0.037992	0.242341	0.099264	0.1178	0.2817	0.1500	0.0850	0.1549	0.0836	0.3869
000432	F	0.030505	0.257446	0.088303	0.1998	0.3426	0.1740	0.0900	0.1821	0.1029	0.3854
000433	S	0.023820	0.292159	0.080435	0.2820	0.3286	0.1670	0.0820	0.1957	0.1140	0.3893
000434	T	0.017137	0.317704	0.075611	0.3762	0.3910	0.1870	0.1000	0.2275	0.1449	0.3888
000435	D	0.012595	0.318750	0.072373	0.3096	0.3117	0.2080	0.1110	0.2056	0.1224	0.3864
000436	D	0.010598	0.317937	0.070881	0.2913	0.3117	0.2450	0.1020	0.2079	0.1217	0.3835
000437	Y	0.008012	0.316261	0.071980	0.2209	0.2503	0.2700	0.0890	0.1895	0.1110	0.3819
000438	F	0.004103	0.318695	0.073597	0.2255	0.2645	0.2620	0.0890	0.1915	0.1131	0.3866
000439	H	0.003450	0.323279	0.075197	0.1805	0.2680	0.2040	0.0950	0.1758	0.1087	0.3941
000440	H	0.000621	0.349000	0.075041	0.1844	0.1969	0.2040	0.0990	0.1684	0.1094	0.4029
000441	Q	0.000490	0.351902	0.074281	0.2865	0.2575	0.2050	0.0900	0.1960	0.1221	0.4118
000442	D	0.000360	0.341909	0.072699	0.2602	0.3087	0.1960	0.0820	0.1966	0.1236	0.4180
000443	G	0.000341	0.339457	0.073101	0.3399	0.3704	0.1830	0.0840	0.2178	0.1428	0.4230
000444	Y	0.000361	0.368900	0.074913	0.3456	0.3774	0.1770	0.0810	0.2240	0.1493	0.4253
000445	R	0.000589	0.363767	0.079109	0.3225	0.3807	0.1800	0.0880	0.2211	0.1453	0.4276
000446	Y	0.001130	0.349948	0.082787	0.3184	0.2783	0.1910	0.0830	0.2036	0.1264	0.4294
000447	N	0.006664	0.371295	0.084831	0.3263	0.2849	0.1700	0.0620	0.2073	0.1315	0.4312
000448	V	0.011839	0.358779	0.084237	0.2963	0.3667	0.1740	0.0570	0.2152	0.1356	0.4326
000449	N	0.013974	0.322228	0.082957	0.3806	0.4685	0.1930	0.0840	0.2435	0.1616	0.4335
000450	Q	0.015984	0.330717	0.082681	0.3992	0.4619	0.2030	0.0860	0.2489	0.1626	0.4333
000451	L	0.020797	0.335219	0.084567	0.4078	0.4441	0.2320	0.1060	0.2540	0.1581	0.4336
000452	G	0.021199	0.332705	0.087222	0.3885	0.4330	0.2130	0.0780	0.2460	0.1525	0.4335
000453	D	0.022340	0.353470	0.090680	0.3630	0.4369	0.2140	0.0660	0.2467	0.1510	0.4331
000454	A	0.023432	0.385582	0.093810	0.3668	0.4186	0.2280	0.0720	0.2527	0.1509	0.4324
000455	H	0.025200	0.409459	0.096594	0.4513	0.4292	0.2360	0.0830	0.2747	0.1677	0.4316
000456	D	0.036901	0.427667	0.099185	0.4282	0.4409	0.2570	0.0960	0.2817	0.1643	0.4314
000457	W	0.052541	0.441430	0.101534	0.4282	0.5382	0.2870	0.1160	0.3081	0.1796	0.4310
000458	N	0.094350	0.487674	0.103316	0.4333	0.5296	0.2460	0.1020	0.3158	0.1770	0.4296
000459	Q	0.126089	0.510434	0.103218	0.4879	0.5992	0.2550	0.0970	0.3470	0.1944	0.4284
000460	N	0.131088	0.523819	0.102267	0.4825	0.5854	0.2720	0.1160	0.3496	0.1908	0.4269
000461	R	0.136422	0.533665	0.101885	0.4556	0.6089	0.2690	0.1070	0.3509	0.1939	0.4256
000462	A	0.161504	0.534855	0.103548	0.5331	0.6375	0.2740	0.0970	0.3740	0.2037	0.4246
000463	K	0.170823	0.551919	0.106022	0.5623	0.5493	0.2380	0.0910	0.3630	0.1953	0.4245
000464	Q	0.224048	0.556960	0.108618	0.5043	0.4685	0.2240	0.0880	0.3478	0.1686	0.4267
000465	A	0.262331	0.537591	0.110676	0.4703	0.5017	0.2180	0.0690	0.3502	0.1607	0.4301
000466	I	0.277939	0.519346	0.111742	0.3939	0.5139	0.1780	0.0570	0.3324	0.1566	0.4327
000467	D	0.273620	0.502533	0.111024	0.3992	0.5139	0.1470	0.0600	0.3246	0.1595	0.4336
000468	Q	0.280906	0.439648	0.108180	0.4967	0.6576	0.1630	0.0680	0.3576	0.1925	0.4331
000469	G	0.273249	0.392452	0.105549	0.4879	0.5456	0.1610	0.0780	0.3276	0.1620	0.4314
000470	R	0.281490	0.354284	0.104242	0.4749	0.5493	0.1770	0.0920	0.3235	0.1561	0.4284
000471	S	0.268708	0.323679	0.104807	0.3992	0.5139	0.1590	0.0950	0.2950	0.1383	0.4245
000472	P	0.266821	0.300960	0.105843	0.4149	0.4119	0.1480	0.0940	0.2747	0.1183	0.4199
000473	V	0.239108	0.274552	0.106513	0.4116	0.4409	0.1320	0.0700	0.2675	0.1264	0.4138
000474	I	0.196142	0.237932	0.105435	0.3311	0.4119	0.0960	0.0450	0.2297	0.1141	0.4092
000475	I	0.166717	0.214901	0.104098	0.3184	0.4017	0.0920	0.0410	0.2163	0.1120	0.4069
000476	D	0.164643	0.208023	0.102330	0.3053	0.4476	0.1060	0.0550	0.2223	0.1218	0.4074
000477	N	0.130357	0.184792	0.102756	0.3630	0.4409	0.1040	0.0520	0.2210	0.1327	0.4088
000478	T	0.132686	0.163255	0.105542	0.3806	0.3774	0.0930	0.0440	0.2088	0.1223	0.4088
000479	N	0.119750	0.156443	0.111167	0.2820	0.3774	0.0780	0.0340	0.1874	0.1068	0.4069
000480	I	0.108158	0.146301	0.118375	0.2167	0.3182	0.0730	0.0310	0.1634	0.0821	0.4048
000481	Q	0.099631	0.154259	0.125049	0.2333	0.3053	0.0600	0.0230	0.1629	0.0830	0.4047
000482	A	0.072291	0.162643	0.129983	0.1766	0.2364	0.0550	0.0190	0.1388	0.0621	0.4050
000483	W	0.059737	0.168834	0.134093	0.1349	0.2129	0.0580	0.0230	0.1281	0.0555	0.4058
000484	E	0.052924	0.171754	0.137848	0.1266	0.2680	0.0550	0.0210	0.1354	0.0733	0.4091
000485	M	0.015506	0.175983	0.142766	0.1844	0.3321	0.0580	0.0210	0.1514	0.1014	0.4108
000486	K	0.010295	0.167413	0.148351	0.2432	0.3249	0.0610	0.0210	0.1591	0.1053	0.4123
000487	P	0.006691	0.159568	0.154262	0.2385	0.3149	0.0620	0.0220	0.1559	0.1027	0.4111
000488	Y	0.006226	0.149448	0.161925	0.1602	0.2503	0.0620	0.0260	0.1316	0.0783	0.4098
000489	V	0.006376	0.160383	0.170293	0.1456	0.2541	0.0580	0.0260	0.1325	0.0802	0.4110
000490	E	0.012479	0.165862	0.180862	0.1041	0.1611	0.0500	0.0190	0.1124	0.0630	0.4126
000491	V	0.018328	0.176253	0.191921	0.1566	0.2258	0.0500	0.0180	0.1365	0.0758	0.4127
000492	A	0.024538	0.183008	0.202322	0.1018	0.2258	0.0520	0.0170	0.1316	0.0766	0.4122
000493	I	0.028894	0.196329	0.210298	0.1150	0.2715	0.0620	0.0180	0.1473	0.0858	0.4129
000494	G	0.029133	0.209519	0.216569	0.1667	0.3740	0.0740	0.0320	0.1783	0.1111	0.4154
000495	K	0.028121	0.233146	0.222072	0.1805	0.3704	0.0810	0.0440	0.1859	0.1107	0.4179
000496	G	0.027391	0.238956	0.227413	0.2122	0.3053	0.0850	0.0490	0.1828	0.0954	0.4202
000497	Y	0.026843	0.253343	0.232365	0.2209	0.2129	0.0850	0.0480	0.1719	0.0846	0.4213
000498	R	0.024869	0.265681	0.239466	0.1266	0.1881	0.0760	0.0410	0.1535	0.0860	0.4228
000499	V	0.019229	0.262617	0.247492	0.1240	0.1823	0.0780	0.0430	0.1523	0.0877	0.4232
000500	E	0.015335	0.261231	0.255890	0.1698	0.2364	0.0830	0.0460	0.1703	0.0928	0.4229
000501	F	0.010989	0.256783	0.262232	0.1060	0.2575	0.0930	0.0490	0.1644	0.0990	0.4206
000502	H	0.010521	0.245450	0.268556	0.1532	0.3149	0.1020	0.0550	0.1824	0.1048	0.4233
000503	E	0.013066	0.259621	0.274646	0.1844	0.3392	0.1050	0.0570	0.1960	0.1100	0.4277
000504	P	0.042317	0.268964	0.282536	0.2432	0.3392	0.0980	0.0470	0.2124	0.1058	0.4306
000505	E	0.052897	0.281007	0.288871	0.2292	0.3460	0.1040	0.0440	0.2170	0.1047	0.4302
000506	T	0.059541	0.279311	0.294734	0.1766	0.3460	0.1100	0.0390	0.2111	0.1034	0.4290
000507	W	0.064764	0.305596	0.298051	0.1698	0.3426	0.1350	0.0350	0.2193	0.1019	0.4282
000508	W	0.078252	0.321957	0.299793	0.2483	0.4292	0.1760	0.0520	0.2589	0.1113	0.4304
000509	K	0.091395	0.346347	0.298761	0.2558	0.4292	0.1770	0.0670	0.2664	0.1101	0.4321
000510	F	0.105272	0.368430	0.295684	0.3146	0.4901	0.2320	0.0960	0.3010	0.1181	0.4268
000511	D	0.198056	0.418152	0.292051	0.3005	0.4864	0.2860	0.1260	0.3302	0.0948	0.4188
000512	P	0.289830	0.449388	0.289643	0.3630	0.5296	0.3430	0.1390	0.3774	0.0867	0.4104
000513	E	0.349364	0.505342	0.292097	0.3762	0.5254	0.4010	0.1350	0.4082	0.0829	0.4089
000514	E	0.447949	0.552033	0.299048	0.3184	0.5139	0.4810	0.1560	0.4354	0.0951	0.4100
000515	L	0.552100	0.608820	0.311331	0.3005	0.4831	0.5610	0.1460	0.4695	0.1214	0.4110
000516	E	0.655789	0.664400	0.325224	0.2865	0.4766	0.5980	0.1670	0.5011	0.1514	0.4098
000517	K	0.752062	0.708272	0.341407	0.2820	0.4087	0.6030	0.1750	0.5159	0.1812	0.4095
000518	R	0.845495	0.758969	0.357677	0.3630	0.4901	0.5750	0.1760	0.5650	0.1852	0.4129
000519	N	0.940011	0.708717	0.371658	0.3992	0.6227	0.5430	0.1480	0.5976	0.1930	0.4190
000520	K	0.954179	0.654017	0.384779	0.3806	0.5807	0.4820	0.1540	0.5727	0.1969	0.4252
000521	H	0.970352	0.646049	0.395989	0.4749	0.6089	0.4430	0.1620	0.5899	0.1918	0.4308
000522	G	0.992094	0.618253	0.407476	0.4420	0.6136	0.3960	0.1610	0.5782	0.2062	0.4338
000523	V	0.992932	0.569824	0.419434	0.3630	0.5758	0.4110	0.1500	0.5553	0.2115	0.4348
000524	S	0.991554	0.547485	0.433379	0.3762	0.4801	0.3770	0.1420	0.5343	0.2130	0.4388
000525	R	0.923615	0.555082	0.449341	0.3847	0.4801	0.3490	0.1320	0.5237	0.1906	0.4451
000526	K	0.864816	0.537988	0.466484	0.3885	0.4685	0.3340	0.1380	0.5101	0.1712	0.4528
000527	K	0.788458	0.513669	0.484571	0.3847	0.4725	0.3350	0.1400	0.4964	0.1443	0.4650
000528	I	0.735409	0.506168	0.504274	0.3263	0.4409	0.2870	0.1140	0.4667	0.1460	0.4813
000529	A	0.664831	0.500135	0.522644	0.3578	0.4441	0.2180	0.0800	0.4513	0.1392	0.4991
000530	Q	0.594432	0.509638	0.540549	0.3359	0.3667	0.2040	0.0620	0.4251	0.1352	0.5144
000531	M	0.516285	0.517706	0.555364	0.3535	0.3704	0.2070	0.0540	0.4201	0.1220	0.5339
000532	L	0.409834	0.541222	0.568898	0.3096	0.3053	0.2110	0.0380	0.3910	0.1296	0.5474
000533	D	0.335856	0.551234	0.580467	0.3096	0.2575	0.2210	0.0330	0.3759	0.1395	0.5585
000534	R	0.348401	0.560200	0.593567	0.3225	0.2783	0.2520	0.0400	0.3926	0.1342	0.5737
000535	Y	0.366279	0.565598	0.606439	0.2786	0.2884	0.2860	0.0440	0.3986	0.1362	0.5981
000536	E	0.412255	0.572898	0.620835	0.2748	0.2918	0.2940	0.0460	0.4112	0.1394	0.6176
000537	Y	0.436895	0.559604	0.634934	0.2865	0.2470	0.3570	0.0610	0.4204	0.1400	0.6408
000538	Q	0.470115	0.597203	0.651592	0.3005	0.2503	0.3710	0.0680	0.4401	0.1476	0.6627
000539	M	0.489862	0.631815	0.669214	0.3096	0.3356	0.3730	0.0740	0.4682	0.1411	0.6799
000540	S	0.534398	0.650632	0.689714	0.3225	0.3529	0.3670	0.0910	0.4861	0.1470	0.6906
000541	I	0.569271	0.676566	0.712141	0.3359	0.3460	0.4220	0.0900	0.5104	0.1511	0.7027
000542	S	0.620970	0.700032	0.736163	0.3668	0.3774	0.4740	0.0940	0.5459	0.1479	0.7053
000543	I	0.667846	0.719393	0.759264	0.4333	0.4409	0.5740	0.0810	0.5991	0.1278	0.7108
000544	V	0.705490	0.735865	0.777872	0.4333	0.4369	0.5920	0.0830	0.6136	0.1382	0.7086
000545	M	0.736391	0.756175	0.791927	0.4379	0.4476	0.6360	0.0840	0.6344	0.1435	0.6960
000546	N	0.765010	0.791413	0.800508	0.5043	0.5296	0.6650	0.1040	0.6759	0.1210	0.6702
000547	S	0.802009	0.802523	0.807016	0.5229	0.5493	0.7170	0.0850	0.7001	0.1202	0.6500
000548	V	0.852687	0.810788	0.811199	0.5900	0.6851	0.7490	0.0770	0.7499	0.0893	0.6284
000549	E	0.886100	0.822631	0.815407	0.5900	0.6991	0.7640	0.0730	0.7628	0.0962	0.5954
000550	P	0.958495	0.836140	0.820598	0.6293	0.7628	0.8020	0.0590	0.8015	0.0978	0.5643
000551	S	0.982368	0.856060	0.826255	0.6442	0.7718	0.8350	0.0410	0.8193	0.1010	0.5403
000552	H	0.992882	0.867530	0.831920	0.7034	0.8421	0.8380	0.0400	0.8459	0.0843	0.5150
000553	K	0.996236	0.879365	0.837148	0.7147	0.8421	0.8300	0.0440	0.8500	0.0828	0.4881
000554	S	0.996992	0.887834	0.842873	0.7605	0.8991	0.8450	0.0390	0.8721	0.0714	0.4619
000555	T	0.997224	0.898136	0.848602	0.8118	0.9287	0.8560	0.0420	0.8901	0.0606	0.4413
000556	Q	0.997416	0.904996	0.853865	0.8457	0.8872	0.8710	0.0470	0.8933	0.0506	0.4304
000557	R	0.997092	0.910168	0.858109	0.8521	0.8828	0.8920	0.0520	0.8987	0.0482	0.4304
000558	P	0.996720	0.911240	0.861884	0.7772	0.8853	0.8870	0.0700	0.8865	0.0650	0.4246
000559	P	0.996565	0.910317	0.864529	0.8311	0.9168	0.8730	0.0910	0.8987	0.0523	0.4210
000560	P	0.994895	0.908778	0.866381	0.8424	0.8681	0.8530	0.1180	0.8889	0.0517	0.4249
000561	P	0.992593	0.907041	0.867651	0.8242	0.8530	0.8460	0.1300	0.8817	0.0556	0.4353
000562	Q	0.992906	0.900296	0.870902	0.7951	0.8530	0.8390	0.1390	0.8752	0.0616	0.4483
000563	G	0.993325	0.902572	0.876578	0.8001	0.8493	0.8190	0.1580	0.8734	0.0635	0.4656
000564	R	0.980946	0.903459	0.883288	0.8001	0.8596	0.7810	0.1900	0.8681	0.0665	0.4930
000565	Q	0.947989	0.894414	0.888222	0.8001	0.8596	0.7560	0.2130	0.8577	0.0634	0.5164
000566	R	0.909467	0.898268	0.891592	0.8036	0.8050	0.7500	0.2160	0.8429	0.0599	0.5461
000567	W	0.867250	0.895753	0.894655	0.8036	0.7250	0.7510	0.2120	0.8229	0.0677	0.5776
000568	G	0.793063	0.906965	0.898096	0.7724	0.6620	0.7260	0.1890	0.7931	0.0876	0.6020
000569	G	0.705836	0.902124	0.900907	0.6906	0.6375	0.7290	0.1820	0.7610	0.1031	0.6387
000570	S	0.623498	0.898514	0.903965	0.6474	0.6227	0.7220	0.2010	0.7364	0.1212	0.6728
000571	L	0.533418	0.887012	0.906204	0.6374	0.6089	0.7290	0.2010	0.7171	0.1394	0.7010
000572	G	0.440058	0.897717	0.908249	0.6255	0.5854	0.7200	0.1930	0.6962	0.1678	0.7050
000573	S	0.358999	0.887740	0.908740	0.6079	0.5665	0.7540	0.1900	0.6806	0.1924	0.7113
000574	H	0.288527	0.904881	0.909326	0.6035	0.5456	0.8880	0.1110	0.6900	0.2321	0.7158
000575	N	0.219873	0.911489	0.909794	0.6334	0.5296	0.9290	0.0680	0.6889	0.2597	0.7144
000576	R	0.157749	0.915397	0.911220	0.6516	0.5017	0.9560	0.0430	0.6823	0.2859	0.7245
000577	V	0.125202	0.918838	0.913144	0.6789	0.4831	0.9550	0.0430	0.6790	0.2982	0.7296
000578	C	0.107912	0.919516	0.915259	0.7912	0.6043	0.9740	0.0230	0.7186	0.2987	0.7178
000579	V	0.087472	0.926118	0.916814	0.8242	0.5807	0.9800	0.0130	0.7191	0.3106	0.7176
000580	T	0.055552	0.927579	0.917666	0.8521	0.5493	0.9890	0.0100	0.7152	0.3272	0.7053
000581	N	0.036995	0.927229	0.918054	0.8781	0.5296	0.9900	0.0110	0.7133	0.3373	0.6886
000582	N	0.043708	0.925865	0.917746	0.9235	0.6427	0.9770	0.0200	0.7385	0.3293	0.6735
000583	H	0.053195	0.924161	0.917604	0.9392	0.6089	0.9670	0.0250	0.7350	0.3280	0.6813