RESNUM	RES	VL-XT	VSL2B	VL3	IUPred-S	IUPred-L	PONDRFIT	FITERROR	MDP	MDPERROR	ANCHOR2
000001	M	0.999450	0.960709	0.928977	0.9640	0.5211	0.9920	0.0070	0.8944	0.1685	0.8434
000002	D	0.997514	0.957371	0.927691	0.9257	0.6136	0.9940	0.0070	0.9026	0.1323	0.8218
000003	P	0.976137	0.955501	0.925108	0.9141	0.6620	0.9970	0.0030	0.9050	0.1123	0.8003
000004	M	0.849997	0.953518	0.922547	0.9040	0.6991	0.9960	0.0040	0.8875	0.0953	0.7844
000005	E	0.752369	0.950038	0.920035	0.8886	0.7547	0.9910	0.0100	0.8762	0.0921	0.7659
000006	L	0.684988	0.942189	0.917125	0.8713	0.7595	0.9880	0.0140	0.8604	0.1058	0.7482
000007	R	0.649719	0.933181	0.913395	0.8556	0.7595	0.9880	0.0070	0.8498	0.1142	0.7104
000008	N	0.626760	0.930856	0.907772	0.8242	0.7595	0.9880	0.0060	0.8395	0.1204	0.6875
000009	V	0.618736	0.934534	0.901516	0.7869	0.7628	0.9780	0.0170	0.8304	0.1217	0.6795
000010	N	0.628553	0.939503	0.895002	0.7501	0.7982	0.9530	0.0520	0.8275	0.1150	0.6629
000011	I	0.682367	0.938504	0.889466	0.7147	0.7951	0.9730	0.0260	0.8322	0.1096	0.6540
000012	E	0.734997	0.935235	0.885127	0.7418	0.7951	0.9630	0.0360	0.8426	0.0903	0.6304
000013	P	0.756184	0.938580	0.882496	0.7192	0.8125	0.9550	0.0410	0.8440	0.0885	0.6102
000014	D	0.810644	0.942153	0.881363	0.6789	0.7916	0.9510	0.0430	0.8427	0.0946	0.5927
000015	D	0.874769	0.944768	0.881108	0.7232	0.8235	0.9380	0.0540	0.8642	0.0751	0.5726
000016	E	0.906566	0.946769	0.879975	0.7192	0.6851	0.9290	0.0630	0.8444	0.1031	0.5518
000017	S	0.928834	0.947212	0.877755	0.7605	0.6482	0.9250	0.0680	0.8479	0.1086	0.5341
000018	S	0.951171	0.946374	0.873714	0.7317	0.6375	0.9210	0.0700	0.8435	0.1183	0.5301
000019	S	0.965272	0.945337	0.868199	0.6944	0.5139	0.9050	0.0890	0.8153	0.1611	0.5246
000020	G	0.965432	0.943790	0.860984	0.7342	0.5758	0.8910	0.1080	0.8285	0.1352	0.5214
000021	E	0.958721	0.941499	0.851706	0.6906	0.5758	0.8780	0.1270	0.8161	0.1382	0.5230
000022	S	0.949910	0.936891	0.841310	0.7342	0.6755	0.8740	0.1160	0.8353	0.1006	0.5186
000023	A	0.945978	0.927826	0.829709	0.7147	0.6755	0.8630	0.1190	0.8261	0.1010	0.5209
000024	P	0.939644	0.917005	0.817323	0.6870	0.6227	0.8240	0.1340	0.8012	0.1142	0.5240
000025	D	0.933739	0.904542	0.804248	0.6906	0.5620	0.8040	0.1330	0.7832	0.1263	0.5219
000026	S	0.927430	0.891950	0.790822	0.6557	0.5055	0.7880	0.1170	0.7599	0.1431	0.5202
000027	Y	0.919754	0.872312	0.776669	0.6219	0.4330	0.7650	0.0890	0.7314	0.1630	0.5212
000028	I	0.873425	0.845620	0.761855	0.5941	0.4330	0.7320	0.1030	0.7067	0.1519	0.5209
000029	G	0.816493	0.833308	0.746348	0.5762	0.4292	0.6680	0.1140	0.6783	0.1416	0.5137
000030	I	0.768080	0.833398	0.729181	0.5711	0.4507	0.6740	0.0980	0.6712	0.1276	0.5072
000031	G	0.736020	0.834722	0.709570	0.5623	0.3426	0.6980	0.0920	0.6473	0.1579	0.4972
000032	N	0.696688	0.829907	0.689535	0.5583	0.2817	0.7560	0.0780	0.6353	0.1780	0.4902
000033	S	0.653876	0.820902	0.672442	0.4918	0.2918	0.7660	0.0780	0.6161	0.1777	0.4861
000034	E	0.644958	0.816211	0.658268	0.4825	0.3529	0.7200	0.1000	0.6124	0.1530	0.4817
000035	K	0.639404	0.809416	0.646160	0.4556	0.3321	0.6760	0.1080	0.5931	0.1558	0.4764
000036	A	0.634032	0.793385	0.634354	0.4513	0.3249	0.7230	0.0930	0.5935	0.1594	0.4702
000037	A	0.662433	0.790795	0.624472	0.4556	0.3529	0.7410	0.0860	0.6045	0.1541	0.4623
000038	M	0.687796	0.787963	0.615596	0.5043	0.4441	0.7010	0.0910	0.6235	0.1181	0.4546
000039	S	0.708373	0.781545	0.607943	0.5583	0.5577	0.6430	0.0640	0.6429	0.0808	0.4479
000040	S	0.711011	0.778105	0.599814	0.5514	0.5533	0.6460	0.0570	0.6399	0.0828	0.4422
000041	Q	0.685661	0.770521	0.590547	0.6219	0.5342	0.6720	0.0650	0.6457	0.0752	0.4344
000042	F	0.699795	0.766917	0.580516	0.6079	0.4507	0.7420	0.0900	0.6413	0.1083	0.4269
000043	A	0.651096	0.761304	0.569653	0.5473	0.4441	0.6880	0.0950	0.6102	0.1030	0.4184
000044	N	0.589532	0.756047	0.558198	0.5043	0.4582	0.6570	0.1070	0.5872	0.0981	0.4125
000045	E	0.529702	0.749772	0.545544	0.4703	0.4256	0.6890	0.1110	0.5684	0.1151	0.4083
000046	D	0.447882	0.740318	0.530980	0.4918	0.3215	0.7180	0.1070	0.5418	0.1475	0.4044
000047	T	0.371845	0.728066	0.516233	0.5126	0.2783	0.7360	0.1030	0.5238	0.1684	0.4029
000048	E	0.300928	0.713622	0.501648	0.4703	0.3087	0.6430	0.1400	0.4896	0.1541	0.3991
000049	S	0.234336	0.693748	0.489614	0.4333	0.3426	0.5530	0.1790	0.4578	0.1470	0.3957
000050	Q	0.195730	0.672047	0.478854	0.4379	0.3426	0.4720	0.1570	0.4331	0.1445	0.3917
000051	K	0.124150	0.652863	0.468581	0.4333	0.3392	0.3940	0.1110	0.4021	0.1579	0.3891
000052	F	0.080387	0.616650	0.457040	0.4078	0.2436	0.3900	0.0980	0.3659	0.1683	0.3842
000053	L	0.046078	0.581533	0.444202	0.4703	0.3149	0.3470	0.0970	0.3673	0.1677	0.3820
000054	T	0.010279	0.547258	0.430663	0.4420	0.3599	0.3350	0.1050	0.3542	0.1681	0.3844
000055	N	0.002445	0.535480	0.418240	0.4116	0.2575	0.3420	0.1100	0.3279	0.1680	0.3849
000056	G	0.001961	0.529584	0.406439	0.3992	0.1969	0.3670	0.1010	0.3168	0.1713	0.3855
000057	F	0.001890	0.506478	0.395237	0.3053	0.1969	0.3840	0.0990	0.2983	0.1624	0.3861
000058	L	0.001756	0.514715	0.384704	0.2865	0.2164	0.3660	0.1040	0.2950	0.1600	0.3962
000059	G	0.001730	0.546698	0.375669	0.2748	0.1942	0.3410	0.1040	0.2891	0.1675	0.4151
000060	K	0.000768	0.556212	0.367307	0.2963	0.2002	0.3480	0.1100	0.2947	0.1692	0.4317
000061	K	0.000929	0.567456	0.360517	0.2748	0.2129	0.3660	0.1150	0.2971	0.1718	0.4218
000062	K	0.001239	0.568805	0.355511	0.2786	0.2129	0.3670	0.1340	0.2974	0.1718	0.4141
000063	L	0.001249	0.569908	0.351463	0.3762	0.3215	0.3660	0.1530	0.3310	0.1681	0.4055
000064	A	0.001509	0.571629	0.344632	0.4203	0.4051	0.3610	0.1720	0.3506	0.1726	0.3950
000065	D	0.002051	0.571459	0.334617	0.4203	0.3983	0.3790	0.1800	0.3510	0.1725	0.3908
000066	Y	0.002738	0.583836	0.321749	0.4116	0.2783	0.4130	0.1720	0.3352	0.1768	0.3833
000067	A	0.011724	0.581997	0.307900	0.4078	0.2783	0.3960	0.1550	0.3307	0.1724	0.3732
000068	D	0.020109	0.581140	0.292771	0.3762	0.3356	0.3900	0.1560	0.3326	0.1664	0.3630
000069	E	0.039287	0.580541	0.277541	0.4149	0.4119	0.3960	0.1650	0.3534	0.1659	0.3567
000070	H	0.058466	0.589265	0.262568	0.3717	0.4119	0.4060	0.1680	0.3500	0.1619	0.3484
000071	H	0.082138	0.598019	0.248754	0.3762	0.3053	0.4100	0.1580	0.3367	0.1574	0.3335
000072	P	0.100461	0.599392	0.236689	0.3847	0.3182	0.4100	0.1530	0.3416	0.1542	0.3098
000073	G	0.124963	0.599647	0.225616	0.2963	0.2364	0.4100	0.1440	0.3156	0.1532	0.2785
000074	T	0.141936	0.595643	0.214923	0.3491	0.3149	0.3820	0.1120	0.3330	0.1428	0.2468
000075	T	0.145515	0.613742	0.204074	0.2865	0.3599	0.3640	0.0980	0.3290	0.1496	0.2212
000076	S	0.137471	0.628093	0.193633	0.2786	0.3117	0.3440	0.0970	0.3155	0.1562	0.1966
000077	F	0.131755	0.622842	0.184712	0.3535	0.3149	0.3570	0.0810	0.3275	0.1569	0.1729
000078	G	0.119494	0.596881	0.176463	0.3311	0.3019	0.3220	0.0640	0.3080	0.1511	0.1480
000079	M	0.101775	0.556160	0.168605	0.2333	0.2884	0.2940	0.0600	0.2737	0.1430	0.1253
000080	S	0.078599	0.528988	0.159374	0.1698	0.2575	0.2690	0.0600	0.2439	0.1426	0.1047
000081	S	0.061155	0.492457	0.150965	0.1667	0.2541	0.2470	0.0690	0.2287	0.1345	0.0888
000082	F	0.036899	0.467017	0.144444	0.1667	0.1702	0.2710	0.0810	0.2094	0.1339	0.0752
000083	N	0.019925	0.459681	0.141979	0.1322	0.0909	0.3140	0.0780	0.1930	0.1485	0.0639
000084	L	0.041132	0.452189	0.142667	0.0723	0.0929	0.3680	0.1100	0.1948	0.1570	0.0544
000085	S	0.061527	0.444255	0.145288	0.0363	0.0518	0.3790	0.1280	0.1863	0.1640	0.0460
000086	N	0.080088	0.410653	0.147463	0.0363	0.0494	0.3640	0.1270	0.1813	0.1504	0.0385
000087	A	0.085926	0.362841	0.149158	0.0144	0.0275	0.3180	0.1310	0.1596	0.1357	0.0326
000088	I	0.091599	0.319775	0.151052	0.0304	0.0443	0.2910	0.1310	0.1547	0.1137	0.0279
000089	M	0.194386	0.287788	0.153817	0.0124	0.0334	0.2640	0.1140	0.1576	0.1050	0.0249
000090	G	0.298249	0.274483	0.157038	0.0102	0.0356	0.2390	0.0860	0.1690	0.1124	0.0223
000091	S	0.402779	0.259931	0.161231	0.0075	0.0389	0.2110	0.0610	0.1803	0.1336	0.0199
000092	G	0.497411	0.259056	0.166050	0.0044	0.0414	0.1840	0.0560	0.1920	0.1614	0.0176
000093	I	0.554026	0.231265	0.171295	0.0083	0.0817	0.1750	0.0630	0.2037	0.1724	0.0161
000094	L	0.533861	0.224363	0.175738	0.0083	0.0424	0.1560	0.0580	0.1902	0.1711	0.0152
000095	G	0.513695	0.218440	0.180030	0.0144	0.0414	0.1500	0.0540	0.1863	0.1634	0.0138
000096	L	0.501249	0.211466	0.184979	0.0059	0.0248	0.1600	0.0540	0.1815	0.1628	0.0123
000097	S	0.494361	0.194206	0.191162	0.0015	0.0130	0.1710	0.0490	0.1775	0.1628	0.0116
000098	Y	0.390881	0.173911	0.197606	0.0008	0.0101	0.1910	0.0510	0.1607	0.1314	0.0108
000099	A	0.286111	0.146582	0.202891	0.0007	0.0101	0.2110	0.0530	0.1429	0.1054	0.0101
000100	M	0.181112	0.112217	0.207527	0.0005	0.0100	0.2330	0.0560	0.1241	0.0918	0.0090
000101	A	0.086047	0.087415	0.212692	0.0002	0.0073	0.2740	0.0790	0.1113	0.1009	0.0080
000102	N	0.004060	0.076031	0.218442	0.0002	0.0056	0.3150	0.1080	0.1032	0.1216	0.0075
000103	T	0.002986	0.063668	0.224540	0.0001	0.0050	0.3220	0.1060	0.1030	0.1254	0.0068
000104	G	0.001820	0.049247	0.229952	0.0001	0.0052	0.3030	0.0850	0.0982	0.1220	0.0059
000105	I	0.001470	0.036293	0.235176	0.0001	0.0059	0.2810	0.0620	0.0933	0.1178	0.0047
000106	I	0.001095	0.027231	0.239267	0.0001	0.0044	0.2710	0.0540	0.0906	0.1172	0.0039
000107	L	0.000983	0.016923	0.242707	0.0001	0.0044	0.2760	0.0820	0.0902	0.1202	0.0032
000108	F	0.000973	0.012954	0.245332	0.0001	0.0044	0.2350	0.0890	0.0831	0.1111	0.0026
000109	I	0.000892	0.010222	0.247776	0.0001	0.0044	0.1830	0.0760	0.0744	0.1016	0.0021
000110	I	0.000757	0.008847	0.250064	0.0001	0.0036	0.1480	0.0610	0.0686	0.0969	0.0017
000111	M	0.000637	0.008680	0.251844	0.0001	0.0040	0.1350	0.0550	0.0667	0.0958	0.0013
000112	L	0.000509	0.009130	0.252330	0.0001	0.0036	0.1300	0.0540	0.0659	0.0953	0.0011
000113	L	0.000472	0.012148	0.250972	0.0001	0.0034	0.1280	0.0560	0.0659	0.0945	0.0009
000114	A	0.000279	0.016206	0.248003	0.0001	0.0025	0.1240	0.0620	0.0652	0.0928	0.0008
000115	V	0.000529	0.023810	0.243659	0.0001	0.0018	0.1230	0.0660	0.0655	0.0907	0.0007
000116	A	0.001392	0.034362	0.238909	0.0001	0.0018	0.1200	0.0650	0.0662	0.0880	0.0006
000117	I	0.002044	0.044487	0.234222	0.0001	0.0024	0.1320	0.0670	0.0692	0.0871	0.0006
000118	L	0.002115	0.052714	0.229860	0.0001	0.0032	0.1570	0.0730	0.0741	0.0887	0.0006
000119	S	0.002318	0.061700	0.225050	0.0001	0.0039	0.1550	0.0630	0.0747	0.0867	0.0007
000120	L	0.002782	0.067273	0.219845	0.0001	0.0049	0.1610	0.0520	0.0760	0.0858	0.0008
000121	Y	0.003480	0.069975	0.213834	0.0002	0.0070	0.1490	0.0350	0.0739	0.0817	0.0009
000122	S	0.004024	0.075022	0.206999	0.0002	0.0082	0.1230	0.0270	0.0695	0.0760	0.0011
000123	V	0.004330	0.092930	0.199473	0.0004	0.0111	0.1100	0.0270	0.0698	0.0725	0.0014
000124	H	0.004002	0.119216	0.192090	0.0008	0.0168	0.1070	0.0310	0.0733	0.0714	0.0019
000125	L	0.003218	0.147976	0.185259	0.0010	0.0125	0.1430	0.0430	0.0822	0.0779	0.0023
000126	L	0.002538	0.222690	0.178727	0.0033	0.0108	0.1890	0.0550	0.1012	0.0966	0.0028
000127	L	0.002455	0.312923	0.172107	0.0022	0.0086	0.2330	0.0460	0.1219	0.1243	0.0033
000128	K	0.002313	0.370962	0.165432	0.0029	0.0143	0.2830	0.0670	0.1398	0.1460	0.0040
000129	T	0.002166	0.433126	0.159457	0.0037	0.0231	0.3100	0.0850	0.1552	0.1658	0.0046
000130	A	0.001552	0.488301	0.154548	0.0042	0.0138	0.3250	0.0930	0.1646	0.1852	0.0049
000131	K	0.001135	0.501306	0.150304	0.0099	0.0223	0.3140	0.0950	0.1664	0.1856	0.0054
000132	E	0.000949	0.479600	0.146122	0.0109	0.0473	0.2900	0.0890	0.1625	0.1730	0.0055
000133	G	0.001108	0.486927	0.141128	0.0109	0.0483	0.2650	0.0780	0.1590	0.1724	0.0050
000134	G	0.001053	0.462359	0.135314	0.0268	0.0581	0.2430	0.0640	0.1545	0.1593	0.0048
000135	S	0.001117	0.441500	0.128848	0.0279	0.0258	0.2220	0.0620	0.1413	0.1542	0.0044
000136	L	0.001190	0.422263	0.122509	0.0464	0.0454	0.2180	0.0570	0.1426	0.1432	0.0039
000137	I	0.001185	0.408141	0.117015	0.0502	0.0405	0.2050	0.0620	0.1370	0.1377	0.0036
000138	Y	0.000933	0.400749	0.112086	0.1041	0.0870	0.1960	0.0640	0.1502	0.1257	0.0037
000139	E	0.000868	0.380446	0.107673	0.0607	0.0851	0.1770	0.0630	0.1353	0.1216	0.0041
000140	K	0.000758	0.363283	0.103384	0.0771	0.0799	0.1720	0.0580	0.1328	0.1147	0.0041
000141	L	0.000642	0.340892	0.099460	0.1060	0.0518	0.1540	0.0480	0.1254	0.1074	0.0042
000142	G	0.000460	0.332631	0.096132	0.1041	0.0506	0.1230	0.0400	0.1178	0.1042	0.0044
000143	E	0.000413	0.295706	0.093820	0.0526	0.0320	0.0960	0.0270	0.0951	0.0957	0.0048
000144	K	0.000336	0.294532	0.092325	0.0526	0.0157	0.0770	0.0260	0.0887	0.0974	0.0049
000145	A	0.000280	0.288236	0.092184	0.0414	0.0107	0.0690	0.0240	0.0836	0.0968	0.0049
000146	F	0.000239	0.259311	0.092676	0.0245	0.0107	0.0610	0.0220	0.0748	0.0883	0.0052
000147	G	0.000226	0.235445	0.094033	0.0297	0.0102	0.0520	0.0190	0.0703	0.0799	0.0062
000148	W	0.000286	0.231088	0.095249	0.0542	0.0174	0.0480	0.0160	0.0744	0.0762	0.0068
000149	P	0.000315	0.203801	0.096933	0.0554	0.0218	0.0430	0.0120	0.0701	0.0668	0.0072
000150	G	0.000364	0.176853	0.098634	0.0502	0.0198	0.0360	0.0080	0.0636	0.0590	0.0069
000151	K	0.000472	0.165658	0.100398	0.0350	0.0214	0.0290	0.0050	0.0587	0.0568	0.0070
000152	I	0.000580	0.149262	0.102446	0.0701	0.0205	0.0290	0.0050	0.0619	0.0515	0.0072
000153	G	0.014609	0.119691	0.104970	0.0701	0.0205	0.0290	0.0050	0.0598	0.0414	0.0073
000154	A	0.033097	0.104677	0.107596	0.0336	0.0141	0.0290	0.0050	0.0537	0.0376	0.0074
000155	F	0.064146	0.103507	0.109991	0.0336	0.0107	0.0380	0.0080	0.0600	0.0366	0.0078
000156	V	0.070197	0.102475	0.112345	0.0327	0.0130	0.0490	0.0170	0.0632	0.0357	0.0083
000157	S	0.070186	0.102800	0.114972	0.0455	0.0248	0.0530	0.0200	0.0685	0.0317	0.0088
000158	I	0.070246	0.129845	0.118014	0.0464	0.0146	0.0550	0.0210	0.0724	0.0402	0.0089
000159	T	0.070301	0.169927	0.120901	0.0789	0.0153	0.0520	0.0170	0.0846	0.0494	0.0091
000160	M	0.070227	0.194511	0.123802	0.0316	0.0080	0.0570	0.0210	0.0808	0.0622	0.0088
000161	Q	0.070110	0.224100	0.125865	0.0167	0.0058	0.0530	0.0180	0.0826	0.0743	0.0090
000162	N	0.056178	0.253916	0.127557	0.0086	0.0042	0.0510	0.0150	0.0835	0.0863	0.0088
000163	I	0.037733	0.238677	0.127730	0.0086	0.0058	0.0540	0.0190	0.0788	0.0821	0.0083
000164	G	0.006773	0.210664	0.127333	0.0049	0.0042	0.0580	0.0210	0.0687	0.0772	0.0080
000165	A	0.002654	0.188682	0.126343	0.0066	0.0052	0.0580	0.0210	0.0645	0.0707	0.0075
000166	M	0.004079	0.155237	0.126111	0.0055	0.0056	0.0530	0.0170	0.0582	0.0613	0.0073
000167	S	0.004867	0.114595	0.126758	0.0099	0.0078	0.0440	0.0120	0.0513	0.0509	0.0070
000168	S	0.011388	0.093253	0.127811	0.0053	0.0087	0.0370	0.0080	0.0473	0.0470	0.0065
000169	Y	0.018135	0.078838	0.128844	0.0121	0.0094	0.0350	0.0070	0.0470	0.0434	0.0062
000170	L	0.019491	0.069452	0.129149	0.0141	0.0064	0.0370	0.0100	0.0460	0.0425	0.0058
000171	F	0.020635	0.066265	0.128803	0.0116	0.0079	0.0450	0.0130	0.0466	0.0419	0.0054
000172	I	0.021962	0.070590	0.128029	0.0053	0.0066	0.0520	0.0160	0.0474	0.0431	0.0049
000173	I	0.022660	0.079423	0.127894	0.0049	0.0044	0.0510	0.0180	0.0484	0.0443	0.0046
000174	K	0.023298	0.083949	0.129120	0.0070	0.0050	0.0510	0.0170	0.0499	0.0447	0.0046
000175	Y	0.025242	0.083018	0.131891	0.0029	0.0050	0.0650	0.0190	0.0522	0.0463	0.0043
000176	E	0.061947	0.085828	0.134861	0.0027	0.0042	0.0610	0.0180	0.0584	0.0459	0.0043
000177	L	0.099530	0.089353	0.138117	0.0038	0.0054	0.0590	0.0160	0.0658	0.0491	0.0037
000178	P	0.163045	0.088751	0.140439	0.0010	0.0059	0.0500	0.0190	0.0748	0.0621	0.0037
000179	E	0.233797	0.092921	0.142709	0.0012	0.0062	0.0470	0.0200	0.0874	0.0818	0.0038
000180	V	0.270392	0.103009	0.144622	0.0042	0.0092	0.0570	0.0230	0.0980	0.0916	0.0037
000181	I	0.281589	0.111497	0.146833	0.0082	0.0138	0.0670	0.0360	0.1048	0.0932	0.0038
000182	R	0.346463	0.112476	0.148410	0.0157	0.0327	0.0780	0.0480	0.1223	0.1099	0.0043
000183	A	0.402186	0.135002	0.148868	0.0304	0.0320	0.0910	0.0590	0.1399	0.1258	0.0050
000184	F	0.465195	0.171610	0.148231	0.0607	0.0334	0.1120	0.0590	0.1653	0.1422	0.0060
000185	M	0.485732	0.184846	0.147148	0.0316	0.0184	0.1470	0.0610	0.1691	0.1544	0.0069
000186	G	0.445458	0.211019	0.145504	0.0327	0.0389	0.1800	0.0650	0.1756	0.1379	0.0081
000187	L	0.378419	0.263540	0.143686	0.0118	0.0320	0.1920	0.0620	0.1703	0.1274	0.0091
000188	E	0.309574	0.299962	0.141302	0.0268	0.0690	0.1990	0.0660	0.1743	0.1069	0.0117
000189	E	0.272328	0.316644	0.138480	0.0212	0.0306	0.2060	0.0590	0.1642	0.1123	0.0132
000190	N	0.259851	0.367813	0.135219	0.0173	0.0153	0.1920	0.0480	0.1646	0.1265	0.0133
000191	T	0.194584	0.385901	0.131636	0.0150	0.0138	0.1570	0.0310	0.1497	0.1257	0.0130
000192	G	0.136817	0.350786	0.128418	0.0144	0.0143	0.1040	0.0260	0.1247	0.1126	0.0112
000193	E	0.070726	0.306322	0.125036	0.0075	0.0082	0.0810	0.0260	0.0998	0.1012	0.0087
000194	W	0.013303	0.250916	0.122351	0.0044	0.0073	0.0770	0.0270	0.0792	0.0880	0.0058
000195	Y	0.009375	0.174031	0.120558	0.0042	0.0117	0.0780	0.0290	0.0663	0.0643	0.0036
000196	L	0.006111	0.112689	0.120305	0.0033	0.0108	0.0690	0.0280	0.0536	0.0496	0.0023
000197	N	0.002847	0.081549	0.120626	0.0034	0.0108	0.0520	0.0200	0.0452	0.0443	0.0016
000198	G	0.002247	0.054969	0.120133	0.0044	0.0109	0.0440	0.0180	0.0394	0.0412	0.0010
000199	N	0.002118	0.038721	0.118677	0.0035	0.0071	0.0420	0.0170	0.0354	0.0407	0.0006
000200	Y	0.001692	0.029943	0.116640	0.0009	0.0049	0.0430	0.0200	0.0329	0.0406	0.0004
000201	L	0.001119	0.025204	0.115013	0.0006	0.0052	0.0410	0.0190	0.0313	0.0401	0.0002
000202	I	0.000839	0.019367	0.113927	0.0003	0.0039	0.0430	0.0210	0.0303	0.0403	0.0001
000203	I	0.000212	0.018453	0.113153	0.0004	0.0039	0.0430	0.0170	0.0298	0.0401	0.0001
000204	F	0.000290	0.018200	0.112238	0.0002	0.0027	0.0440	0.0100	0.0296	0.0400	0.0001
000205	V	0.000329	0.018887	0.110741	0.0003	0.0030	0.0430	0.0090	0.0294	0.0394	0.0001
000206	S	0.000378	0.021498	0.108346	0.0002	0.0040	0.0410	0.0080	0.0293	0.0383	0.0001
000207	V	0.000426	0.023553	0.105001	0.0002	0.0057	0.0400	0.0080	0.0292	0.0368	0.0001
000208	G	0.000475	0.027537	0.100631	0.0002	0.0042	0.0400	0.0090	0.0289	0.0354	0.0001
000209	I	0.000584	0.035358	0.096248	0.0002	0.0042	0.0420	0.0110	0.0297	0.0341	0.0001
000210	I	0.000579	0.046223	0.091847	0.0001	0.0032	0.0460	0.0140	0.0313	0.0337	0.0001
000211	L	0.002680	0.063317	0.087657	0.0002	0.0033	0.0520	0.0150	0.0349	0.0345	0.0002
000212	P	0.010552	0.075497	0.083577	0.0002	0.0044	0.0550	0.0140	0.0382	0.0344	0.0002
000213	L	0.015817	0.088112	0.080897	0.0002	0.0044	0.0750	0.0230	0.0440	0.0377	0.0003
000214	S	0.015802	0.100332	0.079286	0.0003	0.0062	0.0920	0.0250	0.0490	0.0423	0.0004
000215	L	0.015787	0.114795	0.078274	0.0003	0.0094	0.1040	0.0250	0.0538	0.0468	0.0005
000216	L	0.015771	0.133410	0.077289	0.0004	0.0130	0.1160	0.0250	0.0593	0.0525	0.0006
000217	K	0.015792	0.168564	0.076824	0.0004	0.0083	0.1220	0.0240	0.0652	0.0631	0.0008
000218	N	0.015703	0.198403	0.076619	0.0006	0.0108	0.1560	0.0310	0.0764	0.0764	0.0010
000219	L	0.015703	0.212400	0.076691	0.0003	0.0081	0.1990	0.0520	0.0854	0.0887	0.0012
000220	G	0.013532	0.216516	0.076710	0.0006	0.0123	0.2070	0.0580	0.0877	0.0910	0.0014
000221	Y	0.005566	0.213580	0.076970	0.0005	0.0138	0.2040	0.0580	0.0858	0.0907	0.0017
000222	L	0.000206	0.208231	0.077254	0.0009	0.0171	0.1910	0.0530	0.0825	0.0870	0.0020
000223	G	0.000181	0.196307	0.078188	0.0005	0.0108	0.1530	0.0410	0.0732	0.0776	0.0024
000224	Y	0.000147	0.199044	0.079594	0.0007	0.0097	0.1160	0.0230	0.0675	0.0731	0.0027
000225	T	0.000115	0.201887	0.081414	0.0005	0.0066	0.0770	0.0180	0.0613	0.0717	0.0029
000226	S	0.000045	0.184562	0.083084	0.0005	0.0072	0.0610	0.0230	0.0561	0.0657	0.0029
000227	G	0.000025	0.154770	0.084433	0.0005	0.0096	0.0520	0.0220	0.0503	0.0559	0.0027
000228	F	0.000017	0.130704	0.084919	0.0003	0.0076	0.0410	0.0150	0.0442	0.0489	0.0025
000229	S	0.000006	0.104297	0.084671	0.0003	0.0059	0.0330	0.0100	0.0381	0.0418	0.0023
000230	L	0.000005	0.077638	0.084279	0.0004	0.0059	0.0300	0.0090	0.0330	0.0354	0.0022
000231	T	0.000005	0.064311	0.084095	0.0003	0.0044	0.0280	0.0080	0.0302	0.0330	0.0020
000232	C	0.000005	0.049625	0.084342	0.0003	0.0059	0.0260	0.0080	0.0277	0.0308	0.0016
000233	M	0.000005	0.038128	0.084786	0.0004	0.0075	0.0260	0.0080	0.0261	0.0297	0.0014
000234	V	0.000004	0.028141	0.085611	0.0004	0.0052	0.0240	0.0070	0.0239	0.0297	0.0012
000235	F	0.000004	0.020636	0.086256	0.0007	0.0071	0.0250	0.0070	0.0232	0.0297	0.0011
000236	F	0.000004	0.017036	0.086033	0.0004	0.0052	0.0260	0.0070	0.0224	0.0299	0.0011
000237	V	0.000003	0.017962	0.085114	0.0004	0.0057	0.0270	0.0070	0.0227	0.0295	0.0012
000238	S	0.000004	0.021800	0.084055	0.0003	0.0044	0.0290	0.0080	0.0233	0.0293	0.0014
000239	V	0.000005	0.026610	0.084115	0.0006	0.0067	0.0330	0.0100	0.0252	0.0292	0.0016
000240	V	0.000005	0.032152	0.085015	0.0004	0.0052	0.0360	0.0110	0.0265	0.0300	0.0018
000241	I	0.000005	0.044949	0.086762	0.0008	0.0072	0.0420	0.0120	0.0303	0.0312	0.0023
000242	Y	0.000007	0.060470	0.088707	0.0005	0.0056	0.0460	0.0130	0.0335	0.0339	0.0030
000243	K	0.000047	0.079387	0.090749	0.0008	0.0054	0.0460	0.0110	0.0371	0.0375	0.0043
000244	K	0.000087	0.088511	0.092716	0.0007	0.0065	0.0530	0.0130	0.0403	0.0399	0.0059
000245	F	0.000119	0.094064	0.095675	0.0007	0.0080	0.0660	0.0200	0.0442	0.0424	0.0077
000246	Q	0.000163	0.094115	0.101607	0.0026	0.0123	0.0730	0.0250	0.0473	0.0433	0.0105
000247	I	0.000197	0.098883	0.111593	0.0062	0.0153	0.0890	0.0280	0.0535	0.0470	0.0137
000248	P	0.000287	0.113077	0.124606	0.0102	0.0223	0.0810	0.0260	0.0586	0.0498	0.0186
000249	C	0.000382	0.124589	0.138372	0.0069	0.0244	0.0830	0.0240	0.0630	0.0554	0.0240
000250	P	0.000507	0.140990	0.152421	0.0124	0.0218	0.0840	0.0260	0.0687	0.0612	0.0318
000251	L	0.000670	0.165255	0.167079	0.0259	0.0320	0.0920	0.0230	0.0805	0.0665	0.0412
000252	P	0.001873	0.177562	0.183885	0.0274	0.0263	0.0850	0.0220	0.0836	0.0730	0.0532
000253	V	0.002412	0.204399	0.200554	0.0502	0.0531	0.1000	0.0260	0.1018	0.0766	0.0658
000254	L	0.004928	0.222978	0.216590	0.0252	0.0592	0.1030	0.0300	0.1052	0.0865	0.0787
000255	D	0.006009	0.258880	0.230427	0.0268	0.0631	0.0920	0.0280	0.1129	0.0974	0.0930
000256	H	0.008918	0.286552	0.243271	0.0621	0.0799	0.1010	0.0340	0.1304	0.0999	0.1061
000257	S	0.009633	0.329814	0.254619	0.0567	0.0851	0.1170	0.0490	0.1421	0.1130	0.1184
000258	V	0.010582	0.333795	0.265469	0.0660	0.1115	0.1400	0.0710	0.1545	0.1119	0.1318
000259	G	0.010950	0.368631	0.276345	0.0660	0.0948	0.1390	0.0710	0.1593	0.1244	0.1424
000260	N	0.011172	0.393879	0.287678	0.0991	0.1028	0.1430	0.0670	0.1730	0.1287	0.1560
000261	L	0.011620	0.424795	0.298622	0.0813	0.0592	0.1480	0.0630	0.1707	0.1456	0.1703
000262	S	0.018505	0.428314	0.309017	0.1150	0.0799	0.1480	0.0480	0.1831	0.1412	0.1832
000263	F	0.032430	0.423566	0.319575	0.0771	0.0398	0.1540	0.0540	0.1744	0.1480	0.1963
000264	N	0.047780	0.413077	0.330305	0.1018	0.0734	0.1550	0.0650	0.1869	0.1368	0.2136
000265	N	0.058828	0.379227	0.341058	0.1240	0.1373	0.1530	0.0610	0.1989	0.1182	0.2322
000266	T	0.075494	0.335237	0.351184	0.1266	0.1349	0.1490	0.0570	0.1955	0.1070	0.2547
000267	L	0.099909	0.307326	0.360472	0.1416	0.1399	0.1280	0.0460	0.1963	0.0995	0.2795
000268	P	0.161862	0.302091	0.370316	0.1495	0.1583	0.1140	0.0410	0.2094	0.0931	0.2994
000269	M	0.205214	0.283826	0.381306	0.2167	0.2193	0.1170	0.0440	0.2372	0.0809	0.3204
000270	H	0.306016	0.307690	0.393311	0.2333	0.2193	0.1270	0.0450	0.2645	0.0837	0.3384
000271	V	0.342290	0.343825	0.405467	0.2333	0.2164	0.1670	0.0780	0.2847	0.0843	0.3533
000272	V	0.371391	0.402730	0.417958	0.3225	0.2364	0.1940	0.1010	0.3242	0.0834	0.3659
000273	M	0.402063	0.498928	0.430666	0.3359	0.2541	0.2450	0.1030	0.3611	0.0923	0.3820
000274	L	0.462954	0.550792	0.443465	0.3992	0.2541	0.3000	0.0980	0.4017	0.0999	0.3919
000275	P	0.492514	0.613096	0.454844	0.4037	0.1942	0.3110	0.0890	0.4116	0.1332	0.3998
000276	N	0.512837	0.650333	0.465547	0.3146	0.1424	0.4380	0.0690	0.4206	0.1593	0.4122
000277	N	0.496175	0.676944	0.473187	0.2913	0.1449	0.4490	0.0680	0.4220	0.1672	0.4290
000278	S	0.487548	0.668551	0.477940	0.3399	0.1399	0.4110	0.0540	0.4208	0.1605	0.4196
000279	E	0.424515	0.674484	0.479834	0.3311	0.1275	0.3440	0.0720	0.3969	0.1655	0.3992
000280	S	0.429653	0.669090	0.481036	0.3005	0.1583	0.3460	0.0860	0.3974	0.1587	0.3838
000281	S	0.441547	0.675092	0.481840	0.3096	0.1702	0.3170	0.0540	0.3993	0.1591	0.3682
000282	D	0.443441	0.661559	0.482774	0.3668	0.2436	0.2980	0.0520	0.4160	0.1364	0.3542
000283	V	0.409722	0.641235	0.483230	0.4149	0.3356	0.2750	0.0640	0.4266	0.1161	0.3452
000284	N	0.396934	0.612304	0.484497	0.4556	0.3392	0.2630	0.0620	0.4252	0.1111	0.3425
000285	F	0.412942	0.589546	0.484774	0.5514	0.4220	0.3100	0.0730	0.4617	0.0931	0.3346
000286	M	0.396433	0.562698	0.486010	0.5084	0.3087	0.3120	0.0890	0.4291	0.0971	0.3325
000287	M	0.387306	0.551701	0.487625	0.5084	0.3087	0.3220	0.0910	0.4277	0.0934	0.3327
000288	D	0.369927	0.528641	0.492399	0.4556	0.3182	0.3150	0.0690	0.4133	0.0836	0.3392
000289	Y	0.352667	0.553439	0.497479	0.4651	0.3356	0.3590	0.0640	0.4273	0.0825	0.3473
000290	T	0.334186	0.559851	0.502825	0.4651	0.3249	0.3740	0.0550	0.4267	0.0883	0.3600
000291	H	0.330288	0.550309	0.506588	0.4651	0.2918	0.4070	0.0560	0.4251	0.0922	0.3698
000292	R	0.368411	0.583454	0.509965	0.4879	0.2918	0.4220	0.0540	0.4439	0.0958	0.3822
000293	N	0.402225	0.597002	0.512127	0.4556	0.2783	0.4090	0.0610	0.4424	0.0988	0.3953
000294	P	0.399016	0.608870	0.514289	0.4967	0.3426	0.3700	0.0580	0.4553	0.0930	0.4066
000295	A	0.443393	0.615909	0.517436	0.4879	0.2436	0.3840	0.0620	0.4487	0.1159	0.4146
000296	G	0.500877	0.629292	0.521592	0.5711	0.3599	0.4060	0.0680	0.4981	0.0920	0.4223
000297	L	0.557442	0.638824	0.525541	0.5412	0.4220	0.4290	0.0900	0.5190	0.0752	0.4248
000298	D	0.617640	0.646965	0.527954	0.5667	0.4725	0.3930	0.0930	0.5374	0.0861	0.4327
000299	E	0.655972	0.658212	0.527258	0.5623	0.4541	0.4130	0.0830	0.5451	0.0927	0.4281
000300	N	0.689381	0.653453	0.522212	0.6374	0.4864	0.4530	0.0900	0.5737	0.0900	0.4190
000301	Q	0.679772	0.644734	0.514369	0.6334	0.5017	0.3750	0.0710	0.5582	0.1053	0.4149
000302	A	0.672032	0.630953	0.505292	0.5900	0.4119	0.3450	0.0570	0.5259	0.1173	0.4088
000303	K	0.677269	0.617616	0.494783	0.6035	0.4292	0.3180	0.0720	0.5235	0.1229	0.4044
000304	G	0.677853	0.617312	0.481633	0.5331	0.3774	0.3490	0.1010	0.5061	0.1186	0.4042
000305	S	0.668621	0.585871	0.466451	0.5229	0.3460	0.3800	0.1150	0.4951	0.1120	0.4051
000306	L	0.622906	0.590542	0.451381	0.5126	0.3840	0.3690	0.1100	0.4884	0.0963	0.4071
000307	H	0.546003	0.580143	0.435934	0.5084	0.4017	0.3610	0.1180	0.4722	0.0785	0.4011
000308	D	0.482583	0.592782	0.420733	0.5473	0.5055	0.3700	0.1150	0.4864	0.0745	0.3944
000309	S	0.425630	0.628199	0.405210	0.5514	0.4901	0.4380	0.1340	0.4897	0.0785	0.3920
000310	G	0.377551	0.668493	0.390338	0.5473	0.3840	0.4770	0.1300	0.4742	0.1061	0.3892
000311	V	0.319458	0.696830	0.376132	0.5331	0.3910	0.4960	0.1280	0.4688	0.1251	0.3859
000312	E	0.257065	0.705215	0.362773	0.4078	0.4051	0.4720	0.1350	0.4351	0.1372	0.3785
000313	Y	0.184442	0.701463	0.349012	0.4420	0.4441	0.4870	0.1340	0.4347	0.1549	0.3681
000314	E	0.111932	0.686566	0.333880	0.4781	0.3494	0.4800	0.1280	0.4066	0.1752	0.3550
000315	A	0.080703	0.670042	0.318307	0.4703	0.2258	0.5320	0.1280	0.3829	0.1969	0.3389
000316	H	0.067494	0.656955	0.304623	0.3885	0.1671	0.5420	0.1390	0.3544	0.2032	0.3249
000317	S	0.055124	0.640826	0.291965	0.3456	0.1349	0.5370	0.1280	0.3343	0.2061	0.3151
000318	D	0.035293	0.607166	0.279635	0.2865	0.1501	0.5290	0.1010	0.3146	0.1994	0.3159
000319	D	0.014446	0.594599	0.265391	0.1805	0.1399	0.4760	0.0770	0.2784	0.1990	0.3140
000320	K	0.012975	0.551634	0.251435	0.1766	0.1476	0.3820	0.0810	0.2537	0.1734	0.3102
000321	C	0.011746	0.503736	0.237442	0.1766	0.1554	0.2750	0.0780	0.2267	0.1489	0.3110
000322	E	0.010269	0.463116	0.225373	0.2041	0.1823	0.2030	0.0790	0.2148	0.1322	0.3193
000323	P	0.008883	0.403020	0.214219	0.1844	0.0967	0.1480	0.0680	0.1759	0.1211	0.3307
000324	K	0.007366	0.330005	0.204419	0.2041	0.1349	0.1090	0.0580	0.1650	0.0993	0.3512
000325	Y	0.005708	0.263365	0.193291	0.1266	0.0662	0.0770	0.0390	0.1221	0.0854	0.3767
000326	F	0.004186	0.188439	0.179743	0.1240	0.0967	0.0650	0.0320	0.1096	0.0641	0.4006
000327	V	0.002427	0.144021	0.163977	0.0744	0.0555	0.0540	0.0250	0.0824	0.0554	0.4144
000328	F	0.001705	0.134344	0.148236	0.0884	0.0327	0.0510	0.0230	0.0761	0.0529	0.4197
000329	N	0.000954	0.124412	0.134578	0.0490	0.0202	0.0490	0.0210	0.0630	0.0500	0.4166
000330	S	0.000757	0.115284	0.123827	0.0279	0.0104	0.0460	0.0180	0.0541	0.0485	0.4191
000331	R	0.000622	0.105994	0.116838	0.0179	0.0092	0.0360	0.0090	0.0477	0.0464	0.4255
000332	T	0.000298	0.091017	0.112033	0.0182	0.0080	0.0380	0.0120	0.0446	0.0423	0.4269
000333	A	0.000155	0.071235	0.108321	0.0128	0.0060	0.0430	0.0160	0.0402	0.0390	0.4232
000334	Y	0.000504	0.059300	0.105550	0.0055	0.0045	0.0490	0.0180	0.0375	0.0381	0.4145
000335	A	0.001087	0.052282	0.104947	0.0031	0.0044	0.0470	0.0160	0.0355	0.0375	0.3924
000336	I	0.001451	0.042972	0.106217	0.0029	0.0064	0.0440	0.0140	0.0339	0.0369	0.3660
000337	P	0.001915	0.036908	0.108131	0.0069	0.0104	0.0370	0.0100	0.0336	0.0361	0.3384
000338	I	0.001994	0.030744	0.109823	0.0116	0.0104	0.0350	0.0100	0.0332	0.0362	0.3177
000339	L	0.001999	0.024566	0.111840	0.0259	0.0125	0.0340	0.0110	0.0351	0.0358	0.2945
000340	V	0.002007	0.019592	0.113880	0.0131	0.0130	0.0340	0.0100	0.0325	0.0376	0.2653
000341	F	0.005567	0.020771	0.115757	0.0074	0.0089	0.0350	0.0110	0.0323	0.0387	0.2324
000342	A	0.007388	0.023145	0.116854	0.0087	0.0064	0.0410	0.0130	0.0340	0.0390	0.1956
000343	F	0.007389	0.023606	0.116340	0.0055	0.0062	0.0720	0.0310	0.0384	0.0418	0.1626
000344	V	0.007375	0.026858	0.114893	0.0034	0.0074	0.1270	0.0730	0.0479	0.0524	0.1331
000345	C	0.011121	0.036461	0.112592	0.0069	0.0075	0.2630	0.1650	0.0729	0.0926	0.1118
000346	H	0.019277	0.054118	0.110475	0.0084	0.0086	0.4230	0.2310	0.1041	0.1472	0.0970
000347	P	0.032997	0.067625	0.108095	0.0075	0.0134	0.4790	0.2730	0.1182	0.1651	0.0838
000348	E	0.061262	0.085301	0.106453	0.0069	0.0120	0.5020	0.2770	0.1290	0.1706	0.0748
000349	V	0.124101	0.113643	0.105215	0.0118	0.0194	0.5030	0.2620	0.1462	0.1657	0.0652
000350	L	0.217723	0.140306	0.104285	0.0218	0.0327	0.3330	0.1280	0.1417	0.1081	0.0589
000351	P	0.314738	0.195282	0.101967	0.0336	0.0518	0.1990	0.0560	0.1495	0.0976	0.0564
000352	I	0.416917	0.265313	0.098847	0.0621	0.1092	0.2120	0.0980	0.1941	0.1216	0.0555
000353	Y	0.519455	0.347142	0.094824	0.0744	0.0985	0.2090	0.1130	0.2240	0.1620	0.0570
000354	S	0.617809	0.422327	0.091071	0.1349	0.2002	0.1920	0.1070	0.2764	0.1849	0.0585
000355	E	0.712218	0.515973	0.087316	0.1495	0.2783	0.2290	0.1340	0.3287	0.2180	0.0596
000356	L	0.800667	0.583147	0.084077	0.2255	0.2783	0.3350	0.1750	0.3845	0.2387	0.0596
000357	K	0.878227	0.633589	0.081003	0.2255	0.2783	0.3600	0.1770	0.4095	0.2681	0.0581
000358	D	0.916150	0.669847	0.078565	0.1292	0.2715	0.4510	0.1500	0.4195	0.2980	0.0581
000359	R	0.922204	0.719533	0.076622	0.1266	0.1528	0.5020	0.1640	0.4166	0.3225	0.0564
000360	S	0.928839	0.737423	0.075051	0.1958	0.2094	0.5200	0.1670	0.4444	0.3108	0.0529
000361	R	0.930549	0.716282	0.073396	0.1844	0.1914	0.6050	0.1810	0.4501	0.3176	0.0494
000362	R	0.922509	0.717952	0.071467	0.1667	0.1791	0.6480	0.1610	0.4509	0.3243	0.0423
000363	K	0.918425	0.693283	0.069311	0.1532	0.2715	0.6280	0.1530	0.4556	0.3096	0.0360
000364	M	0.879068	0.645191	0.067118	0.2292	0.3117	0.6090	0.1660	0.4569	0.2774	0.0300
000365	Q	0.844414	0.598710	0.064884	0.2255	0.2193	0.5820	0.1470	0.4225	0.2716	0.0255
000366	T	0.780931	0.563077	0.062711	0.1766	0.1373	0.5570	0.0980	0.3795	0.2666	0.0213
000367	V	0.693899	0.481865	0.060709	0.1844	0.1643	0.5010	0.1260	0.3478	0.2252	0.0170
000368	S	0.627648	0.414783	0.059042	0.1240	0.0967	0.4620	0.1340	0.2973	0.2149	0.0143
000369	N	0.591715	0.348861	0.057674	0.0884	0.0483	0.4220	0.1260	0.2595	0.2079	0.0118
000370	I	0.550035	0.279096	0.055677	0.0490	0.0248	0.3530	0.0980	0.2186	0.1934	0.0094
000371	S	0.455515	0.217578	0.052997	0.0274	0.0202	0.2330	0.0780	0.1678	0.1550	0.0081
000372	I	0.357723	0.169623	0.049859	0.0131	0.0157	0.1790	0.0800	0.1309	0.1218	0.0067
000373	T	0.294085	0.135329	0.047017	0.0097	0.0097	0.1510	0.0570	0.1078	0.1002	0.0061
000374	G	0.226535	0.095147	0.045951	0.0078	0.0062	0.1160	0.0340	0.0830	0.0761	0.0054
000375	M	0.184211	0.067380	0.046107	0.0059	0.0073	0.1080	0.0250	0.0698	0.0621	0.0046
000376	L	0.170473	0.049565	0.047580	0.0015	0.0052	0.1060	0.0200	0.0634	0.0591	0.0040
000377	V	0.133472	0.038704	0.048427	0.0013	0.0038	0.1000	0.0150	0.0542	0.0482	0.0037
000378	M	0.063893	0.030114	0.049006	0.0013	0.0048	0.0980	0.0190	0.0412	0.0338	0.0037
000379	Y	0.001292	0.026911	0.048875	0.0006	0.0034	0.0960	0.0330	0.0296	0.0345	0.0036
000380	L	0.000741	0.026527	0.048363	0.0006	0.0024	0.0830	0.0390	0.0269	0.0305	0.0035
000381	L	0.000216	0.025566	0.047587	0.0006	0.0032	0.0650	0.0250	0.0238	0.0252	0.0036
000382	A	0.000214	0.025342	0.047473	0.0003	0.0035	0.0530	0.0200	0.0217	0.0221	0.0036
000383	A	0.000512	0.025969	0.048131	0.0005	0.0037	0.0510	0.0170	0.0216	0.0215	0.0040
000384	L	0.000780	0.028498	0.049534	0.0006	0.0038	0.0560	0.0190	0.0232	0.0230	0.0042
000385	F	0.000964	0.028792	0.051146	0.0003	0.0039	0.0600	0.0210	0.0242	0.0243	0.0047
000386	G	0.001430	0.032953	0.053384	0.0005	0.0048	0.0620	0.0180	0.0259	0.0252	0.0056
000387	Y	0.002197	0.041981	0.055999	0.0008	0.0046	0.0740	0.0250	0.0299	0.0289	0.0068
000388	L	0.002464	0.052575	0.059132	0.0026	0.0043	0.0850	0.0260	0.0343	0.0327	0.0077
000389	T	0.002814	0.064062	0.062168	0.0009	0.0048	0.1200	0.0370	0.0425	0.0440	0.0086
000390	F	0.003263	0.087588	0.065063	0.0007	0.0056	0.1690	0.0560	0.0552	0.0609	0.0094
000391	Y	0.003790	0.144611	0.067867	0.0010	0.0055	0.2100	0.0660	0.0721	0.0801	0.0107
000392	G	0.003932	0.193112	0.070929	0.0015	0.0073	0.2420	0.0700	0.0864	0.0966	0.0118
000393	E	0.004085	0.246811	0.074672	0.0008	0.0084	0.2550	0.0680	0.0983	0.1109	0.0129
000394	V	0.004459	0.316381	0.078877	0.0012	0.0072	0.2650	0.0590	0.1122	0.1299	0.0128
000395	E	0.004546	0.363735	0.083330	0.0034	0.0070	0.2650	0.0440	0.1211	0.1422	0.0125
000396	D	0.004184	0.358788	0.087713	0.0040	0.0119	0.2610	0.0410	0.1213	0.1393	0.0112
000397	E	0.004637	0.350149	0.092169	0.0013	0.0079	0.2420	0.0500	0.1164	0.1345	0.0097
000398	L	0.006785	0.327155	0.096726	0.0038	0.0117	0.2340	0.0560	0.1133	0.1253	0.0074
000399	L	0.007746	0.271693	0.100801	0.0034	0.0108	0.2070	0.0570	0.1002	0.1054	0.0063
000400	H	0.008485	0.239731	0.104114	0.0038	0.0115	0.1590	0.0600	0.0878	0.0890	0.0050
000401	A	0.009327	0.212545	0.106935	0.0037	0.0130	0.1090	0.0340	0.0757	0.0756	0.0040
000402	Y	0.011649	0.194883	0.109808	0.0097	0.0123	0.0750	0.0170	0.0689	0.0678	0.0032
000403	S	0.012098	0.171299	0.113093	0.0044	0.0097	0.0620	0.0160	0.0621	0.0620	0.0024
000404	K	0.011639	0.161404	0.116289	0.0010	0.0067	0.0510	0.0130	0.0579	0.0608	0.0017
000405	V	0.011371	0.143834	0.118889	0.0021	0.0091	0.0490	0.0150	0.0558	0.0560	0.0012
000406	Y	0.010784	0.125683	0.120951	0.0007	0.0060	0.0440	0.0130	0.0513	0.0528	0.0009
000407	T	0.008505	0.108345	0.122891	0.0007	0.0049	0.0480	0.0200	0.0489	0.0498	0.0007
000408	L	0.007245	0.099457	0.125479	0.0003	0.0036	0.0500	0.0240	0.0477	0.0493	0.0005
000409	D	0.006617	0.088664	0.128266	0.0005	0.0036	0.0560	0.0250	0.0473	0.0485	0.0004
000410	I	0.005705	0.069261	0.130715	0.0006	0.0037	0.0570	0.0230	0.0445	0.0471	0.0002
000411	P	0.003230	0.060339	0.133079	0.0003	0.0033	0.0530	0.0170	0.0422	0.0474	0.0002
000412	L	0.002706	0.049574	0.135741	0.0003	0.0028	0.0530	0.0140	0.0407	0.0479	0.0001
000413	L	0.003053	0.039600	0.139181	0.0004	0.0040	0.0530	0.0120	0.0398	0.0487	0.0001
000414	M	0.004158	0.034233	0.143102	0.0002	0.0028	0.0560	0.0120	0.0401	0.0503	0.0001
000415	V	0.005348	0.032319	0.147033	0.0002	0.0030	0.0610	0.0120	0.0415	0.0518	0.0001
000416	R	0.009978	0.033053	0.150760	0.0002	0.0029	0.0660	0.0130	0.0439	0.0529	0.0000
000417	L	0.014290	0.033444	0.154023	0.0003	0.0042	0.0680	0.0140	0.0457	0.0535	0.0000
000418	A	0.013658	0.034273	0.157117	0.0002	0.0028	0.0710	0.0150	0.0466	0.0550	0.0000
000419	V	0.013423	0.037281	0.160164	0.0004	0.0031	0.0730	0.0170	0.0479	0.0560	0.0000
000420	L	0.013316	0.038718	0.163556	0.0002	0.0021	0.0770	0.0170	0.0492	0.0576	0.0000
000421	V	0.013007	0.038405	0.167538	0.0003	0.0018	0.0820	0.0190	0.0505	0.0593	0.0000
000422	A	0.012782	0.038423	0.172017	0.0001	0.0018	0.0870	0.0210	0.0520	0.0613	0.0000
000423	V	0.011873	0.037305	0.176372	0.0001	0.0017	0.0940	0.0260	0.0535	0.0636	0.0000
000424	T	0.010955	0.035661	0.180062	0.0002	0.0025	0.0960	0.0290	0.0542	0.0651	0.0001
000425	L	0.006355	0.034227	0.183449	0.0001	0.0031	0.0990	0.0280	0.0543	0.0670	0.0001
000426	T	0.002163	0.034178	0.186901	0.0002	0.0039	0.0930	0.0230	0.0534	0.0679	0.0001
000427	V	0.002436	0.035782	0.190508	0.0002	0.0029	0.0810	0.0220	0.0522	0.0681	0.0001
000428	P	0.002535	0.040664	0.193537	0.0004	0.0027	0.0720	0.0240	0.0520	0.0684	0.0001
000429	I	0.002418	0.044069	0.195475	0.0003	0.0033	0.0690	0.0250	0.0524	0.0689	0.0001
000430	V	0.002355	0.046307	0.196879	0.0003	0.0030	0.0680	0.0270	0.0527	0.0693	0.0001
000431	L	0.002238	0.053246	0.198640	0.0005	0.0030	0.0680	0.0260	0.0542	0.0698	0.0001
000432	F	0.002065	0.055996	0.201131	0.0004	0.0025	0.0720	0.0230	0.0556	0.0709	0.0001
000433	P	0.001859	0.057493	0.204425	0.0003	0.0032	0.0620	0.0190	0.0549	0.0717	0.0001
000434	I	0.001756	0.055009	0.207595	0.0002	0.0041	0.0630	0.0190	0.0553	0.0728	0.0001
000435	R	0.001552	0.060031	0.210849	0.0003	0.0040	0.0600	0.0170	0.0561	0.0739	0.0001
000436	T	0.001325	0.058550	0.213298	0.0005	0.0061	0.0590	0.0220	0.0566	0.0745	0.0001
000437	S	0.001158	0.061891	0.215299	0.0005	0.0039	0.0570	0.0240	0.0567	0.0755	0.0001
000438	V	0.001715	0.071949	0.216951	0.0009	0.0050	0.0530	0.0220	0.0583	0.0761	0.0001
000439	I	0.002715	0.078466	0.218307	0.0004	0.0033	0.0530	0.0220	0.0594	0.0769	0.0001
000440	T	0.003159	0.096308	0.219493	0.0007	0.0033	0.0500	0.0190	0.0622	0.0783	0.0001
000441	L	0.003541	0.106210	0.221112	0.0007	0.0044	0.0520	0.0190	0.0646	0.0794	0.0001
000442	L	0.003430	0.112066	0.223511	0.0007	0.0061	0.0550	0.0190	0.0667	0.0804	0.0001
000443	F	0.003374	0.111304	0.226443	0.0024	0.0061	0.0560	0.0210	0.0677	0.0811	0.0002
000444	P	0.003325	0.131430	0.228480	0.0013	0.0041	0.0480	0.0200	0.0694	0.0845	0.0002
000445	K	0.003299	0.133175	0.229911	0.0013	0.0042	0.0470	0.0210	0.0697	0.0853	0.0003
000446	R	0.003275	0.132881	0.230805	0.0006	0.0036	0.0500	0.0230	0.0701	0.0855	0.0003
000447	P	0.002727	0.127385	0.231854	0.0003	0.0030	0.0530	0.0250	0.0698	0.0853	0.0002
000448	F	0.001706	0.117155	0.232652	0.0002	0.0023	0.0630	0.0320	0.0696	0.0845	0.0002
000449	S	0.001250	0.094924	0.233357	0.0003	0.0022	0.0700	0.0400	0.0671	0.0831	0.0002
000450	W	0.000843	0.069044	0.234077	0.0004	0.0022	0.0790	0.0440	0.0642	0.0827	0.0001
000451	I	0.000867	0.052406	0.234747	0.0002	0.0017	0.0770	0.0390	0.0611	0.0830	0.0001
000452	R	0.000831	0.040508	0.235327	0.0002	0.0017	0.0710	0.0310	0.0582	0.0834	0.0000
000453	H	0.000773	0.031697	0.235928	0.0003	0.0027	0.0660	0.0240	0.0562	0.0837	0.0000
000454	F	0.000704	0.022142	0.237361	0.0003	0.0044	0.0720	0.0270	0.0562	0.0848	0.0000
000455	L	0.000640	0.017544	0.239374	0.0002	0.0031	0.0720	0.0250	0.0555	0.0860	0.0000
000456	I	0.000573	0.018122	0.241406	0.0002	0.0021	0.0740	0.0270	0.0561	0.0868	0.0000
000457	A	0.000505	0.021416	0.243107	0.0002	0.0015	0.0830	0.0350	0.0583	0.0876	0.0000
000458	A	0.000464	0.023866	0.244791	0.0001	0.0009	0.0940	0.0420	0.0608	0.0888	0.0000
000459	V	0.000392	0.024708	0.247130	0.0001	0.0009	0.1050	0.0440	0.0631	0.0903	0.0000
000460	L	0.000345	0.027103	0.249905	0.0001	0.0006	0.1210	0.0420	0.0665	0.0925	0.0000
000461	I	0.004292	0.026949	0.252840	0.0001	0.0012	0.1380	0.0530	0.0706	0.0947	0.0000
000462	A	0.006263	0.028311	0.254789	0.0001	0.0018	0.1410	0.0600	0.0720	0.0953	0.0000
000463	L	0.008245	0.030716	0.255766	0.0001	0.0012	0.1390	0.0610	0.0725	0.0951	0.0000
000464	N	0.008245	0.032885	0.255632	0.0001	0.0012	0.1330	0.0540	0.0718	0.0942	0.0000
000465	N	0.008260	0.031948	0.255358	0.0001	0.0013	0.1300	0.0520	0.0712	0.0938	0.0000
000466	V	0.008243	0.031298	0.254446	0.0001	0.0013	0.1270	0.0550	0.0704	0.0933	0.0000
000467	L	0.008199	0.028644	0.253538	0.0001	0.0011	0.1270	0.0600	0.0698	0.0932	0.0000
000468	V	0.008142	0.024838	0.252292	0.0001	0.0013	0.1320	0.0620	0.0697	0.0935	0.0000
000469	I	0.008078	0.023237	0.251021	0.0001	0.0009	0.1300	0.0580	0.0688	0.0931	0.0000
000470	L	0.004088	0.024949	0.250282	0.0001	0.0008	0.1260	0.0570	0.0677	0.0928	0.0000
000471	V	0.002106	0.024622	0.250167	0.0001	0.0013	0.1180	0.0490	0.0660	0.0921	0.0000
000472	P	0.000124	0.023564	0.249871	0.0001	0.0016	0.1060	0.0370	0.0635	0.0913	0.0000
000473	T	0.000125	0.025620	0.248414	0.0001	0.0018	0.1030	0.0330	0.0633	0.0904	0.0000
000474	I	0.000140	0.026255	0.245486	0.0001	0.0026	0.0980	0.0320	0.0621	0.0889	0.0000
000475	K	0.000171	0.027428	0.242331	0.0001	0.0022	0.0830	0.0260	0.0592	0.0869	0.0000
000476	Y	0.000203	0.035345	0.238822	0.0001	0.0021	0.0820	0.0230	0.0598	0.0852	0.0000
000477	I	0.000203	0.049273	0.235444	0.0001	0.0023	0.0820	0.0210	0.0615	0.0835	0.0000
000478	F	0.000203	0.060767	0.231902	0.0002	0.0023	0.0860	0.0210	0.0636	0.0823	0.0001
000479	G	0.000192	0.075561	0.228487	0.0003	0.0021	0.0880	0.0220	0.0657	0.0813	0.0001
000480	F	0.000177	0.096062	0.225055	0.0003	0.0020	0.0930	0.0240	0.0695	0.0813	0.0001
000481	I	0.000163	0.107547	0.222211	0.0003	0.0020	0.0950	0.0240	0.0713	0.0812	0.0001
000482	G	0.000159	0.115084	0.219519	0.0003	0.0018	0.0890	0.0170	0.0710	0.0808	0.0001
000483	A	0.000158	0.123710	0.216841	0.0002	0.0017	0.0830	0.0130	0.0710	0.0806	0.0000
000484	S	0.000133	0.125817	0.213339	0.0001	0.0015	0.0780	0.0160	0.0698	0.0798	0.0000
000485	S	0.000118	0.114384	0.209025	0.0002	0.0016	0.0730	0.0190	0.0664	0.0771	0.0000
000486	A	0.000116	0.106110	0.203754	0.0002	0.0009	0.0680	0.0190	0.0632	0.0747	0.0000
000487	T	0.000129	0.092205	0.198259	0.0002	0.0009	0.0670	0.0180	0.0598	0.0717	0.0000
000488	M	0.000149	0.073683	0.192630	0.0002	0.0009	0.0650	0.0190	0.0554	0.0687	0.0000
000489	L	0.000151	0.056889	0.187231	0.0003	0.0017	0.0600	0.0200	0.0511	0.0662	0.0000
000490	I	0.000150	0.044252	0.181657	0.0002	0.0011	0.0560	0.0200	0.0472	0.0642	0.0000
000491	F	0.000136	0.031727	0.176969	0.0003	0.0014	0.0540	0.0200	0.0441	0.0627	0.0000
000492	I	0.000101	0.023251	0.173388	0.0003	0.0021	0.0520	0.0210	0.0418	0.0616	0.0000
000493	L	0.000093	0.018326	0.170956	0.0002	0.0022	0.0520	0.0240	0.0406	0.0610	0.0000
000494	P	0.000074	0.015695	0.169020	0.0002	0.0026	0.0530	0.0260	0.0401	0.0605	0.0000
000495	A	0.000072	0.016348	0.166888	0.0003	0.0028	0.0580	0.0310	0.0407	0.0599	0.0000
000496	V	0.000057	0.019583	0.164475	0.0003	0.0017	0.0650	0.0350	0.0419	0.0594	0.0000
000497	F	0.000041	0.027156	0.162245	0.0004	0.0022	0.0740	0.0370	0.0443	0.0588	0.0000
000498	Y	0.000213	0.042964	0.160887	0.0002	0.0020	0.0830	0.0440	0.0483	0.0587	0.0000
000499	L	0.000398	0.069516	0.160935	0.0003	0.0026	0.0950	0.0470	0.0548	0.0602	0.0000
000500	K	0.000637	0.112351	0.161467	0.0005	0.0038	0.1220	0.0470	0.0669	0.0669	0.0000
000501	L	0.000822	0.172765	0.162035	0.0009	0.0056	0.1850	0.0520	0.0879	0.0857	0.0001
000502	V	0.000974	0.246384	0.162436	0.0034	0.0064	0.2470	0.0540	0.1111	0.1111	0.0001
000503	K	0.001117	0.332936	0.163641	0.0079	0.0096	0.2790	0.0430	0.1324	0.1357	0.0003
000504	K	0.001259	0.404856	0.165721	0.0079	0.0133	0.3110	0.0490	0.1507	0.1593	0.0006
000505	E	0.002544	0.466360	0.168811	0.0067	0.0074	0.3500	0.0610	0.1669	0.1831	0.0011
000506	T	0.003981	0.498067	0.172422	0.0062	0.0059	0.3770	0.0810	0.1773	0.1965	0.0017
000507	F	0.004216	0.511095	0.176240	0.0049	0.0050	0.3970	0.1060	0.1830	0.2036	0.0022
000508	R	0.004644	0.496817	0.179828	0.0053	0.0055	0.3960	0.1080	0.1814	0.1995	0.0028
000509	S	0.004957	0.466683	0.183282	0.0049	0.0059	0.3600	0.1320	0.1709	0.1852	0.0029
000510	P	0.004873	0.409795	0.186853	0.0053	0.0064	0.2560	0.1240	0.1449	0.1542	0.0026
000511	Q	0.004853	0.341042	0.190250	0.0024	0.0062	0.1220	0.0460	0.1110	0.1247	0.0019
000512	K	0.004757	0.260745	0.192489	0.0029	0.0062	0.0740	0.0330	0.0901	0.1015	0.0013
000513	V	0.004655	0.190105	0.194550	0.0075	0.0054	0.0640	0.0360	0.0776	0.0836	0.0008
000514	G	0.003427	0.128215	0.196689	0.0034	0.0035	0.0600	0.0380	0.0659	0.0739	0.0005
000515	A	0.002032	0.079448	0.199888	0.0010	0.0028	0.0700	0.0490	0.0591	0.0709	0.0003
000516	L	0.001661	0.051665	0.203334	0.0005	0.0018	0.0950	0.0740	0.0590	0.0732	0.0002
000517	I	0.001075	0.035231	0.207872	0.0004	0.0017	0.1280	0.0990	0.0624	0.0791	0.0001
000518	F	0.000540	0.018131	0.212915	0.0005	0.0027	0.1460	0.0900	0.0634	0.0845	0.0001
000519	L	0.000462	0.011616	0.218925	0.0005	0.0022	0.1520	0.0740	0.0643	0.0879	0.0001
000520	V	0.000355	0.010585	0.224899	0.0005	0.0019	0.1500	0.0540	0.0647	0.0895	0.0001
000521	V	0.000328	0.010787	0.230844	0.0003	0.0012	0.1470	0.0580	0.0651	0.0910	0.0001
000522	G	0.000303	0.011828	0.235421	0.0003	0.0007	0.1460	0.0600	0.0657	0.0921	0.0001
000523	I	0.000247	0.014287	0.238533	0.0002	0.0004	0.1420	0.0570	0.0659	0.0923	0.0001
000524	F	0.000205	0.016574	0.240803	0.0002	0.0003	0.1440	0.0610	0.0670	0.0931	0.0001
000525	F	0.000164	0.018835	0.243020	0.0001	0.0003	0.1480	0.0660	0.0684	0.0942	0.0001
000526	M	0.000133	0.022034	0.245718	0.0001	0.0003	0.1570	0.0760	0.0709	0.0961	0.0002
000527	I	0.000112	0.027699	0.249320	0.0002	0.0003	0.1590	0.0800	0.0728	0.0970	0.0002
000528	G	0.000093	0.027674	0.253396	0.0002	0.0003	0.1480	0.0780	0.0716	0.0967	0.0002
000529	S	0.000074	0.026486	0.256758	0.0002	0.0005	0.1510	0.0770	0.0724	0.0982	0.0003
000530	M	0.002011	0.024824	0.257871	0.0002	0.0010	0.2560	0.1480	0.0902	0.1180	0.0003
000531	A	0.003656	0.023294	0.257113	0.0003	0.0016	0.6150	0.2660	0.1502	0.2273	0.0003
000532	L	0.006613	0.018626	0.256071	0.0006	0.0023	0.9160	0.0860	0.2000	0.3328	0.0003
000533	I	0.009773	0.021253	0.255370	0.0007	0.0023	0.9890	0.0100	0.2131	0.3586	0.0004
000534	I	0.015309	0.025792	0.255042	0.0010	0.0033	0.9970	0.0030	0.2162	0.3602	0.0005
000535	I	0.038262	0.031363	0.254553	0.0035	0.0048	0.9970	0.0030	0.2216	0.3575	0.0007
000536	D	0.089301	0.039467	0.254044	0.0082	0.0073	0.9890	0.0160	0.2312	0.3491	0.0010
000537	W	0.170086	0.059193	0.253819	0.0087	0.0091	0.9870	0.0200	0.2480	0.3422	0.0013
000538	I	0.220629	0.111672	0.253980	0.0157	0.0125	0.7430	0.1070	0.2262	0.2485	0.0017
000539	Y	0.311243	0.221819	0.254717	0.0218	0.0101	0.7480	0.2060	0.2612	0.2453	0.0024
000540	D	0.418351	0.379604	0.255770	0.0304	0.0087	0.8890	0.1040	0.3303	0.2947	0.0037
000541	P	0.525622	0.555340	0.257409	0.0587	0.0093	0.8800	0.1220	0.3810	0.3047	0.0056
000542	P	0.631077	0.722834	0.259994	0.1041	0.0094	0.9650	0.0350	0.4488	0.3470	0.0083
000543	N	0.735081	0.861789	0.263892	0.2292	0.0148	0.9580	0.0380	0.5104	0.3558	0.0105
000544	S	0.978938	0.941122	0.267795	0.3717	0.0275	0.9210	0.0480	0.5846	0.3768	0.0129
000545	K	0.992109	0.974253	0.271135	0.5229	0.0631	0.9010	0.0650	0.6208	0.3615	0.0153
000546	H	0.977582	0.983726	0.273262	0.6715	0.1554	0.9520	0.0310	0.6688	0.3402	0.0171
000547	H	0.985870	0.991790	0.274196	0.7034	0.1092	0.9640	0.0280	0.6714	0.3564	0.0185