RESNUM	RES	VL-XT	VSL2B	VL3	IUPred-S	IUPred-L	PONDRFIT	FITERROR	MDP	MDPERROR	ANCHOR2
000001	M	0.615637	0.789561	0.811437	0.9369	0.4652	0.9890	0.0100	0.7680	0.1801	0.8369
000002	N	0.733722	0.789778	0.813238	0.8886	0.5176	0.9900	0.0090	0.7888	0.1458	0.8276
000003	I	0.790665	0.792980	0.816534	0.8457	0.5382	0.9840	0.0130	0.7947	0.1322	0.8211
000004	L	0.580713	0.793258	0.819099	0.8158	0.5707	0.9820	0.0140	0.7603	0.1444	0.8099
000005	P	0.472844	0.793524	0.820936	0.7817	0.6183	0.9690	0.0210	0.7426	0.1579	0.7916
000006	K	0.455210	0.793687	0.822105	0.7418	0.5493	0.9740	0.0130	0.7226	0.1731	0.7761
000007	K	0.447543	0.796748	0.822969	0.7111	0.5493	0.9760	0.0170	0.7172	0.1757	0.7506
000008	S	0.423145	0.794737	0.822926	0.6293	0.5533	0.9840	0.0090	0.7013	0.1862	0.7316
000009	W	0.419057	0.788337	0.822330	0.5762	0.5055	0.9710	0.0240	0.6804	0.1941	0.7090
000010	H	0.437172	0.780962	0.821403	0.5253	0.5098	0.9280	0.0750	0.6671	0.1838	0.6841
000011	V	0.518068	0.785036	0.820273	0.4333	0.5176	0.9850	0.0080	0.6765	0.1987	0.6459
000012	R	0.601775	0.797177	0.817881	0.4379	0.5342	0.9810	0.0150	0.6949	0.1861	0.6013
000013	N	0.685403	0.811561	0.813559	0.4149	0.5139	0.9730	0.0170	0.7020	0.1896	0.5713
000014	K	0.753116	0.822711	0.808307	0.4749	0.5665	0.9540	0.0270	0.7299	0.1618	0.5361
000015	D	0.812813	0.826736	0.803025	0.5084	0.6427	0.9320	0.0330	0.7542	0.1387	0.5123
000016	N	0.828492	0.833786	0.799064	0.4749	0.5854	0.9150	0.0450	0.7394	0.1553	0.5017
000017	V	0.857405	0.837529	0.795107	0.4781	0.5807	0.9220	0.0460	0.7451	0.1597	0.4976
000018	A	0.907441	0.845808	0.791492	0.4600	0.5854	0.9190	0.0550	0.7515	0.1709	0.4825
000019	R	0.950244	0.838811	0.787392	0.4379	0.5807	0.9220	0.0510	0.7529	0.1849	0.4516
000020	V	0.948595	0.837958	0.784864	0.5043	0.6991	0.9090	0.0600	0.7807	0.1478	0.4225
000021	R	0.934927	0.861235	0.783904	0.4556	0.6620	0.8760	0.0870	0.7623	0.1619	0.3853
000022	R	0.926125	0.879997	0.784561	0.4825	0.7250	0.8710	0.0820	0.7783	0.1479	0.3605
000023	D	0.923622	0.898284	0.784780	0.5043	0.7289	0.8700	0.0720	0.7849	0.1421	0.3401
000024	E	0.921584	0.909724	0.783904	0.4825	0.7163	0.8460	0.0680	0.7767	0.1493	0.3195
000025	A	0.940188	0.921967	0.781847	0.4749	0.7080	0.8450	0.0580	0.7786	0.1572	0.3067
000026	Q	0.948913	0.931207	0.779018	0.4651	0.6906	0.8600	0.0510	0.7792	0.1658	0.2848
000027	A	0.939907	0.939968	0.774949	0.4458	0.6043	0.8540	0.0620	0.7598	0.1811	0.2617
000028	R	0.933089	0.946056	0.769656	0.4918	0.5992	0.8660	0.0560	0.7676	0.1700	0.2351
000029	E	0.918563	0.950696	0.763620	0.4556	0.5493	0.8660	0.0570	0.7506	0.1867	0.2233
000030	E	0.915880	0.953414	0.758056	0.4203	0.5456	0.8370	0.0650	0.7384	0.1942	0.2268
000031	E	0.908406	0.954847	0.752107	0.4245	0.6227	0.8370	0.0640	0.7499	0.1811	0.2391
000032	K	0.896735	0.955780	0.745497	0.4282	0.6531	0.8220	0.0740	0.7501	0.1742	0.2609
000033	E	0.885013	0.954971	0.738215	0.4513	0.6661	0.8370	0.0700	0.7554	0.1653	0.2821
000034	R	0.872664	0.956646	0.731399	0.4600	0.6427	0.8550	0.0730	0.7530	0.1656	0.3067
000035	E	0.865676	0.957660	0.726025	0.4749	0.6322	0.8530	0.0800	0.7515	0.1618	0.3411
000036	R	0.856671	0.957076	0.722415	0.4749	0.6661	0.8460	0.0700	0.7539	0.1565	0.3758
000037	R	0.840866	0.956946	0.720122	0.4513	0.6620	0.8350	0.0770	0.7444	0.1613	0.4254
000038	V	0.853066	0.953078	0.718942	0.4703	0.5901	0.8260	0.0890	0.7353	0.1639	0.4772
000039	L	0.865462	0.945417	0.718588	0.4825	0.5382	0.8440	0.0760	0.7324	0.1713	0.5400
000040	L	0.879771	0.955152	0.719001	0.4513	0.5296	0.8280	0.0790	0.7272	0.1829	0.5887
000041	A	0.891991	0.954595	0.718634	0.4282	0.5211	0.7880	0.0870	0.7172	0.1888	0.6064
000042	Q	0.905617	0.950710	0.716906	0.4379	0.5176	0.8040	0.0660	0.7221	0.1894	0.6026
000043	Q	0.908159	0.942177	0.714449	0.4203	0.5098	0.8160	0.0580	0.7185	0.1950	0.5932
000044	E	0.874671	0.934401	0.713523	0.4245	0.4979	0.8410	0.0520	0.7143	0.1919	0.5936
000045	A	0.852726	0.929671	0.714497	0.4116	0.5254	0.8560	0.0550	0.7149	0.1884	0.5940
000046	R	0.842408	0.924021	0.716815	0.4149	0.5342	0.8440	0.0560	0.7128	0.1823	0.5873
000047	T	0.819326	0.919717	0.718464	0.4333	0.5577	0.8480	0.0640	0.7161	0.1706	0.5839
000048	E	0.807231	0.914537	0.719485	0.4556	0.5758	0.8450	0.0620	0.7195	0.1590	0.5737
000049	F	0.791494	0.906859	0.719600	0.5084	0.5707	0.8720	0.0550	0.7282	0.1471	0.5726
000050	L	0.777783	0.903084	0.720001	0.5549	0.6806	0.8490	0.0740	0.7476	0.1139	0.5605
000051	R	0.760438	0.901556	0.719877	0.5296	0.7547	0.8350	0.0900	0.7502	0.1153	0.5415
000052	K	0.755092	0.894466	0.719862	0.5711	0.7036	0.8470	0.0770	0.7485	0.1044	0.5379
000053	K	0.786353	0.887988	0.719227	0.5711	0.6948	0.8550	0.0740	0.7524	0.1059	0.5561
000054	A	0.807736	0.881630	0.718295	0.4967	0.6661	0.8560	0.0880	0.7377	0.1311	0.5715
000055	R	0.825405	0.872499	0.717969	0.5126	0.6531	0.8390	0.1100	0.7367	0.1254	0.5799
000056	H	0.834601	0.866100	0.718226	0.5043	0.6661	0.8220	0.1300	0.7352	0.1244	0.5985
000057	Q	0.835443	0.859126	0.719722	0.4967	0.6620	0.8250	0.1250	0.7330	0.1265	0.6033
000058	N	0.832630	0.851282	0.721544	0.4967	0.6576	0.8460	0.1010	0.7344	0.1281	0.6152
000059	S	0.833332	0.841826	0.724927	0.4749	0.6375	0.8500	0.0830	0.7270	0.1361	0.6318
000060	L	0.839060	0.830094	0.728170	0.5296	0.7628	0.8270	0.1030	0.7528	0.1076	0.6478
000061	P	0.847015	0.818145	0.731598	0.5473	0.8235	0.7670	0.1540	0.7558	0.1008	0.6588
000062	E	0.857970	0.807160	0.735304	0.5900	0.8343	0.7790	0.1540	0.7673	0.0884	0.6722
000063	L	0.869520	0.798439	0.741169	0.5992	0.8462	0.7980	0.1460	0.7755	0.0886	0.6916
000064	E	0.882697	0.792650	0.748025	0.6079	0.8765	0.7440	0.1850	0.7752	0.0930	0.6908
000065	A	0.888105	0.788257	0.754786	0.6255	0.8462	0.7410	0.1830	0.7740	0.0836	0.6979
000066	A	0.885830	0.782529	0.760035	0.6604	0.8623	0.7260	0.1850	0.7795	0.0770	0.7008
000067	E	0.894346	0.779738	0.763663	0.6035	0.7951	0.6980	0.1870	0.7557	0.0893	0.6872
000068	A	0.894243	0.776989	0.766357	0.6035	0.7036	0.7180	0.1870	0.7438	0.0878	0.6966
000069	G	0.884853	0.778323	0.768412	0.5514	0.6806	0.7430	0.1910	0.7344	0.1018	0.7037
000070	A	0.879775	0.776485	0.770716	0.5008	0.6755	0.7210	0.2020	0.7207	0.1164	0.7064
000071	P	0.872810	0.775554	0.772874	0.5623	0.6851	0.6790	0.1990	0.7247	0.0973	0.6989
000072	G	0.865580	0.777322	0.776276	0.5374	0.5758	0.6930	0.1920	0.7042	0.1162	0.7043
000073	S	0.859305	0.779451	0.781523	0.4825	0.5758	0.6900	0.1760	0.6948	0.1297	0.7195
000074	G	0.853112	0.781883	0.788700	0.5084	0.6482	0.6720	0.1870	0.7087	0.1138	0.7254
000075	P	0.851048	0.783358	0.796144	0.5043	0.6531	0.6200	0.2160	0.7013	0.1197	0.7379
000076	V	0.841616	0.786900	0.802476	0.5253	0.6620	0.6190	0.2230	0.7063	0.1128	0.7411
000077	D	0.831565	0.782302	0.807534	0.5514	0.6851	0.6080	0.2090	0.7109	0.1047	0.7454
000078	L	0.825710	0.791996	0.812179	0.5296	0.6269	0.6250	0.1990	0.7019	0.1132	0.7558
000079	F	0.812533	0.793853	0.816342	0.5583	0.5665	0.5790	0.1850	0.6877	0.1202	0.7506
000080	R	0.804731	0.801437	0.819476	0.5043	0.5533	0.5250	0.1600	0.6680	0.1414	0.7344
000081	E	0.799111	0.802290	0.821163	0.4651	0.5758	0.4640	0.1200	0.6546	0.1575	0.7185
000082	L	0.767032	0.802412	0.822257	0.4245	0.5533	0.4990	0.1240	0.6447	0.1578	0.7115
000083	L	0.713780	0.795602	0.823049	0.4245	0.5456	0.4820	0.1060	0.6308	0.1543	0.6870
000084	E	0.654801	0.792141	0.824953	0.4245	0.5419	0.4440	0.0980	0.6137	0.1570	0.6387
000085	E	0.592442	0.798618	0.827702	0.4116	0.4685	0.4660	0.0960	0.5942	0.1642	0.5951
000086	G	0.533795	0.791446	0.830381	0.3847	0.4369	0.5240	0.1020	0.5835	0.1689	0.5641
000087	K	0.477492	0.794834	0.832522	0.3717	0.4864	0.5740	0.1560	0.5896	0.1693	0.5326
000088	G	0.445684	0.794679	0.834519	0.3491	0.4766	0.5710	0.1450	0.5786	0.1793	0.5092
000089	V	0.389033	0.805747	0.837597	0.4037	0.5254	0.5340	0.1170	0.5825	0.1779	0.4835
000090	I	0.349945	0.812467	0.840537	0.4556	0.6043	0.5220	0.1350	0.5976	0.1791	0.4537
000091	R	0.338447	0.827404	0.843614	0.4458	0.6227	0.5040	0.1280	0.5969	0.1884	0.4221
000092	G	0.410162	0.842864	0.845839	0.4203	0.6227	0.5830	0.1220	0.6207	0.1761	0.3948
000093	N	0.488522	0.860617	0.847267	0.4651	0.6851	0.6350	0.1270	0.6636	0.1549	0.3664
000094	K	0.561186	0.873743	0.846225	0.5126	0.7459	0.6460	0.1400	0.6975	0.1360	0.3484
000095	E	0.643225	0.879998	0.843634	0.5008	0.7369	0.6980	0.1190	0.7171	0.1262	0.3465
000096	Y	0.725409	0.885927	0.839995	0.5043	0.7505	0.7710	0.0940	0.7462	0.1210	0.3416
000097	K	0.783863	0.889304	0.836150	0.4967	0.7459	0.7310	0.0900	0.7471	0.1241	0.3207
000098	E	0.804957	0.891661	0.832843	0.5126	0.7459	0.7270	0.0860	0.7525	0.1203	0.3042
000099	E	0.803386	0.893980	0.830162	0.5084	0.7289	0.7060	0.0810	0.7451	0.1229	0.2825
000100	K	0.799913	0.897995	0.828047	0.5514	0.7289	0.6930	0.0690	0.7498	0.1108	0.2669
000101	R	0.717781	0.898417	0.825760	0.5900	0.8013	0.7070	0.0850	0.7567	0.0988	0.2721
000102	Q	0.618603	0.898322	0.823234	0.5514	0.7459	0.7140	0.0940	0.7253	0.1167	0.2908
000103	E	0.566270	0.898604	0.820576	0.5549	0.6851	0.6690	0.1290	0.6991	0.1252	0.3168
000104	K	0.522838	0.891704	0.817702	0.4967	0.6806	0.6480	0.1490	0.6762	0.1432	0.3594
000105	E	0.492346	0.882371	0.814995	0.4651	0.6089	0.6480	0.1540	0.6519	0.1538	0.4134
000106	R	0.472121	0.872725	0.812959	0.4651	0.5493	0.6740	0.1510	0.6411	0.1593	0.4772
000107	Q	0.507821	0.863213	0.811565	0.4703	0.6427	0.6600	0.1620	0.6593	0.1436	0.5618
000108	E	0.523630	0.849158	0.810643	0.4420	0.6620	0.6580	0.1560	0.6576	0.1441	0.6552
000109	K	0.542953	0.839163	0.810013	0.4458	0.6661	0.6610	0.1680	0.6609	0.1380	0.7383
000110	A	0.579059	0.848122	0.810045	0.4556	0.6576	0.6660	0.1770	0.6693	0.1328	0.8162
000111	L	0.651148	0.843160	0.810946	0.4781	0.6482	0.6790	0.1720	0.6850	0.1199	0.8745
000112	G	0.675080	0.839334	0.812702	0.4781	0.6576	0.6940	0.1470	0.6928	0.1180	0.9076
000113	I	0.651061	0.844486	0.814306	0.4651	0.6322	0.7080	0.1310	0.6858	0.1258	0.9300
000114	L	0.631798	0.859651	0.814448	0.4703	0.6427	0.6800	0.1280	0.6832	0.1278	0.9445
000115	T	0.633536	0.849714	0.812765	0.4651	0.6620	0.6890	0.1350	0.6854	0.1258	0.9499
000116	Y	0.616397	0.852086	0.810719	0.4781	0.6755	0.7400	0.1400	0.6954	0.1249	0.9539
000117	L	0.570796	0.848513	0.809407	0.4918	0.7250	0.7240	0.1510	0.6950	0.1259	0.9536
000118	G	0.552476	0.854654	0.808990	0.5043	0.7505	0.7360	0.1300	0.7011	0.1289	0.9455
000119	Q	0.506043	0.862483	0.808900	0.5296	0.6427	0.7910	0.1160	0.6901	0.1390	0.9349
000120	S	0.497181	0.869036	0.809148	0.5623	0.5665	0.8170	0.0950	0.6869	0.1479	0.9261
000121	A	0.531058	0.876887	0.809883	0.5173	0.5901	0.8290	0.0780	0.6923	0.1492	0.9159
000122	A	0.595797	0.879575	0.811338	0.5084	0.5807	0.8280	0.0730	0.7007	0.1431	0.8998
000123	E	0.645332	0.883452	0.813731	0.5296	0.6183	0.8220	0.0820	0.7187	0.1278	0.8899
000124	A	0.664901	0.886554	0.816927	0.5296	0.7289	0.8440	0.0830	0.7451	0.1211	0.8849
000125	Q	0.704250	0.887832	0.820908	0.5992	0.7881	0.8640	0.0770	0.7774	0.0990	0.8773
000126	T	0.794909	0.892594	0.825557	0.6255	0.7672	0.8880	0.0670	0.7990	0.0899	0.8802
000127	Q	0.856779	0.897738	0.830864	0.6827	0.8375	0.8970	0.0580	0.8338	0.0725	0.8827
000128	P	0.949397	0.900717	0.836573	0.7192	0.8828	0.8990	0.0580	0.8646	0.0729	0.8924
000129	P	0.985522	0.905236	0.841808	0.7192	0.9013	0.8980	0.0610	0.8752	0.0814	0.9089
000130	W	0.990708	0.904619	0.846372	0.7147	0.9151	0.9190	0.0510	0.8818	0.0857	0.9238
000131	Y	0.994690	0.908637	0.850563	0.7342	0.9329	0.9090	0.0600	0.8883	0.0810	0.9286
000132	Q	0.996247	0.915190	0.854959	0.7724	0.9396	0.8970	0.0670	0.8960	0.0699	0.9256
000133	L	0.996859	0.915246	0.859712	0.8118	0.9577	0.9020	0.0600	0.9072	0.0606	0.9261
000134	P	0.997533	0.917243	0.864431	0.8118	0.9547	0.8740	0.0750	0.9033	0.0612	0.9156
000135	P	0.997728	0.922462	0.869470	0.8457	0.9693	0.8570	0.0860	0.9103	0.0577	0.9050
000136	G	0.997268	0.929677	0.874900	0.8158	0.9693	0.8610	0.0910	0.9080	0.0633	0.8964
000137	R	0.997044	0.935644	0.880242	0.8311	0.9677	0.8460	0.1010	0.9097	0.0615	0.8863
000138	G	0.996984	0.939514	0.885305	0.8283	0.9634	0.8380	0.1060	0.9086	0.0629	0.8727
000139	G	0.997450	0.944110	0.890061	0.8074	0.9230	0.8370	0.1080	0.8998	0.0641	0.8522
000140	P	0.997916	0.947307	0.895127	0.7869	0.8991	0.8310	0.1100	0.8930	0.0696	0.8369
000141	P	0.996688	0.949721	0.900482	0.8242	0.9503	0.8280	0.1120	0.9082	0.0644	0.8161
000142	P	0.995122	0.951440	0.906212	0.8781	0.9693	0.8230	0.1120	0.9205	0.0585	0.8038
000143	G	0.992461	0.953443	0.912036	0.8650	0.9488	0.8330	0.1070	0.9175	0.0545	0.7988
000144	P	0.989887	0.956768	0.918262	0.9103	0.9711	0.8390	0.1070	0.9309	0.0497	0.8123
000145	A	0.982790	0.959995	0.925505	0.8677	0.9711	0.8490	0.1060	0.9261	0.0512	0.8422
000146	P	0.975202	0.965372	0.933657	0.8556	0.9415	0.8390	0.1070	0.9185	0.0523	0.8563
000147	D	0.966510	0.970794	0.941706	0.8713	0.9346	0.8420	0.1100	0.9211	0.0481	0.8841
000148	E	0.964735	0.974240	0.948937	0.8488	0.9396	0.8400	0.1160	0.9194	0.0542	0.9057
000149	K	0.962636	0.977408	0.955441	0.8556	0.9346	0.8480	0.1170	0.9222	0.0515	0.9250
000150	I	0.961792	0.979659	0.961514	0.8457	0.9362	0.8620	0.1110	0.9245	0.0517	0.9501
000151	K	0.960726	0.981267	0.966989	0.8242	0.9151	0.8600	0.1110	0.9181	0.0583	0.9624
000152	S	0.963303	0.982443	0.971893	0.8283	0.9057	0.8650	0.1080	0.9194	0.0579	0.9725
000153	R	0.965951	0.983560	0.976442	0.8036	0.8462	0.8820	0.0950	0.9097	0.0697	0.9810
000154	L	0.973699	0.983726	0.980641	0.8158	0.8493	0.8930	0.0840	0.9160	0.0672	0.9890
000155	D	0.981485	0.984612	0.984585	0.7772	0.8085	0.9000	0.0810	0.9061	0.0858	0.9917
000156	P	0.990177	0.985411	0.988236	0.8036	0.8162	0.9060	0.0790	0.9149	0.0798	0.9934
000157	L	0.992035	0.986700	0.991552	0.7817	0.7755	0.9210	0.0690	0.9080	0.0948	0.9951
000158	R	0.993921	0.987345	0.994449	0.7724	0.7755	0.9240	0.0690	0.9080	0.0978	0.9949
000159	E	0.996269	0.987942	0.997434	0.7724	0.7951	0.9290	0.0670	0.9130	0.0945	0.9948
000160	M	0.995834	0.989032	1.000569	0.7869	0.8085	0.9330	0.0660	0.9189	0.0888	0.9952
000161	Q	0.993177	0.990381	1.003738	0.8350	0.8681	0.9290	0.0710	0.9365	0.0654	0.9942
000162	K	0.988530	0.991370	1.006337	0.8424	0.8792	0.9260	0.0800	0.9389	0.0617	0.9935
000163	H	0.988288	0.991905	1.008368	0.8457	0.8765	0.9200	0.0910	0.9384	0.0619	0.9928
000164	L	0.988193	0.992404	1.010128	0.8350	0.8872	0.9190	0.0950	0.9386	0.0636	0.9904
000165	G	0.988121	0.992993	1.011845	0.8521	0.9211	0.9150	0.1020	0.9469	0.0558	0.9830
000166	K	0.988168	0.993973	1.013202	0.8556	0.9081	0.9140	0.1030	0.9456	0.0566	0.9730
000167	K	0.988540	0.994430	1.013896	0.8391	0.8894	0.9160	0.1020	0.9403	0.0633	0.9583
000168	R	0.988679	0.994633	1.013896	0.8626	0.9151	0.9180	0.1000	0.9488	0.0539	0.9388
000169	Q	0.991812	0.994851	1.013817	0.8556	0.9168	0.9200	0.0980	0.9488	0.0559	0.9237
000170	H	0.994556	0.995048	1.013757	0.8595	0.9168	0.9180	0.0990	0.9496	0.0554	0.9020
000171	G	0.999220	0.995267	1.013519	0.8650	0.9168	0.9140	0.0990	0.9506	0.0550	0.8490
000172	G	0.999388	0.995605	1.012806	0.8311	0.9106	0.9110	0.0970	0.9434	0.0651	0.7908
000173	D	0.999514	0.995900	1.011699	0.8424	0.9168	0.9050	0.0950	0.9453	0.0618	0.7001
000174	E	0.997113	0.996152	1.010268	0.8118	0.9081	0.8920	0.1030	0.9358	0.0719	0.5901
000175	G	0.994543	0.996365	1.008445	0.8391	0.9329	0.8850	0.1080	0.9427	0.0633	0.5209
000176	S	0.991950	0.996601	1.006092	0.8350	0.9287	0.8860	0.1070	0.9408	0.0636	0.4645
000177	R	0.991870	0.996861	1.003086	0.8200	0.9362	0.8890	0.1050	0.9396	0.0669	0.4045
000178	S	0.991409	0.997127	0.999807	0.8242	0.9362	0.8840	0.1090	0.9388	0.0659	0.3534
000179	R	0.990951	0.997408	0.996389	0.8424	0.9547	0.8790	0.1130	0.9435	0.0612	0.2907
000180	K	0.990334	0.997699	0.992682	0.8200	0.9488	0.8710	0.1180	0.9368	0.0680	0.2448
000181	E	0.990302	0.997978	0.988578	0.8283	0.9396	0.8590	0.1240	0.9340	0.0671	0.2083
000182	K	0.990271	0.998077	0.983860	0.8200	0.9519	0.8510	0.1250	0.9326	0.0706	0.1913
000183	E	0.992795	0.998123	0.978797	0.8001	0.9621	0.8490	0.1210	0.9301	0.0769	0.1825
000184	G	0.993577	0.998127	0.973234	0.8350	0.9593	0.8470	0.1160	0.9344	0.0673	0.1984
000185	S	0.994216	0.998144	0.967270	0.8713	0.9415	0.8400	0.1180	0.9354	0.0601	0.2158
000186	E	0.992338	0.998050	0.961338	0.8677	0.9433	0.8290	0.1210	0.9320	0.0629	0.2419
000187	K	0.983645	0.997820	0.955768	0.8350	0.9488	0.8300	0.1260	0.9251	0.0676	0.2967
000188	Q	0.974949	0.997528	0.951185	0.8350	0.9308	0.8310	0.1310	0.9201	0.0649	0.3622
000189	R	0.965000	0.997231	0.947041	0.8424	0.9249	0.8280	0.1380	0.9174	0.0622	0.4662
000190	P	0.957302	0.996976	0.942927	0.8118	0.9269	0.8180	0.1500	0.9090	0.0699	0.5809
000191	K	0.955481	0.996550	0.938503	0.8001	0.9287	0.8150	0.1630	0.9057	0.0728	0.6898
000192	E	0.955362	0.996136	0.933531	0.7951	0.9269	0.8070	0.1700	0.9023	0.0751	0.7701
000193	P	0.956985	0.995750	0.928564	0.7724	0.9039	0.8000	0.1730	0.8930	0.0808	0.8392
000194	P	0.947150	0.995352	0.923216	0.7817	0.9013	0.8000	0.1730	0.8914	0.0769	0.8977
000195	S	0.937101	0.994866	0.917920	0.7342	0.8920	0.8000	0.1790	0.8793	0.0873	0.9267
000196	L	0.931027	0.994210	0.911870	0.7192	0.8894	0.8060	0.1730	0.8754	0.0893	0.9444
000197	D	0.927203	0.993795	0.905341	0.7232	0.8872	0.7970	0.1750	0.8723	0.0885	0.9440
000198	Q	0.900094	0.993462	0.898000	0.7192	0.8853	0.7960	0.1680	0.8653	0.0869	0.9451
000199	L	0.859558	0.992773	0.889947	0.6870	0.8765	0.8010	0.1640	0.8511	0.0929	0.9505
000200	R	0.811499	0.992375	0.880785	0.6789	0.8792	0.7940	0.1670	0.8395	0.0960	0.9391
000201	A	0.754500	0.992163	0.871118	0.6474	0.8565	0.8010	0.1560	0.8205	0.1065	0.9260
000202	E	0.695606	0.991798	0.861464	0.6374	0.8530	0.8060	0.1580	0.8075	0.1158	0.9007
000203	R	0.648305	0.991415	0.852372	0.6516	0.8493	0.8160	0.1520	0.8015	0.1205	0.8764
000204	L	0.602608	0.991013	0.843932	0.6035	0.8162	0.8250	0.1490	0.7804	0.1382	0.8562
000205	R	0.559688	0.990853	0.836070	0.5583	0.7799	0.8300	0.1460	0.7591	0.1556	0.7874
000206	R	0.543086	0.990657	0.828992	0.5549	0.7331	0.8190	0.1420	0.7450	0.1581	0.7322
000207	E	0.523842	0.990520	0.822829	0.5802	0.7369	0.8180	0.1330	0.7454	0.1570	0.7157
000208	A	0.515726	0.990067	0.817174	0.5374	0.7209	0.8240	0.1120	0.7343	0.1669	0.7725
000209	A	0.512842	0.989332	0.811636	0.4781	0.6991	0.8300	0.0980	0.7202	0.1803	0.8092
000210	E	0.517166	0.988794	0.805557	0.5043	0.7036	0.8230	0.0860	0.7238	0.1723	0.8126
000211	R	0.524767	0.988241	0.799169	0.4918	0.7331	0.8580	0.0810	0.7326	0.1764	0.8558
000212	S	0.518150	0.986976	0.792286	0.4556	0.7505	0.8760	0.0740	0.7299	0.1879	0.8934
000213	R	0.528977	0.985077	0.785656	0.4781	0.7415	0.8980	0.0630	0.7362	0.1826	0.9262
000214	A	0.540262	0.983314	0.779498	0.4918	0.7459	0.9080	0.0650	0.7414	0.1782	0.9490
000215	E	0.524123	0.982537	0.774019	0.5173	0.7547	0.9130	0.0620	0.7443	0.1762	0.9616
000216	A	0.536001	0.981082	0.768659	0.5173	0.7799	0.9230	0.0580	0.7510	0.1753	0.9800
000217	L	0.532991	0.977272	0.763121	0.4781	0.7843	0.9240	0.0560	0.7433	0.1844	0.9876
000218	L	0.561580	0.975319	0.757291	0.4967	0.7916	0.9310	0.0500	0.7523	0.1756	0.9893
000219	A	0.594344	0.974520	0.751208	0.5043	0.8125	0.9300	0.0560	0.7611	0.1686	0.9876
000220	R	0.627294	0.973300	0.745803	0.5253	0.8565	0.9330	0.0530	0.7769	0.1612	0.9846
000221	V	0.676677	0.970149	0.741219	0.5331	0.8493	0.9360	0.0500	0.7845	0.1519	0.9837
000222	Q	0.704975	0.970880	0.737298	0.5802	0.8493	0.9420	0.0430	0.7974	0.1372	0.9787
000223	G	0.734068	0.971584	0.733701	0.5667	0.8530	0.9470	0.0390	0.8010	0.1396	0.9702
000224	R	0.766847	0.972470	0.730309	0.5762	0.8565	0.9470	0.0350	0.8083	0.1356	0.9580
000225	A	0.794364	0.973320	0.727811	0.5992	0.8655	0.9500	0.0270	0.8183	0.1293	0.9399
000226	L	0.823225	0.974536	0.725625	0.5846	0.8741	0.9570	0.0220	0.8231	0.1353	0.9090
000227	Q	0.816900	0.975924	0.724219	0.6035	0.8828	0.9540	0.0230	0.8262	0.1304	0.8256
000228	E	0.787262	0.976194	0.722976	0.6516	0.9039	0.9500	0.0270	0.8319	0.1199	0.7069
000229	G	0.747887	0.976177	0.722424	0.7034	0.9211	0.9440	0.0310	0.8359	0.1132	0.5997
000230	Q	0.704848	0.976333	0.722705	0.7079	0.9190	0.9390	0.0340	0.8284	0.1179	0.4954
000231	P	0.690569	0.976245	0.724263	0.7232	0.9168	0.9400	0.0280	0.8284	0.1176	0.4018
000232	E	0.676122	0.976580	0.726669	0.7573	0.9081	0.9330	0.0280	0.8297	0.1139	0.2888
000233	E	0.631815	0.976734	0.729412	0.7418	0.9081	0.9290	0.0210	0.8195	0.1251	0.2420
000234	D	0.590949	0.976730	0.731476	0.6984	0.9039	0.9170	0.0310	0.8030	0.1380	0.2141
000235	E	0.543498	0.976962	0.732727	0.7275	0.9168	0.9090	0.0400	0.8011	0.1486	0.1945
000236	T	0.495717	0.976722	0.732675	0.7418	0.8765	0.9180	0.0330	0.7903	0.1587	0.1848
000237	D	0.463497	0.976167	0.732035	0.8036	0.9126	0.9180	0.0360	0.8010	0.1710	0.2074
000238	D	0.436170	0.975038	0.731097	0.7540	0.9230	0.9240	0.0350	0.7906	0.1825	0.2539
000239	R	0.415098	0.974390	0.731202	0.7644	0.9308	0.9170	0.0490	0.7888	0.1891	0.3134
000240	R	0.436215	0.974117	0.732660	0.7951	0.9013	0.9020	0.0730	0.7903	0.1767	0.3830
000241	R	0.453996	0.973031	0.735897	0.8074	0.8920	0.8910	0.0980	0.7923	0.1685	0.5133
000242	R	0.511092	0.971112	0.740715	0.7501	0.8596	0.8850	0.1120	0.7863	0.1463	0.6770
000243	Y	0.569333	0.970935	0.747149	0.7573	0.8565	0.8930	0.1140	0.7990	0.1283	0.8186
000244	N	0.647220	0.970061	0.754100	0.7605	0.8872	0.9020	0.1050	0.8202	0.1092	0.8783
000245	S	0.725437	0.971533	0.760460	0.7501	0.8765	0.9290	0.0710	0.8355	0.0948	0.9204
000246	Q	0.804673	0.970450	0.765291	0.7912	0.8894	0.9550	0.0380	0.8627	0.0805	0.9453
000247	F	0.873295	0.971743	0.768692	0.7724	0.8920	0.9650	0.0380	0.8738	0.0812	0.9610
000248	N	0.917076	0.974508	0.771585	0.7912	0.8894	0.9640	0.0410	0.8846	0.0784	0.9628
000249	P	0.887383	0.977412	0.774469	0.8074	0.9057	0.9590	0.0470	0.8852	0.0738	0.9648
000250	Q	0.856941	0.979118	0.777458	0.8074	0.9249	0.9600	0.0450	0.8843	0.0757	0.9657
000251	L	0.856836	0.978476	0.779550	0.8457	0.9057	0.9650	0.0380	0.8885	0.0695	0.9677
000252	A	0.855710	0.982039	0.780897	0.8556	0.9151	0.9640	0.0360	0.8923	0.0693	0.9649
000253	R	0.854595	0.982292	0.781888	0.8283	0.9329	0.9550	0.0490	0.8892	0.0723	0.9537
000254	R	0.851358	0.983165	0.783183	0.8650	0.9534	0.9510	0.0550	0.8978	0.0702	0.9438
000255	P	0.831641	0.982913	0.784348	0.8650	0.9488	0.9900	0.0150	0.9005	0.0782	0.9445
000256	R	0.830257	0.983575	0.785048	0.8886	0.9473	0.9950	0.0060	0.9049	0.0777	0.9424
000257	Q	0.827689	0.984275	0.785290	0.9009	0.9415	0.9510	0.0820	0.8984	0.0704	0.9481
000258	Q	0.846239	0.984225	0.785562	0.9466	0.9711	0.9320	0.1160	0.9109	0.0714	0.9557
000259	D	0.881646	0.984497	0.786366	0.9587	0.9684	0.9970	0.0040	0.9294	0.0738	0.9704
000260	P	0.878952	0.984812	0.787612	0.9604	0.9534	0.9920	0.0120	0.9262	0.0720	0.9747
000261	H	0.646899	0.985132	0.789115	0.9640	0.9473	0.9910	0.0140	0.8872	0.1273	0.9792
000262	L	0.794019	0.985180	0.790539	0.9831	0.9711	0.9850	0.0190	0.9181	0.0891	0.9819
000263	T	0.914578	0.984965	0.791687	0.9904	0.9733	0.9610	0.0470	0.9360	0.0691	0.9845
000264	H	0.973308	0.984834	0.792198	0.9971	0.9787	0.9350	0.0760	0.9435	0.0703	0.9892