RESNUM	RES	VL-XT	VSL2B	VL3	IUPred-S	IUPred-L	PONDRFIT	FITERROR	MDP	MDPERROR	ANCHOR2
000001	M	0.999407	0.967920	0.920896	0.9775	0.7120	0.9820	0.0160	0.9267	0.0990	0.4191
000002	E	0.999502	0.966575	0.918827	0.9587	0.7163	0.9930	0.0060	0.9255	0.0972	0.4235
000003	A	0.998731	0.964773	0.914457	0.9423	0.7799	0.9750	0.0320	0.9292	0.0718	0.4281
000004	P	0.999015	0.962410	0.909611	0.9235	0.8125	0.9600	0.0430	0.9278	0.0591	0.4333
000005	E	0.989208	0.958732	0.904208	0.9141	0.7505	0.9750	0.0140	0.9153	0.0798	0.4283
000006	E	0.987154	0.954235	0.898558	0.8920	0.7718	0.9660	0.0190	0.9117	0.0714	0.4214
000007	P	0.978137	0.950487	0.893023	0.8391	0.6227	0.9580	0.0180	0.8735	0.1214	0.4095
000008	A	0.967440	0.944600	0.888492	0.8158	0.6620	0.9500	0.0260	0.8713	0.1064	0.3946
000009	P	0.946368	0.938676	0.884466	0.7079	0.5533	0.9460	0.0280	0.8294	0.1490	0.3798
000010	V	0.930363	0.928765	0.879749	0.6789	0.5665	0.9360	0.0600	0.8201	0.1445	0.3593
000011	R	0.913073	0.916068	0.872983	0.5711	0.5758	0.9370	0.0730	0.7977	0.1597	0.3397
000012	G	0.891620	0.903975	0.863405	0.5762	0.6183	0.9190	0.0800	0.7955	0.1417	0.3236
000013	G	0.837127	0.889696	0.852230	0.5667	0.5951	0.8970	0.0940	0.7730	0.1377	0.3125
000014	P	0.768063	0.881875	0.839420	0.5900	0.5419	0.8720	0.1080	0.7488	0.1351	0.2994
000015	E	0.702626	0.867004	0.826525	0.5583	0.4051	0.8720	0.1220	0.7053	0.1734	0.2840
000016	A	0.638214	0.845380	0.810250	0.4879	0.3840	0.8570	0.1350	0.6704	0.1832	0.2673
000017	T	0.559701	0.817485	0.790567	0.3992	0.2680	0.8210	0.1450	0.6093	0.2176	0.2527
000018	L	0.491531	0.781110	0.766897	0.3668	0.2292	0.8100	0.1430	0.5743	0.2253	0.2316
000019	E	0.427982	0.748251	0.742035	0.3053	0.2292	0.7470	0.1640	0.5332	0.2201	0.2151
000020	V	0.389522	0.708320	0.716729	0.2820	0.1048	0.7050	0.2080	0.4844	0.2405	0.1968
000021	R	0.345772	0.680900	0.691148	0.2963	0.1583	0.6040	0.2520	0.4627	0.2057	0.1855
000022	G	0.316548	0.632000	0.666058	0.1998	0.1731	0.5360	0.2650	0.4205	0.1996	0.1754
000023	S	0.299652	0.577036	0.641676	0.1878	0.1914	0.4150	0.2590	0.3855	0.1767	0.1655
000024	R	0.278652	0.534025	0.617918	0.1921	0.1162	0.3740	0.2680	0.3522	0.1784	0.1577
000025	C	0.263579	0.450893	0.594364	0.1766	0.0948	0.3640	0.2590	0.3240	0.1677	0.1509
000026	L	0.268271	0.441610	0.570708	0.0909	0.0646	0.3220	0.2250	0.2931	0.1797	0.1465
000027	R	0.272635	0.416309	0.547262	0.1018	0.0454	0.3040	0.2140	0.2813	0.1720	0.1436
000028	L	0.257857	0.391001	0.523978	0.0677	0.0231	0.2820	0.1920	0.2577	0.1734	0.1400
000029	S	0.219647	0.396740	0.500974	0.0514	0.0253	0.2640	0.1770	0.2431	0.1709	0.1402
000030	A	0.192774	0.398754	0.478040	0.0226	0.0138	0.2510	0.1630	0.2261	0.1739	0.1369
000031	F	0.184516	0.381498	0.455008	0.0173	0.0165	0.2580	0.1550	0.2188	0.1666	0.1349
000032	R	0.175293	0.359950	0.432124	0.0081	0.0163	0.2270	0.1010	0.2032	0.1588	0.1240
000033	E	0.166955	0.322752	0.409585	0.0055	0.0191	0.1700	0.0640	0.1824	0.1470	0.1136
000034	E	0.157419	0.304083	0.387888	0.0055	0.0157	0.1250	0.0500	0.1659	0.1405	0.1021
000035	L	0.147110	0.263755	0.367017	0.0074	0.0089	0.1190	0.0540	0.1521	0.1299	0.0883
000036	R	0.132770	0.216475	0.347041	0.0079	0.0084	0.1190	0.0560	0.1386	0.1183	0.0767
000037	A	0.128921	0.174251	0.328061	0.0055	0.0088	0.1130	0.0560	0.1265	0.1092	0.0655
000038	L	0.135710	0.139024	0.309640	0.0018	0.0089	0.1090	0.0540	0.1174	0.1024	0.0555
000039	L	0.128645	0.107926	0.290978	0.0013	0.0088	0.1050	0.0440	0.1072	0.0959	0.0465
000040	V	0.113708	0.093485	0.271963	0.0013	0.0079	0.1080	0.0380	0.0994	0.0895	0.0382
000041	L	0.099537	0.089584	0.254035	0.0007	0.0070	0.1150	0.0440	0.0943	0.0840	0.0335
000042	A	0.085389	0.081665	0.238930	0.0009	0.0070	0.1190	0.0470	0.0887	0.0795	0.0289
000043	G	0.072403	0.076331	0.227433	0.0006	0.0052	0.1210	0.0470	0.0838	0.0767	0.0245
000044	P	0.056289	0.069836	0.218208	0.0003	0.0037	0.1220	0.0490	0.0784	0.0749	0.0202
000045	A	0.044542	0.061144	0.211474	0.0002	0.0034	0.1270	0.0480	0.0746	0.0744	0.0153
000046	F	0.032623	0.048557	0.205534	0.0001	0.0032	0.1390	0.0530	0.0714	0.0756	0.0123
000047	L	0.010065	0.040289	0.201799	0.0002	0.0023	0.1440	0.0560	0.0665	0.0782	0.0095
000048	V	0.000608	0.032871	0.199728	0.0001	0.0026	0.1430	0.0560	0.0632	0.0791	0.0072
000049	Q	0.000391	0.027599	0.199835	0.0001	0.0034	0.1390	0.0500	0.0617	0.0787	0.0057
000050	L	0.000373	0.023538	0.201336	0.0001	0.0036	0.1340	0.0490	0.0605	0.0787	0.0046
000051	M	0.000322	0.023729	0.203280	0.0002	0.0031	0.1280	0.0490	0.0597	0.0783	0.0039
000052	V	0.000301	0.022146	0.205715	0.0002	0.0031	0.1160	0.0400	0.0580	0.0777	0.0028
000053	F	0.000294	0.023614	0.207510	0.0002	0.0035	0.1060	0.0340	0.0569	0.0769	0.0021
000054	L	0.000271	0.027143	0.208874	0.0001	0.0035	0.0940	0.0300	0.0556	0.0760	0.0016
000055	I	0.000232	0.030583	0.209347	0.0001	0.0023	0.0890	0.0290	0.0552	0.0757	0.0013
000056	S	0.000199	0.038093	0.209518	0.0001	0.0026	0.0820	0.0280	0.0554	0.0749	0.0012
000057	F	0.000176	0.043990	0.209511	0.0001	0.0038	0.0800	0.0300	0.0563	0.0745	0.0011
000058	I	0.000173	0.053403	0.209372	0.0002	0.0038	0.0810	0.0290	0.0579	0.0742	0.0011
000059	S	0.000179	0.063682	0.208857	0.0003	0.0051	0.0740	0.0240	0.0587	0.0736	0.0012
000060	S	0.000265	0.072124	0.207729	0.0002	0.0038	0.0690	0.0180	0.0588	0.0734	0.0012
000061	V	0.000430	0.082535	0.206689	0.0003	0.0052	0.0700	0.0150	0.0608	0.0733	0.0013
000062	F	0.000579	0.087646	0.206053	0.0002	0.0052	0.0750	0.0130	0.0625	0.0735	0.0014
000063	C	0.000681	0.096305	0.205496	0.0004	0.0051	0.0780	0.0180	0.0643	0.0739	0.0017
000064	G	0.000992	0.123199	0.205197	0.0006	0.0076	0.0860	0.0230	0.0706	0.0762	0.0020
000065	H	0.001516	0.144664	0.204909	0.0007	0.0075	0.1040	0.0310	0.0772	0.0796	0.0024
000066	L	0.001765	0.159998	0.204682	0.0015	0.0094	0.1180	0.0380	0.0826	0.0823	0.0025
000067	G	0.001849	0.181068	0.203978	0.0007	0.0066	0.1020	0.0350	0.0826	0.0854	0.0028
000068	K	0.001966	0.209472	0.201759	0.0010	0.0088	0.0920	0.0340	0.0858	0.0903	0.0028
000069	L	0.002253	0.213213	0.198418	0.0015	0.0095	0.1000	0.0380	0.0876	0.0904	0.0027
000070	E	0.003572	0.215362	0.194231	0.0009	0.0066	0.0930	0.0350	0.0855	0.0902	0.0025
000071	L	0.004898	0.195407	0.190284	0.0007	0.0070	0.0830	0.0330	0.0803	0.0844	0.0020
000072	D	0.006750	0.171212	0.185911	0.0007	0.0070	0.0660	0.0240	0.0729	0.0779	0.0018
000073	A	0.011346	0.130469	0.180786	0.0024	0.0113	0.0530	0.0180	0.0648	0.0677	0.0014
000074	V	0.013852	0.092243	0.174779	0.0022	0.0181	0.0430	0.0150	0.0573	0.0601	0.0012
000075	T	0.022258	0.063141	0.168301	0.0018	0.0119	0.0370	0.0130	0.0508	0.0561	0.0010
000076	L	0.025495	0.052450	0.160925	0.0021	0.0119	0.0340	0.0140	0.0479	0.0530	0.0008
000077	A	0.025661	0.048514	0.153346	0.0031	0.0130	0.0330	0.0140	0.0461	0.0501	0.0007
000078	I	0.025591	0.049105	0.145744	0.0034	0.0127	0.0310	0.0140	0.0447	0.0474	0.0005
000079	A	0.025922	0.053069	0.138796	0.0013	0.0078	0.0310	0.0150	0.0430	0.0460	0.0005
000080	V	0.027377	0.061543	0.132285	0.0061	0.0109	0.0330	0.0160	0.0452	0.0429	0.0005
000081	I	0.030111	0.065409	0.126088	0.0013	0.0071	0.0380	0.0170	0.0446	0.0421	0.0005
000082	N	0.025982	0.076542	0.120036	0.0055	0.0099	0.0410	0.0160	0.0464	0.0404	0.0005
000083	V	0.023357	0.082331	0.113989	0.0018	0.0093	0.0440	0.0140	0.0458	0.0403	0.0005
000084	T	0.015099	0.100858	0.108243	0.0033	0.0093	0.0520	0.0110	0.0481	0.0428	0.0006
000085	G	0.012153	0.127152	0.102721	0.0070	0.0090	0.0600	0.0100	0.0530	0.0479	0.0006
000086	V	0.012063	0.158219	0.097721	0.0055	0.0091	0.0750	0.0140	0.0597	0.0565	0.0006
000087	S	0.012235	0.183160	0.093141	0.0078	0.0146	0.0830	0.0160	0.0657	0.0628	0.0006
000088	V	0.011393	0.210515	0.089284	0.0118	0.0109	0.1030	0.0170	0.0728	0.0724	0.0006
000089	G	0.009441	0.239980	0.085952	0.0259	0.0108	0.1170	0.0210	0.0815	0.0813	0.0006
000090	F	0.005677	0.246268	0.083504	0.0167	0.0130	0.1320	0.0270	0.0829	0.0860	0.0006
000091	G	0.006048	0.240392	0.082044	0.0131	0.0198	0.1400	0.0340	0.0836	0.0845	0.0006
000092	L	0.007221	0.252684	0.081136	0.0279	0.0398	0.1450	0.0430	0.0923	0.0844	0.0006
000093	S	0.009781	0.248480	0.080371	0.0274	0.0205	0.1470	0.0450	0.0890	0.0853	0.0006
000094	S	0.011072	0.234342	0.080219	0.0425	0.0327	0.1470	0.0540	0.0912	0.0773	0.0007
000095	A	0.012081	0.227171	0.080521	0.0245	0.0294	0.1500	0.0650	0.0872	0.0780	0.0007
000096	C	0.011975	0.245227	0.081383	0.0245	0.0300	0.1490	0.0740	0.0904	0.0834	0.0007
000097	D	0.024452	0.248841	0.082198	0.0405	0.0555	0.1500	0.0720	0.1002	0.0777	0.0010
000098	T	0.029759	0.286816	0.083479	0.0376	0.0287	0.1680	0.0750	0.1058	0.0945	0.0011
000099	L	0.047436	0.311207	0.086104	0.0567	0.0483	0.1910	0.0760	0.1234	0.0975	0.0013
000100	I	0.052522	0.321533	0.089419	0.0286	0.0483	0.2170	0.0710	0.1263	0.1071	0.0015
000101	S	0.052396	0.329697	0.092764	0.0554	0.0631	0.2200	0.0610	0.1356	0.1043	0.0018
000102	Q	0.050007	0.367031	0.095099	0.0478	0.0631	0.2220	0.0580	0.1408	0.1174	0.0021
000103	T	0.054735	0.378401	0.097139	0.0514	0.0690	0.2350	0.0390	0.1477	0.1208	0.0025
000104	Y	0.075077	0.402991	0.099416	0.0490	0.0327	0.2480	0.0390	0.1512	0.1327	0.0028
000105	G	0.108746	0.450646	0.101955	0.0279	0.0181	0.2290	0.0400	0.1560	0.1487	0.0031
000106	S	0.152759	0.485512	0.104969	0.0182	0.0227	0.2140	0.0480	0.1664	0.1585	0.0034
000107	Q	0.202050	0.448369	0.108846	0.0137	0.0405	0.2030	0.0480	0.1694	0.1441	0.0034
000108	N	0.210882	0.414088	0.113462	0.0118	0.0349	0.1920	0.0430	0.1629	0.1341	0.0034
000109	L	0.216146	0.359796	0.118683	0.0121	0.0248	0.1630	0.0320	0.1491	0.1185	0.0034
000110	K	0.219747	0.317120	0.123832	0.0274	0.0235	0.1190	0.0300	0.1384	0.1038	0.0037
000111	H	0.224730	0.266303	0.128904	0.0395	0.0269	0.0860	0.0200	0.1287	0.0897	0.0037
000112	V	0.218985	0.228415	0.133824	0.0160	0.0151	0.0700	0.0140	0.1137	0.0874	0.0034
000113	G	0.197483	0.191440	0.139210	0.0086	0.0092	0.0570	0.0110	0.1006	0.0794	0.0034
000114	V	0.163446	0.166870	0.145058	0.0038	0.0062	0.0570	0.0140	0.0903	0.0706	0.0031
000115	I	0.105996	0.136301	0.151037	0.0035	0.0065	0.0620	0.0220	0.0775	0.0584	0.0030
000116	L	0.050415	0.111877	0.156627	0.0010	0.0051	0.0580	0.0210	0.0638	0.0556	0.0029
000117	Q	0.022972	0.095272	0.162041	0.0006	0.0035	0.0580	0.0280	0.0571	0.0573	0.0028
000118	R	0.011466	0.082594	0.167149	0.0004	0.0038	0.0790	0.0530	0.0575	0.0597	0.0027
000119	S	0.006399	0.066173	0.172046	0.0002	0.0027	0.0860	0.0540	0.0557	0.0618	0.0026
000120	A	0.000833	0.045738	0.176142	0.0004	0.0027	0.0870	0.0480	0.0522	0.0638	0.0022
000121	L	0.000164	0.029051	0.178811	0.0002	0.0023	0.0870	0.0420	0.0496	0.0654	0.0019
000122	V	0.000093	0.020368	0.179818	0.0002	0.0016	0.0870	0.0370	0.0482	0.0664	0.0016
000123	L	0.000085	0.014442	0.179903	0.0002	0.0014	0.0880	0.0340	0.0474	0.0670	0.0015
000124	L	0.000067	0.011774	0.180453	0.0001	0.0009	0.0870	0.0330	0.0468	0.0673	0.0013
000125	L	0.000055	0.008914	0.180993	0.0001	0.0013	0.0790	0.0240	0.0450	0.0669	0.0011
000126	C	0.000050	0.006691	0.181553	0.0001	0.0020	0.0740	0.0180	0.0441	0.0669	0.0010
000127	C	0.000043	0.005771	0.181567	0.0002	0.0027	0.0710	0.0170	0.0436	0.0667	0.0010
000128	F	0.000036	0.005372	0.181876	0.0002	0.0027	0.0650	0.0160	0.0426	0.0665	0.0010
000129	P	0.000032	0.005745	0.182150	0.0001	0.0018	0.0580	0.0180	0.0413	0.0663	0.0010
000130	C	0.000028	0.007846	0.182307	0.0001	0.0013	0.0550	0.0180	0.0410	0.0661	0.0010
000131	W	0.000025	0.009736	0.182459	0.0001	0.0010	0.0530	0.0180	0.0411	0.0659	0.0010
000132	A	0.000022	0.011856	0.182693	0.0001	0.0010	0.0510	0.0170	0.0411	0.0658	0.0011
000133	L	0.000021	0.015614	0.183203	0.0001	0.0008	0.0510	0.0160	0.0419	0.0658	0.0011
000134	F	0.000041	0.021276	0.183595	0.0001	0.0013	0.0500	0.0130	0.0428	0.0655	0.0011
000135	L	0.000076	0.023354	0.182924	0.0001	0.0017	0.0480	0.0130	0.0427	0.0650	0.0012
000136	N	0.000092	0.028393	0.181230	0.0001	0.0026	0.0470	0.0130	0.0432	0.0641	0.0013
000137	T	0.000149	0.037448	0.178698	0.0002	0.0037	0.0490	0.0150	0.0449	0.0628	0.0014
000138	Q	0.003414	0.043088	0.175812	0.0004	0.0049	0.0510	0.0170	0.0465	0.0612	0.0014
000139	H	0.005801	0.047212	0.172646	0.0008	0.0057	0.0570	0.0190	0.0481	0.0597	0.0015
000140	I	0.009035	0.059191	0.168659	0.0007	0.0050	0.0670	0.0230	0.0516	0.0585	0.0015
000141	L	0.012980	0.069655	0.164497	0.0008	0.0067	0.0730	0.0270	0.0546	0.0571	0.0017
000142	L	0.018328	0.087268	0.159993	0.0024	0.0068	0.0870	0.0340	0.0603	0.0568	0.0019
000143	L	0.023870	0.127000	0.155771	0.0033	0.0082	0.1230	0.0410	0.0735	0.0629	0.0021
000144	F	0.028519	0.167109	0.151116	0.0031	0.0125	0.1980	0.0550	0.0934	0.0802	0.0026
000145	R	0.032942	0.204427	0.145675	0.0081	0.0281	0.2470	0.0460	0.1110	0.0931	0.0032
000146	Q	0.037582	0.270635	0.139291	0.0182	0.0300	0.2720	0.0450	0.1280	0.1088	0.0038
000147	D	0.039309	0.337811	0.132931	0.0182	0.0171	0.2900	0.0490	0.1393	0.1303	0.0045
000148	P	0.042006	0.369917	0.126763	0.0090	0.0168	0.2950	0.0550	0.1432	0.1408	0.0048
000149	D	0.046696	0.396082	0.121146	0.0055	0.0096	0.3010	0.0710	0.1466	0.1501	0.0051
000150	V	0.052023	0.435533	0.116262	0.0069	0.0062	0.2960	0.0710	0.1522	0.1606	0.0045
000151	S	0.057517	0.406314	0.112640	0.0069	0.0064	0.2790	0.0850	0.1447	0.1489	0.0044
000152	R	0.064790	0.345878	0.110817	0.0067	0.0104	0.2390	0.1040	0.1297	0.1243	0.0036
000153	L	0.072222	0.288252	0.109959	0.0062	0.0141	0.1960	0.1030	0.1145	0.1004	0.0028
000154	T	0.074913	0.230165	0.109525	0.0179	0.0141	0.1060	0.0590	0.0922	0.0724	0.0023
000155	Q	0.071019	0.149776	0.108114	0.0308	0.0380	0.0470	0.0180	0.0742	0.0424	0.0017
000156	T	0.066175	0.102727	0.106392	0.0128	0.0275	0.0280	0.0060	0.0573	0.0371	0.0012
000157	Y	0.061171	0.077065	0.104467	0.0179	0.0294	0.0260	0.0050	0.0526	0.0312	0.0009
000158	V	0.053305	0.062152	0.102808	0.0121	0.0130	0.0260	0.0050	0.0449	0.0321	0.0006
000159	T	0.044034	0.055598	0.100622	0.0090	0.0076	0.0270	0.0050	0.0407	0.0319	0.0005
000160	I	0.033195	0.052491	0.098090	0.0042	0.0052	0.0290	0.0050	0.0370	0.0320	0.0004
000161	F	0.020366	0.051494	0.095250	0.0042	0.0059	0.0290	0.0060	0.0344	0.0315	0.0004
000162	I	0.008251	0.049974	0.092681	0.0021	0.0044	0.0320	0.0080	0.0316	0.0322	0.0003
000163	P	0.001120	0.051458	0.090680	0.0010	0.0044	0.0340	0.0070	0.0304	0.0329	0.0004
000164	A	0.000317	0.050576	0.089547	0.0010	0.0046	0.0370	0.0100	0.0304	0.0326	0.0004
000165	L	0.000170	0.049806	0.088843	0.0010	0.0046	0.0370	0.0120	0.0302	0.0323	0.0004
000166	P	0.000090	0.047604	0.088455	0.0006	0.0033	0.0340	0.0120	0.0290	0.0322	0.0005
000167	A	0.000031	0.047922	0.087840	0.0006	0.0023	0.0330	0.0120	0.0286	0.0321	0.0005
000168	T	0.000079	0.048401	0.087036	0.0006	0.0023	0.0320	0.0110	0.0284	0.0319	0.0006
000169	F	0.000121	0.043501	0.085625	0.0006	0.0031	0.0340	0.0100	0.0278	0.0309	0.0006
000170	L	0.000126	0.040773	0.083890	0.0003	0.0031	0.0340	0.0110	0.0271	0.0302	0.0007
000171	Y	0.000130	0.042555	0.082240	0.0006	0.0042	0.0350	0.0110	0.0275	0.0297	0.0009
000172	M	0.000161	0.046204	0.080458	0.0010	0.0045	0.0370	0.0110	0.0283	0.0295	0.0010
000173	L	0.000173	0.050032	0.078755	0.0037	0.0049	0.0390	0.0120	0.0294	0.0291	0.0010
000174	Q	0.000179	0.054413	0.076895	0.0008	0.0033	0.0390	0.0100	0.0291	0.0298	0.0010
000175	V	0.000183	0.060121	0.075378	0.0006	0.0041	0.0440	0.0100	0.0307	0.0305	0.0010
000176	K	0.001025	0.063917	0.074787	0.0006	0.0056	0.0510	0.0120	0.0328	0.0312	0.0011
000177	Y	0.004243	0.069126	0.075213	0.0006	0.0036	0.0640	0.0150	0.0361	0.0335	0.0011
000178	L	0.031038	0.078041	0.076383	0.0007	0.0032	0.0740	0.0170	0.0439	0.0337	0.0010
000179	L	0.056414	0.085270	0.077672	0.0004	0.0032	0.0820	0.0170	0.0508	0.0359	0.0009
000180	N	0.103706	0.086191	0.078708	0.0004	0.0047	0.0890	0.0220	0.0605	0.0417	0.0010
000181	Q	0.146326	0.088179	0.079064	0.0006	0.0050	0.0830	0.0230	0.0671	0.0507	0.0009
000182	G	0.180116	0.085878	0.079041	0.0009	0.0061	0.0780	0.0240	0.0716	0.0597	0.0008
000183	I	0.214188	0.077054	0.078656	0.0007	0.0062	0.0790	0.0250	0.0759	0.0703	0.0006
000184	V	0.272944	0.076314	0.078311	0.0010	0.0093	0.0840	0.0250	0.0869	0.0896	0.0006
000185	L	0.352116	0.085087	0.077890	0.0007	0.0064	0.0800	0.0270	0.1004	0.1178	0.0005
000186	P	0.428861	0.090953	0.078099	0.0018	0.0065	0.0710	0.0220	0.1128	0.1455	0.0005
000187	Q	0.482880	0.091176	0.078866	0.0007	0.0066	0.0770	0.0200	0.1229	0.1649	0.0004
000188	I	0.534840	0.089031	0.079177	0.0007	0.0083	0.0850	0.0200	0.1328	0.1834	0.0003
000189	V	0.535413	0.091371	0.078208	0.0018	0.0083	0.0930	0.0260	0.1347	0.1830	0.0003
000190	T	0.538656	0.091180	0.076211	0.0035	0.0102	0.0900	0.0350	0.1350	0.1840	0.0003
000191	G	0.505419	0.093083	0.073941	0.0009	0.0104	0.0970	0.0460	0.1301	0.1720	0.0002
000192	V	0.471907	0.101846	0.071888	0.0007	0.0070	0.1050	0.0550	0.1263	0.1599	0.0002
000193	A	0.413251	0.115385	0.069762	0.0008	0.0050	0.1040	0.0550	0.1180	0.1392	0.0002
000194	A	0.333339	0.122725	0.067694	0.0009	0.0047	0.1090	0.0580	0.1064	0.1116	0.0002
000195	N	0.253421	0.127840	0.065571	0.0008	0.0044	0.1110	0.0560	0.0938	0.0860	0.0002
000196	L	0.172623	0.125300	0.063807	0.0009	0.0058	0.1170	0.0600	0.0809	0.0632	0.0001
000197	V	0.095312	0.117196	0.062673	0.0004	0.0053	0.1160	0.0580	0.0661	0.0482	0.0001
000198	N	0.047478	0.112514	0.062189	0.0004	0.0038	0.1090	0.0560	0.0560	0.0447	0.0001
000199	A	0.001620	0.106891	0.062395	0.0008	0.0052	0.1010	0.0530	0.0463	0.0460	0.0001
000200	L	0.001074	0.096100	0.063517	0.0007	0.0047	0.0950	0.0500	0.0434	0.0426	0.0002
000201	A	0.000531	0.089987	0.065352	0.0007	0.0046	0.0820	0.0420	0.0405	0.0393	0.0002
000202	N	0.000464	0.087853	0.067664	0.0003	0.0036	0.0760	0.0360	0.0394	0.0384	0.0002
000203	Y	0.000433	0.083717	0.070302	0.0005	0.0032	0.0710	0.0290	0.0382	0.0371	0.0002
000204	L	0.000390	0.074460	0.073283	0.0004	0.0036	0.0600	0.0190	0.0354	0.0342	0.0002
000205	F	0.000377	0.066399	0.076379	0.0003	0.0040	0.0520	0.0100	0.0332	0.0325	0.0002
000206	L	0.000396	0.064778	0.079007	0.0002	0.0034	0.0450	0.0080	0.0322	0.0324	0.0002
000207	H	0.000415	0.068934	0.081409	0.0004	0.0033	0.0420	0.0060	0.0327	0.0335	0.0003
000208	Q	0.000408	0.067329	0.084077	0.0005	0.0037	0.0400	0.0070	0.0326	0.0337	0.0003
000209	L	0.000435	0.073675	0.086853	0.0003	0.0037	0.0380	0.0080	0.0339	0.0355	0.0002
000210	H	0.000568	0.090557	0.089366	0.0003	0.0030	0.0400	0.0090	0.0374	0.0397	0.0003
000211	L	0.000634	0.113523	0.091234	0.0005	0.0029	0.0480	0.0110	0.0428	0.0457	0.0003
000212	G	0.012783	0.135375	0.092820	0.0003	0.0032	0.0610	0.0140	0.0509	0.0505	0.0002
000213	V	0.024948	0.144962	0.094056	0.0002	0.0032	0.0820	0.0190	0.0582	0.0530	0.0002
000214	I	0.055287	0.163134	0.095006	0.0003	0.0031	0.1120	0.0340	0.0714	0.0585	0.0002
000215	G	0.067024	0.180262	0.095956	0.0005	0.0044	0.1230	0.0390	0.0785	0.0637	0.0002
000216	S	0.078760	0.169164	0.097313	0.0005	0.0047	0.1280	0.0410	0.0797	0.0613	0.0003
000217	A	0.091732	0.161376	0.099016	0.0008	0.0058	0.1180	0.0380	0.0795	0.0583	0.0003
000218	L	0.091898	0.160677	0.100445	0.0004	0.0044	0.1020	0.0360	0.0767	0.0571	0.0002
000219	A	0.091831	0.151740	0.101556	0.0004	0.0032	0.0760	0.0280	0.0708	0.0540	0.0003
000220	N	0.091739	0.143995	0.103114	0.0004	0.0032	0.0660	0.0220	0.0680	0.0522	0.0003
000221	L	0.079529	0.149874	0.105781	0.0002	0.0022	0.0580	0.0180	0.0659	0.0536	0.0002
000222	I	0.067313	0.137330	0.109207	0.0002	0.0023	0.0540	0.0190	0.0618	0.0506	0.0002
000223	S	0.036919	0.123427	0.112366	0.0002	0.0016	0.0490	0.0190	0.0539	0.0486	0.0002
000224	Q	0.025128	0.104809	0.115183	0.0001	0.0015	0.0470	0.0190	0.0490	0.0460	0.0002
000225	Y	0.013337	0.078003	0.117873	0.0002	0.0015	0.0480	0.0180	0.0432	0.0434	0.0002
000226	T	0.000336	0.051064	0.120615	0.0001	0.0015	0.0470	0.0180	0.0367	0.0433	0.0001
000227	L	0.000122	0.034880	0.122877	0.0001	0.0016	0.0450	0.0180	0.0341	0.0435	0.0001
000228	A	0.000034	0.028182	0.125168	0.0001	0.0019	0.0440	0.0170	0.0333	0.0443	0.0001
000229	L	0.000024	0.021098	0.128343	0.0001	0.0019	0.0440	0.0160	0.0325	0.0456	0.0001
000230	L	0.000014	0.016891	0.132310	0.0002	0.0023	0.0430	0.0150	0.0325	0.0471	0.0001
000231	L	0.000010	0.016194	0.136539	0.0001	0.0022	0.0400	0.0140	0.0325	0.0486	0.0001
000232	F	0.000008	0.018407	0.140480	0.0002	0.0027	0.0370	0.0110	0.0331	0.0498	0.0001
000233	L	0.000008	0.024159	0.144562	0.0003	0.0040	0.0340	0.0080	0.0346	0.0508	0.0001
000234	Y	0.000008	0.035540	0.148605	0.0002	0.0030	0.0350	0.0080	0.0371	0.0522	0.0001
000235	I	0.000008	0.057401	0.152791	0.0002	0.0029	0.0360	0.0090	0.0416	0.0541	0.0001
000236	L	0.000009	0.077155	0.157117	0.0002	0.0040	0.0410	0.0110	0.0466	0.0567	0.0001
000237	G	0.000009	0.104234	0.162073	0.0002	0.0028	0.0450	0.0140	0.0524	0.0615	0.0002
000238	K	0.000008	0.138619	0.167218	0.0005	0.0039	0.0500	0.0180	0.0601	0.0684	0.0003
000239	K	0.000009	0.153315	0.172513	0.0003	0.0032	0.0570	0.0210	0.0643	0.0726	0.0005
000240	L	0.000013	0.167391	0.177395	0.0006	0.0047	0.0680	0.0280	0.0698	0.0764	0.0006
000241	H	0.000034	0.184605	0.182099	0.0006	0.0054	0.0700	0.0300	0.0737	0.0811	0.0009
000242	Q	0.000048	0.195909	0.187022	0.0013	0.0054	0.0700	0.0310	0.0766	0.0847	0.0013
000243	A	0.000074	0.180172	0.192495	0.0024	0.0084	0.0710	0.0330	0.0758	0.0818	0.0017
000244	T	0.000106	0.173697	0.198495	0.0021	0.0138	0.0750	0.0340	0.0772	0.0813	0.0023
000245	W	0.000106	0.160416	0.204370	0.0055	0.0134	0.0700	0.0290	0.0756	0.0799	0.0029
000246	G	0.000108	0.149727	0.209825	0.0121	0.0191	0.0500	0.0180	0.0735	0.0786	0.0036
000247	G	0.000128	0.121468	0.214549	0.0157	0.0341	0.0430	0.0170	0.0715	0.0746	0.0040
000248	W	0.000147	0.106778	0.218270	0.0116	0.0157	0.0420	0.0170	0.0658	0.0766	0.0040
000249	S	0.000163	0.104958	0.221676	0.0116	0.0094	0.0400	0.0160	0.0646	0.0784	0.0040
000250	L	0.000156	0.091462	0.225683	0.0055	0.0094	0.0430	0.0200	0.0625	0.0794	0.0039
000251	E	0.000163	0.078148	0.230359	0.0069	0.0093	0.0450	0.0220	0.0616	0.0801	0.0043
000252	C	0.000191	0.080116	0.235154	0.0070	0.0081	0.0530	0.0300	0.0640	0.0818	0.0038
000253	L	0.000210	0.079998	0.239641	0.0029	0.0054	0.0580	0.0310	0.0644	0.0840	0.0031
000254	Q	0.000244	0.077202	0.244527	0.0034	0.0068	0.0610	0.0300	0.0655	0.0854	0.0026
000255	D	0.000470	0.074507	0.250128	0.0010	0.0065	0.0610	0.0270	0.0656	0.0876	0.0022
000256	W	0.000561	0.069351	0.255955	0.0044	0.0075	0.0650	0.0280	0.0672	0.0891	0.0017
000257	A	0.000599	0.063549	0.261403	0.0042	0.0054	0.0640	0.0260	0.0666	0.0912	0.0013
000258	S	0.000606	0.063629	0.266631	0.0028	0.0046	0.0620	0.0230	0.0667	0.0934	0.0009
000259	F	0.000769	0.061986	0.271331	0.0028	0.0046	0.0660	0.0260	0.0679	0.0950	0.0006
000260	L	0.000789	0.069489	0.275271	0.0013	0.0038	0.0680	0.0260	0.0698	0.0966	0.0004
000261	R	0.000754	0.072474	0.278367	0.0018	0.0044	0.0700	0.0250	0.0713	0.0976	0.0003
000262	L	0.000736	0.079956	0.280857	0.0008	0.0044	0.0730	0.0270	0.0733	0.0987	0.0003
000263	A	0.000714	0.088062	0.283088	0.0009	0.0039	0.0740	0.0250	0.0750	0.0996	0.0002
000264	I	0.000504	0.088412	0.284976	0.0042	0.0039	0.0760	0.0230	0.0763	0.0999	0.0002
000265	P	0.000403	0.082217	0.286816	0.0018	0.0034	0.0720	0.0180	0.0744	0.1008	0.0003
000266	S	0.000393	0.073663	0.288885	0.0008	0.0023	0.0700	0.0160	0.0727	0.1017	0.0003
000267	M	0.000494	0.061171	0.291236	0.0009	0.0035	0.0740	0.0180	0.0718	0.1025	0.0003
000268	L	0.000320	0.044024	0.294191	0.0006	0.0032	0.0720	0.0180	0.0691	0.1041	0.0004
000269	M	0.000283	0.032757	0.297081	0.0007	0.0032	0.0670	0.0150	0.0668	0.1057	0.0005
000270	L	0.000269	0.028644	0.298955	0.0007	0.0047	0.0630	0.0150	0.0661	0.1065	0.0007
000271	C	0.000247	0.029457	0.300292	0.0015	0.0044	0.0570	0.0150	0.0655	0.1069	0.0012
000272	M	0.000236	0.030803	0.301653	0.0024	0.0032	0.0560	0.0140	0.0656	0.1074	0.0016
000273	E	0.000219	0.030903	0.303485	0.0013	0.0042	0.0560	0.0130	0.0661	0.1081	0.0023
000274	W	0.000211	0.031823	0.304786	0.0007	0.0047	0.0600	0.0140	0.0671	0.1084	0.0028
000275	W	0.000164	0.034742	0.305073	0.0018	0.0048	0.0610	0.0150	0.0679	0.1083	0.0032
000276	A	0.000038	0.042723	0.304590	0.0012	0.0033	0.0580	0.0140	0.0682	0.1080	0.0030
000277	Y	0.000060	0.051106	0.303428	0.0006	0.0033	0.0590	0.0150	0.0696	0.1073	0.0028
000278	E	0.000132	0.061351	0.301739	0.0005	0.0033	0.0610	0.0160	0.0714	0.1065	0.0031
000279	V	0.000212	0.070229	0.299446	0.0008	0.0035	0.0630	0.0150	0.0728	0.1055	0.0030
000280	G	0.000208	0.080997	0.296159	0.0008	0.0045	0.0630	0.0150	0.0742	0.1042	0.0028
000281	S	0.001221	0.090502	0.291760	0.0008	0.0045	0.0640	0.0190	0.0754	0.1027	0.0026
000282	F	0.052303	0.108820	0.286732	0.0024	0.0054	0.0680	0.0180	0.0872	0.0964	0.0022
000283	L	0.093482	0.125336	0.280864	0.0009	0.0057	0.0670	0.0180	0.0956	0.0940	0.0019
000284	S	0.131420	0.137137	0.274524	0.0008	0.0053	0.0650	0.0150	0.1024	0.0938	0.0018
000285	G	0.134914	0.150556	0.267230	0.0010	0.0073	0.0640	0.0150	0.1042	0.0925	0.0017
000286	I	0.176068	0.157889	0.259372	0.0029	0.0071	0.0770	0.0170	0.1134	0.0931	0.0017
000287	L	0.204230	0.154326	0.251253	0.0042	0.0064	0.0910	0.0200	0.1185	0.0937	0.0018
000288	G	0.226393	0.157195	0.243314	0.0052	0.0064	0.0880	0.0190	0.1211	0.0958	0.0021
000289	M	0.260489	0.173815	0.235871	0.0015	0.0064	0.0860	0.0180	0.1274	0.1031	0.0021
000290	V	0.294638	0.169468	0.228925	0.0013	0.0059	0.0800	0.0190	0.1301	0.1102	0.0024
000291	E	0.263768	0.167500	0.222133	0.0021	0.0052	0.0730	0.0170	0.1222	0.1022	0.0027
000292	L	0.227049	0.170785	0.215138	0.0007	0.0038	0.0790	0.0160	0.1160	0.0935	0.0027
000293	G	0.197745	0.173585	0.208003	0.0012	0.0041	0.0770	0.0160	0.1102	0.0871	0.0029
000294	A	0.205228	0.153604	0.201007	0.0013	0.0044	0.0780	0.0200	0.1073	0.0848	0.0028
000295	Q	0.183241	0.138430	0.194239	0.0007	0.0033	0.0690	0.0170	0.0982	0.0790	0.0027
000296	S	0.173415	0.121196	0.187272	0.0005	0.0028	0.0710	0.0200	0.0927	0.0745	0.0026
000297	I	0.179471	0.096488	0.179335	0.0005	0.0032	0.0760	0.0240	0.0892	0.0727	0.0023
000298	V	0.145867	0.069605	0.170500	0.0007	0.0047	0.0740	0.0260	0.0775	0.0640	0.0021
000299	Y	0.112620	0.053819	0.160421	0.0005	0.0042	0.0700	0.0230	0.0669	0.0568	0.0019
000300	E	0.093362	0.045837	0.150025	0.0008	0.0049	0.0620	0.0190	0.0595	0.0516	0.0018
000301	L	0.089855	0.038436	0.139899	0.0010	0.0044	0.0550	0.0170	0.0548	0.0486	0.0015
000302	A	0.082066	0.033426	0.130127	0.0008	0.0039	0.0510	0.0170	0.0503	0.0452	0.0013
000303	I	0.071934	0.026507	0.120571	0.0009	0.0044	0.0500	0.0170	0.0458	0.0416	0.0012
000304	I	0.053834	0.025435	0.111407	0.0010	0.0039	0.0530	0.0190	0.0414	0.0376	0.0011
000305	V	0.041709	0.026246	0.103036	0.0009	0.0039	0.0550	0.0210	0.0385	0.0347	0.0011
000306	Y	0.020224	0.030182	0.095548	0.0007	0.0038	0.0610	0.0200	0.0353	0.0335	0.0011
000307	M	0.021271	0.041407	0.088558	0.0006	0.0031	0.0630	0.0200	0.0364	0.0319	0.0012
000308	V	0.022507	0.059431	0.082381	0.0010	0.0044	0.0630	0.0180	0.0388	0.0311	0.0013
000309	P	0.024707	0.079910	0.076985	0.0012	0.0044	0.0640	0.0170	0.0419	0.0330	0.0015
000310	A	0.026724	0.109857	0.072107	0.0042	0.0060	0.0800	0.0190	0.0498	0.0399	0.0016
000311	G	0.033361	0.143044	0.068622	0.0013	0.0057	0.1080	0.0220	0.0601	0.0523	0.0016
000312	F	0.044777	0.178577	0.066203	0.0042	0.0070	0.1600	0.0310	0.0768	0.0691	0.0018
000313	S	0.062676	0.208432	0.064892	0.0069	0.0058	0.1730	0.0420	0.0870	0.0778	0.0019
000314	V	0.066895	0.241821	0.063751	0.0097	0.0082	0.2090	0.0560	0.0999	0.0922	0.0020
000315	A	0.077288	0.255356	0.062829	0.0097	0.0104	0.2320	0.0620	0.1080	0.0995	0.0021
000316	A	0.115377	0.267237	0.062034	0.0182	0.0148	0.2490	0.0720	0.1211	0.1025	0.0021
000317	S	0.153448	0.268780	0.061621	0.0279	0.0294	0.2740	0.0800	0.1358	0.1045	0.0023
000318	V	0.188884	0.288012	0.061374	0.0376	0.0281	0.2490	0.0730	0.1422	0.1044	0.0024
000319	R	0.268390	0.292973	0.061481	0.0677	0.0555	0.2220	0.0730	0.1613	0.1020	0.0027
000320	V	0.335425	0.319103	0.061517	0.0405	0.0473	0.1860	0.0690	0.1650	0.1247	0.0028
000321	G	0.411497	0.340743	0.061485	0.0621	0.0463	0.1640	0.0740	0.1810	0.1446	0.0034
000322	N	0.486394	0.370683	0.061858	0.0660	0.0483	0.1560	0.0730	0.1981	0.1699	0.0038
000323	A	0.569548	0.372896	0.062610	0.0965	0.1115	0.1570	0.0750	0.2283	0.1830	0.0043
000324	L	0.634063	0.404983	0.063635	0.0935	0.1137	0.1550	0.0780	0.2442	0.2074	0.0050
000325	G	0.688086	0.434738	0.064364	0.1416	0.1702	0.1680	0.0790	0.2778	0.2163	0.0066
000326	A	0.733810	0.488794	0.064763	0.1732	0.2164	0.1990	0.0790	0.3127	0.2278	0.0084
000327	G	0.776970	0.554984	0.065041	0.2122	0.1852	0.2320	0.0760	0.3378	0.2465	0.0113
000328	D	0.757650	0.621564	0.065623	0.2080	0.1852	0.2790	0.0530	0.3528	0.2494	0.0143
000329	M	0.746621	0.658374	0.066320	0.2080	0.1643	0.3480	0.0410	0.3653	0.2537	0.0172
000330	E	0.711202	0.711446	0.067388	0.2041	0.0929	0.4620	0.0350	0.3748	0.2699	0.0193
000331	Q	0.670230	0.730964	0.068375	0.1878	0.0780	0.5640	0.0600	0.3833	0.2789	0.0200
000332	A	0.589437	0.725173	0.069671	0.1178	0.0851	0.6080	0.0600	0.3659	0.2786	0.0189
000333	R	0.520577	0.701178	0.070960	0.0587	0.0473	0.5800	0.0850	0.3298	0.2761	0.0193
000334	K	0.435619	0.669280	0.072064	0.0813	0.0320	0.5390	0.1070	0.3048	0.2527	0.0182
000335	S	0.351026	0.590678	0.072664	0.0935	0.0275	0.4730	0.1290	0.2681	0.2159	0.0161
000336	S	0.269780	0.495061	0.073557	0.0526	0.0218	0.3880	0.1450	0.2169	0.1804	0.0131
000337	T	0.206756	0.381702	0.074646	0.0376	0.0181	0.3310	0.1240	0.1749	0.1423	0.0101
000338	V	0.143378	0.293679	0.076429	0.0286	0.0143	0.2620	0.1000	0.1364	0.1085	0.0071
000339	S	0.090552	0.203969	0.078353	0.0131	0.0080	0.2080	0.0930	0.1003	0.0806	0.0053
000340	L	0.037717	0.135765	0.080993	0.0144	0.0096	0.1630	0.0740	0.0735	0.0588	0.0039
000341	L	0.024905	0.090405	0.084405	0.0059	0.0066	0.1260	0.0520	0.0564	0.0463	0.0031
000342	I	0.012093	0.065608	0.087674	0.0055	0.0048	0.1100	0.0430	0.0475	0.0421	0.0026
000343	T	0.003411	0.047406	0.090753	0.0040	0.0040	0.0970	0.0370	0.0411	0.0405	0.0025
000344	V	0.001076	0.036173	0.093234	0.0013	0.0029	0.0840	0.0350	0.0365	0.0390	0.0021
000345	L	0.000586	0.026692	0.096752	0.0007	0.0028	0.0710	0.0280	0.0332	0.0378	0.0019
000346	F	0.000459	0.023135	0.100658	0.0004	0.0023	0.0790	0.0380	0.0343	0.0405	0.0019
000347	A	0.000355	0.023210	0.104668	0.0004	0.0023	0.0700	0.0210	0.0335	0.0401	0.0020
000348	V	0.000278	0.024172	0.107628	0.0003	0.0024	0.0620	0.0150	0.0329	0.0400	0.0022
000349	A	0.000198	0.026080	0.110003	0.0004	0.0030	0.0590	0.0160	0.0331	0.0402	0.0027
000350	F	0.000143	0.030475	0.111759	0.0005	0.0023	0.0570	0.0170	0.0337	0.0405	0.0032
000351	S	0.000088	0.038607	0.113337	0.0007	0.0031	0.0540	0.0180	0.0350	0.0407	0.0042
000352	V	0.000068	0.047270	0.114683	0.0007	0.0031	0.0520	0.0170	0.0362	0.0412	0.0050
000353	L	0.000051	0.061209	0.116021	0.0013	0.0030	0.0510	0.0130	0.0388	0.0425	0.0063
000354	L	0.000038	0.077708	0.117378	0.0007	0.0019	0.0560	0.0120	0.0422	0.0451	0.0075
000355	L	0.000092	0.088770	0.118974	0.0005	0.0025	0.0660	0.0140	0.0461	0.0476	0.0093
000356	S	0.000335	0.102338	0.121071	0.0004	0.0036	0.0670	0.0160	0.0492	0.0503	0.0117
000357	C	0.000666	0.106725	0.124059	0.0007	0.0055	0.0720	0.0190	0.0516	0.0517	0.0142
000358	K	0.000790	0.106820	0.127865	0.0008	0.0064	0.0680	0.0200	0.0518	0.0522	0.0174
000359	D	0.000971	0.104009	0.131685	0.0024	0.0088	0.0670	0.0220	0.0525	0.0520	0.0211
000360	H	0.001153	0.108482	0.134765	0.0029	0.0071	0.0640	0.0240	0.0531	0.0535	0.0245
000361	V	0.001387	0.110925	0.136878	0.0082	0.0076	0.0640	0.0240	0.0548	0.0536	0.0256
000362	G	0.001822	0.107872	0.138246	0.0035	0.0081	0.0580	0.0230	0.0529	0.0538	0.0262
000363	Y	0.002143	0.108854	0.139348	0.0029	0.0074	0.0570	0.0190	0.0529	0.0544	0.0274
000364	I	0.003031	0.117797	0.140265	0.0069	0.0080	0.0620	0.0180	0.0563	0.0555	0.0270
000365	F	0.004148	0.116928	0.141344	0.0067	0.0099	0.0580	0.0150	0.0562	0.0551	0.0272
000366	T	0.004977	0.107552	0.141790	0.0081	0.0168	0.0450	0.0100	0.0540	0.0525	0.0262
000367	T	0.006146	0.113830	0.141099	0.0061	0.0113	0.0360	0.0080	0.0524	0.0546	0.0235
000368	D	0.006690	0.113947	0.139744	0.0086	0.0109	0.0320	0.0070	0.0521	0.0541	0.0200
000369	R	0.007138	0.100759	0.137612	0.0059	0.0127	0.0310	0.0090	0.0492	0.0513	0.0155
000370	D	0.008042	0.092654	0.135198	0.0028	0.0078	0.0310	0.0100	0.0462	0.0502	0.0117
000371	I	0.010118	0.096838	0.131786	0.0037	0.0058	0.0310	0.0120	0.0466	0.0498	0.0080
000372	I	0.016053	0.087513	0.127972	0.0042	0.0065	0.0330	0.0130	0.0459	0.0462	0.0062
000373	N	0.018112	0.075203	0.124022	0.0022	0.0052	0.0340	0.0130	0.0431	0.0436	0.0049
000374	L	0.017620	0.068585	0.120257	0.0037	0.0073	0.0320	0.0120	0.0417	0.0412	0.0037
000375	V	0.020179	0.061406	0.116697	0.0061	0.0108	0.0310	0.0110	0.0410	0.0383	0.0030
000376	A	0.020557	0.047362	0.112486	0.0157	0.0125	0.0300	0.0100	0.0398	0.0345	0.0024
000377	Q	0.020143	0.048918	0.107814	0.0167	0.0075	0.0300	0.0100	0.0385	0.0336	0.0021
000378	V	0.020076	0.056200	0.103372	0.0083	0.0079	0.0300	0.0110	0.0376	0.0336	0.0018
000379	V	0.019149	0.056874	0.099669	0.0035	0.0065	0.0320	0.0130	0.0362	0.0335	0.0017
000380	P	0.016851	0.062084	0.096300	0.0042	0.0047	0.0310	0.0140	0.0359	0.0334	0.0018
000381	I	0.011207	0.070487	0.092487	0.0027	0.0040	0.0360	0.0180	0.0361	0.0345	0.0018
000382	Y	0.009256	0.068541	0.088238	0.0031	0.0044	0.0410	0.0210	0.0358	0.0332	0.0020
000383	A	0.009613	0.065819	0.083743	0.0055	0.0061	0.0440	0.0220	0.0359	0.0310	0.0022
000384	V	0.006642	0.067313	0.078983	0.0029	0.0059	0.0460	0.0210	0.0346	0.0310	0.0026
000385	S	0.005566	0.068868	0.074230	0.0070	0.0082	0.0450	0.0180	0.0347	0.0293	0.0032
000386	H	0.006704	0.071439	0.069210	0.0121	0.0108	0.0480	0.0170	0.0363	0.0276	0.0038
000387	L	0.006953	0.090722	0.064247	0.0160	0.0096	0.0530	0.0200	0.0401	0.0314	0.0042
000388	F	0.008785	0.115491	0.058670	0.0150	0.0069	0.0600	0.0250	0.0441	0.0388	0.0048
000389	E	0.010653	0.135992	0.052983	0.0150	0.0094	0.0670	0.0320	0.0486	0.0449	0.0054
000390	A	0.012067	0.156528	0.047468	0.0124	0.0134	0.0850	0.0410	0.0546	0.0527	0.0057
000391	L	0.014085	0.168582	0.042996	0.0099	0.0113	0.0990	0.0390	0.0576	0.0585	0.0061
000392	A	0.014254	0.166206	0.039306	0.0194	0.0194	0.1020	0.0410	0.0600	0.0560	0.0072
000393	C	0.015233	0.178461	0.036383	0.0350	0.0389	0.1240	0.0400	0.0714	0.0592	0.0082
000394	T	0.017678	0.223255	0.033697	0.0414	0.0531	0.1470	0.0670	0.0860	0.0742	0.0093
000395	S	0.049217	0.262554	0.031447	0.0660	0.0909	0.1610	0.0700	0.1102	0.0796	0.0098
000396	G	0.111973	0.306947	0.029301	0.0660	0.0581	0.1760	0.0700	0.1248	0.0940	0.0098
000397	G	0.159639	0.369663	0.027665	0.0643	0.0555	0.1960	0.0770	0.1455	0.1166	0.0097
000398	V	0.228352	0.412788	0.026230	0.0701	0.0835	0.1990	0.0620	0.1700	0.1300	0.0099
000399	L	0.296524	0.469236	0.024789	0.1292	0.0967	0.2040	0.0590	0.2033	0.1461	0.0099
000400	R	0.387326	0.535905	0.023675	0.0884	0.0531	0.2260	0.0470	0.2190	0.1878	0.0096
000401	G	0.482420	0.573479	0.022953	0.0607	0.0765	0.2690	0.0390	0.2475	0.2146	0.0088
000402	S	0.557084	0.582521	0.022836	0.0643	0.1449	0.2910	0.0450	0.2771	0.2233	0.0078
000403	G	0.589522	0.584878	0.022916	0.0832	0.1048	0.2840	0.0480	0.2783	0.2325	0.0068
000404	N	0.574709	0.547551	0.022737	0.1266	0.1643	0.2920	0.0610	0.2879	0.2087	0.0055
000405	Q	0.529318	0.479917	0.022187	0.0660	0.0929	0.3030	0.0780	0.2488	0.2017	0.0044
000406	K	0.525060	0.434169	0.021352	0.0621	0.0531	0.2710	0.0700	0.2278	0.1973	0.0035
000407	V	0.477950	0.375486	0.021436	0.0336	0.0349	0.2380	0.0610	0.1969	0.1809	0.0026
000408	G	0.452571	0.305443	0.023177	0.0160	0.0235	0.2040	0.0630	0.1709	0.1664	0.0020
000409	A	0.373379	0.228512	0.026738	0.0167	0.0372	0.1630	0.0550	0.1409	0.1300	0.0014
000410	I	0.291568	0.169934	0.031592	0.0194	0.0389	0.1480	0.0560	0.1166	0.0976	0.0011
000411	V	0.221617	0.115232	0.037580	0.0173	0.0454	0.1170	0.0470	0.0924	0.0692	0.0008
000412	N	0.191715	0.081044	0.045020	0.0081	0.0253	0.0910	0.0250	0.0737	0.0602	0.0007
000413	T	0.183821	0.067343	0.053901	0.0090	0.0258	0.0800	0.0190	0.0700	0.0563	0.0006
000414	I	0.185667	0.056138	0.063643	0.0042	0.0160	0.0750	0.0160	0.0668	0.0589	0.0004
000415	G	0.140262	0.047575	0.073272	0.0042	0.0127	0.0710	0.0130	0.0582	0.0451	0.0004
000416	Y	0.116622	0.039866	0.082859	0.0012	0.0089	0.0820	0.0200	0.0552	0.0419	0.0003
000417	Y	0.071907	0.039233	0.092875	0.0008	0.0076	0.1060	0.0420	0.0530	0.0402	0.0003
000418	V	0.057404	0.036054	0.103334	0.0007	0.0070	0.1270	0.0540	0.0553	0.0469	0.0003
000419	V	0.042793	0.037856	0.113506	0.0006	0.0064	0.1500	0.0540	0.0585	0.0550	0.0003
000420	G	0.036434	0.040172	0.122922	0.0004	0.0073	0.1580	0.0470	0.0609	0.0590	0.0003
000421	L	0.030987	0.040496	0.132445	0.0005	0.0107	0.1500	0.0410	0.0609	0.0586	0.0003
000422	P	0.020815	0.040409	0.143319	0.0007	0.0102	0.1440	0.0400	0.0599	0.0604	0.0004
000423	I	0.001974	0.041875	0.155514	0.0007	0.0097	0.1520	0.0480	0.0604	0.0676	0.0004
000424	G	0.003303	0.042527	0.168490	0.0003	0.0075	0.1560	0.0510	0.0630	0.0716	0.0005
000425	I	0.003720	0.045308	0.181154	0.0006	0.0092	0.1490	0.0470	0.0648	0.0729	0.0007
000426	A	0.004746	0.046235	0.193661	0.0003	0.0093	0.1440	0.0450	0.0664	0.0754	0.0008
000427	L	0.005695	0.047689	0.205816	0.0004	0.0095	0.1470	0.0450	0.0694	0.0791	0.0011
000428	M	0.006818	0.051238	0.217436	0.0006	0.0100	0.1620	0.0530	0.0746	0.0844	0.0015
000429	F	0.006989	0.058395	0.228614	0.0004	0.0136	0.1590	0.0570	0.0778	0.0864	0.0020
000430	A	0.007127	0.055061	0.239437	0.0005	0.0194	0.1450	0.0510	0.0777	0.0871	0.0027
000431	T	0.007068	0.063489	0.250171	0.0005	0.0125	0.1390	0.0460	0.0788	0.0903	0.0035
000432	T	0.005972	0.073533	0.260477	0.0008	0.0125	0.1410	0.0510	0.0824	0.0937	0.0043
000433	L	0.004657	0.074345	0.270149	0.0004	0.0079	0.1470	0.0540	0.0841	0.0981	0.0046
000434	G	0.004213	0.067871	0.279340	0.0004	0.0080	0.1540	0.0640	0.0856	0.1020	0.0053
000435	V	0.003103	0.070557	0.288417	0.0002	0.0083	0.1620	0.0740	0.0887	0.1058	0.0057
000436	M	0.002085	0.061623	0.297486	0.0002	0.0090	0.1810	0.0900	0.0919	0.1114	0.0066
000437	G	0.000966	0.048921	0.306277	0.0003	0.0071	0.1860	0.0970	0.0915	0.1158	0.0071
000438	L	0.000719	0.041009	0.313755	0.0003	0.0097	0.1960	0.1090	0.0936	0.1198	0.0077
000439	W	0.000459	0.035897	0.319775	0.0002	0.0100	0.1770	0.0980	0.0906	0.1196	0.0085
000440	S	0.000415	0.028021	0.323982	0.0004	0.0117	0.1700	0.0980	0.0890	0.1205	0.0073
000441	G	0.000336	0.023519	0.326933	0.0004	0.0093	0.1640	0.1000	0.0874	0.1215	0.0062
000442	I	0.000281	0.018710	0.328495	0.0003	0.0065	0.1700	0.1060	0.0874	0.1234	0.0051
000443	I	0.000264	0.014338	0.328640	0.0002	0.0049	0.1670	0.1010	0.0859	0.1237	0.0046
000444	I	0.000246	0.011557	0.327483	0.0002	0.0064	0.1550	0.0870	0.0835	0.1222	0.0045
000445	C	0.000135	0.010706	0.325613	0.0001	0.0047	0.1560	0.0880	0.0828	0.1220	0.0044
000446	T	0.000065	0.009714	0.324053	0.0002	0.0044	0.1610	0.0920	0.0833	0.1221	0.0047
000447	V	0.000052	0.008947	0.321994	0.0001	0.0038	0.1640	0.0940	0.0831	0.1219	0.0047
000448	F	0.000046	0.009015	0.318525	0.0001	0.0039	0.1630	0.0920	0.0824	0.1207	0.0048
000449	Q	0.000039	0.008761	0.312561	0.0001	0.0038	0.1530	0.0900	0.0798	0.1177	0.0049
000450	A	0.000032	0.008336	0.305069	0.0002	0.0050	0.1460	0.0900	0.0775	0.1144	0.0050
000451	V	0.000027	0.008196	0.296891	0.0001	0.0039	0.1370	0.0780	0.0743	0.1109	0.0059
000452	C	0.000024	0.008538	0.288248	0.0001	0.0039	0.1220	0.0650	0.0705	0.1067	0.0080
000453	F	0.000023	0.008610	0.278866	0.0001	0.0051	0.1100	0.0480	0.0672	0.1024	0.0115
000454	L	0.000020	0.009535	0.268762	0.0002	0.0061	0.1020	0.0430	0.0645	0.0982	0.0157
000455	G	0.000014	0.010322	0.258098	0.0004	0.0062	0.1110	0.0470	0.0643	0.0951	0.0215
000456	F	0.000009	0.011403	0.247723	0.0006	0.0085	0.1230	0.0650	0.0652	0.0923	0.0269
000457	I	0.000010	0.013237	0.237303	0.0003	0.0084	0.1100	0.0590	0.0615	0.0875	0.0319
000458	I	0.000010	0.018953	0.228431	0.0005	0.0093	0.1060	0.0610	0.0605	0.0835	0.0398
000459	Q	0.000014	0.032585	0.221959	0.0009	0.0148	0.0990	0.0570	0.0615	0.0792	0.0494
000460	L	0.000059	0.051566	0.217998	0.0008	0.0102	0.0990	0.0550	0.0633	0.0775	0.0599
000461	N	0.000104	0.078662	0.216890	0.0010	0.0119	0.1160	0.0600	0.0708	0.0783	0.0738
000462	W	0.000158	0.108549	0.219368	0.0013	0.0141	0.1790	0.0840	0.0870	0.0881	0.0901
000463	K	0.005493	0.151660	0.226427	0.0055	0.0248	0.1690	0.0680	0.0972	0.0884	0.0945
000464	K	0.016908	0.199798	0.236476	0.0087	0.0263	0.1860	0.0740	0.1123	0.0963	0.0940
000465	A	0.039888	0.240745	0.247321	0.0226	0.0454	0.2460	0.1100	0.1404	0.1047	0.0943
000466	C	0.052477	0.264584	0.258222	0.0124	0.0281	0.2860	0.1150	0.1502	0.1201	0.0943
000467	Q	0.108532	0.280014	0.270535	0.0316	0.0592	0.2680	0.1140	0.1697	0.1058	0.1035
000468	Q	0.208599	0.295201	0.283535	0.0414	0.1115	0.2420	0.1030	0.1971	0.0920	0.1129
000469	A	0.299777	0.291561	0.296897	0.0813	0.1229	0.2210	0.0980	0.2189	0.0876	0.1230
000470	Q	0.367430	0.290669	0.308924	0.0884	0.1424	0.2060	0.0830	0.2339	0.0975	0.1328
000471	V	0.430730	0.290305	0.320652	0.1205	0.2258	0.2020	0.0670	0.2650	0.0980	0.1454
000472	H	0.501884	0.322970	0.332161	0.1416	0.2129	0.2000	0.0680	0.2852	0.1182	0.1575
000473	A	0.593430	0.341210	0.343600	0.1998	0.2988	0.2110	0.0750	0.3313	0.1302	0.1671
000474	N	0.665310	0.377548	0.355557	0.2041	0.3087	0.2230	0.0850	0.3556	0.1523	0.1852
000475	L	0.755347	0.415468	0.368277	0.2041	0.3087	0.2530	0.1030	0.3841	0.1800	0.2063
000476	K	0.802618	0.466791	0.382058	0.2558	0.3087	0.2570	0.1180	0.4122	0.1895	0.2258
000477	V	0.781187	0.511225	0.396304	0.3885	0.3053	0.2820	0.1170	0.4441	0.1679	0.2478
000478	N	0.793406	0.543600	0.412023	0.3717	0.3321	0.2730	0.1010	0.4543	0.1729	0.2683
000479	N	0.829819	0.562294	0.429927	0.3184	0.3286	0.3090	0.1110	0.4631	0.1862	0.2915
000480	V	0.860026	0.589854	0.450668	0.3885	0.3807	0.3550	0.1290	0.5041	0.1769	0.3139
000481	P	0.888568	0.614435	0.473651	0.3992	0.4087	0.3320	0.1220	0.5194	0.1868	0.3363
000482	R	0.894596	0.618084	0.498254	0.4918	0.3983	0.3610	0.1330	0.5437	0.1769	0.3561
000483	S	0.905275	0.646177	0.523613	0.5229	0.3983	0.3530	0.1190	0.5583	0.1817	0.3783
000484	G	0.912737	0.658329	0.548924	0.5084	0.4685	0.3500	0.1180	0.5745	0.1770	0.4018
000485	N	0.918191	0.665720	0.574223	0.5173	0.4541	0.3410	0.1190	0.5785	0.1819	0.4241
000486	S	0.948333	0.684094	0.599379	0.6255	0.4652	0.3410	0.1220	0.6106	0.1886	0.4247
000487	A	0.952918	0.695013	0.624498	0.6255	0.4940	0.3250	0.1040	0.6195	0.1911	0.4126
000488	L	0.945463	0.698686	0.649781	0.6219	0.6089	0.3290	0.0920	0.6423	0.1802	0.4071
000489	P	0.953101	0.711861	0.674622	0.6474	0.6089	0.2830	0.0790	0.6465	0.1969	0.4089
000490	Q	0.942944	0.726578	0.698499	0.6557	0.4831	0.2980	0.0750	0.6341	0.2018	0.4150
000491	D	0.922137	0.734170	0.720851	0.7192	0.5951	0.3030	0.0890	0.6657	0.1885	0.4216
000492	P	0.904899	0.734082	0.741274	0.6604	0.5493	0.3180	0.1020	0.6513	0.1830	0.4317
000493	L	0.878650	0.758553	0.758559	0.6681	0.4409	0.3540	0.1260	0.6431	0.1860	0.4440
000494	H	0.854156	0.765655	0.771953	0.6715	0.3494	0.3330	0.0890	0.6244	0.2070	0.4568
000495	P	0.831779	0.769073	0.782821	0.6412	0.3599	0.3260	0.0740	0.6185	0.2033	0.4707
000496	G	0.804491	0.781212	0.793020	0.6124	0.3599	0.3280	0.0640	0.6131	0.2012	0.4823
000497	C	0.784311	0.786463	0.803331	0.6124	0.3774	0.3240	0.0650	0.6146	0.1979	0.4926
000498	P	0.743745	0.795467	0.812303	0.6374	0.3356	0.3130	0.0420	0.6063	0.2071	0.5071
000499	E	0.698891	0.797912	0.820645	0.7111	0.4220	0.3680	0.0800	0.6364	0.1768	0.5231
000500	N	0.693577	0.803740	0.828933	0.6557	0.3948	0.4220	0.0870	0.6331	0.1698	0.5451
000501	L	0.696018	0.811108	0.838372	0.6604	0.4017	0.4240	0.0870	0.6386	0.1711	0.5683
000502	E	0.699661	0.824960	0.848113	0.6374	0.3840	0.4320	0.1020	0.6376	0.1779	0.5770
000503	G	0.704125	0.832857	0.857672	0.6174	0.3704	0.4960	0.1260	0.6464	0.1743	0.5882
000504	I	0.715957	0.842891	0.867120	0.6715	0.4940	0.5240	0.1280	0.6858	0.1425	0.5967
000505	L	0.730742	0.849390	0.876232	0.6827	0.4901	0.5070	0.1220	0.6894	0.1501	0.6018
000506	T	0.746506	0.867254	0.884945	0.6870	0.4541	0.5440	0.1050	0.6972	0.1578	0.5931
000507	N	0.778576	0.876441	0.892544	0.6984	0.4725	0.6120	0.0770	0.7218	0.1477	0.5833
000508	D	0.822535	0.893275	0.898913	0.7724	0.5707	0.6610	0.0850	0.7699	0.1198	0.5774
000509	V	0.833668	0.903310	0.903739	0.7605	0.5382	0.6760	0.0710	0.7692	0.1307	0.5610
000510	G	0.836680	0.913527	0.907508	0.7644	0.4831	0.7060	0.0700	0.7685	0.1474	0.5390
000511	K	0.846581	0.924065	0.910690	0.7724	0.4725	0.7410	0.0680	0.7779	0.1519	0.5202
000512	T	0.858450	0.928931	0.913681	0.8001	0.5807	0.7640	0.0620	0.8076	0.1169	0.4996
000513	G	0.859456	0.933413	0.916225	0.7817	0.5807	0.7830	0.0720	0.8091	0.1177	0.4845
000514	E	0.864972	0.936282	0.918108	0.7869	0.5992	0.7920	0.0630	0.8163	0.1123	0.4689
000515	P	0.872644	0.939628	0.918885	0.8283	0.7718	0.8100	0.0650	0.8568	0.0595	0.4560
000516	Q	0.879278	0.942024	0.918692	0.8521	0.7755	0.8580	0.0610	0.8710	0.0533	0.4471
000517	S	0.885778	0.943445	0.918127	0.8823	0.7982	0.8570	0.0600	0.8808	0.0461	0.4463
000518	D	0.893863	0.945247	0.917018	0.8283	0.8013	0.8650	0.0530	0.8751	0.0496	0.4451
000519	Q	0.906271	0.945797	0.915206	0.8350	0.7881	0.8860	0.0420	0.8794	0.0529	0.4413
000520	Q	0.915049	0.944314	0.911044	0.8713	0.8920	0.8940	0.0360	0.9047	0.0227	0.4403
000521	M	0.917766	0.939125	0.904213	0.8677	0.8942	0.9150	0.0390	0.9063	0.0221	0.4412
000522	R	0.918777	0.932618	0.894571	0.9009	0.9039	0.9120	0.0480	0.9105	0.0126	0.4380
000523	Q	0.916342	0.924353	0.882557	0.9040	0.8966	0.9200	0.0530	0.9073	0.0146	0.4363
000524	E	0.915036	0.913897	0.868421	0.9040	0.8765	0.8960	0.0730	0.8956	0.0177	0.4354
000525	E	0.911156	0.901176	0.850828	0.9009	0.8655	0.8460	0.1090	0.8793	0.0260	0.4346
000526	P	0.908568	0.882903	0.830890	0.8556	0.7369	0.8330	0.1170	0.8413	0.0541	0.4337
000527	L	0.904370	0.865377	0.808385	0.8424	0.7331	0.8580	0.1190	0.8353	0.0539	0.4328
000528	P	0.895422	0.841712	0.785341	0.7458	0.7369	0.8490	0.1350	0.8090	0.0576	0.4322
000529	E	0.882628	0.822151	0.760580	0.7388	0.7250	0.8440	0.1330	0.7955	0.0578	0.4325
000530	H	0.870944	0.803759	0.734545	0.7192	0.7209	0.8370	0.1410	0.7811	0.0596	0.4330
000531	P	0.866295	0.788474	0.707074	0.7079	0.6043	0.8160	0.1530	0.7483	0.0858	0.4318
000532	Q	0.872488	0.766110	0.679726	0.7232	0.5620	0.8290	0.1530	0.7387	0.1014	0.4267
000533	D	0.876117	0.758847	0.653013	0.6334	0.4685	0.8230	0.1660	0.7022	0.1353	0.4228
000534	G	0.882892	0.729098	0.627502	0.5296	0.4685	0.7990	0.1890	0.6728	0.1458	0.4167
000535	A	0.877454	0.691512	0.602864	0.4149	0.4582	0.7750	0.2090	0.6367	0.1645	0.4080
000536	K	0.837182	0.657649	0.579135	0.3992	0.4441	0.7430	0.2340	0.6101	0.1552	0.3967
000537	L	0.799016	0.619594	0.555727	0.3491	0.3321	0.7290	0.2390	0.5641	0.1759	0.3849
000538	S	0.752237	0.573630	0.533003	0.4203	0.3460	0.6740	0.2430	0.5498	0.1387	0.3722
000539	R	0.698890	0.524005	0.511153	0.2602	0.2399	0.6220	0.2580	0.4760	0.1716	0.3575
000540	K	0.608627	0.472239	0.490210	0.1495	0.1554	0.5180	0.2090	0.3990	0.1795	0.3455
000541	Q	0.508347	0.415418	0.469080	0.0701	0.1554	0.4410	0.1940	0.3433	0.1672	0.3392
000542	L	0.410135	0.347759	0.447422	0.0245	0.0909	0.3670	0.1690	0.2814	0.1624	0.3377
000543	V	0.308150	0.297664	0.425137	0.0231	0.0506	0.3120	0.1260	0.2362	0.1474	0.3339
000544	L	0.215948	0.251005	0.402430	0.0094	0.0294	0.3120	0.1270	0.2034	0.1425	0.3329
000545	R	0.158523	0.207512	0.379375	0.0034	0.0184	0.3290	0.1190	0.1826	0.1416	0.3332
000546	R	0.099537	0.158758	0.356395	0.0010	0.0151	0.3780	0.1440	0.1681	0.1504	0.3297
000547	G	0.052982	0.130166	0.333772	0.0005	0.0108	0.3620	0.1590	0.1484	0.1473	0.3277
000548	L	0.014700	0.094678	0.311717	0.0004	0.0120	0.3250	0.1490	0.1264	0.1391	0.3235
000549	L	0.009387	0.071748	0.290334	0.0002	0.0125	0.2890	0.1320	0.1122	0.1276	0.3141
000550	L	0.004947	0.052684	0.269651	0.0001	0.0089	0.2590	0.1070	0.0992	0.1181	0.3033
000551	L	0.001013	0.039257	0.250788	0.0001	0.0071	0.2330	0.0820	0.0885	0.1093	0.2808
000552	G	0.000791	0.034580	0.234281	0.0001	0.0059	0.2050	0.0590	0.0802	0.0998	0.2529
000553	V	0.013148	0.026026	0.220706	0.0001	0.0076	0.1840	0.0530	0.0753	0.0909	0.2153
000554	F	0.024328	0.019792	0.209245	0.0001	0.0072	0.1860	0.0560	0.0745	0.0878	0.1828
000555	L	0.036242	0.015606	0.199074	0.0001	0.0073	0.1980	0.0580	0.0760	0.0873	0.1437
000556	I	0.048189	0.012638	0.191508	0.0001	0.0060	0.2150	0.0730	0.0789	0.0896	0.1081
000557	L	0.056943	0.011031	0.185631	0.0001	0.0060	0.2450	0.0930	0.0842	0.0962	0.0793
000558	L	0.069358	0.010939	0.182299	0.0001	0.0046	0.2720	0.1170	0.0899	0.1030	0.0563
000559	V	0.077332	0.010916	0.179350	0.0001	0.0060	0.2920	0.1210	0.0942	0.1081	0.0361
000560	G	0.079418	0.010942	0.178271	0.0001	0.0074	0.3070	0.1180	0.0971	0.1123	0.0235
000561	I	0.084276	0.011673	0.178736	0.0001	0.0081	0.4620	0.1830	0.1242	0.1635	0.0143
000562	L	0.074345	0.015102	0.181235	0.0001	0.0089	0.5800	0.2450	0.1432	0.2048	0.0095
000563	V	0.068832	0.022247	0.184140	0.0001	0.0072	0.5990	0.2400	0.1469	0.2115	0.0063
000564	R	0.060357	0.039380	0.186744	0.0001	0.0076	0.6300	0.1980	0.1540	0.2215	0.0046
000565	F	0.053244	0.074311	0.188470	0.0002	0.0090	0.6260	0.1410	0.1585	0.2179	0.0031
000566	Y	0.045184	0.124038	0.189991	0.0004	0.0100	0.6140	0.1160	0.1639	0.2118	0.0023
000567	V	0.052737	0.214091	0.191168	0.0010	0.0123	0.6760	0.1200	0.1912	0.2320	0.0017
000568	R	0.031523	0.350936	0.192297	0.0061	0.0146	0.7870	0.0840	0.2304	0.2775	0.0013
000569	I	0.043827	0.414584	0.192829	0.0226	0.0178	0.7800	0.0840	0.2452	0.2766	0.0009
000570	Q	0.006471	0.496026	0.193109	0.0643	0.0209	0.7770	0.0760	0.2597	0.2851	0.0008