RESNUM	RES	VL-XT	VSL2B	VL3	IUPred-S	IUPred-L	PONDRFIT	FITERROR	MDP	MDPERROR	ANCHOR2
000001	M	0.884835	0.852304	0.882299	0.8158	0.4652	0.9830	0.0170	0.8139	0.1639	0.5623
000002	S	0.863876	0.854504	0.881525	0.7458	0.4901	0.9800	0.0110	0.8027	0.1555	0.5575
000003	V	0.754744	0.852134	0.879784	0.6789	0.4409	0.9780	0.0150	0.7640	0.1725	0.5504
000004	Q	0.662000	0.841809	0.877595	0.6334	0.5176	0.9760	0.0150	0.7514	0.1587	0.5477
000005	V	0.621115	0.825676	0.875065	0.5229	0.5758	0.9660	0.0230	0.7311	0.1655	0.5483
000006	V	0.583797	0.809672	0.872410	0.5084	0.5211	0.9710	0.0110	0.7111	0.1811	0.5526
000007	S	0.553715	0.799153	0.869861	0.4879	0.5758	0.9500	0.0360	0.7061	0.1746	0.5546
000008	A	0.529661	0.772044	0.868119	0.3762	0.5254	0.9580	0.0280	0.6715	0.2079	0.5620
000009	A	0.517986	0.759620	0.866903	0.3535	0.5419	0.9500	0.0330	0.6650	0.2100	0.5813
000010	A	0.517680	0.763864	0.866252	0.2385	0.5951	0.9290	0.0500	0.6518	0.2337	0.5962
000011	A	0.524917	0.775251	0.865649	0.1921	0.5456	0.9340	0.0560	0.6395	0.2511	0.6177
000012	A	0.569752	0.788883	0.865044	0.2531	0.5758	0.9170	0.0540	0.6616	0.2257	0.6499
000013	K	0.612340	0.809790	0.864341	0.1921	0.6136	0.8970	0.0470	0.6648	0.2392	0.6856
000014	V	0.656278	0.825357	0.863779	0.2531	0.6806	0.8770	0.0410	0.6926	0.2143	0.7289
000015	P	0.689519	0.832437	0.864076	0.2700	0.6755	0.8440	0.0460	0.6959	0.2044	0.7662
000016	E	0.718205	0.835950	0.865504	0.3225	0.7080	0.8450	0.0450	0.7159	0.1864	0.7997
000017	V	0.750468	0.842757	0.868453	0.4078	0.7881	0.8610	0.0450	0.7531	0.1599	0.8260
000018	E	0.781292	0.856027	0.872135	0.3762	0.7881	0.8280	0.0570	0.7503	0.1705	0.8505
000019	L	0.805351	0.865209	0.876123	0.4282	0.8235	0.8370	0.0610	0.7727	0.1559	0.8695
000020	K	0.834240	0.878888	0.879242	0.4600	0.7881	0.8210	0.0700	0.7769	0.1453	0.8777
000021	D	0.843337	0.885754	0.881196	0.5126	0.8085	0.8230	0.0700	0.7925	0.1283	0.8951
000022	L	0.848182	0.889415	0.882657	0.4967	0.7672	0.8480	0.0620	0.7887	0.1365	0.9036
000023	S	0.848978	0.895184	0.883172	0.5253	0.7916	0.8350	0.0730	0.7966	0.1259	0.9075
000024	P	0.848166	0.897939	0.883720	0.4918	0.7982	0.8190	0.0920	0.7898	0.1376	0.9112
000025	S	0.844022	0.900458	0.883987	0.5583	0.8343	0.8370	0.0920	0.8097	0.1151	0.9133
000026	E	0.847803	0.902321	0.884779	0.5374	0.7881	0.8430	0.0920	0.8005	0.1231	0.9160
000027	A	0.857771	0.904587	0.886001	0.5008	0.7036	0.8660	0.0830	0.7865	0.1436	0.9173
000028	E	0.874452	0.908044	0.887513	0.5514	0.7672	0.8760	0.0750	0.8108	0.1244	0.9205
000029	S	0.887241	0.910788	0.889277	0.4825	0.7250	0.8880	0.0650	0.7971	0.1538	0.9214
000030	Q	0.899274	0.913160	0.891130	0.5583	0.7628	0.8890	0.0600	0.8189	0.1268	0.9236
000031	L	0.912767	0.916288	0.893040	0.5473	0.7459	0.9050	0.0600	0.8200	0.1355	0.9309
000032	G	0.928470	0.917008	0.895227	0.4967	0.7547	0.9050	0.0610	0.8162	0.1543	0.9310
000033	L	0.945644	0.919486	0.897798	0.5412	0.8375	0.9140	0.0550	0.8426	0.1388	0.9343
000034	S	0.965884	0.924969	0.900744	0.5623	0.8198	0.9220	0.0480	0.8493	0.1357	0.9339
000035	T	0.980674	0.931501	0.904005	0.5623	0.7951	0.9270	0.0480	0.8501	0.1404	0.9330
000036	A	0.988787	0.937720	0.907575	0.5473	0.7982	0.9340	0.0510	0.8523	0.1481	0.9296
000037	A	0.992854	0.944760	0.911283	0.5296	0.7843	0.9360	0.0540	0.8498	0.1568	0.9252
000038	V	0.993615	0.948926	0.915227	0.5623	0.8198	0.9380	0.0470	0.8629	0.1444	0.9194
000039	G	0.994141	0.955381	0.918812	0.5412	0.8313	0.9410	0.0460	0.8636	0.1525	0.9136
000040	A	0.995593	0.958924	0.922383	0.5762	0.8421	0.9410	0.0430	0.8728	0.1406	0.9093
000041	M	0.997547	0.962608	0.925650	0.5762	0.8050	0.9460	0.0410	0.8688	0.1439	0.9037
000042	A	0.998032	0.965655	0.928952	0.6474	0.8853	0.9450	0.0400	0.8950	0.1159	0.8901
000043	P	0.998431	0.967637	0.932415	0.6293	0.8655	0.9320	0.0470	0.8875	0.1224	0.8805
000044	P	0.998469	0.970907	0.936075	0.6870	0.9230	0.9230	0.0530	0.9064	0.1018	0.8720
000045	A	0.997664	0.974734	0.939775	0.6604	0.9126	0.9310	0.0500	0.9026	0.1119	0.8700
000046	G	0.997428	0.977334	0.942706	0.6715	0.8966	0.9300	0.0510	0.9026	0.1083	0.8705
000047	G	0.997319	0.979780	0.944923	0.6650	0.9151	0.9250	0.0580	0.9045	0.1109	0.8771
000048	G	0.996951	0.982438	0.946395	0.6604	0.9287	0.9140	0.0680	0.9049	0.1130	0.8855
000049	D	0.996795	0.984299	0.947420	0.7317	0.9649	0.9040	0.0750	0.9215	0.0899	0.8965
000050	P	0.996439	0.986200	0.947782	0.7418	0.9711	0.8960	0.0820	0.9233	0.0874	0.9007
000051	E	0.996082	0.987224	0.948025	0.7688	0.9621	0.8960	0.0810	0.9264	0.0775	0.9061
000052	A	0.995783	0.988535	0.948649	0.8118	0.9744	0.8980	0.0770	0.9363	0.0643	0.9144
000053	P	0.995967	0.990282	0.949528	0.7817	0.9777	0.8850	0.0810	0.9300	0.0760	0.9237
000054	A	0.996847	0.991129	0.950910	0.7772	0.9777	0.8800	0.0780	0.9289	0.0783	0.9333
000055	P	0.997354	0.992262	0.952162	0.7540	0.9725	0.8660	0.0860	0.9224	0.0870	0.9385
000056	A	0.997619	0.992766	0.953489	0.7869	0.9756	0.8750	0.0780	0.9303	0.0759	0.9433
000057	A	0.998032	0.992955	0.954611	0.7817	0.9756	0.8710	0.0830	0.9290	0.0782	0.9451
000058	E	0.998220	0.993368	0.955581	0.7817	0.9797	0.8520	0.0970	0.9268	0.0814	0.9432
000059	R	0.998592	0.993391	0.956701	0.7817	0.9762	0.8440	0.1040	0.9251	0.0825	0.9398
000060	P	0.998962	0.993302	0.957704	0.7644	0.9684	0.8440	0.1030	0.9212	0.0869	0.9370
000061	P	0.999279	0.993347	0.959006	0.7388	0.9519	0.8390	0.1010	0.9136	0.0942	0.9383
000062	V	0.999514	0.993316	0.960514	0.7034	0.9211	0.8550	0.0920	0.9054	0.1027	0.9409
000063	P	0.999748	0.993214	0.962370	0.7192	0.9287	0.8510	0.0910	0.9091	0.0982	0.9441
000064	G	0.999860	0.993376	0.964181	0.6827	0.9308	0.8740	0.0800	0.9075	0.1090	0.9480
000065	P	0.999678	0.993189	0.965970	0.7111	0.9308	0.8840	0.0740	0.9142	0.0989	0.9514
000066	G	0.999343	0.993080	0.967699	0.7147	0.9039	0.9030	0.0590	0.9136	0.0969	0.9580
000067	S	0.998977	0.992624	0.969540	0.7317	0.9168	0.9030	0.0580	0.9188	0.0910	0.9654
000068	G	0.998533	0.992189	0.971543	0.7418	0.9249	0.9000	0.0610	0.9216	0.0877	0.9724
000069	P	0.998140	0.991861	0.973274	0.7232	0.8872	0.8940	0.0590	0.9113	0.0950	0.9786
000070	A	0.997696	0.990940	0.974572	0.7192	0.9039	0.9040	0.0500	0.9151	0.0955	0.9846
000071	A	0.997235	0.989075	0.975382	0.6715	0.8942	0.9050	0.0540	0.9054	0.1119	0.9881
000072	A	0.996655	0.987705	0.975957	0.6789	0.8596	0.9100	0.0560	0.9014	0.1106	0.9904
000073	L	0.995889	0.986398	0.976360	0.7501	0.8966	0.9110	0.0570	0.9195	0.0845	0.9920
000074	S	0.995294	0.984984	0.976398	0.7232	0.8623	0.9140	0.0580	0.9094	0.0953	0.9921
000075	P	0.994968	0.982675	0.976145	0.7317	0.8493	0.9140	0.0580	0.9081	0.0934	0.9923
000076	A	0.992868	0.980042	0.975478	0.7079	0.8125	0.9280	0.0550	0.8995	0.1050	0.9932
000077	A	0.992281	0.977044	0.974490	0.6870	0.8125	0.9230	0.0610	0.8944	0.1106	0.9933
000078	G	0.990415	0.973992	0.973507	0.6906	0.8125	0.9230	0.0600	0.8940	0.1087	0.9927
000079	K	0.985739	0.971654	0.972528	0.6984	0.8235	0.9230	0.0620	0.8959	0.1038	0.9921
000080	V	0.984004	0.968470	0.971665	0.6906	0.8235	0.9320	0.0550	0.8951	0.1060	0.9918
000081	P	0.976588	0.964796	0.970879	0.7111	0.8596	0.9260	0.0630	0.9014	0.0940	0.9901
000082	Q	0.960037	0.961810	0.970375	0.7458	0.8853	0.9260	0.0710	0.9082	0.0781	0.9893
000083	A	0.946981	0.959582	0.969809	0.7724	0.9057	0.9150	0.0820	0.9116	0.0663	0.9891
000084	S	0.916961	0.956578	0.968890	0.8158	0.9433	0.9080	0.0910	0.9183	0.0504	0.9880
000085	A	0.912511	0.954470	0.967960	0.8311	0.9503	0.9030	0.0980	0.9199	0.0459	0.9888
000086	M	0.876403	0.953385	0.967228	0.8311	0.9381	0.9020	0.1040	0.9114	0.0472	0.9888
000087	K	0.849961	0.952170	0.966278	0.8556	0.9534	0.8820	0.1250	0.9098	0.0486	0.9870
000088	R	0.816653	0.948461	0.964984	0.8677	0.9621	0.8760	0.1310	0.9060	0.0560	0.9869
000089	S	0.769021	0.945252	0.962312	0.8857	0.9657	0.8730	0.1310	0.9001	0.0687	0.9874
000090	D	0.727191	0.938986	0.958680	0.8857	0.9684	0.8810	0.1230	0.8933	0.0815	0.9877
000091	P	0.684914	0.932572	0.954227	0.9141	0.9783	0.8700	0.1340	0.8890	0.0973	0.9872
000092	H	0.635681	0.927846	0.949738	0.9068	0.9751	0.8680	0.1370	0.8773	0.1131	0.9876
000093	H	0.606516	0.923435	0.945234	0.8920	0.9677	0.8560	0.1460	0.8652	0.1211	0.9860
000094	Q	0.533328	0.918870	0.940177	0.9040	0.9547	0.8460	0.1490	0.8495	0.1455	0.9833
000095	H	0.496360	0.914685	0.935114	0.8886	0.9329	0.8440	0.1510	0.8353	0.1547	0.9826
000096	Q	0.448228	0.910024	0.929169	0.8713	0.9396	0.8370	0.1560	0.8225	0.1710	0.9809
000097	R	0.422701	0.903007	0.922193	0.8595	0.9593	0.8340	0.1580	0.8168	0.1809	0.9796
000098	H	0.393449	0.894907	0.914180	0.8595	0.9664	0.8360	0.1610	0.8107	0.1911	0.9793
000099	R	0.372710	0.887631	0.906322	0.8781	0.9664	0.8440	0.1560	0.8092	0.1987	0.9756
000100	D	0.393990	0.879434	0.899401	0.8781	0.9677	0.8450	0.1630	0.8106	0.1900	0.9712
000101	G	0.417937	0.873405	0.893111	0.8781	0.9433	0.8430	0.1660	0.8082	0.1771	0.9650
000102	G	0.449964	0.864727	0.887117	0.8521	0.9287	0.8670	0.1400	0.8082	0.1621	0.9598
000103	E	0.477903	0.853375	0.880733	0.8001	0.9269	0.8640	0.1450	0.8005	0.1491	0.9521
000104	A	0.523432	0.848823	0.873853	0.7724	0.9057	0.8760	0.1320	0.8001	0.1304	0.9477
000105	L	0.573718	0.839735	0.866987	0.7573	0.9168	0.8900	0.1150	0.8074	0.1158	0.9439
000106	V	0.621504	0.832003	0.860859	0.7275	0.9081	0.8590	0.1460	0.8014	0.0974	0.9295
000107	S	0.681056	0.827466	0.855918	0.7418	0.8991	0.8300	0.1640	0.8059	0.0730	0.9089
000108	P	0.731727	0.827493	0.851077	0.7388	0.8623	0.8000	0.1780	0.8020	0.0510	0.8805
000109	D	0.745276	0.817775	0.846386	0.7111	0.8421	0.7730	0.1850	0.7893	0.0503	0.8517
000110	G	0.734664	0.808016	0.842702	0.6557	0.8313	0.7470	0.2150	0.7699	0.0650	0.8276
000111	T	0.671186	0.812695	0.841014	0.6516	0.8313	0.7320	0.2300	0.7566	0.0761	0.8005
000112	V	0.640282	0.812843	0.840114	0.6442	0.7718	0.7400	0.2210	0.7415	0.0769	0.7790
000113	T	0.626471	0.810946	0.838845	0.6474	0.7843	0.7190	0.2080	0.7379	0.0802	0.7582
000114	E	0.606513	0.804453	0.837306	0.5992	0.6806	0.7190	0.1870	0.7078	0.0904	0.7464
000115	A	0.563089	0.804151	0.836147	0.6255	0.6851	0.6980	0.1730	0.7020	0.0948	0.7614
000116	P	0.485555	0.806886	0.835196	0.5992	0.7628	0.6580	0.1770	0.6913	0.1232	0.7768
000117	R	0.451813	0.808307	0.834004	0.6219	0.8279	0.6510	0.1870	0.6991	0.1391	0.8014
000118	T	0.395017	0.799706	0.833127	0.6174	0.8235	0.6770	0.1760	0.6910	0.1543	0.8264
000119	V	0.368267	0.801872	0.832527	0.5900	0.8085	0.6950	0.1550	0.6828	0.1634	0.8523
000120	K	0.363492	0.804095	0.832783	0.5846	0.8050	0.6870	0.1510	0.6795	0.1652	0.8648
000121	K	0.427301	0.810705	0.833053	0.5846	0.7120	0.6930	0.1520	0.6768	0.1382	0.8733
000122	Q	0.457680	0.814905	0.832788	0.5846	0.7209	0.6960	0.1430	0.6845	0.1303	0.8928
000123	I	0.484724	0.816489	0.831631	0.5711	0.7718	0.7290	0.1350	0.7008	0.1290	0.9066
000124	Q	0.465929	0.820497	0.830107	0.5802	0.7755	0.7330	0.1310	0.7010	0.1338	0.9078
000125	F	0.480158	0.825722	0.828526	0.5762	0.7916	0.7700	0.1110	0.7120	0.1344	0.9076
000126	A	0.455208	0.821389	0.825172	0.5992	0.8085	0.7520	0.1110	0.7103	0.1381	0.8896
000127	D	0.517025	0.830176	0.820621	0.5992	0.7755	0.7770	0.1050	0.7199	0.1186	0.8610
000128	Q	0.586341	0.840268	0.815478	0.5802	0.7036	0.8040	0.1120	0.7216	0.1067	0.8289
000129	K	0.676103	0.853342	0.810791	0.5846	0.7080	0.8250	0.1250	0.7430	0.0951	0.8086
000130	Q	0.688896	0.856599	0.806080	0.5802	0.7672	0.8280	0.1290	0.7546	0.0943	0.7894
000131	E	0.695192	0.865820	0.800929	0.5846	0.7799	0.8390	0.1330	0.7609	0.0952	0.7768
000132	F	0.714571	0.866648	0.795990	0.5992	0.7843	0.8620	0.1240	0.7705	0.0922	0.7702
000133	N	0.792886	0.875502	0.790902	0.5941	0.6991	0.8800	0.1090	0.7721	0.1001	0.7271
000134	K	0.875372	0.880897	0.785993	0.6374	0.7672	0.8910	0.0970	0.8063	0.0894	0.7029
000135	R	0.953675	0.891504	0.781156	0.5762	0.7505	0.9100	0.0850	0.8105	0.1267	0.6991
000136	P	0.968619	0.903730	0.776317	0.6334	0.8313	0.9160	0.0730	0.8382	0.1104	0.6968
000137	T	0.971523	0.912986	0.771986	0.6516	0.7843	0.9340	0.0620	0.8377	0.1115	0.7050
000138	K	0.974067	0.919277	0.768550	0.6442	0.7672	0.9360	0.0610	0.8348	0.1169	0.7462
000139	I	0.980509	0.924568	0.766851	0.5992	0.7628	0.9490	0.0420	0.8304	0.1338	0.7868
000140	G	0.986194	0.934169	0.765382	0.5900	0.7672	0.9470	0.0450	0.8317	0.1383	0.7968
000141	R	0.985805	0.944449	0.762468	0.6035	0.7459	0.9510	0.0390	0.8323	0.1385	0.8018
000142	R	0.983780	0.950203	0.757419	0.5992	0.7331	0.9520	0.0390	0.8294	0.1420	0.8050
000143	S	0.980800	0.954808	0.750661	0.6516	0.8313	0.9460	0.0470	0.8525	0.1203	0.8011
000144	L	0.979133	0.959444	0.742955	0.6374	0.8198	0.9490	0.0420	0.8480	0.1265	0.8118
000145	S	0.981425	0.964140	0.733986	0.6442	0.7369	0.9430	0.0460	0.8340	0.1330	0.7928
000146	R	0.984383	0.968308	0.724527	0.6334	0.7289	0.9450	0.0410	0.8308	0.1392	0.7814
000147	S	0.987181	0.970988	0.714612	0.5583	0.6906	0.9470	0.0410	0.8115	0.1647	0.7650
000148	I	0.986789	0.973270	0.704594	0.5623	0.6661	0.9530	0.0310	0.8078	0.1691	0.7513
000149	S	0.986707	0.974821	0.694459	0.5583	0.6427	0.9530	0.0320	0.8016	0.1747	0.7032
000150	Q	0.985996	0.976624	0.684240	0.5992	0.7120	0.9580	0.0240	0.8194	0.1581	0.6551
000151	S	0.987804	0.977784	0.674781	0.5802	0.6043	0.9680	0.0150	0.7988	0.1814	0.6261
000152	S	0.990843	0.979529	0.666400	0.5623	0.5951	0.9730	0.0150	0.7945	0.1892	0.6186
000153	T	0.992210	0.980888	0.659600	0.5084	0.5951	0.9700	0.0180	0.7844	0.2016	0.6088
000154	D	0.987120	0.982361	0.653060	0.5043	0.5951	0.9630	0.0180	0.7808	0.2015	0.6122
000155	S	0.981985	0.984030	0.646333	0.5549	0.6620	0.9600	0.0200	0.7983	0.1805	0.6148
000156	Y	0.973364	0.984920	0.639994	0.5549	0.6712	0.9670	0.0210	0.7985	0.1799	0.6379
000157	S	0.966607	0.985551	0.636007	0.5412	0.6712	0.9640	0.0230	0.7942	0.1824	0.6297
000158	S	0.961722	0.986747	0.634303	0.5549	0.6851	0.9630	0.0260	0.7976	0.1771	0.6248
000159	A	0.945128	0.988579	0.634322	0.5941	0.7547	0.9620	0.0260	0.8132	0.1601	0.6170
000160	A	0.932200	0.989468	0.634484	0.6035	0.7505	0.9570	0.0270	0.8112	0.1558	0.6099
000161	S	0.907173	0.989135	0.634985	0.5623	0.7672	0.9520	0.0270	0.8021	0.1607	0.5889
000162	Y	0.877964	0.989157	0.635817	0.5623	0.7755	0.9540	0.0280	0.7991	0.1579	0.5703
000163	T	0.875368	0.988969	0.637359	0.6035	0.7843	0.9490	0.0300	0.8065	0.1465	0.5234
000164	D	0.869092	0.988114	0.639566	0.6174	0.7799	0.9490	0.0310	0.8071	0.1423	0.4866
000165	S	0.863450	0.987583	0.642891	0.6255	0.7755	0.9510	0.0310	0.8077	0.1399	0.4455
000166	S	0.857732	0.986732	0.647487	0.6174	0.7881	0.9560	0.0300	0.8089	0.1407	0.4088
000167	D	0.852352	0.985400	0.653752	0.6715	0.8596	0.9570	0.0290	0.8299	0.1277	0.3763
000168	D	0.858544	0.984426	0.660075	0.6906	0.8655	0.9560	0.0280	0.8359	0.1225	0.3549
000169	E	0.869529	0.982854	0.665395	0.6789	0.8655	0.9510	0.0290	0.8355	0.1228	0.3316
000170	T	0.892918	0.981233	0.669104	0.6906	0.8741	0.9600	0.0270	0.8446	0.1222	0.3163
000171	S	0.920788	0.979052	0.672540	0.6984	0.8894	0.9590	0.0280	0.8533	0.1222	0.3102
000172	P	0.924931	0.976833	0.676542	0.6906	0.8872	0.9540	0.0320	0.8518	0.1221	0.3091
000173	R	0.924734	0.973861	0.680993	0.7342	0.9329	0.9510	0.0370	0.8663	0.1143	0.3054
000174	D	0.920244	0.971321	0.686187	0.7418	0.9362	0.9430	0.0450	0.8665	0.1101	0.3113
000175	K	0.908513	0.968417	0.692074	0.7388	0.8765	0.9380	0.0500	0.8537	0.1026	0.3146
000176	Q	0.887121	0.964489	0.698738	0.7540	0.7982	0.9320	0.0540	0.8390	0.0959	0.3311
000177	Q	0.859025	0.959978	0.704675	0.7232	0.7415	0.9110	0.0670	0.8165	0.0984	0.3468
000178	K	0.846325	0.954341	0.708896	0.6715	0.7250	0.8910	0.0800	0.7995	0.1038	0.3654
000179	N	0.828350	0.945835	0.712053	0.6293	0.7250	0.8630	0.0940	0.7838	0.1056	0.3847
000180	S	0.735205	0.937622	0.714699	0.6174	0.6269	0.8550	0.1030	0.7477	0.1157	0.4056
000181	K	0.632876	0.928369	0.718253	0.6374	0.6183	0.8180	0.1150	0.7256	0.1138	0.4313
000182	G	0.534799	0.917085	0.721213	0.5900	0.6322	0.7900	0.1280	0.6976	0.1289	0.4553
000183	S	0.443557	0.902470	0.723074	0.5514	0.5577	0.7250	0.1550	0.6506	0.1503	0.4777
000184	S	0.360124	0.882235	0.723729	0.5514	0.5665	0.6620	0.1730	0.6243	0.1614	0.5033
000185	D	0.299313	0.863385	0.724530	0.5229	0.4582	0.6410	0.1730	0.5848	0.1833	0.5281
000186	F	0.299007	0.841499	0.726029	0.5229	0.4582	0.6450	0.1720	0.5821	0.1784	0.5589
000187	C	0.259148	0.844914	0.727853	0.4379	0.4476	0.6300	0.1820	0.5579	0.1967	0.5648
000188	V	0.236347	0.827732	0.728223	0.4245	0.4330	0.5840	0.1380	0.5390	0.1988	0.5674
000189	K	0.282113	0.816694	0.727255	0.4420	0.4476	0.5670	0.1250	0.5471	0.1811	0.5615
000190	N	0.337129	0.807523	0.725493	0.4458	0.3740	0.6260	0.1190	0.5526	0.1779	0.5562
000191	I	0.410570	0.809820	0.725404	0.4513	0.3840	0.6540	0.1170	0.5725	0.1647	0.5559
000192	K	0.488928	0.805702	0.727759	0.3992	0.3215	0.6430	0.1310	0.5644	0.1747	0.5429
000193	Q	0.574983	0.817200	0.731658	0.3939	0.2988	0.6550	0.1340	0.5785	0.1819	0.5376
000194	A	0.648113	0.811079	0.734028	0.3263	0.3117	0.6140	0.1330	0.5741	0.1911	0.5341
000195	E	0.670000	0.801850	0.734357	0.3005	0.3215	0.5770	0.1490	0.5676	0.1937	0.5279
000196	F	0.707230	0.791727	0.732955	0.2865	0.3215	0.6230	0.1560	0.5772	0.1997	0.5222
000197	G	0.731744	0.783731	0.730076	0.3399	0.3807	0.6030	0.1700	0.5948	0.1749	0.5057
000198	R	0.763521	0.780469	0.723823	0.3939	0.4940	0.6080	0.1770	0.6273	0.1437	0.5004
000199	R	0.799347	0.764298	0.713164	0.4116	0.5211	0.6370	0.1600	0.6410	0.1369	0.4959
000200	E	0.818420	0.742595	0.699118	0.4556	0.4541	0.6340	0.1400	0.6341	0.1380	0.4921
000201	I	0.830116	0.737634	0.684546	0.4203	0.4220	0.7240	0.1130	0.6364	0.1583	0.4877
000202	E	0.829304	0.725037	0.670524	0.3992	0.4619	0.6700	0.1310	0.6259	0.1491	0.4792
000203	I	0.831594	0.708877	0.657005	0.3806	0.3983	0.7080	0.1060	0.6140	0.1673	0.4725
000204	A	0.832312	0.693251	0.642159	0.3399	0.3872	0.6560	0.0950	0.5919	0.1733	0.4600
000205	E	0.831951	0.674016	0.625160	0.2913	0.4017	0.6270	0.1050	0.5752	0.1787	0.4458
000206	Q	0.831948	0.646997	0.607174	0.3005	0.3872	0.6030	0.1190	0.5627	0.1745	0.4326
000207	E	0.831284	0.622317	0.589019	0.3578	0.4507	0.4870	0.1490	0.5563	0.1508	0.4199
000208	M	0.832388	0.592869	0.573323	0.3535	0.4582	0.4560	0.1490	0.5444	0.1516	0.4052
000209	P	0.835471	0.553055	0.560771	0.3184	0.4582	0.4120	0.1480	0.5231	0.1624	0.3923
000210	A	0.840930	0.538141	0.549789	0.3096	0.4725	0.3770	0.1420	0.5147	0.1688	0.3815
000211	L	0.848258	0.496037	0.538240	0.3053	0.4541	0.3730	0.1450	0.5024	0.1727	0.3753
000212	M	0.846691	0.458356	0.524459	0.3847	0.5577	0.3430	0.1380	0.5192	0.1641	0.3723
000213	A	0.844620	0.481444	0.510176	0.3806	0.4652	0.3690	0.1480	0.5085	0.1588	0.3756
000214	L	0.851148	0.514231	0.496172	0.4825	0.5098	0.4080	0.1530	0.5436	0.1420	0.3827
000215	R	0.851508	0.536897	0.482804	0.4282	0.5342	0.4200	0.1360	0.5422	0.1456	0.3931
000216	K	0.836768	0.555083	0.470245	0.3885	0.4940	0.4320	0.1160	0.5294	0.1467	0.4073
000217	R	0.822409	0.588211	0.457644	0.3806	0.4831	0.3910	0.1420	0.5206	0.1513	0.4234
000218	A	0.794148	0.605749	0.445483	0.3399	0.4051	0.3650	0.1230	0.4925	0.1598	0.4240
000219	Q	0.765028	0.610016	0.433492	0.3668	0.3740	0.3470	0.1030	0.4828	0.1538	0.4010
000220	G	0.726442	0.618897	0.421714	0.2531	0.3460	0.3540	0.1000	0.4534	0.1656	0.3827
000221	E	0.691748	0.601875	0.408990	0.2167	0.2817	0.3280	0.0950	0.4215	0.1713	0.3665
000222	K	0.612082	0.566368	0.394342	0.2865	0.3460	0.2950	0.0700	0.4168	0.1276	0.3481
000223	P	0.520084	0.534072	0.376530	0.2080	0.3667	0.2510	0.0550	0.3760	0.1223	0.3348
000224	L	0.435134	0.488920	0.356647	0.2385	0.3215	0.2170	0.0480	0.3430	0.0976	0.3284
000225	A	0.365160	0.434707	0.337451	0.3053	0.3872	0.1990	0.0610	0.3382	0.0740	0.3205
000226	G	0.292461	0.381607	0.320190	0.2167	0.3667	0.1750	0.0540	0.2920	0.0751	0.3153
000227	A	0.229998	0.345885	0.304343	0.2167	0.3807	0.1550	0.0490	0.2721	0.0784	0.3126
000228	K	0.197121	0.318200	0.289611	0.1805	0.3840	0.1370	0.0370	0.2511	0.0861	0.3082
000229	I	0.185158	0.272518	0.276889	0.2041	0.3807	0.1130	0.0300	0.2388	0.0842	0.3044
000230	V	0.130223	0.223778	0.267443	0.1958	0.3215	0.1130	0.0280	0.2086	0.0729	0.2990
000231	G	0.122923	0.179929	0.260540	0.1635	0.2503	0.1140	0.0320	0.1819	0.0567	0.2919
000232	C	0.117914	0.172096	0.254448	0.1088	0.2094	0.1180	0.0320	0.1635	0.0541	0.2868
000233	T	0.112299	0.156996	0.248086	0.0660	0.2258	0.1140	0.0270	0.1538	0.0647	0.2905
000234	H	0.106806	0.154616	0.240991	0.0425	0.2002	0.1150	0.0260	0.1434	0.0648	0.2958
000235	I	0.101242	0.151332	0.234839	0.0771	0.1969	0.1310	0.0550	0.1488	0.0539	0.2946
000236	T	0.100834	0.160308	0.230775	0.0935	0.2164	0.1190	0.0470	0.1535	0.0540	0.2981
000237	A	0.074232	0.159025	0.227766	0.0514	0.1942	0.1150	0.0450	0.1370	0.0629	0.2998
000238	Q	0.035717	0.179318	0.225350	0.0607	0.1501	0.0940	0.0280	0.1242	0.0667	0.3005
000239	T	0.039532	0.194553	0.221207	0.0455	0.1554	0.0930	0.0340	0.1248	0.0703	0.3052
000240	A	0.039896	0.187211	0.215378	0.0405	0.1881	0.0840	0.0300	0.1258	0.0731	0.3067
000241	V	0.037794	0.186563	0.208773	0.0567	0.2436	0.0790	0.0280	0.1354	0.0802	0.3104
000242	L	0.036226	0.199005	0.202782	0.0441	0.1611	0.0760	0.0270	0.1198	0.0702	0.3140
000243	M	0.034682	0.199823	0.198224	0.0789	0.2399	0.0740	0.0260	0.1376	0.0776	0.3052
000244	E	0.032868	0.192382	0.194465	0.0350	0.1702	0.0720	0.0250	0.1161	0.0711	0.2841
000245	T	0.028504	0.195456	0.191496	0.0363	0.1501	0.0640	0.0210	0.1110	0.0704	0.2756
000246	L	0.021605	0.178217	0.188966	0.0425	0.1852	0.0620	0.0230	0.1130	0.0721	0.2709
000247	G	0.015102	0.153808	0.185885	0.0316	0.1137	0.0530	0.0230	0.0923	0.0635	0.2614
000248	A	0.008667	0.135193	0.182431	0.0327	0.1349	0.0510	0.0250	0.0908	0.0633	0.2429
000249	L	0.003861	0.124167	0.177770	0.0160	0.0851	0.0490	0.0230	0.0760	0.0609	0.2214
000250	G	0.003377	0.108968	0.173782	0.0160	0.0483	0.0460	0.0190	0.0661	0.0586	0.1987
000251	A	0.002895	0.100555	0.170622	0.0118	0.0555	0.0460	0.0190	0.0645	0.0571	0.1756
000252	Q	0.001852	0.088147	0.169617	0.0086	0.0765	0.0430	0.0160	0.0647	0.0566	0.1540
000253	C	0.001767	0.068722	0.169186	0.0150	0.0749	0.0430	0.0150	0.0621	0.0546	0.1356
000254	R	0.001686	0.056877	0.168990	0.0194	0.0948	0.0410	0.0130	0.0638	0.0554	0.1288
000255	W	0.001688	0.047580	0.168509	0.0087	0.0929	0.0430	0.0140	0.0604	0.0567	0.1235
000256	A	0.001878	0.046790	0.167936	0.0087	0.0662	0.0430	0.0160	0.0558	0.0548	0.1019
000257	A	0.001862	0.049267	0.167565	0.0218	0.0888	0.0380	0.0120	0.0611	0.0545	0.0841
000258	C	0.001730	0.048686	0.167387	0.0131	0.0749	0.0380	0.0110	0.0572	0.0547	0.0692
000259	N	0.002239	0.053237	0.167239	0.0144	0.0749	0.0360	0.0080	0.0580	0.0544	0.0649
000260	I	0.006646	0.062877	0.167153	0.0226	0.0734	0.0390	0.0070	0.0619	0.0522	0.0637
000261	Y	0.008919	0.089599	0.167324	0.0179	0.0618	0.0440	0.0090	0.0650	0.0530	0.0620
000262	S	0.033304	0.106258	0.167294	0.0128	0.0780	0.0480	0.0100	0.0742	0.0514	0.0647
000263	T	0.069995	0.131697	0.166366	0.0099	0.0719	0.0540	0.0130	0.0840	0.0513	0.0705
000264	L	0.100334	0.172537	0.164957	0.0297	0.1184	0.0640	0.0160	0.1083	0.0511	0.0758
000265	N	0.127728	0.204702	0.163793	0.0274	0.0662	0.0760	0.0220	0.1109	0.0607	0.0777
000266	E	0.155695	0.232047	0.163487	0.0376	0.1184	0.0910	0.0300	0.1330	0.0611	0.0846
000267	V	0.156037	0.266945	0.163622	0.0268	0.0985	0.1120	0.0430	0.1373	0.0733	0.0990
000268	A	0.155951	0.285984	0.164851	0.0395	0.0631	0.1180	0.0420	0.1379	0.0803	0.1165
000269	A	0.151342	0.279703	0.166327	0.0490	0.0929	0.1080	0.0300	0.1411	0.0729	0.1410
000270	A	0.157652	0.279266	0.168528	0.0279	0.0555	0.0890	0.0230	0.1297	0.0838	0.1590
000271	L	0.150671	0.276485	0.171461	0.0395	0.0835	0.0860	0.0280	0.1346	0.0772	0.1870
000272	A	0.169450	0.250324	0.175483	0.0542	0.1349	0.0730	0.0270	0.1428	0.0661	0.2170
000273	E	0.179873	0.233155	0.180376	0.0490	0.1476	0.0680	0.0270	0.1431	0.0649	0.2427
000274	S	0.207442	0.216641	0.185717	0.0490	0.1424	0.0600	0.0190	0.1435	0.0672	0.2634
000275	G	0.192372	0.193739	0.191445	0.0965	0.2164	0.0640	0.0190	0.1590	0.0572	0.2863
000276	F	0.192332	0.160362	0.196950	0.0965	0.2164	0.0590	0.0120	0.1536	0.0571	0.3127
000277	P	0.191806	0.168128	0.202440	0.0935	0.2094	0.0560	0.0110	0.1536	0.0581	0.3254
000278	V	0.191363	0.184989	0.207889	0.1495	0.1731	0.0660	0.0150	0.1621	0.0466	0.3397
000279	F	0.182672	0.218571	0.213697	0.1878	0.1323	0.0750	0.0180	0.1683	0.0504	0.3550
000280	A	0.165123	0.250376	0.219641	0.1532	0.0985	0.0800	0.0190	0.1612	0.0605	0.3795
000281	W	0.109548	0.275182	0.225617	0.1416	0.0618	0.0840	0.0220	0.1496	0.0766	0.4231
000282	K	0.068666	0.294323	0.231923	0.1698	0.0605	0.0730	0.0190	0.1496	0.0900	0.4187
000283	G	0.013464	0.283544	0.238043	0.1322	0.0749	0.0650	0.0220	0.1345	0.0966	0.4268
000284	E	0.000465	0.256209	0.243879	0.0813	0.0690	0.0580	0.0260	0.1181	0.0967	0.4270
000285	S	0.000061	0.230991	0.248565	0.0909	0.0380	0.0610	0.0350	0.1116	0.0947	0.4214
000286	E	0.000116	0.200268	0.252190	0.0771	0.0269	0.0640	0.0410	0.1035	0.0915	0.4139
000287	D	0.000190	0.154204	0.255317	0.0884	0.0531	0.0670	0.0480	0.1030	0.0821	0.4090
000288	D	0.000265	0.117622	0.258082	0.0526	0.0306	0.0680	0.0540	0.0879	0.0841	0.4065
000289	F	0.000626	0.087026	0.260449	0.0771	0.0473	0.0620	0.0480	0.0891	0.0815	0.4034
000290	W	0.001224	0.054898	0.262520	0.0909	0.0851	0.0440	0.0250	0.0898	0.0827	0.4062
000291	W	0.001344	0.034114	0.263939	0.1178	0.0646	0.0340	0.0120	0.0859	0.0873	0.4215
000292	C	0.001422	0.024601	0.264538	0.1566	0.1048	0.0290	0.0090	0.0969	0.0919	0.3587
000293	I	0.001426	0.020417	0.264745	0.1150	0.1251	0.0270	0.0090	0.0924	0.0903	0.3364
000294	D	0.001427	0.017857	0.264929	0.1240	0.1323	0.0280	0.0100	0.0947	0.0916	0.3051
000295	R	0.001364	0.020210	0.264265	0.1266	0.0967	0.0300	0.0120	0.0899	0.0895	0.2687
000296	C	0.001293	0.028323	0.262402	0.1266	0.0618	0.0350	0.0150	0.0859	0.0880	0.2487
000297	V	0.001316	0.042345	0.258918	0.0909	0.0349	0.0430	0.0180	0.0785	0.0848	0.2339
000298	N	0.003005	0.062826	0.254882	0.0567	0.0349	0.0670	0.0300	0.0800	0.0812	0.2188
000299	V	0.008280	0.088106	0.249771	0.0308	0.0341	0.0840	0.0290	0.0826	0.0801	0.2138
000300	E	0.013873	0.109100	0.244934	0.0514	0.0618	0.0730	0.0250	0.0923	0.0738	0.2079
000301	G	0.019813	0.124899	0.239721	0.0723	0.0948	0.0780	0.0290	0.1050	0.0679	0.2036
000302	W	0.022256	0.147482	0.234227	0.1041	0.1528	0.0820	0.0310	0.1238	0.0659	0.2131
000303	Q	0.022467	0.172368	0.227728	0.1667	0.1671	0.0800	0.0330	0.1394	0.0679	0.2163
000304	P	0.022635	0.190379	0.220764	0.2292	0.2399	0.0840	0.0360	0.1646	0.0819	0.2130
000305	N	0.022659	0.213205	0.212955	0.1456	0.2292	0.1110	0.0480	0.1558	0.0728	0.2116
000306	M	0.022563	0.236942	0.204477	0.1667	0.1671	0.1590	0.0740	0.1594	0.0669	0.2134
000307	I	0.020516	0.265766	0.195899	0.2209	0.1852	0.1950	0.0980	0.1805	0.0763	0.2200
000308	L	0.014624	0.296297	0.187223	0.2041	0.1528	0.1870	0.0900	0.1737	0.0837	0.2211
000309	D	0.008914	0.311253	0.178687	0.1566	0.1449	0.1560	0.0590	0.1594	0.0879	0.2201
000310	D	0.002895	0.308598	0.169902	0.1380	0.1914	0.1260	0.0420	0.1561	0.0907	0.2125
000311	G	0.000448	0.294595	0.161307	0.1266	0.1048	0.0850	0.0270	0.1287	0.0890	0.2042
000312	G	0.000233	0.250816	0.152793	0.1266	0.1229	0.0610	0.0230	0.1190	0.0775	0.1958
000313	D	0.000063	0.206060	0.144017	0.1117	0.1852	0.0530	0.0240	0.1167	0.0720	0.1883
000314	L	0.000218	0.173731	0.135200	0.1240	0.1476	0.0490	0.0240	0.1049	0.0605	0.1876
000315	T	0.000404	0.151951	0.127396	0.1117	0.0690	0.0470	0.0230	0.0846	0.0514	0.1888
000316	H	0.010878	0.135983	0.121220	0.0935	0.0646	0.0520	0.0210	0.0796	0.0425	0.1975
000317	W	0.027333	0.126747	0.116588	0.0660	0.0780	0.0560	0.0200	0.0785	0.0343	0.2074
000318	I	0.039846	0.136776	0.112059	0.0991	0.0765	0.0580	0.0170	0.0870	0.0327	0.1946
000319	Y	0.049905	0.155723	0.107325	0.1566	0.1184	0.0690	0.0180	0.1095	0.0401	0.1826
000320	K	0.056369	0.172775	0.102550	0.0965	0.1092	0.0790	0.0230	0.1027	0.0359	0.1763
000321	K	0.058037	0.200546	0.097617	0.0935	0.0646	0.1030	0.0290	0.1028	0.0468	0.1723
000322	Y	0.059773	0.224833	0.093909	0.0935	0.0454	0.1270	0.0340	0.1074	0.0587	0.1736
000323	P	0.061372	0.237480	0.091583	0.0542	0.0518	0.1110	0.0290	0.1012	0.0645	0.1805
000324	N	0.061331	0.241664	0.091705	0.0376	0.0555	0.1410	0.0290	0.1048	0.0696	0.1858
000325	M	0.051024	0.274590	0.092314	0.0660	0.0870	0.1850	0.0350	0.1260	0.0790	0.1959
000326	F	0.034762	0.297369	0.092936	0.0677	0.0592	0.2090	0.0410	0.1269	0.0945	0.1991
000327	K	0.022282	0.316525	0.093438	0.0744	0.0605	0.1910	0.0380	0.1264	0.0994	0.1917
000328	K	0.013602	0.340070	0.094547	0.0789	0.0888	0.1860	0.0350	0.1336	0.1051	0.1842
000329	I	0.013111	0.364673	0.096933	0.1150	0.0967	0.1950	0.0410	0.1468	0.1108	0.1880
000330	K	0.011933	0.351693	0.099901	0.1766	0.1554	0.1890	0.0470	0.1641	0.1027	0.1919
000331	G	0.010731	0.338131	0.105622	0.1292	0.1583	0.1950	0.0530	0.1562	0.0992	0.1935
000332	I	0.009271	0.369551	0.111327	0.1322	0.1048	0.2030	0.0480	0.1550	0.1114	0.1968
000333	V	0.011124	0.383917	0.116120	0.2209	0.1048	0.1820	0.0370	0.1698	0.1161	0.1967
000334	E	0.012958	0.380614	0.118604	0.1380	0.0929	0.1420	0.0270	0.1475	0.1128	0.1914
000335	E	0.025946	0.376360	0.119835	0.0884	0.0531	0.1140	0.0220	0.1296	0.1151	0.1884
000336	S	0.047229	0.375483	0.120284	0.1178	0.0676	0.1040	0.0220	0.1387	0.1092	0.1901
000337	V	0.067166	0.310260	0.119771	0.1266	0.1206	0.0960	0.0200	0.1400	0.0788	0.1967
000338	T	0.073930	0.266001	0.119640	0.1266	0.1028	0.0750	0.0110	0.1273	0.0652	0.2039
000339	G	0.079693	0.249741	0.120552	0.1266	0.1028	0.0600	0.0060	0.1232	0.0610	0.2128
000340	V	0.085410	0.235568	0.121914	0.1635	0.1554	0.0580	0.0060	0.1367	0.0576	0.2227
000341	H	0.088233	0.228176	0.123397	0.1602	0.1007	0.0580	0.0060	0.1264	0.0553	0.2287
000342	R	0.102379	0.241798	0.124871	0.1602	0.0518	0.0620	0.0110	0.1238	0.0642	0.2398
000343	L	0.110981	0.252366	0.126168	0.1667	0.0581	0.0680	0.0150	0.1304	0.0654	0.2400
000344	Y	0.113952	0.248139	0.127302	0.1240	0.0967	0.0790	0.0220	0.1315	0.0547	0.2370
000345	Q	0.103078	0.251824	0.128359	0.0858	0.0704	0.0740	0.0220	0.1189	0.0625	0.2312
000346	L	0.090098	0.277989	0.128751	0.1018	0.0494	0.0790	0.0260	0.1212	0.0740	0.2251
000347	S	0.079294	0.285983	0.129001	0.0813	0.0531	0.0820	0.0250	0.1184	0.0782	0.2113
000348	K	0.080079	0.269578	0.129417	0.1018	0.0518	0.0770	0.0210	0.1183	0.0717	0.1942
000349	A	0.076974	0.271449	0.131450	0.1060	0.0531	0.0670	0.0240	0.1177	0.0734	0.1830
000350	G	0.081036	0.255199	0.134455	0.0723	0.0581	0.0590	0.0220	0.1099	0.0699	0.1689
000351	K	0.091052	0.223889	0.138450	0.1117	0.0835	0.0550	0.0220	0.1173	0.0541	0.1566
000352	L	0.106613	0.212472	0.142351	0.1117	0.0605	0.0560	0.0230	0.1149	0.0529	0.1492
000353	C	0.148880	0.204884	0.145033	0.1041	0.0618	0.0530	0.0230	0.1196	0.0529	0.1369
000354	V	0.139855	0.188473	0.145709	0.1088	0.0985	0.0570	0.0260	0.1230	0.0414	0.1340
000355	P	0.132026	0.190268	0.143725	0.1566	0.1702	0.0660	0.0310	0.1431	0.0393	0.1304
000356	A	0.130595	0.211189	0.141472	0.1532	0.1643	0.0920	0.0400	0.1487	0.0361	0.1261
000357	M	0.123848	0.219763	0.140345	0.2167	0.1476	0.1200	0.0460	0.1614	0.0412	0.1207
000358	N	0.120733	0.251707	0.140670	0.2122	0.1554	0.1450	0.0410	0.1709	0.0458	0.1183
000359	V	0.113535	0.301539	0.141637	0.1322	0.1643	0.1680	0.0490	0.1702	0.0616	0.1191
000360	N	0.087380	0.357806	0.141240	0.1635	0.1298	0.1900	0.0570	0.1783	0.0862	0.1155
000361	D	0.061356	0.410104	0.140573	0.1698	0.0780	0.2190	0.0500	0.1798	0.1159	0.1180
000362	S	0.004198	0.453578	0.137006	0.1205	0.0414	0.2330	0.0630	0.1650	0.1482	0.1221
000363	V	0.004712	0.443854	0.133968	0.1205	0.0356	0.2360	0.0720	0.1625	0.1462	0.1162
000364	T	0.005177	0.413981	0.131461	0.1380	0.0719	0.1950	0.0580	0.1592	0.1283	0.1019
000365	K	0.005163	0.399650	0.131239	0.1018	0.1137	0.1320	0.0320	0.1473	0.1208	0.0890
000366	Q	0.006064	0.364333	0.132051	0.0884	0.0967	0.1070	0.0330	0.1324	0.1108	0.0792
000367	K	0.007456	0.322212	0.133985	0.1178	0.0749	0.0800	0.0280	0.1228	0.0977	0.0729
000368	F	0.007899	0.259685	0.137232	0.1416	0.0592	0.0630	0.0200	0.1114	0.0810	0.0683
000369	D	0.007978	0.212305	0.140590	0.0965	0.0592	0.0480	0.0140	0.0941	0.0669	0.0620
000370	N	0.016341	0.163785	0.143219	0.0935	0.0835	0.0390	0.0100	0.0898	0.0523	0.0553
000371	L	0.023589	0.127932	0.145623	0.0965	0.0494	0.0360	0.0080	0.0799	0.0463	0.0505
000372	Y	0.026369	0.104901	0.147978	0.0909	0.0463	0.0350	0.0070	0.0753	0.0433	0.0435
000373	C	0.030827	0.086185	0.150498	0.0567	0.0473	0.0350	0.0070	0.0677	0.0412	0.0357
000374	C	0.034457	0.097485	0.152858	0.0789	0.0719	0.0390	0.0080	0.0791	0.0396	0.0357
000375	R	0.041739	0.124890	0.155162	0.0832	0.0704	0.0510	0.0110	0.0877	0.0403	0.0432
000376	E	0.045087	0.138465	0.157478	0.0744	0.0765	0.0630	0.0170	0.0925	0.0409	0.0496
000377	S	0.049895	0.164865	0.160364	0.0660	0.0592	0.0720	0.0240	0.0953	0.0481	0.0570
000378	I	0.057535	0.198066	0.163201	0.0677	0.0483	0.0730	0.0260	0.1012	0.0575	0.0661
000379	L	0.066881	0.231466	0.165738	0.1041	0.0494	0.0780	0.0270	0.1159	0.0636	0.0771
000380	D	0.094029	0.280070	0.166502	0.0884	0.0454	0.0870	0.0270	0.1270	0.0772	0.0915
000381	G	0.139542	0.325694	0.165538	0.0464	0.0414	0.1190	0.0270	0.1396	0.0949	0.1059
000382	L	0.165289	0.357548	0.162501	0.0643	0.0690	0.1630	0.0430	0.1636	0.0970	0.1218
000383	K	0.162454	0.356942	0.158723	0.0935	0.1206	0.1470	0.0330	0.1731	0.0855	0.1375
000384	R	0.154292	0.371375	0.155031	0.1495	0.1554	0.1360	0.0350	0.1870	0.0827	0.1583
000385	T	0.150044	0.358125	0.152477	0.2483	0.2034	0.1330	0.0320	0.2076	0.0777	0.1652
000386	T	0.145072	0.341637	0.150901	0.1766	0.1554	0.1410	0.0340	0.1852	0.0709	0.1631
000387	D	0.137530	0.328779	0.149899	0.1205	0.0749	0.1380	0.0250	0.1582	0.0800	0.1686
000388	M	0.121271	0.331888	0.148485	0.0813	0.0749	0.1240	0.0240	0.1469	0.0865	0.1520
000389	M	0.087637	0.305135	0.147029	0.0514	0.0704	0.0940	0.0230	0.1260	0.0853	0.1258
000390	F	0.045878	0.266746	0.145392	0.0744	0.1092	0.0920	0.0220	0.1223	0.0714	0.0965
000391	G	0.014937	0.246044	0.144957	0.0405	0.1137	0.0870	0.0250	0.1078	0.0754	0.0686
000392	G	0.013939	0.234165	0.144761	0.0405	0.0851	0.0710	0.0220	0.0983	0.0730	0.0517
000393	K	0.013699	0.208100	0.144751	0.0660	0.1298	0.0600	0.0180	0.1037	0.0642	0.0403
000394	Q	0.013195	0.181121	0.143930	0.0464	0.1298	0.0550	0.0210	0.0950	0.0601	0.0321
000395	V	0.012922	0.150450	0.143137	0.0441	0.1251	0.0530	0.0220	0.0881	0.0534	0.0258
000396	V	0.012753	0.139718	0.143082	0.0455	0.0646	0.0460	0.0150	0.0753	0.0492	0.0197
000397	V	0.011254	0.139152	0.144400	0.0455	0.0327	0.0460	0.0160	0.0699	0.0522	0.0125
000398	C	0.009259	0.138749	0.147430	0.0200	0.0258	0.0490	0.0160	0.0651	0.0565	0.0068
000399	G	0.000808	0.150042	0.150941	0.0084	0.0269	0.0490	0.0160	0.0643	0.0628	0.0050
000400	Y	0.000638	0.165759	0.154421	0.0078	0.0214	0.0530	0.0190	0.0672	0.0678	0.0039
000401	G	0.000431	0.174418	0.156895	0.0097	0.0389	0.0550	0.0210	0.0725	0.0684	0.0032
000402	E	0.000525	0.170983	0.159092	0.0067	0.0334	0.0530	0.0200	0.0707	0.0690	0.0028
000403	V	0.000641	0.180215	0.160278	0.0069	0.0287	0.0540	0.0190	0.0718	0.0719	0.0023
000404	G	0.000758	0.191593	0.161140	0.0049	0.0281	0.0520	0.0150	0.0730	0.0755	0.0019
000405	K	0.000773	0.182037	0.162072	0.0034	0.0269	0.0470	0.0110	0.0703	0.0738	0.0016
000406	G	0.000699	0.179716	0.163898	0.0053	0.0240	0.0460	0.0100	0.0699	0.0736	0.0013
000407	C	0.001026	0.182924	0.166135	0.0081	0.0240	0.0450	0.0110	0.0713	0.0745	0.0012
000408	C	0.001310	0.165438	0.167983	0.0069	0.0205	0.0460	0.0140	0.0681	0.0712	0.0014
000409	A	0.001410	0.149285	0.170199	0.0102	0.0281	0.0440	0.0140	0.0672	0.0671	0.0023
000410	A	0.001475	0.149055	0.172687	0.0061	0.0294	0.0400	0.0120	0.0665	0.0684	0.0032
000411	L	0.001575	0.136379	0.176250	0.0069	0.0543	0.0400	0.0120	0.0692	0.0652	0.0045
000412	K	0.002472	0.117481	0.179991	0.0069	0.0341	0.0400	0.0120	0.0635	0.0643	0.0064
000413	A	0.002479	0.115846	0.183728	0.0067	0.0327	0.0400	0.0120	0.0636	0.0654	0.0091
000414	M	0.003312	0.110208	0.187463	0.0055	0.0555	0.0410	0.0120	0.0671	0.0646	0.0138
000415	G	0.005757	0.098799	0.191280	0.0067	0.0349	0.0410	0.0140	0.0630	0.0651	0.0194
000416	S	0.008141	0.094156	0.195616	0.0082	0.0184	0.0430	0.0150	0.0613	0.0670	0.0279
000417	I	0.010570	0.092355	0.200293	0.0042	0.0160	0.0450	0.0160	0.0615	0.0688	0.0353
000418	V	0.011360	0.080823	0.206021	0.0035	0.0188	0.0470	0.0180	0.0612	0.0697	0.0428
000419	Y	0.015612	0.075647	0.212780	0.0078	0.0356	0.0480	0.0180	0.0659	0.0693	0.0456
000420	V	0.024016	0.076840	0.219869	0.0053	0.0356	0.0470	0.0190	0.0680	0.0713	0.0419
000421	T	0.032575	0.076448	0.226364	0.0069	0.0209	0.0460	0.0200	0.0682	0.0740	0.0373
000422	E	0.034130	0.074331	0.231233	0.0082	0.0275	0.0450	0.0200	0.0700	0.0748	0.0282
000423	I	0.035656	0.073916	0.234755	0.0033	0.0287	0.0440	0.0190	0.0700	0.0766	0.0220
000424	D	0.035500	0.068251	0.237242	0.0035	0.0334	0.0430	0.0180	0.0701	0.0771	0.0168
000425	P	0.035073	0.063689	0.239882	0.0059	0.0223	0.0420	0.0180	0.0681	0.0788	0.0120
000426	I	0.035514	0.062695	0.242925	0.0062	0.0235	0.0430	0.0180	0.0690	0.0797	0.0092
000427	C	0.037117	0.058161	0.244891	0.0026	0.0157	0.0400	0.0160	0.0665	0.0818	0.0070
000428	A	0.035260	0.056903	0.244960	0.0052	0.0171	0.0400	0.0160	0.0665	0.0815	0.0070
000429	L	0.029130	0.059961	0.242553	0.0038	0.0231	0.0410	0.0170	0.0666	0.0805	0.0074
000430	Q	0.022550	0.057569	0.239632	0.0049	0.0235	0.0420	0.0170	0.0650	0.0798	0.0077
000431	A	0.021272	0.051954	0.236165	0.0078	0.0349	0.0420	0.0170	0.0657	0.0775	0.0088
000432	C	0.019549	0.056143	0.232957	0.0037	0.0372	0.0410	0.0160	0.0651	0.0769	0.0097
000433	M	0.018369	0.062689	0.229454	0.0034	0.0244	0.0420	0.0170	0.0634	0.0766	0.0147
000434	D	0.018660	0.067180	0.227566	0.0078	0.0244	0.0430	0.0170	0.0648	0.0752	0.0205
000435	G	0.023122	0.076828	0.226765	0.0042	0.0240	0.0440	0.0170	0.0665	0.0751	0.0290
000436	F	0.028372	0.079539	0.227140	0.0013	0.0209	0.0490	0.0190	0.0677	0.0753	0.0438
000437	R	0.032019	0.082693	0.227303	0.0035	0.0235	0.0490	0.0180	0.0697	0.0746	0.0609
000438	L	0.034000	0.096380	0.226992	0.0094	0.0494	0.0500	0.0190	0.0776	0.0716	0.0827
000439	V	0.040621	0.106535	0.226114	0.0084	0.0356	0.0480	0.0170	0.0775	0.0727	0.0982
000440	K	0.044550	0.117613	0.224265	0.0182	0.0398	0.0460	0.0170	0.0817	0.0708	0.1123
000441	L	0.045061	0.127974	0.222573	0.0102	0.0240	0.0460	0.0170	0.0793	0.0742	0.1322
000442	N	0.045115	0.133058	0.220219	0.0097	0.0294	0.0450	0.0170	0.0805	0.0735	0.1499
000443	E	0.045499	0.117468	0.218582	0.0144	0.0300	0.0460	0.0180	0.0787	0.0704	0.1765
000444	V	0.039196	0.107804	0.218013	0.0194	0.0372	0.0460	0.0180	0.0779	0.0685	0.1708
000445	I	0.033454	0.090579	0.218685	0.0070	0.0349	0.0450	0.0200	0.0715	0.0704	0.1660
000446	R	0.029342	0.078574	0.220502	0.0070	0.0372	0.0450	0.0210	0.0696	0.0708	0.1544
000447	Q	0.026711	0.071311	0.222021	0.0137	0.0704	0.0450	0.0200	0.0749	0.0691	0.1354
000448	V	0.020470	0.070849	0.223493	0.0141	0.0719	0.0480	0.0230	0.0748	0.0701	0.1244
000449	D	0.022443	0.064427	0.223307	0.0297	0.0799	0.0500	0.0250	0.0782	0.0677	0.1111
000450	I	0.027583	0.067490	0.222546	0.0478	0.0799	0.0560	0.0300	0.0835	0.0643	0.1018
000451	V	0.031240	0.075462	0.220898	0.0350	0.0835	0.0590	0.0310	0.0842	0.0640	0.0957
000452	I	0.032893	0.078979	0.219054	0.0464	0.1323	0.0760	0.0380	0.0975	0.0627	0.0870
000453	T	0.040215	0.094187	0.217314	0.0455	0.1399	0.0880	0.0390	0.1041	0.0605	0.0783
000454	C	0.049186	0.129619	0.216204	0.0414	0.1275	0.0960	0.0340	0.1099	0.0586	0.0685
000455	T	0.061541	0.163555	0.216946	0.0660	0.1115	0.1030	0.0310	0.1204	0.0547	0.0704
000456	G	0.067897	0.220572	0.218970	0.1088	0.1759	0.1040	0.0290	0.1494	0.0591	0.0743
000457	N	0.076966	0.265666	0.223687	0.0701	0.1759	0.1020	0.0260	0.1524	0.0747	0.0823
000458	K	0.092167	0.314631	0.231154	0.0723	0.1449	0.1060	0.0260	0.1602	0.0860	0.0945
000459	N	0.096831	0.338108	0.240608	0.1088	0.1942	0.1230	0.0280	0.1836	0.0857	0.1115
000460	V	0.099143	0.369515	0.250774	0.0991	0.1942	0.1420	0.0360	0.1925	0.0955	0.1355
000461	V	0.111328	0.377331	0.257633	0.1566	0.2715	0.1470	0.0410	0.2203	0.0912	0.1561
000462	T	0.108022	0.399025	0.262219	0.2041	0.2224	0.1410	0.0380	0.2228	0.0938	0.1744
000463	R	0.101594	0.417707	0.264890	0.2963	0.2224	0.1610	0.0470	0.2441	0.1008	0.1908
000464	E	0.092087	0.423283	0.267978	0.1958	0.1643	0.1680	0.0470	0.2186	0.1051	0.2141
000465	H	0.087876	0.416404	0.271028	0.2657	0.1759	0.1440	0.0440	0.2268	0.1066	0.2434
000466	L	0.077619	0.398812	0.274736	0.2292	0.1791	0.1190	0.0430	0.2131	0.1056	0.2579
000467	D	0.060588	0.372786	0.279210	0.1416	0.1528	0.0930	0.0320	0.1834	0.1087	0.2635
000468	R	0.055699	0.347022	0.282976	0.1456	0.1449	0.0770	0.0260	0.1756	0.1055	0.2760
000469	M	0.054644	0.327784	0.284983	0.1322	0.1476	0.0710	0.0230	0.1697	0.1026	0.2868
000470	K	0.078840	0.310075	0.285757	0.1380	0.1424	0.0560	0.0160	0.1685	0.0967	0.2842
000471	N	0.075411	0.281756	0.286542	0.1805	0.2002	0.0510	0.0140	0.1793	0.0910	0.2811
000472	S	0.083354	0.273148	0.286323	0.2385	0.2609	0.0490	0.0130	0.1985	0.0953	0.2845
000473	C	0.093689	0.247387	0.284858	0.2531	0.2752	0.0490	0.0110	0.2005	0.0932	0.2894
000474	I	0.094360	0.221677	0.281875	0.2483	0.1881	0.0530	0.0130	0.1813	0.0818	0.3022
000475	V	0.095572	0.232734	0.278370	0.2483	0.1852	0.0660	0.0180	0.1843	0.0787	0.3063
000476	C	0.092956	0.248956	0.274799	0.1844	0.1373	0.0880	0.0260	0.1711	0.0720	0.3014
000477	N	0.093445	0.250618	0.270366	0.2558	0.1759	0.1100	0.0380	0.1928	0.0710	0.3033
000478	M	0.094019	0.248016	0.265093	0.2041	0.1671	0.1540	0.0610	0.1887	0.0581	0.3136
000479	G	0.062654	0.262384	0.258774	0.1878	0.1092	0.1980	0.0830	0.1799	0.0732	0.3079
000480	H	0.133655	0.301910	0.252704	0.2122	0.1323	0.2280	0.0980	0.2102	0.0612	0.3058
000481	S	0.193478	0.335896	0.246226	0.1566	0.1373	0.2420	0.1010	0.2187	0.0660	0.3056
000482	N	0.254482	0.375266	0.239853	0.1495	0.1528	0.2410	0.0980	0.2355	0.0755	0.3019
000483	T	0.295137	0.403586	0.233746	0.1416	0.1671	0.2330	0.0930	0.2457	0.0863	0.2992
000484	E	0.371005	0.425141	0.228484	0.2602	0.1914	0.2060	0.0750	0.2804	0.0872	0.2951
000485	I	0.434979	0.439300	0.223920	0.3311	0.2783	0.2290	0.0910	0.3228	0.0882	0.2930
000486	D	0.488885	0.436903	0.218443	0.2865	0.2470	0.2090	0.0920	0.3145	0.1088	0.2941
000487	V	0.525963	0.407864	0.211561	0.3939	0.3667	0.1930	0.0860	0.3499	0.1156	0.3065
000488	A	0.560058	0.365822	0.201589	0.3096	0.3599	0.1800	0.0770	0.3295	0.1255	0.3105
000489	S	0.531911	0.321980	0.189101	0.3359	0.3321	0.1460	0.0500	0.3094	0.1240	0.3084
000490	L	0.501239	0.280286	0.175061	0.3184	0.3356	0.1560	0.0500	0.2944	0.1145	0.3162
000491	R	0.447777	0.269260	0.161085	0.2602	0.3356	0.1610	0.0700	0.2724	0.0998	0.3150
000492	T	0.424746	0.266123	0.150630	0.2432	0.3426	0.1770	0.0710	0.2674	0.0938	0.3172
000493	P	0.367841	0.301138	0.143309	0.2432	0.2752	0.1700	0.0480	0.2500	0.0764	0.3194
000494	E	0.323379	0.337633	0.138495	0.2558	0.2817	0.2080	0.0610	0.2576	0.0682	0.3217
000495	L	0.275270	0.342328	0.133695	0.1921	0.2645	0.2070	0.0650	0.2358	0.0670	0.3284
000496	T	0.245693	0.354906	0.128073	0.2700	0.2884	0.2030	0.0710	0.2483	0.0707	0.3262
000497	W	0.229243	0.356639	0.120947	0.2558	0.1969	0.1780	0.0620	0.2230	0.0731	0.3256
000498	E	0.196663	0.338477	0.111948	0.2432	0.1702	0.1280	0.0350	0.1981	0.0762	0.3111
000499	R	0.178285	0.305132	0.103020	0.1805	0.2224	0.1070	0.0270	0.1826	0.0692	0.3095
000500	V	0.241838	0.280958	0.095594	0.1088	0.2328	0.0930	0.0240	0.1755	0.0780	0.3127
000501	R	0.292389	0.251785	0.089697	0.1844	0.3117	0.0740	0.0200	0.2007	0.0930	0.3104
000502	S	0.346263	0.212061	0.084456	0.1958	0.3087	0.0730	0.0200	0.2035	0.1022	0.3131
000503	Q	0.392337	0.196304	0.079916	0.2041	0.3019	0.0740	0.0200	0.2080	0.1136	0.3130
000504	V	0.426072	0.185756	0.076818	0.1805	0.1942	0.0730	0.0200	0.1895	0.1171	0.3143
000505	D	0.441222	0.188279	0.074983	0.1667	0.1323	0.0650	0.0140	0.1782	0.1258	0.3093
000506	H	0.419379	0.181602	0.073760	0.1667	0.1349	0.0610	0.0170	0.1729	0.1187	0.3049
000507	V	0.415018	0.176189	0.072443	0.1178	0.0835	0.0650	0.0210	0.1551	0.1221	0.3059
000508	I	0.399521	0.158773	0.071451	0.1150	0.1206	0.0640	0.0210	0.1550	0.1139	0.3069
000509	W	0.317005	0.148448	0.071284	0.0621	0.1184	0.0560	0.0140	0.1289	0.0903	0.3145
000510	P	0.246357	0.147332	0.072009	0.0554	0.1162	0.0490	0.0120	0.1144	0.0684	0.3066
000511	D	0.173027	0.145270	0.073403	0.0858	0.1611	0.0480	0.0140	0.1145	0.0473	0.2965
000512	G	0.105968	0.134712	0.075727	0.0965	0.1070	0.0470	0.0130	0.0945	0.0274	0.2873
000513	K	0.060720	0.125152	0.078663	0.0909	0.0690	0.0460	0.0120	0.0783	0.0252	0.2803
000514	R	0.031788	0.115334	0.082163	0.0464	0.0719	0.0470	0.0140	0.0658	0.0278	0.2763
000515	I	0.027103	0.106553	0.084988	0.0363	0.0646	0.0550	0.0240	0.0625	0.0272	0.2743
000516	V	0.036216	0.099691	0.087234	0.0350	0.0605	0.0600	0.0300	0.0631	0.0240	0.2770
000517	L	0.035278	0.104128	0.089023	0.0173	0.0349	0.0710	0.0440	0.0586	0.0315	0.2746
000518	L	0.035575	0.119676	0.091320	0.0279	0.0518	0.0730	0.0450	0.0665	0.0320	0.2714
000519	A	0.036882	0.126456	0.094749	0.0308	0.0909	0.0660	0.0340	0.0744	0.0336	0.2643
000520	E	0.035249	0.130677	0.098715	0.0542	0.1115	0.0580	0.0230	0.0815	0.0342	0.2565
000521	G	0.035359	0.143694	0.102765	0.0455	0.1115	0.0560	0.0190	0.0825	0.0393	0.2543
000522	R	0.034981	0.150788	0.105536	0.0259	0.1092	0.0520	0.0130	0.0798	0.0451	0.2526
000523	L	0.035537	0.155159	0.107071	0.0304	0.0592	0.0530	0.0130	0.0734	0.0442	0.2553
000524	L	0.035750	0.176639	0.107106	0.0308	0.0414	0.0500	0.0130	0.0737	0.0526	0.2570
000525	N	0.020452	0.187142	0.106368	0.0167	0.0258	0.0470	0.0120	0.0673	0.0616	0.2572
000526	L	0.015205	0.181794	0.105139	0.0182	0.0433	0.0540	0.0130	0.0696	0.0583	0.2575
000527	S	0.011513	0.179131	0.103777	0.0150	0.0372	0.0530	0.0120	0.0665	0.0589	0.2577
000528	C	0.008358	0.174249	0.102380	0.0286	0.0631	0.0530	0.0140	0.0715	0.0544	0.2555
000529	S	0.008339	0.153704	0.101054	0.0252	0.0851	0.0490	0.0130	0.0705	0.0490	0.2465
000530	T	0.010489	0.147263	0.100593	0.0304	0.1048	0.0450	0.0110	0.0730	0.0480	0.2384
000531	V	0.012658	0.142336	0.100793	0.0212	0.0985	0.0440	0.0110	0.0699	0.0472	0.2310
000532	P	0.014476	0.144236	0.101478	0.0194	0.1048	0.0410	0.0100	0.0709	0.0486	0.2248
000533	T	0.016255	0.135876	0.101345	0.0200	0.0888	0.0460	0.0110	0.0681	0.0440	0.2161
000534	F	0.015486	0.149071	0.100733	0.0405	0.0909	0.0580	0.0100	0.0758	0.0436	0.2038
000535	V	0.018255	0.149849	0.099988	0.0587	0.1206	0.0600	0.0140	0.0846	0.0437	0.1892
000536	L	0.019676	0.146630	0.099507	0.0336	0.0734	0.0640	0.0180	0.0728	0.0420	0.1754
000537	S	0.020550	0.152388	0.098658	0.0526	0.0719	0.0780	0.0250	0.0791	0.0407	0.1616
000538	I	0.021072	0.158777	0.097227	0.0308	0.0780	0.0910	0.0350	0.0794	0.0457	0.1453
000539	T	0.019235	0.141909	0.095367	0.0268	0.0851	0.0740	0.0270	0.0737	0.0417	0.1392
000540	A	0.018401	0.138648	0.093685	0.0286	0.0531	0.0720	0.0280	0.0674	0.0406	0.1368
000541	T	0.066979	0.148484	0.091721	0.0144	0.0555	0.0800	0.0380	0.0763	0.0404	0.1390
000542	T	0.128580	0.141284	0.089362	0.0157	0.0676	0.0780	0.0440	0.0868	0.0413	0.1401
000543	Q	0.212929	0.131050	0.086309	0.0124	0.0676	0.0700	0.0460	0.0967	0.0625	0.1405
000544	A	0.274541	0.136877	0.083314	0.0087	0.0719	0.0520	0.0280	0.1046	0.0850	0.1446
000545	L	0.315157	0.129359	0.079961	0.0252	0.1323	0.0480	0.0260	0.1217	0.0949	0.1533
000546	A	0.358494	0.122848	0.076984	0.0441	0.1791	0.0450	0.0230	0.1377	0.1094	0.1638
000547	L	0.397572	0.127095	0.074135	0.0771	0.1759	0.0580	0.0320	0.1517	0.1168	0.1739
000548	I	0.432318	0.140053	0.071727	0.0789	0.1759	0.0830	0.0490	0.1636	0.1259	0.1853
000549	E	0.433400	0.145479	0.069054	0.0909	0.2645	0.1010	0.0530	0.1841	0.1284	0.2039
000550	L	0.383962	0.165728	0.065485	0.0884	0.2680	0.1480	0.0640	0.1866	0.1094	0.2133
000551	Y	0.320876	0.203958	0.062211	0.1205	0.2364	0.1840	0.0680	0.1880	0.0823	0.2207
000552	N	0.238637	0.238871	0.059588	0.1292	0.1611	0.2060	0.0760	0.1722	0.0641	0.2215
000553	A	0.174276	0.280651	0.059259	0.0832	0.1048	0.2680	0.1010	0.1616	0.0870	0.2268
000554	P	0.133964	0.336069	0.060114	0.0502	0.0646	0.2470	0.0900	0.1487	0.1077	0.2393
000555	E	0.092036	0.359708	0.063154	0.0387	0.0888	0.2300	0.0900	0.1454	0.1135	0.2516
000556	G	0.054195	0.359661	0.068497	0.0405	0.1349	0.1900	0.0650	0.1413	0.1104	0.2594
000557	R	0.022365	0.362546	0.076332	0.0643	0.1528	0.1630	0.0520	0.1402	0.1109	0.2679
000558	Y	0.023195	0.364499	0.086394	0.1018	0.1823	0.1510	0.0510	0.1515	0.1076	0.2745
000559	K	0.024749	0.335646	0.095807	0.1602	0.2680	0.1160	0.0420	0.1667	0.1054	0.2792
000560	Q	0.026930	0.315491	0.103417	0.1150	0.2715	0.1400	0.0680	0.1621	0.0999	0.2844
000561	D	0.027105	0.297009	0.107655	0.1878	0.2609	0.1400	0.0590	0.1700	0.0912	0.2971
000562	V	0.027529	0.266647	0.110668	0.2820	0.2817	0.1370	0.0440	0.1843	0.0983	0.3134
000563	Y	0.026635	0.250968	0.113674	0.2041	0.2399	0.1260	0.0310	0.1602	0.0793	0.3311
000564	L	0.024083	0.245752	0.117515	0.1878	0.2645	0.1230	0.0320	0.1605	0.0824	0.3408
000565	L	0.021262	0.270725	0.121342	0.1349	0.1702	0.1170	0.0300	0.1393	0.0741	0.3404
000566	P	0.018260	0.307141	0.124227	0.1292	0.1583	0.1050	0.0290	0.1404	0.0863	0.3370
000567	K	0.014739	0.321864	0.127380	0.0858	0.1048	0.1110	0.0390	0.1276	0.0940	0.3356
000568	K	0.011503	0.360883	0.131176	0.0858	0.1229	0.1010	0.0410	0.1355	0.1080	0.3414
000569	M	0.008350	0.363264	0.137344	0.0965	0.1881	0.0900	0.0380	0.1473	0.1107	0.3530
000570	D	0.006035	0.359642	0.145817	0.1205	0.1070	0.0850	0.0420	0.1373	0.1085	0.3635
000571	E	0.004792	0.342991	0.155600	0.1117	0.1092	0.0820	0.0420	0.1344	0.1038	0.3705
000572	Y	0.005098	0.326126	0.164432	0.0567	0.0870	0.0860	0.0440	0.1210	0.1032	0.3736
000573	V	0.009622	0.282729	0.169828	0.0991	0.1206	0.0740	0.0300	0.1260	0.0851	0.3705
000574	A	0.023292	0.250873	0.172392	0.1292	0.1229	0.0660	0.0190	0.1275	0.0729	0.3681
000575	S	0.051713	0.228689	0.172707	0.1878	0.1823	0.0700	0.0190	0.1488	0.0649	0.3747
000576	L	0.071026	0.204546	0.171809	0.1921	0.2715	0.0740	0.0200	0.1642	0.0716	0.3848
000577	H	0.113111	0.207911	0.170165	0.1602	0.1702	0.0720	0.0200	0.1490	0.0441	0.3932
000578	L	0.142643	0.223316	0.169318	0.1766	0.1791	0.0700	0.0190	0.1601	0.0469	0.4029
000579	P	0.200005	0.244331	0.169827	0.1266	0.1914	0.0710	0.0160	0.1672	0.0556	0.4014
000580	T	0.260894	0.264901	0.171845	0.1635	0.2436	0.0890	0.0300	0.1989	0.0637	0.3978
000581	F	0.277391	0.287999	0.175046	0.1602	0.2436	0.1160	0.0550	0.2101	0.0635	0.3974
000582	D	0.281578	0.310117	0.178637	0.1532	0.1969	0.1190	0.0510	0.2066	0.0680	0.3967
000583	A	0.283126	0.318836	0.182820	0.2385	0.2752	0.1350	0.0600	0.2390	0.0626	0.3947
000584	H	0.270081	0.340018	0.185337	0.2700	0.2503	0.1230	0.0420	0.2398	0.0690	0.3968
000585	L	0.273554	0.367008	0.186879	0.2963	0.2034	0.1260	0.0400	0.2422	0.0791	0.4023
000586	T	0.234382	0.384979	0.187532	0.2209	0.2034	0.1380	0.0380	0.2282	0.0765	0.4062
000587	E	0.207653	0.407139	0.187760	0.2167	0.2002	0.1900	0.0620	0.2349	0.0777	0.4095
000588	L	0.160425	0.452992	0.187892	0.2122	0.2164	0.2410	0.1020	0.2451	0.0963	0.4192
000589	T	0.108668	0.460713	0.186964	0.2080	0.2884	0.2190	0.1000	0.2454	0.1098	0.4234
000590	D	0.093408	0.461981	0.188317	0.1844	0.2783	0.2200	0.1140	0.2378	0.1143	0.4302
000591	E	0.085081	0.477718	0.192559	0.1844	0.2680	0.2090	0.1130	0.2361	0.1208	0.4321
000592	Q	0.070926	0.469909	0.199329	0.2865	0.4051	0.2060	0.1170	0.2730	0.1336	0.4312
000593	A	0.056075	0.419984	0.206684	0.2748	0.2783	0.1730	0.1000	0.2348	0.1113	0.4328
000594	K	0.048196	0.390863	0.213655	0.3311	0.3053	0.1580	0.0930	0.2412	0.1151	0.4331
000595	Y	0.060109	0.375827	0.220790	0.2483	0.3321	0.1780	0.1050	0.2358	0.1029	0.4329
000596	L	0.072287	0.361931	0.226478	0.3225	0.4256	0.1880	0.1180	0.2661	0.1177	0.4249
000597	G	0.083689	0.377809	0.231008	0.3630	0.3356	0.1790	0.0910	0.2616	0.1070	0.4057
000598	L	0.128251	0.422719	0.233274	0.3578	0.2436	0.2130	0.1020	0.2664	0.0969	0.3931
000599	N	0.164672	0.460233	0.235124	0.3717	0.3215	0.2020	0.0870	0.2926	0.1025	0.3755
000600	K	0.207036	0.487358	0.234861	0.3096	0.2364	0.3050	0.1180	0.2967	0.0932	0.3606
000601	N	0.270044	0.518573	0.231957	0.3096	0.2224	0.4300	0.1520	0.3305	0.1086	0.3548
000602	G	0.305206	0.529136	0.226923	0.2385	0.1823	0.4920	0.1310	0.3289	0.1337	0.3494
000603	P	0.311574	0.526584	0.222855	0.2602	0.1501	0.5570	0.1310	0.3381	0.1522	0.3497
000604	F	0.308191	0.536371	0.223076	0.3399	0.1554	0.6130	0.1110	0.3627	0.1627	0.3543
000605	K	0.301775	0.581777	0.227011	0.3885	0.1323	0.5470	0.1290	0.3631	0.1622	0.3616
000606	P	0.312533	0.623691	0.234045	0.5084	0.1881	0.4790	0.1210	0.3910	0.1569	0.3728
000607	N	0.305964	0.665447	0.243881	0.6255	0.2575	0.4790	0.1970	0.4296	0.1712	0.3761
000608	Y	0.104977	0.711404	0.256240	0.6681	0.2258	0.5930	0.1290	0.4266	0.2380	0.3876
000609	Y	0.079823	0.708519	0.268761	0.7724	0.3149	0.6210	0.2260	0.4609	0.2541	0.3956
000610	R	0.298332	0.762008	0.279930	0.8074	0.2541	0.6480	0.1430	0.5083	0.2360	0.4079
000611	Y	0.431793	0.786066	0.285034	0.8488	0.2224	0.7100	0.1590	0.5473	0.2456	0.4246