RESNUM	RES	VL-XT	VSL2B	VL3	IUPred-S	IUPred-L	PONDRFIT	FITERROR	MDP	MDPERROR	ANCHOR2
000001	M	0.593724	0.797516	0.716237	0.9653	0.4256	0.9580	0.0230	0.6234	0.2266	0.3397
000002	S	0.734125	0.799104	0.687052	0.9299	0.3983	0.9380	0.0300	0.6333	0.2148	0.3303
000003	T	0.859498	0.826004	0.659733	0.8595	0.4186	0.8960	0.0640	0.6434	0.2007	0.3238
000004	L	0.892473	0.810284	0.636856	0.7912	0.4507	0.9220	0.0340	0.6444	0.1937	0.3173
000005	C	0.790797	0.783124	0.613768	0.7458	0.4979	0.9020	0.0490	0.6199	0.1664	0.3108
000006	P	0.818288	0.751005	0.591732	0.7079	0.3872	0.8980	0.0380	0.5938	0.1930	0.3026
000007	P	0.843405	0.715607	0.571274	0.6827	0.3704	0.8720	0.0510	0.5807	0.1944	0.2872
000008	P	0.842501	0.660936	0.551116	0.5667	0.2884	0.8870	0.0520	0.5409	0.2197	0.2794
000009	S	0.831639	0.600664	0.532257	0.4967	0.3053	0.8340	0.0720	0.5114	0.2072	0.2799
000010	P	0.806085	0.552494	0.514745	0.3762	0.3249	0.8390	0.0520	0.4831	0.2134	0.2828
000011	A	0.803387	0.536166	0.498049	0.3311	0.3426	0.8640	0.0850	0.4795	0.2225	0.2904
000012	V	0.827970	0.518175	0.482590	0.3535	0.3740	0.7790	0.1020	0.4754	0.2014	0.2944
000013	A	0.855269	0.515153	0.468278	0.3535	0.4087	0.6740	0.1110	0.4678	0.1878	0.2971
000014	K	0.863689	0.533483	0.454884	0.3491	0.3117	0.5760	0.1030	0.4389	0.1969	0.2982
000015	T	0.842653	0.546790	0.442281	0.4245	0.3117	0.4910	0.0750	0.4362	0.1808	0.3026
000016	E	0.739948	0.508710	0.430358	0.4078	0.3392	0.4260	0.0690	0.4036	0.1469	0.3104
000017	I	0.647972	0.465374	0.402909	0.3146	0.2783	0.3810	0.0820	0.3479	0.1378	0.3220
000018	A	0.560035	0.455554	0.375460	0.2657	0.2575	0.3280	0.1000	0.3111	0.1240	0.3330
000019	L	0.480451	0.441878	0.346801	0.2122	0.1323	0.2920	0.1020	0.2598	0.1348	0.3387
000020	S	0.379884	0.441295	0.318106	0.2209	0.1137	0.2630	0.0920	0.2365	0.1192	0.3397
000021	G	0.272951	0.434911	0.289888	0.1292	0.0555	0.2500	0.0870	0.1904	0.1304	0.3425
000022	K	0.170988	0.432557	0.261793	0.1349	0.0364	0.2250	0.0570	0.1666	0.1298	0.3422
000023	S	0.079554	0.397961	0.233762	0.1240	0.0592	0.2000	0.0630	0.1435	0.1209	0.3541
000024	P	0.007160	0.330723	0.207083	0.1018	0.0765	0.1390	0.0360	0.1092	0.1088	0.3735
000025	L	0.003248	0.256186	0.180460	0.1088	0.0433	0.1120	0.0280	0.0873	0.0888	0.3939
000026	L	0.000872	0.201237	0.157743	0.1088	0.0244	0.0880	0.0150	0.0706	0.0746	0.4088
000027	A	0.000636	0.148639	0.136544	0.0567	0.0218	0.0660	0.0180	0.0489	0.0592	0.4220
000028	A	0.001077	0.103592	0.122636	0.0542	0.0454	0.0500	0.0190	0.0424	0.0449	0.4335
000029	T	0.001436	0.082352	0.116231	0.0677	0.0555	0.0420	0.0200	0.0415	0.0403	0.4227
000030	F	0.001563	0.063610	0.109591	0.1292	0.0618	0.0430	0.0230	0.0498	0.0458	0.4112
000031	A	0.001581	0.052529	0.103978	0.1240	0.0631	0.0360	0.0160	0.0461	0.0444	0.4054
000032	Y	0.001643	0.052910	0.099386	0.0771	0.0618	0.0310	0.0110	0.0374	0.0355	0.4040
000033	W	0.001774	0.058481	0.093963	0.0723	0.0349	0.0270	0.0070	0.0323	0.0343	0.3993
000034	D	0.002350	0.069969	0.088895	0.0677	0.0198	0.0210	0.0050	0.0301	0.0352	0.4160
000035	N	0.002746	0.076683	0.083380	0.0336	0.0146	0.0220	0.0070	0.0249	0.0336	0.4304
000036	I	0.002831	0.080904	0.080017	0.0308	0.0269	0.0280	0.0080	0.0282	0.0319	0.4244
000037	L	0.003540	0.082923	0.077605	0.0395	0.0473	0.0380	0.0150	0.0352	0.0296	0.4150
000038	G	0.004069	0.085036	0.074528	0.0554	0.0605	0.0420	0.0150	0.0412	0.0288	0.3969
000039	P	0.005228	0.090162	0.072548	0.0660	0.0817	0.0420	0.0130	0.0475	0.0310	0.3810
000040	R	0.006822	0.096505	0.071362	0.0660	0.0835	0.0470	0.0140	0.0499	0.0313	0.3669
000041	V	0.008477	0.101568	0.070418	0.1205	0.1115	0.0520	0.0200	0.0657	0.0406	0.3540
000042	R	0.010640	0.116142	0.070233	0.1495	0.0799	0.0560	0.0260	0.0688	0.0455	0.3429
000043	H	0.014279	0.133228	0.070801	0.1635	0.0817	0.0820	0.0280	0.0790	0.0489	0.3320
000044	I	0.061165	0.147624	0.070828	0.1566	0.1399	0.1220	0.0410	0.1046	0.0390	0.3128
000045	W	0.096925	0.166815	0.071073	0.0909	0.1373	0.1510	0.0500	0.1071	0.0366	0.3049
000046	A	0.120500	0.201288	0.071049	0.0909	0.1298	0.1440	0.0460	0.1145	0.0431	0.2818
000047	P	0.123753	0.238722	0.071159	0.1532	0.2193	0.1270	0.0300	0.1436	0.0589	0.2576
000048	K	0.125796	0.260725	0.071791	0.2292	0.2164	0.1260	0.0220	0.1596	0.0687	0.2352
000049	T	0.125382	0.268200	0.073265	0.2432	0.2224	0.1150	0.0180	0.1623	0.0741	0.2141
000050	E	0.125930	0.267361	0.073693	0.1349	0.1137	0.1120	0.0230	0.1256	0.0622	0.1947
000051	Q	0.125657	0.271370	0.073762	0.1456	0.0676	0.1070	0.0310	0.1195	0.0692	0.1754
000052	V	0.171430	0.260354	0.074163	0.1349	0.0870	0.1030	0.0280	0.1262	0.0644	0.1551
000053	L	0.164137	0.244079	0.074738	0.0858	0.0929	0.0880	0.0210	0.1124	0.0621	0.1392
000054	L	0.156013	0.247194	0.077849	0.0771	0.0948	0.0770	0.0210	0.1087	0.0640	0.1253
000055	S	0.178165	0.259382	0.079821	0.1292	0.1643	0.0730	0.0220	0.1341	0.0648	0.1162
000056	D	0.248748	0.249555	0.080306	0.1998	0.1759	0.0770	0.0200	0.1584	0.0722	0.1086
000057	G	0.282899	0.234606	0.080581	0.2292	0.2164	0.0790	0.0240	0.1736	0.0798	0.1025
000058	E	0.307561	0.220923	0.080997	0.1266	0.1942	0.0710	0.0240	0.1534	0.0844	0.0966
000059	I	0.335650	0.206278	0.081250	0.1266	0.2094	0.0590	0.0170	0.1561	0.0945	0.0897
000060	T	0.372117	0.200361	0.081586	0.1266	0.1323	0.0530	0.0200	0.1474	0.1058	0.0892
000061	F	0.369196	0.191735	0.082460	0.1292	0.0734	0.0590	0.0250	0.1372	0.1080	0.0870
000062	L	0.401038	0.188747	0.083875	0.0677	0.0676	0.0600	0.0260	0.1308	0.1236	0.0836
000063	A	0.450676	0.182194	0.086878	0.0567	0.1070	0.0640	0.0180	0.1434	0.1380	0.0823
000064	N	0.481253	0.179388	0.090456	0.0909	0.1476	0.0770	0.0200	0.1626	0.1413	0.0805
000065	H	0.443363	0.189734	0.093132	0.1456	0.2399	0.0790	0.0260	0.1829	0.1234	0.0790
000066	T	0.442668	0.201171	0.095011	0.1117	0.2436	0.0820	0.0300	0.1802	0.1257	0.0775
000067	L	0.464153	0.240793	0.095421	0.1205	0.2364	0.0850	0.0300	0.1911	0.1320	0.0750
000068	N	0.501874	0.312715	0.095995	0.1150	0.2064	0.1040	0.0350	0.2066	0.1470	0.0768
000069	G	0.535532	0.379139	0.096705	0.1060	0.1251	0.1660	0.0660	0.2187	0.1659	0.0792
000070	E	0.542975	0.421554	0.097853	0.1416	0.2064	0.2150	0.0790	0.2546	0.1593	0.0813
000071	I	0.496815	0.441493	0.099192	0.0771	0.1449	0.2520	0.1020	0.2353	0.1648	0.0797
000072	L	0.448844	0.442925	0.099474	0.1349	0.2399	0.2560	0.1110	0.2537	0.1366	0.0791
000073	R	0.393990	0.428470	0.099135	0.1349	0.2224	0.2190	0.0810	0.2331	0.1238	0.0798
000074	N	0.391740	0.414418	0.098364	0.1532	0.1583	0.2060	0.0690	0.2205	0.1228	0.0819
000075	A	0.425750	0.381062	0.097443	0.0884	0.1048	0.1810	0.0480	0.1969	0.1395	0.0859
000076	E	0.440883	0.340812	0.095494	0.0490	0.0618	0.1540	0.0400	0.1744	0.1493	0.0902
000077	S	0.400276	0.298389	0.093499	0.0316	0.0592	0.1280	0.0320	0.1530	0.1354	0.0925
000078	G	0.358232	0.250240	0.091069	0.0327	0.1115	0.1130	0.0280	0.1442	0.1113	0.0953
000079	A	0.334461	0.203223	0.089496	0.0316	0.1048	0.1020	0.0260	0.1294	0.1000	0.0979
000080	I	0.314374	0.175382	0.088454	0.0350	0.1048	0.0920	0.0190	0.1202	0.0913	0.0981
000081	D	0.289196	0.168535	0.088937	0.0304	0.0631	0.0790	0.0110	0.1050	0.0878	0.1014
000082	V	0.272628	0.155606	0.088818	0.0542	0.0631	0.0720	0.0120	0.1028	0.0782	0.1022
000083	K	0.238253	0.138025	0.088880	0.0587	0.0618	0.0690	0.0150	0.0942	0.0654	0.1021
000084	F	0.167494	0.115593	0.090020	0.0350	0.0405	0.0750	0.0190	0.0722	0.0477	0.1009
000085	F	0.104990	0.098171	0.090109	0.0179	0.0380	0.0700	0.0140	0.0548	0.0354	0.0959
000086	V	0.077530	0.088652	0.089969	0.0137	0.0269	0.0650	0.0130	0.0453	0.0333	0.0866
000087	L	0.047445	0.098257	0.090424	0.0121	0.0153	0.0620	0.0170	0.0392	0.0365	0.0778
000088	S	0.016656	0.114627	0.090948	0.0067	0.0097	0.0670	0.0260	0.0358	0.0450	0.0699
000089	E	0.010828	0.119133	0.090474	0.0031	0.0101	0.0710	0.0280	0.0357	0.0475	0.0627
000090	K	0.006496	0.116577	0.089394	0.0013	0.0115	0.0670	0.0220	0.0338	0.0471	0.0542
000091	G	0.000452	0.107601	0.088777	0.0049	0.0191	0.0610	0.0180	0.0321	0.0440	0.0481
000092	V	0.000359	0.083925	0.088433	0.0042	0.0109	0.0570	0.0210	0.0260	0.0399	0.0426
000093	I	0.000980	0.063849	0.087104	0.0079	0.0163	0.0520	0.0180	0.0235	0.0349	0.0397
000094	I	0.002584	0.053053	0.083439	0.0037	0.0165	0.0460	0.0140	0.0203	0.0325	0.0376
000095	V	0.003730	0.047646	0.079666	0.0079	0.0320	0.0450	0.0150	0.0227	0.0290	0.0369
000096	S	0.003733	0.045150	0.078654	0.0150	0.0605	0.0480	0.0170	0.0287	0.0287	0.0370
000097	L	0.003932	0.044213	0.078497	0.0279	0.0888	0.0540	0.0220	0.0366	0.0317	0.0379
000098	I	0.004040	0.050021	0.079595	0.0464	0.1528	0.0660	0.0250	0.0532	0.0470	0.0395
000099	F	0.004254	0.079833	0.078407	0.0464	0.0948	0.0970	0.0360	0.0537	0.0350	0.0431
000100	D	0.004452	0.130101	0.077319	0.0405	0.0851	0.1250	0.0390	0.0642	0.0461	0.0476
000101	G	0.004537	0.183704	0.075824	0.0231	0.0494	0.1610	0.0470	0.0704	0.0685	0.0533
000102	N	0.003990	0.237795	0.073800	0.0245	0.0483	0.2250	0.0700	0.0899	0.0946	0.0589
000103	W	0.002619	0.284202	0.073489	0.0194	0.0424	0.2730	0.1010	0.1037	0.1179	0.0648
000104	N	0.001910	0.347175	0.073488	0.0387	0.0433	0.2870	0.0980	0.1196	0.1342	0.0686
000105	G	0.002616	0.384535	0.072924	0.0376	0.0424	0.2690	0.0840	0.1226	0.1417	0.0724
000106	D	0.023038	0.387930	0.073381	0.0316	0.0780	0.2550	0.0870	0.1292	0.1349	0.0743
000107	R	0.032040	0.367498	0.074713	0.0141	0.0835	0.2260	0.0750	0.1206	0.1257	0.0760
000108	S	0.044181	0.337818	0.077586	0.0363	0.1424	0.1820	0.0560	0.1238	0.1046	0.0775
000109	T	0.045346	0.287355	0.082773	0.0660	0.2292	0.1640	0.0460	0.1320	0.0903	0.0778
000110	Y	0.060298	0.235695	0.085371	0.1240	0.2470	0.1560	0.0390	0.1372	0.0718	0.0748
000111	G	0.070388	0.208653	0.086860	0.1205	0.2328	0.1350	0.0250	0.1279	0.0614	0.0703
000112	L	0.085490	0.197856	0.089117	0.0587	0.1399	0.1140	0.0320	0.0994	0.0475	0.0667
000113	S	0.092667	0.206066	0.091697	0.0621	0.0780	0.1000	0.0290	0.0898	0.0492	0.0672
000114	I	0.092859	0.186710	0.093379	0.0621	0.0835	0.1020	0.0310	0.0878	0.0423	0.0677
000115	I	0.074760	0.173082	0.095596	0.0376	0.0929	0.0970	0.0280	0.0792	0.0435	0.0685
000116	L	0.067375	0.166064	0.097693	0.0182	0.0518	0.0990	0.0280	0.0671	0.0489	0.0691
000117	P	0.055737	0.174480	0.099862	0.0218	0.0473	0.0950	0.0360	0.0657	0.0520	0.0708
000118	Q	0.054788	0.170326	0.103272	0.0109	0.0463	0.0930	0.0400	0.0625	0.0535	0.0724
000119	T	0.042628	0.171779	0.105705	0.0102	0.0306	0.0700	0.0270	0.0542	0.0568	0.0756
000120	E	0.036828	0.177871	0.108248	0.0102	0.0205	0.0630	0.0310	0.0514	0.0609	0.0787
000121	L	0.025838	0.174954	0.112398	0.0124	0.0231	0.0630	0.0340	0.0499	0.0611	0.0869
000122	S	0.023969	0.155602	0.116522	0.0081	0.0244	0.0640	0.0330	0.0460	0.0573	0.0999
000123	F	0.028607	0.129621	0.120221	0.0094	0.0414	0.0620	0.0250	0.0452	0.0494	0.1148
000124	Y	0.028746	0.115412	0.124566	0.0094	0.0244	0.0610	0.0140	0.0399	0.0494	0.1244
000125	L	0.028755	0.094513	0.128926	0.0212	0.0433	0.0670	0.0150	0.0424	0.0436	0.1328
000126	P	0.032512	0.075373	0.134537	0.0194	0.0749	0.0750	0.0260	0.0462	0.0432	0.1466
000127	L	0.032831	0.069185	0.138976	0.0425	0.0749	0.1020	0.0350	0.0535	0.0426	0.1610
000128	H	0.031083	0.070966	0.141461	0.0336	0.0364	0.1300	0.0560	0.0504	0.0516	0.1774
000129	R	0.054356	0.070211	0.146202	0.0167	0.0334	0.1740	0.0860	0.0581	0.0628	0.1934
000130	V	0.088100	0.071552	0.154061	0.0086	0.0313	0.2200	0.1120	0.0700	0.0767	0.2099
000131	C	0.138412	0.086677	0.163555	0.0082	0.0281	0.2420	0.1190	0.0840	0.0849	0.2263
000132	V	0.197367	0.096420	0.172696	0.0182	0.0473	0.3160	0.1560	0.1125	0.1046	0.2300
000133	D	0.241001	0.109105	0.183710	0.0194	0.0281	0.3730	0.1820	0.1285	0.1278	0.2321
000134	R	0.336216	0.119462	0.193641	0.0376	0.0306	0.4350	0.1790	0.1599	0.1536	0.2335
000135	L	0.436856	0.121224	0.202056	0.0387	0.0443	0.4220	0.1620	0.1771	0.1673	0.2403
000136	T	0.541220	0.110471	0.212816	0.0350	0.0780	0.2970	0.1110	0.1769	0.1745	0.2565
000137	H	0.646342	0.108732	0.222621	0.0259	0.0631	0.2240	0.0830	0.1780	0.2100	0.2704
000138	I	0.729063	0.123613	0.232013	0.0464	0.1206	0.2050	0.0670	0.2042	0.2290	0.2830
000139	I	0.801490	0.148040	0.240474	0.0502	0.1206	0.1840	0.0540	0.2174	0.2533	0.2914
000140	R	0.853303	0.176360	0.245426	0.0526	0.1298	0.1540	0.0600	0.2278	0.2708	0.2963
000141	K	0.838903	0.217896	0.251846	0.0813	0.2002	0.1530	0.0720	0.2485	0.2546	0.3009
000142	G	0.900083	0.244425	0.257769	0.1240	0.2680	0.1640	0.0900	0.2835	0.2653	0.3067
000143	R	0.909343	0.245098	0.262509	0.1766	0.2680	0.1830	0.1050	0.2971	0.2605	0.3168
000144	I	0.910730	0.254825	0.271778	0.1766	0.2645	0.2050	0.1000	0.3019	0.2583	0.3263
000145	W	0.911996	0.284483	0.282461	0.1266	0.2609	0.1950	0.0770	0.2964	0.2645	0.3322
000146	M	0.916198	0.323740	0.287502	0.2255	0.2609	0.1970	0.0740	0.3206	0.2529	0.3328
000147	H	0.888237	0.380517	0.291831	0.2209	0.1731	0.2270	0.0710	0.3150	0.2484	0.3231
000148	K	0.833746	0.433574	0.295461	0.1635	0.1115	0.2550	0.0690	0.2996	0.2446	0.3142
000149	E	0.812857	0.455222	0.299469	0.1844	0.1881	0.2910	0.0720	0.3219	0.2225	0.3102
000150	R	0.849721	0.476273	0.309271	0.1921	0.2715	0.3340	0.0790	0.3540	0.2221	0.3055
000151	Q	0.831867	0.498860	0.325342	0.2041	0.2817	0.3140	0.0780	0.3551	0.2156	0.3033
000152	E	0.818229	0.481779	0.337307	0.2122	0.3019	0.3020	0.0800	0.3527	0.2075	0.3040
000153	N	0.804133	0.466950	0.353153	0.2080	0.2988	0.2910	0.0810	0.3448	0.2040	0.3047
000154	V	0.791365	0.463827	0.370692	0.2292	0.2752	0.2500	0.0700	0.3350	0.2033	0.3069
000155	Q	0.774399	0.455809	0.385386	0.3053	0.3704	0.2150	0.0570	0.3535	0.1873	0.3150
000156	K	0.784366	0.423619	0.401649	0.3885	0.4725	0.2080	0.0560	0.3794	0.1847	0.3264
000157	I	0.821595	0.389589	0.417364	0.4203	0.5098	0.2250	0.0550	0.3944	0.1939	0.3408
000158	I	0.826288	0.396796	0.426973	0.4333	0.5055	0.2290	0.0580	0.3985	0.1938	0.3545
000159	L	0.826914	0.412846	0.441121	0.4333	0.5176	0.2170	0.0660	0.4013	0.1963	0.3641
000160	E	0.827496	0.447393	0.452686	0.4420	0.4940	0.2170	0.0690	0.4046	0.1948	0.3663
000161	G	0.826347	0.508645	0.463591	0.4556	0.4119	0.2330	0.0720	0.4059	0.1929	0.3719
000162	T	0.823294	0.560593	0.476123	0.4600	0.3249	0.2690	0.0820	0.4062	0.1963	0.3805
000163	E	0.818723	0.598383	0.494986	0.3939	0.3356	0.3260	0.1170	0.4122	0.1916	0.3885
000164	R	0.816619	0.627456	0.511815	0.3263	0.2988	0.4090	0.1620	0.4130	0.1997	0.3977
000165	M	0.819256	0.651710	0.530396	0.4282	0.2783	0.4460	0.1980	0.4373	0.1941	0.4134
000166	E	0.821657	0.662323	0.545414	0.4037	0.2783	0.4510	0.2020	0.4362	0.1991	0.4224
000167	D	0.822218	0.658521	0.555469	0.3311	0.2817	0.5260	0.2180	0.4366	0.2062	0.4309
000168	Q	0.828585	0.655739	0.567721	0.4078	0.3807	0.5110	0.2170	0.4640	0.1792	0.4297
000169	G	0.831348	0.644739	0.576599	0.4825	0.4017	0.4800	0.2030	0.4733	0.1701	0.4187
000170	Q	0.832951	0.630293	0.585474	0.5762	0.4051	0.4570	0.1840	0.4836	0.1680	0.4054
000171	S	0.838653	0.592307	0.594263	0.5126	0.4149	0.4680	0.1960	0.4710	0.1683	0.3865
000172	I	0.841837	0.531028	0.599818	0.4245	0.3494	0.4670	0.2010	0.4357	0.1869	0.3698
000173	I	0.834694	0.504958	0.605374	0.4556	0.3149	0.4510	0.1820	0.4268	0.1907	0.3578
000174	P	0.823492	0.471375	0.611004	0.3847	0.3117	0.4200	0.1530	0.4019	0.1979	0.3455
000175	M	0.817350	0.453051	0.614985	0.3717	0.2328	0.4200	0.1430	0.3825	0.2129	0.3350
000176	L	0.812833	0.493326	0.615991	0.4203	0.1852	0.4000	0.1410	0.3853	0.2195	0.3333
000177	T	0.766899	0.477385	0.619002	0.3456	0.1702	0.3890	0.1340	0.3581	0.2183	0.3300
000178	G	0.721977	0.495779	0.625134	0.2602	0.1583	0.4170	0.1050	0.3422	0.2214	0.3259
000179	E	0.674168	0.502410	0.638449	0.2700	0.1349	0.4090	0.0900	0.3318	0.2195	0.3207
000180	V	0.649630	0.493809	0.647385	0.2700	0.1323	0.4120	0.1070	0.3263	0.2175	0.3124
000181	I	0.598584	0.463470	0.649648	0.2333	0.1251	0.4140	0.1020	0.3057	0.2154	0.3065
000182	P	0.573422	0.454301	0.650432	0.2080	0.1251	0.3870	0.0870	0.2913	0.2156	0.3061
000183	V	0.579185	0.464602	0.653436	0.2820	0.1852	0.4050	0.0990	0.3193	0.1945	0.3061
000184	M	0.583148	0.499309	0.649161	0.3399	0.2034	0.4000	0.0980	0.3376	0.1850	0.3045
000185	E	0.586727	0.519651	0.639788	0.3146	0.2034	0.3980	0.0920	0.3370	0.1868	0.3086
000186	L	0.629053	0.534250	0.633733	0.2700	0.2470	0.4130	0.1060	0.3490	0.1891	0.3125
000187	L	0.670477	0.576903	0.629379	0.3762	0.3426	0.4060	0.1120	0.3954	0.1667	0.3136
000188	S	0.717311	0.600533	0.621632	0.3992	0.2575	0.3890	0.0730	0.3939	0.1905	0.3157
000189	S	0.737974	0.626417	0.619416	0.4149	0.2715	0.4660	0.0660	0.4195	0.1863	0.3198
000190	M	0.789870	0.639961	0.615575	0.3146	0.1791	0.6200	0.0930	0.4239	0.2337	0.3232
000191	K	0.821472	0.659326	0.610575	0.3939	0.2094	0.6330	0.0950	0.4529	0.2231	0.3359
000192	S	0.811297	0.655672	0.605080	0.3885	0.3019	0.6340	0.0880	0.4652	0.1986	0.3425
000193	H	0.802562	0.660852	0.597052	0.3263	0.2817	0.6050	0.0920	0.4461	0.2092	0.3460
000194	S	0.803728	0.660151	0.580705	0.4078	0.2849	0.5800	0.1000	0.4562	0.1937	0.3488
000195	V	0.807725	0.632918	0.562755	0.4245	0.2328	0.5630	0.1300	0.4434	0.2007	0.3504
000196	P	0.816274	0.610494	0.544845	0.3399	0.2258	0.4240	0.1710	0.4027	0.2122	0.3443
000197	E	0.814277	0.588599	0.532443	0.3263	0.3182	0.3520	0.1570	0.3999	0.1997	0.3428
000198	E	0.817028	0.550828	0.523449	0.3939	0.4119	0.3010	0.1400	0.4124	0.1862	0.3410
000199	I	0.822605	0.494863	0.514785	0.3939	0.4256	0.2670	0.1210	0.4006	0.1909	0.3388
000200	D	0.839315	0.437903	0.508715	0.3992	0.3460	0.2460	0.1060	0.3781	0.2050	0.3359
000201	I	0.841718	0.390375	0.502452	0.4282	0.3740	0.2190	0.0910	0.3755	0.2086	0.3377
000202	A	0.829938	0.344998	0.497364	0.3762	0.3910	0.1940	0.0790	0.3561	0.2131	0.3413
000203	D	0.826449	0.324391	0.492836	0.3668	0.3910	0.1820	0.0590	0.3484	0.2160	0.3506
000204	T	0.784939	0.340924	0.486908	0.3847	0.3019	0.1530	0.0270	0.3275	0.2118	0.3662
000205	V	0.692189	0.352510	0.481842	0.3806	0.3053	0.1350	0.0150	0.3110	0.1880	0.3909
000206	L	0.607167	0.350754	0.472102	0.3311	0.3840	0.1330	0.0140	0.3010	0.1642	0.4203
000207	N	0.515917	0.394202	0.467752	0.2913	0.3566	0.1280	0.0250	0.2810	0.1484	0.4126
000208	D	0.421636	0.449145	0.465929	0.2865	0.2364	0.1300	0.0260	0.2540	0.1459	0.3865
000209	D	0.318484	0.476518	0.458197	0.2602	0.1554	0.1450	0.0240	0.2260	0.1516	0.3637
000210	D	0.240136	0.461081	0.444738	0.2558	0.1583	0.1580	0.0300	0.2123	0.1440	0.3442
000211	I	0.172177	0.462911	0.436089	0.1766	0.1554	0.1450	0.0260	0.1853	0.1542	0.3247
000212	G	0.092640	0.429837	0.427617	0.1805	0.2034	0.1360	0.0200	0.1737	0.1522	0.3048
000213	D	0.048736	0.394379	0.413651	0.1998	0.1611	0.1410	0.0250	0.1575	0.1503	0.2925
000214	S	0.048988	0.355855	0.397801	0.1566	0.1528	0.1470	0.0410	0.1435	0.1408	0.2801
000215	C	0.051809	0.323004	0.384653	0.1041	0.1476	0.1430	0.0470	0.1283	0.1358	0.2699
000216	H	0.054905	0.291018	0.374959	0.1456	0.2002	0.1230	0.0510	0.1358	0.1240	0.2749
000217	E	0.050863	0.270773	0.366352	0.2080	0.2034	0.0950	0.0370	0.1381	0.1213	0.2814
000218	G	0.047205	0.261720	0.355576	0.2041	0.2034	0.0790	0.0320	0.1326	0.1202	0.2907
000219	F	0.043779	0.248431	0.347537	0.1292	0.1969	0.0770	0.0320	0.1158	0.1188	0.2986
000220	L	0.038900	0.248100	0.339998	0.1205	0.1162	0.0700	0.0290	0.0989	0.1194	0.2994
000221	L	0.029509	0.263803	0.329349	0.1088	0.1115	0.0640	0.0260	0.0963	0.1213	0.2761
000222	N	0.020719	0.250732	0.319778	0.0677	0.1048	0.0630	0.0290	0.0846	0.1212	0.2501
000223	A	0.015414	0.234289	0.309991	0.0677	0.1048	0.0710	0.0350	0.0822	0.1157	0.2145
000224	I	0.007686	0.215393	0.300797	0.0259	0.0690	0.0740	0.0380	0.0654	0.1176	0.1787
000225	S	0.002063	0.216304	0.294932	0.0252	0.0483	0.0740	0.0360	0.0610	0.1183	0.1482
000226	S	0.025845	0.199877	0.291660	0.0316	0.0592	0.0840	0.0370	0.0668	0.1092	0.1251
000227	H	0.070901	0.204416	0.287991	0.0226	0.0605	0.0910	0.0390	0.0749	0.1044	0.1033
000228	L	0.087589	0.193942	0.284954	0.0109	0.0543	0.0810	0.0320	0.0713	0.1041	0.0831
000229	Q	0.096085	0.196472	0.282746	0.0102	0.0543	0.0710	0.0260	0.0713	0.1041	0.0632
000230	T	0.102100	0.211567	0.280004	0.0200	0.0870	0.0700	0.0220	0.0817	0.1005	0.0475
000231	C	0.111955	0.224015	0.277445	0.0316	0.1476	0.0750	0.0270	0.0983	0.0962	0.0364
000232	G	0.115679	0.222754	0.274843	0.0395	0.2094	0.0720	0.0260	0.1100	0.0968	0.0348
000233	C	0.117475	0.225371	0.272901	0.0425	0.1528	0.0810	0.0310	0.1032	0.0918	0.0335
000234	S	0.119721	0.241749	0.276125	0.0526	0.1823	0.0950	0.0470	0.1153	0.0919	0.0400
000235	V	0.099911	0.232954	0.282715	0.0542	0.2503	0.1120	0.0580	0.1249	0.0984	0.0489
000236	V	0.058157	0.245364	0.290552	0.0514	0.1823	0.1160	0.0470	0.1088	0.1025	0.0576
000237	V	0.044121	0.298378	0.296478	0.0490	0.1373	0.1370	0.0470	0.1109	0.1149	0.0644
000238	G	0.038261	0.342877	0.301610	0.0336	0.1373	0.1890	0.0810	0.1235	0.1289	0.0696
000239	S	0.033920	0.384157	0.300893	0.0387	0.2034	0.2130	0.0930	0.1456	0.1372	0.0779
000240	S	0.024741	0.417954	0.303545	0.0395	0.1373	0.1970	0.0940	0.1362	0.1488	0.0909
000241	A	0.021280	0.434008	0.308955	0.0387	0.0780	0.1890	0.1050	0.1268	0.1595	0.1078
000242	E	0.019964	0.420447	0.314513	0.0587	0.0888	0.1330	0.0590	0.1201	0.1543	0.1145
000243	K	0.018659	0.408322	0.321993	0.0212	0.0473	0.1020	0.0390	0.0995	0.1634	0.1110
000244	V	0.015691	0.400420	0.326742	0.0376	0.0531	0.0890	0.0430	0.0994	0.1609	0.1120
000245	N	0.020535	0.347007	0.330343	0.0200	0.0555	0.0850	0.0410	0.0880	0.1506	0.1014
000246	K	0.039094	0.282241	0.332696	0.0182	0.0929	0.0750	0.0360	0.0845	0.1337	0.0952
000247	I	0.059246	0.232360	0.336076	0.0286	0.1115	0.0620	0.0250	0.0823	0.1235	0.0944
000248	V	0.067447	0.171300	0.336017	0.0502	0.1702	0.0550	0.0190	0.0857	0.1152	0.0914
000249	R	0.072205	0.122916	0.334038	0.0414	0.1702	0.0540	0.0160	0.0767	0.1147	0.0868
000250	T	0.075308	0.108584	0.334453	0.0425	0.1643	0.0550	0.0180	0.0742	0.1143	0.0818
000251	L	0.077929	0.113225	0.334862	0.0414	0.0985	0.0630	0.0260	0.0657	0.1130	0.0774
000252	C	0.078520	0.120374	0.336627	0.0514	0.1137	0.0650	0.0260	0.0716	0.1117	0.0644
000253	L	0.083551	0.118912	0.341581	0.0245	0.1028	0.0700	0.0260	0.0667	0.1167	0.0676
000254	F	0.083220	0.136426	0.349094	0.0231	0.0676	0.0890	0.0360	0.0665	0.1207	0.0685
000255	L	0.097035	0.205398	0.357528	0.0376	0.0543	0.1040	0.0430	0.0831	0.1250	0.0681
000256	T	0.127701	0.216130	0.362104	0.0231	0.0581	0.1150	0.0420	0.0901	0.1274	0.0605
000257	P	0.176371	0.251553	0.364694	0.0099	0.0494	0.1250	0.0410	0.1020	0.1346	0.0528
000258	A	0.205683	0.302376	0.365029	0.0173	0.0870	0.1390	0.0510	0.1251	0.1346	0.0445
000259	E	0.261089	0.336899	0.367244	0.0212	0.1206	0.1370	0.0500	0.1461	0.1384	0.0390
000260	R	0.289133	0.362333	0.368080	0.0218	0.1206	0.1320	0.0460	0.1544	0.1451	0.0349
000261	K	0.359377	0.389527	0.369281	0.0231	0.0605	0.1200	0.0300	0.1587	0.1671	0.0307
000262	C	0.430643	0.425440	0.372897	0.0376	0.0929	0.1450	0.0530	0.1885	0.1744	0.0268
000263	S	0.500546	0.436722	0.372845	0.0514	0.0967	0.1720	0.0770	0.2096	0.1835	0.0283
000264	R	0.536076	0.452816	0.372834	0.0723	0.1583	0.1970	0.0800	0.2361	0.1780	0.0276
000265	L	0.523145	0.465462	0.364481	0.0744	0.2470	0.2150	0.0610	0.2542	0.1648	0.0272
000266	C	0.489238	0.457348	0.352372	0.1266	0.3215	0.2050	0.0380	0.2667	0.1412	0.0258
000267	E	0.462044	0.459710	0.338857	0.1266	0.2436	0.2180	0.0400	0.2516	0.1366	0.0302
000268	A	0.434642	0.491743	0.327318	0.1117	0.1275	0.2660	0.0530	0.2386	0.1525	0.0365
000269	E	0.446182	0.502529	0.313929	0.0909	0.1092	0.2970	0.0680	0.2410	0.1627	0.0462
000270	S	0.404362	0.519437	0.307192	0.0490	0.1007	0.3140	0.0690	0.2312	0.1712	0.0583
000271	S	0.327978	0.521548	0.300473	0.0327	0.1028	0.2680	0.0470	0.2089	0.1664	0.0742
000272	F	0.252782	0.504862	0.289740	0.0376	0.0676	0.1920	0.0470	0.1758	0.1624	0.0967
000273	K	0.189151	0.474645	0.274919	0.0771	0.0765	0.1250	0.0240	0.1571	0.1470	0.1263
000274	Y	0.151506	0.443642	0.260773	0.0502	0.0734	0.1020	0.0220	0.1369	0.1428	0.1564
000275	E	0.130119	0.414096	0.248570	0.0316	0.0780	0.0810	0.0200	0.1225	0.1372	0.1856
000276	S	0.122716	0.366003	0.240071	0.0502	0.1184	0.0790	0.0240	0.1228	0.1155	0.2231
000277	G	0.091143	0.300636	0.233220	0.1117	0.1969	0.0800	0.0280	0.1300	0.0900	0.2691
000278	L	0.048348	0.247637	0.224562	0.1060	0.1791	0.0820	0.0270	0.1106	0.0828	0.3003
000279	F	0.018295	0.216908	0.218513	0.1322	0.2002	0.0970	0.0350	0.1108	0.0817	0.3202
000280	V	0.018350	0.213942	0.214391	0.1266	0.1048	0.1020	0.0420	0.0942	0.0772	0.3249
000281	Q	0.016066	0.254759	0.207145	0.1292	0.0749	0.1040	0.0400	0.0964	0.0870	0.3268
000282	G	0.009211	0.290280	0.199877	0.0744	0.0473	0.1180	0.0420	0.0899	0.1013	0.3354
000283	L	0.006364	0.314558	0.192908	0.0965	0.1092	0.1290	0.0430	0.1093	0.1002	0.3498
000284	L	0.003178	0.339009	0.184357	0.0607	0.0592	0.1260	0.0410	0.0981	0.1142	0.3511
000285	K	0.003021	0.358482	0.176479	0.1240	0.0967	0.1180	0.0430	0.1167	0.1121	0.3435
000286	D	0.003229	0.343081	0.166796	0.0607	0.0909	0.1180	0.0420	0.1027	0.1110	0.3425
000287	S	0.003524	0.339056	0.158802	0.0660	0.0631	0.1180	0.0370	0.0983	0.1105	0.3383
000288	T	0.003964	0.329357	0.153267	0.0723	0.0518	0.0930	0.0290	0.0918	0.1080	0.3382
000289	G	0.002751	0.294257	0.149325	0.0771	0.0494	0.0690	0.0200	0.0821	0.0976	0.3440
000290	S	0.002121	0.250364	0.142547	0.1088	0.0799	0.0500	0.0180	0.0819	0.0818	0.3590
000291	F	0.002509	0.211495	0.134932	0.1018	0.1323	0.0470	0.0180	0.0826	0.0705	0.3819
000292	V	0.006925	0.176868	0.124053	0.0771	0.0765	0.0400	0.0140	0.0629	0.0588	0.4000
000293	L	0.007707	0.152237	0.112099	0.0935	0.0909	0.0380	0.0130	0.0637	0.0510	0.4102
000294	P	0.007890	0.137079	0.102875	0.0832	0.1424	0.0420	0.0140	0.0687	0.0515	0.4079
000295	F	0.009032	0.125506	0.093965	0.1532	0.2064	0.0530	0.0190	0.0913	0.0664	0.4134
000296	R	0.009632	0.115990	0.089977	0.1532	0.2094	0.0530	0.0160	0.0902	0.0667	0.4166
000297	Q	0.010735	0.114008	0.088989	0.1380	0.1298	0.0580	0.0150	0.0752	0.0467	0.4156
000298	V	0.014839	0.130251	0.089011	0.1380	0.1399	0.0680	0.0180	0.0818	0.0476	0.4207
000299	M	0.019945	0.149277	0.093409	0.0935	0.0948	0.0670	0.0180	0.0707	0.0416	0.4204
000300	Y	0.027711	0.164240	0.096122	0.0991	0.0985	0.0770	0.0200	0.0777	0.0432	0.4107
000301	A	0.026769	0.192134	0.099301	0.0677	0.0676	0.0790	0.0170	0.0723	0.0536	0.3951
000302	P	0.041082	0.219394	0.100751	0.1292	0.1349	0.0810	0.0130	0.1008	0.0577	0.3792
000303	Y	0.046687	0.223048	0.100977	0.1292	0.1852	0.0890	0.0160	0.1121	0.0618	0.3681
000304	P	0.050840	0.230738	0.102363	0.1958	0.1942	0.0800	0.0190	0.1252	0.0695	0.3574
000305	T	0.084313	0.238754	0.101076	0.1732	0.1643	0.0880	0.0170	0.1248	0.0584	0.3542
000306	T	0.152893	0.246543	0.102351	0.1998	0.2715	0.0860	0.0190	0.1595	0.0712	0.3484
000307	H	0.197291	0.256581	0.103184	0.1998	0.2364	0.0970	0.0340	0.1646	0.0635	0.3459
000308	I	0.213897	0.269422	0.103682	0.1998	0.2575	0.1150	0.0430	0.1759	0.0663	0.3454
000309	D	0.235316	0.289159	0.106454	0.2209	0.3460	0.1240	0.0500	0.2025	0.0866	0.3381
000310	V	0.261596	0.313531	0.108629	0.2786	0.2849	0.1590	0.0570	0.2163	0.0763	0.3311
000311	D	0.256752	0.340131	0.111309	0.3806	0.3631	0.1640	0.0560	0.2507	0.1037	0.3295
000312	V	0.255465	0.340971	0.115384	0.3491	0.4051	0.1630	0.0510	0.2523	0.1059	0.3289
000313	N	0.254544	0.344084	0.119537	0.3184	0.3740	0.1530	0.0440	0.2407	0.0975	0.3283
000314	T	0.230631	0.362015	0.124019	0.4116	0.3740	0.1600	0.0490	0.2563	0.1130	0.3267
000315	V	0.194566	0.379508	0.126856	0.3762	0.2609	0.1950	0.0670	0.2343	0.0971	0.3326
000316	K	0.174773	0.375738	0.128719	0.3263	0.2715	0.1580	0.0510	0.2177	0.0940	0.3373
000317	Q	0.175122	0.388192	0.130123	0.2602	0.2752	0.1590	0.0570	0.2095	0.0903	0.3457
000318	M	0.163107	0.409180	0.132365	0.2657	0.2817	0.1440	0.0520	0.2107	0.1002	0.3551
000319	P	0.167441	0.390560	0.133128	0.3535	0.3667	0.1140	0.0390	0.2321	0.1196	0.3608
000320	P	0.199686	0.345909	0.132054	0.3399	0.2752	0.0990	0.0300	0.2099	0.0985	0.3686
000321	C	0.260193	0.349755	0.131998	0.3939	0.3087	0.0930	0.0320	0.2343	0.1121	0.3782
000322	H	0.317948	0.340593	0.133983	0.3053	0.3019	0.0920	0.0330	0.2263	0.1000	0.3837
000323	E	0.351653	0.328853	0.138822	0.3399	0.3599	0.1060	0.0430	0.2478	0.1082	0.3885
000324	H	0.360657	0.338849	0.143593	0.3225	0.3631	0.1060	0.0430	0.2485	0.1085	0.3913
000325	I	0.349970	0.370329	0.146749	0.3263	0.2783	0.1070	0.0390	0.2386	0.1039	0.3955
000326	Y	0.333536	0.365953	0.149000	0.4116	0.3460	0.1060	0.0430	0.2606	0.1175	0.3925
000327	N	0.329553	0.389375	0.152820	0.3399	0.3215	0.1020	0.0410	0.2470	0.1089	0.3860
000328	Q	0.313075	0.404682	0.157270	0.3225	0.2064	0.1090	0.0550	0.2259	0.1062	0.3819
000329	R	0.289735	0.389821	0.156675	0.3491	0.1476	0.1090	0.0580	0.2142	0.1108	0.3804
000330	R	0.244962	0.366760	0.153538	0.2558	0.1275	0.0960	0.0440	0.1818	0.0956	0.3817
000331	Y	0.204048	0.327325	0.151484	0.1495	0.0909	0.0800	0.0170	0.1420	0.0864	0.3841
000332	M	0.180182	0.302632	0.148558	0.1958	0.1528	0.0840	0.0230	0.1526	0.0705	0.3865
000333	R	0.159739	0.288976	0.148327	0.1766	0.1528	0.0910	0.0280	0.1449	0.0644	0.3878
000334	S	0.164436	0.276573	0.151308	0.1698	0.1528	0.0830	0.0230	0.1411	0.0624	0.3918
000335	E	0.181151	0.277421	0.155623	0.1766	0.1671	0.0710	0.0140	0.1456	0.0655	0.3975
000336	L	0.191160	0.271996	0.161977	0.2432	0.2470	0.0670	0.0160	0.1701	0.0738	0.4007
000337	T	0.203896	0.257448	0.167981	0.3311	0.2988	0.0740	0.0250	0.1942	0.0903	0.4019
000338	A	0.225837	0.252526	0.172417	0.3359	0.2575	0.1040	0.0590	0.1960	0.0779	0.4106
000339	F	0.241039	0.264167	0.179472	0.2820	0.2609	0.1180	0.0700	0.1944	0.0648	0.4155
000340	W	0.275091	0.270656	0.185024	0.2602	0.2645	0.1390	0.0840	0.2016	0.0602	0.4112
000341	R	0.279624	0.300586	0.189276	0.2820	0.2645	0.1570	0.0780	0.2140	0.0616	0.4060
000342	A	0.266759	0.357241	0.192605	0.3668	0.2645	0.1920	0.0780	0.2412	0.0766	0.3998
000343	T	0.254410	0.407537	0.194720	0.3992	0.2129	0.2610	0.0880	0.2558	0.0905	0.3925
000344	S	0.257257	0.433628	0.196622	0.3311	0.1399	0.3190	0.0840	0.2467	0.1010	0.3933
000345	E	0.265267	0.458418	0.198114	0.2558	0.1449	0.3420	0.1030	0.2444	0.1064	0.3948
000346	E	0.266538	0.474435	0.199894	0.1732	0.1424	0.3170	0.1420	0.2289	0.1161	0.3935
000347	D	0.309298	0.478807	0.202156	0.2292	0.2224	0.2300	0.0840	0.2449	0.1014	0.3917
000348	M	0.371127	0.469176	0.206199	0.2385	0.2193	0.1780	0.0430	0.2460	0.1099	0.3949
000349	A	0.420489	0.459768	0.210167	0.2820	0.1476	0.1620	0.0370	0.2453	0.1263	0.3884
000350	Q	0.496063	0.445945	0.213382	0.3491	0.2503	0.1600	0.0470	0.2836	0.1272	0.3812
000351	D	0.581835	0.393563	0.216871	0.3535	0.3872	0.1510	0.0550	0.3111	0.1428	0.3799
000352	T	0.629530	0.337147	0.217724	0.3491	0.3948	0.1200	0.0470	0.3052	0.1623	0.3799
000353	I	0.610075	0.291328	0.215675	0.4203	0.3392	0.1120	0.0340	0.2955	0.1615	0.3811
000354	I	0.586042	0.270808	0.213166	0.4282	0.3529	0.1120	0.0330	0.2916	0.1570	0.3762
000355	Y	0.560538	0.264189	0.210619	0.3311	0.2680	0.1420	0.0590	0.2609	0.1363	0.3606
000356	T	0.481067	0.290394	0.210378	0.3225	0.1501	0.1580	0.0750	0.2337	0.1194	0.3364
000357	D	0.386019	0.300067	0.209413	0.2292	0.1476	0.1570	0.0700	0.2033	0.0901	0.3140
000358	E	0.283015	0.288672	0.207641	0.1416	0.1476	0.1310	0.0460	0.1653	0.0741	0.2917
000359	S	0.186766	0.276299	0.201945	0.1844	0.1229	0.1110	0.0250	0.1468	0.0642	0.2671
000360	F	0.095481	0.281223	0.199408	0.2209	0.0888	0.1020	0.0150	0.1314	0.0807	0.2456
000361	T	0.043175	0.264718	0.199774	0.1416	0.0835	0.0900	0.0210	0.1039	0.0824	0.2227
000362	P	0.046772	0.240568	0.199031	0.0813	0.0817	0.0810	0.0180	0.0885	0.0788	0.2025
000363	D	0.047257	0.245134	0.196700	0.0771	0.0835	0.0710	0.0120	0.0874	0.0805	0.1783
000364	L	0.050762	0.231050	0.191524	0.1178	0.1399	0.0640	0.0120	0.1006	0.0718	0.1557
000365	N	0.049015	0.196981	0.185688	0.1766	0.1399	0.0620	0.0120	0.1041	0.0666	0.1395
000366	I	0.048260	0.183738	0.180255	0.2483	0.1528	0.0610	0.0170	0.1156	0.0768	0.1244
000367	F	0.047830	0.179832	0.174365	0.1566	0.1476	0.0590	0.0180	0.0984	0.0610	0.1123
000368	Q	0.046889	0.161878	0.167387	0.0935	0.1229	0.0560	0.0200	0.0803	0.0547	0.0997
000369	D	0.044747	0.149766	0.161755	0.0744	0.0568	0.0460	0.0140	0.0620	0.0553	0.0893
000370	V	0.039554	0.147853	0.153950	0.0587	0.0334	0.0420	0.0120	0.0536	0.0573	0.0807
000371	L	0.030700	0.130801	0.147377	0.0526	0.0719	0.0400	0.0140	0.0543	0.0510	0.0740
000372	H	0.023340	0.125693	0.142519	0.0279	0.0765	0.0390	0.0150	0.0488	0.0527	0.0696
000373	R	0.014400	0.141676	0.139813	0.0212	0.0414	0.0400	0.0130	0.0432	0.0583	0.0651
000374	D	0.012027	0.156189	0.137007	0.0218	0.0198	0.0430	0.0170	0.0422	0.0630	0.0628
000375	T	0.011085	0.156696	0.134467	0.0218	0.0349	0.0430	0.0160	0.0445	0.0611	0.0614
000376	L	0.009808	0.163002	0.132154	0.0083	0.0194	0.0400	0.0110	0.0400	0.0658	0.0597
000377	V	0.006721	0.168119	0.129674	0.0157	0.0320	0.0390	0.0100	0.0436	0.0648	0.0602
000378	K	0.004812	0.147754	0.123597	0.0124	0.0799	0.0410	0.0110	0.0477	0.0576	0.0613
000379	A	0.004422	0.131301	0.116744	0.0118	0.0749	0.0460	0.0150	0.0448	0.0521	0.0660
000380	F	0.003888	0.127483	0.109570	0.0150	0.0414	0.0530	0.0200	0.0401	0.0493	0.0718
000381	L	0.003167	0.121865	0.104107	0.0286	0.0646	0.0520	0.0200	0.0450	0.0445	0.0771
000382	D	0.002477	0.110466	0.099296	0.0226	0.0646	0.0570	0.0220	0.0429	0.0418	0.0817
000383	Q	0.002154	0.125329	0.095541	0.0245	0.0662	0.0810	0.0260	0.0498	0.0446	0.0852
000384	V	0.001526	0.137770	0.092893	0.0094	0.0646	0.1110	0.0280	0.0541	0.0527	0.0908
000385	F	0.001501	0.151885	0.089184	0.0086	0.0631	0.1330	0.0230	0.0598	0.0589	0.0975
000386	Q	0.001502	0.202257	0.085188	0.0090	0.0300	0.1380	0.0200	0.0634	0.0744	0.1026
000387	L	0.001385	0.265142	0.081904	0.0194	0.0300	0.1490	0.0150	0.0776	0.0929	0.1084
000388	K	0.001258	0.295348	0.080017	0.0157	0.0389	0.1500	0.0150	0.0835	0.1022	0.1133
000389	P	0.001058	0.308251	0.079070	0.0081	0.0424	0.1520	0.0200	0.0853	0.1073	0.1174
000390	G	0.000964	0.327093	0.082386	0.0079	0.0253	0.1560	0.0310	0.0862	0.1155	0.1136
000391	L	0.000866	0.311543	0.088025	0.0167	0.0306	0.1350	0.0350	0.0824	0.1072	0.1093
000392	S	0.000868	0.269050	0.088824	0.0173	0.0306	0.1010	0.0300	0.0698	0.0914	0.1060
000393	L	0.000904	0.246304	0.093335	0.0084	0.0202	0.0820	0.0220	0.0597	0.0857	0.1037
000394	R	0.001028	0.230065	0.097635	0.0038	0.0123	0.0620	0.0200	0.0515	0.0821	0.1021
000395	S	0.001013	0.192238	0.102105	0.0042	0.0171	0.0500	0.0160	0.0442	0.0701	0.0980
000396	T	0.000963	0.149209	0.107847	0.0053	0.0327	0.0430	0.0120	0.0385	0.0572	0.0957
000397	F	0.000909	0.128665	0.113425	0.0052	0.0294	0.0360	0.0070	0.0333	0.0538	0.0965
000398	L	0.000927	0.108511	0.117746	0.0118	0.0414	0.0310	0.0060	0.0323	0.0493	0.0967
000399	A	0.000933	0.094307	0.125108	0.0118	0.0253	0.0290	0.0050	0.0269	0.0502	0.0966
000400	Q	0.001055	0.086711	0.130253	0.0069	0.0218	0.0270	0.0040	0.0238	0.0518	0.0948
000401	F	0.000984	0.085924	0.134489	0.0031	0.0138	0.0270	0.0050	0.0217	0.0543	0.0959
000402	L	0.000882	0.076737	0.137477	0.0079	0.0138	0.0280	0.0060	0.0212	0.0537	0.0979
000403	L	0.000630	0.075103	0.140536	0.0040	0.0136	0.0300	0.0080	0.0206	0.0550	0.0959
000404	V	0.000550	0.075427	0.141485	0.0052	0.0134	0.0330	0.0100	0.0213	0.0552	0.0931
000405	L	0.000750	0.075888	0.143854	0.0053	0.0092	0.0420	0.0190	0.0222	0.0563	0.0924
000406	H	0.000946	0.085350	0.144950	0.0026	0.0097	0.0590	0.0380	0.0262	0.0579	0.0897
000407	R	0.001143	0.092310	0.147647	0.0009	0.0099	0.0660	0.0400	0.0284	0.0600	0.0836
000408	K	0.001977	0.105309	0.150875	0.0029	0.0171	0.0710	0.0390	0.0331	0.0615	0.0769
000409	A	0.003892	0.108780	0.156363	0.0067	0.0275	0.0750	0.0330	0.0370	0.0619	0.0700
000410	L	0.011946	0.119124	0.164193	0.0082	0.0356	0.0860	0.0300	0.0434	0.0638	0.0636
000411	T	0.061296	0.137393	0.174877	0.0079	0.0320	0.0940	0.0380	0.0555	0.0650	0.0598
000412	L	0.128665	0.159134	0.182464	0.0179	0.0662	0.1240	0.0340	0.0827	0.0634	0.0566
000413	I	0.175666	0.181421	0.186804	0.0350	0.1070	0.1540	0.0320	0.1088	0.0623	0.0537
000414	K	0.207205	0.207013	0.189597	0.0643	0.1611	0.1690	0.0340	0.1347	0.0582	0.0543
000415	Y	0.208821	0.250566	0.192984	0.1088	0.2541	0.2450	0.0670	0.1779	0.0600	0.0552
000416	I	0.210146	0.307706	0.196528	0.1766	0.2224	0.2870	0.1090	0.2007	0.0579	0.0566
000417	E	0.261416	0.372436	0.199768	0.2122	0.2193	0.3060	0.1270	0.2285	0.0694	0.0619
000418	D	0.311334	0.434885	0.204051	0.1240	0.2164	0.3610	0.1430	0.2412	0.1099	0.0693
000419	D	0.355285	0.533582	0.211970	0.1205	0.1424	0.4100	0.1120	0.2603	0.1538	0.0784
000420	T	0.390684	0.610227	0.215239	0.1495	0.1643	0.4770	0.1310	0.2987	0.1754	0.0888
000421	Q	0.375321	0.645807	0.221022	0.1566	0.2575	0.5060	0.1440	0.3235	0.1744	0.1009
000422	K	0.433946	0.686834	0.229513	0.1602	0.1702	0.4680	0.1180	0.3199	0.1940	0.1127
000423	G	0.507600	0.728661	0.238455	0.2432	0.2436	0.4430	0.1250	0.3610	0.1853	0.1231
000424	K	0.609942	0.698686	0.242567	0.2531	0.2328	0.4410	0.1270	0.3726	0.1906	0.1340
000425	K	0.692722	0.707230	0.246954	0.2432	0.2436	0.3710	0.1310	0.3763	0.2089	0.1391
000426	P	0.724130	0.681381	0.254150	0.2333	0.2399	0.3090	0.1090	0.3647	0.2151	0.1433
000427	F	0.755887	0.615090	0.257028	0.3359	0.3321	0.2960	0.1180	0.3892	0.1905	0.1400
000428	K	0.780974	0.532242	0.256614	0.2531	0.2258	0.2570	0.1040	0.3415	0.2102	0.1330
000429	S	0.739243	0.477995	0.256825	0.2602	0.2224	0.2550	0.1120	0.3258	0.1910	0.1240
000430	L	0.774603	0.418407	0.253436	0.1766	0.1881	0.2550	0.1140	0.3021	0.2122	0.1148
000431	R	0.715480	0.364814	0.252291	0.1766	0.2002	0.2150	0.1100	0.2787	0.1913	0.1068
000432	N	0.643903	0.320160	0.252054	0.1456	0.1914	0.1910	0.0880	0.2487	0.1725	0.0976
000433	L	0.556053	0.309524	0.251944	0.1532	0.2002	0.1610	0.0790	0.2300	0.1441	0.0885
000434	K	0.507184	0.293727	0.250220	0.1532	0.1251	0.1420	0.0630	0.2035	0.1384	0.0817
000435	I	0.449080	0.285907	0.248550	0.1532	0.1399	0.1560	0.0660	0.1974	0.1160	0.0749
000436	D	0.385371	0.290213	0.246219	0.0909	0.0817	0.1450	0.0550	0.1655	0.1179	0.0716
000437	L	0.328331	0.296855	0.245421	0.0677	0.0356	0.1430	0.0480	0.1453	0.1187	0.0690
000438	D	0.303463	0.277770	0.243156	0.0789	0.0592	0.1500	0.0460	0.1449	0.1034	0.0695
000439	L	0.260409	0.256085	0.240899	0.0441	0.0494	0.1540	0.0410	0.1273	0.1008	0.0722
000440	T	0.258187	0.255078	0.236964	0.0327	0.0275	0.1570	0.0450	0.1217	0.1062	0.0766
000441	A	0.269439	0.256639	0.230100	0.0464	0.0389	0.1550	0.0500	0.1277	0.1020	0.0816
000442	E	0.297374	0.239813	0.220480	0.0252	0.0443	0.1380	0.0580	0.1242	0.1073	0.0874
000443	G	0.307928	0.230580	0.213015	0.0182	0.0389	0.1150	0.0500	0.1184	0.1109	0.0947
000444	D	0.340989	0.220511	0.209404	0.0395	0.0372	0.0960	0.0420	0.1223	0.1154	0.1029
000445	L	0.338727	0.200238	0.207892	0.0405	0.0380	0.0780	0.0330	0.1158	0.1144	0.1117
000446	N	0.335732	0.173290	0.206564	0.0387	0.0870	0.0610	0.0190	0.1159	0.1078	0.1201
000447	I	0.339599	0.151811	0.205307	0.0376	0.0835	0.0580	0.0190	0.1118	0.1091	0.1290
000448	I	0.307513	0.134160	0.203805	0.0813	0.0835	0.0620	0.0200	0.1114	0.0928	0.1387
000449	M	0.264069	0.127066	0.201323	0.0813	0.0799	0.0640	0.0210	0.1027	0.0805	0.1491
000450	A	0.219062	0.128624	0.195004	0.0744	0.1349	0.0730	0.0230	0.1050	0.0640	0.1554
000451	L	0.174917	0.166289	0.192451	0.0723	0.0631	0.0830	0.0290	0.0933	0.0623	0.1611
000452	A	0.129176	0.221035	0.186192	0.0909	0.0405	0.1000	0.0340	0.0969	0.0679	0.1678
000453	E	0.071147	0.268529	0.173896	0.0464	0.0178	0.1000	0.0340	0.0840	0.0898	0.1746
000454	K	0.053498	0.312971	0.162553	0.0259	0.0178	0.1110	0.0300	0.0868	0.1057	0.1802
000455	I	0.036459	0.344974	0.153021	0.0118	0.0174	0.1370	0.0270	0.0913	0.1191	0.1873
000456	K	0.014464	0.337272	0.144829	0.0252	0.0364	0.1320	0.0320	0.0909	0.1143	0.1947
000457	P	0.002265	0.305241	0.135085	0.0231	0.0163	0.1340	0.0380	0.0801	0.1080	0.2084
000458	G	0.001426	0.272669	0.128984	0.0514	0.0165	0.1210	0.0340	0.0772	0.0939	0.2139
000459	L	0.001322	0.226648	0.125320	0.0464	0.0287	0.1000	0.0290	0.0672	0.0776	0.2188
000460	H	0.001187	0.185075	0.121793	0.0304	0.0356	0.0690	0.0180	0.0536	0.0656	0.2212
000461	S	0.003164	0.160081	0.118967	0.0387	0.0269	0.0620	0.0240	0.0484	0.0581	0.2234
000462	F	0.010646	0.150430	0.116688	0.0701	0.0518	0.0710	0.0340	0.0589	0.0489	0.2191
000463	I	0.021370	0.131786	0.112988	0.0490	0.0719	0.0800	0.0300	0.0591	0.0415	0.2109
000464	F	0.028585	0.129112	0.109194	0.0502	0.0676	0.0830	0.0210	0.0598	0.0386	0.2078
000465	G	0.041478	0.153496	0.107263	0.0554	0.0704	0.0860	0.0250	0.0678	0.0410	0.2053
000466	R	0.077041	0.161810	0.106065	0.1088	0.0799	0.0950	0.0340	0.0870	0.0333	0.2035
000467	P	0.117320	0.155667	0.105867	0.1178	0.0443	0.0960	0.0330	0.0884	0.0377	0.1971
000468	F	0.142828	0.162899	0.105091	0.0554	0.0281	0.1060	0.0430	0.0825	0.0498	0.1813
000469	Y	0.158874	0.180796	0.103861	0.0316	0.0287	0.1110	0.0390	0.0851	0.0601	0.1726
000470	T	0.178389	0.198848	0.101922	0.0455	0.0244	0.1170	0.0370	0.0941	0.0657	0.1667
000471	S	0.201093	0.239985	0.100403	0.0478	0.0240	0.1670	0.0510	0.1132	0.0807	0.1611
000472	V	0.216394	0.270689	0.099175	0.0245	0.0191	0.2950	0.0840	0.1375	0.1132	0.1574
000473	Q	0.230092	0.307414	0.098633	0.0587	0.0320	0.3890	0.0940	0.1696	0.1336	0.1621
000474	E	0.240409	0.365952	0.098043	0.1349	0.0506	0.4290	0.1030	0.2036	0.1402	0.1658
000475	R	0.222639	0.432973	0.097240	0.2657	0.0985	0.4670	0.0670	0.2478	0.1462	0.1598
000476	D	0.195021	0.486726	0.096214	0.3053	0.0780	0.4430	0.0840	0.2514	0.1594	0.1523
000477	V	0.185609	0.553478	0.094801	0.3578	0.0581	0.4940	0.0890	0.2749	0.1915	0.1469
000478	L	0.209103	0.634470	0.093126	0.3668	0.0300	0.6260	0.0380	0.3111	0.2394	0.1445
000479	M	0.160431	0.684746	0.092320	0.5229	0.0690	0.7020	0.0400	0.3565	0.2726	0.1472
000480	T	0.114314	0.707404	0.090530	0.6604	0.1251	0.7250	0.0430	0.3887	0.2950	0.1479
000481	F	0.145242	0.727617	0.088435	0.6984	0.0888	0.8070	0.0490	0.4112	0.3210	0.1454