RESNUM	RES	VL-XT	VSL2B	VL3	IUPred-S	IUPred-L	PONDRFIT	FITERROR	MDP	MDPERROR	ANCHOR2
000001	M	0.986808	0.961512	0.934205	0.9392	0.4725	0.9790	0.0160	0.8789	0.1827	0.4866
000002	E	0.968622	0.960064	0.929603	0.8945	0.4940	0.9850	0.0080	0.8720	0.1716	0.4788
000003	E	0.970679	0.958744	0.920458	0.8200	0.5139	0.9680	0.0350	0.8586	0.1626	0.4744
000004	I	0.951854	0.955724	0.912573	0.7724	0.5620	0.9650	0.0310	0.8533	0.1458	0.4717
000005	K	0.795720	0.952192	0.905721	0.7317	0.5707	0.9560	0.0260	0.8187	0.1378	0.4655
000006	P	0.765792	0.943085	0.900327	0.7034	0.6531	0.9520	0.0290	0.8197	0.1180	0.4613
000007	A	0.701722	0.941820	0.895588	0.6604	0.6620	0.9360	0.0400	0.7996	0.1265	0.4534
000008	S	0.648210	0.936946	0.890881	0.6442	0.6661	0.9440	0.0210	0.7884	0.1368	0.4453
000009	A	0.588644	0.924462	0.885602	0.5992	0.6136	0.9440	0.0390	0.7593	0.1599	0.4392
000010	S	0.529068	0.930305	0.879255	0.5473	0.6269	0.9280	0.0570	0.7402	0.1759	0.4360
000011	C	0.457240	0.936172	0.871810	0.4556	0.6620	0.9280	0.0450	0.7184	0.2062	0.4339
000012	V	0.458136	0.939062	0.863071	0.4600	0.6136	0.8940	0.0690	0.7046	0.2020	0.4304
000013	S	0.413477	0.942514	0.854174	0.4749	0.5296	0.8600	0.0840	0.6791	0.2110	0.4351
000014	K	0.414644	0.941184	0.845734	0.4245	0.5139	0.8310	0.0970	0.6618	0.2159	0.4458
000015	E	0.387928	0.939066	0.838439	0.4203	0.5901	0.8230	0.0980	0.6665	0.2131	0.4573
000016	K	0.399584	0.936696	0.830368	0.4245	0.5055	0.8050	0.0940	0.6503	0.2134	0.4767
000017	P	0.400453	0.930976	0.821456	0.4037	0.4864	0.7530	0.1100	0.6327	0.2109	0.5042
000018	S	0.432403	0.925983	0.811856	0.3535	0.5055	0.7420	0.1060	0.6286	0.2099	0.5314
000019	K	0.461366	0.918125	0.803085	0.3578	0.5055	0.7050	0.0970	0.6251	0.1985	0.5612
000020	V	0.524069	0.912735	0.795195	0.3847	0.5211	0.6410	0.0840	0.6298	0.1782	0.5942
000021	S	0.547145	0.903616	0.787306	0.3885	0.5211	0.5540	0.0970	0.6169	0.1739	0.6184
000022	D	0.567049	0.887814	0.779692	0.4245	0.5707	0.5600	0.0900	0.6317	0.1546	0.6438
000023	L	0.574785	0.883988	0.771310	0.4749	0.6269	0.6210	0.0860	0.6588	0.1334	0.6783
000024	I	0.575602	0.870994	0.761642	0.4282	0.6427	0.6570	0.0870	0.6559	0.1390	0.6971
000025	S	0.559551	0.866993	0.751096	0.4333	0.5620	0.6130	0.0900	0.6310	0.1411	0.6979
000026	R	0.543500	0.860503	0.740390	0.4245	0.5456	0.6930	0.0750	0.6346	0.1449	0.7036
000027	F	0.500474	0.856304	0.730343	0.3668	0.5665	0.7420	0.0680	0.6271	0.1653	0.7058
000028	E	0.474278	0.846934	0.721029	0.3399	0.4725	0.6580	0.0560	0.5854	0.1720	0.6914
000029	G	0.452049	0.845463	0.713187	0.3491	0.4685	0.6510	0.0660	0.5798	0.1709	0.6894
000030	G	0.428200	0.845465	0.707281	0.3096	0.4652	0.6360	0.0720	0.5653	0.1816	0.6847
000031	S	0.458698	0.838356	0.702919	0.3630	0.5296	0.6190	0.0810	0.5852	0.1568	0.6771
000032	S	0.452572	0.836812	0.700377	0.3717	0.5296	0.5970	0.0830	0.5814	0.1543	0.6775
000033	L	0.410908	0.832237	0.699168	0.3668	0.4979	0.6280	0.0650	0.5725	0.1636	0.6769
000034	S	0.409570	0.830043	0.699260	0.4203	0.5055	0.6440	0.0860	0.5847	0.1532	0.6593
000035	N	0.390987	0.832741	0.699047	0.4513	0.5854	0.6860	0.0890	0.6076	0.1511	0.6605
000036	Y	0.393844	0.830864	0.698575	0.4078	0.5296	0.7350	0.0890	0.5992	0.1661	0.6734
000037	S	0.417440	0.828975	0.697342	0.4116	0.5342	0.7370	0.0880	0.6044	0.1600	0.6826
000038	D	0.425699	0.825870	0.696761	0.4245	0.6089	0.7900	0.0800	0.6286	0.1596	0.6905
000039	L	0.436640	0.822618	0.696994	0.4333	0.6322	0.8120	0.0790	0.6390	0.1583	0.7122
000040	K	0.463309	0.818674	0.698864	0.4116	0.6375	0.7810	0.0890	0.6352	0.1520	0.7114
000041	K	0.503278	0.808716	0.702519	0.4458	0.6322	0.7750	0.0790	0.6446	0.1335	0.7149
000042	E	0.582523	0.809246	0.707817	0.4651	0.6806	0.7790	0.0730	0.6707	0.1172	0.7171
000043	S	0.638844	0.808417	0.714761	0.4651	0.6851	0.7680	0.0760	0.6800	0.1105	0.7255
000044	A	0.697251	0.800749	0.722137	0.5473	0.7505	0.7660	0.0810	0.7140	0.0814	0.7339
000045	V	0.713885	0.796661	0.729677	0.5549	0.7628	0.7710	0.0670	0.7214	0.0792	0.7453
000046	N	0.713138	0.793378	0.736217	0.5667	0.7547	0.7790	0.0720	0.7239	0.0751	0.7475
000047	L	0.738871	0.791628	0.742021	0.6412	0.7799	0.7950	0.0850	0.7481	0.0527	0.7512
000048	N	0.774873	0.794496	0.747076	0.6474	0.7799	0.7720	0.1100	0.7527	0.0491	0.7486
000049	A	0.793154	0.794006	0.751554	0.6079	0.7628	0.7950	0.1060	0.7507	0.0660	0.7477
000050	P	0.801456	0.798012	0.755458	0.6474	0.8162	0.7940	0.1130	0.7687	0.0573	0.7364
000051	R	0.813295	0.813772	0.758666	0.6442	0.8565	0.8130	0.1150	0.7832	0.0683	0.7299
000052	T	0.819852	0.816439	0.762050	0.6412	0.8713	0.8230	0.1140	0.7890	0.0733	0.7202
000053	P	0.831696	0.823207	0.766032	0.6681	0.8681	0.8260	0.1210	0.7972	0.0650	0.7120
000054	G	0.881857	0.833385	0.771441	0.6789	0.8623	0.8340	0.1200	0.8103	0.0679	0.6913
000055	R	0.914956	0.846934	0.778399	0.7111	0.8313	0.8440	0.1150	0.8210	0.0633	0.6683
000056	H	0.926247	0.853928	0.785725	0.7573	0.8235	0.8450	0.1100	0.8320	0.0538	0.6657
000057	G	0.880561	0.857578	0.792680	0.7192	0.8125	0.8430	0.1100	0.8175	0.0525	0.6745
000058	L	0.874867	0.862617	0.798474	0.7418	0.8681	0.8390	0.1140	0.8308	0.0472	0.6828
000059	T	0.871487	0.862183	0.802863	0.7458	0.8713	0.8260	0.1200	0.8299	0.0453	0.6745
000060	T	0.834427	0.864353	0.804746	0.7688	0.8421	0.8230	0.1160	0.8229	0.0302	0.6791
000061	T	0.797669	0.868445	0.804759	0.7501	0.8421	0.8240	0.1180	0.8146	0.0372	0.7107
000062	P	0.802634	0.870711	0.804374	0.6984	0.8493	0.8090	0.1380	0.8057	0.0543	0.7524
000063	Q	0.800871	0.870699	0.804255	0.7317	0.8493	0.8180	0.1360	0.8124	0.0438	0.7832
000064	Q	0.770204	0.875086	0.803974	0.7079	0.8279	0.8240	0.1360	0.8014	0.0522	0.8146
000065	K	0.764461	0.870498	0.802732	0.7192	0.8279	0.8160	0.1380	0.8002	0.0480	0.8462
000066	L	0.784127	0.863075	0.801644	0.7111	0.8343	0.8270	0.1380	0.8035	0.0482	0.8744
000067	L	0.743958	0.881392	0.800329	0.7034	0.8375	0.8180	0.1460	0.7975	0.0589	0.8803
000068	S	0.702915	0.879724	0.799063	0.7079	0.8375	0.7940	0.1480	0.7869	0.0641	0.8723
000069	Q	0.675430	0.881779	0.797078	0.7501	0.8894	0.7880	0.1510	0.7969	0.0739	0.8607
000070	H	0.652103	0.884153	0.794845	0.7501	0.8853	0.7890	0.1490	0.7925	0.0801	0.8644
000071	L	0.594065	0.882341	0.792028	0.7688	0.8853	0.8140	0.1330	0.7894	0.0975	0.8540
000072	P	0.550537	0.881906	0.788886	0.7644	0.8920	0.7950	0.1410	0.7788	0.1126	0.8143
000073	Q	0.557796	0.885889	0.785597	0.7275	0.8713	0.8070	0.1370	0.7726	0.1096	0.7522
000074	R	0.512184	0.891077	0.781859	0.7147	0.8493	0.8240	0.1220	0.7623	0.1246	0.6894
000075	Q	0.452542	0.893800	0.778019	0.7034	0.8462	0.8130	0.1180	0.7478	0.1445	0.6178
000076	G	0.410515	0.895090	0.774152	0.6827	0.8565	0.8090	0.1130	0.7380	0.1609	0.5413
000077	N	0.387969	0.895044	0.771093	0.7147	0.8125	0.8170	0.1160	0.7330	0.1635	0.4586
000078	D	0.419363	0.895104	0.768404	0.7458	0.8198	0.8030	0.1190	0.7419	0.1517	0.3980
000079	T	0.406200	0.892969	0.766133	0.6442	0.8085	0.8120	0.1190	0.7216	0.1594	0.3676
000080	D	0.394700	0.890510	0.763906	0.5941	0.8085	0.8020	0.1310	0.7090	0.1666	0.3548
000081	K	0.365748	0.884745	0.761908	0.5583	0.8013	0.8090	0.1380	0.6969	0.1788	0.3271
000082	T	0.311217	0.878478	0.760075	0.6124	0.8085	0.8000	0.1470	0.6951	0.1897	0.3161
000083	Q	0.289531	0.870215	0.758084	0.5762	0.7672	0.8160	0.1430	0.6795	0.1965	0.3407
000084	G	0.293234	0.859699	0.756453	0.5331	0.7415	0.8250	0.1480	0.6682	0.1972	0.4000
000085	A	0.340354	0.853837	0.755000	0.5008	0.7250	0.8350	0.1440	0.6683	0.1864	0.4680
000086	Q	0.370357	0.823752	0.754300	0.4781	0.7209	0.8460	0.1410	0.6656	0.1784	0.5306
000087	T	0.351650	0.827324	0.753701	0.4513	0.7289	0.8470	0.1420	0.6600	0.1894	0.5900
000088	C	0.355288	0.818986	0.753141	0.4420	0.7289	0.8420	0.1450	0.6567	0.1880	0.6468
000089	V	0.373828	0.831179	0.752735	0.4282	0.7036	0.8250	0.1610	0.6524	0.1836	0.7077
000090	A	0.420874	0.833258	0.752703	0.4333	0.7209	0.8050	0.1560	0.6609	0.1692	0.7606
000091	N	0.478042	0.835942	0.752213	0.3992	0.5854	0.7850	0.1510	0.6393	0.1629	0.7944
000092	G	0.533332	0.821686	0.750258	0.4282	0.6183	0.7430	0.1500	0.6492	0.1367	0.8263
000093	V	0.588071	0.795075	0.747168	0.3359	0.6375	0.7600	0.1410	0.6439	0.1554	0.8537
000094	M	0.601624	0.782166	0.743723	0.3578	0.6482	0.7440	0.1260	0.6463	0.1431	0.8657
000095	A	0.620179	0.773092	0.741820	0.3762	0.6322	0.7470	0.1190	0.6484	0.1349	0.8565
000096	A	0.655893	0.765140	0.740596	0.4149	0.6322	0.7590	0.1020	0.6613	0.1212	0.8334
000097	Q	0.713476	0.761384	0.740532	0.4078	0.6089	0.7710	0.1030	0.6672	0.1277	0.8072
000098	N	0.758891	0.766002	0.741889	0.3806	0.6043	0.7750	0.1110	0.6712	0.1423	0.7878
000099	Q	0.773033	0.773656	0.745064	0.4651	0.6661	0.7730	0.1160	0.6994	0.1114	0.7681
000100	M	0.781361	0.776403	0.749376	0.5008	0.7209	0.7800	0.1160	0.7182	0.0996	0.7624
000101	E	0.794658	0.788350	0.753512	0.4703	0.7369	0.7870	0.1200	0.7218	0.1144	0.7369
000102	C	0.806345	0.798613	0.757215	0.4703	0.7415	0.8260	0.1150	0.7334	0.1211	0.7137
000103	E	0.818280	0.803447	0.761173	0.4703	0.7415	0.7860	0.1400	0.7301	0.1189	0.7044
000104	E	0.822491	0.804045	0.765027	0.5296	0.7881	0.7810	0.1430	0.7483	0.0995	0.6881
000105	E	0.829316	0.802631	0.770105	0.5374	0.7289	0.7880	0.1340	0.7427	0.0968	0.6783
000106	K	0.837596	0.804764	0.775645	0.5623	0.7547	0.7910	0.1250	0.7544	0.0896	0.6974
000107	A	0.846887	0.800729	0.781595	0.5253	0.7547	0.8040	0.1090	0.7521	0.1051	0.7317
000108	A	0.849090	0.796133	0.786719	0.5331	0.7459	0.7900	0.1090	0.7502	0.1016	0.7650
000109	T	0.852892	0.792592	0.791210	0.5173	0.7547	0.7690	0.1170	0.7463	0.1069	0.7815
000110	L	0.855922	0.790561	0.794732	0.5229	0.7881	0.7670	0.1230	0.7532	0.1065	0.8026
000111	S	0.857952	0.790845	0.797576	0.5583	0.7415	0.7440	0.1340	0.7483	0.0935	0.7953
000112	S	0.844899	0.797203	0.800253	0.5711	0.6620	0.7530	0.1430	0.7380	0.0937	0.8128
000113	D	0.837810	0.797975	0.803139	0.6374	0.7881	0.7610	0.1380	0.7710	0.0638	0.8412
000114	T	0.822003	0.796587	0.806134	0.5802	0.7718	0.7720	0.1370	0.7581	0.0815	0.8607
000115	S	0.802556	0.795708	0.808399	0.5762	0.7718	0.7650	0.1390	0.7532	0.0807	0.8816
000116	I	0.783880	0.796595	0.810056	0.5549	0.6806	0.7970	0.1380	0.7371	0.0922	0.9024
000117	Q	0.781979	0.794813	0.811343	0.5623	0.6427	0.8050	0.1360	0.7330	0.0956	0.9139
000118	A	0.769268	0.793092	0.812867	0.5514	0.6712	0.8140	0.1300	0.7354	0.0955	0.9271
000119	S	0.748954	0.790751	0.814937	0.5412	0.6906	0.7940	0.1340	0.7301	0.0936	0.9354
000120	E	0.743460	0.794074	0.816282	0.5473	0.7080	0.7900	0.1320	0.7332	0.0905	0.9440
000121	P	0.752692	0.785210	0.817326	0.6035	0.7595	0.7780	0.1370	0.7494	0.0684	0.9502
000122	L	0.754238	0.783531	0.819320	0.6293	0.7718	0.8200	0.1230	0.7631	0.0644	0.9587
000123	L	0.765699	0.790161	0.824379	0.6255	0.7916	0.8080	0.1240	0.7675	0.0660	0.9596
000124	D	0.777336	0.812365	0.831792	0.6219	0.7755	0.8050	0.1160	0.7706	0.0693	0.9535
000125	T	0.788981	0.825429	0.838850	0.6412	0.7595	0.8180	0.1160	0.7787	0.0668	0.9450
000126	H	0.787771	0.819772	0.842804	0.6334	0.7595	0.8360	0.1140	0.7798	0.0714	0.9366
000127	I	0.790628	0.826449	0.845347	0.6681	0.8050	0.8540	0.1100	0.7983	0.0622	0.9240
000128	V	0.800572	0.838093	0.847409	0.6557	0.8313	0.8500	0.1160	0.8039	0.0682	0.9097
000129	N	0.802375	0.853041	0.848557	0.6557	0.8313	0.8520	0.1130	0.8072	0.0700	0.8821
000130	G	0.807241	0.856425	0.847602	0.6789	0.8313	0.8620	0.1080	0.8139	0.0630	0.8621
000131	E	0.814188	0.859008	0.844731	0.6412	0.8493	0.8660	0.1070	0.8124	0.0783	0.8391
000132	R	0.820208	0.860350	0.842900	0.6079	0.8162	0.8730	0.1060	0.8035	0.0898	0.8112
000133	D	0.822679	0.865942	0.842527	0.6650	0.8655	0.8780	0.1060	0.8232	0.0730	0.7854
000134	E	0.824612	0.866942	0.843291	0.6944	0.9081	0.8780	0.1070	0.8359	0.0685	0.7649
000135	T	0.830958	0.866896	0.844713	0.6827	0.8991	0.8930	0.0970	0.8362	0.0728	0.7555
000136	A	0.841010	0.872476	0.845036	0.6984	0.8198	0.9040	0.0900	0.8300	0.0645	0.7554
000137	T	0.850321	0.875867	0.845306	0.7034	0.8198	0.8990	0.0930	0.8323	0.0627	0.7412
000138	A	0.852670	0.879234	0.845106	0.6870	0.8765	0.8980	0.0920	0.8398	0.0705	0.7385
000139	P	0.863612	0.881786	0.845724	0.7317	0.9106	0.8890	0.0930	0.8537	0.0582	0.7362
000140	A	0.876059	0.883577	0.846741	0.7342	0.8942	0.9060	0.0800	0.8568	0.0578	0.7345
000141	S	0.890916	0.886600	0.848439	0.7317	0.8920	0.9140	0.0770	0.8606	0.0608	0.7204
000142	P	0.909072	0.885643	0.850215	0.6870	0.8894	0.9050	0.0890	0.8544	0.0773	0.7066
000143	T	0.916989	0.886249	0.851574	0.6870	0.8920	0.9090	0.0830	0.8572	0.0789	0.6970
000144	T	0.922152	0.886063	0.852424	0.6906	0.8828	0.9170	0.0730	0.8585	0.0786	0.6880
000145	D	0.932601	0.886439	0.853308	0.6715	0.8050	0.9090	0.0820	0.8430	0.0868	0.6875
000146	S	0.939910	0.887747	0.854658	0.6789	0.7982	0.9050	0.0900	0.8441	0.0860	0.7002
000147	C	0.944122	0.888822	0.855941	0.6516	0.8162	0.9120	0.0760	0.8447	0.0953	0.7024
000148	D	0.932751	0.886506	0.856846	0.6516	0.8493	0.9010	0.0810	0.8463	0.0914	0.7098
000149	G	0.919875	0.884437	0.857634	0.6681	0.8623	0.9040	0.0810	0.8494	0.0839	0.7081
000150	N	0.895643	0.883506	0.858500	0.6681	0.7595	0.9000	0.0840	0.8275	0.0856	0.7130
000151	A	0.857407	0.881547	0.860689	0.6870	0.7799	0.8920	0.0860	0.8264	0.0719	0.7462
000152	S	0.862882	0.881047	0.863499	0.6557	0.8125	0.8720	0.1060	0.8245	0.0786	0.7695
000153	D	0.858301	0.882198	0.867222	0.6374	0.7163	0.8610	0.1160	0.8038	0.0929	0.7934
000154	S	0.852541	0.883568	0.870083	0.6650	0.6375	0.8590	0.1130	0.7946	0.1021	0.8215
000155	S	0.850184	0.881221	0.872942	0.6374	0.6755	0.8570	0.1200	0.7957	0.0996	0.8592
000156	Y	0.846452	0.879651	0.876785	0.5941	0.5854	0.8620	0.1150	0.7741	0.1308	0.8896
000157	R	0.847669	0.886676	0.882534	0.6219	0.6043	0.8470	0.1190	0.7816	0.1203	0.9117
000158	T	0.848887	0.889249	0.888661	0.6442	0.7459	0.8350	0.1200	0.8086	0.0877	0.9339
000159	P	0.855492	0.893187	0.893892	0.6442	0.7209	0.8180	0.1220	0.8043	0.0925	0.9517
000160	G	0.879292	0.890942	0.898580	0.6604	0.7209	0.8390	0.1100	0.8148	0.0915	0.9640
000161	I	0.865252	0.894393	0.903415	0.6516	0.6851	0.8390	0.1070	0.8065	0.1003	0.9730
000162	G	0.860708	0.894442	0.909262	0.6756	0.7250	0.8050	0.1170	0.8116	0.0865	0.9770
000163	P	0.853417	0.892584	0.914534	0.6650	0.7250	0.7890	0.1100	0.8066	0.0897	0.9810
000164	V	0.846442	0.893954	0.918703	0.6650	0.7289	0.8000	0.1030	0.8089	0.0893	0.9836
000165	L	0.847543	0.892382	0.921285	0.6681	0.7331	0.7890	0.1110	0.8085	0.0886	0.9838
000166	P	0.847567	0.889517	0.922950	0.6789	0.7209	0.7680	0.1150	0.8046	0.0887	0.9794
000167	L	0.847111	0.893339	0.924524	0.7317	0.7369	0.7900	0.1160	0.8206	0.0737	0.9728
000168	E	0.849808	0.900954	0.925330	0.7232	0.7547	0.7620	0.1150	0.8193	0.0770	0.9612
000169	E	0.849804	0.903458	0.925453	0.6827	0.7718	0.7740	0.1140	0.8178	0.0839	0.9425
000170	R	0.850733	0.904681	0.924799	0.6756	0.7209	0.7940	0.1100	0.8117	0.0913	0.9147
000171	G	0.854090	0.911588	0.923604	0.6870	0.7415	0.7890	0.1130	0.8177	0.0867	0.8813
000172	A	0.857484	0.912854	0.922093	0.7079	0.8235	0.7990	0.1110	0.8371	0.0727	0.8376
000173	E	0.861040	0.914574	0.920479	0.7232	0.8235	0.8030	0.1190	0.8409	0.0680	0.7742
000174	T	0.864433	0.920493	0.919171	0.7034	0.8050	0.8080	0.1130	0.8367	0.0755	0.6974
000175	E	0.867881	0.924329	0.918000	0.7418	0.8530	0.8110	0.1140	0.8527	0.0628	0.6155
000176	T	0.869373	0.927128	0.916197	0.7724	0.9168	0.8230	0.1120	0.8708	0.0568	0.5455
000177	K	0.873350	0.928413	0.913800	0.7573	0.8462	0.8090	0.1130	0.8546	0.0591	0.5085
000178	V	0.877390	0.931814	0.911080	0.8242	0.9039	0.8160	0.1090	0.8774	0.0435	0.5075
000179	Q	0.880740	0.935457	0.908676	0.7605	0.8421	0.8130	0.1160	0.8568	0.0589	0.5027
000180	E	0.883014	0.937662	0.905788	0.7573	0.8421	0.8150	0.1220	0.8568	0.0598	0.5139
000181	R	0.884171	0.938388	0.902335	0.7317	0.8530	0.8100	0.1380	0.8532	0.0674	0.5224
000182	E	0.880780	0.939199	0.898687	0.7342	0.7916	0.8010	0.1490	0.8410	0.0707	0.5313
000183	N	0.875622	0.940099	0.895169	0.7540	0.8198	0.8160	0.1430	0.8500	0.0607	0.5512
000184	G	0.874669	0.940488	0.891337	0.6944	0.8125	0.8170	0.1540	0.8385	0.0779	0.5876
000185	E	0.877478	0.937818	0.886361	0.6984	0.8125	0.8020	0.1650	0.8358	0.0766	0.6176
000186	S	0.874314	0.932777	0.880366	0.6870	0.7982	0.8060	0.1660	0.8298	0.0786	0.6473
000187	P	0.871278	0.933078	0.872636	0.6944	0.8125	0.8030	0.1700	0.8311	0.0748	0.6769
000188	L	0.871238	0.927664	0.863730	0.7192	0.8013	0.8100	0.1630	0.8323	0.0656	0.6978
000189	E	0.866185	0.922515	0.853760	0.7605	0.8421	0.8120	0.1520	0.8428	0.0496	0.6988
000190	L	0.865074	0.914929	0.843530	0.7317	0.8493	0.8380	0.1230	0.8405	0.0549	0.7038
000191	E	0.868229	0.902754	0.832980	0.7111	0.8375	0.8010	0.1310	0.8255	0.0601	0.6879
000192	Q	0.858517	0.896655	0.821833	0.7275	0.8565	0.7980	0.1170	0.8264	0.0540	0.6744
000193	L	0.836136	0.887952	0.810121	0.7111	0.8530	0.8110	0.0920	0.8182	0.0547	0.6592
000194	D	0.796580	0.878123	0.797496	0.7147	0.8565	0.8090	0.0890	0.8086	0.0520	0.6281
000195	Q	0.728812	0.871587	0.784447	0.7111	0.8421	0.8000	0.0860	0.7896	0.0569	0.5917
000196	H	0.656531	0.865473	0.768783	0.7111	0.7505	0.7930	0.1010	0.7576	0.0652	0.5600
000197	H	0.589363	0.850316	0.749484	0.6944	0.7595	0.7450	0.0950	0.7314	0.0785	0.5335
000198	E	0.511588	0.833278	0.726649	0.5941	0.7080	0.7530	0.1000	0.6877	0.1058	0.5082
000199	M	0.443061	0.816012	0.703137	0.6412	0.6948	0.7760	0.1220	0.6790	0.1198	0.4847
000200	K	0.374815	0.799677	0.680010	0.6219	0.6427	0.8110	0.1280	0.6550	0.1447	0.4604
000201	E	0.306673	0.783077	0.656987	0.5667	0.7331	0.8240	0.1150	0.6451	0.1730	0.4474
000202	T	0.241570	0.766617	0.634775	0.5331	0.7331	0.8210	0.1070	0.6217	0.1939	0.4418
000203	N	0.197374	0.752026	0.613543	0.5296	0.6375	0.8220	0.0990	0.5920	0.2003	0.4356
000204	E	0.199904	0.736413	0.593626	0.5802	0.6322	0.8040	0.1160	0.5911	0.1921	0.4343
000205	Q	0.244916	0.695579	0.573440	0.4879	0.5342	0.8060	0.1070	0.5571	0.1753	0.4413
000206	K	0.282729	0.654434	0.552371	0.4037	0.5296	0.7660	0.1130	0.5314	0.1574	0.4517
000207	L	0.313746	0.600830	0.530657	0.3053	0.5419	0.7570	0.1370	0.5083	0.1588	0.4601
000208	H	0.316840	0.549261	0.508118	0.2865	0.5296	0.6430	0.1460	0.4723	0.1281	0.4612
000209	K	0.319769	0.519586	0.484892	0.2865	0.4864	0.5430	0.1690	0.4400	0.0992	0.4582
000210	I	0.378416	0.472127	0.460603	0.2963	0.4330	0.4960	0.1860	0.4227	0.0674	0.4565
000211	A	0.395269	0.434598	0.435997	0.2748	0.3872	0.4480	0.1890	0.3961	0.0586	0.4536
000212	N	0.431138	0.403415	0.411890	0.1958	0.3807	0.4030	0.1810	0.3709	0.0797	0.4464
000213	E	0.432033	0.356411	0.387760	0.1349	0.3704	0.3260	0.1840	0.3346	0.0949	0.4384
000214	L	0.394959	0.320348	0.363810	0.1322	0.2951	0.2920	0.1690	0.2997	0.0834	0.4296
000215	L	0.359427	0.280359	0.340071	0.1150	0.2918	0.2440	0.1560	0.2718	0.0798	0.4217
000216	L	0.332110	0.254335	0.317873	0.0621	0.2193	0.2270	0.1350	0.2355	0.0884	0.4140
000217	T	0.321241	0.243303	0.296193	0.0701	0.1702	0.1920	0.1050	0.2156	0.0839	0.4105
000218	E	0.298075	0.235924	0.275195	0.0643	0.2399	0.1570	0.0910	0.2117	0.0792	0.4098
000219	R	0.227701	0.225890	0.253706	0.0376	0.2470	0.1340	0.0740	0.1877	0.0778	0.4083
000220	A	0.202223	0.198981	0.232181	0.0405	0.2034	0.1120	0.0530	0.1648	0.0669	0.4059
000221	Y	0.152356	0.191560	0.210639	0.0744	0.1881	0.1070	0.0460	0.1541	0.0488	0.4075
000222	V	0.120934	0.176520	0.189633	0.0526	0.1424	0.0930	0.0370	0.1291	0.0472	0.4121
000223	N	0.089511	0.157810	0.169475	0.0268	0.0909	0.0830	0.0290	0.1030	0.0482	0.4167
000224	R	0.057245	0.153255	0.149707	0.0128	0.0780	0.0750	0.0310	0.0876	0.0499	0.4223
000225	L	0.038388	0.138280	0.130072	0.0150	0.0780	0.0640	0.0250	0.0772	0.0449	0.4285
000226	D	0.016958	0.117637	0.110955	0.0268	0.0765	0.0570	0.0190	0.0677	0.0383	0.4331
000227	L	0.007983	0.095508	0.094419	0.0245	0.1206	0.0590	0.0170	0.0670	0.0404	0.4326
000228	L	0.012881	0.084586	0.082267	0.0118	0.1251	0.0600	0.0210	0.0628	0.0405	0.4324
000229	D	0.022853	0.071584	0.074257	0.0118	0.0985	0.0630	0.0240	0.0570	0.0302	0.4294
000230	Q	0.035788	0.064078	0.067989	0.0131	0.1092	0.0590	0.0170	0.0583	0.0296	0.4260
000231	V	0.037240	0.060232	0.061992	0.0118	0.1184	0.0510	0.0140	0.0568	0.0323	0.4215
000232	F	0.042298	0.055117	0.056205	0.0200	0.1759	0.0530	0.0130	0.0671	0.0502	0.4181
000233	Y	0.049174	0.059525	0.050137	0.0308	0.2224	0.0580	0.0160	0.0783	0.0651	0.4131
000234	C	0.076505	0.074112	0.043623	0.0304	0.1323	0.0700	0.0220	0.0712	0.0321	0.4018
000235	K	0.112719	0.104131	0.036762	0.0308	0.1583	0.0830	0.0250	0.0876	0.0442	0.3892
000236	L	0.151234	0.134168	0.030805	0.0252	0.1942	0.1220	0.0470	0.1095	0.0619	0.3768
000237	L	0.180385	0.186692	0.026984	0.0286	0.1942	0.1350	0.0470	0.1254	0.0715	0.3612
000238	E	0.182568	0.241779	0.027132	0.0387	0.2292	0.1520	0.0560	0.1452	0.0848	0.3391
000239	E	0.199371	0.309106	0.031936	0.0723	0.2292	0.2210	0.0700	0.1771	0.0954	0.3250
000240	A	0.247911	0.377321	0.039931	0.0514	0.2328	0.2550	0.0610	0.2007	0.1194	0.3129
000241	N	0.312908	0.412565	0.049030	0.0304	0.2164	0.2720	0.0750	0.2155	0.1375	0.3001
000242	R	0.385810	0.443732	0.059647	0.0490	0.1942	0.2590	0.0770	0.2320	0.1494	0.2871
000243	G	0.438504	0.476947	0.068629	0.0909	0.1881	0.2170	0.0660	0.2467	0.1582	0.2770
000244	S	0.487347	0.464097	0.075876	0.0909	0.2609	0.2090	0.0670	0.2647	0.1624	0.2723
000245	F	0.505513	0.409656	0.079738	0.0744	0.3392	0.1800	0.0410	0.2648	0.1644	0.2717
000246	P	0.471306	0.399445	0.083350	0.0771	0.2715	0.1270	0.0280	0.2383	0.1548	0.2675
000247	A	0.461252	0.370419	0.087242	0.1349	0.3356	0.1300	0.0310	0.2532	0.1418	0.2591
000248	E	0.433995	0.312858	0.092105	0.1456	0.4017	0.1150	0.0300	0.2501	0.1384	0.2548
000249	M	0.383989	0.313421	0.097936	0.1380	0.3053	0.1090	0.0380	0.2246	0.1131	0.2536
000250	V	0.313691	0.321823	0.104728	0.1292	0.3053	0.1080	0.0520	0.2138	0.1002	0.2438
000251	N	0.233400	0.303367	0.111845	0.1088	0.3053	0.1140	0.0570	0.1962	0.0878	0.2350
000252	K	0.153359	0.291607	0.119473	0.1088	0.1969	0.1250	0.0590	0.1659	0.0632	0.2275
000253	I	0.068123	0.303291	0.126661	0.1018	0.2064	0.1350	0.0550	0.1568	0.0777	0.2244
000254	F	0.011245	0.289882	0.133510	0.0643	0.2064	0.1240	0.0480	0.1382	0.0908	0.2222
000255	S	0.008214	0.284102	0.140074	0.0660	0.2034	0.1030	0.0310	0.1341	0.0902	0.2169
000256	N	0.005256	0.318815	0.147139	0.1349	0.2002	0.1150	0.0390	0.1536	0.0943	0.2112
000257	I	0.002281	0.350136	0.154235	0.1150	0.1206	0.1370	0.0610	0.1465	0.1033	0.2092
000258	S	0.001776	0.347494	0.161424	0.0935	0.0909	0.1480	0.0660	0.1405	0.1059	0.2103
000259	S	0.003853	0.359534	0.168100	0.0526	0.0985	0.1360	0.0520	0.1364	0.1132	0.2118
000260	I	0.004058	0.365968	0.174512	0.0405	0.1229	0.1390	0.0490	0.1412	0.1161	0.2157
000261	N	0.014741	0.327277	0.180521	0.0832	0.1162	0.1420	0.0420	0.1439	0.0967	0.2242
000262	A	0.023851	0.289271	0.186752	0.0884	0.1162	0.1600	0.0520	0.1441	0.0832	0.2316
000263	F	0.033740	0.286186	0.192855	0.0490	0.1162	0.1740	0.0600	0.1419	0.0870	0.2399
000264	H	0.099440	0.286219	0.198485	0.0884	0.1702	0.1670	0.0510	0.1683	0.0658	0.2445
000265	S	0.102964	0.271899	0.203537	0.1532	0.2258	0.1750	0.0530	0.1887	0.0537	0.2465
000266	K	0.125864	0.274246	0.208221	0.1495	0.2328	0.1830	0.0580	0.1956	0.0498	0.2524
000267	F	0.155027	0.290447	0.212437	0.1205	0.2328	0.2280	0.0900	0.2066	0.0552	0.2611
000268	L	0.181978	0.309171	0.215284	0.1958	0.2034	0.2600	0.1200	0.2276	0.0439	0.2676
000269	L	0.219904	0.354642	0.215427	0.2080	0.2129	0.2990	0.1330	0.2516	0.0556	0.2724
000270	P	0.295594	0.386345	0.212237	0.1240	0.2164	0.3150	0.1370	0.2582	0.0845	0.2773
000271	E	0.374031	0.401643	0.207331	0.1878	0.3019	0.3880	0.1150	0.3101	0.0857	0.2819
000272	L	0.450757	0.432827	0.202052	0.1878	0.3149	0.4250	0.1180	0.3355	0.1086	0.2847
000273	E	0.465154	0.457645	0.195997	0.2080	0.3356	0.3880	0.1180	0.3417	0.1080	0.2890
000274	K	0.550669	0.444504	0.191535	0.3146	0.3460	0.3880	0.1370	0.3726	0.1110	0.2921
000275	R	0.616760	0.497106	0.189285	0.3096	0.3426	0.3410	0.1440	0.3827	0.1378	0.2974
000276	M	0.678521	0.504402	0.190038	0.2255	0.3529	0.2960	0.1090	0.3746	0.1694	0.3052
000277	Q	0.744278	0.503902	0.190408	0.2255	0.2752	0.2470	0.0810	0.3644	0.1979	0.3107
000278	E	0.797187	0.503934	0.188992	0.3146	0.2951	0.2050	0.0790	0.3841	0.2114	0.3145
000279	W	0.804202	0.479895	0.185942	0.3146	0.3704	0.2080	0.0780	0.3939	0.2083	0.3193
000280	E	0.796665	0.408612	0.182141	0.3184	0.4409	0.1710	0.0720	0.3863	0.2100	0.3207
000281	T	0.730732	0.359265	0.178407	0.2963	0.3356	0.1540	0.0600	0.3424	0.1896	0.3202
000282	T	0.662115	0.340437	0.176032	0.2820	0.2988	0.1370	0.0450	0.3160	0.1701	0.3191
000283	P	0.578478	0.280436	0.173388	0.2963	0.3983	0.1080	0.0400	0.3058	0.1530	0.3191
000284	R	0.494660	0.235107	0.171581	0.2558	0.2817	0.0930	0.0350	0.2554	0.1236	0.3190
000285	I	0.403742	0.235864	0.169811	0.2820	0.2094	0.0860	0.0290	0.2311	0.0981	0.3225
000286	G	0.314775	0.218798	0.168523	0.2122	0.2129	0.0770	0.0260	0.2006	0.0708	0.3274
000287	D	0.229554	0.192710	0.166730	0.1805	0.2094	0.0770	0.0240	0.1759	0.0487	0.3307
000288	I	0.135994	0.193928	0.164544	0.1635	0.1323	0.0740	0.0220	0.1441	0.0373	0.3401
000289	L	0.056359	0.193352	0.161880	0.1322	0.1251	0.0670	0.0150	0.1227	0.0484	0.3480
000290	Q	0.035718	0.157904	0.158755	0.1456	0.2258	0.0640	0.0130	0.1312	0.0637	0.3529
000291	K	0.024241	0.154126	0.155085	0.1416	0.1399	0.0610	0.0140	0.1127	0.0509	0.3613
000292	L	0.018826	0.153060	0.151543	0.1495	0.0948	0.0600	0.0150	0.1045	0.0517	0.3728
000293	A	0.013636	0.136659	0.149047	0.0884	0.0909	0.0590	0.0150	0.0896	0.0455	0.3812
000294	P	0.013592	0.131444	0.147838	0.0455	0.0765	0.0540	0.0130	0.0782	0.0475	0.3874
000295	F	0.007465	0.145112	0.147935	0.0455	0.0389	0.0540	0.0170	0.0731	0.0539	0.3925
000296	L	0.001346	0.147073	0.148174	0.0789	0.0704	0.0570	0.0210	0.0837	0.0515	0.3934
000297	K	0.001141	0.140158	0.148878	0.0425	0.0749	0.0550	0.0180	0.0771	0.0526	0.3898
000298	M	0.001310	0.155861	0.151070	0.0455	0.0592	0.0560	0.0130	0.0781	0.0566	0.3886
000299	Y	0.001923	0.175377	0.153763	0.0771	0.0799	0.0740	0.0250	0.0936	0.0571	0.3797
000300	G	0.002266	0.173646	0.156299	0.0991	0.1323	0.0780	0.0270	0.1070	0.0568	0.3753
000301	E	0.002483	0.181201	0.158111	0.0744	0.0780	0.0740	0.0170	0.0947	0.0593	0.3724
000302	Y	0.002744	0.220112	0.160092	0.0789	0.0518	0.0870	0.0270	0.1001	0.0712	0.3739
000303	V	0.003180	0.227784	0.161877	0.0771	0.0835	0.0780	0.0160	0.1052	0.0715	0.3750
000304	K	0.005562	0.224904	0.163673	0.0567	0.1048	0.0860	0.0230	0.1070	0.0711	0.3779
000305	G	0.010568	0.255053	0.165320	0.0478	0.0719	0.1020	0.0330	0.1087	0.0810	0.3825
000306	F	0.050154	0.272866	0.166471	0.0789	0.1373	0.1280	0.0360	0.1390	0.0711	0.3914
000307	D	0.096070	0.249108	0.167827	0.0991	0.2094	0.1310	0.0360	0.1588	0.0564	0.3962
000308	N	0.133909	0.251128	0.170547	0.0991	0.2129	0.1330	0.0410	0.1667	0.0518	0.4015
000309	A	0.177324	0.289694	0.175241	0.1240	0.1643	0.1440	0.0480	0.1791	0.0528	0.4068
000310	M	0.202404	0.283114	0.180369	0.1958	0.2680	0.1540	0.0630	0.2140	0.0463	0.4136
000311	E	0.256562	0.279423	0.186508	0.1266	0.2783	0.1570	0.0640	0.2140	0.0604	0.4096
000312	L	0.303395	0.308834	0.194889	0.1416	0.1671	0.1600	0.0580	0.2127	0.0679	0.4055
000313	V	0.367593	0.340222	0.204368	0.2167	0.2436	0.1480	0.0580	0.2534	0.0770	0.3949
000314	K	0.439945	0.325758	0.216176	0.1998	0.3053	0.1500	0.0630	0.2729	0.0960	0.3825
000315	N	0.487041	0.330063	0.228802	0.1998	0.2399	0.1630	0.0620	0.2747	0.1077	0.3734
000316	M	0.525896	0.363539	0.241688	0.2041	0.1823	0.1320	0.0410	0.2750	0.1328	0.3634
000317	T	0.572881	0.341781	0.253711	0.2292	0.2988	0.1090	0.0330	0.3009	0.1413	0.3448
000318	E	0.574642	0.322202	0.266437	0.1602	0.3053	0.0980	0.0290	0.2877	0.1509	0.3294
000319	R	0.604206	0.347431	0.279176	0.1602	0.2094	0.0900	0.0250	0.2817	0.1659	0.3152
000320	I	0.577056	0.356871	0.291989	0.1958	0.2470	0.0780	0.0160	0.2912	0.1540	0.2991
000321	P	0.582194	0.340159	0.303870	0.1635	0.2817	0.0710	0.0120	0.2904	0.1592	0.2828
000322	Q	0.547919	0.355858	0.316751	0.1635	0.2783	0.0740	0.0090	0.2893	0.1497	0.2718
000323	F	0.504229	0.374286	0.327938	0.2432	0.3566	0.0780	0.0140	0.3140	0.1308	0.2633
000324	K	0.456457	0.366835	0.336514	0.3184	0.3392	0.0840	0.0210	0.3169	0.1134	0.2531
000325	S	0.375676	0.363964	0.343643	0.3263	0.2849	0.1040	0.0360	0.2998	0.0921	0.2430
000326	V	0.290632	0.394330	0.349325	0.2333	0.2752	0.1040	0.0370	0.2745	0.0922	0.2350
000327	V	0.245569	0.393984	0.353669	0.2122	0.3087	0.0900	0.0250	0.2673	0.1003	0.2303
000328	E	0.191030	0.388545	0.356492	0.2255	0.2258	0.0860	0.0150	0.2456	0.1016	0.2312
000329	E	0.163925	0.424418	0.358169	0.2255	0.2193	0.0930	0.0150	0.2474	0.1124	0.2363
000330	I	0.112036	0.425567	0.359902	0.1495	0.1528	0.1020	0.0180	0.2170	0.1270	0.2424
000331	Q	0.081452	0.404653	0.361869	0.2209	0.2399	0.1010	0.0190	0.2349	0.1202	0.2542
000332	K	0.048704	0.399149	0.366214	0.1292	0.2193	0.1010	0.0250	0.2107	0.1320	0.2664
000333	Q	0.016775	0.395324	0.372043	0.1292	0.2164	0.1070	0.0300	0.2061	0.1385	0.2829
000334	K	0.028341	0.359039	0.379110	0.2041	0.2884	0.1140	0.0350	0.2288	0.1272	0.3013
000335	I	0.029718	0.343090	0.386546	0.2122	0.2129	0.1150	0.0330	0.2166	0.1225	0.3292
000336	C	0.031668	0.350787	0.394464	0.1805	0.2258	0.1130	0.0310	0.2161	0.1264	0.3623
000337	G	0.035537	0.361975	0.399698	0.1732	0.3182	0.1200	0.0320	0.2348	0.1335	0.3878
000338	S	0.038106	0.363063	0.400940	0.2333	0.3182	0.1270	0.0370	0.2468	0.1294	0.4132
000339	L	0.043066	0.356389	0.397931	0.2657	0.3149	0.1400	0.0340	0.2530	0.1242	0.4308
000340	T	0.046061	0.356563	0.393803	0.1921	0.3019	0.1400	0.0380	0.2383	0.1232	0.4160
000341	L	0.054611	0.331644	0.390670	0.2748	0.2988	0.1370	0.0440	0.2480	0.1157	0.4014
000342	Q	0.102826	0.337808	0.388975	0.2602	0.3149	0.1430	0.0470	0.2579	0.1033	0.3941
000343	H	0.163318	0.321753	0.387226	0.1805	0.3182	0.1710	0.0760	0.2570	0.0885	0.3852
000344	H	0.228507	0.340761	0.385069	0.2122	0.2224	0.1790	0.0820	0.2613	0.0747	0.3802
000345	M	0.278302	0.374179	0.382283	0.2122	0.2364	0.2050	0.0900	0.2814	0.0724	0.3783
000346	L	0.337041	0.389822	0.378684	0.2209	0.2849	0.2110	0.0960	0.3037	0.0707	0.3905
000347	E	0.400043	0.406647	0.373955	0.2820	0.2645	0.2010	0.0870	0.3213	0.0770	0.4030
000348	P	0.443460	0.431244	0.367861	0.2483	0.1881	0.2060	0.0810	0.3141	0.1043	0.4044
000349	V	0.477245	0.430658	0.360717	0.1667	0.1881	0.2290	0.0860	0.3088	0.1204	0.4038
000350	Q	0.513949	0.397722	0.354025	0.1667	0.2680	0.2240	0.0890	0.3207	0.1156	0.4043
000351	R	0.544589	0.382440	0.347255	0.1698	0.1791	0.2030	0.0830	0.3043	0.1353	0.3998
000352	I	0.548089	0.341797	0.341250	0.2531	0.1791	0.1970	0.0960	0.3100	0.1238	0.3939
000353	P	0.572295	0.285532	0.333581	0.1732	0.1671	0.1540	0.0720	0.2809	0.1463	0.3838
000354	R	0.618238	0.283911	0.327883	0.1117	0.1611	0.1400	0.0680	0.2738	0.1725	0.3761
000355	Y	0.645824	0.272254	0.324346	0.1060	0.1007	0.1390	0.0660	0.2648	0.1900	0.3679
000356	E	0.675537	0.258174	0.323351	0.1266	0.1399	0.1250	0.0560	0.2748	0.1940	0.3598
000357	M	0.717634	0.252753	0.324702	0.1292	0.2292	0.1150	0.0460	0.2948	0.2022	0.3436
000358	L	0.712738	0.298349	0.326857	0.1495	0.2258	0.1020	0.0340	0.3025	0.1994	0.3363
000359	L	0.681617	0.312071	0.328802	0.1456	0.2002	0.1000	0.0270	0.2947	0.1916	0.3393
000360	K	0.604590	0.329230	0.330138	0.2080	0.1881	0.1140	0.0310	0.2956	0.1582	0.3482
000361	D	0.524920	0.367132	0.332469	0.1998	0.1881	0.1260	0.0410	0.2898	0.1344	0.3559
000362	Y	0.442394	0.399967	0.336492	0.1456	0.1070	0.1290	0.0390	0.2602	0.1368	0.3633
000363	L	0.358389	0.414639	0.339320	0.2167	0.1823	0.1350	0.0370	0.2744	0.1017	0.3757
000364	R	0.305366	0.417082	0.341511	0.1060	0.1643	0.1510	0.0390	0.2475	0.1134	0.3943
000365	K	0.273795	0.445148	0.343658	0.1060	0.1424	0.1610	0.0380	0.2454	0.1207	0.4117
000366	L	0.246728	0.471214	0.346452	0.1635	0.2129	0.1680	0.0420	0.2681	0.1094	0.4282
000367	P	0.268675	0.483506	0.350805	0.1416	0.2002	0.1610	0.0360	0.2677	0.1192	0.4199
000368	P	0.274324	0.495165	0.359768	0.1667	0.2328	0.1660	0.0340	0.2825	0.1160	0.3977
000369	D	0.335095	0.515919	0.373481	0.2385	0.2292	0.1820	0.0350	0.3123	0.1119	0.3817
000370	S	0.424960	0.535842	0.388756	0.3225	0.3182	0.1950	0.0490	0.3642	0.1051	0.3740
000371	L	0.421248	0.543742	0.401143	0.2385	0.2364	0.2190	0.0590	0.3433	0.1208	0.3689
000372	D	0.420919	0.567533	0.410062	0.2333	0.1501	0.2070	0.0530	0.3315	0.1460	0.3602
000373	W	0.407116	0.577360	0.415426	0.2292	0.2258	0.2070	0.0490	0.3437	0.1350	0.3518
000374	N	0.360649	0.574398	0.418025	0.2292	0.3087	0.1870	0.0460	0.3463	0.1278	0.3482
000375	D	0.300899	0.577474	0.417474	0.2333	0.2817	0.2010	0.0470	0.3352	0.1278	0.3508
000376	A	0.247561	0.572414	0.414848	0.2255	0.2541	0.2210	0.0500	0.3226	0.1297	0.3539
000377	K	0.228356	0.555209	0.412672	0.2748	0.3321	0.2210	0.0530	0.3374	0.1172	0.3577
000378	K	0.162130	0.540913	0.416339	0.2167	0.3117	0.2060	0.0540	0.3089	0.1329	0.3672
000379	S	0.078009	0.547559	0.425877	0.1921	0.2849	0.2110	0.0720	0.2899	0.1558	0.3818
000380	L	0.090992	0.557426	0.438238	0.1878	0.2884	0.2260	0.0840	0.2981	0.1567	0.3954
000381	E	0.114400	0.562274	0.448797	0.1878	0.2884	0.2390	0.0820	0.3068	0.1536	0.4005
000382	I	0.124760	0.576362	0.457696	0.2602	0.3356	0.2710	0.1000	0.3376	0.1456	0.4067
000383	I	0.142246	0.613456	0.465828	0.2558	0.2436	0.2580	0.1170	0.3297	0.1593	0.4150
000384	S	0.183359	0.623129	0.474508	0.3399	0.3529	0.2470	0.1200	0.3702	0.1450	0.4221
000385	T	0.257955	0.628660	0.483175	0.2531	0.3356	0.2710	0.1160	0.3716	0.1396	0.4242
000386	A	0.315276	0.639113	0.491657	0.2385	0.2918	0.2880	0.1060	0.3775	0.1414	0.4222
000387	A	0.349107	0.640400	0.499057	0.2558	0.3321	0.2820	0.0950	0.3931	0.1349	0.4228
000388	S	0.370605	0.648310	0.505333	0.2292	0.3460	0.3020	0.0980	0.4002	0.1387	0.4202
000389	H	0.379631	0.661310	0.512680	0.2385	0.2752	0.3080	0.0940	0.3958	0.1480	0.4138
000390	S	0.368727	0.676556	0.522127	0.2385	0.2752	0.3070	0.1040	0.3979	0.1542	0.4059
000391	N	0.349333	0.681384	0.532954	0.2385	0.3494	0.3040	0.0910	0.4093	0.1510	0.3966
000392	S	0.325664	0.683318	0.544108	0.2292	0.2645	0.2740	0.0830	0.3868	0.1678	0.3908
000393	A	0.283375	0.682524	0.552914	0.3053	0.2783	0.2710	0.0850	0.3956	0.1618	0.3880
000394	I	0.221941	0.672663	0.560496	0.3184	0.3774	0.2370	0.0920	0.3980	0.1661	0.3871
000395	R	0.175706	0.658428	0.565965	0.2432	0.2951	0.2400	0.0980	0.3630	0.1815	0.3869
000396	K	0.151183	0.654010	0.570317	0.2558	0.2129	0.2600	0.1100	0.3507	0.1899	0.3908
000397	M	0.134750	0.643042	0.572252	0.2041	0.2541	0.2460	0.0960	0.3424	0.1926	0.4009
000398	E	0.126562	0.614316	0.570742	0.1602	0.2541	0.1860	0.0590	0.3186	0.1978	0.4035
000399	N	0.113980	0.581292	0.567129	0.1698	0.1852	0.1660	0.0560	0.2973	0.1971	0.4113
000400	L	0.109878	0.557322	0.563848	0.1495	0.1823	0.1580	0.0610	0.2868	0.1948	0.4229
000401	K	0.109132	0.529742	0.562776	0.0965	0.1914	0.1520	0.0650	0.2736	0.1955	0.4287
000402	K	0.109746	0.504211	0.564782	0.0965	0.1914	0.1700	0.0740	0.2728	0.1887	0.4299
000403	L	0.101747	0.484019	0.567544	0.0991	0.2002	0.1750	0.0780	0.2713	0.1852	0.4192
000404	L	0.096251	0.511017	0.570723	0.1178	0.2399	0.1740	0.0820	0.2849	0.1874	0.4145
000405	E	0.094469	0.490381	0.574679	0.1844	0.2436	0.1810	0.0900	0.2947	0.1754	0.4144
000406	I	0.096901	0.493385	0.581587	0.2041	0.1852	0.2070	0.0980	0.2946	0.1774	0.4144
000407	Y	0.095783	0.494581	0.588764	0.1416	0.2002	0.2380	0.1030	0.2932	0.1833	0.4169
000408	E	0.137637	0.496949	0.593318	0.1150	0.2609	0.2510	0.1100	0.3090	0.1774	0.4272
000409	M	0.207034	0.494441	0.590891	0.1060	0.2470	0.2790	0.1270	0.3208	0.1680	0.4333
000410	L	0.277060	0.503368	0.582317	0.1322	0.2470	0.2920	0.1410	0.3390	0.1546	0.4188
000411	G	0.329840	0.530521	0.568957	0.1998	0.3356	0.3090	0.1500	0.3790	0.1293	0.3973
000412	E	0.378851	0.540677	0.556208	0.2080	0.2680	0.2860	0.1400	0.3730	0.1339	0.3814
000413	E	0.439759	0.563748	0.544884	0.2292	0.1914	0.2810	0.1240	0.3751	0.1485	0.3640
000414	E	0.528650	0.564812	0.534629	0.2122	0.2609	0.2950	0.1430	0.3993	0.1458	0.3436
000415	D	0.608566	0.558709	0.523977	0.1878	0.3460	0.2900	0.1580	0.4191	0.1538	0.3255
000416	I	0.681154	0.555256	0.512927	0.1698	0.3356	0.2980	0.1590	0.4255	0.1729	0.3099
000417	V	0.708309	0.547756	0.499753	0.2657	0.4220	0.2860	0.1350	0.4549	0.1529	0.2936
000418	N	0.704825	0.518514	0.483582	0.3456	0.4256	0.2980	0.1210	0.4627	0.1319	0.2770
000419	P	0.699830	0.511602	0.464870	0.3399	0.3392	0.3090	0.1180	0.4441	0.1357	0.2642
000420	S	0.709898	0.498306	0.445512	0.2657	0.3667	0.2990	0.1240	0.4308	0.1480	0.2529
000421	N	0.715400	0.472194	0.425181	0.2531	0.3631	0.2820	0.1190	0.4185	0.1528	0.2459
000422	E	0.668406	0.448798	0.403570	0.2385	0.3392	0.3010	0.1250	0.3999	0.1379	0.2419
000423	L	0.596068	0.438719	0.380047	0.1566	0.3053	0.3200	0.1410	0.3661	0.1342	0.2361
000424	I	0.542542	0.414787	0.356808	0.1240	0.2918	0.2930	0.1330	0.3372	0.1278	0.2272
000425	K	0.492897	0.399453	0.334107	0.0965	0.2918	0.2500	0.1060	0.3109	0.1235	0.2194
000426	E	0.439974	0.388405	0.312623	0.0858	0.2884	0.2180	0.0850	0.2888	0.1152	0.2130
000427	G	0.438318	0.353398	0.291764	0.1416	0.3667	0.1750	0.0670	0.2945	0.1057	0.2082
000428	Q	0.452954	0.300498	0.272857	0.1921	0.4051	0.1340	0.0460	0.2929	0.1111	0.2061
000429	I	0.452205	0.270383	0.255067	0.1921	0.4017	0.1090	0.0320	0.2801	0.1170	0.2044
000430	L	0.456021	0.258945	0.236790	0.1292	0.3840	0.0970	0.0240	0.2603	0.1278	0.2012
000431	K	0.477884	0.262957	0.216759	0.1292	0.3840	0.0980	0.0240	0.2615	0.1342	0.1959
000432	L	0.488725	0.286242	0.196311	0.1322	0.2951	0.1190	0.0220	0.2530	0.1253	0.1916
000433	A	0.449803	0.331160	0.176088	0.1292	0.2094	0.1600	0.0370	0.2425	0.1126	0.1884
000434	A	0.410215	0.344145	0.158060	0.1292	0.1914	0.2010	0.0460	0.2390	0.1022	0.1898
000435	R	0.381375	0.369435	0.141062	0.1322	0.2002	0.2160	0.0560	0.2401	0.1003	0.1982
000436	N	0.308031	0.395292	0.123818	0.0771	0.1251	0.2240	0.0530	0.2090	0.1129	0.2104
000437	T	0.219305	0.391951	0.105143	0.0395	0.1251	0.2280	0.0490	0.1849	0.1133	0.2278
000438	S	0.156571	0.359709	0.086357	0.0167	0.1323	0.2090	0.0430	0.1601	0.1073	0.2438
000439	A	0.094034	0.355064	0.069427	0.0167	0.1092	0.1700	0.0280	0.1358	0.1083	0.2577
000440	Q	0.052477	0.314298	0.054614	0.0350	0.1137	0.1380	0.0180	0.1181	0.0950	0.2786
000441	E	0.014784	0.262980	0.042410	0.0478	0.1137	0.1050	0.0170	0.0978	0.0817	0.3088
000442	R	0.013764	0.212096	0.033367	0.0279	0.0734	0.0900	0.0200	0.0751	0.0667	0.3460
000443	Y	0.012699	0.166351	0.025959	0.0274	0.0799	0.0850	0.0190	0.0662	0.0525	0.3895
000444	L	0.011703	0.117109	0.019492	0.0173	0.0646	0.0760	0.0200	0.0510	0.0384	0.4315
000445	F	0.010228	0.075038	0.013299	0.0131	0.0909	0.0790	0.0270	0.0469	0.0350	0.4015
000446	L	0.008751	0.052691	0.008041	0.0081	0.0909	0.0710	0.0230	0.0400	0.0335	0.3797
000447	F	0.005764	0.043028	0.002537	0.0094	0.0454	0.0600	0.0150	0.0277	0.0225	0.3689
000448	N	0.002579	0.035484	-0.001381	0.0094	0.0433	0.0480	0.0140	0.0230	0.0200	0.3643
000449	N	0.001249	0.031040	-0.003199	0.0044	0.0275	0.0430	0.0130	0.0173	0.0173	0.3556
000450	M	0.000221	0.029834	-0.002689	0.0067	0.0231	0.0370	0.0110	0.0157	0.0151	0.3415
000451	L	0.000030	0.029548	-0.001648	0.0029	0.0218	0.0320	0.0080	0.0141	0.0141	0.3381
000452	L	0.000016	0.029386	-0.000468	0.0010	0.0202	0.0320	0.0080	0.0137	0.0141	0.3447
000453	Y	0.000012	0.035916	0.001187	0.0010	0.0198	0.0350	0.0120	0.0155	0.0157	0.3592
000454	C	0.000027	0.052305	0.003240	0.0029	0.0184	0.0410	0.0160	0.0196	0.0202	0.3854
000455	V	0.000044	0.070989	0.005477	0.0062	0.0281	0.0500	0.0190	0.0269	0.0262	0.4105
000456	P	0.000162	0.084649	0.007754	0.0061	0.0356	0.0570	0.0190	0.0319	0.0308	0.4322
000457	K	0.000265	0.104586	0.010046	0.0099	0.0555	0.0850	0.0220	0.0442	0.0402	0.4170
000458	F	0.000400	0.122195	0.013225	0.0128	0.1028	0.1200	0.0270	0.0619	0.0536	0.4063
000459	S	0.000538	0.137861	0.018127	0.0124	0.0929	0.1170	0.0290	0.0632	0.0547	0.3914
000460	L	0.001033	0.169845	0.026308	0.0118	0.0605	0.1430	0.0450	0.0688	0.0652	0.3750
000461	V	0.001954	0.224159	0.037334	0.0160	0.0719	0.1570	0.0640	0.0848	0.0803	0.3527
000462	G	0.003057	0.262920	0.049540	0.0194	0.0719	0.1770	0.0620	0.0974	0.0928	0.3352
000463	S	0.010103	0.285068	0.061509	0.0387	0.1162	0.1830	0.0540	0.1157	0.0941	0.3248
000464	K	0.010732	0.297493	0.073319	0.0414	0.1731	0.1680	0.0550	0.1273	0.0971	0.3194
000465	F	0.012309	0.271134	0.085377	0.0660	0.2034	0.1740	0.0560	0.1354	0.0885	0.3197
000466	T	0.024093	0.242432	0.098589	0.1150	0.2575	0.1470	0.0430	0.1474	0.0814	0.3211
000467	V	0.041308	0.230649	0.111387	0.0789	0.1611	0.1470	0.0350	0.1284	0.0608	0.3219
000468	R	0.063946	0.229579	0.123989	0.0744	0.1206	0.1350	0.0440	0.1245	0.0538	0.3261
000469	T	0.084017	0.219362	0.135598	0.0991	0.2064	0.1470	0.0500	0.1485	0.0502	0.3282
000470	R	0.154063	0.214621	0.147924	0.0660	0.2129	0.1450	0.0490	0.1568	0.0499	0.3343
000471	V	0.233437	0.218923	0.161523	0.1178	0.2951	0.1490	0.0490	0.1960	0.0595	0.3401
000472	G	0.311521	0.224031	0.176537	0.1732	0.3631	0.1330	0.0410	0.2302	0.0816	0.3444
000473	I	0.398741	0.232553	0.192223	0.1805	0.3704	0.1280	0.0370	0.2504	0.1000	0.3490
000474	D	0.483916	0.255225	0.209082	0.1844	0.3807	0.1190	0.0320	0.2720	0.1239	0.3505
000475	G	0.554766	0.285064	0.228274	0.1958	0.3053	0.1150	0.0290	0.2808	0.1372	0.3507
000476	M	0.607988	0.303496	0.247970	0.3146	0.4292	0.1210	0.0280	0.3373	0.1518	0.3517
000477	K	0.628790	0.313831	0.266140	0.2531	0.4292	0.1290	0.0340	0.3366	0.1579	0.3490
000478	I	0.651801	0.328593	0.283146	0.3762	0.4940	0.1610	0.0520	0.3824	0.1565	0.3520
000479	V	0.627559	0.378667	0.299698	0.3847	0.4017	0.1550	0.0440	0.3746	0.1406	0.3503
000480	E	0.602778	0.422897	0.316112	0.3885	0.4017	0.1760	0.0520	0.3847	0.1275	0.3535
000481	T	0.530400	0.452926	0.331984	0.3225	0.3460	0.1830	0.0520	0.3612	0.1090	0.3553
000482	Q	0.458519	0.519997	0.349339	0.4037	0.4017	0.1870	0.0560	0.3867	0.1038	0.3585
000483	N	0.422802	0.544780	0.369377	0.3456	0.3983	0.1960	0.0610	0.3795	0.1036	0.3647
000484	E	0.420210	0.517468	0.390330	0.4282	0.4685	0.2030	0.0670	0.4047	0.0986	0.3721
000485	E	0.429553	0.517210	0.410643	0.4333	0.4725	0.2080	0.0670	0.4119	0.0975	0.3791
000486	Y	0.466568	0.514740	0.429468	0.4203	0.4685	0.1960	0.0660	0.4159	0.1031	0.3863
000487	P	0.501712	0.498733	0.445230	0.4703	0.5017	0.1770	0.0650	0.4324	0.1162	0.3916
000488	H	0.534256	0.491360	0.458580	0.4703	0.4292	0.1800	0.0600	0.4274	0.1150	0.3966
000489	T	0.557372	0.482115	0.468412	0.5331	0.5139	0.1860	0.0530	0.4568	0.1246	0.3987
000490	F	0.625476	0.469740	0.474190	0.5296	0.4979	0.1980	0.0550	0.4658	0.1306	0.4022
000491	Q	0.690448	0.479771	0.476178	0.5331	0.4901	0.2060	0.0610	0.4793	0.1427	0.4031
000492	V	0.703023	0.500546	0.476576	0.4749	0.4582	0.2200	0.0560	0.4721	0.1403	0.4049
000493	S	0.689795	0.534301	0.478612	0.4749	0.4476	0.2110	0.0520	0.4727	0.1415	0.4071
000494	G	0.686759	0.549591	0.480953	0.4556	0.4330	0.2110	0.0670	0.4695	0.1426	0.4086
000495	K	0.682396	0.569021	0.483530	0.4513	0.3983	0.2160	0.0720	0.4668	0.1443	0.4093
000496	E	0.692718	0.581065	0.484510	0.4458	0.3948	0.2190	0.0760	0.4697	0.1480	0.4125
000497	R	0.707439	0.588238	0.485102	0.4967	0.4801	0.2210	0.0870	0.4964	0.1468	0.4152
000498	T	0.715944	0.585036	0.484561	0.4703	0.4476	0.2280	0.0870	0.4886	0.1476	0.4190
000499	L	0.721577	0.593964	0.484061	0.4749	0.4476	0.2370	0.0910	0.4931	0.1475	0.4229
000500	E	0.712771	0.614006	0.483659	0.4703	0.4541	0.2310	0.0800	0.4943	0.1493	0.4249
000501	L	0.719774	0.616786	0.482171	0.5412	0.4619	0.2380	0.0790	0.5100	0.1492	0.4271
000502	Q	0.733377	0.624506	0.479006	0.5473	0.3840	0.2420	0.0790	0.5017	0.1594	0.4304
000503	A	0.724009	0.617617	0.473940	0.5296	0.4369	0.2460	0.0640	0.5048	0.1493	0.4320
000504	S	0.696769	0.613981	0.467917	0.4600	0.4149	0.2490	0.0530	0.4838	0.1431	0.4295
000505	S	0.656713	0.622577	0.459480	0.4420	0.3460	0.2810	0.0480	0.4680	0.1354	0.4261
000506	A	0.612371	0.616498	0.448557	0.4420	0.3529	0.3130	0.0580	0.4642	0.1163	0.4219
000507	Q	0.570343	0.608505	0.437863	0.3535	0.3494	0.3080	0.0610	0.4380	0.1143	0.4198
000508	D	0.539090	0.617495	0.429553	0.3806	0.3566	0.3120	0.0690	0.4392	0.1067	0.4171
000509	K	0.493163	0.616622	0.422371	0.3939	0.2817	0.2820	0.0530	0.4150	0.1173	0.4143
000510	E	0.440520	0.598599	0.414326	0.4556	0.3566	0.2270	0.0380	0.4154	0.1117	0.4090
000511	E	0.375019	0.567476	0.405721	0.3717	0.3215	0.1830	0.0280	0.3707	0.1138	0.4037
000512	W	0.347790	0.536475	0.397393	0.4420	0.2988	0.1780	0.0270	0.3667	0.1125	0.3974
000513	I	0.328693	0.502512	0.387058	0.4203	0.2951	0.1600	0.0280	0.3489	0.1075	0.3915
000514	K	0.319947	0.437947	0.373316	0.3668	0.3215	0.1510	0.0260	0.3285	0.0885	0.3891
000515	A	0.315181	0.403975	0.356507	0.3717	0.3249	0.1690	0.0340	0.3235	0.0752	0.3835
000516	L	0.301617	0.380821	0.339180	0.3762	0.3249	0.2030	0.0620	0.3209	0.0596	0.3800
000517	Q	0.259356	0.406720	0.323913	0.3806	0.3599	0.2190	0.0700	0.3249	0.0665	0.3789
000518	E	0.236861	0.422200	0.313581	0.3806	0.3529	0.2310	0.0670	0.3229	0.0707	0.3763
000519	T	0.237499	0.424031	0.307461	0.3806	0.2541	0.2440	0.0680	0.3079	0.0716	0.3751
000520	I	0.241208	0.426790	0.302687	0.3806	0.2575	0.2340	0.0680	0.3071	0.0730	0.3692
000521	D	0.216224	0.446952	0.298229	0.3053	0.2541	0.2250	0.0720	0.2910	0.0773	0.3691
000522	A	0.205059	0.458646	0.293482	0.2820	0.2224	0.2260	0.0770	0.2812	0.0856	0.3699
000523	F	0.185414	0.470140	0.288616	0.3630	0.2436	0.2480	0.0910	0.2998	0.0931	0.3733
000524	H	0.160545	0.457502	0.282127	0.4116	0.2918	0.2450	0.0910	0.3081	0.0998	0.3768
000525	Q	0.141451	0.452097	0.276391	0.3535	0.2884	0.2570	0.0790	0.2947	0.0945	0.3802
000526	R	0.139568	0.446297	0.270851	0.3535	0.3149	0.2660	0.0830	0.2985	0.0933	0.3850
000527	H	0.146631	0.434326	0.266530	0.4245	0.3948	0.2590	0.0850	0.3210	0.1050	0.3859
000528	E	0.138430	0.425984	0.261558	0.4116	0.3910	0.2660	0.0840	0.3157	0.1032	0.3868
000529	T	0.138430	0.431275	0.258190	0.4078	0.3182	0.2690	0.0830	0.3038	0.0983	0.3880
000530	F	0.159095	0.442497	0.255436	0.4078	0.3149	0.2990	0.0940	0.3131	0.0940	0.3872
000531	R	0.187557	0.430476	0.253285	0.4116	0.3807	0.2990	0.0960	0.3271	0.0879	0.3926
000532	N	0.213024	0.427643	0.251206	0.4078	0.3872	0.3260	0.1010	0.3355	0.0802	0.3938
000533	A	0.258625	0.436274	0.249654	0.4245	0.3599	0.3210	0.0840	0.3416	0.0730	0.3950
000534	I	0.332594	0.442161	0.248393	0.4967	0.4541	0.3330	0.0810	0.3846	0.0862	0.3944
000535	A	0.387821	0.446981	0.248917	0.4333	0.4541	0.3610	0.0800	0.3887	0.0707	0.3959
000536	K	0.445144	0.483099	0.249634	0.4282	0.4256	0.3430	0.0810	0.3958	0.0776	0.4015
000537	D	0.518990	0.498612	0.249864	0.4379	0.4330	0.3340	0.0900	0.4121	0.0935	0.4051
000538	N	0.584634	0.507479	0.247497	0.4078	0.3631	0.3700	0.1040	0.4134	0.1081	0.4108
000539	D	0.633227	0.500322	0.244648	0.3992	0.3529	0.4100	0.1180	0.4233	0.1209	0.4110
000540	I	0.674598	0.510950	0.242595	0.3456	0.3460	0.4190	0.1240	0.4232	0.1388	0.4111
000541	H	0.725458	0.505691	0.242201	0.4116	0.4409	0.3940	0.1290	0.4533	0.1454	0.4188
000542	S	0.755334	0.514201	0.243208	0.4149	0.4186	0.3790	0.1360	0.4542	0.1567	0.4261
000543	E	0.719432	0.494037	0.245560	0.4078	0.4330	0.3660	0.1330	0.4442	0.1445	0.4337
000544	V	0.709898	0.484092	0.249962	0.3939	0.4582	0.3690	0.1260	0.4442	0.1404	0.4266
000545	S	0.701162	0.507182	0.257062	0.4879	0.4441	0.3230	0.0910	0.4534	0.1421	0.4150
000546	T	0.673589	0.526963	0.266817	0.5008	0.4017	0.3260	0.0750	0.4493	0.1352	0.4130
000547	A	0.667707	0.505279	0.278614	0.4245	0.4087	0.3690	0.0720	0.4422	0.1214	0.4203
000548	E	0.663678	0.485112	0.289118	0.3668	0.4087	0.3590	0.0640	0.4288	0.1204	0.4223
000549	L	0.652856	0.471109	0.297917	0.3630	0.4087	0.3570	0.0700	0.4251	0.1147	0.4262
000550	G	0.617896	0.460302	0.304328	0.3535	0.4119	0.3160	0.0710	0.4106	0.1073	0.4201
000551	K	0.572808	0.424961	0.311166	0.4203	0.4292	0.2990	0.0870	0.4096	0.0906	0.4112
000552	R	0.568919	0.409355	0.318244	0.4149	0.4292	0.2970	0.1060	0.4063	0.0882	0.4116
000553	A	0.615624	0.400534	0.324753	0.3668	0.4119	0.2400	0.0940	0.3933	0.1145	0.4161
000554	P	0.651331	0.387557	0.330223	0.3630	0.2951	0.2110	0.0850	0.3731	0.1365	0.4223
000555	R	0.698838	0.373855	0.333922	0.3939	0.3249	0.1910	0.0800	0.3860	0.1542	0.4146
000556	W	0.730815	0.362880	0.336103	0.2432	0.3215	0.1900	0.0850	0.3640	0.1742	0.4169
000557	I	0.760982	0.319817	0.336454	0.2209	0.2129	0.1770	0.0730	0.3380	0.1977	0.4038
000558	R	0.763092	0.308500	0.336276	0.2385	0.2292	0.1690	0.0590	0.3408	0.1966	0.3619
000559	D	0.713042	0.291346	0.335434	0.1060	0.2328	0.1560	0.0540	0.3057	0.1978	0.3222
000560	N	0.674558	0.275309	0.334197	0.1532	0.3249	0.1390	0.0430	0.3168	0.1773	0.2828
000561	E	0.632290	0.251807	0.333055	0.1416	0.2364	0.1230	0.0340	0.2864	0.1698	0.2514
000562	V	0.529315	0.234048	0.333324	0.1602	0.2503	0.1140	0.0310	0.2702	0.1350	0.2294
000563	T	0.480875	0.222069	0.334517	0.0991	0.2328	0.1210	0.0360	0.2484	0.1297	0.1969
000564	M	0.444883	0.228684	0.335608	0.1088	0.1914	0.1320	0.0460	0.2402	0.1173	0.1690
000565	C	0.402731	0.263927	0.336093	0.0771	0.1702	0.1330	0.0450	0.2305	0.1145	0.1395
000566	M	0.334408	0.262920	0.334016	0.0514	0.1671	0.1310	0.0420	0.2135	0.1055	0.1288
000567	K	0.287495	0.276645	0.331769	0.0789	0.2364	0.1230	0.0410	0.2224	0.0911	0.1119
000568	C	0.277886	0.300213	0.329367	0.1041	0.2951	0.1100	0.0360	0.2362	0.0925	0.1007
000569	K	0.328830	0.315143	0.328797	0.1018	0.2951	0.1030	0.0330	0.2455	0.1017	0.1093
000570	E	0.387370	0.312896	0.328149	0.0991	0.2918	0.1040	0.0350	0.2539	0.1115	0.1183
000571	P	0.430305	0.340620	0.327168	0.0771	0.1759	0.1040	0.0340	0.2425	0.1311	0.1309
000572	F	0.448018	0.365879	0.325534	0.0660	0.1671	0.1000	0.0250	0.2454	0.1423	0.1300
000573	N	0.449533	0.354594	0.322929	0.0268	0.1914	0.0950	0.0250	0.2401	0.1487	0.1177
000574	A	0.394846	0.370201	0.318121	0.0259	0.1070	0.1000	0.0230	0.2194	0.1458	0.1145
000575	L	0.373041	0.386096	0.311404	0.0245	0.1229	0.1100	0.0290	0.2213	0.1409	0.0965
000576	T	0.346368	0.361798	0.302341	0.0157	0.1424	0.1030	0.0300	0.2119	0.1316	0.0770
000577	R	0.344661	0.333343	0.293444	0.0173	0.1229	0.0820	0.0240	0.1990	0.1295	0.0579
000578	R	0.295758	0.323549	0.284542	0.0090	0.0929	0.0750	0.0300	0.1801	0.1244	0.0467
000579	R	0.249481	0.281748	0.276584	0.0218	0.0929	0.0700	0.0270	0.1654	0.1065	0.0390
000580	H	0.225940	0.235405	0.268640	0.0137	0.0581	0.0680	0.0300	0.1449	0.1006	0.0251
000581	H	0.184483	0.209912	0.260534	0.0028	0.0543	0.0640	0.0310	0.1293	0.0937	0.0173
000582	C	0.133346	0.178326	0.252409	0.0009	0.0235	0.0640	0.0320	0.1087	0.0885	0.0116
000583	R	0.169063	0.142892	0.244448	0.0028	0.0389	0.0610	0.0320	0.1098	0.0833	0.0090
000584	A	0.150230	0.122749	0.237365	0.0006	0.0389	0.0560	0.0320	0.1010	0.0790	0.0073
000585	C	0.143978	0.095744	0.230509	0.0007	0.0263	0.0480	0.0220	0.0909	0.0780	0.0058
000586	G	0.143378	0.072089	0.224810	0.0008	0.0389	0.0440	0.0190	0.0873	0.0753	0.0064
000587	Y	0.129421	0.062012	0.219677	0.0006	0.0334	0.0440	0.0200	0.0815	0.0731	0.0075
000588	V	0.112612	0.055001	0.216287	0.0006	0.0349	0.0390	0.0170	0.0764	0.0709	0.0086
000589	V	0.092690	0.052774	0.213961	0.0005	0.0231	0.0370	0.0150	0.0700	0.0703	0.0089
000590	C	0.069784	0.054207	0.213265	0.0005	0.0244	0.0400	0.0180	0.0671	0.0689	0.0086
000591	W	0.051091	0.058516	0.213887	0.0004	0.0157	0.0460	0.0200	0.0643	0.0700	0.0113
000592	K	0.001750	0.073647	0.215409	0.0005	0.0165	0.0530	0.0220	0.0601	0.0744	0.0132
000593	C	0.000022	0.097166	0.217195	0.0008	0.0300	0.0640	0.0290	0.0683	0.0749	0.0153
000594	S	0.000016	0.122724	0.220607	0.0008	0.0306	0.0690	0.0280	0.0740	0.0781	0.0201
000595	D	0.000222	0.154669	0.225627	0.0009	0.0341	0.0750	0.0240	0.0818	0.0832	0.0269
000596	Y	0.000429	0.194355	0.233920	0.0055	0.0433	0.0850	0.0240	0.0938	0.0903	0.0374
000597	K	0.000635	0.253489	0.242463	0.0055	0.0424	0.0910	0.0230	0.1059	0.1048	0.0440
000598	A	0.002179	0.290361	0.252341	0.0062	0.0690	0.1070	0.0350	0.1212	0.1126	0.0516
000599	Q	0.002649	0.351065	0.260448	0.0082	0.0676	0.1300	0.0470	0.1366	0.1295	0.0598
000600	L	0.003120	0.397890	0.268550	0.0099	0.0463	0.1800	0.0630	0.1510	0.1463	0.0767
000601	E	0.003440	0.428519	0.276822	0.0350	0.0929	0.2220	0.0900	0.1765	0.1487	0.0824
000602	Y	0.003499	0.439479	0.285715	0.0268	0.1501	0.2390	0.0910	0.1908	0.1510	0.0795
000603	D	0.003540	0.456465	0.296999	0.0245	0.0817	0.1970	0.0710	0.1767	0.1609	0.0790
000604	G	0.003348	0.438012	0.307677	0.0909	0.0948	0.1610	0.0600	0.1826	0.1470	0.0698
000605	G	0.003162	0.420576	0.321318	0.0405	0.1028	0.1180	0.0370	0.1677	0.1514	0.0572
000606	K	0.002977	0.402057	0.334086	0.0268	0.0646	0.0850	0.0270	0.1525	0.1558	0.0465
000607	L	0.001453	0.395288	0.348139	0.0464	0.0719	0.0700	0.0280	0.1555	0.1552	0.0398
000608	S	0.000984	0.373524	0.360995	0.0316	0.0719	0.0510	0.0180	0.1483	0.1563	0.0334
000609	K	0.000521	0.331155	0.373150	0.0297	0.0835	0.0480	0.0180	0.1443	0.1495	0.0280
000610	V	0.000205	0.297500	0.383950	0.0304	0.0433	0.0500	0.0210	0.1343	0.1489	0.0238
000611	C	0.000183	0.278079	0.392512	0.0478	0.0690	0.0530	0.0210	0.1401	0.1435	0.0197
000612	K	0.000630	0.258830	0.401901	0.0304	0.0676	0.0550	0.0210	0.1358	0.1452	0.0218
000613	D	0.001110	0.225845	0.410899	0.0490	0.1092	0.0610	0.0240	0.1429	0.1387	0.0244
000614	C	0.001500	0.227504	0.419818	0.0526	0.1115	0.0750	0.0340	0.1479	0.1399	0.0279
000615	Y	0.008463	0.207782	0.427223	0.0567	0.1184	0.0810	0.0390	0.1500	0.1382	0.0400
000616	Q	0.015427	0.189682	0.433308	0.0643	0.1162	0.0860	0.0340	0.1508	0.1370	0.0532
000617	I	0.024610	0.211487	0.438495	0.0744	0.1162	0.1040	0.0370	0.1616	0.1359	0.0707
000618	I	0.038601	0.275328	0.442988	0.1060	0.1702	0.1260	0.0340	0.1931	0.1327	0.0825
000619	S	0.045688	0.302913	0.447642	0.0965	0.1702	0.1600	0.0490	0.2039	0.1347	0.0912
000620	G	0.053823	0.361379	0.454258	0.1018	0.1731	0.2130	0.0770	0.2263	0.1405	0.0995
000621	F	0.065166	0.442321	0.462035	0.1266	0.1611	0.2660	0.1040	0.2539	0.1524	0.1094
000622	T	0.132754	0.514661	0.472390	0.2333	0.1942	0.3160	0.1150	0.3105	0.1408	0.1190
000623	D	0.202772	0.583506	0.481857	0.1921	0.2034	0.3700	0.1380	0.3389	0.1526	0.1206
000624	S	0.270237	0.636612	0.489945	0.1349	0.1399	0.4400	0.1530	0.3519	0.1855	0.1200
000625	E	0.337093	0.668687	0.494813	0.2531	0.2436	0.4520	0.1740	0.4083	0.1492	0.1237
000626	E	0.395609	0.658305	0.499152	0.2558	0.3215	0.4410	0.1390	0.4286	0.1293	0.1162
000627	K	0.451332	0.624612	0.500382	0.2602	0.2884	0.3850	0.1320	0.4184	0.1247	0.1131
000628	K	0.530650	0.636614	0.500770	0.3184	0.3631	0.3200	0.1000	0.4450	0.1193	0.1117
000629	R	0.608838	0.655923	0.497354	0.3399	0.3740	0.3260	0.0900	0.4671	0.1300	0.1180
000630	K	0.684286	0.628909	0.493437	0.3456	0.3740	0.3170	0.1050	0.4738	0.1413	0.1332
000631	G	0.700911	0.582384	0.486600	0.2865	0.3740	0.3330	0.1290	0.4607	0.1456	0.1532
000632	I	0.713952	0.562186	0.477621	0.3578	0.4831	0.3480	0.1140	0.4905	0.1246	0.1733
000633	L	0.683115	0.526728	0.467621	0.3668	0.4766	0.3440	0.0920	0.4774	0.1118	0.1869
000634	E	0.682375	0.504460	0.455928	0.3535	0.4119	0.3840	0.1150	0.4654	0.1085	0.1905
000635	I	0.693505	0.505612	0.445794	0.3535	0.3631	0.4340	0.1380	0.4658	0.1140	0.1982
000636	E	0.678374	0.521516	0.434585	0.2865	0.2436	0.3870	0.1400	0.4252	0.1456	0.1999
000637	S	0.665339	0.516967	0.425060	0.2255	0.2292	0.3230	0.1330	0.3975	0.1583	0.1954
000638	A	0.631735	0.499773	0.414604	0.1766	0.1476	0.3280	0.1110	0.3664	0.1712	0.1907
000639	E	0.605217	0.508479	0.402955	0.1921	0.1028	0.3160	0.1010	0.3546	0.1733	0.1901
000640	V	0.592491	0.483788	0.389805	0.1349	0.1070	0.3200	0.1010	0.3379	0.1750	0.1913
000641	S	0.543211	0.451949	0.375923	0.0991	0.0646	0.2900	0.1190	0.3042	0.1750	0.1868
000642	G	0.546127	0.433213	0.363149	0.1018	0.0555	0.2550	0.1060	0.2924	0.1747	0.1814
000643	N	0.474393	0.391997	0.348969	0.0832	0.0888	0.2010	0.0940	0.2647	0.1501	0.1806
000644	S	0.397402	0.311559	0.335539	0.1018	0.1323	0.1210	0.0480	0.2333	0.1180	0.1892
000645	V	0.342857	0.249472	0.323488	0.1018	0.1229	0.0860	0.0250	0.2044	0.1053	0.2026
000646	V	0.269516	0.205109	0.313949	0.1416	0.1731	0.0710	0.0180	0.1957	0.0801	0.2114
000647	C	0.216800	0.155909	0.306342	0.1349	0.1881	0.0670	0.0220	0.1782	0.0739	0.2181
000648	S	0.156067	0.159453	0.299872	0.1292	0.1251	0.0650	0.0270	0.1558	0.0715	0.2372
000649	F	0.084119	0.179648	0.294469	0.1766	0.1501	0.0740	0.0330	0.1598	0.0730	0.2635
000650	L	0.049944	0.183169	0.288709	0.1117	0.1399	0.0940	0.0390	0.1446	0.0762	0.2743
000651	Q	0.003425	0.203374	0.280479	0.1635	0.1643	0.1160	0.0490	0.1552	0.0844	0.2749
000652	Y	0.002067	0.256663	0.269667	0.1635	0.1070	0.1550	0.0510	0.1590	0.0905	0.2834
000653	M	0.000244	0.312310	0.255207	0.1292	0.0531	0.1580	0.0420	0.1513	0.1078	0.2955
000654	E	0.002559	0.325829	0.240537	0.0789	0.0364	0.1580	0.0550	0.1404	0.1143	0.2978
000655	K	0.004606	0.366970	0.226798	0.0464	0.0248	0.1450	0.0610	0.1357	0.1287	0.2991
000656	S	0.017013	0.384302	0.214246	0.0441	0.0398	0.1240	0.0630	0.1372	0.1290	0.3055
000657	K	0.041585	0.346972	0.200486	0.0387	0.0555	0.1330	0.0700	0.1361	0.1107	0.3140
000658	P	0.058860	0.293827	0.186466	0.0660	0.1137	0.1120	0.0610	0.1386	0.0810	0.3300
000659	W	0.095279	0.264684	0.173010	0.0660	0.1229	0.0950	0.0490	0.1361	0.0663	0.3350
000660	Q	0.122044	0.211679	0.162195	0.1041	0.2193	0.0580	0.0290	0.1463	0.0577	0.3256
000661	K	0.179582	0.159727	0.154127	0.1667	0.2224	0.0360	0.0150	0.1531	0.0569	0.3266
000662	A	0.184754	0.141730	0.149545	0.1844	0.1731	0.0320	0.0080	0.1443	0.0527	0.3381
000663	W	0.183198	0.114877	0.147287	0.1844	0.1914	0.0330	0.0070	0.1423	0.0557	0.3452
000664	C	0.181153	0.089251	0.145658	0.1566	0.1476	0.0300	0.0070	0.1251	0.0506	0.3414
000665	V	0.168717	0.086546	0.143098	0.0965	0.1251	0.0310	0.0090	0.1085	0.0442	0.3433
000666	I	0.144208	0.094348	0.139166	0.0554	0.0780	0.0350	0.0110	0.0911	0.0402	0.3484
000667	P	0.126997	0.099933	0.133835	0.0441	0.0799	0.0440	0.0140	0.0881	0.0359	0.3483
000668	K	0.090579	0.105996	0.128438	0.0268	0.0719	0.0840	0.0380	0.0846	0.0314	0.3491
000669	Q	0.063813	0.119433	0.123266	0.0231	0.0704	0.1300	0.0590	0.0883	0.0389	0.3495
000670	D	0.013030	0.116517	0.120480	0.0316	0.1206	0.1460	0.0680	0.0914	0.0501	0.3528
000671	P	0.050155	0.112258	0.119756	0.0363	0.1251	0.1490	0.0820	0.0988	0.0410	0.3563
000672	L	0.111052	0.115008	0.121403	0.0387	0.0929	0.1340	0.0690	0.1021	0.0309	0.3634
000673	V	0.194225	0.117811	0.123139	0.0542	0.1070	0.1270	0.0640	0.1206	0.0410	0.3648
000674	L	0.247342	0.113973	0.124303	0.0587	0.1501	0.1290	0.0700	0.1372	0.0566	0.3662
000675	Y	0.306610	0.116884	0.124346	0.1041	0.2609	0.1230	0.0670	0.1726	0.0799	0.3679
000676	M	0.389470	0.131184	0.123168	0.1240	0.2849	0.0950	0.0400	0.1912	0.1081	0.3662
000677	Y	0.482650	0.142591	0.121322	0.1921	0.3529	0.0960	0.0270	0.2313	0.1401	0.3560
000678	G	0.515510	0.170838	0.119238	0.1416	0.2645	0.1000	0.0150	0.2186	0.1428	0.3460
000679	A	0.579107	0.219174	0.117811	0.1416	0.2918	0.1280	0.0310	0.2462	0.1608	0.3358
000680	P	0.578232	0.249254	0.118081	0.0858	0.2193	0.1140	0.0360	0.2274	0.1676	0.3252
000681	Q	0.570721	0.284210	0.119456	0.0935	0.1554	0.1400	0.0550	0.2273	0.1650	0.3181
000682	D	0.568420	0.307975	0.122433	0.0526	0.1399	0.1830	0.0800	0.2290	0.1703	0.3207
000683	V	0.560687	0.297055	0.127291	0.0607	0.1298	0.2220	0.1020	0.2329	0.1649	0.3192
000684	R	0.569207	0.282722	0.133257	0.0991	0.1298	0.2220	0.1200	0.2393	0.1602	0.3181
000685	A	0.552241	0.260542	0.138068	0.1018	0.1373	0.2130	0.1190	0.2339	0.1519	0.3176
000686	Q	0.538227	0.224728	0.139948	0.1150	0.2164	0.1870	0.0900	0.2369	0.1403	0.3199
000687	A	0.544802	0.192752	0.140254	0.0965	0.2541	0.1390	0.0490	0.2279	0.1501	0.3267
000688	T	0.518188	0.161043	0.141343	0.1667	0.3053	0.1200	0.0440	0.2354	0.1398	0.3362
000689	I	0.543377	0.129775	0.144180	0.1766	0.3321	0.1160	0.0420	0.2403	0.1534	0.3480
000690	P	0.538555	0.112306	0.149908	0.1667	0.3566	0.1150	0.0410	0.2399	0.1571	0.3591
000691	L	0.524863	0.103026	0.156628	0.1766	0.3321	0.1160	0.0390	0.2348	0.1498	0.3689
000692	L	0.559693	0.102957	0.164408	0.1732	0.3053	0.1150	0.0380	0.2367	0.1587	0.3734
000693	G	0.558694	0.115677	0.172029	0.1602	0.3087	0.1120	0.0360	0.2379	0.1576	0.3703
000694	Y	0.566695	0.149129	0.182574	0.1958	0.2951	0.1130	0.0340	0.2504	0.1521	0.3693
000695	V	0.516479	0.200056	0.192108	0.2122	0.3182	0.1050	0.0320	0.2574	0.1314	0.3726
000696	V	0.517919	0.239933	0.201017	0.1805	0.3460	0.1040	0.0340	0.2649	0.1344	0.3756
000697	D	0.496752	0.285064	0.208264	0.1998	0.3356	0.1090	0.0400	0.2724	0.1230	0.3811
000698	E	0.460213	0.341392	0.217331	0.2432	0.2680	0.1220	0.0490	0.2754	0.1053	0.3832
000699	M	0.450778	0.401023	0.227175	0.2483	0.2609	0.1460	0.0520	0.2890	0.1045	0.3897
000700	P	0.427046	0.433474	0.236630	0.2483	0.2645	0.1570	0.0550	0.2945	0.1018	0.3924
000701	R	0.405492	0.507147	0.244864	0.2167	0.2436	0.1820	0.0670	0.3000	0.1163	0.3979
000702	S	0.408088	0.559804	0.251543	0.2041	0.3149	0.2010	0.0910	0.3232	0.1275	0.4039
000703	A	0.403578	0.543898	0.255963	0.2700	0.3774	0.2200	0.1300	0.3451	0.1105	0.4123
000704	D	0.399116	0.530415	0.259589	0.2748	0.3704	0.2250	0.1360	0.3432	0.1037	0.4236
000705	L	0.364484	0.544489	0.262851	0.3491	0.4507	0.2370	0.1300	0.3681	0.1054	0.4304
000706	P	0.342424	0.537975	0.267415	0.4149	0.4507	0.2820	0.1630	0.3826	0.0955	0.4337
000707	H	0.312685	0.551200	0.272138	0.4879	0.5098	0.3280	0.1690	0.4103	0.1089	0.4297
000708	S	0.273068	0.542520	0.278122	0.4037	0.4940	0.3520	0.1520	0.3906	0.1016	0.4272
000709	F	0.229867	0.567889	0.283762	0.3885	0.3840	0.3760	0.1500	0.3716	0.1055	0.4239
000710	K	0.171586	0.594481	0.289330	0.4333	0.3910	0.3600	0.1390	0.3732	0.1296	0.4215
000711	L	0.104038	0.639441	0.293092	0.3146	0.3494	0.3910	0.1640	0.3486	0.1583	0.4138
000712	T	0.069472	0.655805	0.295887	0.2913	0.3631	0.3550	0.1500	0.3385	0.1722	0.4090
000713	Q	0.061986	0.681150	0.296909	0.2657	0.3631	0.3260	0.1280	0.3324	0.1832	0.4045
000714	S	0.058301	0.643660	0.297402	0.3005	0.3983	0.3160	0.1260	0.3358	0.1726	0.4002
000715	K	0.059800	0.630646	0.298330	0.2865	0.3983	0.2900	0.1150	0.3272	0.1696	0.3976
000716	S	0.060218	0.602186	0.301888	0.3668	0.3983	0.2710	0.1040	0.3334	0.1618	0.3935
000717	V	0.060121	0.585893	0.308354	0.3456	0.3704	0.2500	0.0930	0.3200	0.1563	0.3880
000718	H	0.060056	0.575869	0.315618	0.2748	0.3774	0.2440	0.0820	0.3080	0.1545	0.3873
000719	S	0.059934	0.584819	0.320955	0.2700	0.3774	0.2260	0.0460	0.3065	0.1588	0.3893
000720	F	0.058236	0.575737	0.323531	0.3762	0.3840	0.2060	0.0420	0.3207	0.1603	0.3936
000721	A	0.023498	0.592761	0.322397	0.3762	0.3249	0.1960	0.0480	0.3060	0.1731	0.3995
000722	A	0.006547	0.568183	0.321014	0.3847	0.3872	0.1930	0.0590	0.3102	0.1751	0.4068
000723	D	0.004017	0.562813	0.320585	0.3263	0.3321	0.1860	0.0590	0.2887	0.1688	0.4157
000724	S	0.002044	0.568485	0.323055	0.3096	0.2541	0.1720	0.0640	0.2716	0.1708	0.4245
000725	E	0.001333	0.512601	0.325810	0.2657	0.1969	0.1630	0.0740	0.2443	0.1565	0.4329
000726	E	0.001155	0.476741	0.332133	0.2122	0.1476	0.1620	0.0780	0.2220	0.1500	0.4423
000727	L	0.001153	0.465188	0.342521	0.1766	0.1349	0.1640	0.0750	0.2140	0.1501	0.4539
000728	K	0.001392	0.451600	0.356290	0.1998	0.1349	0.1560	0.0790	0.2167	0.1481	0.4668
000729	Q	0.001659	0.431431	0.369484	0.1878	0.1349	0.1590	0.0820	0.2140	0.1452	0.4852
000730	K	0.001771	0.431668	0.380822	0.1532	0.1373	0.1430	0.0600	0.2079	0.1498	0.5067
000731	W	0.001956	0.411548	0.390928	0.2255	0.2292	0.1460	0.0520	0.2342	0.1401	0.5330
000732	L	0.002324	0.416324	0.400057	0.2558	0.2503	0.1430	0.0420	0.2446	0.1431	0.5597
000733	K	0.008810	0.409947	0.409102	0.2913	0.2951	0.1530	0.0400	0.2611	0.1423	0.5822
000734	V	0.020495	0.421030	0.420020	0.2820	0.2849	0.1780	0.0490	0.2677	0.1393	0.6066
000735	I	0.023043	0.429390	0.431843	0.3096	0.2884	0.1860	0.0400	0.2781	0.1421	0.6322
000736	L	0.024407	0.432689	0.447481	0.3096	0.3019	0.2070	0.0420	0.2871	0.1433	0.6491
000737	L	0.030863	0.430428	0.465329	0.3005	0.3019	0.2390	0.0530	0.2946	0.1416	0.6434
000738	A	0.081806	0.455174	0.486598	0.3992	0.3840	0.2870	0.0670	0.3490	0.1349	0.6250
000739	V	0.148890	0.471070	0.507828	0.4037	0.3910	0.3570	0.1020	0.3800	0.1149	0.6038
000740	T	0.236806	0.524873	0.529913	0.3992	0.4087	0.4120	0.1430	0.4185	0.0977	0.5794
000741	G	0.330240	0.556620	0.552216	0.4037	0.3948	0.4150	0.1660	0.4421	0.0839	0.5553
000742	E	0.419716	0.597905	0.575340	0.5084	0.4864	0.4240	0.1520	0.5019	0.0680	0.5304
000743	T	0.503605	0.630087	0.598924	0.5514	0.4864	0.4390	0.1310	0.5349	0.0658	0.5076
000744	P	0.603285	0.661678	0.622942	0.5583	0.5098	0.4660	0.1200	0.5703	0.0669	0.4964
000745	G	0.705005	0.693069	0.646149	0.5583	0.5951	0.5350	0.1030	0.6220	0.0645	0.4827
000746	G	0.804267	0.720519	0.668105	0.6219	0.6948	0.5590	0.1110	0.6781	0.0768	0.4711
000747	P	0.857287	0.742198	0.688497	0.6715	0.8013	0.5590	0.1250	0.7199	0.0960	0.4641
000748	N	0.890730	0.746360	0.708354	0.7232	0.8792	0.6040	0.1000	0.7587	0.0998	0.4642
000749	E	0.901937	0.759551	0.728704	0.7540	0.9106	0.6630	0.0630	0.7863	0.0905	0.4725
000750	H	0.909512	0.776835	0.750492	0.8118	0.9396	0.7090	0.0730	0.8162	0.0830	0.4872
000751	P	0.913245	0.789155	0.771499	0.8350	0.9346	0.7400	0.0730	0.8305	0.0721	0.4996
000752	A	0.909822	0.802826	0.792000	0.8158	0.9308	0.7670	0.0680	0.8364	0.0614	0.5085
000753	T	0.915853	0.820231	0.810482	0.7912	0.9249	0.7980	0.0760	0.8434	0.0553	0.5080
000754	L	0.920164	0.835843	0.827966	0.7817	0.9329	0.8390	0.0650	0.8562	0.0533	0.5105
000755	D	0.923225	0.851994	0.843041	0.7644	0.8765	0.7980	0.0800	0.8428	0.0514	0.4949
000756	D	0.929585	0.866837	0.854803	0.7772	0.8681	0.7620	0.1350	0.8431	0.0573	0.4791
000757	H	0.932653	0.875902	0.863910	0.7111	0.8655	0.9510	0.0330	0.8667	0.0772	0.4605
000758	P	0.930120	0.883543	0.870051	0.7232	0.8421	0.9380	0.0730	0.8645	0.0713	0.4320
000759	E	0.933955	0.890521	0.875124	0.7605	0.8279	0.9380	0.0780	0.8710	0.0618	0.3978
000760	P	0.922330	0.894680	0.879395	0.7912	0.8085	0.8890	0.1360	0.8642	0.0476	0.3583
000761	K	0.897621	0.902247	0.884899	0.8283	0.8013	0.8900	0.1140	0.8675	0.0384	0.3107
000762	K	0.812763	0.900104	0.892908	0.8424	0.7628	0.8780	0.1410	0.8482	0.0486	0.2825
000763	K	0.947237	0.905916	0.903208	0.8857	0.7916	0.8900	0.1240	0.8872	0.0472	0.2548
000764	S	0.793036	0.915424	0.915546	0.9162	0.7843	0.8870	0.1150	0.8686	0.0575	0.2344
000765	E	0.607474	0.922257	0.928883	0.9604	0.8853	0.8730	0.1040	0.8630	0.1178	0.2062
000766	C	0.211002	0.931198	0.936152	0.9713	0.8655	0.8720	0.1280	0.7978	0.2650	0.1910