RESNUM	RES	VL-XT	VSL2B	VL3	IUPred-S	IUPred-L	PONDRFIT	FITERROR	MDP	MDPERROR	ANCHOR2
000001	M	0.434950	0.963921	0.838899	0.9624	0.6269	0.9950	0.0040	0.8036	0.2065	0.8675
000002	A	0.250477	0.962611	0.839397	0.9423	0.6482	0.9950	0.0050	0.7730	0.2604	0.8383
000003	S	0.357534	0.961891	0.839761	0.9316	0.6806	0.9930	0.0050	0.7941	0.2207	0.8060
000004	N	0.542487	0.959199	0.840564	0.9141	0.6482	0.9890	0.0080	0.8156	0.1652	0.7816
000005	S	0.627385	0.956574	0.841327	0.8984	0.6620	0.9890	0.0070	0.8291	0.1387	0.7668
000006	W	0.678715	0.952350	0.842853	0.8556	0.6906	0.9860	0.0110	0.8344	0.1172	0.7477
000007	N	0.750113	0.951128	0.844213	0.8036	0.7120	0.9870	0.0090	0.8414	0.0998	0.6929
000008	A	0.816142	0.948811	0.845401	0.7869	0.7209	0.9900	0.0070	0.8514	0.0924	0.6558
000009	S	0.860714	0.942419	0.847024	0.7644	0.7672	0.9890	0.0090	0.8618	0.0830	0.6110
000010	S	0.890755	0.941923	0.848879	0.7317	0.7799	0.9860	0.0150	0.8633	0.0881	0.5742
000011	S	0.905915	0.939192	0.851594	0.7192	0.7843	0.9870	0.0170	0.8645	0.0913	0.5437
000012	P	0.909598	0.939440	0.854353	0.7458	0.7289	0.9860	0.0170	0.8606	0.0956	0.5182
000013	G	0.912687	0.936892	0.857208	0.7573	0.7628	0.9820	0.0150	0.8681	0.0848	0.5107
000014	E	0.917298	0.935240	0.858142	0.7147	0.7628	0.9640	0.0320	0.8587	0.0916	0.5125
000015	A	0.921949	0.929148	0.857292	0.7388	0.7505	0.9570	0.0370	0.8590	0.0862	0.5088
000016	R	0.930371	0.922926	0.855958	0.7232	0.6661	0.9500	0.0360	0.8414	0.1089	0.4962
000017	E	0.931472	0.914090	0.853898	0.7772	0.7916	0.9320	0.0420	0.8668	0.0640	0.4966
000018	D	0.935540	0.900035	0.851030	0.7342	0.7916	0.9240	0.0480	0.8560	0.0729	0.5083
000019	G	0.938624	0.885321	0.844583	0.7644	0.8235	0.9130	0.0600	0.8616	0.0582	0.5079
000020	P	0.945925	0.865345	0.836865	0.7573	0.7982	0.8760	0.0930	0.8466	0.0598	0.5137
000021	E	0.939246	0.852313	0.827816	0.7772	0.8050	0.8410	0.1290	0.8405	0.0505	0.5196
000022	G	0.934478	0.839878	0.816727	0.7605	0.8050	0.8390	0.1310	0.8325	0.0527	0.5243
000023	L	0.935850	0.822566	0.801527	0.7540	0.7120	0.8210	0.1420	0.8079	0.0694	0.5274
000024	D	0.936485	0.804242	0.782559	0.7540	0.5951	0.7960	0.1520	0.7781	0.1002	0.5256
000025	K	0.921038	0.782406	0.762044	0.6944	0.5854	0.7920	0.1510	0.7562	0.1018	0.5243
000026	G	0.916084	0.755926	0.741365	0.6474	0.6620	0.7930	0.1640	0.7527	0.0893	0.5273
000027	L	0.903323	0.730406	0.720818	0.6715	0.6755	0.7590	0.1840	0.7435	0.0778	0.5323
000028	D	0.881987	0.698591	0.700674	0.6789	0.5665	0.7470	0.1860	0.7123	0.0937	0.5286
000029	N	0.826983	0.667498	0.680813	0.6789	0.5665	0.7550	0.1930	0.6959	0.0804	0.5255
000030	D	0.804734	0.631538	0.660963	0.6174	0.5807	0.7340	0.2060	0.6715	0.0759	0.5292
000031	A	0.795810	0.613247	0.640974	0.6035	0.5456	0.7080	0.2110	0.6512	0.0807	0.5306
000032	E	0.785322	0.591123	0.620776	0.5992	0.4409	0.7140	0.2300	0.6252	0.1075	0.5266
000033	G	0.766460	0.573290	0.599344	0.5941	0.4507	0.7070	0.2160	0.6152	0.1007	0.5268
000034	V	0.767996	0.537109	0.577246	0.5711	0.5342	0.6600	0.1870	0.6080	0.0828	0.5279
000035	W	0.747642	0.521190	0.554677	0.5667	0.4940	0.6250	0.1770	0.5849	0.0833	0.5259
000036	S	0.688288	0.500543	0.532374	0.5941	0.4256	0.5950	0.1560	0.5561	0.0828	0.5176
000037	P	0.653971	0.495186	0.509230	0.5583	0.4051	0.5960	0.1860	0.5364	0.0791	0.5099
000038	D	0.665584	0.475951	0.485570	0.5412	0.4017	0.5320	0.2090	0.5170	0.0805	0.5017
000039	I	0.608970	0.459055	0.461646	0.4967	0.3149	0.5030	0.1980	0.4740	0.0869	0.4970
000040	E	0.535586	0.438190	0.437849	0.4282	0.3356	0.4120	0.1660	0.4313	0.0584	0.4918
000041	Q	0.461584	0.418758	0.413898	0.3263	0.3566	0.3720	0.1850	0.3915	0.0448	0.4863
000042	S	0.426593	0.392664	0.389108	0.3806	0.3182	0.3530	0.1770	0.3767	0.0339	0.4799
000043	F	0.394507	0.364483	0.363793	0.3992	0.3117	0.3570	0.1650	0.3651	0.0287	0.4742
000044	Q	0.360731	0.330833	0.339086	0.3399	0.3149	0.3180	0.1530	0.3339	0.0154	0.4639
000045	E	0.365187	0.303829	0.316661	0.3885	0.3704	0.2760	0.1370	0.3367	0.0405	0.4532
000046	A	0.353521	0.266336	0.296448	0.4420	0.4582	0.2490	0.1160	0.3443	0.0817	0.4434
000047	L	0.295160	0.223729	0.277711	0.4245	0.3840	0.2180	0.0850	0.3038	0.0770	0.4361
000048	A	0.295936	0.194231	0.261135	0.3847	0.2884	0.2120	0.0790	0.2727	0.0624	0.4281
000049	I	0.322475	0.181660	0.247564	0.2865	0.2164	0.2160	0.0800	0.2451	0.0473	0.4189
000050	Y	0.375429	0.176179	0.238141	0.2820	0.2849	0.2130	0.0740	0.2617	0.0634	0.4099
000051	P	0.406379	0.157645	0.231300	0.1921	0.2849	0.1980	0.0720	0.2450	0.0821	0.4034
000052	P	0.394278	0.157545	0.227193	0.1805	0.2849	0.2170	0.0730	0.2436	0.0783	0.3991
000053	C	0.367959	0.173114	0.227415	0.1766	0.2884	0.2290	0.0770	0.2437	0.0676	0.3977
000054	G	0.362962	0.184603	0.232938	0.2333	0.3740	0.1930	0.0720	0.2635	0.0765	0.4028
000055	R	0.410905	0.207722	0.244068	0.2167	0.3392	0.1800	0.0690	0.2664	0.0818	0.4081
000056	R	0.499405	0.241118	0.257943	0.2080	0.2541	0.1890	0.0650	0.2750	0.1033	0.4111
000057	K	0.587068	0.263717	0.273004	0.2080	0.2817	0.2040	0.0800	0.3030	0.1306	0.4125
000058	I	0.645025	0.274989	0.287028	0.2041	0.3494	0.2270	0.0830	0.3312	0.1478	0.4130
000059	I	0.661937	0.313890	0.299871	0.2255	0.3807	0.2270	0.0910	0.3515	0.1487	0.4150
000060	L	0.678291	0.354631	0.311004	0.3005	0.4619	0.2190	0.1010	0.3875	0.1490	0.4198
000061	S	0.737042	0.381736	0.320636	0.3806	0.4725	0.2310	0.1020	0.4207	0.1590	0.4263
000062	D	0.797333	0.408270	0.328169	0.3311	0.3704	0.2610	0.1100	0.4161	0.1763	0.4305
000063	E	0.791323	0.446272	0.335444	0.2255	0.3182	0.2770	0.1160	0.3990	0.1878	0.4328
000064	G	0.733006	0.438811	0.345137	0.2041	0.3840	0.2780	0.1270	0.3972	0.1678	0.4325
000065	K	0.669069	0.408408	0.359103	0.1766	0.3019	0.2980	0.1350	0.3689	0.1518	0.4304
000066	M	0.648669	0.398181	0.374941	0.1921	0.2292	0.3190	0.1480	0.3603	0.1483	0.4265
000067	Y	0.637559	0.383387	0.391704	0.1456	0.2258	0.3240	0.1680	0.3514	0.1546	0.4265
000068	G	0.631003	0.363723	0.408696	0.0991	0.1671	0.4330	0.2700	0.3504	0.1760	0.4304
000069	R	0.639509	0.351975	0.426408	0.1635	0.2328	0.5350	0.3250	0.3915	0.1643	0.4337
000070	N	0.633959	0.325759	0.443356	0.1566	0.3053	0.5590	0.2900	0.4041	0.1611	0.4325
000071	E	0.663016	0.284619	0.458764	0.2292	0.3740	0.5110	0.2580	0.4201	0.1447	0.4333
000072	L	0.740471	0.236882	0.474557	0.2209	0.3740	0.5660	0.3030	0.4355	0.1830	0.4302
000073	I	0.821138	0.221983	0.490161	0.2209	0.3667	0.5380	0.2740	0.4432	0.2075	0.4276
000074	A	0.902581	0.238209	0.505792	0.2333	0.3631	0.4370	0.2420	0.4466	0.2264	0.4274
000075	R	0.932355	0.216437	0.519390	0.2333	0.3631	0.2970	0.1660	0.4270	0.2472	0.4280
000076	Y	0.956480	0.228500	0.531535	0.2385	0.3704	0.2790	0.1390	0.4341	0.2552	0.4294
000077	I	0.982750	0.241698	0.542560	0.2558	0.3910	0.2680	0.1240	0.4470	0.2614	0.4327
000078	K	0.986156	0.288214	0.553104	0.3399	0.4831	0.2560	0.1110	0.4844	0.2477	0.4325
000079	L	0.993660	0.344931	0.563362	0.3491	0.4220	0.2860	0.1170	0.4932	0.2402	0.4316
000080	R	0.993118	0.413325	0.571910	0.3491	0.4186	0.3040	0.0940	0.5084	0.2321	0.4296
000081	T	0.995735	0.445265	0.579425	0.2786	0.4087	0.3800	0.1010	0.5146	0.2330	0.4271
000082	G	0.993518	0.492205	0.587007	0.2963	0.4051	0.4400	0.1250	0.5357	0.2227	0.4252
000083	K	0.991456	0.542704	0.594717	0.3717	0.4017	0.5020	0.1650	0.5673	0.2046	0.4253
000084	T	0.990258	0.569787	0.602535	0.4703	0.4864	0.6370	0.1860	0.6261	0.1733	0.4262
000085	R	0.987251	0.589477	0.609759	0.4078	0.4541	0.6900	0.1900	0.6230	0.1885	0.4276
000086	T	0.986957	0.631984	0.616120	0.4037	0.3840	0.7020	0.1920	0.6208	0.2017	0.4285
000087	R	0.987619	0.672811	0.620514	0.4078	0.4441	0.6750	0.1970	0.6346	0.1896	0.4310
000088	K	0.988272	0.645654	0.623031	0.4116	0.5211	0.6140	0.2140	0.6339	0.1772	0.4328
000089	Q	0.988495	0.582670	0.625853	0.3717	0.5211	0.5610	0.2380	0.6085	0.1877	0.4324
000090	V	0.988969	0.536177	0.628819	0.4651	0.6043	0.5160	0.2520	0.6232	0.1724	0.4296
000091	S	0.991133	0.484868	0.633393	0.4600	0.5296	0.4850	0.2490	0.5974	0.1848	0.4268
000092	S	0.990139	0.460391	0.639548	0.4749	0.5296	0.4480	0.2120	0.5904	0.1899	0.4240
000093	H	0.987311	0.433475	0.647882	0.4116	0.5419	0.4020	0.1790	0.5708	0.2053	0.4216
000094	I	0.929403	0.412718	0.655927	0.4245	0.4507	0.3530	0.1610	0.5377	0.1990	0.4223
000095	Q	0.832547	0.406790	0.662368	0.4203	0.4619	0.2950	0.1240	0.5131	0.1801	0.4231
000096	V	0.759340	0.404536	0.665517	0.3359	0.4017	0.3060	0.1160	0.4789	0.1709	0.4239
000097	L	0.692874	0.408924	0.667128	0.3491	0.4017	0.2840	0.0990	0.4673	0.1561	0.4250
000098	A	0.620660	0.444022	0.665930	0.2786	0.3249	0.2610	0.0960	0.4325	0.1606	0.4272
000099	R	0.541353	0.457425	0.664637	0.2748	0.3249	0.2650	0.1010	0.4214	0.1472	0.4287
000100	K	0.462970	0.462585	0.663180	0.1921	0.2918	0.2790	0.1090	0.3919	0.1562	0.4300
000101	K	0.428645	0.472105	0.663858	0.2700	0.3215	0.2730	0.1070	0.4049	0.1382	0.4313
000102	V	0.395292	0.469157	0.666679	0.2292	0.3356	0.3120	0.1150	0.4013	0.1397	0.4317
000103	R	0.419131	0.489751	0.669899	0.2041	0.2715	0.3080	0.1020	0.3938	0.1551	0.4322
000104	E	0.496252	0.493749	0.673099	0.1921	0.2817	0.2950	0.1080	0.4052	0.1637	0.4335
000105	Y	0.564930	0.479309	0.675142	0.1998	0.3631	0.2870	0.1050	0.4282	0.1626	0.4330
000106	Q	0.555021	0.482806	0.676290	0.2080	0.2918	0.2570	0.0920	0.4117	0.1710	0.4331
000107	V	0.551290	0.507230	0.677997	0.2748	0.3426	0.2510	0.0970	0.4341	0.1559	0.4330
000108	G	0.547004	0.545943	0.678703	0.2700	0.4087	0.2450	0.1060	0.4493	0.1565	0.4328
000109	I	0.537648	0.527601	0.679554	0.3005	0.4507	0.2490	0.1020	0.4575	0.1466	0.4316
000110	K	0.464717	0.543354	0.680404	0.2963	0.4441	0.2450	0.1050	0.4456	0.1458	0.4305
000111	A	0.391870	0.564843	0.683607	0.3005	0.4220	0.2740	0.1070	0.4395	0.1440	0.4294
000112	M	0.330415	0.585413	0.688674	0.3005	0.3529	0.3140	0.1110	0.4287	0.1512	0.4283
000113	N	0.250885	0.626447	0.692748	0.3225	0.4186	0.3690	0.1050	0.4466	0.1600	0.4282
000114	L	0.166631	0.607542	0.695261	0.2385	0.4119	0.4040	0.0980	0.4206	0.1864	0.4279
000115	D	0.152416	0.653945	0.695559	0.2531	0.3704	0.4530	0.1030	0.4297	0.1971	0.4280
000116	Q	0.161988	0.674759	0.694998	0.3263	0.4292	0.5320	0.0930	0.4699	0.1887	0.4277
000117	V	0.215954	0.709389	0.693781	0.2913	0.4119	0.5610	0.0840	0.4805	0.1892	0.4263
000118	S	0.273999	0.731024	0.693798	0.3184	0.4409	0.5300	0.0890	0.4980	0.1729	0.4255
000119	K	0.355725	0.751521	0.694918	0.3184	0.4330	0.5660	0.0920	0.5199	0.1641	0.4232
000120	D	0.418680	0.764821	0.696314	0.3630	0.5055	0.6120	0.0820	0.5601	0.1443	0.4215
000121	K	0.479026	0.777976	0.697405	0.3535	0.4801	0.6400	0.0990	0.5713	0.1458	0.4194
000122	A	0.571435	0.788974	0.697854	0.3885	0.5176	0.6840	0.1030	0.6080	0.1318	0.4175
000123	L	0.652254	0.800268	0.698517	0.3762	0.4582	0.7190	0.1130	0.6174	0.1501	0.4162
000124	Q	0.739179	0.807872	0.699517	0.3762	0.3807	0.7290	0.1200	0.6220	0.1753	0.4151
000125	S	0.798075	0.811376	0.700735	0.3885	0.4476	0.7480	0.1030	0.6491	0.1681	0.4142
000126	M	0.820930	0.813910	0.700276	0.3184	0.4017	0.7430	0.1060	0.6331	0.1988	0.4119
000127	A	0.848793	0.814641	0.698481	0.3184	0.3872	0.7340	0.0910	0.6336	0.2055	0.4126
000128	S	0.875849	0.828777	0.696143	0.3578	0.3840	0.7360	0.0900	0.6464	0.2035	0.4146
000129	M	0.921071	0.844349	0.696171	0.3491	0.3117	0.7900	0.0780	0.6521	0.2373	0.4161
000130	S	0.917546	0.856082	0.697082	0.2786	0.3249	0.7380	0.1000	0.6354	0.2471	0.4194
000131	S	0.892060	0.853638	0.698457	0.2041	0.3182	0.7300	0.1030	0.6161	0.2617	0.4224
000132	A	0.876218	0.825363	0.699027	0.2122	0.3182	0.7400	0.1120	0.6119	0.2535	0.4248
000133	Q	0.867850	0.842008	0.698032	0.2558	0.2470	0.7420	0.1020	0.6088	0.2591	0.4272
000134	I	0.867593	0.839335	0.696121	0.3263	0.3149	0.7960	0.0730	0.6400	0.2320	0.4273
000135	V	0.868717	0.845868	0.694367	0.2255	0.3249	0.7230	0.1180	0.6137	0.2488	0.4272
000136	S	0.859581	0.877711	0.694673	0.2209	0.3529	0.6010	0.0920	0.6011	0.2444	0.4280
000137	A	0.853229	0.857692	0.697560	0.2786	0.3807	0.5630	0.0750	0.6051	0.2209	0.4285
000138	S	0.844698	0.871512	0.701546	0.3399	0.4256	0.5130	0.0640	0.6160	0.2033	0.4283
000139	V	0.876130	0.878696	0.707439	0.3359	0.3566	0.5650	0.0940	0.6200	0.2211	0.4278
000140	L	0.892334	0.909369	0.713658	0.3885	0.4119	0.6240	0.0930	0.6567	0.2064	0.4268
000141	Q	0.811265	0.921471	0.719351	0.3225	0.4220	0.6440	0.1080	0.6402	0.2094	0.4265
000142	N	0.725921	0.933405	0.723148	0.3456	0.3983	0.6790	0.1270	0.6343	0.2028	0.4266
000143	K	0.631983	0.938358	0.725297	0.4037	0.3631	0.6870	0.1060	0.6249	0.1957	0.4276
000144	F	0.540119	0.943339	0.727427	0.3630	0.2575	0.6920	0.0940	0.5872	0.2305	0.4282
000145	S	0.453508	0.946649	0.729325	0.3717	0.3321	0.6260	0.0830	0.5765	0.2159	0.4291
000146	P	0.356067	0.947630	0.731151	0.3668	0.4017	0.6230	0.0840	0.5711	0.2186	0.4301
000147	P	0.256160	0.946902	0.733155	0.3668	0.4017	0.6400	0.0960	0.5574	0.2383	0.4302
000148	S	0.155832	0.945964	0.735865	0.4037	0.4256	0.6680	0.1030	0.5557	0.2573	0.4311
000149	P	0.061579	0.945610	0.739027	0.4037	0.4369	0.6730	0.0860	0.5433	0.2828	0.4329
000150	L	0.055769	0.947615	0.742220	0.4600	0.3983	0.6580	0.0990	0.5437	0.2834	0.4351
000151	P	0.058591	0.946556	0.744963	0.5331	0.3704	0.5640	0.0950	0.5363	0.2794	0.4359
000152	Q	0.073530	0.944077	0.747301	0.4556	0.3566	0.5940	0.0720	0.5285	0.2789	0.4376
000153	A	0.065617	0.943292	0.749342	0.3668	0.3392	0.6340	0.0760	0.5164	0.2908	0.4391
000154	V	0.053654	0.944522	0.751065	0.3630	0.3631	0.6470	0.0920	0.5203	0.2934	0.4411
000155	F	0.048987	0.940281	0.753793	0.4513	0.4901	0.6000	0.0860	0.5474	0.2771	0.4424
000156	S	0.049040	0.929204	0.757193	0.4879	0.4186	0.5810	0.1000	0.5371	0.2765	0.4424
000157	T	0.050002	0.934437	0.762396	0.4879	0.3249	0.6310	0.0950	0.5318	0.2893	0.4431
000158	S	0.050944	0.931642	0.768712	0.4078	0.3087	0.6190	0.0990	0.5145	0.2939	0.4433
000159	S	0.051820	0.931061	0.776517	0.3630	0.3215	0.6050	0.1330	0.5082	0.2957	0.4451
000160	R	0.037858	0.938405	0.784486	0.3535	0.3087	0.6370	0.1270	0.5100	0.3063	0.4486
000161	F	0.019553	0.939250	0.792078	0.4513	0.4051	0.6420	0.1000	0.5416	0.2973	0.4504
000162	W	0.108982	0.933140	0.799293	0.4600	0.3872	0.6170	0.1050	0.5510	0.2716	0.4523
000163	S	0.176966	0.940731	0.805799	0.4651	0.4017	0.5450	0.0960	0.5558	0.2537	0.4542
000164	S	0.223055	0.943539	0.812343	0.5008	0.4256	0.5370	0.0690	0.5738	0.2399	0.4554
000165	P	0.238200	0.946574	0.819021	0.5846	0.5017	0.5280	0.0440	0.6030	0.2288	0.4560
000166	P	0.260598	0.948217	0.826380	0.6442	0.6531	0.5770	0.0780	0.6516	0.2149	0.4575
000167	L	0.260179	0.950229	0.833752	0.6650	0.5493	0.7120	0.0770	0.6617	0.2196	0.4625
000168	L	0.318012	0.954363	0.840894	0.6944	0.5419	0.7550	0.0600	0.6841	0.2070	0.4646
000169	G	0.420556	0.954770	0.847368	0.6442	0.5758	0.7250	0.0730	0.6946	0.1750	0.4642
000170	Q	0.522477	0.958663	0.853516	0.6474	0.4652	0.7490	0.0760	0.6995	0.1743	0.4626
000171	Q	0.532300	0.960815	0.859217	0.6557	0.4330	0.7540	0.0780	0.6991	0.1815	0.4595
000172	P	0.549162	0.959866	0.864725	0.6604	0.5533	0.7800	0.0780	0.7279	0.1540	0.4571
000173	G	0.588183	0.959952	0.869658	0.7147	0.7250	0.7800	0.1010	0.7729	0.1185	0.4575
000174	P	0.660069	0.961264	0.874101	0.7418	0.6991	0.7300	0.1120	0.7776	0.1054	0.4564
000175	S	0.738991	0.962553	0.877668	0.7605	0.5854	0.7820	0.1250	0.7845	0.1174	0.4577
000176	Q	0.845955	0.962965	0.880661	0.7147	0.5854	0.8080	0.1260	0.7997	0.1215	0.4588
000177	D	0.896807	0.962387	0.883285	0.6293	0.4652	0.8230	0.1340	0.7767	0.1738	0.4591
000178	I	0.899282	0.961185	0.885562	0.6906	0.5533	0.8260	0.1360	0.8027	0.1394	0.4564
000179	K	0.899331	0.958623	0.886117	0.6827	0.6851	0.7980	0.1440	0.8184	0.1060	0.4536
000180	P	0.904342	0.951073	0.884704	0.6984	0.7120	0.7780	0.1460	0.8214	0.0972	0.4527
000181	F	0.924507	0.949748	0.882091	0.6870	0.5992	0.8440	0.1150	0.8144	0.1281	0.4527
000182	A	0.928574	0.937410	0.879171	0.6789	0.6183	0.7780	0.1470	0.8034	0.1223	0.4514
000183	Q	0.938336	0.935630	0.877332	0.6035	0.6183	0.7110	0.1590	0.7806	0.1419	0.4496
000184	P	0.943212	0.929379	0.875712	0.6124	0.6183	0.7010	0.1450	0.7801	0.1405	0.4464
000185	A	0.938035	0.923987	0.873746	0.6124	0.4979	0.7120	0.1260	0.7596	0.1655	0.4442
000186	Y	0.937877	0.928696	0.870908	0.6174	0.4979	0.7490	0.1230	0.7670	0.1639	0.4409
000187	P	0.940149	0.923988	0.868841	0.5331	0.4831	0.7400	0.1340	0.7481	0.1821	0.4376
000188	I	0.943809	0.927361	0.867984	0.5043	0.3774	0.7330	0.1270	0.7256	0.2156	0.4353
000189	Q	0.945247	0.924643	0.866131	0.5623	0.4725	0.6570	0.1320	0.7379	0.1836	0.4338
000190	P	0.950005	0.911650	0.862137	0.4879	0.4979	0.6430	0.1370	0.7255	0.1910	0.4326
000191	P	0.970807	0.910078	0.856982	0.4825	0.3948	0.6850	0.1070	0.7167	0.2165	0.4318
000192	L	0.984477	0.917839	0.851186	0.5583	0.4685	0.6980	0.0820	0.7464	0.1880	0.4319
000193	P	0.988273	0.919674	0.845948	0.5126	0.5211	0.6490	0.0920	0.7395	0.1884	0.4322
000194	P	0.996876	0.914922	0.840548	0.4556	0.4292	0.6830	0.0830	0.7200	0.2180	0.4329
000195	T	0.998277	0.907556	0.835499	0.4556	0.4292	0.7310	0.0600	0.7261	0.2161	0.4336
000196	L	0.999675	0.899939	0.828244	0.4037	0.4476	0.7540	0.0610	0.7222	0.2228	0.4338
000197	S	0.999676	0.883665	0.817854	0.4967	0.5098	0.7180	0.0640	0.7377	0.1856	0.4334
000198	S	0.999596	0.877062	0.802821	0.4749	0.4582	0.7150	0.0700	0.7213	0.1993	0.4326
000199	Y	0.999587	0.867023	0.784336	0.5043	0.5176	0.7130	0.0760	0.7310	0.1783	0.4314
000200	E	0.999574	0.847451	0.763458	0.4420	0.4979	0.6940	0.0670	0.7074	0.1926	0.4292
000201	P	0.995427	0.831988	0.742630	0.3885	0.4087	0.7020	0.0620	0.6782	0.2182	0.4273
000202	L	0.991762	0.818211	0.721742	0.3668	0.4087	0.6820	0.0730	0.6649	0.2192	0.4249
000203	A	0.989529	0.787378	0.700682	0.3535	0.4186	0.6320	0.0750	0.6470	0.2154	0.4231
000204	P	0.981419	0.771543	0.681074	0.3535	0.2951	0.6240	0.0850	0.6178	0.2359	0.4203
000205	L	0.966812	0.754338	0.662909	0.2558	0.2849	0.6650	0.0750	0.5983	0.2531	0.4175
000206	P	0.940285	0.718604	0.645408	0.1566	0.2988	0.6480	0.0710	0.5679	0.2631	0.4182
000207	S	0.917394	0.687009	0.625939	0.2209	0.3740	0.5930	0.0950	0.5698	0.2230	0.4170
000208	A	0.885446	0.670368	0.605675	0.2432	0.3807	0.5480	0.1180	0.5555	0.2052	0.4154
000209	A	0.873450	0.665655	0.584650	0.2385	0.3053	0.5060	0.1050	0.5289	0.2142	0.4146
000210	A	0.863266	0.659353	0.564328	0.3184	0.3667	0.4540	0.1190	0.5376	0.1852	0.4140
000211	S	0.812540	0.625406	0.542921	0.2209	0.3460	0.4560	0.0980	0.5007	0.1909	0.4151
000212	V	0.796786	0.618829	0.520981	0.1766	0.3182	0.4540	0.1050	0.4809	0.2001	0.4170
000213	P	0.741804	0.580077	0.497921	0.2385	0.3948	0.3600	0.1060	0.4688	0.1624	0.4198
000214	V	0.663962	0.566140	0.474158	0.2657	0.3460	0.3400	0.0980	0.4426	0.1393	0.4204
000215	W	0.598355	0.529811	0.450768	0.2385	0.3249	0.3450	0.0930	0.4146	0.1240	0.4188
000216	Q	0.529715	0.503404	0.428211	0.2292	0.3286	0.2710	0.0870	0.3817	0.1135	0.4181
000217	D	0.473608	0.497828	0.405717	0.2080	0.2328	0.2670	0.0840	0.3475	0.1162	0.4131
000218	R	0.394047	0.451469	0.382218	0.1416	0.2575	0.2800	0.0890	0.3177	0.1033	0.4107
000219	T	0.309022	0.433587	0.356976	0.1060	0.1942	0.2610	0.0600	0.2768	0.1067	0.4086
000220	I	0.261912	0.402141	0.333157	0.1322	0.2129	0.2490	0.0480	0.2652	0.0857	0.4053
000221	A	0.183863	0.363054	0.310902	0.0991	0.2129	0.2520	0.0620	0.2370	0.0856	0.4016
000222	S	0.157477	0.347012	0.289179	0.0991	0.1275	0.3130	0.0670	0.2221	0.0971	0.3983
000223	S	0.160452	0.355405	0.266909	0.1292	0.1476	0.2970	0.0770	0.2261	0.0850	0.3925
000224	R	0.162129	0.343742	0.243469	0.0643	0.1424	0.3010	0.0740	0.2095	0.0961	0.3846
000225	L	0.164274	0.318500	0.221147	0.0789	0.1424	0.2730	0.0570	0.1997	0.0807	0.3765
000226	R	0.166082	0.309624	0.200497	0.1566	0.2436	0.2240	0.0620	0.2167	0.0514	0.3724
000227	L	0.169824	0.292443	0.182803	0.0991	0.2292	0.2410	0.0700	0.2024	0.0611	0.3665
000228	L	0.181238	0.259139	0.168320	0.0965	0.2292	0.1860	0.0690	0.1867	0.0509	0.3653
000229	E	0.188413	0.252260	0.157416	0.0965	0.2503	0.1250	0.0490	0.1782	0.0588	0.3668
000230	Y	0.190144	0.251227	0.149903	0.1018	0.2609	0.1170	0.0350	0.1784	0.0616	0.3692
000231	S	0.188433	0.239481	0.145200	0.1805	0.3460	0.1080	0.0360	0.2012	0.0763	0.3705
000232	A	0.186108	0.228543	0.141142	0.2167	0.2849	0.1630	0.0780	0.2034	0.0470	0.3728
000233	F	0.173176	0.240501	0.138082	0.2209	0.2817	0.1990	0.0850	0.2089	0.0462	0.3749
000234	M	0.153004	0.261523	0.134837	0.1532	0.2817	0.2220	0.0680	0.2011	0.0571	0.3796
000235	E	0.129856	0.304724	0.130002	0.1602	0.2783	0.2230	0.0720	0.2044	0.0694	0.3908
000236	V	0.107126	0.356217	0.122948	0.2292	0.2783	0.2420	0.1010	0.2226	0.0863	0.4025
000237	Q	0.088916	0.411445	0.115602	0.2292	0.1791	0.2820	0.1110	0.2178	0.1083	0.4090
000238	R	0.076402	0.461368	0.110809	0.2333	0.1852	0.2980	0.1150	0.2275	0.1278	0.4136
000239	D	0.064126	0.477456	0.107836	0.2255	0.2541	0.2890	0.1280	0.2363	0.1338	0.4139
000240	P	0.062324	0.462448	0.105989	0.1602	0.1643	0.2470	0.1100	0.2004	0.1302	0.4136
000241	D	0.060343	0.461247	0.105400	0.2292	0.2541	0.2190	0.1080	0.2215	0.1278	0.4100
000242	T	0.056197	0.454855	0.107794	0.1566	0.2680	0.2160	0.1060	0.2100	0.1293	0.4083
000243	Y	0.059652	0.408254	0.113283	0.1844	0.2988	0.1860	0.0860	0.2084	0.1157	0.4065
000244	S	0.059331	0.363218	0.120167	0.2913	0.4149	0.1380	0.0650	0.2311	0.1325	0.4050
000245	K	0.059119	0.314981	0.126810	0.3263	0.4766	0.1150	0.0470	0.2364	0.1473	0.4018
000246	H	0.054460	0.250665	0.131293	0.3225	0.4292	0.0870	0.0260	0.2126	0.1340	0.3939
000247	L	0.050475	0.215828	0.134890	0.4245	0.3910	0.0920	0.0310	0.2181	0.1435	0.3867
000248	F	0.046170	0.187431	0.139758	0.3806	0.3740	0.0830	0.0270	0.2018	0.1317	0.3842
000249	V	0.028180	0.178389	0.145883	0.3096	0.3872	0.0900	0.0300	0.1899	0.1235	0.3881
000250	H	0.017252	0.189546	0.152008	0.3053	0.3910	0.1120	0.0480	0.1946	0.1231	0.3946
000251	I	0.018379	0.216962	0.156629	0.2820	0.3910	0.1380	0.0550	0.2005	0.1170	0.4016
000252	G	0.021513	0.238008	0.161445	0.3096	0.2988	0.1570	0.0560	0.1977	0.0987	0.4114
000253	Q	0.048180	0.281985	0.168268	0.3399	0.3087	0.1610	0.0560	0.2180	0.1014	0.4194
000254	T	0.079129	0.322846	0.179236	0.3456	0.3704	0.1650	0.0760	0.2437	0.1081	0.4276
000255	N	0.122833	0.374223	0.195096	0.3535	0.3117	0.1700	0.0860	0.2546	0.0961	0.4331
000256	P	0.172794	0.404590	0.214905	0.3311	0.3356	0.1810	0.1010	0.2733	0.0880	0.4265
000257	A	0.224388	0.440476	0.235348	0.2748	0.2783	0.1740	0.0850	0.2711	0.0834	0.4191
000258	F	0.273488	0.445681	0.254636	0.3630	0.3494	0.1530	0.0640	0.3065	0.0929	0.4105
000259	S	0.306656	0.446571	0.271914	0.3939	0.4652	0.1300	0.0570	0.3357	0.1154	0.4008
000260	D	0.348488	0.442207	0.288112	0.4600	0.4476	0.1280	0.0600	0.3525	0.1176	0.3945
000261	P	0.355309	0.418879	0.301609	0.4918	0.3599	0.1210	0.0480	0.3414	0.1151	0.3900
000262	P	0.348044	0.411955	0.313510	0.5008	0.4582	0.0980	0.0320	0.3551	0.1309	0.3862
000263	L	0.350258	0.381699	0.324190	0.4203	0.4476	0.0840	0.0300	0.3346	0.1195	0.3853
000264	E	0.323204	0.365353	0.332902	0.4203	0.3249	0.0750	0.0300	0.3069	0.1091	0.3813
000265	A	0.304544	0.339974	0.339000	0.4203	0.3426	0.0710	0.0260	0.3029	0.1094	0.3807
000266	V	0.281794	0.291996	0.341928	0.3311	0.3426	0.0680	0.0240	0.2762	0.0961	0.3795
000267	D	0.263789	0.268681	0.344041	0.3263	0.3149	0.0680	0.0210	0.2642	0.0926	0.3801
000268	V	0.243178	0.262977	0.345102	0.3630	0.3356	0.0700	0.0220	0.2700	0.0995	0.3785
000269	R	0.214544	0.243546	0.344717	0.4282	0.4409	0.0720	0.0240	0.2906	0.1293	0.3770
000270	Q	0.214133	0.216856	0.342985	0.4149	0.4441	0.0740	0.0220	0.2845	0.1290	0.3787
000271	I	0.211231	0.239946	0.340290	0.4116	0.3494	0.0820	0.0240	0.2724	0.1088	0.3795
000272	Y	0.187664	0.297706	0.336443	0.3762	0.3215	0.1090	0.0370	0.2714	0.0929	0.3782
000273	D	0.177957	0.341467	0.332345	0.2657	0.3149	0.1470	0.0430	0.2633	0.0756	0.3737
000274	K	0.185418	0.406700	0.327831	0.3263	0.3117	0.1740	0.0490	0.2886	0.0830	0.3667
000275	F	0.197990	0.481427	0.325127	0.3311	0.2094	0.1910	0.0480	0.2894	0.1035	0.3665
000276	P	0.170391	0.535311	0.325093	0.2786	0.2503	0.1570	0.0370	0.2860	0.1259	0.3598
000277	E	0.155839	0.575716	0.329169	0.2602	0.3087	0.1760	0.0400	0.3009	0.1383	0.3547
000278	K	0.143025	0.619607	0.335009	0.2602	0.2951	0.2000	0.0640	0.3087	0.1523	0.3461
000279	K	0.133053	0.615844	0.338166	0.3096	0.3740	0.2100	0.0720	0.3300	0.1513	0.3426
000280	G	0.115550	0.586389	0.338706	0.3096	0.3948	0.2450	0.0830	0.3316	0.1436	0.3433
000281	G	0.106176	0.563770	0.337742	0.3184	0.3948	0.2520	0.0860	0.3288	0.1386	0.3433
000282	L	0.099420	0.546338	0.336691	0.4203	0.4441	0.2630	0.1000	0.3516	0.1431	0.3426
000283	K	0.060653	0.546904	0.333321	0.5008	0.4186	0.2750	0.1100	0.3558	0.1611	0.3404
000284	E	0.019166	0.561849	0.326963	0.4458	0.2951	0.2550	0.1170	0.3174	0.1681	0.3486
000285	L	0.015588	0.581010	0.316841	0.3717	0.2224	0.2560	0.1290	0.2939	0.1698	0.3614
000286	Y	0.011210	0.544041	0.302047	0.3762	0.2680	0.2440	0.1140	0.2909	0.1594	0.3712
000287	E	0.006164	0.523319	0.282873	0.2820	0.2436	0.1900	0.0800	0.2546	0.1526	0.3853
000288	K	0.001705	0.466296	0.261558	0.2041	0.1323	0.1580	0.0650	0.2040	0.1416	0.3941
000289	G	0.001350	0.401961	0.240503	0.2041	0.0719	0.1310	0.0560	0.1752	0.1287	0.4112
000290	P	0.000870	0.339881	0.220776	0.1456	0.0618	0.1050	0.0590	0.1457	0.1103	0.4334
000291	P	0.000419	0.278803	0.202892	0.0935	0.0646	0.0800	0.0450	0.1200	0.0929	0.4133
000292	N	0.000160	0.219230	0.187545	0.0723	0.0380	0.0620	0.0320	0.0965	0.0794	0.3915
000293	A	0.000056	0.158309	0.172979	0.1266	0.0676	0.0450	0.0200	0.0951	0.0624	0.3635
000294	F	0.000036	0.104804	0.158483	0.0858	0.0676	0.0350	0.0120	0.0752	0.0505	0.3361
000295	F	0.000061	0.077792	0.144876	0.0789	0.0631	0.0270	0.0070	0.0653	0.0454	0.3242
000296	L	0.000086	0.076138	0.133734	0.1205	0.0605	0.0240	0.0050	0.0691	0.0479	0.3243
000297	V	0.000110	0.073515	0.125735	0.1766	0.1070	0.0220	0.0060	0.0842	0.0603	0.3290
000298	K	0.000125	0.067528	0.119413	0.1117	0.1070	0.0220	0.0060	0.0713	0.0460	0.3381
000299	F	0.000138	0.068555	0.114274	0.1266	0.1092	0.0270	0.0060	0.0743	0.0471	0.3393
000300	W	0.000143	0.082227	0.110545	0.1416	0.1229	0.0380	0.0070	0.0826	0.0494	0.3509
000301	A	0.000143	0.084995	0.108065	0.1178	0.1092	0.0470	0.0100	0.0779	0.0419	0.3813
000302	D	0.000146	0.115663	0.106802	0.1117	0.0799	0.0640	0.0150	0.0797	0.0401	0.4145
000303	L	0.000151	0.154026	0.106121	0.1088	0.0364	0.0940	0.0240	0.0832	0.0507	0.4144
000304	N	0.000140	0.184482	0.104958	0.1060	0.0258	0.1290	0.0330	0.0916	0.0620	0.3755
000305	S	0.000384	0.212855	0.105343	0.0991	0.0518	0.1680	0.0460	0.1062	0.0700	0.3457
000306	T	0.003315	0.259436	0.106718	0.0909	0.0676	0.1920	0.0430	0.1200	0.0837	0.3258
000307	I	0.037685	0.303391	0.107958	0.1292	0.1028	0.2150	0.0430	0.1494	0.0864	0.3164
000308	Q	0.081668	0.325380	0.108671	0.1205	0.1424	0.2370	0.0490	0.1692	0.0850	0.3071
000309	E	0.148131	0.362760	0.110824	0.1205	0.1501	0.2390	0.0650	0.1885	0.0882	0.3005
000310	G	0.235330	0.403198	0.116119	0.1732	0.1702	0.2570	0.0750	0.2258	0.0917	0.2888
000311	P	0.306650	0.396867	0.123653	0.2531	0.2645	0.2490	0.0740	0.2656	0.0812	0.2843
000312	G	0.377969	0.372487	0.133995	0.1998	0.2918	0.2400	0.0740	0.2694	0.0884	0.2886
000313	A	0.450912	0.386001	0.148150	0.1805	0.2503	0.2230	0.0750	0.2732	0.1092	0.2937
000314	F	0.535975	0.397391	0.163737	0.2483	0.3356	0.2350	0.0850	0.3194	0.1222	0.3004
000315	Y	0.603291	0.398909	0.177999	0.2080	0.3182	0.2380	0.0850	0.3241	0.1448	0.2990
000316	G	0.663556	0.432223	0.189233	0.2333	0.2817	0.2280	0.0660	0.3380	0.1649	0.2881
000317	V	0.695855	0.486642	0.197994	0.2292	0.2817	0.2680	0.0790	0.3599	0.1765	0.2786
000318	S	0.688367	0.526130	0.206047	0.2748	0.2817	0.2900	0.0930	0.3778	0.1711	0.2641
000319	S	0.651601	0.548376	0.214769	0.2531	0.2715	0.3270	0.1070	0.3778	0.1633	0.2586
000320	Q	0.585383	0.597039	0.226631	0.1667	0.1942	0.3320	0.0960	0.3503	0.1779	0.2538
000321	Y	0.615908	0.658235	0.239797	0.1667	0.1881	0.3520	0.0730	0.3702	0.1980	0.2521
000322	S	0.637643	0.670580	0.252441	0.1041	0.1731	0.3750	0.0630	0.3689	0.2181	0.2452
000323	S	0.651336	0.711061	0.262828	0.1041	0.1671	0.3860	0.0800	0.3804	0.2304	0.2405
000324	A	0.587927	0.722719	0.269864	0.1240	0.1399	0.3690	0.1140	0.3689	0.2219	0.2354
000325	D	0.498271	0.706627	0.274541	0.1878	0.1702	0.3510	0.1340	0.3647	0.1881	0.2304
000326	S	0.422617	0.655964	0.277780	0.2122	0.2436	0.3430	0.1350	0.3591	0.1494	0.2270
000327	M	0.364283	0.605331	0.281128	0.1602	0.1449	0.3440	0.1200	0.3167	0.1536	0.2285
000328	T	0.317154	0.559395	0.284774	0.2209	0.2002	0.3070	0.1140	0.3150	0.1174	0.2267
000329	I	0.313810	0.495689	0.288847	0.1416	0.2002	0.2870	0.0890	0.2878	0.1103	0.2248
000330	S	0.214396	0.452961	0.293851	0.1456	0.2129	0.2280	0.0500	0.2579	0.0973	0.2160
000331	V	0.120407	0.427982	0.299369	0.1380	0.1501	0.2160	0.0440	0.2254	0.1087	0.2070
000332	S	0.022058	0.404794	0.304264	0.2167	0.1671	0.2230	0.0430	0.2231	0.1178	0.1991
000333	T	0.015710	0.360166	0.308734	0.1698	0.1823	0.2300	0.0510	0.2110	0.1102	0.1959
000334	K	0.011213	0.347156	0.312714	0.1322	0.1823	0.2120	0.0540	0.1996	0.1118	0.1929
000335	V	0.013050	0.344361	0.316395	0.1635	0.1528	0.1940	0.0600	0.1974	0.1102	0.1919
000336	C	0.013012	0.323971	0.316764	0.1456	0.1554	0.1880	0.0650	0.1905	0.1069	0.1933
000337	S	0.010180	0.317720	0.313930	0.1060	0.1643	0.2040	0.0770	0.1860	0.1094	0.1977
000338	F	0.014921	0.330521	0.308623	0.1292	0.2094	0.2270	0.0980	0.2032	0.1071	0.2013
000339	G	0.016076	0.347873	0.301065	0.1322	0.1349	0.2320	0.1000	0.1940	0.1122	0.2035
000340	K	0.022725	0.338813	0.290934	0.1878	0.1759	0.2340	0.0970	0.2084	0.1004	0.2077
000341	Q	0.050462	0.341761	0.279348	0.1240	0.1823	0.2480	0.0970	0.2043	0.0975	0.2163
000342	V	0.083156	0.364435	0.267467	0.1380	0.1702	0.2180	0.0820	0.2069	0.0913	0.2272
000343	V	0.161721	0.379385	0.255594	0.1380	0.1852	0.2190	0.0880	0.2232	0.0795	0.2367
000344	E	0.211122	0.390484	0.242061	0.0858	0.1942	0.2250	0.1000	0.2248	0.0896	0.2408
000345	K	0.285705	0.417266	0.229203	0.0909	0.1969	0.2250	0.0980	0.2408	0.0983	0.2422
000346	V	0.300011	0.427120	0.218015	0.1322	0.2609	0.2290	0.1030	0.2613	0.0900	0.2414
000347	E	0.358400	0.404655	0.210052	0.1805	0.2224	0.1970	0.0830	0.2621	0.0864	0.2394
000348	T	0.413486	0.403457	0.206176	0.1844	0.1671	0.1520	0.0530	0.2545	0.1102	0.2374
000349	E	0.461605	0.398704	0.203228	0.1844	0.1881	0.1270	0.0410	0.2606	0.1235	0.2368
000350	Y	0.486109	0.370224	0.198878	0.1349	0.1914	0.1040	0.0390	0.2476	0.1359	0.2395
000351	A	0.488667	0.340054	0.190313	0.0858	0.1275	0.0820	0.0260	0.2191	0.1489	0.2433
000352	R	0.434376	0.324419	0.180039	0.0832	0.1229	0.0690	0.0150	0.2023	0.1338	0.2483
000353	L	0.409034	0.292109	0.170270	0.0677	0.1731	0.0740	0.0140	0.1977	0.1205	0.2494
000354	E	0.350429	0.265174	0.162290	0.0991	0.2292	0.0680	0.0150	0.1957	0.0972	0.2502
000355	N	0.356451	0.248814	0.158395	0.0935	0.2364	0.0710	0.0170	0.1940	0.0981	0.2543
000356	G	0.303302	0.235476	0.157955	0.0991	0.2002	0.0640	0.0130	0.1766	0.0808	0.2602
000357	R	0.261338	0.205448	0.159534	0.1532	0.1969	0.0590	0.0130	0.1725	0.0619	0.2732
000358	F	0.221461	0.189112	0.160844	0.1178	0.1969	0.0590	0.0140	0.1575	0.0547	0.2831
000359	V	0.183039	0.171494	0.160606	0.0813	0.1229	0.0550	0.0150	0.1291	0.0474	0.2886
000360	Y	0.157879	0.165075	0.159522	0.0813	0.0909	0.0570	0.0190	0.1185	0.0436	0.2941
000361	R	0.139446	0.157290	0.157215	0.0789	0.0929	0.0570	0.0180	0.1137	0.0395	0.3034
000362	I	0.118024	0.158073	0.154394	0.0789	0.1184	0.0540	0.0160	0.1136	0.0375	0.3083
000363	H	0.103507	0.159840	0.151526	0.0464	0.0581	0.0510	0.0120	0.0951	0.0468	0.3095
000364	R	0.082784	0.171767	0.148572	0.0789	0.0581	0.0520	0.0130	0.0987	0.0453	0.3088
000365	S	0.071093	0.174854	0.146447	0.0395	0.0531	0.0540	0.0150	0.0898	0.0516	0.3048
000366	P	0.054420	0.169120	0.144965	0.0200	0.0463	0.0490	0.0160	0.0806	0.0555	0.3020
000367	M	0.039073	0.164236	0.144784	0.0194	0.0281	0.0480	0.0170	0.0739	0.0580	0.2981
000368	C	0.024692	0.168953	0.144837	0.0200	0.0263	0.0470	0.0160	0.0720	0.0610	0.2817
000369	E	0.015851	0.146263	0.145396	0.0212	0.0531	0.0460	0.0170	0.0713	0.0543	0.2666
000370	Y	0.009871	0.129869	0.146382	0.0336	0.0473	0.0480	0.0160	0.0692	0.0506	0.2579
000371	M	0.004771	0.125328	0.147902	0.0542	0.0929	0.0500	0.0170	0.0791	0.0484	0.2450
000372	I	0.002717	0.108589	0.149089	0.0304	0.1007	0.0500	0.0200	0.0736	0.0502	0.2222
000373	N	0.002650	0.095564	0.149672	0.0607	0.1583	0.0550	0.0210	0.0869	0.0547	0.2040
000374	F	0.002604	0.115359	0.148426	0.0643	0.0967	0.0630	0.0240	0.0817	0.0461	0.1881
000375	I	0.002592	0.141178	0.145974	0.0677	0.0749	0.0880	0.0300	0.0868	0.0484	0.1764
000376	H	0.002350	0.163524	0.143202	0.0395	0.0605	0.1030	0.0360	0.0853	0.0568	0.1732
000377	K	0.002253	0.200864	0.140837	0.0279	0.0568	0.1280	0.0380	0.0927	0.0694	0.1707
000378	L	0.000513	0.256927	0.138495	0.0297	0.0719	0.1800	0.0430	0.1129	0.0886	0.1707
000379	K	0.000189	0.299632	0.134642	0.0464	0.0734	0.1990	0.0360	0.1255	0.1003	0.1769
000380	H	0.000190	0.370428	0.130289	0.0464	0.0389	0.2430	0.0390	0.1382	0.1306	0.1849
000381	L	0.000212	0.441101	0.126444	0.0490	0.0749	0.2700	0.0550	0.1603	0.1513	0.1886
000382	P	0.000240	0.471164	0.123568	0.0316	0.1028	0.2640	0.0500	0.1655	0.1602	0.1951
000383	E	0.000269	0.487087	0.121456	0.0607	0.0817	0.2470	0.0380	0.1663	0.1619	0.2089
000384	K	0.000545	0.497743	0.119216	0.0621	0.0765	0.2490	0.0300	0.1675	0.1660	0.2186
000385	Y	0.000907	0.449887	0.117862	0.0554	0.0929	0.2390	0.0210	0.1593	0.1488	0.2291
000386	M	0.004768	0.379396	0.117481	0.1018	0.0948	0.1890	0.0200	0.1479	0.1167	0.2334
000387	M	0.011589	0.330358	0.117047	0.0554	0.0967	0.1300	0.0340	0.1236	0.1006	0.2264
000388	N	0.026258	0.282916	0.115693	0.0304	0.0676	0.0870	0.0300	0.1016	0.0868	0.2126
000389	S	0.061110	0.222256	0.113526	0.0567	0.0749	0.0780	0.0280	0.1010	0.0572	0.1953
000390	V	0.070012	0.190624	0.113016	0.0336	0.0780	0.0620	0.0220	0.0912	0.0503	0.1763
000391	L	0.088214	0.164311	0.113773	0.0226	0.0780	0.0450	0.0150	0.0854	0.0459	0.1595
000392	E	0.109242	0.142788	0.115489	0.0414	0.1298	0.0340	0.0140	0.0955	0.0421	0.1469
000393	N	0.174407	0.136974	0.117258	0.0363	0.1229	0.0310	0.0120	0.1032	0.0524	0.1369
000394	F	0.238798	0.126968	0.118618	0.0336	0.1092	0.0330	0.0100	0.1100	0.0693	0.1276
000395	T	0.292906	0.114402	0.119206	0.0350	0.1137	0.0340	0.0080	0.1182	0.0862	0.1231
000396	I	0.330708	0.115373	0.117979	0.0607	0.1942	0.0380	0.0080	0.1428	0.0975	0.1170
000397	L	0.360652	0.131046	0.115595	0.0771	0.2328	0.0470	0.0100	0.1608	0.1064	0.1162
000398	Q	0.371097	0.147878	0.112751	0.1060	0.1969	0.0770	0.0280	0.1686	0.0980	0.1176
000399	V	0.369029	0.187334	0.110706	0.1018	0.1229	0.1120	0.0400	0.1673	0.0945	0.1227
000400	V	0.353820	0.258839	0.109699	0.0542	0.0870	0.1410	0.0300	0.1674	0.1052	0.1309
000401	T	0.338011	0.310068	0.109467	0.0514	0.0780	0.1610	0.0320	0.1747	0.1110	0.1409
000402	S	0.274954	0.381100	0.109521	0.0643	0.1092	0.1970	0.0570	0.1894	0.1100	0.1478
000403	R	0.231491	0.432098	0.109940	0.0336	0.0483	0.2490	0.0850	0.1840	0.1381	0.1538
000404	D	0.196811	0.446223	0.110751	0.0274	0.0300	0.2840	0.0930	0.1825	0.1486	0.1550
000405	S	0.178167	0.416389	0.112294	0.0304	0.0313	0.2560	0.0860	0.1707	0.1355	0.1557
000406	Q	0.162864	0.373134	0.114109	0.0182	0.0327	0.1780	0.0600	0.1465	0.1177	0.1537
000407	E	0.154595	0.296872	0.115535	0.0182	0.0364	0.1320	0.0370	0.1255	0.0911	0.1552
000408	T	0.218587	0.218831	0.117024	0.0405	0.0592	0.1110	0.0340	0.1276	0.0698	0.1524
000409	L	0.275782	0.146983	0.118686	0.0226	0.0592	0.0900	0.0320	0.1190	0.0807	0.1507
000410	L	0.345599	0.095841	0.120632	0.0376	0.0851	0.0660	0.0260	0.1251	0.1019	0.1486
000411	V	0.415490	0.060408	0.122323	0.0554	0.1349	0.0490	0.0180	0.1396	0.1278	0.1449
000412	I	0.463568	0.050233	0.123360	0.0554	0.1323	0.0420	0.0130	0.1444	0.1471	0.1427
000413	A	0.500887	0.048765	0.124025	0.0607	0.1323	0.0420	0.0120	0.1514	0.1602	0.1459
000414	F	0.480598	0.058750	0.124009	0.0643	0.1070	0.0570	0.0280	0.1485	0.1507	0.1482
000415	V	0.455424	0.082851	0.124189	0.0621	0.1028	0.0870	0.0570	0.1525	0.1368	0.1525
000416	F	0.421522	0.127026	0.124324	0.0514	0.1048	0.1540	0.0920	0.1639	0.1194	0.1549
000417	E	0.351358	0.189581	0.124151	0.0526	0.1028	0.1830	0.0700	0.1673	0.0947	0.1605
000418	V	0.345059	0.293780	0.124814	0.0490	0.0631	0.3260	0.0480	0.2002	0.1244	0.1666
000419	S	0.322838	0.412873	0.129504	0.0514	0.0356	0.4770	0.0730	0.2382	0.1744	0.1755
000420	T	0.303088	0.528647	0.135114	0.0587	0.0581	0.5940	0.1100	0.2796	0.2161	0.1863
000421	S	0.255808	0.609068	0.139379	0.0607	0.0568	0.6170	0.1210	0.2898	0.2379	0.1952
000422	E	0.253170	0.673926	0.139600	0.0884	0.0555	0.6560	0.1080	0.3111	0.2577	0.2038
000423	H	0.271864	0.681196	0.138775	0.0832	0.0929	0.7080	0.0850	0.3294	0.2657	0.2066
000424	G	0.275553	0.641263	0.137584	0.0607	0.1162	0.6970	0.1190	0.3214	0.2548	0.2011
000425	A	0.285398	0.576507	0.136881	0.1178	0.2034	0.6480	0.1340	0.3279	0.2090	0.1982
000426	Q	0.297641	0.527831	0.137221	0.1766	0.2399	0.5980	0.1320	0.3295	0.1736	0.1964
000427	H	0.251056	0.466022	0.139012	0.3225	0.3392	0.5730	0.1040	0.3485	0.1405	0.2004
000428	H	0.203194	0.468211	0.141873	0.3535	0.3019	0.5160	0.0940	0.3308	0.1333	0.1985
000429	V	0.159769	0.517240	0.144996	0.4781	0.3566	0.4230	0.0680	0.3466	0.1460	0.1909
000430	Y	0.164989	0.588852	0.148031	0.5229	0.3392	0.3760	0.0730	0.3567	0.1646	0.1875
000431	K	0.134493	0.670798	0.150418	0.5711	0.3087	0.4440	0.0970	0.3799	0.2014	0.1831
000432	L	0.044945	0.766315	0.152382	0.6174	0.2817	0.6220	0.1230	0.4142	0.2681	0.1801
000433	V	0.082172	0.847574	0.153670	0.6442	0.2292	0.6760	0.1790	0.4389	0.2939	0.1766
000434	K	0.245854	0.882785	0.154689	0.6789	0.1881	0.7030	0.1310	0.4756	0.2879	0.1768
000435	D	0.247470	0.910614	0.154926	0.7111	0.1528	0.7520	0.1240	0.4882	0.3107	0.1829