RESNUM	RES	VL-XT	VSL2B	VL3	IUPred-S	IUPred-L	PONDRFIT	FITERROR	MDP	MDPERROR	ANCHOR2
000001	M	0.968223	0.762518	0.370560	0.9534	0.6531	0.9850	0.0110	0.7822	0.2205	0.4339
000002	N	0.581058	0.786886	0.366569	0.9512	0.5296	0.9910	0.0060	0.7010	0.2271	0.4337
000003	G	0.584785	0.778945	0.359352	0.9257	0.5577	0.9880	0.0070	0.6991	0.2198	0.4333
000004	D	0.608418	0.708570	0.354350	0.8556	0.5296	0.9750	0.0110	0.6719	0.2049	0.4325
000005	D	0.638417	0.663344	0.350964	0.8242	0.5758	0.9550	0.0260	0.6680	0.1901	0.4315
000006	T	0.581709	0.603705	0.347731	0.7605	0.4864	0.9230	0.0370	0.6171	0.1848	0.4305
000007	F	0.564850	0.585364	0.345460	0.7418	0.5419	0.8820	0.0630	0.6102	0.1676	0.4300
000008	A	0.540453	0.506040	0.344692	0.6516	0.5707	0.9080	0.0250	0.5870	0.1708	0.4265
000009	R	0.544196	0.463729	0.346380	0.6412	0.5807	0.8590	0.0650	0.5726	0.1586	0.4213
000010	R	0.550807	0.442164	0.348117	0.6079	0.5098	0.7100	0.1570	0.5281	0.1155	0.4155
000011	P	0.485416	0.444077	0.348226	0.5549	0.5419	0.8000	0.0780	0.5290	0.1389	0.4105
000012	T	0.431140	0.409115	0.346350	0.5296	0.5854	0.7230	0.0970	0.5040	0.1253	0.4067
000013	V	0.407010	0.415955	0.344026	0.5374	0.5382	0.6170	0.1270	0.4767	0.0943	0.4056
000014	G	0.412644	0.430668	0.341200	0.5229	0.4409	0.5060	0.1090	0.4424	0.0603	0.4025
000015	A	0.423499	0.442260	0.338435	0.4879	0.4441	0.4670	0.1230	0.4339	0.0473	0.4016
000016	Q	0.426192	0.437780	0.334438	0.3992	0.4476	0.4410	0.1500	0.4144	0.0390	0.3997
000017	I	0.386251	0.445994	0.328589	0.4078	0.3807	0.3880	0.1460	0.3895	0.0349	0.3971
000018	P	0.315012	0.449615	0.320362	0.4825	0.4507	0.2390	0.0790	0.3761	0.0895	0.3932
000019	E	0.238733	0.439105	0.311588	0.4379	0.4725	0.1640	0.0500	0.3440	0.1146	0.3925
000020	K	0.222852	0.430969	0.306437	0.4078	0.3840	0.1280	0.0370	0.3134	0.1082	0.3926
000021	I	0.208084	0.433912	0.303946	0.3992	0.2951	0.1230	0.0370	0.2939	0.1059	0.3937
000022	Q	0.179375	0.413964	0.303875	0.2748	0.2715	0.1080	0.0330	0.2586	0.0963	0.3928
000023	K	0.119343	0.387473	0.304222	0.2041	0.2680	0.1060	0.0340	0.2315	0.1001	0.3922
000024	A	0.061982	0.382922	0.306408	0.2657	0.3356	0.1010	0.0320	0.2423	0.1194	0.3925
000025	F	0.025098	0.361039	0.307624	0.2531	0.3426	0.1060	0.0350	0.2325	0.1251	0.3918
000026	D	0.032001	0.344144	0.308687	0.2748	0.2849	0.1070	0.0380	0.2253	0.1143	0.3850
000027	D	0.039438	0.350165	0.309070	0.2531	0.2817	0.1100	0.0420	0.2239	0.1114	0.3823
000028	I	0.047545	0.352582	0.311306	0.2209	0.3426	0.1000	0.0370	0.2291	0.1188	0.3802
000029	A	0.056901	0.345593	0.312825	0.1921	0.2884	0.0890	0.0330	0.2141	0.1106	0.3766
000030	K	0.059809	0.357952	0.313233	0.1766	0.2752	0.0990	0.0420	0.2136	0.1102	0.3736
000031	Y	0.071780	0.364336	0.311460	0.1495	0.2258	0.1180	0.0580	0.2069	0.1045	0.3715
000032	F	0.091154	0.383040	0.309876	0.1878	0.2918	0.1450	0.0760	0.2348	0.1014	0.3678
000033	S	0.091244	0.413899	0.309349	0.1178	0.2849	0.1510	0.0730	0.2281	0.1163	0.3621
000034	K	0.078416	0.462543	0.310071	0.1240	0.2849	0.1810	0.0690	0.2401	0.1288	0.3547
000035	E	0.071618	0.508281	0.309824	0.1380	0.2470	0.2020	0.0700	0.2461	0.1396	0.3452
000036	E	0.065187	0.551697	0.308762	0.1998	0.2884	0.2160	0.0750	0.2717	0.1477	0.3414
000037	W	0.057653	0.582170	0.308800	0.1266	0.2034	0.2200	0.0830	0.2498	0.1679	0.3453
000038	E	0.048923	0.580807	0.310553	0.0789	0.1554	0.1730	0.0580	0.2245	0.1797	0.3416
000039	K	0.098445	0.557422	0.312180	0.0643	0.1476	0.1790	0.0590	0.2265	0.1673	0.3410
000040	M	0.176807	0.538337	0.311643	0.0490	0.1449	0.1840	0.0620	0.2342	0.1563	0.3457
000041	K	0.212241	0.481758	0.309586	0.0286	0.1424	0.1470	0.0480	0.2203	0.1441	0.3525
000042	V	0.264286	0.430961	0.309089	0.0387	0.2193	0.1170	0.0370	0.2299	0.1273	0.3594
000043	S	0.295493	0.391567	0.310101	0.0621	0.2988	0.0800	0.0290	0.2396	0.1237	0.3632
000044	E	0.316096	0.350423	0.310912	0.0621	0.2164	0.0640	0.0230	0.2201	0.1181	0.3708
000045	K	0.326133	0.318286	0.310213	0.0643	0.2258	0.0590	0.0200	0.2173	0.1149	0.3830
000046	I	0.336560	0.281500	0.307681	0.0336	0.2002	0.0570	0.0150	0.2028	0.1190	0.3954
000047	V	0.344796	0.253624	0.304317	0.0327	0.1702	0.0530	0.0110	0.1930	0.1191	0.4013
000048	Y	0.291866	0.233572	0.299154	0.0478	0.2503	0.0520	0.0120	0.1958	0.1056	0.4054
000049	V	0.198749	0.208236	0.292593	0.0376	0.2399	0.0560	0.0120	0.1721	0.0938	0.4106
000050	Y	0.146563	0.211476	0.283888	0.0387	0.1881	0.0700	0.0140	0.1565	0.0833	0.4104
000051	M	0.097959	0.225305	0.272411	0.0502	0.2193	0.0780	0.0180	0.1571	0.0847	0.4091
000052	K	0.066227	0.262767	0.260390	0.0308	0.1528	0.0740	0.0200	0.1412	0.0925	0.4041
000053	R	0.045036	0.291422	0.248327	0.0502	0.1969	0.0840	0.0260	0.1526	0.0976	0.4040
000054	K	0.034113	0.311725	0.239678	0.0274	0.1791	0.1000	0.0320	0.1487	0.1049	0.4041
000055	Y	0.023319	0.330321	0.235047	0.0279	0.1298	0.1200	0.0400	0.1444	0.1094	0.4063
000056	E	0.014423	0.343331	0.236354	0.0231	0.0948	0.1180	0.0360	0.1383	0.1173	0.4087
000057	A	0.013912	0.336970	0.239917	0.0252	0.1528	0.1390	0.0520	0.1512	0.1135	0.4151
000058	M	0.021975	0.317474	0.242861	0.0268	0.1942	0.1330	0.0580	0.1561	0.1082	0.4208
000059	T	0.019103	0.299785	0.242814	0.0587	0.1942	0.1230	0.0580	0.1563	0.0991	0.4243
000060	K	0.011434	0.282373	0.243848	0.0965	0.2164	0.1210	0.0570	0.1619	0.0938	0.4300
000061	L	0.012719	0.254958	0.247962	0.0965	0.2988	0.1130	0.0540	0.1707	0.1027	0.4315
000062	G	0.017669	0.258519	0.256669	0.0965	0.3321	0.1070	0.0460	0.1780	0.1109	0.4283
000063	F	0.022868	0.267470	0.267112	0.1018	0.3356	0.1190	0.0500	0.1856	0.1109	0.4257
000064	K	0.030036	0.257511	0.277387	0.1060	0.3356	0.1150	0.0390	0.1870	0.1092	0.4263
000065	A	0.031922	0.249989	0.285416	0.1088	0.2918	0.1260	0.0420	0.1823	0.0987	0.4279
000066	I	0.033731	0.253290	0.293072	0.1921	0.3740	0.1370	0.0430	0.2139	0.1098	0.4307
000067	L	0.025707	0.259583	0.300458	0.1532	0.3740	0.1350	0.0360	0.2081	0.1157	0.4331
000068	P	0.024900	0.311282	0.308656	0.1805	0.3117	0.1610	0.0450	0.2164	0.1061	0.4362
000069	S	0.029123	0.329070	0.314928	0.2167	0.3529	0.2080	0.0790	0.2417	0.1098	0.4393
000070	F	0.032132	0.330699	0.321298	0.1602	0.3529	0.2760	0.1060	0.2455	0.1142	0.4422
000071	M	0.039826	0.333433	0.328556	0.1766	0.3704	0.2900	0.1270	0.2565	0.1144	0.4434
000072	R	0.047137	0.359022	0.337720	0.2558	0.4369	0.3370	0.1670	0.2956	0.1230	0.4432
000073	N	0.056609	0.418941	0.346160	0.2700	0.3529	0.4140	0.1760	0.3098	0.1236	0.4420
000074	K	0.075045	0.435025	0.354893	0.3762	0.4409	0.4490	0.1670	0.3552	0.1300	0.4417
000075	R	0.091437	0.457344	0.365505	0.2963	0.4541	0.4840	0.1720	0.3581	0.1353	0.4431
000076	V	0.121279	0.478041	0.379414	0.3399	0.4831	0.4900	0.1760	0.3820	0.1297	0.4431
000077	T	0.157866	0.495565	0.395827	0.4149	0.5807	0.4940	0.1820	0.4232	0.1331	0.4425
000078	D	0.190484	0.511920	0.413698	0.4918	0.6755	0.5480	0.1680	0.4720	0.1483	0.4437
000079	F	0.206564	0.553965	0.433573	0.5008	0.6427	0.6000	0.1530	0.4896	0.1433	0.4460
000080	Q	0.213283	0.605343	0.454593	0.5008	0.6427	0.6310	0.1260	0.5080	0.1486	0.4440
000081	G	0.216086	0.636732	0.476911	0.5941	0.7628	0.6750	0.1220	0.5603	0.1764	0.4413
000082	N	0.214630	0.669469	0.500041	0.6412	0.8050	0.7020	0.1190	0.5887	0.1900	0.4408
000083	D	0.212907	0.701942	0.523311	0.6412	0.7459	0.7510	0.1010	0.5961	0.1879	0.4422
000084	F	0.213494	0.729307	0.545886	0.6604	0.7505	0.7710	0.0990	0.6118	0.1931	0.4466
000085	D	0.200263	0.753172	0.565864	0.6035	0.7547	0.7690	0.1140	0.6078	0.1986	0.4437
000086	N	0.188014	0.771960	0.581523	0.6219	0.7799	0.7640	0.1240	0.6178	0.2071	0.4412
000087	D	0.167824	0.781415	0.592985	0.6715	0.8493	0.7440	0.1380	0.6345	0.2238	0.4410
000088	P	0.164170	0.787048	0.603415	0.7079	0.8198	0.7080	0.1470	0.6317	0.2200	0.4423
000089	N	0.163466	0.792996	0.617420	0.7192	0.8125	0.7340	0.1340	0.6399	0.2221	0.4489
000090	R	0.164605	0.804803	0.635536	0.7644	0.8162	0.7320	0.1590	0.6530	0.2263	0.4569
000091	G	0.174295	0.814233	0.654276	0.7418	0.8085	0.6990	0.1870	0.6487	0.2196	0.4785
000092	N	0.188586	0.814634	0.670698	0.6944	0.8050	0.6860	0.1920	0.6432	0.2111	0.5034
000093	Q	0.195327	0.816341	0.683298	0.6944	0.7250	0.7040	0.1970	0.6364	0.2020	0.5331
000094	V	0.181602	0.820577	0.694530	0.6944	0.7289	0.7020	0.2040	0.6370	0.2083	0.5713
000095	Q	0.160023	0.814326	0.704866	0.7317	0.8279	0.6840	0.2130	0.6539	0.2271	0.6050
000096	R	0.144936	0.805969	0.717293	0.7418	0.7505	0.7000	0.2120	0.6435	0.2254	0.6462
000097	P	0.128432	0.823909	0.730641	0.7458	0.6322	0.6640	0.1910	0.6208	0.2285	0.6933
000098	Q	0.109976	0.833008	0.744620	0.7034	0.6576	0.6590	0.1640	0.6179	0.2348	0.7489
000099	M	0.093835	0.815492	0.756869	0.6293	0.6136	0.6360	0.1750	0.5908	0.2342	0.7995
000100	T	0.069328	0.813329	0.768530	0.6474	0.5254	0.5680	0.1960	0.5653	0.2440	0.8327
000101	F	0.045997	0.820581	0.779197	0.6442	0.4979	0.6170	0.2040	0.5674	0.2563	0.8694
000102	G	0.032541	0.827782	0.789167	0.5992	0.5211	0.5380	0.1890	0.5512	0.2600	0.8944
000103	R	0.032212	0.827422	0.798097	0.5762	0.5017	0.4990	0.1680	0.5392	0.2619	0.9157
000104	L	0.031249	0.825526	0.806414	0.5802	0.4801	0.4870	0.1510	0.5350	0.2643	0.9328
000105	Q	0.042548	0.820280	0.814300	0.6374	0.5620	0.4220	0.1140	0.5497	0.2660	0.9402
000106	G	0.056038	0.816624	0.821832	0.6124	0.5254	0.4360	0.0770	0.5446	0.2603	0.9476
000107	I	0.069452	0.833867	0.829420	0.6374	0.5342	0.4620	0.0810	0.5611	0.2596	0.9553
000108	F	0.092554	0.843635	0.837060	0.5802	0.5098	0.4730	0.0970	0.5561	0.2537	0.9564
000109	P	0.118195	0.838114	0.844504	0.5623	0.4979	0.4500	0.1000	0.5518	0.2480	0.9478
000110	K	0.109149	0.846681	0.851665	0.5941	0.5419	0.5030	0.0940	0.5745	0.2497	0.9369
000111	I	0.100382	0.857164	0.858420	0.6035	0.4801	0.5660	0.0990	0.5776	0.2566	0.9274
000112	M	0.099854	0.867546	0.865274	0.6516	0.5707	0.5950	0.1040	0.6083	0.2567	0.9068
000113	P	0.101326	0.873530	0.872488	0.5992	0.5620	0.6020	0.1010	0.6017	0.2579	0.8735
000114	K	0.107575	0.881365	0.879964	0.5992	0.5707	0.6280	0.0910	0.6112	0.2585	0.8287
000115	K	0.140002	0.888951	0.886755	0.6374	0.5854	0.6330	0.0910	0.6286	0.2500	0.7758
000116	P	0.167839	0.892492	0.892702	0.6255	0.5992	0.6700	0.0670	0.6412	0.2427	0.7392
000117	A	0.226539	0.896747	0.898390	0.5762	0.5992	0.7010	0.0790	0.6497	0.2282	0.6971
000118	E	0.290848	0.902750	0.904383	0.6442	0.6576	0.7160	0.0850	0.6859	0.2058	0.6339
000119	E	0.381139	0.908502	0.910284	0.6906	0.7595	0.7350	0.0870	0.7309	0.1773	0.5963
000120	G	0.463820	0.914078	0.914930	0.6516	0.7331	0.7200	0.0920	0.7329	0.1555	0.5908
000121	N	0.562126	0.916734	0.918551	0.6516	0.7718	0.7050	0.0700	0.7543	0.1314	0.5858
000122	V	0.662632	0.921155	0.921188	0.6906	0.8493	0.6790	0.0740	0.7873	0.1128	0.5841
000123	S	0.742241	0.925101	0.923209	0.7232	0.8792	0.6760	0.0870	0.8115	0.1008	0.5757
000124	K	0.795192	0.925941	0.924904	0.7147	0.8655	0.6850	0.1070	0.8186	0.0950	0.5774
000125	E	0.848457	0.931007	0.926405	0.7147	0.8741	0.6950	0.1110	0.8316	0.0942	0.5860
000126	V	0.835237	0.934005	0.928580	0.7317	0.8765	0.7350	0.1220	0.8401	0.0825	0.5965
000127	P	0.823545	0.937938	0.930851	0.7111	0.8681	0.7100	0.1470	0.8303	0.0929	0.5797
000128	E	0.822352	0.939875	0.932037	0.7275	0.8313	0.6980	0.1590	0.8252	0.0915	0.5656
000129	A	0.831604	0.939347	0.931720	0.7418	0.7595	0.6960	0.1680	0.8166	0.0931	0.5821
000130	S	0.787223	0.938750	0.929611	0.7232	0.7843	0.6980	0.1790	0.8101	0.0933	0.5825
000131	G	0.781549	0.937057	0.928043	0.6681	0.8050	0.6790	0.1960	0.7998	0.1062	0.5754
000132	P	0.785340	0.937632	0.926083	0.6870	0.7982	0.6410	0.2040	0.7959	0.1103	0.5661
000133	Q	0.792099	0.934881	0.924476	0.7501	0.8462	0.6540	0.1810	0.8170	0.0983	0.5550
000134	N	0.799967	0.929514	0.923329	0.7501	0.8713	0.6870	0.1740	0.8268	0.0896	0.5531
000135	D	0.833591	0.932229	0.923954	0.7501	0.8792	0.7000	0.1620	0.8365	0.0864	0.5583
000136	G	0.828908	0.933380	0.925718	0.7605	0.8765	0.6960	0.1490	0.8368	0.0862	0.5572
000137	K	0.781461	0.931943	0.926913	0.8036	0.9126	0.6870	0.1370	0.8407	0.0906	0.5516
000138	Q	0.723029	0.927182	0.926528	0.7817	0.9039	0.6840	0.1370	0.8244	0.0992	0.5633
000139	L	0.687733	0.926717	0.923803	0.7817	0.8966	0.7100	0.1390	0.8212	0.0991	0.5720
000140	C	0.601381	0.918367	0.918224	0.8036	0.8681	0.6920	0.1590	0.8003	0.1181	0.5415
000141	P	0.516129	0.910198	0.908786	0.8036	0.8765	0.6490	0.1940	0.7774	0.1473	0.5285
000142	P	0.464327	0.901983	0.896169	0.7644	0.8623	0.6270	0.2130	0.7526	0.1603	0.5151
000143	G	0.434288	0.891111	0.881779	0.7501	0.7799	0.6580	0.2160	0.7326	0.1551	0.5279
000144	K	0.404250	0.877913	0.866278	0.7192	0.7672	0.6370	0.2200	0.7119	0.1606	0.5583
000145	P	0.409878	0.862415	0.852035	0.6789	0.7628	0.6170	0.2240	0.6972	0.1554	0.5978
000146	T	0.462790	0.848985	0.837536	0.6681	0.7843	0.6410	0.2220	0.7071	0.1346	0.6380
000147	T	0.523624	0.827538	0.823954	0.6681	0.7755	0.6410	0.2010	0.7100	0.1098	0.6784
000148	S	0.574842	0.819088	0.810179	0.6944	0.7799	0.6560	0.1840	0.7225	0.0888	0.7112
000149	E	0.618007	0.807028	0.797772	0.6715	0.7718	0.6590	0.1790	0.7209	0.0739	0.7323
000150	K	0.626891	0.790321	0.785819	0.6870	0.8375	0.6430	0.1630	0.7284	0.0799	0.7564
000151	I	0.594110	0.771413	0.773914	0.7418	0.8966	0.6440	0.1290	0.7369	0.0976	0.7937
000152	N	0.530207	0.753803	0.763029	0.7192	0.8681	0.6220	0.1200	0.7094	0.1079	0.8102
000153	M	0.491112	0.753503	0.752980	0.6984	0.7595	0.7290	0.1320	0.6974	0.0945	0.8351
000154	I	0.435892	0.745229	0.742339	0.6827	0.7595	0.7720	0.1600	0.6896	0.1168	0.8415
000155	S	0.426468	0.734811	0.729455	0.6035	0.7755	0.7510	0.1940	0.6701	0.1219	0.8266
000156	G	0.414347	0.722933	0.716613	0.5900	0.7459	0.7600	0.2020	0.6583	0.1223	0.8095
000157	P	0.429149	0.719603	0.704708	0.5900	0.6806	0.7510	0.2130	0.6459	0.1090	0.7853
000158	K	0.483903	0.710580	0.694782	0.5711	0.6755	0.7580	0.2100	0.6490	0.0930	0.7756
000159	R	0.567881	0.698667	0.687651	0.5229	0.6851	0.7700	0.1960	0.6555	0.0839	0.7710
000160	G	0.656518	0.694989	0.683315	0.5043	0.6712	0.7530	0.2040	0.6605	0.0761	0.7772
000161	E	0.757867	0.686598	0.681740	0.5084	0.6661	0.7110	0.2130	0.6686	0.0774	0.7756
000162	H	0.833810	0.675625	0.679147	0.5253	0.7547	0.7010	0.2030	0.6949	0.0934	0.7703
000163	A	0.918702	0.656651	0.676372	0.5084	0.6851	0.6950	0.2100	0.6900	0.1202	0.7704
000164	W	0.942360	0.644033	0.672794	0.5412	0.6576	0.6670	0.1880	0.6875	0.1223	0.7669
000165	T	0.927347	0.631797	0.670050	0.5374	0.6712	0.6110	0.2020	0.6748	0.1215	0.7659
000166	H	0.906645	0.621244	0.665993	0.4918	0.5807	0.6030	0.2210	0.6448	0.1284	0.7931
000167	R	0.865231	0.615173	0.660906	0.4458	0.5854	0.5610	0.1790	0.6222	0.1270	0.8202
000168	L	0.793118	0.597796	0.655927	0.3578	0.5577	0.5690	0.1780	0.5885	0.1298	0.8469
000169	R	0.736812	0.593482	0.654090	0.3630	0.5098	0.5830	0.1670	0.5734	0.1169	0.8482
000170	E	0.700105	0.613958	0.656279	0.3668	0.5176	0.6090	0.1590	0.5774	0.1092	0.8574
000171	R	0.650843	0.626825	0.662164	0.3146	0.5254	0.6580	0.1620	0.5730	0.1246	0.8652
000172	K	0.600939	0.618118	0.672425	0.3225	0.5456	0.6610	0.1580	0.5701	0.1182	0.8764
000173	Q	0.552101	0.604861	0.682879	0.3263	0.5456	0.6950	0.1640	0.5677	0.1223	0.8896
000174	L	0.547348	0.601682	0.692358	0.3717	0.5665	0.7450	0.1550	0.5874	0.1188	0.9024
000175	V	0.529273	0.573675	0.699407	0.4651	0.6991	0.7500	0.1530	0.6195	0.1032	0.9031
000176	I	0.548444	0.551488	0.705180	0.4651	0.7120	0.7890	0.1390	0.6285	0.1138	0.8986
000177	Y	0.620989	0.565858	0.711493	0.4703	0.7080	0.8220	0.1170	0.6497	0.1132	0.8775
000178	E	0.678342	0.601827	0.717743	0.4918	0.6991	0.8430	0.0900	0.6719	0.1075	0.8423
000179	E	0.716009	0.625048	0.724999	0.5374	0.7505	0.9070	0.0650	0.7102	0.1139	0.8018
000180	I	0.766831	0.659347	0.731591	0.5941	0.7415	0.9150	0.0730	0.7348	0.0993	0.7733
000181	S	0.818251	0.707442	0.738411	0.6255	0.7209	0.8850	0.1260	0.7493	0.0828	0.7121
000182	D	0.868787	0.748535	0.746052	0.6789	0.7120	0.8680	0.1720	0.7704	0.0732	0.6359
000183	P	0.913910	0.774595	0.752915	0.7317	0.7120	0.8900	0.1220	0.7959	0.0778	0.5484
000184	E	0.976611	0.786142	0.759090	0.7501	0.6712	0.9080	0.1170	0.8085	0.1027	0.4887
000185	E	0.999987	0.773761	0.766989	0.8391	0.7415	0.9280	0.0920	0.8415	0.0937	0.4231
000186	D	0.999998	0.787225	0.779658	0.8984	0.8013	0.8850	0.1480	0.8587	0.0784	0.3722
000187	D	0.999998	0.791920	0.793649	0.9447	0.8681	0.9170	0.0600	0.8860	0.0765	0.3301
000188	E	0.999998	0.810458	0.801337	0.9810	0.9433	0.8700	0.1080	0.9010	0.0786	0.3046