RESNUM	RES	VL-XT	VSL2B	VL3	IUPred-S	IUPred-L	PONDRFIT	FITERROR	MDP	MDPERROR	ANCHOR2
000001	M	0.979416	0.801155	0.498840	0.9491	0.1643	0.9840	0.0130	0.6463	0.3148	0.1047
000002	S	0.992028	0.826733	0.476586	0.8650	0.2002	0.9740	0.0240	0.6430	0.2995	0.0937
000003	T	0.983523	0.845064	0.456533	0.7458	0.2364	0.9700	0.0270	0.6301	0.2843	0.0886
000004	S	0.972073	0.807813	0.438738	0.7111	0.1449	0.9710	0.0230	0.6011	0.3064	0.0853
000005	T	0.923095	0.811738	0.423194	0.6756	0.1759	0.9810	0.0140	0.5946	0.2932	0.0797
000006	S	0.890587	0.751519	0.409024	0.5296	0.2064	0.9760	0.0150	0.5590	0.2794	0.0752
000007	P	0.870280	0.690664	0.395693	0.4918	0.1349	0.9220	0.0470	0.5182	0.2826	0.0702
000008	A	0.850731	0.612394	0.384139	0.4513	0.1554	0.9160	0.0780	0.4976	0.2722	0.0606
000009	A	0.823051	0.516339	0.373911	0.2963	0.0835	0.8770	0.0980	0.4327	0.2890	0.0541
000010	M	0.795999	0.438092	0.365003	0.2531	0.1048	0.8290	0.1010	0.4035	0.2737	0.0464
000011	L	0.777335	0.379426	0.356999	0.1240	0.1206	0.8100	0.1130	0.3686	0.2839	0.0388
000012	L	0.774768	0.323953	0.349502	0.1380	0.1583	0.6880	0.1190	0.3472	0.2514	0.0338
000013	R	0.746522	0.284618	0.342644	0.1380	0.1399	0.6140	0.1260	0.3205	0.2364	0.0320
000014	R	0.659049	0.265518	0.336277	0.1349	0.0851	0.5330	0.1160	0.2797	0.2123	0.0289
000015	L	0.585206	0.265686	0.329476	0.1088	0.0929	0.4910	0.1360	0.2573	0.1900	0.0248
000016	R	0.497230	0.260296	0.322242	0.0607	0.0483	0.4190	0.1580	0.2142	0.1765	0.0229
000017	R	0.409396	0.269499	0.296921	0.0643	0.0235	0.3680	0.1560	0.1891	0.1536	0.0205
000018	L	0.331141	0.272659	0.271255	0.0268	0.0123	0.3250	0.1520	0.1613	0.1416	0.0174
000019	S	0.250879	0.263243	0.246231	0.0131	0.0095	0.2120	0.0560	0.1249	0.1178	0.0157
000020	W	0.164068	0.229431	0.221642	0.0079	0.0109	0.1950	0.0330	0.1012	0.1005	0.0137
000021	G	0.074533	0.207161	0.198131	0.0040	0.0099	0.1690	0.0420	0.0774	0.0910	0.0139
000022	S	0.014287	0.168559	0.175388	0.0082	0.0105	0.1690	0.0530	0.0618	0.0852	0.0141
000023	T	0.011170	0.124527	0.154826	0.0079	0.0171	0.1680	0.0700	0.0549	0.0745	0.0140
000024	A	0.008726	0.097840	0.140272	0.0037	0.0096	0.1420	0.0670	0.0437	0.0658	0.0133
000025	V	0.006822	0.079281	0.132186	0.0037	0.0099	0.1240	0.0600	0.0373	0.0593	0.0127
000026	Q	0.004972	0.059883	0.125525	0.0028	0.0099	0.1070	0.0560	0.0307	0.0540	0.0130
000027	L	0.002989	0.047791	0.118425	0.0027	0.0072	0.1010	0.0580	0.0270	0.0514	0.0128
000028	F	0.000796	0.039442	0.113386	0.0008	0.0066	0.1000	0.0580	0.0245	0.0503	0.0131
000029	I	0.000522	0.031979	0.109373	0.0008	0.0099	0.0800	0.0380	0.0205	0.0455	0.0141
000030	L	0.000475	0.029136	0.104845	0.0006	0.0073	0.0570	0.0170	0.0158	0.0416	0.0160
000031	T	0.000423	0.027171	0.102830	0.0013	0.0102	0.0470	0.0090	0.0144	0.0397	0.0186
000032	V	0.000400	0.025313	0.100715	0.0007	0.0076	0.0440	0.0090	0.0130	0.0390	0.0195
000033	V	0.000391	0.025464	0.098371	0.0006	0.0076	0.0420	0.0100	0.0127	0.0381	0.0215
000034	T	0.000371	0.027139	0.096063	0.0003	0.0075	0.0420	0.0100	0.0128	0.0372	0.0245
000035	F	0.000362	0.033911	0.093166	0.0004	0.0062	0.0430	0.0110	0.0140	0.0364	0.0280
000036	G	0.000302	0.043781	0.089962	0.0006	0.0059	0.0460	0.0130	0.0161	0.0359	0.0325
000037	L	0.000240	0.050934	0.086894	0.0003	0.0057	0.0510	0.0130	0.0180	0.0358	0.0366
000038	L	0.000212	0.057943	0.084178	0.0003	0.0075	0.0580	0.0170	0.0206	0.0361	0.0422
000039	A	0.000194	0.072076	0.082003	0.0006	0.0082	0.0580	0.0190	0.0232	0.0373	0.0483
000040	P	0.000196	0.084196	0.080028	0.0009	0.0076	0.0570	0.0210	0.0250	0.0389	0.0540
000041	L	0.000188	0.092628	0.078257	0.0010	0.0076	0.0610	0.0230	0.0270	0.0405	0.0552
000042	A	0.000173	0.095571	0.076685	0.0006	0.0056	0.0640	0.0240	0.0277	0.0415	0.0561
000043	C	0.000157	0.098658	0.075826	0.0006	0.0070	0.0650	0.0250	0.0285	0.0419	0.0560
000044	H	0.000122	0.094652	0.073403	0.0005	0.0090	0.0630	0.0280	0.0279	0.0401	0.0533
000045	R	0.000095	0.088825	0.070252	0.0005	0.0060	0.0660	0.0310	0.0269	0.0389	0.0496
000046	L	0.000078	0.088355	0.068676	0.0010	0.0090	0.0760	0.0370	0.0291	0.0395	0.0463
000047	L	0.000077	0.089282	0.069289	0.0006	0.0065	0.0790	0.0370	0.0292	0.0405	0.0443
000048	H	0.000081	0.095102	0.071220	0.0009	0.0093	0.0610	0.0280	0.0277	0.0395	0.0429
000049	S	0.000055	0.104740	0.074227	0.0010	0.0138	0.0540	0.0220	0.0289	0.0414	0.0401
000050	Y	0.000079	0.104895	0.077549	0.0015	0.0134	0.0590	0.0240	0.0299	0.0423	0.0373
000051	F	0.000102	0.097717	0.080287	0.0013	0.0113	0.0590	0.0260	0.0283	0.0414	0.0360
000052	Y	0.000100	0.099821	0.083250	0.0029	0.0181	0.0620	0.0270	0.0305	0.0417	0.0361
000053	L	0.000099	0.109002	0.086132	0.0040	0.0231	0.0660	0.0270	0.0337	0.0439	0.0359
000054	R	0.000098	0.112069	0.089478	0.0082	0.0184	0.0730	0.0240	0.0353	0.0456	0.0379
000055	H	0.000101	0.121273	0.090369	0.0097	0.0117	0.0920	0.0270	0.0391	0.0505	0.0399
000056	W	0.000102	0.135309	0.094554	0.0053	0.0119	0.1290	0.0550	0.0469	0.0604	0.0403
000057	H	0.000104	0.159536	0.097424	0.0067	0.0194	0.1500	0.0710	0.0559	0.0684	0.0417
000058	L	0.000367	0.201452	0.101418	0.0157	0.0320	0.1730	0.0680	0.0704	0.0796	0.0415
000059	N	0.001242	0.269163	0.103165	0.0200	0.0194	0.1980	0.0600	0.0846	0.1021	0.0422
000060	Q	0.031990	0.352326	0.107301	0.0200	0.0205	0.2660	0.0620	0.1152	0.1317	0.0420
000061	M	0.041327	0.403729	0.111644	0.0212	0.0405	0.3520	0.0850	0.1432	0.1572	0.0430
000062	S	0.055990	0.485885	0.117576	0.0464	0.0870	0.2920	0.0800	0.1612	0.1603	0.0434
000063	Q	0.125997	0.515803	0.126811	0.0991	0.1611	0.2940	0.0830	0.1993	0.1479	0.0435
000064	E	0.196000	0.531342	0.135654	0.1805	0.2164	0.3000	0.0850	0.2373	0.1329	0.0449
000065	F	0.240100	0.536343	0.148566	0.1958	0.1881	0.3180	0.0730	0.2464	0.1321	0.0439
000066	L	0.259559	0.563710	0.155599	0.1805	0.1229	0.3060	0.0630	0.2387	0.1496	0.0450
000067	Q	0.280786	0.580813	0.162591	0.2820	0.2129	0.2990	0.0650	0.2759	0.1356	0.0488
000068	Q	0.298527	0.585620	0.168164	0.2167	0.1373	0.3170	0.0770	0.2593	0.1508	0.0534
000069	S	0.280595	0.597944	0.173344	0.3146	0.1206	0.3490	0.0820	0.2771	0.1553	0.0594
000070	L	0.287721	0.574742	0.176143	0.2209	0.1206	0.3630	0.0880	0.2612	0.1517	0.0656
000071	K	0.294553	0.591928	0.179146	0.1380	0.1298	0.3450	0.0750	0.2498	0.1633	0.0766
000072	E	0.271179	0.578962	0.182424	0.1958	0.1007	0.3150	0.0770	0.2435	0.1553	0.0879
000073	G	0.254214	0.569777	0.185510	0.2122	0.1229	0.2680	0.0680	0.2379	0.1460	0.0970
000074	E	0.263797	0.503445	0.187843	0.1266	0.1162	0.2160	0.0530	0.2044	0.1337	0.1045
000075	A	0.301236	0.434583	0.191836	0.1380	0.0909	0.1970	0.0630	0.1937	0.1178	0.1097
000076	A	0.328359	0.391376	0.194391	0.2255	0.1914	0.1890	0.0880	0.2209	0.0849	0.1156
000077	L	0.372660	0.335003	0.197417	0.2820	0.2817	0.1650	0.0690	0.2394	0.0794	0.1188
000078	H	0.443756	0.297675	0.198193	0.2700	0.2752	0.1810	0.0640	0.2446	0.0915	0.1221
000079	Y	0.506244	0.320167	0.198721	0.2602	0.2034	0.2010	0.0580	0.2485	0.1144	0.1233
000080	F	0.511311	0.380174	0.198207	0.2602	0.2364	0.2130	0.0520	0.2668	0.1163	0.1238
000081	E	0.467309	0.408792	0.196851	0.2865	0.2399	0.2160	0.0450	0.2697	0.1063	0.1248
000082	E	0.416899	0.454274	0.195576	0.3184	0.1791	0.2010	0.0410	0.2616	0.1149	0.1205
000083	L	0.365801	0.479689	0.194367	0.2209	0.0870	0.2020	0.0540	0.2259	0.1322	0.1148
000084	P	0.318659	0.463283	0.193517	0.1566	0.0888	0.2080	0.0730	0.2059	0.1260	0.1145
000085	S	0.297488	0.428677	0.192105	0.0858	0.0676	0.2260	0.0790	0.1842	0.1276	0.1134
000086	A	0.276461	0.410932	0.193614	0.1088	0.0835	0.1950	0.0740	0.1792	0.1138	0.1152
000087	N	0.221878	0.356870	0.190960	0.1018	0.1184	0.1690	0.0560	0.1613	0.0896	0.1169
000088	G	0.186834	0.295419	0.188936	0.1566	0.1852	0.1640	0.0400	0.1646	0.0558	0.1184
000089	S	0.245531	0.274995	0.186150	0.1766	0.2094	0.1380	0.0270	0.1741	0.0548	0.1160
000090	V	0.328649	0.253398	0.185114	0.2531	0.1942	0.1050	0.0150	0.1891	0.0762	0.1161
000091	P	0.402141	0.215048	0.181772	0.3668	0.2258	0.0790	0.0130	0.2148	0.1139	0.1228
000092	I	0.457859	0.180379	0.177862	0.2531	0.1554	0.0720	0.0130	0.1865	0.1239	0.1288
000093	V	0.493283	0.160998	0.172890	0.1566	0.0851	0.0640	0.0150	0.1600	0.1449	0.1376
000094	W	0.511310	0.128365	0.165456	0.1667	0.1449	0.0640	0.0230	0.1692	0.1474	0.1489
000095	Q	0.502394	0.104989	0.158877	0.0858	0.0734	0.0610	0.0260	0.1379	0.1566	0.1566
000096	A	0.475360	0.092756	0.148157	0.0858	0.0433	0.0610	0.0270	0.1264	0.1507	0.1694
000097	T	0.435032	0.081950	0.144891	0.0567	0.0543	0.0580	0.0250	0.1143	0.1384	0.1785
000098	P	0.351572	0.069947	0.140056	0.0304	0.0320	0.0550	0.0200	0.0899	0.1151	0.1876
000099	R	0.272984	0.058233	0.136535	0.0286	0.0341	0.0620	0.0170	0.0760	0.0885	0.1942
000100	P	0.209201	0.052899	0.133966	0.0150	0.0341	0.0660	0.0230	0.0629	0.0703	0.2082
000101	W	0.151548	0.040721	0.133195	0.0304	0.0543	0.0770	0.0350	0.0590	0.0509	0.2165
000102	L	0.106740	0.037817	0.132777	0.0252	0.0531	0.0780	0.0380	0.0502	0.0440	0.2056
000103	V	0.061688	0.036949	0.130751	0.0395	0.0909	0.0750	0.0370	0.0507	0.0389	0.1940
000104	I	0.028999	0.037487	0.127838	0.0723	0.0676	0.0700	0.0320	0.0460	0.0382	0.1842
000105	T	0.026804	0.038594	0.126089	0.1292	0.1275	0.0640	0.0270	0.0643	0.0485	0.1755
000106	I	0.023271	0.039436	0.123869	0.0677	0.0749	0.0590	0.0210	0.0440	0.0378	0.1685
000107	I	0.021491	0.053323	0.124669	0.0813	0.0592	0.0580	0.0160	0.0456	0.0377	0.1594
000108	T	0.014458	0.076803	0.124254	0.0455	0.0341	0.0560	0.0170	0.0378	0.0407	0.1511
000109	V	0.002447	0.103101	0.126006	0.0245	0.0300	0.0550	0.0200	0.0359	0.0488	0.1423
000110	D	0.002314	0.126549	0.126534	0.0121	0.0205	0.0550	0.0220	0.0360	0.0558	0.1373
000111	R	0.002273	0.149496	0.126956	0.0094	0.0125	0.0570	0.0240	0.0385	0.0624	0.1241
000112	Q	0.002059	0.161047	0.129391	0.0116	0.0223	0.0600	0.0240	0.0428	0.0643	0.1126
000113	P	0.003247	0.157614	0.135031	0.0121	0.0364	0.0590	0.0230	0.0447	0.0632	0.1106
000114	G	0.004591	0.148245	0.143257	0.0226	0.0263	0.0560	0.0200	0.0430	0.0626	0.1074
000115	F	0.005570	0.140829	0.150823	0.0395	0.0443	0.0560	0.0200	0.0477	0.0595	0.1031
000116	H	0.006913	0.126784	0.160199	0.0179	0.0414	0.0500	0.0170	0.0405	0.0626	0.0978
000117	Y	0.007021	0.122984	0.169734	0.0336	0.0433	0.0440	0.0130	0.0418	0.0636	0.0918
000118	V	0.006732	0.127986	0.175343	0.0607	0.0463	0.0380	0.0100	0.0466	0.0646	0.0866
000119	L	0.006259	0.127853	0.179483	0.0350	0.0463	0.0370	0.0090	0.0420	0.0679	0.0824
000120	Q	0.005964	0.121979	0.181878	0.0327	0.0734	0.0360	0.0100	0.0450	0.0674	0.0769
000121	V	0.005800	0.141441	0.185759	0.0297	0.0380	0.0400	0.0120	0.0425	0.0729	0.0718
000122	V	0.004329	0.146794	0.188633	0.0308	0.0398	0.0390	0.0140	0.0435	0.0747	0.0679
000123	S	0.003237	0.140568	0.195418	0.0116	0.0454	0.0390	0.0160	0.0400	0.0779	0.0659
000124	Q	0.002676	0.145088	0.203888	0.0094	0.0405	0.0410	0.0160	0.0397	0.0820	0.0634
000125	F	0.001674	0.163334	0.213519	0.0118	0.0231	0.0460	0.0160	0.0409	0.0890	0.0627
000126	H	0.002084	0.160336	0.216658	0.0252	0.0518	0.0480	0.0160	0.0480	0.0854	0.0586
000127	R	0.002401	0.162540	0.219992	0.0086	0.0555	0.0530	0.0140	0.0471	0.0883	0.0542
000128	L	0.002556	0.195275	0.224567	0.0179	0.0929	0.0670	0.0160	0.0626	0.0916	0.0504
000129	L	0.002682	0.225557	0.228384	0.0308	0.1399	0.0940	0.0270	0.0822	0.0952	0.0465
000130	Q	0.002688	0.250442	0.230611	0.0526	0.1424	0.1060	0.0260	0.0924	0.0970	0.0421
000131	Q	0.002691	0.318812	0.233434	0.0526	0.0734	0.1170	0.0230	0.0941	0.1161	0.0412
000132	C	0.002370	0.367846	0.236557	0.0490	0.0676	0.1460	0.0320	0.1054	0.1310	0.0427
000133	G	0.004812	0.370516	0.234946	0.0425	0.0618	0.1310	0.0370	0.1017	0.1325	0.0481
000134	P	0.007357	0.372003	0.236002	0.0231	0.0704	0.1080	0.0290	0.0968	0.1350	0.0506
000135	Q	0.014041	0.367631	0.238787	0.0086	0.0443	0.0960	0.0410	0.0884	0.1381	0.0531
000136	C	0.022617	0.314320	0.238238	0.0212	0.1028	0.0810	0.0410	0.0903	0.1167	0.0570
000137	E	0.033765	0.258088	0.239113	0.0128	0.1048	0.0590	0.0270	0.0780	0.1046	0.0682
000138	G	0.039622	0.229532	0.239253	0.0141	0.1048	0.0450	0.0180	0.0722	0.0991	0.0827
000139	H	0.046025	0.199854	0.240528	0.0286	0.1162	0.0370	0.0130	0.0713	0.0920	0.1007
000140	Q	0.056770	0.167206	0.236875	0.0514	0.1759	0.0280	0.0080	0.0799	0.0870	0.1231
000141	L	0.063891	0.136377	0.234373	0.0350	0.1702	0.0280	0.0070	0.0722	0.0851	0.1524
000142	F	0.066507	0.142280	0.233038	0.0350	0.0888	0.0300	0.0070	0.0605	0.0805	0.1793
000143	L	0.074016	0.158159	0.229572	0.0789	0.1643	0.0330	0.0080	0.0847	0.0770	0.1996
000144	C	0.066972	0.177063	0.224571	0.0455	0.1424	0.0360	0.0100	0.0780	0.0800	0.2113
000145	N	0.058387	0.200614	0.219024	0.0395	0.1206	0.0390	0.0110	0.0764	0.0824	0.2398
000146	V	0.047281	0.228669	0.213686	0.0316	0.0734	0.0470	0.0120	0.0713	0.0893	0.2671
000147	E	0.041279	0.246078	0.207923	0.0744	0.0817	0.0580	0.0190	0.0836	0.0860	0.2939
000148	R	0.034859	0.244693	0.208573	0.0502	0.0719	0.0730	0.0290	0.0791	0.0886	0.3182
000149	S	0.024801	0.245994	0.211691	0.0363	0.0690	0.0810	0.0330	0.0762	0.0926	0.3422
000150	V	0.018563	0.266880	0.221147	0.0395	0.0424	0.0830	0.0300	0.0751	0.1030	0.3609
000151	S	0.017190	0.296975	0.233546	0.0376	0.0275	0.0840	0.0290	0.0773	0.1158	0.3801
000152	H	0.010923	0.319155	0.247458	0.0455	0.0531	0.0890	0.0300	0.0862	0.1216	0.3986
000153	F	0.033172	0.332194	0.261224	0.0643	0.0704	0.0950	0.0370	0.0993	0.1204	0.4167
000154	D	0.033435	0.368624	0.271762	0.1292	0.0967	0.0990	0.0410	0.1212	0.1243	0.4328
000155	A	0.033793	0.356504	0.280836	0.1998	0.1671	0.1090	0.0420	0.1444	0.1160	0.4150
000156	K	0.034239	0.340083	0.286629	0.1732	0.1501	0.1020	0.0410	0.1332	0.1147	0.4074
000157	L	0.034876	0.323394	0.297053	0.2432	0.1373	0.1030	0.0350	0.1402	0.1164	0.3973
000158	L	0.037236	0.309495	0.307143	0.2209	0.1373	0.1080	0.0380	0.1354	0.1137	0.3904
000159	S	0.040159	0.293666	0.316521	0.1732	0.1424	0.1200	0.0440	0.1283	0.1102	0.3912
000160	K	0.045988	0.295829	0.324469	0.1805	0.1528	0.1380	0.0520	0.1355	0.1094	0.3922
000161	Y	0.043941	0.281640	0.338911	0.2333	0.2258	0.1670	0.0660	0.1586	0.1088	0.3894
000162	V	0.023622	0.267317	0.352319	0.2209	0.2436	0.1940	0.0810	0.1582	0.1156	0.3956
000163	P	0.025269	0.271919	0.366755	0.2432	0.2645	0.2140	0.0870	0.1697	0.1200	0.4049
000164	V	0.027090	0.303642	0.384885	0.3399	0.2884	0.2390	0.0910	0.1996	0.1317	0.4121
000165	A	0.032904	0.328033	0.400722	0.3399	0.2752	0.2420	0.0820	0.2030	0.1349	0.4175
000166	N	0.038519	0.356505	0.415514	0.3096	0.3182	0.2650	0.0930	0.2147	0.1377	0.4244
000167	R	0.055196	0.410226	0.432590	0.3225	0.3392	0.2870	0.1060	0.2358	0.1430	0.4261
000168	Y	0.134356	0.466473	0.448747	0.3939	0.4409	0.3560	0.1230	0.2985	0.1356	0.4257
000169	E	0.217263	0.508179	0.464766	0.4651	0.5176	0.3940	0.1130	0.3503	0.1283	0.4301
000170	G	0.261169	0.553667	0.481478	0.4918	0.5296	0.4870	0.1230	0.3872	0.1249	0.4316
000171	T	0.345654	0.620380	0.502411	0.5043	0.5533	0.5080	0.1160	0.4220	0.1177	0.4317
000172	E	0.389669	0.666246	0.523610	0.5549	0.6576	0.5130	0.1270	0.4635	0.1282	0.4328
000173	D	0.452532	0.669002	0.544753	0.6079	0.5854	0.5040	0.1200	0.4698	0.1149	0.4295
000174	D	0.484741	0.670669	0.566929	0.5711	0.5758	0.4490	0.0950	0.4586	0.1182	0.4242
000175	Y	0.567948	0.666066	0.585082	0.5514	0.6620	0.4190	0.1040	0.4777	0.1278	0.4210
000176	G	0.644144	0.691963	0.603558	0.5941	0.7163	0.3280	0.1100	0.4958	0.1625	0.4289
000177	D	0.604985	0.698245	0.622979	0.5711	0.6948	0.3640	0.1500	0.4888	0.1529	0.4322
000178	D	0.547787	0.729052	0.640137	0.6079	0.7120	0.4770	0.2640	0.5123	0.1384	0.4238
000179	P	0.507707	0.730082	0.647812	0.6374	0.8235	0.4790	0.2690	0.5297	0.1608	0.4074
000180	S	0.422325	0.748002	0.654404	0.6412	0.6991	0.5070	0.2890	0.5030	0.1565	0.3971
000181	T	0.377022	0.730005	0.660924	0.6604	0.6043	0.5830	0.3020	0.4925	0.1565	0.3921
000182	N	0.314575	0.732013	0.669054	0.6219	0.4864	0.6060	0.2940	0.4602	0.1765	0.3887
000183	S	0.279260	0.706554	0.675090	0.5667	0.3872	0.5820	0.2300	0.4203	0.1895	0.3907
000184	F	0.193039	0.693828	0.681589	0.5126	0.2918	0.5970	0.2670	0.3814	0.2217	0.3944
000185	E	0.099665	0.700453	0.683862	0.4420	0.2918	0.5440	0.3020	0.3464	0.2420	0.3987
000186	K	0.057920	0.643304	0.679678	0.4556	0.3704	0.5140	0.2970	0.3402	0.2349	0.4029
000187	E	0.024087	0.605862	0.680013	0.4781	0.3631	0.4630	0.2720	0.3223	0.2391	0.4184
000188	K	0.019338	0.563720	0.681253	0.4651	0.2645	0.4220	0.2460	0.2891	0.2419	0.4308
000189	Q	0.019195	0.522541	0.679988	0.4556	0.2541	0.3930	0.2550	0.2740	0.2377	0.4116
000190	D	0.019541	0.455827	0.684405	0.3578	0.2364	0.3330	0.2470	0.2337	0.2322	0.3842
000191	Y	0.017955	0.385896	0.686900	0.3717	0.1583	0.2900	0.2210	0.2040	0.2375	0.3600
000192	V	0.015418	0.371281	0.682627	0.3762	0.1611	0.2190	0.1610	0.1904	0.2387	0.3392
000193	Y	0.012563	0.337692	0.674792	0.3096	0.1702	0.2090	0.1680	0.1732	0.2325	0.3226
000194	C	0.010125	0.297060	0.664568	0.3146	0.1823	0.2110	0.1650	0.1692	0.2273	0.3156
000195	L	0.008123	0.331158	0.652678	0.4203	0.2034	0.1890	0.1340	0.1920	0.2301	0.3093
000196	E	0.006345	0.338673	0.638779	0.4203	0.1349	0.1740	0.1150	0.1790	0.2334	0.3048
000197	S	0.005448	0.334809	0.624988	0.3668	0.0851	0.1730	0.1100	0.1608	0.2303	0.2978
000198	S	0.004888	0.339925	0.611783	0.2748	0.0581	0.1650	0.0840	0.1405	0.2257	0.2895
000199	L	0.004040	0.343887	0.603307	0.2167	0.0380	0.1860	0.0960	0.1314	0.2247	0.2761
000200	Q	0.012113	0.333810	0.599340	0.1667	0.0398	0.2350	0.1140	0.1312	0.2216	0.2714
000201	T	0.033931	0.338989	0.593636	0.1041	0.0398	0.2550	0.1340	0.1286	0.2213	0.2666
000202	Y	0.082490	0.333087	0.582551	0.1532	0.0765	0.2780	0.1460	0.1539	0.2010	0.2585
000203	N	0.131313	0.321547	0.569044	0.2041	0.0929	0.2300	0.1200	0.1633	0.1834	0.2523
000204	P	0.177792	0.305112	0.555000	0.2748	0.1048	0.1810	0.0920	0.1739	0.1720	0.2430
000205	D	0.217404	0.281445	0.540216	0.2963	0.1791	0.1650	0.0840	0.1899	0.1549	0.2282
000206	Y	0.257871	0.255962	0.526250	0.2748	0.2752	0.1670	0.0950	0.2052	0.1412	0.2148
000207	V	0.272819	0.235212	0.509820	0.2786	0.2752	0.1640	0.1030	0.2043	0.1361	0.2056
000208	L	0.299557	0.235059	0.493211	0.2963	0.2884	0.1560	0.1060	0.2126	0.1309	0.2010
000209	M	0.379384	0.262169	0.476812	0.3146	0.1969	0.1790	0.1110	0.2220	0.1306	0.2079
000210	V	0.437616	0.290866	0.461656	0.3939	0.1671	0.2050	0.1220	0.2491	0.1367	0.2198
000211	E	0.469146	0.317749	0.448016	0.2913	0.1823	0.2490	0.1390	0.2516	0.1269	0.2328
000212	D	0.482737	0.338324	0.430445	0.1921	0.1229	0.2890	0.1380	0.2376	0.1445	0.2524
000213	D	0.523162	0.358905	0.412214	0.2865	0.1275	0.3220	0.1350	0.2697	0.1389	0.2817
000214	A	0.568232	0.365850	0.397248	0.2080	0.1298	0.3410	0.1260	0.2689	0.1548	0.3107
000215	V	0.614830	0.352128	0.384874	0.1150	0.1070	0.3610	0.1220	0.2583	0.1852	0.3459
000216	P	0.686305	0.381055	0.377457	0.1150	0.0592	0.3570	0.1380	0.2664	0.2144	0.3868
000217	E	0.740956	0.398071	0.373056	0.1602	0.0618	0.3290	0.1240	0.2816	0.2229	0.4223
000218	E	0.680899	0.366387	0.364736	0.1416	0.0888	0.2930	0.1020	0.2617	0.2011	0.4182
000219	Q	0.639487	0.316078	0.355269	0.1380	0.1206	0.2490	0.0780	0.2439	0.1828	0.3881
000220	I	0.634705	0.280940	0.346903	0.1602	0.1501	0.1980	0.0590	0.2373	0.1765	0.3661
000221	F	0.651953	0.230181	0.331778	0.1878	0.1115	0.1670	0.0530	0.2248	0.1877	0.3416
000222	P	0.643185	0.189347	0.322377	0.1635	0.1007	0.1340	0.0410	0.2052	0.1930	0.3132
000223	V	0.627973	0.170765	0.314880	0.0771	0.1007	0.1210	0.0410	0.1830	0.1989	0.2915
000224	L	0.563216	0.162881	0.310689	0.0701	0.1070	0.1010	0.0290	0.1674	0.1802	0.2764
000225	E	0.490777	0.152557	0.305647	0.0935	0.1206	0.0940	0.0310	0.1587	0.1537	0.2592
000226	H	0.423366	0.161011	0.306827	0.1667	0.1115	0.0960	0.0330	0.1597	0.1276	0.2422
000227	L	0.408640	0.195018	0.310049	0.1380	0.0948	0.1050	0.0410	0.1568	0.1260	0.2286
000228	L	0.385798	0.225217	0.310654	0.0771	0.0929	0.1010	0.0330	0.1470	0.1290	0.2076
000229	R	0.322166	0.283019	0.315103	0.0643	0.0690	0.1060	0.0350	0.1407	0.1263	0.1886
000230	A	0.262524	0.348006	0.309301	0.0643	0.0380	0.1100	0.0370	0.1371	0.1327	0.1769
000231	R	0.204444	0.396213	0.296224	0.0991	0.0380	0.1200	0.0370	0.1430	0.1322	0.1672
000232	F	0.142798	0.410562	0.282195	0.1060	0.0494	0.1400	0.0470	0.1415	0.1303	0.1627
000233	S	0.128108	0.420722	0.272676	0.0502	0.0405	0.1430	0.0520	0.1304	0.1410	0.1625
000234	E	0.126136	0.399262	0.265744	0.0425	0.0372	0.1320	0.0420	0.1228	0.1358	0.1589
000235	P	0.130960	0.398156	0.257440	0.0789	0.0356	0.1160	0.0370	0.1266	0.1301	0.1503
000236	H	0.135865	0.355078	0.249511	0.0387	0.0300	0.1030	0.0310	0.1105	0.1235	0.1411
000237	L	0.135387	0.309570	0.243633	0.0218	0.0372	0.0890	0.0320	0.0989	0.1129	0.1312
000238	R	0.135237	0.287064	0.238281	0.0376	0.0704	0.0670	0.0300	0.0996	0.1011	0.1210
000239	D	0.152779	0.264841	0.232490	0.0771	0.1137	0.0620	0.0330	0.1118	0.0850	0.1180
000240	A	0.135027	0.247792	0.225947	0.0909	0.0719	0.0660	0.0330	0.1020	0.0817	0.1102
000241	L	0.127647	0.239800	0.221395	0.1060	0.0948	0.0590	0.0290	0.1046	0.0759	0.1010
000242	Y	0.119972	0.234831	0.218204	0.0607	0.0909	0.0520	0.0200	0.0930	0.0809	0.0930
000243	L	0.108358	0.217892	0.214854	0.1322	0.1092	0.0560	0.0230	0.1039	0.0689	0.0859
000244	K	0.093241	0.220757	0.210464	0.1205	0.0631	0.0580	0.0220	0.0926	0.0743	0.0771
000245	L	0.076354	0.224579	0.202653	0.0587	0.0618	0.0790	0.0330	0.0834	0.0767	0.0670
000246	Y	0.063530	0.228715	0.193148	0.0259	0.0618	0.1040	0.0500	0.0806	0.0804	0.0607
000247	H	0.063921	0.253591	0.181996	0.0268	0.0734	0.1100	0.0510	0.0879	0.0830	0.0570
000248	P	0.038920	0.283607	0.173737	0.0514	0.1349	0.1050	0.0450	0.1023	0.0872	0.0542
000249	E	0.089098	0.307040	0.165748	0.0567	0.1048	0.1320	0.0420	0.1150	0.0856	0.0510
000250	R	0.159403	0.333688	0.160237	0.0587	0.0929	0.1690	0.0350	0.1357	0.0906	0.0441
000251	L	0.192900	0.360159	0.155354	0.0464	0.0662	0.1800	0.0350	0.1410	0.1057	0.0399
000252	Q	0.228901	0.389577	0.150084	0.0771	0.0662	0.1690	0.0290	0.1551	0.1115	0.0351
000253	H	0.284994	0.400732	0.145040	0.0677	0.1275	0.1580	0.0260	0.1731	0.1144	0.0295
000254	Y	0.346339	0.393068	0.140355	0.0660	0.0985	0.1750	0.0310	0.1798	0.1254	0.0251
000255	I	0.399851	0.391392	0.134982	0.0677	0.0676	0.1760	0.0360	0.1838	0.1409	0.0207
000256	N	0.405130	0.364283	0.132820	0.0526	0.1115	0.1620	0.0310	0.1825	0.1338	0.0180
000257	P	0.400975	0.312101	0.125853	0.0542	0.1275	0.1160	0.0250	0.1685	0.1252	0.0154
000258	E	0.356934	0.277077	0.119413	0.0587	0.1349	0.0720	0.0170	0.1500	0.1114	0.0127
000259	P	0.295193	0.231182	0.116407	0.0297	0.0870	0.0620	0.0130	0.1174	0.0969	0.0103
000260	M	0.293945	0.174282	0.109584	0.0286	0.0454	0.0610	0.0130	0.1005	0.0937	0.0083
000261	R	0.275607	0.149056	0.107947	0.0194	0.0269	0.0580	0.0150	0.0882	0.0900	0.0072
000262	I	0.233275	0.123585	0.110349	0.0200	0.0463	0.0610	0.0190	0.0807	0.0721	0.0060
000263	L	0.187648	0.097807	0.112873	0.0084	0.0483	0.0640	0.0230	0.0678	0.0595	0.0055
000264	E	0.131307	0.090823	0.115524	0.0090	0.0300	0.0680	0.0240	0.0549	0.0478	0.0054
000265	W	0.114085	0.084546	0.116503	0.0231	0.0313	0.0790	0.0300	0.0554	0.0413	0.0049
000266	V	0.105581	0.069883	0.117659	0.0200	0.0605	0.0770	0.0300	0.0556	0.0373	0.0049
000267	G	0.097077	0.058412	0.119850	0.0086	0.0244	0.0740	0.0290	0.0438	0.0435	0.0052
000268	V	0.088049	0.058949	0.120939	0.0081	0.0133	0.0670	0.0240	0.0392	0.0445	0.0049
000269	G	0.055584	0.056067	0.121782	0.0029	0.0084	0.0650	0.0220	0.0313	0.0444	0.0046
000270	M	0.036923	0.048206	0.121757	0.0008	0.0065	0.0650	0.0210	0.0262	0.0452	0.0041
000271	L	0.019105	0.046907	0.122125	0.0006	0.0076	0.0610	0.0210	0.0226	0.0460	0.0037
000272	L	0.001232	0.049171	0.123137	0.0005	0.0052	0.0530	0.0200	0.0182	0.0482	0.0034
000273	G	0.001476	0.043559	0.124435	0.0008	0.0061	0.0470	0.0190	0.0165	0.0481	0.0030
000274	P	0.001638	0.039924	0.125578	0.0006	0.0079	0.0420	0.0180	0.0154	0.0482	0.0025
000275	L	0.001704	0.038467	0.124899	0.0005	0.0073	0.0400	0.0180	0.0147	0.0479	0.0021
000276	L	0.001781	0.034144	0.122879	0.0009	0.0130	0.0390	0.0170	0.0148	0.0466	0.0018
000277	T	0.001810	0.029479	0.119873	0.0021	0.0181	0.0350	0.0110	0.0144	0.0449	0.0016
000278	W	0.001940	0.030163	0.117856	0.0026	0.0097	0.0370	0.0100	0.0135	0.0447	0.0013
000279	I	0.002077	0.034592	0.115384	0.0044	0.0127	0.0450	0.0160	0.0164	0.0434	0.0012
000280	Y	0.002124	0.038458	0.113265	0.0009	0.0076	0.0590	0.0260	0.0180	0.0444	0.0013
000281	M	0.001981	0.052281	0.110797	0.0021	0.0097	0.0630	0.0260	0.0215	0.0439	0.0014
000282	R	0.001470	0.067909	0.108905	0.0012	0.0102	0.0740	0.0290	0.0259	0.0456	0.0016
000283	F	0.000938	0.088490	0.106660	0.0044	0.0117	0.0900	0.0320	0.0325	0.0485	0.0017
000284	A	0.000841	0.117981	0.104209	0.0013	0.0084	0.0890	0.0220	0.0363	0.0538	0.0020
000285	S	0.000782	0.163453	0.101386	0.0008	0.0052	0.0900	0.0170	0.0434	0.0646	0.0024
000286	R	0.000713	0.195937	0.101199	0.0008	0.0046	0.0730	0.0150	0.0459	0.0731	0.0027
000287	P	0.000675	0.206583	0.099551	0.0007	0.0059	0.0670	0.0170	0.0469	0.0760	0.0029
000288	G	0.000622	0.199095	0.097441	0.0004	0.0044	0.0730	0.0210	0.0462	0.0737	0.0031
000289	F	0.000500	0.189236	0.094720	0.0007	0.0047	0.0730	0.0260	0.0447	0.0703	0.0032
000290	S	0.000459	0.156240	0.093395	0.0006	0.0062	0.0590	0.0230	0.0370	0.0598	0.0031
000291	W	0.000459	0.113893	0.089784	0.0006	0.0071	0.0470	0.0170	0.0282	0.0474	0.0027
000292	P	0.000541	0.092417	0.086109	0.0008	0.0085	0.0350	0.0120	0.0229	0.0412	0.0025
000293	V	0.000526	0.080901	0.081160	0.0006	0.0064	0.0310	0.0100	0.0199	0.0377	0.0023
000294	M	0.000456	0.061629	0.076190	0.0013	0.0075	0.0290	0.0070	0.0167	0.0324	0.0022
000295	L	0.000443	0.051034	0.072254	0.0009	0.0090	0.0270	0.0050	0.0148	0.0295	0.0020
000296	F	0.000424	0.049664	0.068790	0.0006	0.0066	0.0280	0.0050	0.0143	0.0285	0.0019
000297	F	0.000366	0.053698	0.067882	0.0007	0.0054	0.0330	0.0080	0.0155	0.0290	0.0019
000298	S	0.000763	0.058944	0.065236	0.0004	0.0050	0.0390	0.0140	0.0173	0.0294	0.0019
000299	L	0.000768	0.065638	0.063113	0.0002	0.0050	0.0390	0.0110	0.0184	0.0302	0.0020
000300	Y	0.000768	0.074530	0.061834	0.0005	0.0073	0.0390	0.0070	0.0204	0.0315	0.0022
000301	S	0.000916	0.088978	0.060508	0.0005	0.0054	0.0370	0.0060	0.0221	0.0350	0.0027
000302	M	0.001158	0.107994	0.060796	0.0008	0.0054	0.0400	0.0060	0.0258	0.0404	0.0032
000303	G	0.005631	0.137324	0.061999	0.0004	0.0039	0.0420	0.0060	0.0315	0.0494	0.0037
000304	L	0.018705	0.147757	0.061201	0.0004	0.0050	0.0460	0.0070	0.0362	0.0512	0.0040
000305	V	0.028368	0.153680	0.061604	0.0003	0.0045	0.0520	0.0100	0.0399	0.0525	0.0047
000306	E	0.041402	0.160906	0.063920	0.0006	0.0059	0.0580	0.0150	0.0444	0.0541	0.0055
000307	L	0.060983	0.147096	0.068108	0.0007	0.0089	0.0690	0.0210	0.0477	0.0494	0.0062
000308	V	0.080935	0.125754	0.072663	0.0018	0.0100	0.0780	0.0260	0.0495	0.0448	0.0072
000309	G	0.098158	0.120676	0.077617	0.0021	0.0099	0.0760	0.0260	0.0511	0.0456	0.0082
000310	R	0.110777	0.121306	0.083439	0.0026	0.0165	0.0730	0.0240	0.0541	0.0466	0.0091
000311	H	0.127151	0.125038	0.091840	0.0062	0.0287	0.0840	0.0290	0.0619	0.0480	0.0095
000312	Y	0.139300	0.138075	0.098879	0.0075	0.0171	0.0950	0.0380	0.0662	0.0552	0.0096
000313	F	0.135081	0.163998	0.106449	0.0118	0.0134	0.1140	0.0480	0.0730	0.0608	0.0105
000314	L	0.138671	0.202569	0.115545	0.0069	0.0130	0.1160	0.0480	0.0796	0.0719	0.0115
000315	E	0.140365	0.240294	0.122157	0.0074	0.0141	0.1240	0.0550	0.0876	0.0821	0.0131
000316	L	0.136132	0.281078	0.126960	0.0131	0.0143	0.1700	0.0530	0.1024	0.0948	0.0138
000317	R	0.131568	0.305327	0.132280	0.0075	0.0146	0.1970	0.0490	0.1093	0.1052	0.0150
000318	R	0.124132	0.312580	0.141347	0.0083	0.0191	0.2130	0.0380	0.1128	0.1084	0.0160
000319	L	0.115456	0.332599	0.153606	0.0182	0.0281	0.2250	0.0500	0.1200	0.1127	0.0155
000320	S	0.121557	0.351536	0.163313	0.0137	0.0300	0.1850	0.0310	0.1170	0.1155	0.0155
000321	P	0.168023	0.356120	0.170316	0.0144	0.0202	0.1670	0.0360	0.1210	0.1180	0.0157
000322	S	0.220168	0.376186	0.178470	0.0194	0.0143	0.1920	0.0540	0.1370	0.1276	0.0162
000323	L	0.292820	0.388663	0.185489	0.0200	0.0263	0.2050	0.0720	0.1555	0.1364	0.0161
000324	Y	0.363279	0.357762	0.190488	0.0245	0.0690	0.1960	0.0670	0.1684	0.1327	0.0155
000325	S	0.352333	0.341282	0.194477	0.0478	0.0948	0.1180	0.0300	0.1591	0.1225	0.0156
000326	V	0.365126	0.323628	0.196521	0.0490	0.0592	0.0850	0.0240	0.1469	0.1307	0.0151
000327	V	0.372950	0.292208	0.198501	0.0744	0.0605	0.0770	0.0240	0.1461	0.1244	0.0151
000328	P	0.386412	0.273920	0.197977	0.0554	0.0253	0.0490	0.0130	0.1317	0.1375	0.0152
000329	A	0.374272	0.264339	0.198597	0.0350	0.0281	0.0470	0.0100	0.1248	0.1358	0.0154
000330	S	0.334304	0.236867	0.201251	0.0376	0.0398	0.0480	0.0120	0.1160	0.1198	0.0168
000331	Q	0.283657	0.210428	0.202675	0.0441	0.0463	0.0470	0.0140	0.1053	0.1024	0.0179
000332	C	0.201037	0.185888	0.203331	0.0286	0.0313	0.0490	0.0160	0.0826	0.0875	0.0188
000333	C	0.120884	0.185097	0.203396	0.0336	0.0253	0.0520	0.0190	0.0695	0.0790	0.0199
000334	T	0.119912	0.183073	0.201285	0.0441	0.0463	0.0570	0.0210	0.0750	0.0727	0.0215
000335	P	0.093358	0.190228	0.201140	0.0587	0.0909	0.0590	0.0220	0.0821	0.0673	0.0232
000336	A	0.077605	0.198557	0.200386	0.0621	0.0985	0.0690	0.0210	0.0843	0.0677	0.0244
000337	M	0.060676	0.196422	0.198692	0.1088	0.0870	0.0790	0.0220	0.0887	0.0645	0.0271
000338	L	0.051044	0.215896	0.196319	0.1635	0.1424	0.0980	0.0280	0.1119	0.0651	0.0302
000339	F	0.032933	0.248083	0.194604	0.0884	0.0662	0.1200	0.0400	0.0926	0.0812	0.0328
000340	P	0.041322	0.284065	0.192131	0.1088	0.0463	0.1230	0.0450	0.1005	0.0904	0.0366
000341	A	0.057966	0.308112	0.190469	0.0607	0.0463	0.1490	0.0530	0.1037	0.0988	0.0403
000342	P	0.054522	0.318693	0.186284	0.0363	0.0463	0.1310	0.0420	0.0978	0.1049	0.0457
000343	A	0.051491	0.317187	0.181244	0.0660	0.0443	0.1160	0.0400	0.0992	0.1008	0.0518
000344	A	0.050024	0.307956	0.175887	0.1292	0.0356	0.0950	0.0370	0.1029	0.0961	0.0596
000345	R	0.048544	0.288331	0.170323	0.0858	0.0209	0.0740	0.0300	0.0863	0.0946	0.0691
000346	R	0.048241	0.270702	0.166582	0.0425	0.0181	0.0650	0.0260	0.0742	0.0932	0.0746
000347	T	0.047530	0.254669	0.165045	0.0259	0.0227	0.0560	0.0210	0.0678	0.0901	0.0788
000348	L	0.042635	0.227604	0.159950	0.0327	0.0320	0.0480	0.0230	0.0639	0.0803	0.0810
000349	T	0.023992	0.198085	0.150398	0.0526	0.0240	0.0470	0.0260	0.0576	0.0716	0.0808
000350	Y	0.004090	0.176854	0.137951	0.0965	0.0555	0.0490	0.0270	0.0637	0.0622	0.0787
000351	L	0.002564	0.157314	0.127998	0.0405	0.0494	0.0540	0.0290	0.0506	0.0575	0.0757
000352	S	0.001745	0.148536	0.117722	0.0502	0.0690	0.0530	0.0260	0.0538	0.0517	0.0721
000353	Q	0.001533	0.137196	0.108337	0.0455	0.0414	0.0520	0.0210	0.0462	0.0486	0.0683
000354	V	0.001112	0.133544	0.100362	0.0621	0.0414	0.0540	0.0200	0.0487	0.0455	0.0650
000355	Y	0.000691	0.129117	0.094540	0.0621	0.0294	0.0590	0.0210	0.0467	0.0445	0.0598
000356	C	0.000447	0.149380	0.091141	0.0464	0.0157	0.0690	0.0220	0.0468	0.0518	0.0548
000357	H	0.000332	0.180055	0.088848	0.0252	0.0148	0.0720	0.0220	0.0487	0.0625	0.0560
000358	K	0.000233	0.202213	0.087463	0.0128	0.0094	0.0760	0.0200	0.0501	0.0716	0.0565
000359	G	0.000132	0.236711	0.086657	0.0259	0.0094	0.0760	0.0280	0.0580	0.0815	0.0576
000360	F	0.000032	0.267810	0.087501	0.0137	0.0092	0.0690	0.0230	0.0600	0.0934	0.0608
000361	G	0.000072	0.276934	0.086720	0.0137	0.0120	0.0680	0.0190	0.0618	0.0962	0.0684
000362	K	0.009047	0.278038	0.086699	0.0259	0.0198	0.0670	0.0190	0.0667	0.0933	0.0758
000363	D	0.038051	0.272351	0.085248	0.0173	0.0202	0.0860	0.0290	0.0723	0.0888	0.0837
000364	M	0.043739	0.244572	0.082792	0.0167	0.0209	0.1000	0.0410	0.0710	0.0789	0.0891
000365	A	0.047658	0.207325	0.081127	0.0274	0.0334	0.1000	0.0460	0.0693	0.0628	0.0950
000366	L	0.050177	0.201781	0.081041	0.0490	0.0518	0.0960	0.0380	0.0749	0.0554	0.1063
000367	Y	0.093486	0.188500	0.079599	0.1117	0.0424	0.1030	0.0410	0.0898	0.0461	0.1136
000368	S	0.145160	0.197189	0.076388	0.0935	0.0287	0.1040	0.0440	0.0947	0.0545	0.1170
000369	L	0.208451	0.221883	0.073621	0.0514	0.0188	0.1210	0.0560	0.1037	0.0776	0.1212
000370	L	0.271534	0.251066	0.070779	0.0336	0.0202	0.1300	0.0570	0.1178	0.1003	0.1225
000371	R	0.319380	0.270967	0.068352	0.0425	0.0543	0.1250	0.0460	0.1353	0.1096	0.1199
000372	A	0.323642	0.305702	0.064450	0.0464	0.0605	0.1240	0.0330	0.1433	0.1167	0.1105
000373	K	0.350177	0.348674	0.063052	0.0526	0.0327	0.1410	0.0280	0.1542	0.1353	0.1053
000374	G	0.401800	0.352921	0.063358	0.0526	0.0202	0.1640	0.0280	0.1653	0.1502	0.0995
000375	E	0.450712	0.343065	0.064450	0.0387	0.0287	0.1650	0.0310	0.1711	0.1617	0.0967
000376	R	0.458832	0.329357	0.065032	0.0297	0.0356	0.1580	0.0380	0.1686	0.1622	0.0934
000377	A	0.436953	0.294374	0.063659	0.0514	0.0334	0.1670	0.0460	0.1639	0.1479	0.0850
000378	Y	0.381466	0.260888	0.062289	0.0884	0.0662	0.1720	0.0490	0.1615	0.1174	0.0777
000379	V	0.328759	0.241859	0.060504	0.0425	0.0380	0.1560	0.0430	0.1345	0.1103	0.0708
000380	V	0.301345	0.240437	0.058994	0.0723	0.0300	0.1300	0.0410	0.1290	0.1000	0.0656
000381	E	0.304031	0.234134	0.057466	0.0660	0.0531	0.0990	0.0320	0.1261	0.0981	0.0604
000382	P	0.273560	0.210862	0.055672	0.0308	0.0494	0.0810	0.0240	0.1076	0.0921	0.0565
000383	N	0.218298	0.185063	0.055410	0.0425	0.0356	0.0800	0.0230	0.0936	0.0725	0.0541
000384	L	0.166891	0.182982	0.057269	0.0414	0.0364	0.0690	0.0240	0.0827	0.0603	0.0499
000385	V	0.115597	0.162267	0.060004	0.0231	0.0205	0.0600	0.0170	0.0636	0.0516	0.0475
000386	K	0.097833	0.159011	0.064450	0.0226	0.0205	0.0570	0.0140	0.0594	0.0488	0.0443
000387	H	0.100451	0.166519	0.068256	0.0099	0.0104	0.0620	0.0150	0.0582	0.0552	0.0410
000388	I	0.102868	0.168103	0.069962	0.0144	0.0123	0.0690	0.0160	0.0612	0.0546	0.0371
000389	G	0.084490	0.149043	0.070561	0.0118	0.0240	0.0660	0.0080	0.0560	0.0461	0.0373
000390	L	0.075722	0.155583	0.071266	0.0200	0.0364	0.0670	0.0100	0.0590	0.0444	0.0383
000391	F	0.096097	0.175014	0.069680	0.0405	0.0334	0.0810	0.0190	0.0710	0.0481	0.0388
000392	S	0.134528	0.205790	0.067976	0.0387	0.0188	0.0990	0.0310	0.0828	0.0637	0.0418
000393	S	0.184075	0.217010	0.065696	0.0141	0.0165	0.1380	0.0490	0.0950	0.0799	0.0449
000394	L	0.215115	0.244256	0.066428	0.0074	0.0120	0.1830	0.0810	0.1103	0.0969	0.0483
000395	R	0.226512	0.277559	0.067746	0.0200	0.0153	0.3420	0.0740	0.1469	0.1299	0.0533
000396	Y	0.238869	0.325866	0.069395	0.0455	0.0184	0.4380	0.1040	0.1777	0.1570	0.0557
000397	N	0.245793	0.412213	0.069010	0.0567	0.0138	0.4980	0.1020	0.2044	0.1860	0.0610
000398	F	0.269469	0.509473	0.069727	0.0813	0.0109	0.5920	0.0810	0.2439	0.2250	0.0674
000399	H	0.282155	0.628966	0.072698	0.1921	0.0163	0.5940	0.0660	0.2856	0.2379	0.0757
000400	P	0.205099	0.720649	0.074743	0.2385	0.0120	0.6350	0.0400	0.3018	0.2693	0.0799
000401	S	0.177847	0.781601	0.076709	0.3847	0.0171	0.7070	0.0790	0.3447	0.2974	0.0830
000402	L	0.312350	0.822666	0.078926	0.5473	0.0424	0.7890	0.0590	0.4190	0.3124	0.0872
000403	L	0.358849	0.835848	0.080992	0.5900	0.0294	0.8930	0.0210	0.4511	0.3381	0.0876