RESNUM	RES	VL-XT	VSL2B	VL3	IUPred-S	IUPred-L	PONDRFIT	FITERROR	MDP	MDPERROR	ANCHOR2
000001	M	0.981458	0.916021	0.135231	0.9604	0.8125	0.9940	0.0040	0.7773	0.3041	0.4077
000002	N	0.964196	0.898106	0.129804	0.9423	0.7163	0.9800	0.0260	0.7502	0.3010	0.4062
000003	T	0.806346	0.924938	0.124453	0.9316	0.5901	0.9920	0.0070	0.7076	0.3006	0.4090
000004	S	0.799803	0.917843	0.119861	0.8713	0.4864	0.9840	0.0130	0.6766	0.3033	0.4152
000005	P	0.828808	0.865906	0.116352	0.7951	0.4725	0.8990	0.1500	0.6436	0.2827	0.4241
000006	G	0.773877	0.756958	0.113469	0.6984	0.4901	0.8570	0.1900	0.5960	0.2517	0.4320
000007	T	0.740527	0.661936	0.111440	0.6412	0.4801	0.8310	0.1940	0.5592	0.2348	0.4260
000008	V	0.721902	0.597256	0.111262	0.5900	0.4940	0.9350	0.0520	0.5564	0.2503	0.4143
000009	G	0.704149	0.511221	0.111523	0.5229	0.4149	0.9300	0.0500	0.5138	0.2520	0.4058
000010	S	0.685499	0.444702	0.110572	0.4879	0.4441	0.7450	0.2140	0.4679	0.2055	0.3973
000011	D	0.671689	0.386324	0.108049	0.3630	0.4582	0.8540	0.1400	0.4556	0.2380	0.3888
000012	P	0.584359	0.324828	0.105616	0.4037	0.5017	0.6730	0.1410	0.4147	0.1858	0.3807
000013	V	0.499661	0.262846	0.102781	0.4037	0.4409	0.5070	0.1430	0.3524	0.1452	0.3731
000014	I	0.426271	0.221657	0.100380	0.3992	0.4369	0.3700	0.1600	0.3090	0.1246	0.3713
000015	L	0.372540	0.197130	0.098237	0.3456	0.3460	0.3130	0.1090	0.2624	0.0999	0.3762
000016	A	0.298941	0.193506	0.096323	0.3225	0.2328	0.2920	0.1250	0.2232	0.0789	0.3809
000017	T	0.228155	0.187573	0.082706	0.2432	0.2470	0.3080	0.1850	0.2024	0.0708	0.3844
000018	A	0.157155	0.168706	0.072739	0.1805	0.2164	0.2480	0.1540	0.1618	0.0559	0.3865
000019	G	0.082762	0.145817	0.060911	0.2385	0.2680	0.1520	0.0840	0.1478	0.0758	0.3905
000020	Y	0.007560	0.131237	0.051994	0.2080	0.2645	0.1010	0.0460	0.1187	0.0880	0.3930
000021	D	0.001484	0.127864	0.044828	0.2080	0.2645	0.0790	0.0350	0.1135	0.0917	0.3941
000022	H	0.001358	0.135259	0.043351	0.2080	0.1881	0.0730	0.0250	0.1009	0.0756	0.3963
000023	T	0.001205	0.155305	0.044503	0.1878	0.1007	0.0670	0.0200	0.0853	0.0642	0.3985
000024	V	0.000915	0.157885	0.046022	0.1698	0.1349	0.0670	0.0300	0.0883	0.0626	0.3988
000025	R	0.000835	0.150139	0.047950	0.1566	0.1881	0.0690	0.0400	0.0942	0.0675	0.3991
000026	F	0.000713	0.144639	0.051110	0.1998	0.2541	0.0810	0.0540	0.1134	0.0874	0.3982
000027	W	0.000681	0.141137	0.052921	0.2255	0.2258	0.0820	0.0520	0.1124	0.0851	0.3984
000028	Q	0.000722	0.131820	0.054284	0.2255	0.2328	0.0670	0.0350	0.1096	0.0875	0.4010
000029	A	0.000844	0.131658	0.056371	0.1878	0.2541	0.0620	0.0260	0.1061	0.0863	0.4042
000030	H	0.000966	0.143123	0.058789	0.1878	0.2645	0.0610	0.0170	0.1096	0.0894	0.4068
000031	S	0.000989	0.145548	0.060915	0.2657	0.3566	0.0710	0.0270	0.1401	0.1245	0.4111
000032	G	0.000949	0.155188	0.064424	0.2558	0.3426	0.0850	0.0320	0.1400	0.1174	0.4126
000033	I	0.002301	0.195136	0.069106	0.2602	0.3529	0.1220	0.0460	0.1553	0.1180	0.4144
000034	C	0.007874	0.247159	0.072972	0.2748	0.2988	0.1400	0.0620	0.1615	0.1087	0.4190
000035	T	0.030054	0.313514	0.075941	0.3359	0.3566	0.1660	0.0770	0.2004	0.1299	0.4240
000036	R	0.045864	0.359249	0.077745	0.2700	0.3249	0.2150	0.0870	0.2025	0.1186	0.4282
000037	T	0.073963	0.391674	0.079352	0.3535	0.3426	0.2740	0.0960	0.2393	0.1298	0.4330
000038	V	0.110694	0.406606	0.079996	0.3992	0.4476	0.3030	0.0980	0.2779	0.1460	0.4322
000039	Q	0.147712	0.408822	0.079943	0.3096	0.3807	0.2960	0.0930	0.2571	0.1197	0.4308
000040	H	0.176529	0.441764	0.083619	0.3456	0.4087	0.3100	0.1030	0.2804	0.1272	0.4290
000041	Q	0.231275	0.479088	0.089131	0.2865	0.4369	0.3060	0.1060	0.2899	0.1300	0.4291
000042	D	0.285678	0.503333	0.096811	0.2820	0.4507	0.3060	0.1250	0.3047	0.1322	0.4284
000043	S	0.354386	0.527196	0.101923	0.3096	0.4541	0.2760	0.1240	0.3202	0.1364	0.4286
000044	Q	0.406832	0.536909	0.106472	0.3939	0.5296	0.2740	0.1350	0.3568	0.1504	0.4287
000045	V	0.471691	0.497023	0.110583	0.4781	0.5992	0.2610	0.1340	0.3845	0.1660	0.4274
000046	N	0.522872	0.470904	0.111609	0.4879	0.5055	0.2380	0.1080	0.3708	0.1580	0.4284
000047	A	0.576848	0.458206	0.112751	0.4556	0.4766	0.2360	0.0960	0.3672	0.1602	0.4258
000048	L	0.621303	0.450455	0.112563	0.3885	0.4476	0.1880	0.0640	0.3494	0.1719	0.4223
000049	E	0.692161	0.418612	0.111540	0.4245	0.4801	0.1770	0.0710	0.3654	0.1941	0.4219
000050	V	0.719893	0.392049	0.109697	0.3939	0.4652	0.1750	0.0780	0.3577	0.2000	0.4204
000051	T	0.730545	0.380264	0.108378	0.3668	0.3840	0.1590	0.0740	0.3368	0.2016	0.4209
000052	P	0.708718	0.359457	0.106471	0.3630	0.3840	0.1710	0.0810	0.3311	0.1929	0.4186
000053	D	0.688213	0.344460	0.104059	0.2865	0.3740	0.1840	0.0860	0.3128	0.1856	0.4166
000054	R	0.648877	0.342470	0.102292	0.3053	0.3053	0.1550	0.0800	0.2928	0.1755	0.4148
000055	S	0.601028	0.327651	0.101029	0.3053	0.2951	0.1430	0.0650	0.2786	0.1619	0.4128
000056	M	0.535054	0.302825	0.099552	0.2820	0.3149	0.1280	0.0520	0.2605	0.1437	0.4105
000057	I	0.484584	0.286711	0.098789	0.2820	0.2258	0.1350	0.0610	0.2358	0.1262	0.4073
000058	A	0.424847	0.284933	0.095220	0.2748	0.2645	0.1270	0.0580	0.2293	0.1104	0.4067
000059	A	0.366766	0.277713	0.092527	0.2786	0.2645	0.1110	0.0460	0.2164	0.0992	0.4070
000060	A	0.349619	0.265820	0.088426	0.2865	0.2541	0.1110	0.0410	0.2111	0.0956	0.4056
000061	G	0.387502	0.246333	0.083871	0.2657	0.3087	0.0990	0.0360	0.2178	0.1097	0.4057
000062	Y	0.407568	0.216515	0.079719	0.2700	0.3149	0.0960	0.0300	0.2175	0.1169	0.4044
000063	Q	0.463810	0.197218	0.075387	0.2432	0.2951	0.0900	0.0290	0.2149	0.1320	0.4058
000064	H	0.529955	0.190562	0.068021	0.2292	0.3087	0.1010	0.0270	0.2266	0.1533	0.4084
000065	I	0.585265	0.195818	0.061942	0.2209	0.3149	0.1560	0.0690	0.2455	0.1658	0.4121
000066	R	0.647629	0.223408	0.055861	0.2432	0.3426	0.1480	0.0580	0.2675	0.1878	0.4183
000067	M	0.661733	0.270527	0.049882	0.2700	0.3087	0.1900	0.0610	0.2836	0.1859	0.4243
000068	Y	0.648507	0.325896	0.045229	0.3717	0.3117	0.2170	0.0470	0.3125	0.1812	0.4301
000069	D	0.660828	0.386494	0.041666	0.3225	0.3321	0.2380	0.0560	0.3234	0.1846	0.4325
000070	L	0.614246	0.421626	0.038201	0.2700	0.2783	0.3160	0.0570	0.3167	0.1736	0.4274
000071	N	0.608708	0.488787	0.032895	0.3005	0.3149	0.3370	0.0740	0.3416	0.1783	0.4202
000072	S	0.574499	0.523091	0.026044	0.2122	0.3149	0.3640	0.0920	0.3314	0.1847	0.4158
000073	N	0.521033	0.534009	0.018632	0.2913	0.3460	0.4040	0.1110	0.3494	0.1729	0.4096
000074	N	0.459679	0.554773	0.014378	0.2657	0.3460	0.3930	0.1190	0.3365	0.1707	0.4078
000075	P	0.432988	0.547642	0.009651	0.2080	0.3426	0.3370	0.0930	0.3114	0.1703	0.4069
000076	N	0.476382	0.500077	0.005385	0.2865	0.4220	0.3400	0.0990	0.3375	0.1662	0.4057
000077	P	0.566240	0.486214	0.003623	0.2786	0.3494	0.2900	0.0820	0.3284	0.1786	0.4078
000078	I	0.607719	0.444728	0.002294	0.3096	0.3599	0.2700	0.0780	0.3321	0.1837	0.4106
000079	I	0.567739	0.376131	0.002367	0.3184	0.4441	0.2450	0.0670	0.3252	0.1762	0.4113
000080	S	0.500738	0.348712	0.003552	0.2748	0.3740	0.1990	0.0610	0.2829	0.1556	0.4089
000081	Y	0.447785	0.328115	0.005056	0.3535	0.4507	0.2000	0.0780	0.2967	0.1555	0.4081
000082	D	0.418331	0.314033	0.006071	0.3005	0.3494	0.1720	0.0740	0.2590	0.1353	0.4060
000083	G	0.416403	0.302568	0.006998	0.2963	0.3529	0.1770	0.0680	0.2575	0.1336	0.4050
000084	V	0.366166	0.319360	0.007879	0.2209	0.3631	0.1770	0.0520	0.2412	0.1262	0.4058
000085	N	0.269341	0.345353	0.007760	0.2080	0.3667	0.1640	0.0540	0.2255	0.1209	0.4016
000086	K	0.169556	0.334313	0.007725	0.1878	0.3392	0.1630	0.0630	0.1989	0.1132	0.3988
000087	N	0.066478	0.346288	0.008502	0.1921	0.3321	0.1700	0.0700	0.1845	0.1246	0.3956
000088	I	0.063516	0.340372	0.008134	0.1667	0.2224	0.1750	0.0770	0.1613	0.1073	0.3953
000089	A	0.062043	0.333307	0.012010	0.2292	0.2609	0.1500	0.0700	0.1726	0.1121	0.3971
000090	S	0.051785	0.294435	0.015124	0.2292	0.2503	0.1550	0.0810	0.1635	0.1029	0.4035
000091	V	0.043884	0.275845	0.019538	0.2041	0.2541	0.1450	0.0730	0.1539	0.0980	0.4153
000092	G	0.035976	0.243174	0.023263	0.2080	0.3356	0.1340	0.0650	0.1594	0.1117	0.4237
000093	F	0.025399	0.218286	0.026585	0.1921	0.3182	0.1360	0.0660	0.1483	0.1047	0.4317
000094	H	0.030698	0.237095	0.028301	0.1958	0.3356	0.0970	0.0350	0.1494	0.1126	0.4308
000095	E	0.037827	0.264835	0.031508	0.2483	0.4051	0.0990	0.0390	0.1759	0.1363	0.4317
000096	D	0.047975	0.271750	0.035432	0.2531	0.3019	0.1080	0.0370	0.1638	0.1093	0.4287
000097	G	0.054482	0.303452	0.039942	0.2558	0.3087	0.1140	0.0450	0.1728	0.1137	0.4304
000098	R	0.057260	0.293875	0.045981	0.1766	0.2752	0.1250	0.0430	0.1546	0.0971	0.4249
000099	W	0.059741	0.278834	0.050607	0.2385	0.3460	0.1100	0.0450	0.1722	0.1135	0.4164
000100	M	0.056101	0.265812	0.055832	0.2333	0.2951	0.0950	0.0340	0.1576	0.1007	0.3951
000101	Y	0.063247	0.273680	0.060407	0.2209	0.2129	0.0840	0.0270	0.1425	0.0863	0.3700
000102	T	0.087584	0.263797	0.062833	0.2041	0.2783	0.0770	0.0240	0.1518	0.0903	0.3485
000103	G	0.177686	0.265220	0.065988	0.1456	0.2034	0.0840	0.0240	0.1460	0.0692	0.3309
000104	G	0.264699	0.247292	0.068589	0.2122	0.2951	0.0840	0.0250	0.1839	0.0885	0.3152
000105	E	0.267430	0.221205	0.070656	0.1532	0.2884	0.0740	0.0270	0.1674	0.0873	0.3074
000106	D	0.274143	0.184599	0.074048	0.1380	0.2715	0.0650	0.0240	0.1556	0.0851	0.3012
000107	C	0.279249	0.165261	0.078484	0.1380	0.2645	0.0560	0.0170	0.1506	0.0856	0.2905
000108	T	0.286750	0.160146	0.083432	0.1322	0.1942	0.0520	0.0160	0.1376	0.0777	0.2963
000109	A	0.328623	0.151639	0.088525	0.1322	0.2002	0.0530	0.0180	0.1443	0.0901	0.3001
000110	R	0.352643	0.144635	0.093559	0.1292	0.1942	0.0560	0.0170	0.1462	0.0967	0.3021
000111	I	0.351416	0.146197	0.098033	0.1532	0.2364	0.0570	0.0150	0.1574	0.0980	0.3043
000112	W	0.283445	0.130547	0.102873	0.1150	0.3149	0.0550	0.0150	0.1498	0.0982	0.3038
000113	D	0.191892	0.136056	0.106204	0.1178	0.2436	0.0520	0.0140	0.1236	0.0641	0.2851
000114	L	0.187248	0.158813	0.110084	0.1088	0.1583	0.0560	0.0180	0.1115	0.0470	0.2663
000115	R	0.181498	0.173548	0.114125	0.0677	0.1702	0.0560	0.0210	0.1082	0.0545	0.2515
000116	S	0.185428	0.168244	0.118769	0.0405	0.1137	0.0580	0.0220	0.0943	0.0563	0.2373
000117	R	0.175701	0.178283	0.122825	0.0395	0.1115	0.0600	0.0230	0.0942	0.0563	0.2267
000118	N	0.131285	0.179127	0.127795	0.0464	0.1583	0.0600	0.0240	0.0958	0.0530	0.2174
000119	L	0.093065	0.160677	0.132490	0.0455	0.1791	0.0610	0.0240	0.0899	0.0541	0.2085
000120	Q	0.064238	0.157302	0.135406	0.0441	0.1399	0.0590	0.0220	0.0774	0.0505	0.2004
000121	C	0.036232	0.165302	0.138635	0.0567	0.1476	0.0520	0.0150	0.0763	0.0570	0.1970
000122	Q	0.032373	0.151085	0.141839	0.0514	0.1298	0.0470	0.0140	0.0687	0.0547	0.2062
000123	R	0.024093	0.132183	0.146118	0.0832	0.1528	0.0440	0.0150	0.0727	0.0558	0.2116
000124	I	0.015745	0.115578	0.150982	0.0387	0.0817	0.0460	0.0190	0.0496	0.0531	0.2311
000125	F	0.003733	0.095505	0.156013	0.0405	0.0835	0.0440	0.0190	0.0445	0.0551	0.2393
000126	Q	0.003302	0.078146	0.160342	0.0200	0.0835	0.0420	0.0170	0.0378	0.0581	0.2389
000127	V	0.002704	0.072867	0.161694	0.0090	0.0985	0.0420	0.0160	0.0376	0.0611	0.2405
000128	N	0.001345	0.069323	0.163922	0.0094	0.1048	0.0440	0.0160	0.0381	0.0625	0.2388
000129	A	0.001372	0.066519	0.167078	0.0128	0.1048	0.0440	0.0150	0.0382	0.0631	0.2389
000130	P	0.001409	0.067651	0.169684	0.0245	0.1373	0.0430	0.0150	0.0456	0.0667	0.2303
000131	I	0.001608	0.072469	0.171036	0.0231	0.1424	0.0440	0.0170	0.0473	0.0679	0.2224
000132	N	0.003893	0.075332	0.172234	0.0464	0.1583	0.0400	0.0140	0.0540	0.0684	0.2096
000133	C	0.005828	0.079909	0.174630	0.0490	0.1007	0.0380	0.0110	0.0456	0.0612	0.1970
000134	V	0.009169	0.085929	0.177338	0.0304	0.0719	0.0400	0.0110	0.0395	0.0622	0.2012
000135	C	0.014600	0.086499	0.182049	0.0304	0.1115	0.0420	0.0120	0.0475	0.0647	0.2020
000136	L	0.021048	0.086886	0.186147	0.0350	0.1914	0.0490	0.0140	0.0639	0.0759	0.2192
000137	H	0.023216	0.105322	0.191155	0.0363	0.1914	0.0580	0.0200	0.0691	0.0758	0.2385
000138	P	0.025641	0.119222	0.194649	0.0587	0.2364	0.0750	0.0370	0.0858	0.0818	0.2577
000139	N	0.026713	0.142952	0.196934	0.0643	0.2292	0.0930	0.0540	0.0927	0.0787	0.2789
000140	Q	0.030278	0.177562	0.199648	0.0832	0.2292	0.0990	0.0560	0.1032	0.0779	0.3026
000141	A	0.028146	0.225894	0.201227	0.0677	0.1449	0.1020	0.0580	0.0948	0.0777	0.3313
000142	E	0.027518	0.259252	0.203410	0.1018	0.2034	0.0950	0.0430	0.1144	0.0865	0.3590
000143	L	0.025483	0.271482	0.205575	0.0643	0.1349	0.1030	0.0420	0.0999	0.0900	0.3887
000144	I	0.021455	0.301626	0.209106	0.1292	0.1449	0.1080	0.0490	0.1176	0.0935	0.4127
000145	V	0.015583	0.299921	0.212611	0.1266	0.2002	0.0950	0.0480	0.1229	0.0980	0.4277
000146	G	0.014790	0.282231	0.216633	0.1566	0.2193	0.0850	0.0500	0.1264	0.0967	0.4253
000147	D	0.012782	0.261044	0.220633	0.2558	0.2884	0.0840	0.0500	0.1503	0.1086	0.4168
000148	Q	0.012201	0.246039	0.224064	0.1878	0.2884	0.0810	0.0480	0.1359	0.1034	0.4105
000149	S	0.009090	0.203228	0.225354	0.1532	0.2752	0.0760	0.0410	0.1194	0.0981	0.4026
000150	G	0.010640	0.168644	0.226164	0.1566	0.2609	0.0730	0.0300	0.1117	0.0933	0.3918
000151	A	0.010935	0.158535	0.228810	0.1698	0.2575	0.0740	0.0270	0.1118	0.0932	0.3831
000152	I	0.010881	0.151390	0.231836	0.2041	0.3019	0.0790	0.0300	0.1246	0.1041	0.3816
000153	H	0.012127	0.158916	0.233388	0.1921	0.2918	0.0800	0.0360	0.1226	0.1009	0.3801
000154	I	0.027067	0.182477	0.233647	0.3053	0.2918	0.0910	0.0380	0.1495	0.1089	0.3799
000155	W	0.050513	0.210196	0.233320	0.3939	0.2951	0.1010	0.0410	0.1752	0.1210	0.3797
000156	D	0.105755	0.235146	0.234508	0.3806	0.3740	0.1110	0.0370	0.2011	0.1166	0.3857
000157	L	0.152083	0.254100	0.235630	0.3053	0.3910	0.1360	0.0430	0.2065	0.0956	0.3936
000158	K	0.205173	0.294633	0.238457	0.3225	0.4051	0.1500	0.0510	0.2296	0.0919	0.4024
000159	T	0.257238	0.309160	0.241840	0.3399	0.4119	0.1960	0.0840	0.2523	0.0813	0.4083
000160	D	0.319877	0.337679	0.241955	0.3668	0.3631	0.2340	0.1110	0.2702	0.0673	0.4123
000161	H	0.395355	0.401684	0.244858	0.3885	0.3599	0.2820	0.1400	0.3046	0.0728	0.4196
000162	N	0.485266	0.433463	0.244427	0.3630	0.3149	0.3340	0.1400	0.3218	0.0886	0.4278
000163	E	0.556060	0.463728	0.243711	0.4379	0.3910	0.3970	0.1530	0.3742	0.1024	0.4283
000164	Q	0.617295	0.496243	0.242293	0.3668	0.3872	0.4120	0.1460	0.3800	0.1225	0.4312
000165	L	0.652436	0.522044	0.240502	0.4379	0.4369	0.4070	0.1260	0.4094	0.1303	0.4327
000166	I	0.700904	0.534077	0.235773	0.5173	0.5176	0.3580	0.1240	0.4381	0.1517	0.4329
000167	P	0.742610	0.555643	0.231984	0.4703	0.4292	0.3180	0.1070	0.4193	0.1689	0.4328
000168	E	0.787457	0.554992	0.228575	0.5331	0.5211	0.3200	0.1160	0.4529	0.1832	0.4278
000169	P	0.823512	0.557966	0.223169	0.4749	0.5533	0.2990	0.1040	0.4515	0.1983	0.4230
000170	E	0.838680	0.529626	0.219705	0.4825	0.5620	0.3050	0.0950	0.4530	0.2015	0.4190
000171	V	0.837674	0.495257	0.216592	0.4879	0.5211	0.3040	0.1050	0.4410	0.1992	0.4181
000172	S	0.847263	0.486126	0.214167	0.4967	0.5176	0.2920	0.0840	0.4400	0.2042	0.4167
000173	I	0.859933	0.463720	0.211261	0.4703	0.4220	0.3380	0.1050	0.4256	0.2024	0.4146
000174	T	0.860838	0.474987	0.206734	0.4458	0.3740	0.3630	0.1260	0.4198	0.2037	0.4163
000175	S	0.862951	0.474399	0.201348	0.3578	0.3392	0.3730	0.1270	0.4012	0.2102	0.4117
000176	A	0.860745	0.461920	0.195385	0.4078	0.3872	0.3570	0.1100	0.4125	0.2059	0.4064
000177	H	0.864140	0.479606	0.189502	0.4458	0.4051	0.3230	0.1200	0.4196	0.2099	0.4004
000178	I	0.871099	0.492372	0.183013	0.3847	0.3840	0.3170	0.1260	0.4082	0.2166	0.3933
000179	D	0.882586	0.492771	0.176788	0.2963	0.3599	0.3210	0.1170	0.3920	0.2282	0.3913
000180	P	0.870661	0.518876	0.170273	0.2602	0.3356	0.2850	0.0940	0.3783	0.2345	0.3918
000181	D	0.822627	0.529750	0.164281	0.2385	0.3182	0.2400	0.0740	0.3582	0.2282	0.3931
000182	A	0.739913	0.484216	0.158301	0.2865	0.3740	0.2170	0.0710	0.3503	0.1954	0.3953
000183	S	0.647953	0.429028	0.152318	0.2820	0.2752	0.1790	0.0460	0.3022	0.1705	0.3980
000184	Y	0.550571	0.403330	0.146491	0.3535	0.2575	0.1700	0.0440	0.2891	0.1421	0.4027
000185	M	0.457487	0.356831	0.141231	0.3005	0.2034	0.1450	0.0350	0.2439	0.1180	0.4073
000186	A	0.356928	0.314285	0.134968	0.2167	0.1399	0.1330	0.0370	0.1934	0.0929	0.4161
000187	A	0.250111	0.296147	0.127001	0.1958	0.1643	0.1160	0.0390	0.1704	0.0680	0.4218
000188	V	0.155948	0.275859	0.119852	0.1495	0.1137	0.1140	0.0340	0.1348	0.0601	0.4312
000189	N	0.080202	0.234870	0.113623	0.2080	0.1643	0.1200	0.0420	0.1345	0.0577	0.4271
000190	S	0.034932	0.202886	0.106363	0.1380	0.1554	0.1290	0.0490	0.1100	0.0540	0.4215
000191	T	0.020752	0.176782	0.101344	0.1178	0.1373	0.1140	0.0470	0.0945	0.0500	0.4175
000192	G	0.021508	0.140671	0.094235	0.1060	0.0870	0.0890	0.0330	0.0740	0.0388	0.4155
000193	N	0.021744	0.118729	0.090362	0.1205	0.1007	0.0720	0.0250	0.0724	0.0369	0.4183
000194	C	0.021989	0.099986	0.086742	0.0744	0.1115	0.0610	0.0220	0.0615	0.0325	0.4234
000195	Y	0.021417	0.088205	0.082994	0.1117	0.1881	0.0540	0.0130	0.0772	0.0537	0.4326
000196	V	0.021335	0.080260	0.079671	0.1349	0.1671	0.0480	0.0120	0.0752	0.0512	0.4254
000197	W	0.012177	0.079364	0.077137	0.1635	0.1914	0.0530	0.0130	0.0833	0.0634	0.4154
000198	N	0.008532	0.077919	0.074610	0.1380	0.2193	0.0550	0.0190	0.0832	0.0683	0.4193
000199	L	0.005953	0.084419	0.071784	0.1844	0.2002	0.0620	0.0200	0.0895	0.0699	0.4183
000200	T	0.003613	0.106574	0.070086	0.1958	0.1373	0.0660	0.0210	0.0849	0.0615	0.4189
000201	G	0.002893	0.127047	0.067819	0.1380	0.1611	0.0940	0.0250	0.0871	0.0535	0.4141
000202	G	0.003523	0.143053	0.064308	0.0935	0.1583	0.1200	0.0240	0.0864	0.0531	0.4082
000203	I	0.006026	0.193143	0.063308	0.1117	0.1583	0.1440	0.0230	0.1023	0.0633	0.4042
000204	G	0.019831	0.233372	0.063789	0.1088	0.1528	0.1300	0.0250	0.1074	0.0683	0.4119
000205	D	0.028120	0.266830	0.066005	0.1456	0.1823	0.1280	0.0270	0.1252	0.0782	0.4215
000206	E	0.042100	0.297677	0.068732	0.2080	0.2884	0.1290	0.0370	0.1609	0.1007	0.4326
000207	V	0.072509	0.304310	0.072565	0.1878	0.3117	0.1610	0.0600	0.1728	0.0975	0.4222
000208	T	0.096000	0.279407	0.077134	0.2865	0.3872	0.1600	0.0570	0.2015	0.1126	0.4057
000209	Q	0.116884	0.266109	0.084229	0.2483	0.3840	0.1510	0.0490	0.1943	0.1034	0.4015
000210	L	0.136955	0.283243	0.093298	0.3096	0.4619	0.1680	0.0650	0.2266	0.1256	0.3938
000211	I	0.155072	0.314933	0.101239	0.3053	0.3704	0.1760	0.0720	0.2203	0.0992	0.3796
000212	P	0.155127	0.359740	0.106159	0.3146	0.3460	0.1740	0.0640	0.2249	0.1020	0.3535
000213	K	0.153580	0.405410	0.111260	0.2483	0.2715	0.1780	0.0650	0.2094	0.0979	0.3271
000214	T	0.145434	0.432515	0.115805	0.2913	0.3494	0.1800	0.0920	0.2332	0.1161	0.3101
000215	K	0.132024	0.399856	0.121459	0.2292	0.2399	0.1490	0.0750	0.1916	0.0978	0.3020
000216	I	0.102325	0.375401	0.126754	0.2292	0.2292	0.1230	0.0560	0.1765	0.0966	0.2868
000217	P	0.080983	0.344487	0.132099	0.1266	0.1349	0.0880	0.0220	0.1291	0.0917	0.2668
000218	A	0.064606	0.293034	0.137575	0.1805	0.1731	0.0770	0.0180	0.1314	0.0793	0.2571
000219	H	0.046983	0.243719	0.141703	0.1240	0.1942	0.0690	0.0160	0.1130	0.0718	0.2510
000220	T	0.029522	0.214603	0.145491	0.1178	0.1969	0.0640	0.0140	0.1038	0.0707	0.2455
000221	R	0.027627	0.188481	0.148688	0.1958	0.2645	0.0600	0.0160	0.1227	0.0851	0.2438
000222	Y	0.017340	0.178678	0.150960	0.2657	0.3321	0.0630	0.0210	0.1428	0.1113	0.2444
000223	A	0.021090	0.187186	0.152217	0.2333	0.2328	0.0650	0.0250	0.1232	0.0846	0.2465
000224	L	0.021217	0.211471	0.154134	0.2333	0.1702	0.0700	0.0310	0.1177	0.0794	0.2521
000225	Q	0.021294	0.230283	0.156544	0.1698	0.1476	0.0680	0.0300	0.1062	0.0734	0.2524
000226	C	0.020886	0.246394	0.158642	0.1240	0.1528	0.0720	0.0320	0.1027	0.0757	0.2533
000227	R	0.021508	0.260008	0.160402	0.1602	0.1323	0.0770	0.0390	0.1085	0.0790	0.2712
000228	F	0.021235	0.284496	0.164870	0.1322	0.1115	0.0770	0.0340	0.1043	0.0862	0.2837
000229	S	0.021600	0.294631	0.168775	0.0858	0.1115	0.0740	0.0250	0.0980	0.0917	0.2782
000230	P	0.021075	0.321502	0.174137	0.0909	0.1229	0.0770	0.0280	0.1055	0.0999	0.2766
000231	D	0.018624	0.341665	0.179828	0.0789	0.1275	0.0910	0.0410	0.1097	0.1070	0.2730
000232	S	0.014592	0.358049	0.186786	0.0771	0.1275	0.0930	0.0400	0.1118	0.1137	0.2671
000233	T	0.013875	0.352995	0.196213	0.1240	0.1206	0.1040	0.0380	0.1193	0.1095	0.2634
000234	L	0.012874	0.373156	0.209375	0.1380	0.1323	0.1120	0.0370	0.1281	0.1157	0.2569
000235	L	0.011422	0.367425	0.218987	0.1150	0.1373	0.1240	0.0390	0.1259	0.1157	0.2418
000236	A	0.006582	0.362820	0.226385	0.1088	0.0835	0.1320	0.0480	0.1156	0.1202	0.2284
000237	T	0.004483	0.354858	0.227528	0.1456	0.1528	0.1320	0.0380	0.1317	0.1124	0.2175
000238	C	0.002420	0.368632	0.226344	0.0991	0.1554	0.1400	0.0330	0.1276	0.1192	0.2025
000239	S	0.001882	0.357872	0.222497	0.1566	0.2328	0.1230	0.0240	0.1454	0.1154	0.1984
000240	A	0.001497	0.354993	0.216748	0.1532	0.2470	0.1180	0.0260	0.1458	0.1160	0.2011
000241	D	0.001311	0.362690	0.210596	0.1240	0.1399	0.1040	0.0250	0.1220	0.1162	0.1982
000242	Q	0.001318	0.350039	0.206277	0.1240	0.1275	0.0940	0.0230	0.1162	0.1130	0.2026
000243	T	0.001378	0.336415	0.203586	0.0771	0.0870	0.0820	0.0200	0.0973	0.1143	0.2057
000244	C	0.001117	0.305059	0.199775	0.0789	0.0719	0.0720	0.0150	0.0881	0.1062	0.2149
000245	K	0.001081	0.289979	0.195661	0.0832	0.1115	0.0640	0.0160	0.0917	0.0996	0.2410
000246	I	0.001081	0.265230	0.192280	0.1088	0.1791	0.0700	0.0150	0.1040	0.0924	0.2764
000247	W	0.001235	0.279616	0.189749	0.1266	0.1424	0.0950	0.0260	0.1075	0.0907	0.3081
000248	R	0.001523	0.260322	0.188170	0.1380	0.1349	0.1230	0.0390	0.1096	0.0839	0.3263
000249	T	0.001840	0.271793	0.184834	0.1732	0.1554	0.1560	0.0550	0.1263	0.0856	0.3373
000250	S	0.002135	0.301682	0.182072	0.1698	0.1554	0.1880	0.0760	0.1361	0.0928	0.3508
000251	N	0.003377	0.304305	0.178632	0.1566	0.1731	0.2260	0.0860	0.1440	0.0953	0.3652
000252	F	0.004145	0.315302	0.175588	0.1532	0.1611	0.2700	0.0860	0.1506	0.1029	0.3863
000253	S	0.013885	0.374238	0.172912	0.1416	0.1611	0.3040	0.0980	0.1658	0.1199	0.3905
000254	L	0.092843	0.383010	0.172600	0.1456	0.1791	0.3400	0.1160	0.1901	0.1092	0.3928
000255	M	0.161839	0.409610	0.173069	0.2333	0.2752	0.3380	0.1380	0.2363	0.0926	0.3808
000256	T	0.244632	0.434412	0.172474	0.2657	0.2951	0.3090	0.1310	0.2582	0.0843	0.3432
000257	E	0.325117	0.472277	0.171754	0.3225	0.3599	0.3240	0.1280	0.3006	0.0924	0.3103
000258	L	0.339516	0.504206	0.171666	0.3939	0.4292	0.3120	0.1210	0.3298	0.1079	0.2827
000259	S	0.403973	0.520394	0.167666	0.3847	0.4292	0.2720	0.1080	0.3351	0.1172	0.2590
000260	I	0.408831	0.549874	0.163956	0.3847	0.4256	0.2850	0.1060	0.3423	0.1234	0.2410
000261	K	0.420952	0.587927	0.157209	0.3806	0.3529	0.3160	0.1140	0.3431	0.1309	0.2118
000262	S	0.414120	0.627650	0.150328	0.3885	0.3182	0.3910	0.1060	0.3566	0.1432	0.1963
000263	G	0.337894	0.681319	0.141951	0.3885	0.3356	0.4750	0.1090	0.3697	0.1646	0.1886
000264	N	0.268980	0.701622	0.130390	0.3717	0.3392	0.5300	0.1310	0.3686	0.1847	0.1970
000265	P	0.186458	0.641833	0.113425	0.3668	0.3053	0.5520	0.1390	0.3420	0.1881	0.2120
000266	G	0.106036	0.625561	0.098855	0.3885	0.3053	0.5510	0.1270	0.3294	0.2017	0.2219
000267	E	0.091587	0.620839	0.086763	0.3225	0.2129	0.5000	0.1500	0.2913	0.2004	0.2410
000268	S	0.027335	0.568566	0.082033	0.2865	0.1881	0.4290	0.1190	0.2499	0.1899	0.2656
000269	S	0.021601	0.496811	0.079227	0.2700	0.2541	0.3530	0.0790	0.2325	0.1603	0.2943
000270	R	0.008847	0.420747	0.078046	0.2748	0.2680	0.2340	0.0500	0.2011	0.1362	0.3313
000271	G	0.006019	0.318659	0.076191	0.3225	0.3286	0.1850	0.0460	0.1935	0.1288	0.3716
000272	W	0.003039	0.234549	0.074274	0.3399	0.3426	0.1600	0.0360	0.1800	0.1277	0.4197
000273	M	0.002846	0.193409	0.070810	0.3399	0.2609	0.1180	0.0130	0.1526	0.1146	0.4326
000274	W	0.002462	0.172037	0.068066	0.3491	0.1942	0.1030	0.0260	0.1368	0.1107	0.4266
000275	G	0.002152	0.158094	0.066086	0.2657	0.1476	0.0790	0.0270	0.1088	0.0843	0.3952
000276	C	0.001944	0.144670	0.064582	0.1921	0.1298	0.0650	0.0180	0.0889	0.0635	0.3652
000277	A	0.001386	0.146558	0.062503	0.1566	0.1115	0.0650	0.0130	0.0801	0.0548	0.3623
000278	F	0.000939	0.144961	0.059047	0.1495	0.0967	0.0710	0.0180	0.0772	0.0523	0.3556
000279	S	0.000737	0.151005	0.055571	0.1322	0.0948	0.0820	0.0400	0.0768	0.0503	0.3302
000280	G	0.000630	0.185421	0.054141	0.1349	0.1028	0.0940	0.0470	0.0864	0.0590	0.3064
000281	D	0.008086	0.226996	0.053549	0.1416	0.1048	0.1000	0.0370	0.0969	0.0692	0.2843
000282	S	0.012415	0.275149	0.053448	0.1456	0.0676	0.1110	0.0320	0.1020	0.0852	0.2580
000283	Q	0.013049	0.294061	0.053318	0.2041	0.0909	0.1280	0.0300	0.1217	0.0948	0.2381
000284	Y	0.013133	0.332019	0.053197	0.1602	0.1092	0.1450	0.0350	0.1265	0.1018	0.2332
000285	I	0.013729	0.330742	0.051686	0.1878	0.1115	0.1670	0.0390	0.1351	0.1035	0.2353
000286	V	0.016559	0.345975	0.048783	0.1766	0.0704	0.1840	0.0450	0.1322	0.1114	0.2422
000287	T	0.018967	0.346668	0.046646	0.1635	0.0704	0.2030	0.0590	0.1338	0.1124	0.2529
000288	A	0.019980	0.333567	0.044508	0.1322	0.0605	0.2060	0.0670	0.1254	0.1094	0.2459
000289	S	0.030967	0.291657	0.041702	0.1060	0.1184	0.1690	0.0720	0.1193	0.0877	0.2417
000290	S	0.029635	0.265942	0.041406	0.0723	0.1229	0.1250	0.0640	0.1026	0.0791	0.2477
000291	D	0.030472	0.214731	0.040007	0.0789	0.1229	0.0910	0.0470	0.0896	0.0617	0.2542
000292	N	0.045836	0.170005	0.039559	0.0701	0.1275	0.0710	0.0360	0.0807	0.0471	0.2573
000293	L	0.111335	0.145698	0.040047	0.0701	0.0888	0.0540	0.0250	0.0783	0.0362	0.2690
000294	A	0.159417	0.133443	0.040595	0.0723	0.0835	0.0420	0.0160	0.0818	0.0449	0.2781
000295	R	0.207443	0.114326	0.041848	0.0744	0.1399	0.0340	0.0090	0.0950	0.0606	0.2806
000296	L	0.252456	0.091096	0.042683	0.0935	0.2094	0.0360	0.0070	0.1138	0.0820	0.2840
000297	W	0.283127	0.074672	0.043680	0.1178	0.1759	0.0430	0.0140	0.1158	0.0855	0.2849
000298	C	0.303811	0.076046	0.044724	0.1266	0.1759	0.0480	0.0170	0.1217	0.0909	0.2594
000299	V	0.319956	0.087099	0.044963	0.0858	0.1969	0.0600	0.0240	0.1249	0.0973	0.2497
000300	E	0.346925	0.124682	0.044694	0.0858	0.1969	0.0840	0.0340	0.1397	0.1012	0.2317
000301	T	0.356820	0.173771	0.044955	0.0832	0.2094	0.1310	0.0440	0.1590	0.1012	0.2101
000302	G	0.292224	0.240777	0.045663	0.0744	0.2002	0.1720	0.0750	0.1633	0.0874	0.1863
000303	E	0.243895	0.327063	0.046072	0.0771	0.1731	0.2080	0.0920	0.1715	0.0961	0.1650
000304	I	0.208349	0.432062	0.047478	0.1150	0.1942	0.2560	0.0910	0.2010	0.1208	0.1423
000305	K	0.195053	0.511217	0.049444	0.1150	0.1759	0.2900	0.0970	0.2145	0.1487	0.1208
000306	R	0.180923	0.562086	0.050182	0.0858	0.0948	0.2950	0.1030	0.2030	0.1764	0.1071
000307	E	0.151541	0.584933	0.051165	0.0991	0.0929	0.2950	0.1030	0.2038	0.1838	0.0896
000308	Y	0.137850	0.546034	0.051593	0.0771	0.1251	0.2860	0.0940	0.1953	0.1703	0.0770
000309	G	0.119299	0.453431	0.052880	0.0991	0.1298	0.2460	0.0750	0.1747	0.1345	0.0728
000310	G	0.104351	0.382747	0.055475	0.1150	0.1731	0.1730	0.0310	0.1580	0.1050	0.0689
000311	H	0.113835	0.315835	0.055727	0.0567	0.1671	0.1200	0.0290	0.1290	0.0888	0.0666
000312	Q	0.123534	0.241822	0.056566	0.0587	0.1583	0.0850	0.0320	0.1112	0.0656	0.0670
000313	K	0.135930	0.191216	0.057463	0.0643	0.1229	0.0630	0.0270	0.0963	0.0498	0.0694
000314	A	0.130857	0.165718	0.058438	0.0607	0.0734	0.0550	0.0190	0.0809	0.0435	0.0738
000315	V	0.140880	0.118651	0.059232	0.0744	0.1115	0.0550	0.0180	0.0834	0.0336	0.0796
000316	V	0.165510	0.092434	0.060061	0.0502	0.1115	0.0550	0.0190	0.0791	0.0418	0.0842
000317	C	0.184565	0.079173	0.061151	0.0502	0.0929	0.0820	0.0550	0.0815	0.0450	0.0856
000318	L	0.198375	0.085997	0.062333	0.0607	0.0676	0.1330	0.0840	0.0910	0.0511	0.1005
000319	A	0.222806	0.109875	0.063618	0.1380	0.1007	0.1980	0.1110	0.1282	0.0565	0.1158
000320	F	0.252976	0.170430	0.064948	0.1766	0.0817	0.2570	0.0890	0.1565	0.0753	0.1306
000321	N	0.280138	0.268045	0.065182	0.2209	0.0631	0.3160	0.1430	0.1913	0.1020	0.1354
000322	D	0.306854	0.392891	0.067089	0.2786	0.0506	0.3770	0.1170	0.2343	0.1380	0.1429
000323	S	0.319329	0.539768	0.068990	0.3225	0.0341	0.5700	0.0880	0.2976	0.2064	0.1489
000324	V	0.366717	0.677640	0.071033	0.3806	0.0248	0.6880	0.0510	0.3563	0.2599	0.1551
000325	L	0.335848	0.754035	0.073277	0.4600	0.0223	0.7610	0.0560	0.3889	0.2926	0.1583
000326	G	0.489870	0.828362	0.075207	0.5583	0.0240	0.8380	0.0530	0.4564	0.3234	0.1581