RESNUM	RES	VL-XT	VSL2B	VL3	IUPred-S	IUPred-L	PONDRFIT	FITERROR	MDP	MDPERROR	ANCHOR2
000001	M	0.798959	0.852764	0.885123	0.9587	0.7718	0.9920	0.0080	0.8766	0.0793	0.4790
000002	D	0.880531	0.847616	0.883971	0.9040	0.7080	0.9950	0.0050	0.8699	0.0856	0.4714
000003	A	0.850396	0.842473	0.881613	0.8781	0.7163	0.9850	0.0200	0.8590	0.0791	0.4709
000004	R	0.864371	0.836106	0.878873	0.8001	0.7250	0.9690	0.0400	0.8455	0.0745	0.4702
000005	R	0.749993	0.832691	0.874943	0.7605	0.7505	0.9760	0.0190	0.8241	0.0824	0.4677
000006	V	0.731834	0.826590	0.869739	0.7232	0.6755	0.9540	0.0380	0.7968	0.0959	0.4650
000007	P	0.723659	0.822860	0.863499	0.6870	0.6851	0.9470	0.0300	0.7882	0.0975	0.4618
000008	Q	0.716155	0.813846	0.857776	0.5900	0.6948	0.9560	0.0220	0.7714	0.1190	0.4583
000009	K	0.701063	0.813815	0.851440	0.5473	0.5901	0.9430	0.0320	0.7411	0.1415	0.4550
000010	D	0.676338	0.816680	0.843029	0.5043	0.6089	0.9300	0.0530	0.7298	0.1464	0.4554
000011	L	0.652009	0.804317	0.832491	0.3762	0.5382	0.9440	0.0530	0.6912	0.1918	0.4593
000012	R	0.642462	0.797222	0.820949	0.4078	0.5017	0.9300	0.0620	0.6833	0.1840	0.4614
000013	V	0.652808	0.804323	0.809783	0.3578	0.5055	0.9140	0.0690	0.6739	0.1922	0.4679
000014	K	0.648779	0.806968	0.798732	0.3399	0.4725	0.8930	0.0720	0.6601	0.1971	0.4698
000015	K	0.656673	0.805271	0.787965	0.3225	0.4119	0.8800	0.0860	0.6440	0.2080	0.4760
000016	N	0.639480	0.794968	0.775468	0.2558	0.4051	0.8590	0.0860	0.6216	0.2202	0.4868
000017	L	0.624581	0.777576	0.761334	0.2700	0.4330	0.8600	0.0730	0.6211	0.2081	0.4971
000018	K	0.624572	0.767274	0.745662	0.2333	0.4051	0.7870	0.0550	0.5938	0.2069	0.5076
000019	K	0.571883	0.749841	0.729735	0.2080	0.3910	0.6630	0.1060	0.5523	0.1948	0.5189
000020	F	0.534286	0.745323	0.713503	0.1921	0.3872	0.6430	0.1170	0.5359	0.1946	0.5300
000021	R	0.477454	0.712524	0.697371	0.1878	0.3840	0.5470	0.1620	0.5010	0.1815	0.5356
000022	Y	0.422637	0.707367	0.682141	0.2483	0.4292	0.5160	0.1640	0.5010	0.1585	0.5433
000023	V	0.378870	0.727061	0.667676	0.2333	0.4220	0.4930	0.1570	0.4871	0.1686	0.5457
000024	K	0.309260	0.709826	0.653312	0.2820	0.4582	0.4940	0.1570	0.4844	0.1590	0.5442
000025	L	0.259659	0.735475	0.640253	0.2786	0.4619	0.6140	0.1140	0.4983	0.1809	0.5433
000026	I	0.219623	0.757158	0.628410	0.2748	0.4619	0.6470	0.1110	0.4981	0.1979	0.5339
000027	S	0.170732	0.768390	0.618495	0.2602	0.3704	0.6460	0.1110	0.4724	0.2182	0.5188
000028	M	0.184139	0.789886	0.609101	0.3184	0.4220	0.7070	0.1120	0.5051	0.2150	0.5007
000029	E	0.238686	0.814000	0.600278	0.2385	0.4186	0.7110	0.1090	0.5035	0.2222	0.4718
000030	T	0.323695	0.827973	0.591734	0.2333	0.3392	0.7750	0.0790	0.5152	0.2304	0.4453
000031	S	0.395761	0.838134	0.583117	0.3225	0.3983	0.7920	0.0850	0.5550	0.2005	0.4232
000032	S	0.446814	0.844880	0.574883	0.2333	0.3948	0.7850	0.0860	0.5466	0.2152	0.4068
000033	S	0.517158	0.848224	0.567242	0.2748	0.4582	0.7890	0.0800	0.5758	0.1949	0.3916
000034	S	0.565219	0.852584	0.560413	0.3263	0.5098	0.7790	0.0670	0.5988	0.1739	0.3790
000035	D	0.602742	0.856191	0.554486	0.3263	0.4220	0.7950	0.0540	0.5927	0.1879	0.3698
000036	D	0.591170	0.861156	0.549956	0.3806	0.4541	0.8150	0.0500	0.6086	0.1760	0.3668
000037	S	0.575241	0.859636	0.547132	0.3578	0.5176	0.8270	0.0550	0.6141	0.1764	0.3696
000038	C	0.514217	0.860668	0.545467	0.3456	0.5211	0.7850	0.0620	0.5953	0.1747	0.3752
000039	D	0.441876	0.856762	0.544126	0.3630	0.5382	0.7370	0.0680	0.5802	0.1686	0.3820
000040	S	0.369727	0.843174	0.542614	0.3578	0.4766	0.7440	0.0670	0.5557	0.1818	0.3940
000041	F	0.313857	0.833459	0.542608	0.3717	0.4940	0.7260	0.0640	0.5469	0.1835	0.4082
000042	A	0.248843	0.822713	0.543290	0.3311	0.4940	0.6420	0.0670	0.5137	0.1901	0.4158
000043	S	0.192510	0.797958	0.546483	0.3491	0.4507	0.6110	0.0740	0.4913	0.1926	0.4212
000044	D	0.133301	0.803684	0.550994	0.3491	0.4619	0.5990	0.0860	0.4830	0.2088	0.4301
000045	N	0.127740	0.797199	0.557270	0.3096	0.4685	0.6300	0.1240	0.4818	0.2170	0.4433
000046	F	0.124269	0.765653	0.565619	0.3225	0.4685	0.6360	0.1210	0.4804	0.2100	0.4586
000047	A	0.126937	0.772225	0.575973	0.3311	0.3872	0.5810	0.0950	0.4625	0.2076	0.4657
000048	N	0.133511	0.784091	0.588119	0.3399	0.3948	0.5890	0.0960	0.4716	0.2092	0.4651
000049	T	0.143546	0.776679	0.600309	0.3096	0.4801	0.5990	0.0740	0.4849	0.2077	0.4673
000050	R	0.150750	0.781869	0.612512	0.3146	0.4831	0.5970	0.0790	0.4899	0.2071	0.4680
000051	L	0.175412	0.793873	0.626251	0.3146	0.4831	0.6230	0.0880	0.5027	0.2071	0.4655
000052	Q	0.198086	0.797899	0.641819	0.4037	0.6043	0.6200	0.0830	0.5443	0.1927	0.4511
000053	S	0.244326	0.822988	0.658639	0.4245	0.5254	0.6560	0.0840	0.5553	0.1858	0.4415
000054	V	0.286904	0.836868	0.675950	0.4458	0.5342	0.6680	0.0850	0.5746	0.1773	0.4293
000055	R	0.335492	0.842711	0.693344	0.3535	0.5456	0.6890	0.0670	0.5766	0.1853	0.4062
000056	E	0.375589	0.852775	0.710662	0.3668	0.5342	0.6750	0.0760	0.5859	0.1778	0.3784
000057	G	0.411780	0.862592	0.727440	0.4513	0.6482	0.6920	0.0860	0.6322	0.1567	0.3522
000058	C	0.449308	0.864053	0.742779	0.4749	0.7120	0.6820	0.0950	0.6541	0.1473	0.3314
000059	R	0.489561	0.864180	0.756842	0.4781	0.6269	0.6580	0.0950	0.6456	0.1373	0.3244
000060	T	0.508092	0.865961	0.769638	0.5084	0.6322	0.6920	0.0970	0.6627	0.1305	0.3247
000061	R	0.577855	0.868152	0.781563	0.4703	0.5707	0.6960	0.0990	0.6608	0.1355	0.3265
000062	S	0.552798	0.867262	0.792944	0.5253	0.6227	0.6390	0.1230	0.6667	0.1237	0.3401
000063	Q	0.514462	0.864387	0.803689	0.4749	0.5901	0.6440	0.1160	0.6486	0.1427	0.3715
000064	C	0.469891	0.862707	0.813780	0.4651	0.5992	0.6510	0.1160	0.6436	0.1533	0.4206
000065	R	0.518358	0.860881	0.823296	0.5084	0.5493	0.6160	0.1190	0.6461	0.1432	0.4872
000066	H	0.503202	0.859716	0.831717	0.5126	0.5807	0.6360	0.1110	0.6540	0.1428	0.5807
000067	S	0.486560	0.857719	0.839026	0.4513	0.5533	0.6200	0.1020	0.6347	0.1602	0.6703
000068	G	0.470481	0.855692	0.844946	0.4749	0.5577	0.6340	0.1040	0.6396	0.1588	0.7540
000069	P	0.452007	0.850280	0.850262	0.5623	0.6661	0.6380	0.0830	0.6698	0.1444	0.8239
000070	L	0.382361	0.851316	0.854734	0.5711	0.6620	0.6640	0.0840	0.6643	0.1630	0.8730
000071	R	0.418927	0.849354	0.859345	0.5802	0.6661	0.6710	0.0790	0.6741	0.1522	0.8989
000072	V	0.414567	0.865606	0.863733	0.5711	0.6661	0.7180	0.0640	0.6832	0.1592	0.9196
000073	A	0.456623	0.874714	0.868944	0.5846	0.6531	0.7430	0.0720	0.6968	0.1503	0.9285
000074	M	0.455224	0.884838	0.872494	0.5711	0.6322	0.7740	0.0870	0.6983	0.1584	0.9339
000075	K	0.516824	0.893177	0.874784	0.6516	0.7505	0.7880	0.0860	0.7459	0.1301	0.9280
000076	F	0.577678	0.902214	0.875888	0.6412	0.7505	0.8240	0.0960	0.7619	0.1191	0.9191
000077	P	0.641845	0.915034	0.875157	0.6412	0.7415	0.8260	0.0890	0.7735	0.1072	0.8947
000078	A	0.710524	0.921480	0.871640	0.6374	0.7250	0.8680	0.0800	0.7890	0.1032	0.8636
000079	R	0.781734	0.927649	0.865040	0.6374	0.7209	0.8920	0.0710	0.8041	0.1015	0.8176
000080	S	0.823278	0.935350	0.857516	0.5992	0.6806	0.9040	0.0650	0.8000	0.1208	0.7543
000081	T	0.918471	0.939975	0.850712	0.6442	0.7505	0.9140	0.0560	0.8362	0.1064	0.6781
000082	R	0.958519	0.947058	0.843287	0.6293	0.7628	0.9260	0.0490	0.8445	0.1177	0.6171
000083	G	0.961493	0.951088	0.835140	0.6650	0.8375	0.9430	0.0300	0.8655	0.1036	0.5491
000084	A	0.964692	0.953400	0.825214	0.6944	0.8530	0.9570	0.0190	0.8746	0.0970	0.4985
000085	T	0.968186	0.956904	0.814063	0.7192	0.8623	0.9610	0.0200	0.8803	0.0920	0.4401
000086	N	0.964052	0.960492	0.802414	0.7111	0.8681	0.9620	0.0160	0.8780	0.0956	0.4037
000087	K	0.957749	0.962962	0.790325	0.7688	0.9230	0.9580	0.0180	0.8935	0.0819	0.3680
000088	K	0.951366	0.964178	0.778126	0.7540	0.8741	0.9570	0.0210	0.8799	0.0861	0.3543
000089	A	0.941255	0.965431	0.764780	0.7644	0.8894	0.9610	0.0200	0.8810	0.0859	0.3536
000090	E	0.931885	0.966519	0.750806	0.7232	0.8872	0.9610	0.0210	0.8701	0.0979	0.3448
000091	S	0.931924	0.967048	0.737305	0.7232	0.8872	0.9620	0.0190	0.8681	0.1009	0.3473
000092	R	0.924339	0.966532	0.724944	0.7317	0.8942	0.9620	0.0170	0.8672	0.1011	0.3485
000093	Q	0.916860	0.966885	0.713484	0.7232	0.8894	0.9620	0.0180	0.8621	0.1050	0.3419
000094	P	0.914949	0.966425	0.702105	0.7232	0.8894	0.9600	0.0220	0.8593	0.1071	0.3371
000095	S	0.920873	0.966889	0.691085	0.7317	0.8966	0.9580	0.0230	0.8608	0.1088	0.3277
000096	E	0.929313	0.966736	0.680333	0.7342	0.8966	0.9510	0.0250	0.8597	0.1110	0.3247
000097	N	0.935133	0.965538	0.670323	0.7317	0.8894	0.9440	0.0290	0.8560	0.1133	0.3258
000098	S	0.943060	0.963820	0.661054	0.7342	0.8894	0.9500	0.0270	0.8569	0.1169	0.3295
000099	V	0.952412	0.963160	0.652582	0.7388	0.8853	0.9550	0.0250	0.8579	0.1201	0.3306
000100	T	0.962226	0.962567	0.644484	0.7501	0.8991	0.9470	0.0320	0.8610	0.1215	0.3143
000101	D	0.969211	0.961197	0.636837	0.7418	0.8942	0.9520	0.0310	0.8591	0.1262	0.3067
000102	S	0.978136	0.959206	0.630584	0.7501	0.9013	0.9510	0.0320	0.8617	0.1281	0.3093
000103	N	0.977419	0.957365	0.625102	0.7388	0.8313	0.9500	0.0320	0.8467	0.1297	0.3100
000104	S	0.968543	0.953160	0.620785	0.7275	0.7628	0.9510	0.0350	0.8307	0.1341	0.3331
000105	D	0.957846	0.950535	0.617383	0.6474	0.7289	0.9480	0.0440	0.8083	0.1476	0.3729
000106	S	0.947908	0.948180	0.614917	0.6035	0.7289	0.9430	0.0480	0.7977	0.1539	0.4170
000107	E	0.938484	0.946117	0.612125	0.6079	0.7289	0.9290	0.0590	0.7938	0.1496	0.4604
000108	D	0.920997	0.942718	0.609184	0.5941	0.6991	0.9340	0.0560	0.7834	0.1529	0.5054
000109	E	0.900258	0.938753	0.607402	0.5900	0.6322	0.9330	0.0520	0.7668	0.1579	0.5565
000110	S	0.881753	0.933033	0.607978	0.6035	0.6991	0.9180	0.0620	0.7738	0.1413	0.6286
000111	G	0.859858	0.925737	0.610077	0.5473	0.6227	0.9120	0.0620	0.7463	0.1560	0.7014
000112	M	0.830311	0.917715	0.612388	0.5473	0.6183	0.9010	0.0670	0.7378	0.1493	0.7731
000113	N	0.802326	0.903366	0.614590	0.4825	0.6427	0.8740	0.0800	0.7199	0.1515	0.8149
000114	F	0.747214	0.894229	0.616850	0.4749	0.6427	0.8660	0.0790	0.7070	0.1461	0.8532
000115	L	0.656226	0.885235	0.619918	0.5008	0.6427	0.8520	0.0910	0.6929	0.1345	0.8674
000116	E	0.561737	0.878790	0.623957	0.4967	0.6183	0.8320	0.0970	0.6685	0.1392	0.8648
000117	K	0.482767	0.866914	0.627957	0.4967	0.6136	0.8150	0.0990	0.6505	0.1458	0.8677
000118	R	0.404119	0.858919	0.632055	0.4703	0.5493	0.8220	0.1050	0.6228	0.1694	0.8783
000119	A	0.325000	0.845514	0.637006	0.4513	0.5342	0.7860	0.1030	0.5964	0.1817	0.8933
000120	L	0.249260	0.847188	0.644533	0.3885	0.5342	0.7430	0.1100	0.5677	0.2038	0.9041
000121	N	0.191871	0.841808	0.654382	0.3668	0.4831	0.6650	0.0960	0.5338	0.2137	0.9010
000122	I	0.137559	0.841489	0.664696	0.3630	0.4725	0.6960	0.1120	0.5293	0.2338	0.9050
000123	K	0.111850	0.840501	0.674403	0.3146	0.4831	0.6460	0.1080	0.5117	0.2423	0.9039
000124	Q	0.118238	0.842300	0.684217	0.2913	0.4725	0.6020	0.1150	0.5018	0.2421	0.9093
000125	N	0.115322	0.838890	0.694996	0.3491	0.5017	0.6090	0.1120	0.5181	0.2358	0.9104
000126	K	0.102771	0.837118	0.707125	0.4037	0.5620	0.5900	0.1060	0.5338	0.2341	0.9218
000127	A	0.093810	0.833564	0.719789	0.3225	0.5620	0.6030	0.0970	0.5225	0.2475	0.9347
000128	M	0.085246	0.835221	0.732067	0.3263	0.4766	0.6630	0.0790	0.5198	0.2560	0.9424
000129	L	0.073948	0.836115	0.743831	0.3359	0.5055	0.6490	0.0670	0.5241	0.2581	0.9449
000130	A	0.085656	0.848138	0.755604	0.2865	0.5296	0.6270	0.0640	0.5221	0.2639	0.9419
000131	K	0.098143	0.853913	0.767643	0.3762	0.5951	0.6350	0.0780	0.5543	0.2527	0.9373
000132	L	0.128216	0.857131	0.779822	0.3762	0.4901	0.6640	0.0860	0.5492	0.2489	0.9371
000133	M	0.150209	0.856470	0.791249	0.4458	0.5533	0.6670	0.0800	0.5774	0.2353	0.9329
000134	S	0.192931	0.856233	0.803012	0.3762	0.5620	0.6690	0.0780	0.5766	0.2330	0.9241
000135	E	0.228381	0.862067	0.814756	0.3578	0.5419	0.6190	0.0780	0.5706	0.2273	0.9151
000136	L	0.277700	0.865387	0.826251	0.3668	0.5456	0.6270	0.0570	0.5848	0.2169	0.9090
000137	E	0.328170	0.861099	0.836905	0.3717	0.5807	0.6410	0.0540	0.6033	0.2051	0.8938
000138	S	0.371902	0.860815	0.847383	0.4078	0.5382	0.7050	0.0510	0.6218	0.1958	0.8814
000139	F	0.386418	0.869681	0.858196	0.4513	0.5758	0.7300	0.0590	0.6452	0.1881	0.8741
000140	P	0.403001	0.873718	0.869205	0.4600	0.6482	0.6940	0.0540	0.6580	0.1811	0.8610
000141	G	0.399490	0.877328	0.879617	0.5084	0.6661	0.7260	0.0640	0.6761	0.1775	0.8521
000142	S	0.389371	0.882571	0.889722	0.5173	0.6755	0.7630	0.0690	0.6862	0.1837	0.8465
000143	F	0.367239	0.891273	0.899290	0.5762	0.7369	0.7860	0.0750	0.7095	0.1873	0.8370
000144	R	0.360295	0.899172	0.908777	0.5992	0.7628	0.7920	0.0760	0.7203	0.1909	0.8161
000145	G	0.340196	0.912220	0.917818	0.6035	0.7628	0.8120	0.0870	0.7247	0.2017	0.8068
000146	R	0.383306	0.923318	0.926567	0.6374	0.7595	0.8210	0.1010	0.7418	0.1884	0.7941
000147	H	0.448112	0.932429	0.934978	0.6944	0.8085	0.8390	0.1140	0.7762	0.1678	0.7769
000148	P	0.514621	0.941302	0.943793	0.7034	0.8375	0.8370	0.1180	0.7963	0.1495	0.7592
000149	L	0.578281	0.951502	0.952639	0.6984	0.8343	0.8530	0.1230	0.8114	0.1348	0.7358
000150	P	0.644448	0.959128	0.960449	0.7912	0.8991	0.8410	0.1290	0.8493	0.1098	0.6890
000151	G	0.728449	0.965313	0.966414	0.7644	0.8741	0.8610	0.1300	0.8599	0.0904	0.6492
000152	S	0.816588	0.969541	0.970401	0.7644	0.8765	0.8700	0.1240	0.8779	0.0749	0.6042
000153	D	0.877273	0.973406	0.973606	0.7688	0.8013	0.8730	0.1280	0.8779	0.0775	0.5578
000154	S	0.940549	0.976694	0.976533	0.8488	0.8966	0.8760	0.1260	0.9191	0.0490	0.5372
000155	Q	0.937034	0.980091	0.979222	0.7912	0.8991	0.8920	0.1100	0.9131	0.0645	0.5351
000156	S	0.937297	0.982585	0.981072	0.8074	0.8655	0.9110	0.0900	0.9141	0.0626	0.5294
000157	R	0.937299	0.983956	0.981580	0.8118	0.8530	0.9350	0.0640	0.9171	0.0640	0.5312
000158	R	0.937304	0.984816	0.981421	0.7605	0.8421	0.9340	0.0710	0.9067	0.0806	0.5396
000159	P	0.937314	0.985273	0.981642	0.7342	0.8085	0.9270	0.0840	0.8956	0.0929	0.5594
000160	R	0.938247	0.986631	0.982502	0.7817	0.8565	0.9210	0.0970	0.9110	0.0723	0.5742
000161	R	0.939904	0.987237	0.983363	0.7644	0.8375	0.9170	0.1040	0.9050	0.0802	0.6025
000162	R	0.960832	0.987692	0.983775	0.7605	0.8596	0.9240	0.0960	0.9127	0.0807	0.6329
000163	T	0.977949	0.988931	0.983495	0.7644	0.8623	0.9260	0.0920	0.9172	0.0813	0.6700
000164	F	0.997101	0.989807	0.982744	0.7869	0.8565	0.9310	0.0830	0.9240	0.0780	0.6949
000165	P	0.998558	0.990445	0.980830	0.7772	0.8493	0.9220	0.0890	0.9197	0.0819	0.6800
000166	G	0.998607	0.989977	0.977606	0.7458	0.8235	0.9180	0.0970	0.9089	0.0943	0.6589
000167	V	0.997918	0.990286	0.973633	0.7388	0.8162	0.9200	0.0940	0.9061	0.0969	0.6422
000168	A	0.997223	0.989929	0.969790	0.7317	0.8493	0.9170	0.0980	0.9091	0.0941	0.6081
000169	S	0.982966	0.989207	0.966613	0.7192	0.8013	0.9170	0.0980	0.8961	0.1016	0.5597
000170	R	0.982225	0.988982	0.963562	0.7232	0.7755	0.9220	0.0920	0.8926	0.1046	0.5227
000171	R	0.982087	0.987772	0.959823	0.6827	0.7755	0.9290	0.0830	0.8862	0.1158	0.4951
000172	N	0.982078	0.986474	0.955295	0.6906	0.7799	0.9280	0.0850	0.8871	0.1121	0.4680
000173	P	0.982066	0.984953	0.950156	0.6756	0.7799	0.9280	0.0870	0.8834	0.1158	0.4460
000174	E	0.982102	0.984120	0.945180	0.6681	0.7718	0.9250	0.0910	0.8794	0.1184	0.4168
000175	R	0.982141	0.982432	0.940263	0.7079	0.8493	0.9270	0.0880	0.8982	0.0960	0.4076
000176	R	0.982921	0.981273	0.935571	0.6870	0.7672	0.9310	0.0830	0.8808	0.1129	0.4189
000177	A	0.983460	0.979497	0.931133	0.6681	0.7036	0.9340	0.0760	0.8666	0.1298	0.4550
000178	R	0.992799	0.977916	0.926909	0.6604	0.7595	0.9320	0.0740	0.8749	0.1223	0.4992
000179	P	0.987910	0.975389	0.922752	0.6255	0.7755	0.9200	0.0840	0.8678	0.1284	0.5578
000180	L	0.981959	0.973351	0.918369	0.6293	0.7120	0.9320	0.0600	0.8578	0.1363	0.6216
000181	T	0.981509	0.970319	0.913452	0.6293	0.7209	0.9270	0.0590	0.8570	0.1334	0.6693
000182	R	0.975453	0.965552	0.908172	0.5711	0.7080	0.9240	0.0620	0.8420	0.1503	0.7041
000183	S	0.909595	0.961581	0.902302	0.5623	0.6269	0.9220	0.0630	0.8142	0.1575	0.7452
000184	R	0.841519	0.955545	0.896140	0.5253	0.6269	0.9370	0.0480	0.7971	0.1629	0.7876
000185	S	0.814297	0.950243	0.889960	0.4825	0.6089	0.9270	0.0570	0.7787	0.1739	0.8263
000186	R	0.793239	0.946671	0.884298	0.5084	0.6183	0.9300	0.0570	0.7801	0.1639	0.8604
000187	I	0.781851	0.938337	0.879402	0.5008	0.6227	0.9220	0.0630	0.7743	0.1622	0.8863
000188	L	0.772409	0.930405	0.874881	0.5043	0.6427	0.8980	0.0900	0.7705	0.1528	0.8948
000189	G	0.769855	0.920210	0.870426	0.5126	0.6482	0.8770	0.1150	0.7663	0.1443	0.8904
000190	S	0.759338	0.914185	0.865901	0.4825	0.6136	0.8620	0.1150	0.7496	0.1545	0.8809
000191	L	0.749242	0.904499	0.861206	0.5229	0.6806	0.8470	0.1010	0.7608	0.1299	0.8647
000192	D	0.796418	0.895902	0.856574	0.5084	0.6755	0.8100	0.1180	0.7571	0.1304	0.8335
000193	A	0.825511	0.885227	0.852506	0.5173	0.6806	0.8200	0.1010	0.7635	0.1273	0.8007
000194	L	0.817572	0.896371	0.849013	0.5173	0.5901	0.8290	0.1050	0.7498	0.1424	0.7495
000195	P	0.821621	0.909047	0.846165	0.5253	0.5854	0.8020	0.0960	0.7483	0.1414	0.6821
000196	M	0.789857	0.911211	0.843962	0.4703	0.5211	0.8430	0.0820	0.7299	0.1699	0.6178
000197	E	0.775815	0.914565	0.842641	0.4749	0.4766	0.8110	0.0940	0.7160	0.1749	0.5378
000198	E	0.730258	0.915107	0.842074	0.4825	0.5296	0.7680	0.0790	0.7113	0.1569	0.4769
000199	E	0.689075	0.915122	0.841548	0.4879	0.5807	0.7330	0.0980	0.7078	0.1451	0.4375
000200	E	0.649671	0.914988	0.840934	0.4600	0.5707	0.7150	0.1140	0.6918	0.1542	0.4233
000201	E	0.616612	0.914834	0.840275	0.4420	0.5665	0.6610	0.1130	0.6735	0.1605	0.4173
000202	E	0.597154	0.914297	0.840227	0.4781	0.6427	0.6550	0.1080	0.6879	0.1471	0.4222
000203	D	0.528143	0.911593	0.840392	0.4703	0.5758	0.6460	0.0990	0.6620	0.1615	0.4512
000204	K	0.443152	0.905669	0.840688	0.4879	0.5951	0.6230	0.0930	0.6492	0.1706	0.4851
000205	Y	0.394291	0.896230	0.840672	0.4918	0.6661	0.6620	0.0890	0.6585	0.1767	0.5244
000206	M	0.325747	0.888862	0.840299	0.4703	0.5493	0.6820	0.0840	0.6261	0.1993	0.5556
000207	L	0.290533	0.872459	0.839384	0.4967	0.5493	0.7020	0.0940	0.6250	0.2030	0.5731
000208	V	0.269090	0.860777	0.838009	0.4420	0.5533	0.6790	0.1240	0.6070	0.2110	0.5940
000209	R	0.264603	0.838781	0.835154	0.4282	0.5533	0.6740	0.1240	0.5990	0.2090	0.5938
000210	K	0.278340	0.836483	0.831976	0.4333	0.5533	0.6940	0.1360	0.6046	0.2049	0.5933
000211	R	0.311652	0.845846	0.828862	0.4333	0.5533	0.7100	0.1520	0.6137	0.1987	0.5927
000212	K	0.406560	0.837636	0.828197	0.4379	0.4901	0.7140	0.1590	0.6191	0.1804	0.5946
000213	T	0.508004	0.837798	0.828883	0.4458	0.5139	0.7210	0.1690	0.6425	0.1593	0.6002
000214	V	0.605651	0.837289	0.830686	0.3847	0.5055	0.7220	0.1720	0.6477	0.1664	0.6008
000215	D	0.703303	0.819004	0.832800	0.4149	0.5055	0.6930	0.1510	0.6615	0.1539	0.5889
000216	G	0.792659	0.811306	0.834725	0.4513	0.5707	0.7120	0.1270	0.6955	0.1401	0.5796
000217	Y	0.863808	0.815817	0.835905	0.4600	0.5758	0.7710	0.0970	0.7204	0.1496	0.5720
000218	M	0.897115	0.835778	0.836157	0.4918	0.6427	0.7940	0.0720	0.7495	0.1393	0.5554
000219	N	0.855101	0.844830	0.836306	0.5173	0.6906	0.8170	0.0730	0.7603	0.1218	0.5302
000220	E	0.800214	0.847965	0.836101	0.5374	0.6948	0.8200	0.0810	0.7562	0.1099	0.5102
000221	D	0.728691	0.851906	0.835471	0.5331	0.6948	0.8400	0.0750	0.7474	0.1128	0.4922
000222	D	0.657818	0.857554	0.834369	0.5549	0.6482	0.8640	0.0740	0.7361	0.1207	0.4746
000223	L	0.581521	0.863525	0.833365	0.5711	0.6576	0.8560	0.0930	0.7272	0.1271	0.4601
000224	P	0.507204	0.867721	0.832838	0.5229	0.5758	0.8270	0.1160	0.6890	0.1556	0.4358
000225	R	0.430092	0.869468	0.832857	0.5711	0.6620	0.8430	0.1120	0.7014	0.1621	0.4203
000226	S	0.385927	0.869286	0.832768	0.5173	0.6576	0.8200	0.1250	0.6806	0.1790	0.4131
000227	R	0.402197	0.867517	0.831634	0.5296	0.5854	0.8070	0.1170	0.6705	0.1743	0.4061
000228	R	0.476753	0.865615	0.829417	0.5846	0.6089	0.7900	0.1110	0.6926	0.1435	0.4092
000229	S	0.527135	0.865046	0.826523	0.5374	0.6089	0.7660	0.1190	0.6886	0.1363	0.4270
000230	R	0.550956	0.862882	0.823401	0.4825	0.6269	0.7350	0.1020	0.6802	0.1387	0.4467
000231	S	0.558212	0.856269	0.820124	0.4703	0.5758	0.7170	0.0990	0.6662	0.1418	0.4670
000232	S	0.573178	0.839216	0.816813	0.4879	0.5707	0.7170	0.1060	0.6674	0.1321	0.4847
000233	V	0.603728	0.815492	0.813610	0.4282	0.5665	0.7720	0.1350	0.6666	0.1447	0.4952
000234	T	0.660503	0.801451	0.810429	0.4825	0.5665	0.7450	0.1440	0.6777	0.1213	0.4981
000235	L	0.689574	0.788139	0.807415	0.4556	0.5456	0.7230	0.1730	0.6682	0.1274	0.5065
000236	P	0.681184	0.779335	0.803985	0.4116	0.5493	0.6790	0.1810	0.6507	0.1349	0.5052
000237	H	0.669795	0.754028	0.799722	0.4116	0.5493	0.6710	0.1810	0.6426	0.1296	0.5023
000238	I	0.681571	0.774860	0.795134	0.4203	0.5577	0.6260	0.1930	0.6427	0.1286	0.4968
000239	I	0.718609	0.788974	0.790975	0.4245	0.5017	0.5870	0.1810	0.6353	0.1411	0.4850
000240	R	0.759220	0.780541	0.789486	0.4149	0.5017	0.5720	0.1860	0.6362	0.1476	0.4718
000241	P	0.798360	0.783607	0.788621	0.3717	0.5098	0.5900	0.1810	0.6403	0.1629	0.4609
000242	V	0.821852	0.781366	0.787270	0.3630	0.4685	0.5780	0.1440	0.6333	0.1753	0.4517
000243	E	0.820776	0.790593	0.783656	0.3535	0.3356	0.5630	0.1480	0.6078	0.2043	0.4435
000244	E	0.819029	0.804018	0.779456	0.3491	0.3740	0.5440	0.1560	0.6117	0.1992	0.4368
000245	I	0.821031	0.814828	0.776107	0.2385	0.3740	0.5890	0.1330	0.6023	0.2265	0.4335
000246	T	0.821384	0.817003	0.772788	0.2963	0.4220	0.5160	0.1370	0.6077	0.2068	0.4306
000247	E	0.822084	0.820192	0.769174	0.2657	0.3948	0.4920	0.1280	0.5939	0.2205	0.4303
000248	E	0.801233	0.826010	0.764850	0.2700	0.3983	0.4890	0.1210	0.5916	0.2161	0.4337
000249	E	0.787261	0.829687	0.760166	0.3225	0.4441	0.5220	0.1310	0.6109	0.1916	0.4256
000250	L	0.785262	0.830890	0.754606	0.3847	0.4330	0.5160	0.1130	0.6175	0.1784	0.4153
000251	E	0.782458	0.830255	0.748926	0.3885	0.3704	0.4690	0.1170	0.5982	0.1928	0.4051
000252	N	0.780675	0.828888	0.743325	0.3184	0.3529	0.5590	0.1110	0.5972	0.2031	0.3963
000253	V	0.777122	0.823581	0.738378	0.3146	0.3840	0.5840	0.1110	0.6037	0.1953	0.3888
000254	C	0.771679	0.822225	0.731541	0.3096	0.3807	0.5550	0.1000	0.5952	0.1960	0.3812
000255	S	0.763811	0.813871	0.722979	0.3005	0.3249	0.5020	0.1130	0.5713	0.2073	0.3788
000256	N	0.724384	0.805406	0.712046	0.3630	0.3704	0.5170	0.1440	0.5821	0.1751	0.3752
000257	S	0.707531	0.796892	0.701900	0.3096	0.3631	0.5640	0.1290	0.5738	0.1818	0.3792
000258	R	0.642040	0.787296	0.693838	0.3146	0.3667	0.4980	0.1100	0.5503	0.1719	0.3868
000259	E	0.556980	0.781214	0.689160	0.3225	0.2364	0.4440	0.1030	0.5051	0.1924	0.3957
000260	K	0.475557	0.762645	0.684433	0.3184	0.2364	0.3660	0.1180	0.4739	0.1915	0.3977
000261	I	0.408375	0.734874	0.677811	0.2209	0.2951	0.3390	0.1180	0.4460	0.1930	0.4007
000262	Y	0.359739	0.702963	0.668283	0.2122	0.1702	0.3340	0.1130	0.4079	0.2071	0.3962
000263	N	0.310821	0.689949	0.657482	0.2167	0.1611	0.3600	0.1010	0.3994	0.2044	0.3642
000264	R	0.246746	0.672057	0.645803	0.1060	0.2002	0.3530	0.0720	0.3707	0.2165	0.3310
000265	S	0.203744	0.646078	0.632798	0.1844	0.3249	0.3140	0.0650	0.3843	0.1877	0.3018
000266	L	0.152245	0.615111	0.620349	0.1805	0.3286	0.2810	0.0650	0.3630	0.1895	0.2634
000267	G	0.146382	0.590269	0.610921	0.1844	0.2680	0.2890	0.0660	0.3482	0.1849	0.2144
000268	S	0.147765	0.592376	0.606622	0.1698	0.2715	0.3840	0.0730	0.3621	0.1846	0.1719
000269	T	0.146491	0.626603	0.602887	0.1380	0.2783	0.3790	0.0860	0.3619	0.1966	0.1335
000270	C	0.127616	0.645286	0.596811	0.1292	0.2752	0.3310	0.0970	0.3509	0.2050	0.1022
000271	H	0.089787	0.610046	0.587384	0.1292	0.2783	0.2860	0.0920	0.3301	0.2030	0.0881
000272	Q	0.051266	0.612907	0.578278	0.1698	0.3392	0.3020	0.0930	0.3423	0.2021	0.0733
000273	C	0.032116	0.643090	0.569809	0.2080	0.2680	0.3260	0.1080	0.3412	0.2091	0.0639
000274	R	0.025714	0.650618	0.561887	0.2080	0.2609	0.3250	0.1190	0.3388	0.2115	0.0623
000275	Q	0.024937	0.627835	0.553913	0.0771	0.2680	0.3630	0.1380	0.3191	0.2236	0.0600
000276	K	0.026281	0.651270	0.545269	0.0723	0.2918	0.3820	0.1520	0.3282	0.2282	0.0572
000277	T	0.030574	0.653217	0.535010	0.0935	0.3529	0.3420	0.1380	0.3346	0.2208	0.0544
000278	I	0.033915	0.642225	0.523086	0.1117	0.2129	0.3430	0.1450	0.3112	0.2167	0.0556
000279	D	0.112602	0.623098	0.509772	0.1060	0.1399	0.3760	0.1580	0.3112	0.2048	0.0424
000280	T	0.206027	0.615341	0.496560	0.0308	0.1349	0.4290	0.1930	0.3187	0.2086	0.0338
000281	K	0.223253	0.598862	0.483942	0.0514	0.2064	0.4000	0.1820	0.3273	0.1849	0.0274
000282	T	0.224637	0.560598	0.470718	0.0542	0.2034	0.3460	0.1470	0.3099	0.1703	0.0211
000283	N	0.219783	0.511704	0.456978	0.0405	0.1942	0.2410	0.1180	0.2774	0.1606	0.0163
000284	C	0.218866	0.477146	0.442043	0.1266	0.3286	0.1860	0.1040	0.2965	0.1304	0.0127
000285	R	0.216071	0.452448	0.430029	0.1240	0.2503	0.1490	0.0810	0.2703	0.1279	0.0116
000286	N	0.208780	0.440198	0.420549	0.1266	0.1229	0.1450	0.0900	0.2439	0.1349	0.0116
000287	P	0.200313	0.424113	0.415469	0.0832	0.1229	0.1100	0.0680	0.2261	0.1415	0.0098
000288	D	0.120073	0.362096	0.411505	0.0274	0.1349	0.0740	0.0380	0.1882	0.1453	0.0082
000289	C	0.025094	0.309745	0.407619	0.0350	0.0817	0.0580	0.0240	0.1529	0.1493	0.0068
000290	W	0.010681	0.284734	0.399383	0.0425	0.0543	0.0610	0.0270	0.1421	0.1461	0.0075
000291	G	0.017581	0.276615	0.389922	0.0118	0.0531	0.0660	0.0270	0.1358	0.1446	0.0076
000292	V	0.017994	0.330711	0.380265	0.0079	0.0555	0.0720	0.0260	0.1441	0.1517	0.0078
000293	R	0.022472	0.373997	0.373575	0.0079	0.0531	0.0760	0.0260	0.1511	0.1589	0.0071
000294	G	0.029943	0.383757	0.367685	0.0075	0.0327	0.0740	0.0240	0.1492	0.1614	0.0064
000295	Q	0.033975	0.361450	0.362772	0.0274	0.0749	0.0750	0.0240	0.1559	0.1469	0.0059
000296	F	0.051953	0.311504	0.359838	0.0157	0.0780	0.0860	0.0270	0.1506	0.1335	0.0045
000297	C	0.068411	0.343984	0.357620	0.0150	0.0780	0.1000	0.0360	0.1606	0.1370	0.0027
000298	G	0.084598	0.354681	0.353638	0.0124	0.0518	0.0790	0.0320	0.1560	0.1421	0.0026
000299	P	0.096413	0.372959	0.346104	0.0124	0.0494	0.0750	0.0270	0.1587	0.1445	0.0025
000300	C	0.097693	0.364714	0.338727	0.0376	0.1206	0.0840	0.0230	0.1738	0.1284	0.0025
000301	L	0.107186	0.340874	0.334560	0.0526	0.1731	0.0770	0.0250	0.1809	0.1169	0.0034
000302	R	0.114491	0.374168	0.333912	0.0567	0.1275	0.1040	0.0280	0.1852	0.1219	0.0046
000303	N	0.126138	0.401199	0.333970	0.0621	0.1184	0.1220	0.0320	0.1940	0.1261	0.0063
000304	R	0.138108	0.416778	0.333290	0.0441	0.1229	0.1260	0.0280	0.1968	0.1319	0.0111
000305	Y	0.133143	0.431481	0.330697	0.0308	0.1373	0.1260	0.0270	0.1983	0.1373	0.0195
000306	G	0.122577	0.449181	0.326712	0.0304	0.1373	0.1330	0.0360	0.1999	0.1422	0.0314
000307	E	0.119311	0.459969	0.321040	0.0526	0.1349	0.1430	0.0540	0.2051	0.1401	0.0498
000308	E	0.121554	0.460702	0.315840	0.1495	0.2609	0.1770	0.0730	0.2475	0.1160	0.0985
000309	V	0.119161	0.456603	0.310972	0.1088	0.1251	0.1910	0.0800	0.2186	0.1269	0.1560
000310	R	0.121790	0.444615	0.307651	0.0771	0.1251	0.1750	0.0830	0.2085	0.1281	0.1764
000311	D	0.121320	0.427386	0.304806	0.0542	0.2715	0.1500	0.0650	0.2215	0.1258	0.1951
000312	A	0.115259	0.412254	0.301929	0.0884	0.1731	0.1360	0.0650	0.2045	0.1153	0.1673
000313	L	0.105190	0.388678	0.299935	0.1088	0.1731	0.1300	0.0650	0.2010	0.1068	0.1166
000314	L	0.093492	0.367180	0.298261	0.0286	0.1671	0.1160	0.0610	0.1784	0.1181	0.0712
000315	D	0.087424	0.343826	0.297479	0.0286	0.1251	0.0840	0.0370	0.1610	0.1171	0.0348
000316	P	0.074367	0.303638	0.295363	0.0441	0.0719	0.0710	0.0330	0.1433	0.1109	0.0177
000317	N	0.056176	0.268423	0.291697	0.0304	0.0749	0.0640	0.0330	0.1309	0.1065	0.0075
000318	W	0.045535	0.218665	0.285327	0.0074	0.0258	0.0560	0.0260	0.1065	0.1058	0.0033
000319	H	0.032791	0.197904	0.277034	0.0074	0.0248	0.0470	0.0200	0.0978	0.1020	0.0009
000320	C	0.021255	0.161013	0.267623	0.0021	0.0198	0.0470	0.0230	0.0865	0.0964	0.0002
000321	P	0.007847	0.166887	0.260364	0.0026	0.0092	0.0430	0.0210	0.0816	0.0980	0.0001
000322	P	0.001897	0.162078	0.255358	0.0008	0.0090	0.0410	0.0220	0.0784	0.0969	0.0001
000323	C	0.000559	0.155327	0.253098	0.0004	0.0096	0.0390	0.0190	0.0764	0.0956	0.0000
000324	R	0.002377	0.144258	0.250846	0.0005	0.0123	0.0360	0.0140	0.0744	0.0931	0.0000
000325	G	0.003963	0.132582	0.248928	0.0007	0.0168	0.0340	0.0110	0.0728	0.0905	0.0000
000326	I	0.006586	0.114953	0.246477	0.0007	0.0163	0.0290	0.0080	0.0690	0.0881	0.0000
000327	C	0.012660	0.117927	0.243556	0.0006	0.0143	0.0290	0.0090	0.0696	0.0869	0.0000
000328	N	0.017098	0.117736	0.239379	0.0006	0.0072	0.0300	0.0100	0.0686	0.0858	0.0000
000329	C	0.019323	0.116575	0.234011	0.0008	0.0088	0.0320	0.0120	0.0687	0.0832	0.0000
000330	S	0.023082	0.118597	0.227471	0.0003	0.0089	0.0340	0.0150	0.0687	0.0809	0.0000
000331	F	0.023266	0.121086	0.219826	0.0009	0.0174	0.0450	0.0210	0.0713	0.0768	0.0001
000332	C	0.023525	0.150865	0.210337	0.0008	0.0125	0.0510	0.0240	0.0749	0.0782	0.0001
000333	R	0.022011	0.192641	0.198980	0.0007	0.0091	0.0490	0.0200	0.0788	0.0841	0.0002
000334	Q	0.021466	0.218011	0.186015	0.0026	0.0153	0.0470	0.0140	0.0818	0.0865	0.0005
000335	R	0.019788	0.247210	0.173846	0.0010	0.0108	0.0480	0.0110	0.0835	0.0934	0.0009
000336	D	0.016138	0.249673	0.163649	0.0008	0.0089	0.0480	0.0150	0.0812	0.0933	0.0016
000337	G	0.012772	0.235005	0.154883	0.0007	0.0100	0.0510	0.0200	0.0775	0.0877	0.0029
000338	R	0.013490	0.199159	0.146963	0.0024	0.0223	0.0460	0.0190	0.0717	0.0744	0.0056
000339	C	0.013168	0.165555	0.139452	0.0013	0.0146	0.0390	0.0180	0.0622	0.0653	0.0083
000340	A	0.013100	0.128798	0.132886	0.0082	0.0349	0.0350	0.0170	0.0588	0.0519	0.0186
000341	T	0.012968	0.107569	0.126881	0.0040	0.0341	0.0310	0.0130	0.0527	0.0471	0.0325
000342	G	0.012633	0.091082	0.120846	0.0074	0.0341	0.0270	0.0090	0.0489	0.0422	0.0520
000343	V	0.011518	0.075698	0.114999	0.0279	0.0948	0.0260	0.0090	0.0585	0.0388	0.0909
000344	L	0.010564	0.063729	0.109004	0.0124	0.0948	0.0260	0.0090	0.0527	0.0391	0.1193
000345	V	0.008133	0.061857	0.103162	0.0116	0.0719	0.0280	0.0090	0.0474	0.0345	0.1416
000346	Y	0.007047	0.072225	0.097435	0.0118	0.0690	0.0340	0.0110	0.0486	0.0333	0.1604
000347	L	0.004082	0.080958	0.091915	0.0075	0.0568	0.0370	0.0120	0.0464	0.0336	0.1773
000348	A	0.000508	0.093558	0.086568	0.0081	0.0356	0.0380	0.0150	0.0437	0.0355	0.1838
000349	K	0.000255	0.115062	0.081529	0.0066	0.0244	0.0400	0.0150	0.0446	0.0412	0.1852
000350	Y	0.000030	0.132976	0.077315	0.0141	0.0719	0.0510	0.0170	0.0578	0.0438	0.1911
000351	H	0.000025	0.143983	0.074778	0.0099	0.0780	0.0540	0.0160	0.0602	0.0478	0.1677
000352	G	0.000025	0.163892	0.074019	0.0109	0.0518	0.0580	0.0150	0.0598	0.0533	0.1481
000353	F	0.000024	0.195824	0.074742	0.0124	0.0531	0.0770	0.0180	0.0689	0.0638	0.1367
000354	G	0.009722	0.205108	0.074752	0.0090	0.0704	0.0900	0.0310	0.0764	0.0655	0.1204
000355	N	0.021153	0.211962	0.075430	0.0160	0.1028	0.1170	0.0470	0.0907	0.0661	0.1108
000356	V	0.030236	0.233045	0.074720	0.0274	0.0780	0.1390	0.0560	0.0970	0.0712	0.1100
000357	H	0.042305	0.230867	0.073871	0.0490	0.1206	0.1500	0.0630	0.1112	0.0658	0.1078
000358	A	0.065952	0.211782	0.071101	0.0350	0.1476	0.1870	0.0710	0.1197	0.0660	0.1075
000359	Y	0.104001	0.242483	0.067987	0.0478	0.1671	0.2270	0.0810	0.1428	0.0751	0.1126
000360	L	0.127467	0.283712	0.065029	0.0308	0.1476	0.2790	0.1160	0.1556	0.0969	0.1176
000361	K	0.150558	0.320444	0.062382	0.0567	0.2094	0.3620	0.1520	0.1935	0.1172	0.1155
000362	S	0.183391	0.387775	0.060693	0.0502	0.1942	0.4140	0.1550	0.2151	0.1426	0.1129
000363	L	0.206909	0.476946	0.059856	0.0723	0.1759	0.5260	0.1620	0.2530	0.1837	0.1108
000364	K	0.219482	0.557489	0.059474	0.1732	0.2399	0.5820	0.1330	0.3052	0.1956	0.1030
000365	Q	0.241029	0.648680	0.059429	0.2209	0.2224	0.6280	0.1060	0.3367	0.2216	0.0965
000366	E	0.260754	0.748954	0.059284	0.2602	0.1942	0.6950	0.0560	0.3698	0.2584	0.0921
000367	F	0.278233	0.814530	0.058828	0.3806	0.2164	0.7260	0.0660	0.4125	0.2716	0.0892
000368	E	0.216043	0.873468	0.057713	0.4245	0.1969	0.7820	0.0720	0.4251	0.3053	0.0876
000369	M	0.275681	0.920067	0.057068	0.5084	0.1969	0.8210	0.0710	0.4631	0.3188	0.0855
000370	Q	0.286156	0.938644	0.057454	0.6334	0.2849	0.8170	0.0790	0.5029	0.3158	0.0811
000371	A	0.370145	0.943220	0.058193	0.7501	0.3667	0.8450	0.0890	0.5556	0.3134	0.0766