RESNUM	RES	VL-XT	VSL2B	VL3	IUPred-S	IUPred-L	PONDRFIT	FITERROR	MDP	MDPERROR	ANCHOR2
000001	M	0.924188	0.812518	0.701906	0.9040	0.5620	0.9860	0.0080	0.8151	0.1449	0.4478
000002	R	0.613604	0.816575	0.701216	0.8118	0.3983	0.9900	0.0050	0.7218	0.1851	0.4489
000003	R	0.606919	0.803306	0.699705	0.7724	0.4087	0.9730	0.0270	0.7107	0.1749	0.4491
000004	L	0.669804	0.802276	0.696859	0.6219	0.4149	0.9640	0.0290	0.6950	0.1676	0.4516
000005	G	0.546558	0.766479	0.694344	0.5549	0.4766	0.9300	0.0560	0.6616	0.1545	0.4538
000006	P	0.476975	0.741609	0.694086	0.4918	0.5382	0.9090	0.0430	0.6420	0.1552	0.4554
000007	F	0.432185	0.733064	0.696545	0.4749	0.5533	0.8650	0.0910	0.6258	0.1523	0.4559
000008	H	0.388619	0.710829	0.700427	0.4556	0.4901	0.8940	0.0590	0.6066	0.1762	0.4569
000009	P	0.344592	0.699155	0.704454	0.4116	0.5055	0.8550	0.0760	0.5867	0.1800	0.4580
000010	R	0.296496	0.671781	0.708343	0.2963	0.5211	0.7780	0.1070	0.5453	0.1920	0.4604
000011	V	0.251187	0.696993	0.712045	0.2558	0.5493	0.7840	0.1050	0.5415	0.2152	0.4627
000012	H	0.206011	0.728379	0.715564	0.2913	0.4979	0.7330	0.1200	0.5287	0.2153	0.4638
000013	W	0.175509	0.756385	0.719622	0.3005	0.5055	0.7420	0.1290	0.5332	0.2276	0.4666
000014	A	0.145520	0.773678	0.723481	0.2292	0.5017	0.6760	0.1380	0.5082	0.2430	0.4735
000015	A	0.113034	0.780917	0.725714	0.3146	0.5017	0.6290	0.1260	0.5109	0.2345	0.4808
000016	P	0.090197	0.784396	0.725483	0.3146	0.4292	0.5730	0.1150	0.4861	0.2391	0.4917
000017	P	0.066721	0.790853	0.723615	0.2255	0.3249	0.5520	0.1020	0.4473	0.2628	0.5098
000018	S	0.036837	0.787484	0.723189	0.2748	0.3494	0.5370	0.0810	0.4515	0.2607	0.5335
000019	L	0.010687	0.792764	0.724526	0.1998	0.3460	0.5260	0.0610	0.4334	0.2779	0.5633
000020	S	0.009784	0.789485	0.726792	0.1292	0.3286	0.4210	0.0770	0.4009	0.2857	0.5895
000021	S	0.014578	0.785476	0.728429	0.1322	0.3426	0.3670	0.0990	0.3951	0.2831	0.6194
000022	G	0.023877	0.779868	0.730444	0.1998	0.3807	0.3730	0.1200	0.4145	0.2692	0.6515
000023	L	0.030286	0.775926	0.735700	0.2041	0.3053	0.3520	0.1130	0.4005	0.2709	0.6824
000024	H	0.033110	0.773677	0.744231	0.3359	0.4330	0.3340	0.1080	0.4422	0.2555	0.7081
000025	R	0.034976	0.749480	0.754333	0.2913	0.4476	0.3800	0.1220	0.4429	0.2531	0.7280
000026	L	0.036998	0.726292	0.763697	0.3359	0.4619	0.4750	0.1310	0.4667	0.2441	0.7487
000027	L	0.038902	0.750347	0.772593	0.3096	0.4476	0.5820	0.1600	0.4835	0.2562	0.7602
000028	F	0.041014	0.780487	0.781027	0.2865	0.4330	0.6100	0.1500	0.4887	0.2676	0.7583
000029	L	0.043303	0.802811	0.791442	0.2963	0.3704	0.6460	0.1330	0.4918	0.2782	0.7489
000030	R	0.061895	0.803160	0.802325	0.3806	0.4292	0.6800	0.1080	0.5262	0.2655	0.7335
000031	G	0.077363	0.827642	0.814067	0.3225	0.4619	0.7140	0.0910	0.5363	0.2755	0.7207
000032	T	0.087382	0.842422	0.823842	0.3225	0.4901	0.7500	0.0710	0.5527	0.2798	0.7036
000033	R	0.111088	0.857001	0.832531	0.3399	0.4831	0.7810	0.0550	0.5674	0.2789	0.6851
000034	I	0.135823	0.863198	0.841001	0.4379	0.5577	0.7630	0.0920	0.5998	0.2574	0.6633
000035	P	0.240204	0.878798	0.850475	0.4458	0.5620	0.7270	0.0900	0.6173	0.2271	0.6375
000036	S	0.344584	0.893153	0.860012	0.4420	0.5620	0.7550	0.0940	0.6428	0.2074	0.6105
000037	S	0.443189	0.899816	0.868163	0.5126	0.5620	0.7890	0.0910	0.6791	0.1796	0.5779
000038	T	0.539399	0.908098	0.874396	0.5762	0.6427	0.8220	0.0810	0.7271	0.1464	0.5587
000039	T	0.617579	0.910554	0.879431	0.6079	0.6712	0.8530	0.0720	0.7565	0.1270	0.5477
000040	L	0.701821	0.914407	0.883866	0.6681	0.7547	0.8660	0.0780	0.7982	0.0945	0.5523
000041	S	0.794771	0.919998	0.888094	0.6174	0.7672	0.8680	0.0750	0.8093	0.1006	0.5502
000042	P	0.875089	0.927088	0.891538	0.6219	0.7672	0.8680	0.0860	0.8251	0.1031	0.5497
000043	P	0.956911	0.931568	0.894094	0.6293	0.7672	0.8750	0.0890	0.8424	0.1125	0.5569
000044	R	0.959966	0.935106	0.895333	0.6334	0.7120	0.8900	0.0870	0.8376	0.1211	0.5676
000045	H	0.957764	0.936990	0.896589	0.6984	0.8085	0.8900	0.0830	0.8647	0.0879	0.5892
000046	D	0.957037	0.940587	0.899524	0.6442	0.8085	0.8790	0.0960	0.8548	0.1056	0.6106
000047	S	0.949868	0.943156	0.902363	0.6442	0.8421	0.8620	0.1090	0.8573	0.1030	0.6324
000048	L	0.901705	0.937550	0.904358	0.6650	0.8375	0.8660	0.1120	0.8520	0.0893	0.6567
000049	S	0.847481	0.932321	0.902745	0.6756	0.7799	0.8430	0.1210	0.8302	0.0843	0.6632
000050	L	0.783104	0.933444	0.899858	0.6650	0.7672	0.8370	0.1180	0.8143	0.0890	0.6799
000051	D	0.753436	0.926762	0.895938	0.6789	0.8421	0.8150	0.1180	0.8186	0.0837	0.6779
000052	G	0.700668	0.923781	0.892676	0.6756	0.8681	0.8020	0.1210	0.8104	0.0942	0.6807
000053	G	0.672186	0.910406	0.890016	0.6604	0.8530	0.7960	0.1290	0.7970	0.0991	0.6770
000054	T	0.645498	0.916079	0.887572	0.6516	0.8313	0.8040	0.1340	0.7893	0.1059	0.6655
000055	V	0.588029	0.915443	0.885905	0.6557	0.8313	0.7840	0.1540	0.7767	0.1186	0.6504
000056	N	0.535185	0.914232	0.884721	0.6681	0.8313	0.7740	0.1680	0.7680	0.1312	0.6136
000057	P	0.532618	0.923414	0.884202	0.6604	0.8125	0.7640	0.1740	0.7628	0.1332	0.5784
000058	P	0.545555	0.929865	0.883964	0.6650	0.7209	0.7930	0.1550	0.7564	0.1302	0.5492
000059	R	0.574425	0.934506	0.883758	0.7034	0.8013	0.8010	0.1490	0.7830	0.1180	0.5398
000060	V	0.569569	0.937456	0.883428	0.6557	0.8343	0.7860	0.1590	0.7778	0.1279	0.5489
000061	R	0.590473	0.938574	0.883125	0.7111	0.8872	0.7260	0.1840	0.7893	0.1227	0.5388
000062	E	0.593720	0.940161	0.882850	0.7192	0.9039	0.7270	0.1600	0.7945	0.1235	0.5436
000063	P	0.587397	0.940044	0.881516	0.7111	0.8872	0.7400	0.1350	0.7911	0.1226	0.5548
000064	T	0.576788	0.938764	0.878160	0.7147	0.8853	0.7720	0.1170	0.7943	0.1227	0.5778
000065	G	0.561858	0.936951	0.873308	0.6944	0.8765	0.7660	0.1160	0.7848	0.1276	0.6030
000066	R	0.555992	0.934166	0.867407	0.7342	0.9126	0.7340	0.1130	0.7897	0.1309	0.6240
000067	E	0.538754	0.931852	0.861170	0.7342	0.8235	0.7340	0.0970	0.7705	0.1248	0.6589
000068	A	0.515364	0.928836	0.853907	0.7192	0.7289	0.7690	0.0900	0.7526	0.1288	0.7076
000069	F	0.448788	0.923407	0.846500	0.6412	0.7289	0.7710	0.1170	0.7267	0.1525	0.7511
000070	G	0.390796	0.920804	0.839343	0.6079	0.7080	0.6890	0.1410	0.6927	0.1694	0.7595
000071	P	0.325193	0.919002	0.832854	0.6604	0.7628	0.6480	0.1430	0.6913	0.1888	0.7655
000072	S	0.272622	0.914563	0.826770	0.6474	0.6427	0.6920	0.1550	0.6661	0.2016	0.7755
000073	P	0.258551	0.909359	0.821790	0.6334	0.6322	0.7230	0.1490	0.6630	0.2061	0.7886
000074	A	0.255335	0.904547	0.818533	0.5514	0.6089	0.8070	0.1260	0.6576	0.2178	0.7960
000075	S	0.235129	0.899615	0.816504	0.5331	0.6043	0.8380	0.1010	0.6545	0.2285	0.7920
000076	S	0.295065	0.903507	0.814450	0.5229	0.5901	0.8050	0.1200	0.6552	0.2085	0.7881
000077	D	0.355055	0.901472	0.811463	0.5296	0.6043	0.8110	0.1260	0.6688	0.1900	0.7850
000078	W	0.459790	0.892286	0.808252	0.5173	0.6043	0.8600	0.1240	0.6904	0.1703	0.7797
000079	L	0.551770	0.897230	0.804753	0.5296	0.6227	0.8620	0.1340	0.7114	0.1486	0.7552
000080	P	0.643858	0.889997	0.801442	0.5802	0.7628	0.8490	0.1520	0.7546	0.1097	0.7120
000081	A	0.735939	0.885814	0.798407	0.5623	0.7547	0.8680	0.1460	0.7676	0.1067	0.6806
000082	R	0.827951	0.884349	0.796017	0.5623	0.6991	0.8780	0.1360	0.7747	0.1132	0.6369
000083	W	0.915244	0.882888	0.796049	0.5549	0.6991	0.9010	0.1130	0.7916	0.1293	0.6016
000084	R	0.999477	0.882007	0.797841	0.5229	0.5807	0.9000	0.1140	0.7806	0.1728	0.5499
000085	N	0.999438	0.882360	0.800740	0.5296	0.5211	0.9160	0.0860	0.7749	0.1858	0.5146
000086	G	0.999415	0.889777	0.802069	0.4781	0.5211	0.9260	0.0720	0.7694	0.1998	0.4965
000087	R	0.999252	0.890435	0.801921	0.4203	0.5254	0.9260	0.0700	0.7606	0.2138	0.4789
000088	G	0.999094	0.885808	0.801807	0.4203	0.4149	0.9310	0.0620	0.7421	0.2368	0.4693
000089	G	0.996765	0.884864	0.801998	0.4879	0.5254	0.9190	0.0710	0.7693	0.1946	0.4646
000090	R	0.966933	0.874974	0.802923	0.4282	0.5807	0.9070	0.0740	0.7600	0.1922	0.4692
000091	P	0.895809	0.874764	0.803649	0.4282	0.5254	0.8820	0.0970	0.7350	0.1870	0.4944
000092	R	0.866110	0.861808	0.804296	0.4203	0.5493	0.8860	0.0890	0.7312	0.1799	0.5204
000093	A	0.864141	0.857582	0.804462	0.4078	0.5577	0.8670	0.1070	0.7265	0.1789	0.5496
000094	R	0.834117	0.832689	0.805227	0.4651	0.6661	0.8610	0.1080	0.7441	0.1399	0.5640
000095	L	0.805362	0.829658	0.806899	0.4600	0.6620	0.8500	0.1080	0.7356	0.1373	0.5903
000096	C	0.776319	0.824482	0.809269	0.4333	0.6482	0.8190	0.1070	0.7185	0.1410	0.5973
000097	S	0.703083	0.813243	0.811162	0.4245	0.6531	0.7910	0.0920	0.6993	0.1364	0.5944
000098	G	0.628307	0.820135	0.812772	0.4333	0.6948	0.7670	0.0930	0.6927	0.1339	0.5881
000099	W	0.571143	0.814667	0.814863	0.4245	0.6948	0.7390	0.1150	0.6765	0.1397	0.5805
000100	T	0.549813	0.840347	0.817579	0.4513	0.6089	0.6870	0.1380	0.6592	0.1393	0.5651
000101	A	0.479005	0.840389	0.820938	0.4749	0.6227	0.7430	0.1260	0.6635	0.1493	0.5556
000102	A	0.388705	0.844279	0.825032	0.3885	0.5901	0.7460	0.1290	0.6304	0.1895	0.5373
000103	E	0.344235	0.845109	0.829615	0.3992	0.5254	0.7170	0.1410	0.6101	0.1988	0.5141
000104	E	0.294361	0.844908	0.834800	0.4203	0.4831	0.7030	0.1430	0.5967	0.2101	0.5018
000105	A	0.251030	0.852129	0.839765	0.3668	0.4901	0.6990	0.1550	0.5831	0.2300	0.5064
000106	R	0.258117	0.845562	0.844997	0.3578	0.5493	0.6750	0.1630	0.5885	0.2248	0.5035
000107	R	0.263990	0.843908	0.850332	0.4149	0.6620	0.6710	0.1640	0.6177	0.2146	0.5094
000108	N	0.275287	0.850301	0.856224	0.4116	0.6576	0.6940	0.1490	0.6242	0.2152	0.5218
000109	P	0.296710	0.854178	0.863466	0.4245	0.5707	0.7000	0.1320	0.6183	0.2104	0.5404
000110	T	0.347988	0.857317	0.872289	0.5229	0.6269	0.7370	0.1290	0.6607	0.1858	0.5668
000111	L	0.428341	0.857383	0.882577	0.4513	0.5419	0.7550	0.1370	0.6528	0.1864	0.6056
000112	G	0.492289	0.859392	0.892484	0.4203	0.5533	0.7390	0.1350	0.6595	0.1812	0.6402
000113	G	0.527432	0.856053	0.901241	0.3847	0.5533	0.7650	0.1410	0.6647	0.1881	0.6759
000114	L	0.556419	0.857566	0.906937	0.3992	0.5533	0.7940	0.1470	0.6780	0.1854	0.7229
000115	L	0.558934	0.853282	0.910365	0.3885	0.5533	0.8010	0.1420	0.6775	0.1885	0.7541
000116	G	0.548423	0.858287	0.912294	0.4149	0.5807	0.7740	0.1480	0.6815	0.1789	0.7705
000117	R	0.542842	0.856891	0.914948	0.4245	0.5807	0.7810	0.1560	0.6835	0.1782	0.7886
000118	Q	0.576927	0.853461	0.917963	0.4282	0.5098	0.7840	0.1550	0.6783	0.1828	0.8073
000119	R	0.585897	0.853791	0.920238	0.4379	0.5055	0.7970	0.1490	0.6834	0.1823	0.8316
000120	L	0.525408	0.850370	0.921890	0.3491	0.4582	0.8090	0.1390	0.6522	0.2168	0.8531
000121	L	0.494024	0.843395	0.923161	0.3399	0.4801	0.7930	0.1300	0.6456	0.2167	0.8646
000122	L	0.494998	0.838127	0.924647	0.3762	0.5176	0.7840	0.1280	0.6560	0.2021	0.8651
000123	R	0.495971	0.836708	0.926202	0.4078	0.5176	0.7900	0.1270	0.6624	0.1957	0.8637
000124	M	0.517191	0.836195	0.928110	0.3847	0.5098	0.8200	0.1190	0.6660	0.2029	0.8627
000125	G	0.555670	0.842843	0.930405	0.4556	0.5854	0.8350	0.1090	0.7009	0.1758	0.8467
000126	G	0.577020	0.861110	0.933693	0.5229	0.6661	0.8440	0.1140	0.7341	0.1538	0.8385
000127	G	0.564926	0.877254	0.937767	0.5331	0.6531	0.8410	0.1170	0.7345	0.1576	0.8358
000128	R	0.567426	0.885965	0.943386	0.5374	0.6322	0.8540	0.1130	0.7367	0.1623	0.8326
000129	L	0.619812	0.896506	0.949546	0.5253	0.6089	0.8690	0.1140	0.7448	0.1646	0.8303
000130	G	0.651648	0.911020	0.956261	0.5043	0.5901	0.8730	0.1200	0.7477	0.1728	0.8145
000131	A	0.687338	0.918453	0.962533	0.5711	0.6851	0.8750	0.1220	0.7832	0.1429	0.7986
000132	P	0.724771	0.925501	0.967897	0.6035	0.7547	0.8730	0.1230	0.8083	0.1260	0.7858
000133	M	0.761196	0.929083	0.972012	0.6681	0.7672	0.8820	0.1210	0.8299	0.1061	0.7808
000134	E	0.798310	0.932532	0.975312	0.6715	0.7718	0.8800	0.1270	0.8383	0.1027	0.7714
000135	R	0.850647	0.936573	0.977488	0.6474	0.7881	0.8840	0.1310	0.8474	0.1078	0.7669
000136	H	0.894965	0.939625	0.978825	0.6516	0.7628	0.8880	0.1240	0.8527	0.1118	0.7753
000137	G	0.927481	0.941157	0.979174	0.6557	0.7628	0.8940	0.1210	0.8600	0.1138	0.7747
000138	R	0.942315	0.943510	0.979317	0.6412	0.7628	0.9000	0.1130	0.8615	0.1203	0.7726
000139	A	0.944720	0.946568	0.979558	0.6412	0.7799	0.9030	0.1110	0.8659	0.1190	0.7697
000140	S	0.934740	0.949730	0.979494	0.6944	0.8235	0.9060	0.1040	0.8813	0.0967	0.7608
000141	A	0.935723	0.953065	0.978949	0.7192	0.8013	0.9230	0.0830	0.8853	0.0931	0.7609
000142	T	0.934811	0.954616	0.977781	0.7275	0.8235	0.9290	0.0760	0.8912	0.0878	0.7580
000143	S	0.936535	0.957713	0.976357	0.6827	0.7982	0.9260	0.0790	0.8796	0.1051	0.7542
000144	V	0.934214	0.960827	0.974917	0.7079	0.8462	0.9160	0.0910	0.8899	0.0912	0.7499
000145	S	0.929091	0.963245	0.973563	0.7079	0.8462	0.9060	0.0970	0.8877	0.0905	0.7460
000146	S	0.924868	0.966291	0.972205	0.7232	0.8530	0.9000	0.1010	0.8899	0.0847	0.7300
000147	A	0.915635	0.968759	0.971090	0.7192	0.8375	0.9020	0.0980	0.8857	0.0870	0.7075
000148	G	0.910547	0.971003	0.970099	0.7192	0.8279	0.8950	0.1040	0.8823	0.0876	0.6822
000149	E	0.913195	0.972976	0.969548	0.7192	0.8421	0.8800	0.1170	0.8829	0.0866	0.6553
000150	Q	0.897209	0.975712	0.969249	0.7418	0.8655	0.8660	0.1320	0.8859	0.0782	0.6334
000151	A	0.874316	0.978292	0.968844	0.7501	0.8872	0.8620	0.1340	0.8867	0.0759	0.6109
000152	A	0.828480	0.979796	0.968186	0.7688	0.8493	0.8550	0.1360	0.8748	0.0755	0.5851
000153	G	0.785411	0.981532	0.967372	0.7869	0.8313	0.8520	0.1330	0.8674	0.0793	0.5710
000154	D	0.745070	0.982974	0.966510	0.7418	0.8279	0.8500	0.1280	0.8524	0.0952	0.5596
000155	P	0.706066	0.983561	0.965653	0.7912	0.8655	0.8360	0.1330	0.8580	0.0961	0.5515
000156	E	0.663960	0.984665	0.964834	0.7817	0.8462	0.8450	0.1180	0.8478	0.1085	0.5453
000157	G	0.622034	0.984903	0.964113	0.7772	0.8462	0.8520	0.1120	0.8410	0.1211	0.5571
000158	R	0.579184	0.984987	0.963268	0.7724	0.8596	0.8480	0.1150	0.8345	0.1348	0.5744
000159	R	0.546945	0.985010	0.962367	0.7688	0.8343	0.8420	0.1210	0.8232	0.1445	0.5988
000160	Q	0.523517	0.985000	0.961337	0.7688	0.8279	0.8280	0.1310	0.8157	0.1515	0.6281
000161	E	0.530867	0.984798	0.960253	0.7342	0.7595	0.8220	0.1400	0.7986	0.1520	0.6537
000162	P	0.535233	0.984515	0.959205	0.7501	0.8085	0.8130	0.1440	0.8085	0.1482	0.6947
000163	L	0.571702	0.984331	0.958226	0.7275	0.8050	0.8240	0.1390	0.8118	0.1391	0.7290
000164	R	0.608411	0.984118	0.957271	0.7501	0.7459	0.8120	0.1410	0.8096	0.1293	0.7443
000165	R	0.655631	0.983880	0.956060	0.7232	0.7369	0.8190	0.1370	0.8124	0.1213	0.7648
000166	R	0.698840	0.982462	0.954840	0.6681	0.6755	0.8420	0.1370	0.8036	0.1304	0.7836
000167	A	0.744669	0.982506	0.953426	0.6681	0.6712	0.8470	0.1340	0.8112	0.1261	0.8064
000168	S	0.794935	0.982168	0.951931	0.6516	0.6322	0.8440	0.1350	0.8095	0.1341	0.8185
000169	S	0.830689	0.981519	0.950350	0.6516	0.6482	0.8580	0.1360	0.8200	0.1307	0.8285
000170	A	0.861020	0.981162	0.948685	0.6334	0.6576	0.8640	0.1300	0.8243	0.1337	0.8314
000171	S	0.869249	0.979519	0.947026	0.6079	0.6531	0.8670	0.1260	0.8206	0.1409	0.8292
000172	V	0.842647	0.978648	0.945745	0.6124	0.6375	0.8700	0.1210	0.8145	0.1415	0.8241
000173	P	0.826270	0.978297	0.945343	0.5846	0.5951	0.8470	0.1290	0.7960	0.1550	0.8024
000174	A	0.810027	0.976180	0.945880	0.6293	0.6851	0.8490	0.1310	0.8159	0.1262	0.7793
000175	V	0.795973	0.975151	0.946657	0.6374	0.6851	0.8450	0.1390	0.8143	0.1243	0.7552
000176	G	0.764673	0.971733	0.947353	0.6412	0.6043	0.8400	0.1360	0.7949	0.1399	0.7179
000177	A	0.731534	0.968596	0.947206	0.6474	0.6136	0.8440	0.1370	0.7920	0.1380	0.6828
000178	S	0.709389	0.964888	0.945075	0.6174	0.6375	0.8280	0.1370	0.7836	0.1387	0.6412
000179	A	0.701675	0.957677	0.941249	0.6219	0.5419	0.8180	0.1200	0.7637	0.1556	0.6050
000180	E	0.708881	0.950575	0.936457	0.6174	0.5382	0.8300	0.1070	0.7636	0.1551	0.5700
000181	G	0.722998	0.942911	0.931601	0.5583	0.5620	0.8340	0.1130	0.7586	0.1579	0.5437
000182	T	0.724932	0.937051	0.925703	0.5514	0.6043	0.8360	0.1230	0.7632	0.1491	0.5220
000183	R	0.728313	0.926826	0.918157	0.5941	0.6806	0.8590	0.1090	0.7845	0.1251	0.5033
000184	R	0.708486	0.915288	0.910522	0.5900	0.6375	0.8550	0.1150	0.7694	0.1303	0.4933
000185	D	0.701018	0.907470	0.903284	0.6079	0.5951	0.8620	0.1050	0.7629	0.1333	0.4861
000186	R	0.697598	0.897755	0.896166	0.6442	0.6576	0.8700	0.0860	0.7772	0.1123	0.4832
000187	L	0.733935	0.887474	0.887426	0.5762	0.6482	0.8590	0.0970	0.7653	0.1218	0.4846
000188	G	0.712066	0.872219	0.876933	0.5900	0.6948	0.8300	0.1030	0.7626	0.1053	0.4775
000189	S	0.705783	0.860221	0.863674	0.5846	0.6906	0.8600	0.0880	0.7609	0.1075	0.4717
000190	Y	0.672510	0.845949	0.847769	0.6174	0.6482	0.8850	0.0790	0.7529	0.1088	0.4646
000191	S	0.639236	0.831158	0.827464	0.6219	0.6531	0.8510	0.1100	0.7373	0.1000	0.4570
000192	G	0.652391	0.810245	0.804048	0.5514	0.6482	0.8400	0.1190	0.7177	0.1062	0.4491
000193	P	0.695262	0.789890	0.777972	0.5412	0.5493	0.8250	0.1290	0.6965	0.1138	0.4427
000194	T	0.745064	0.771681	0.751754	0.5331	0.5533	0.8530	0.1060	0.7013	0.1173	0.4388
000195	S	0.783625	0.748672	0.727564	0.4458	0.5533	0.8720	0.0940	0.6885	0.1444	0.4357
000196	V	0.786773	0.732848	0.705113	0.4379	0.5456	0.8820	0.1050	0.6817	0.1484	0.4335
000197	S	0.824920	0.724103	0.682907	0.4245	0.5456	0.8800	0.1170	0.6804	0.1562	0.4320
000198	R	0.860904	0.706367	0.659079	0.4781	0.6755	0.8870	0.1120	0.7112	0.1364	0.4321
000199	Q	0.917464	0.687087	0.633614	0.4600	0.5807	0.8870	0.1080	0.6942	0.1624	0.4333
000200	R	0.967715	0.683973	0.607663	0.4918	0.4766	0.8700	0.1150	0.6830	0.1830	0.4323
000201	V	0.968098	0.656180	0.582001	0.4879	0.5992	0.8580	0.1290	0.6919	0.1671	0.4298
000202	E	0.958358	0.641108	0.557181	0.3939	0.4801	0.8130	0.1650	0.6406	0.1933	0.4275
000203	S	0.957250	0.629725	0.533438	0.4203	0.3840	0.7520	0.2050	0.6128	0.1975	0.4266
000204	L	0.955576	0.603488	0.511040	0.3005	0.3566	0.7330	0.2390	0.5767	0.2228	0.4270
000205	R	0.894974	0.548150	0.491080	0.2122	0.2817	0.6920	0.2560	0.5201	0.2322	0.4264
000206	K	0.838803	0.494642	0.473574	0.2209	0.2884	0.6520	0.2700	0.4948	0.2087	0.4281
000207	K	0.732765	0.449300	0.457557	0.2080	0.2680	0.5970	0.2750	0.4520	0.1794	0.4318
000208	R	0.626077	0.400104	0.442351	0.2209	0.2715	0.5180	0.2220	0.4131	0.1380	0.4291
000209	P	0.525922	0.350660	0.428832	0.1566	0.2752	0.3890	0.1530	0.3544	0.1166	0.4211
000210	L	0.450863	0.328966	0.417299	0.1532	0.2680	0.3060	0.1230	0.3208	0.0978	0.4133
000211	F	0.379419	0.297481	0.407227	0.1602	0.2064	0.2750	0.1070	0.2875	0.0874	0.4063
000212	P	0.270024	0.252923	0.396967	0.2167	0.2064	0.2310	0.0980	0.2623	0.0639	0.4007
000213	W	0.160718	0.245093	0.387189	0.1566	0.1942	0.2110	0.0840	0.2258	0.0782	0.3929
000214	F	0.110512	0.235263	0.377746	0.1088	0.1399	0.1740	0.0610	0.1911	0.0939	0.3877
000215	G	0.059601	0.208450	0.367891	0.1532	0.1501	0.1480	0.0470	0.1811	0.0942	0.3846
000216	L	0.058026	0.207712	0.356805	0.1018	0.0985	0.1560	0.0530	0.1631	0.0988	0.3801
000217	D	0.056607	0.204770	0.344992	0.0677	0.0568	0.1650	0.0560	0.1493	0.1044	0.3749
000218	I	0.054965	0.187399	0.336487	0.0425	0.0605	0.2010	0.0860	0.1472	0.1059	0.3690
000219	G	0.027687	0.191986	0.332179	0.0252	0.0734	0.1990	0.1040	0.1416	0.1105	0.3658
000220	G	0.000496	0.189211	0.333043	0.0200	0.0581	0.1960	0.1160	0.1328	0.1177	0.3646
000221	T	0.000721	0.186670	0.336471	0.0425	0.0909	0.1880	0.1210	0.1409	0.1114	0.3659
000222	L	0.004511	0.167327	0.342366	0.0677	0.1028	0.1530	0.0900	0.1396	0.1055	0.3644
000223	V	0.012052	0.171571	0.350864	0.0607	0.0870	0.1310	0.0710	0.1355	0.1087	0.3655
000224	K	0.020408	0.172310	0.362341	0.0621	0.1349	0.1240	0.0580	0.1460	0.1087	0.3710
000225	L	0.030177	0.166632	0.375947	0.1060	0.2224	0.1310	0.0640	0.1720	0.1082	0.3711
000226	V	0.039669	0.158740	0.388175	0.0813	0.2292	0.1400	0.0670	0.1729	0.1132	0.3739
000227	Y	0.050405	0.175994	0.398292	0.1322	0.3087	0.1770	0.0980	0.2071	0.1147	0.3816
000228	F	0.059546	0.193433	0.407594	0.1322	0.3117	0.2010	0.0990	0.2175	0.1141	0.3972
000229	E	0.077314	0.245997	0.418379	0.2080	0.3948	0.2090	0.0970	0.2589	0.1170	0.4236
000230	P	0.102901	0.304157	0.431317	0.2080	0.4051	0.2430	0.1080	0.2824	0.1133	0.4167
000231	K	0.152825	0.370347	0.444718	0.2080	0.3460	0.2970	0.1040	0.3031	0.0984	0.3868
000232	D	0.171486	0.439689	0.458173	0.2167	0.3494	0.3550	0.1130	0.3318	0.1060	0.3604
000233	I	0.200964	0.524293	0.473624	0.2255	0.4119	0.4750	0.1370	0.3853	0.1261	0.3336
000234	T	0.286003	0.597469	0.489393	0.3005	0.3910	0.4610	0.1420	0.4209	0.1088	0.3086
000235	A	0.379310	0.647415	0.504602	0.3184	0.3910	0.5100	0.1370	0.4585	0.1088	0.2860
000236	E	0.454663	0.716714	0.515613	0.3184	0.4507	0.5510	0.1590	0.5012	0.1206	0.2600
000237	E	0.460624	0.772936	0.523568	0.3630	0.4256	0.5200	0.1630	0.5109	0.1295	0.2404
000238	E	0.486858	0.822805	0.530442	0.4379	0.5017	0.4660	0.1580	0.5409	0.1293	0.2265
000239	E	0.506309	0.815112	0.536972	0.4458	0.6089	0.3920	0.1100	0.5508	0.1364	0.2193
000240	E	0.508451	0.827940	0.544130	0.4245	0.4979	0.3400	0.0690	0.5238	0.1513	0.2166
000241	E	0.537979	0.811608	0.548893	0.3717	0.3910	0.3160	0.0540	0.4961	0.1649	0.2158
000242	V	0.551887	0.771493	0.550506	0.3225	0.3983	0.3140	0.0790	0.4848	0.1602	0.2196
000243	E	0.514634	0.737474	0.549428	0.2385	0.3910	0.2690	0.0950	0.4500	0.1721	0.2191
000244	S	0.420572	0.656687	0.546962	0.3263	0.4725	0.2220	0.0940	0.4409	0.1415	0.2203
000245	L	0.345951	0.612176	0.544409	0.3311	0.4051	0.2140	0.1000	0.4088	0.1340	0.2230
000246	K	0.346356	0.559969	0.540830	0.3668	0.4017	0.1820	0.0930	0.3996	0.1271	0.2237
000247	S	0.312953	0.496196	0.537816	0.2963	0.3117	0.1900	0.1030	0.3575	0.1208	0.2302
000248	I	0.273247	0.466052	0.534339	0.2602	0.2988	0.1610	0.0950	0.3323	0.1277	0.2393
000249	R	0.222003	0.421125	0.528323	0.1844	0.2849	0.1440	0.0830	0.2974	0.1359	0.2477
000250	K	0.214722	0.366959	0.519262	0.1732	0.2752	0.1290	0.0680	0.2797	0.1312	0.2585
000251	Y	0.179068	0.347014	0.507466	0.1667	0.2645	0.1380	0.0740	0.2672	0.1282	0.2733
000252	L	0.143114	0.338705	0.495670	0.1566	0.1759	0.1550	0.0840	0.2441	0.1309	0.2837
000253	T	0.149651	0.317568	0.484852	0.2122	0.2258	0.1530	0.0860	0.2573	0.1160	0.2899
000254	S	0.142387	0.311050	0.474155	0.1292	0.2193	0.1610	0.0900	0.2394	0.1214	0.2963
000255	N	0.154307	0.314353	0.462100	0.1292	0.1671	0.1570	0.0970	0.2306	0.1199	0.3011
000256	V	0.151594	0.301663	0.447529	0.1878	0.2258	0.1480	0.0870	0.2438	0.1049	0.3083
000257	A	0.153615	0.290403	0.432356	0.1456	0.1611	0.1320	0.0780	0.2192	0.1089	0.3180
000258	Y	0.184666	0.313894	0.418420	0.1416	0.1759	0.1270	0.0800	0.2269	0.1048	0.3275
000259	G	0.171881	0.321970	0.405020	0.1349	0.1731	0.1060	0.0610	0.2189	0.1075	0.3314
000260	S	0.191460	0.323163	0.391809	0.1532	0.1671	0.0910	0.0480	0.2197	0.1039	0.3393
000261	T	0.188819	0.311765	0.378072	0.1117	0.1791	0.0950	0.0470	0.2107	0.1024	0.3424
000262	G	0.178732	0.306377	0.364747	0.1635	0.1791	0.0810	0.0370	0.2122	0.0949	0.3423
000263	I	0.183157	0.281185	0.351749	0.2209	0.2503	0.0770	0.0360	0.2274	0.0851	0.3478
000264	R	0.167156	0.262190	0.337050	0.1456	0.1759	0.0700	0.0320	0.1930	0.0854	0.3526
000265	D	0.193247	0.254511	0.321302	0.1380	0.1070	0.0630	0.0260	0.1796	0.0879	0.3642
000266	V	0.219339	0.253033	0.304854	0.0832	0.1007	0.0620	0.0240	0.1706	0.0926	0.3745
000267	H	0.210240	0.240948	0.289789	0.0723	0.1373	0.0560	0.0190	0.1678	0.0862	0.3809
000268	L	0.192190	0.222205	0.275922	0.0832	0.1528	0.0570	0.0180	0.1639	0.0762	0.3843
000269	E	0.165455	0.231826	0.261306	0.1240	0.2193	0.0500	0.0130	0.1753	0.0719	0.3768
000270	L	0.150953	0.232727	0.246770	0.1240	0.2292	0.0570	0.0140	0.1735	0.0689	0.3702
000271	K	0.146134	0.233037	0.231514	0.1240	0.1611	0.0620	0.0150	0.1597	0.0599	0.3517
000272	D	0.138049	0.243920	0.218543	0.1240	0.1554	0.0610	0.0170	0.1568	0.0606	0.3403
000273	L	0.126937	0.238852	0.208381	0.0771	0.0851	0.0610	0.0160	0.1330	0.0677	0.3333
000274	T	0.093683	0.230136	0.201002	0.1266	0.0851	0.0540	0.0140	0.1317	0.0635	0.3210
000275	L	0.060809	0.219166	0.195479	0.0723	0.0851	0.0590	0.0120	0.1153	0.0660	0.3121
000276	C	0.034461	0.215197	0.190574	0.0464	0.0414	0.0560	0.0120	0.0973	0.0753	0.2949
000277	G	0.017731	0.219089	0.186943	0.0744	0.0734	0.0510	0.0120	0.1037	0.0733	0.2845
000278	R	0.009808	0.221350	0.183434	0.0395	0.0749	0.0500	0.0120	0.0965	0.0780	0.2778
000279	K	0.005597	0.206954	0.181341	0.0832	0.1162	0.0490	0.0130	0.1070	0.0705	0.2716
000280	G	0.005561	0.194746	0.180459	0.0789	0.1115	0.0490	0.0140	0.1034	0.0676	0.2741
000281	N	0.005291	0.183817	0.180624	0.1178	0.1424	0.0480	0.0140	0.1131	0.0661	0.2779
000282	L	0.005258	0.171773	0.181327	0.1117	0.1702	0.0490	0.0140	0.1148	0.0672	0.2927
000283	H	0.005034	0.170101	0.180723	0.0909	0.1399	0.0510	0.0150	0.1063	0.0636	0.3040
000284	F	0.004403	0.170526	0.179631	0.1805	0.1162	0.0490	0.0120	0.1167	0.0684	0.3082
000285	I	0.004340	0.185147	0.177301	0.1566	0.0704	0.0480	0.0130	0.1070	0.0693	0.3123
000286	R	0.005208	0.192763	0.175850	0.1532	0.1162	0.0510	0.0180	0.1156	0.0676	0.3144
000287	F	0.010983	0.187917	0.174817	0.1602	0.1554	0.0550	0.0180	0.1241	0.0664	0.3169
000288	P	0.014743	0.202498	0.173860	0.1732	0.1554	0.0550	0.0220	0.1292	0.0690	0.3171
000289	T	0.019429	0.203684	0.172221	0.1380	0.1554	0.0640	0.0200	0.1254	0.0638	0.3114
000290	H	0.024623	0.206937	0.170431	0.1322	0.1702	0.0710	0.0200	0.1291	0.0630	0.3105
000291	D	0.031485	0.228101	0.168857	0.1380	0.1643	0.0700	0.0220	0.1334	0.0654	0.3046
000292	M	0.040148	0.245625	0.167551	0.1416	0.1643	0.0710	0.0230	0.1384	0.0673	0.2989
000293	P	0.042213	0.258529	0.166155	0.2080	0.1373	0.0710	0.0260	0.1471	0.0746	0.2838
000294	A	0.044939	0.269384	0.164158	0.2167	0.1349	0.0880	0.0310	0.1529	0.0753	0.2665
000295	F	0.044972	0.280499	0.161009	0.2080	0.2193	0.1270	0.0360	0.1734	0.0748	0.2530
000296	I	0.039611	0.284676	0.157262	0.2820	0.2164	0.1500	0.0440	0.1884	0.0850	0.2377
000297	Q	0.037038	0.311567	0.152764	0.2786	0.2094	0.1700	0.0530	0.1932	0.0896	0.2207
000298	M	0.032134	0.335269	0.148210	0.2963	0.3182	0.2190	0.0670	0.2249	0.1073	0.2044
000299	G	0.026779	0.370901	0.143325	0.2483	0.2258	0.2400	0.0660	0.2092	0.1053	0.1819
000300	R	0.019719	0.417331	0.139205	0.2483	0.1298	0.2510	0.0770	0.2010	0.1247	0.1633
000301	D	0.010558	0.452265	0.135249	0.1921	0.0765	0.2430	0.0820	0.1849	0.1411	0.1442
000302	K	0.008076	0.458160	0.131625	0.1266	0.0592	0.2120	0.0750	0.1659	0.1452	0.1213
000303	N	0.005393	0.453813	0.127853	0.0858	0.0749	0.1680	0.0510	0.1527	0.1436	0.1011
000304	F	0.003798	0.403878	0.124348	0.0526	0.0618	0.1490	0.0390	0.1326	0.1303	0.0868
000305	S	0.002500	0.336711	0.122297	0.0621	0.0734	0.0990	0.0190	0.1160	0.1054	0.0735
000306	S	0.001091	0.270646	0.121452	0.1088	0.1349	0.0760	0.0160	0.1188	0.0808	0.0614
000307	L	0.000976	0.210670	0.122521	0.1566	0.1731	0.0660	0.0180	0.1217	0.0700	0.0521
000308	H	0.000865	0.175063	0.124201	0.1380	0.1070	0.0580	0.0160	0.1005	0.0567	0.0447
000309	T	0.000794	0.151286	0.126418	0.1416	0.1251	0.0490	0.0100	0.0991	0.0549	0.0387
000310	V	0.000749	0.144083	0.128659	0.0858	0.0662	0.0460	0.0090	0.0787	0.0485	0.0346
000311	F	0.000650	0.146790	0.130652	0.0771	0.0734	0.0490	0.0090	0.0797	0.0488	0.0307
000312	C	0.000465	0.144108	0.132472	0.0395	0.0734	0.0510	0.0100	0.0736	0.0507	0.0273
000313	A	0.000284	0.161308	0.134593	0.0425	0.0799	0.0560	0.0120	0.0792	0.0546	0.0279
000314	T	0.000170	0.179705	0.138711	0.0441	0.0372	0.0650	0.0140	0.0774	0.0620	0.0292
000315	G	0.000167	0.189806	0.145047	0.0813	0.0454	0.0700	0.0200	0.0886	0.0626	0.0310
000316	G	0.000271	0.199175	0.152851	0.0414	0.0473	0.0740	0.0290	0.0859	0.0686	0.0342
000317	G	0.000351	0.216849	0.159531	0.0212	0.0294	0.0750	0.0310	0.0837	0.0789	0.0382
000318	A	0.000926	0.245333	0.165461	0.0350	0.0483	0.0790	0.0340	0.0957	0.0841	0.0435
000319	Y	0.002378	0.254199	0.170440	0.0182	0.0518	0.0750	0.0320	0.0953	0.0893	0.0490
000320	K	0.002629	0.263265	0.175590	0.0179	0.0306	0.0700	0.0330	0.0934	0.0949	0.0558
000321	F	0.002659	0.267880	0.180327	0.0308	0.0483	0.0640	0.0290	0.0991	0.0938	0.0644
000322	E	0.002667	0.261995	0.184748	0.0274	0.0592	0.0550	0.0250	0.0984	0.0930	0.0747
000323	Q	0.002707	0.214422	0.188801	0.0526	0.0518	0.0500	0.0230	0.0935	0.0788	0.0855
000324	D	0.002983	0.185804	0.193847	0.0350	0.0605	0.0430	0.0180	0.0868	0.0749	0.0814
000325	F	0.003055	0.146883	0.199872	0.0150	0.0356	0.0380	0.0140	0.0730	0.0735	0.0753
000326	L	0.004460	0.112079	0.206417	0.0137	0.0380	0.0350	0.0120	0.0684	0.0708	0.0675
000327	T	0.004592	0.100026	0.212067	0.0070	0.0433	0.0340	0.0110	0.0668	0.0722	0.0600
000328	I	0.005518	0.098911	0.217563	0.0078	0.0263	0.0350	0.0120	0.0652	0.0749	0.0543
000329	G	0.005576	0.099935	0.222404	0.0109	0.0334	0.0380	0.0140	0.0683	0.0754	0.0479
000330	D	0.005642	0.099621	0.227133	0.0094	0.0269	0.0380	0.0140	0.0678	0.0777	0.0437
000331	L	0.005680	0.107973	0.230944	0.0116	0.0181	0.0410	0.0180	0.0693	0.0800	0.0345
000332	Q	0.005810	0.111684	0.235197	0.0087	0.0209	0.0420	0.0200	0.0707	0.0818	0.0273
000333	L	0.005690	0.112342	0.238887	0.0040	0.0184	0.0440	0.0230	0.0705	0.0838	0.0222
000334	C	0.005526	0.117758	0.242810	0.0013	0.0171	0.0480	0.0250	0.0720	0.0859	0.0174
000335	K	0.004051	0.134077	0.245740	0.0012	0.0111	0.0490	0.0240	0.0742	0.0893	0.0175
000336	L	0.003355	0.138278	0.247813	0.0037	0.0127	0.0510	0.0240	0.0762	0.0899	0.0181
000337	D	0.000953	0.134478	0.248821	0.0042	0.0125	0.0510	0.0220	0.0753	0.0901	0.0190
000338	E	0.000625	0.124454	0.249161	0.0026	0.0090	0.0480	0.0200	0.0724	0.0900	0.0197
000339	L	0.000541	0.108003	0.248618	0.0029	0.0127	0.0470	0.0200	0.0700	0.0880	0.0200
000340	D	0.000493	0.085962	0.247453	0.0010	0.0125	0.0450	0.0190	0.0653	0.0868	0.0202
000341	C	0.000377	0.067439	0.245683	0.0010	0.0095	0.0420	0.0180	0.0610	0.0861	0.0204
000342	L	0.000512	0.064685	0.244081	0.0038	0.0133	0.0390	0.0160	0.0609	0.0849	0.0265
000343	I	0.002585	0.060611	0.241440	0.0021	0.0082	0.0370	0.0140	0.0587	0.0844	0.0329
000344	K	0.005663	0.059766	0.237647	0.0049	0.0111	0.0350	0.0130	0.0590	0.0822	0.0398
000345	G	0.005850	0.057249	0.231878	0.0061	0.0194	0.0340	0.0120	0.0590	0.0793	0.0496
000346	I	0.005917	0.055480	0.224843	0.0067	0.0205	0.0340	0.0120	0.0578	0.0766	0.0547
000347	L	0.005896	0.050878	0.217105	0.0116	0.0320	0.0330	0.0110	0.0585	0.0725	0.0585
000348	Y	0.005870	0.060812	0.211537	0.0099	0.0327	0.0350	0.0120	0.0593	0.0704	0.0610
000349	I	0.005862	0.088459	0.207127	0.0087	0.0157	0.0370	0.0110	0.0606	0.0713	0.0611
000350	D	0.005829	0.118639	0.204013	0.0231	0.0153	0.0520	0.0250	0.0699	0.0706	0.0578
000351	S	0.005579	0.137820	0.200524	0.0086	0.0101	0.0550	0.0220	0.0696	0.0746	0.0550
000352	V	0.003589	0.155876	0.197746	0.0131	0.0104	0.0580	0.0230	0.0732	0.0763	0.0545
000353	G	0.000636	0.181787	0.196072	0.0157	0.0165	0.0600	0.0230	0.0784	0.0803	0.0492
000354	F	0.000571	0.183463	0.195063	0.0150	0.0269	0.0660	0.0250	0.0812	0.0790	0.0475
000355	N	0.003759	0.200993	0.193134	0.0182	0.0341	0.0660	0.0270	0.0860	0.0808	0.0447
000356	G	0.011692	0.221564	0.189825	0.0194	0.0281	0.0670	0.0230	0.0897	0.0844	0.0428
000357	R	0.016139	0.222929	0.186458	0.0425	0.0483	0.0650	0.0260	0.0969	0.0783	0.0407
000358	S	0.017431	0.214734	0.184018	0.0542	0.0765	0.0750	0.0360	0.1036	0.0710	0.0395
000359	Q	0.019175	0.203698	0.183356	0.0991	0.1399	0.0890	0.0400	0.1224	0.0618	0.0391
000360	C	0.019947	0.200783	0.182676	0.1602	0.2002	0.1080	0.0500	0.1453	0.0643	0.0403
000361	Y	0.022330	0.208712	0.181840	0.1635	0.1070	0.1500	0.0570	0.1389	0.0606	0.0480
000362	Y	0.025972	0.248657	0.180265	0.1602	0.1184	0.1940	0.0600	0.1546	0.0694	0.0514
000363	F	0.026670	0.292910	0.177902	0.1456	0.1583	0.2290	0.0580	0.1717	0.0816	0.0517
000364	E	0.024279	0.346187	0.175263	0.1635	0.1028	0.2480	0.0700	0.1767	0.1022	0.0498
000365	N	0.016859	0.382591	0.171260	0.2483	0.2129	0.2850	0.0890	0.2195	0.1119	0.0466
000366	P	0.012946	0.439660	0.167648	0.1698	0.1162	0.2850	0.0920	0.1986	0.1346	0.0459
000367	A	0.012725	0.473876	0.164995	0.1958	0.1251	0.3050	0.0900	0.2130	0.1455	0.0446
000368	D	0.013095	0.512351	0.165517	0.1240	0.0749	0.3070	0.0960	0.1995	0.1666	0.0455
000369	S	0.014404	0.566045	0.166403	0.1349	0.0749	0.2940	0.0860	0.2084	0.1816	0.0457
000370	E	0.017869	0.573199	0.167960	0.0771	0.0734	0.2820	0.0690	0.1986	0.1877	0.0454
000371	K	0.014935	0.565322	0.167157	0.1456	0.1671	0.2660	0.0570	0.2210	0.1706	0.0435
000372	C	0.014616	0.531863	0.165890	0.2041	0.1611	0.2490	0.0440	0.2211	0.1565	0.0392
000373	Q	0.013904	0.493513	0.162598	0.3053	0.2680	0.2180	0.0440	0.2436	0.1454	0.0428
000374	K	0.013511	0.425642	0.159388	0.3311	0.2988	0.1930	0.0430	0.2370	0.1330	0.0485
000375	L	0.013016	0.404828	0.156032	0.3456	0.2064	0.1410	0.0270	0.2112	0.1309	0.0579
000376	P	0.011966	0.366848	0.153597	0.2657	0.1373	0.0990	0.0340	0.1724	0.1149	0.0689
000377	F	0.009839	0.322953	0.151558	0.1698	0.0817	0.0840	0.0390	0.1367	0.0982	0.0805
000378	D	0.007744	0.307423	0.150545	0.1532	0.1048	0.0730	0.0350	0.1328	0.0924	0.0927
000379	L	0.002064	0.291460	0.148806	0.1018	0.0618	0.0710	0.0290	0.1128	0.0913	0.1004
000380	K	0.001384	0.265230	0.147174	0.1060	0.0631	0.0660	0.0180	0.1081	0.0831	0.1088
000381	N	0.001851	0.235477	0.144719	0.0554	0.0543	0.0640	0.0140	0.0926	0.0764	0.1185
000382	P	0.002733	0.210504	0.142449	0.0554	0.0555	0.0560	0.0180	0.0871	0.0688	0.1320
000383	Y	0.002828	0.171512	0.139119	0.0991	0.0765	0.0500	0.0200	0.0899	0.0555	0.1431
000384	P	0.019984	0.144287	0.134747	0.0858	0.0704	0.0370	0.0130	0.0820	0.0460	0.1428
000385	L	0.083053	0.122944	0.129300	0.0567	0.0443	0.0310	0.0080	0.0779	0.0375	0.1395
000386	L	0.104185	0.123730	0.123495	0.0991	0.0463	0.0270	0.0060	0.0873	0.0373	0.1343
000387	L	0.183217	0.127768	0.117777	0.0478	0.0306	0.0260	0.0070	0.0889	0.0581	0.1307
000388	V	0.217639	0.122798	0.112052	0.0526	0.0424	0.0250	0.0070	0.0955	0.0652	0.1237
000389	N	0.218654	0.130219	0.106873	0.0363	0.0244	0.0250	0.0070	0.0903	0.0705	0.1179
000390	I	0.232282	0.135859	0.100589	0.0387	0.0389	0.0270	0.0070	0.0956	0.0724	0.1184
000391	G	0.231512	0.128681	0.094947	0.0218	0.0389	0.0320	0.0070	0.0913	0.0732	0.1174
000392	S	0.231423	0.133290	0.089545	0.0212	0.0389	0.0420	0.0120	0.0927	0.0724	0.1169
000393	G	0.215074	0.145471	0.085897	0.0160	0.0334	0.0490	0.0120	0.0908	0.0696	0.1179
000394	V	0.153212	0.145088	0.083242	0.0297	0.0341	0.0570	0.0140	0.0837	0.0495	0.1202
000395	S	0.134234	0.147127	0.081488	0.0252	0.0269	0.0640	0.0200	0.0797	0.0475	0.1246
000396	I	0.058049	0.159484	0.080829	0.0226	0.0443	0.0780	0.0280	0.0740	0.0431	0.1290
000397	L	0.030387	0.173336	0.080506	0.0336	0.0483	0.1080	0.0410	0.0791	0.0502	0.1325
000398	A	0.039574	0.181850	0.078901	0.0526	0.0799	0.1290	0.0460	0.0936	0.0484	0.1320
000399	V	0.027004	0.199946	0.074392	0.0464	0.1092	0.1650	0.0480	0.1037	0.0620	0.1348
000400	Y	0.028774	0.245564	0.069356	0.0425	0.1070	0.1960	0.0600	0.1149	0.0801	0.1333
000401	S	0.033426	0.278657	0.064739	0.0677	0.1611	0.2310	0.0840	0.1394	0.0914	0.1252
000402	K	0.035800	0.327839	0.062994	0.0660	0.1070	0.2590	0.0960	0.1431	0.1102	0.1187
000403	D	0.042375	0.392581	0.062068	0.0660	0.1070	0.2830	0.0830	0.1589	0.1319	0.1170
000404	N	0.040337	0.439551	0.063072	0.0395	0.1070	0.2880	0.0790	0.1629	0.1503	0.1106
000405	Y	0.037449	0.471946	0.066057	0.0567	0.1449	0.3040	0.0770	0.1802	0.1583	0.1049
000406	K	0.030437	0.504110	0.070885	0.0542	0.1501	0.2830	0.0700	0.1822	0.1667	0.0962
000407	R	0.020172	0.522946	0.077240	0.0935	0.1323	0.2810	0.0610	0.1879	0.1700	0.0905
000408	V	0.018147	0.511158	0.083822	0.1456	0.1137	0.2750	0.0620	0.1912	0.1628	0.0871
000409	T	0.016135	0.491188	0.090946	0.1088	0.1323	0.2510	0.0550	0.1817	0.1549	0.0867
000410	G	0.011375	0.457343	0.099119	0.0991	0.1184	0.2180	0.0450	0.1672	0.1430	0.0860
000411	T	0.008171	0.443506	0.108234	0.1532	0.1092	0.1820	0.0510	0.1673	0.1347	0.0907
000412	S	0.000416	0.423259	0.118850	0.1060	0.0618	0.1550	0.0630	0.1443	0.1339	0.0969
000413	L	0.000334	0.372220	0.130299	0.0567	0.0389	0.1330	0.0520	0.1220	0.1216	0.1009
000414	G	0.000344	0.331688	0.142441	0.0304	0.0227	0.1040	0.0400	0.1053	0.1126	0.1021
000415	G	0.000354	0.293345	0.153837	0.0218	0.0223	0.0820	0.0320	0.0956	0.1021	0.1081
000416	G	0.000277	0.225889	0.164725	0.0274	0.0356	0.0730	0.0360	0.0878	0.0809	0.1161
000417	T	0.000265	0.168824	0.174436	0.0274	0.0202	0.0660	0.0360	0.0761	0.0703	0.1275
000418	F	0.000251	0.137247	0.183072	0.0259	0.0205	0.0530	0.0250	0.0700	0.0669	0.1350
000419	F	0.000391	0.104905	0.189769	0.0182	0.0300	0.0530	0.0290	0.0660	0.0644	0.1384
000420	G	0.000675	0.080584	0.195555	0.0194	0.0163	0.0630	0.0400	0.0626	0.0656	0.1351
000421	L	0.000764	0.086066	0.201489	0.0200	0.0184	0.0700	0.0390	0.0662	0.0676	0.1361
000422	C	0.003937	0.080986	0.207472	0.0099	0.0198	0.0740	0.0340	0.0660	0.0700	0.1316
000423	C	0.006832	0.059957	0.213993	0.0121	0.0168	0.0900	0.0430	0.0667	0.0723	0.1314
000424	L	0.009775	0.054083	0.220468	0.0274	0.0165	0.1160	0.0550	0.0740	0.0744	0.1331
000425	L	0.026242	0.069024	0.226834	0.0218	0.0184	0.1470	0.0770	0.0849	0.0776	0.1334
000426	T	0.067402	0.073272	0.232840	0.0131	0.0153	0.1550	0.0730	0.0928	0.0784	0.1304
000427	G	0.108551	0.103767	0.237912	0.0160	0.0133	0.1870	0.0800	0.1111	0.0821	0.1282
000428	C	0.153759	0.123957	0.242330	0.0128	0.0125	0.1870	0.0700	0.1221	0.0853	0.1266
000429	T	0.222841	0.162499	0.246511	0.0200	0.0218	0.1650	0.0620	0.1398	0.0892	0.1318
000430	T	0.303684	0.223351	0.249890	0.0387	0.0398	0.1690	0.0640	0.1707	0.1011	0.1403
000431	F	0.386526	0.286252	0.251932	0.0387	0.0424	0.2290	0.0740	0.2058	0.1268	0.1526
000432	E	0.470591	0.334666	0.251885	0.0554	0.0690	0.2760	0.0990	0.2429	0.1454	0.1582
000433	E	0.554646	0.375846	0.251076	0.1060	0.1275	0.3320	0.1240	0.2912	0.1533	0.1642
000434	A	0.622366	0.440050	0.250109	0.1732	0.2064	0.3560	0.1040	0.3413	0.1548	0.1652
000435	L	0.669585	0.460628	0.249299	0.2209	0.2224	0.3510	0.0930	0.3623	0.1615	0.1650
000436	E	0.715240	0.486027	0.247463	0.2700	0.3117	0.3540	0.1180	0.3974	0.1617	0.1664
000437	M	0.759603	0.529062	0.244411	0.2122	0.3053	0.4340	0.1260	0.4141	0.1890	0.1658
000438	A	0.786426	0.586675	0.239288	0.2255	0.2292	0.4620	0.1110	0.4215	0.2124	0.1587
000439	S	0.798934	0.587447	0.233217	0.3311	0.2752	0.4900	0.0980	0.4526	0.1974	0.1568
000440	R	0.787146	0.595343	0.226279	0.2657	0.2715	0.5030	0.0920	0.4415	0.2054	0.1549
000441	G	0.776210	0.602000	0.218451	0.2209	0.2752	0.5020	0.1060	0.4325	0.2110	0.1524
000442	D	0.773069	0.621596	0.209885	0.3096	0.2988	0.5290	0.1350	0.4569	0.2000	0.1524
000443	S	0.765807	0.633936	0.201028	0.3005	0.1969	0.5180	0.1360	0.4359	0.2181	0.1593
000444	T	0.707241	0.615425	0.192433	0.2122	0.1791	0.4390	0.1050	0.3909	0.2117	0.1699
000445	K	0.645468	0.578147	0.184906	0.1766	0.2064	0.3890	0.1370	0.3635	0.1905	0.1822
000446	V	0.635757	0.534048	0.178866	0.2483	0.2988	0.2980	0.1230	0.3657	0.1628	0.1970
000447	D	0.541834	0.468327	0.173798	0.2333	0.1942	0.2710	0.1110	0.3137	0.1403	0.2067
000448	K	0.450626	0.388891	0.169304	0.2748	0.2503	0.2170	0.0640	0.2918	0.0977	0.2195
000449	L	0.378811	0.316879	0.165681	0.2292	0.2918	0.1680	0.0400	0.2585	0.0781	0.2429
000450	V	0.305855	0.276913	0.163623	0.2385	0.1881	0.1350	0.0300	0.2180	0.0611	0.2541
000451	R	0.225399	0.244029	0.163558	0.2483	0.1823	0.1260	0.0390	0.1983	0.0447	0.2612
000452	D	0.149431	0.222601	0.164126	0.1766	0.1229	0.1290	0.0410	0.1608	0.0333	0.2681
000453	I	0.120829	0.217150	0.164720	0.1732	0.1399	0.1440	0.0430	0.1600	0.0307	0.2783
000454	Y	0.096759	0.217450	0.163934	0.1292	0.1399	0.1320	0.0350	0.1465	0.0374	0.2809
000455	G	0.019712	0.228028	0.163227	0.1532	0.0780	0.1100	0.0330	0.1254	0.0663	0.2807
000456	G	0.022168	0.247654	0.162719	0.1667	0.0646	0.1000	0.0280	0.1273	0.0742	0.2903
000457	D	0.026299	0.251146	0.161973	0.1495	0.0631	0.0890	0.0230	0.1235	0.0739	0.3018
000458	Y	0.024292	0.243349	0.161263	0.1240	0.0473	0.0700	0.0190	0.1117	0.0747	0.3244
000459	E	0.021483	0.240107	0.160537	0.0991	0.0473	0.0580	0.0170	0.1045	0.0751	0.3469
000460	R	0.018477	0.231400	0.159888	0.1240	0.0765	0.0580	0.0160	0.1114	0.0702	0.3626
000461	F	0.019755	0.215266	0.158605	0.1635	0.0555	0.0610	0.0160	0.1122	0.0705	0.3865
000462	G	0.020651	0.216116	0.157525	0.1698	0.0531	0.0580	0.0190	0.1125	0.0719	0.4090
000463	L	0.022131	0.210213	0.158281	0.0991	0.0543	0.0610	0.0210	0.1009	0.0648	0.4330
000464	P	0.019257	0.207334	0.159866	0.1456	0.0704	0.0590	0.0220	0.1103	0.0654	0.4223
000465	G	0.018350	0.201838	0.161253	0.2122	0.0909	0.0590	0.0200	0.1239	0.0727	0.4043
000466	W	0.012211	0.204609	0.161742	0.1805	0.0909	0.0780	0.0210	0.1214	0.0668	0.3768
000467	A	0.012028	0.200329	0.161925	0.1566	0.0909	0.0990	0.0270	0.1202	0.0612	0.3680
000468	V	0.018991	0.226108	0.162847	0.1495	0.0967	0.1460	0.0510	0.1333	0.0637	0.3633
000469	A	0.025204	0.262755	0.164840	0.2167	0.1554	0.1990	0.0700	0.1706	0.0739	0.3690
000470	S	0.030578	0.296624	0.168145	0.2255	0.1449	0.2290	0.0840	0.1824	0.0834	0.3769
000471	S	0.034641	0.342710	0.174129	0.2209	0.1554	0.2900	0.0880	0.2029	0.0990	0.3843
000472	F	0.037424	0.407494	0.181614	0.3053	0.2193	0.3860	0.1110	0.2562	0.1271	0.3941
000473	G	0.111934	0.462436	0.190322	0.3146	0.1643	0.4500	0.1180	0.2822	0.1372	0.4151
000474	N	0.194416	0.536866	0.197702	0.3399	0.2328	0.5410	0.1170	0.3404	0.1483	0.4322
000475	M	0.279358	0.607060	0.203914	0.2483	0.2034	0.5780	0.1100	0.3532	0.1712	0.4224
000476	M	0.364300	0.674889	0.208740	0.2432	0.2258	0.6380	0.1280	0.3925	0.1935	0.4007
000477	S	0.458171	0.684405	0.214665	0.3311	0.3249	0.6350	0.1410	0.4413	0.1702	0.3639
000478	K	0.552221	0.739616	0.221617	0.3717	0.2752	0.6450	0.1580	0.4675	0.1912	0.3361
000479	E	0.649230	0.766502	0.230196	0.4282	0.3019	0.6290	0.1770	0.5009	0.1946	0.3099
000480	K	0.747270	0.772835	0.238033	0.3847	0.3392	0.6680	0.1730	0.5251	0.2113	0.2850
000481	R	0.845890	0.742584	0.245000	0.3491	0.3087	0.6730	0.1770	0.5274	0.2339	0.2644
000482	E	0.875098	0.741394	0.248627	0.3535	0.3182	0.6190	0.1700	0.5260	0.2334	0.2420
000483	A	0.892091	0.722858	0.248465	0.4078	0.3460	0.6210	0.1750	0.5397	0.2251	0.2213
000484	V	0.909764	0.703549	0.246103	0.4078	0.2609	0.5970	0.1670	0.5208	0.2402	0.2092
000485	S	0.917514	0.640942	0.243049	0.3359	0.2575	0.5800	0.1390	0.4959	0.2423	0.1941
000486	K	0.903403	0.604449	0.239012	0.2865	0.2129	0.5160	0.1280	0.4604	0.2452	0.1790
000487	E	0.875452	0.560117	0.233578	0.3225	0.2609	0.3770	0.1600	0.4383	0.2223	0.1669
000488	D	0.842527	0.482865	0.228006	0.2333	0.2752	0.3080	0.1410	0.3950	0.2176	0.1596
000489	L	0.768356	0.386904	0.223032	0.2385	0.2849	0.2340	0.0880	0.3560	0.1925	0.1525
000490	A	0.683971	0.312356	0.218988	0.2209	0.1823	0.1760	0.0670	0.2991	0.1778	0.1447
000491	R	0.606271	0.252781	0.214797	0.2255	0.1823	0.1630	0.0600	0.2741	0.1514	0.1378
000492	A	0.529648	0.202832	0.211788	0.1495	0.1759	0.1560	0.0520	0.2376	0.1326	0.1284
000493	T	0.455345	0.173683	0.209543	0.1380	0.0967	0.1340	0.0360	0.2013	0.1189	0.1217
000494	L	0.363895	0.162761	0.207384	0.1635	0.0985	0.1140	0.0250	0.1850	0.0875	0.1134
000495	I	0.279589	0.151973	0.205223	0.1380	0.1449	0.0970	0.0190	0.1694	0.0586	0.1046
000496	T	0.209553	0.150230	0.203258	0.1117	0.1184	0.0930	0.0170	0.1477	0.0448	0.0981
000497	I	0.140432	0.183144	0.202084	0.1088	0.0719	0.0920	0.0160	0.1331	0.0471	0.0913
000498	T	0.115114	0.202327	0.201290	0.0789	0.0518	0.0910	0.0160	0.1234	0.0585	0.0895
000499	N	0.100207	0.200071	0.200170	0.0514	0.0281	0.0870	0.0140	0.1112	0.0671	0.0860
000500	N	0.076517	0.204283	0.198233	0.0643	0.0518	0.0900	0.0240	0.1141	0.0627	0.0827
000501	I	0.054604	0.198991	0.195063	0.0405	0.0734	0.0890	0.0350	0.1086	0.0643	0.0803
000502	G	0.036296	0.182323	0.188636	0.0387	0.0765	0.0930	0.0440	0.1025	0.0619	0.0805
000503	S	0.041540	0.168367	0.180254	0.0502	0.0555	0.0870	0.0430	0.0972	0.0564	0.0819
000504	I	0.047298	0.167875	0.169783	0.0502	0.0568	0.0730	0.0310	0.0942	0.0534	0.0825
000505	A	0.045459	0.149122	0.160470	0.0363	0.1007	0.0590	0.0180	0.0918	0.0490	0.0847
000506	R	0.043503	0.132981	0.151471	0.0567	0.1137	0.0520	0.0130	0.0917	0.0427	0.0883
000507	M	0.039510	0.141075	0.143343	0.0567	0.0749	0.0530	0.0110	0.0847	0.0419	0.0901
000508	C	0.036112	0.139632	0.133227	0.0554	0.0662	0.0630	0.0130	0.0822	0.0395	0.0911
000509	A	0.034037	0.134567	0.121970	0.0327	0.0424	0.0680	0.0150	0.0723	0.0414	0.0885
000510	L	0.029451	0.150423	0.109547	0.0144	0.0389	0.0620	0.0130	0.0675	0.0479	0.0878
000511	N	0.020013	0.162308	0.097967	0.0083	0.0389	0.0560	0.0130	0.0639	0.0525	0.0864
000512	E	0.013848	0.151831	0.087276	0.0150	0.0341	0.0530	0.0130	0.0592	0.0484	0.0853
000513	N	0.005575	0.146827	0.078077	0.0150	0.0214	0.0560	0.0120	0.0538	0.0485	0.0815
000514	I	0.004891	0.139428	0.071122	0.0074	0.0218	0.0550	0.0100	0.0500	0.0468	0.0763
000515	N	0.004569	0.116254	0.065694	0.0069	0.0218	0.0470	0.0100	0.0437	0.0390	0.0736
000516	Q	0.004143	0.100598	0.061587	0.0084	0.0281	0.0410	0.0100	0.0406	0.0331	0.0676
000517	V	0.003456	0.084087	0.058249	0.0035	0.0300	0.0380	0.0100	0.0362	0.0288	0.0617
000518	V	0.004568	0.067000	0.056343	0.0055	0.0227	0.0360	0.0100	0.0319	0.0237	0.0573
000519	F	0.004494	0.055846	0.054834	0.0079	0.0300	0.0350	0.0090	0.0314	0.0202	0.0505
000520	V	0.003743	0.053439	0.053345	0.0044	0.0287	0.0330	0.0070	0.0294	0.0202	0.0425
000521	G	0.003257	0.046877	0.050996	0.0078	0.0494	0.0320	0.0070	0.0317	0.0196	0.0358
000522	N	0.003199	0.046275	0.048806	0.0055	0.0269	0.0320	0.0070	0.0271	0.0178	0.0310
000523	F	0.003142	0.048647	0.046683	0.0044	0.0153	0.0350	0.0090	0.0255	0.0188	0.0259
000524	L	0.002928	0.049887	0.044523	0.0013	0.0123	0.0340	0.0090	0.0242	0.0196	0.0212
000525	R	0.003258	0.051827	0.041935	0.0022	0.0123	0.0310	0.0080	0.0238	0.0191	0.0175
000526	I	0.003623	0.060312	0.038919	0.0012	0.0102	0.0330	0.0090	0.0245	0.0214	0.0136
000527	N	0.002200	0.063853	0.036209	0.0007	0.0073	0.0330	0.0100	0.0238	0.0228	0.0115
000528	T	0.002144	0.061918	0.033674	0.0008	0.0094	0.0330	0.0100	0.0235	0.0218	0.0095
000529	I	0.002072	0.062543	0.030991	0.0007	0.0087	0.0350	0.0120	0.0234	0.0220	0.0077
000530	A	0.002163	0.063067	0.028435	0.0022	0.0091	0.0360	0.0130	0.0235	0.0218	0.0070
000531	M	0.002497	0.054799	0.026649	0.0013	0.0115	0.0370	0.0140	0.0223	0.0193	0.0070
000532	R	0.002404	0.049477	0.025965	0.0007	0.0117	0.0370	0.0150	0.0212	0.0180	0.0071
000533	L	0.002337	0.048539	0.026291	0.0007	0.0109	0.0430	0.0180	0.0219	0.0188	0.0070
000534	L	0.001729	0.046472	0.026964	0.0013	0.0202	0.0460	0.0180	0.0238	0.0184	0.0073
000535	A	0.000892	0.048219	0.027925	0.0042	0.0191	0.0490	0.0210	0.0248	0.0189	0.0080
000536	Y	0.000851	0.056297	0.027855	0.0044	0.0191	0.0630	0.0250	0.0286	0.0239	0.0087
000537	A	0.000799	0.068909	0.027838	0.0049	0.0253	0.0800	0.0290	0.0347	0.0301	0.0099
000538	L	0.000785	0.082464	0.027816	0.0044	0.0148	0.0980	0.0330	0.0380	0.0381	0.0110
000539	D	0.000585	0.107362	0.028426	0.0031	0.0089	0.1120	0.0300	0.0434	0.0477	0.0127
000540	Y	0.000150	0.135446	0.029238	0.0033	0.0125	0.1400	0.0390	0.0535	0.0604	0.0141
000541	W	0.000166	0.158420	0.030401	0.0013	0.0165	0.1880	0.0460	0.0658	0.0771	0.0155
000542	S	0.000174	0.197966	0.032068	0.0028	0.0209	0.1970	0.0490	0.0752	0.0872	0.0159
000543	K	0.000149	0.237043	0.033771	0.0034	0.0231	0.2080	0.0550	0.0842	0.0988	0.0163
000544	G	0.000145	0.276584	0.035709	0.0074	0.0380	0.2090	0.0550	0.0945	0.1076	0.0170
000545	Q	0.000170	0.305535	0.038297	0.0160	0.0356	0.2230	0.0580	0.1030	0.1170	0.0175
000546	L	0.000172	0.345887	0.042718	0.0226	0.0223	0.2380	0.0550	0.1120	0.1316	0.0171
000547	K	0.000179	0.377172	0.048080	0.0218	0.0372	0.2460	0.0510	0.1218	0.1403	0.0169
000548	A	0.000604	0.380264	0.053686	0.0121	0.0364	0.2620	0.0470	0.1242	0.1445	0.0160
000549	L	0.000773	0.386744	0.058137	0.0279	0.0398	0.2630	0.0510	0.1293	0.1437	0.0152
000550	F	0.002117	0.390110	0.062622	0.0182	0.0372	0.2560	0.0500	0.1277	0.1446	0.0140
000551	S	0.011425	0.367029	0.067466	0.0226	0.0531	0.2340	0.0500	0.1259	0.1306	0.0136
000552	E	0.017380	0.356615	0.072893	0.0441	0.0543	0.1910	0.0400	0.1227	0.1182	0.0126
000553	H	0.046775	0.362252	0.078555	0.0336	0.0306	0.1420	0.0310	0.1157	0.1166	0.0111
000554	E	0.064218	0.324742	0.084531	0.0179	0.0341	0.1080	0.0270	0.1056	0.1025	0.0091
000555	G	0.082121	0.286249	0.089637	0.0087	0.0205	0.0910	0.0240	0.0964	0.0911	0.0075
000556	Y	0.102978	0.285448	0.093846	0.0094	0.0123	0.0760	0.0300	0.0966	0.0921	0.0059
000557	F	0.131817	0.241394	0.097057	0.0116	0.0198	0.0690	0.0240	0.0951	0.0775	0.0048
000558	G	0.163027	0.194734	0.100180	0.0066	0.0119	0.0630	0.0200	0.0898	0.0710	0.0040
000559	A	0.193371	0.174372	0.102989	0.0081	0.0168	0.0620	0.0170	0.0929	0.0716	0.0033
000560	V	0.215910	0.150363	0.105686	0.0074	0.0269	0.0620	0.0110	0.0947	0.0721	0.0028
000561	G	0.246538	0.106052	0.108112	0.0218	0.0433	0.1270	0.0900	0.1088	0.0721	0.0025
000562	A	0.251382	0.097076	0.110649	0.0297	0.0349	0.1930	0.0890	0.1194	0.0802	0.0022
000563	L	0.266431	0.133873	0.113021	0.0363	0.0235	0.2910	0.1460	0.1439	0.1030	0.0020
000564	L	0.279376	0.185294	0.115165	0.0502	0.0178	0.4360	0.1270	0.1807	0.1432	0.0019
000565	E	0.294576	0.273576	0.117198	0.0607	0.0119	0.4330	0.1420	0.1984	0.1473	0.0021
000566	L	0.312167	0.413611	0.119401	0.0832	0.0094	0.5140	0.1580	0.2420	0.1838	0.0021
000567	L	0.292664	0.546578	0.122444	0.1878	0.0125	0.6500	0.1290	0.3020	0.2273	0.0022
000568	K	0.277685	0.662397	0.125436	0.3491	0.0223	0.7450	0.0970	0.3637	0.2632	0.0023
000569	I	0.324591	0.733654	0.128488	0.3992	0.0157	0.8110	0.0730	0.4021	0.2907	0.0023
000570	P	0.421710	0.806237	0.129799	0.4879	0.0148	0.8310	0.0720	0.4486	0.3072	0.0027