RESNUM	RES	VL-XT	VSL2B	VL3	IUPred-S	IUPred-L	PONDRFIT	FITERROR	MDP	MDPERROR	ANCHOR2
000001	M	0.983749	0.972049	0.916961	0.9640	0.7628	0.9950	0.0040	0.9325	0.0798	0.6785
000002	A	0.967328	0.971327	0.916022	0.9348	0.7755	0.9950	0.0060	0.9267	0.0723	0.6560
000003	S	0.973124	0.970677	0.914145	0.9162	0.6269	0.9970	0.0030	0.8997	0.1257	0.6325
000004	G	0.848352	0.970213	0.911820	0.8857	0.6531	0.9940	0.0050	0.8773	0.1116	0.6305
000005	S	0.883037	0.968305	0.909716	0.8001	0.6851	0.9890	0.0130	0.8726	0.1038	0.6346
000006	K	0.848005	0.966545	0.908140	0.7688	0.5807	0.9860	0.0150	0.8430	0.1380	0.6359
000007	A	0.798310	0.965221	0.907585	0.7275	0.6043	0.9860	0.0100	0.8315	0.1361	0.6448
000008	S	0.738452	0.963624	0.907269	0.6474	0.6661	0.9880	0.0070	0.8185	0.1394	0.6514
000009	V	0.696012	0.961531	0.906177	0.6035	0.7036	0.9850	0.0100	0.8092	0.1470	0.6610
000010	P	0.646410	0.953932	0.904299	0.5900	0.7120	0.9780	0.0120	0.7975	0.1537	0.6561
000011	A	0.643232	0.951753	0.900729	0.5514	0.7163	0.9790	0.0190	0.7904	0.1623	0.6547
000012	D	0.649922	0.946075	0.897006	0.5667	0.7369	0.9630	0.0220	0.7933	0.1517	0.6584
000013	S	0.599659	0.942409	0.893127	0.5992	0.7755	0.9590	0.0220	0.7948	0.1501	0.6752
000014	F	0.573466	0.938093	0.890219	0.5992	0.7718	0.9560	0.0210	0.7882	0.1545	0.6929
000015	R	0.545060	0.925809	0.886579	0.6079	0.7672	0.9360	0.0220	0.7782	0.1539	0.6871
000016	T	0.533140	0.926352	0.882246	0.6124	0.7415	0.9330	0.0260	0.7715	0.1557	0.6739
000017	I	0.528586	0.917134	0.877301	0.6079	0.7505	0.9290	0.0330	0.7684	0.1546	0.6651
000018	S	0.521357	0.918323	0.872273	0.6035	0.7505	0.8980	0.0440	0.7607	0.1518	0.6423
000019	P	0.512692	0.919269	0.868649	0.6035	0.6906	0.8770	0.0800	0.7453	0.1528	0.6239
000020	D	0.458033	0.917340	0.865765	0.6219	0.7459	0.8640	0.1020	0.7454	0.1612	0.6101
000021	R	0.445713	0.915514	0.863787	0.5374	0.7120	0.8420	0.1110	0.7194	0.1744	0.6046
000022	R	0.495503	0.913537	0.861941	0.5583	0.7547	0.8340	0.1200	0.7363	0.1564	0.5921
000023	G	0.542876	0.914222	0.860765	0.5549	0.7415	0.8410	0.1270	0.7426	0.1462	0.5721
000024	E	0.596691	0.912577	0.860689	0.5667	0.7163	0.8510	0.1260	0.7507	0.1337	0.5523
000025	K	0.647658	0.909613	0.861129	0.6293	0.7843	0.8530	0.1250	0.7808	0.1072	0.5377
000026	S	0.688432	0.907381	0.861944	0.5941	0.7595	0.8670	0.1230	0.7797	0.1110	0.5401
000027	A	0.740316	0.903012	0.862679	0.5762	0.7595	0.8680	0.1260	0.7850	0.1104	0.5467
000028	S	0.776161	0.898712	0.863112	0.5992	0.8375	0.8650	0.1240	0.8066	0.1000	0.5471
000029	A	0.795663	0.894358	0.863457	0.6035	0.7755	0.8790	0.1200	0.8019	0.0987	0.5519
000030	V	0.767708	0.891340	0.863549	0.5762	0.7289	0.8890	0.1110	0.7862	0.1121	0.5610
000031	S	0.764312	0.887241	0.863513	0.5296	0.7163	0.8900	0.1080	0.7752	0.1275	0.5575
000032	G	0.775588	0.883168	0.862887	0.5126	0.7209	0.8730	0.1260	0.7714	0.1296	0.5522
000033	D	0.777583	0.877235	0.862216	0.5008	0.7036	0.8680	0.1270	0.7649	0.1331	0.5518
000034	T	0.773062	0.868619	0.860958	0.5043	0.6043	0.8700	0.1220	0.7469	0.1431	0.5607
000035	A	0.780889	0.859484	0.860003	0.4703	0.6269	0.8640	0.1180	0.7437	0.1479	0.5759
000036	A	0.765933	0.849245	0.858942	0.4116	0.5707	0.8700	0.1050	0.7210	0.1722	0.5873
000037	A	0.767017	0.843020	0.857383	0.4420	0.5620	0.8600	0.1080	0.7219	0.1623	0.5977
000038	T	0.771964	0.828731	0.855550	0.4149	0.5901	0.8400	0.1190	0.7169	0.1619	0.6054
000039	T	0.791616	0.823642	0.853711	0.4333	0.5296	0.8470	0.1200	0.7131	0.1673	0.6159
000040	L	0.805987	0.818295	0.853233	0.4600	0.4979	0.8590	0.1190	0.7157	0.1687	0.6327
000041	K	0.799616	0.805735	0.853503	0.4556	0.5296	0.8380	0.1290	0.7136	0.1588	0.6405
000042	G	0.804722	0.806308	0.855459	0.4037	0.5254	0.8120	0.1530	0.7012	0.1718	0.6586
000043	T	0.816817	0.793497	0.857973	0.3717	0.5577	0.7830	0.1670	0.6968	0.1743	0.6756
000044	A	0.832331	0.790673	0.860697	0.3630	0.5382	0.7690	0.1540	0.6924	0.1806	0.6936
000045	I	0.859197	0.802855	0.862924	0.3939	0.5620	0.7740	0.1530	0.7091	0.1733	0.7035
000046	P	0.888627	0.796471	0.865826	0.4282	0.5296	0.7280	0.1480	0.7062	0.1712	0.7034
000047	V	0.932974	0.797303	0.869610	0.4825	0.5419	0.7630	0.1170	0.7312	0.1648	0.7052
000048	R	0.966637	0.812336	0.873498	0.4513	0.5665	0.7440	0.1040	0.7358	0.1769	0.6989
000049	S	0.970720	0.811996	0.876957	0.4556	0.5493	0.7550	0.1120	0.7366	0.1801	0.6949
000050	V	0.979214	0.810106	0.878924	0.4600	0.5176	0.7640	0.1100	0.7349	0.1870	0.6896
000051	V	0.981583	0.814138	0.879946	0.5043	0.5901	0.7330	0.1130	0.7505	0.1637	0.6795
000052	A	0.987301	0.813729	0.880342	0.4825	0.5951	0.7470	0.1130	0.7510	0.1698	0.6649
000053	S	0.990328	0.819338	0.880079	0.4825	0.6043	0.7300	0.1030	0.7511	0.1696	0.6416
000054	P	0.992736	0.824768	0.878890	0.4918	0.6043	0.7250	0.1080	0.7529	0.1681	0.6207
000055	R	0.992579	0.827901	0.876161	0.5229	0.5992	0.7760	0.1160	0.7658	0.1604	0.5946
000056	P	0.991929	0.831381	0.873177	0.5802	0.6851	0.7510	0.1210	0.7854	0.1328	0.5745
000057	V	0.992609	0.835797	0.870290	0.5296	0.5620	0.7870	0.1280	0.7629	0.1658	0.5561
000058	K	0.992952	0.840239	0.867419	0.5846	0.6183	0.7460	0.1290	0.7749	0.1426	0.5401
000059	G	0.994798	0.842097	0.864450	0.5173	0.5456	0.7500	0.1310	0.7523	0.1720	0.5304
000060	K	0.996696	0.845319	0.860826	0.5229	0.5577	0.7460	0.1290	0.7549	0.1687	0.5287
000061	A	0.997595	0.846539	0.857227	0.5229	0.6136	0.7240	0.1530	0.7602	0.1594	0.5315
000062	G	0.997013	0.847156	0.853643	0.5900	0.5901	0.7140	0.1420	0.7654	0.1484	0.5306
000063	R	0.995948	0.846493	0.850807	0.6174	0.6576	0.7280	0.1430	0.7827	0.1292	0.5420
000064	E	0.995221	0.845719	0.848195	0.5583	0.6227	0.7030	0.1470	0.7623	0.1490	0.5590
000065	T	0.970927	0.849875	0.846578	0.5583	0.5533	0.7270	0.1290	0.7510	0.1550	0.5775
000066	A	0.939906	0.846002	0.845793	0.5253	0.5707	0.7180	0.1370	0.7409	0.1515	0.5996
000067	R	0.867527	0.854842	0.845606	0.4781	0.5098	0.7530	0.1080	0.7181	0.1630	0.6176
000068	L	0.796128	0.860374	0.846245	0.5549	0.5807	0.7620	0.1110	0.7333	0.1216	0.6413
000069	R	0.745592	0.863947	0.846871	0.5331	0.6089	0.7510	0.1210	0.7250	0.1194	0.6509
000070	L	0.715491	0.873888	0.847873	0.5473	0.6136	0.7520	0.1160	0.7250	0.1170	0.6636
000071	Q	0.665343	0.889548	0.848513	0.5667	0.6227	0.7170	0.1300	0.7183	0.1163	0.6644
000072	R	0.615917	0.897301	0.849797	0.6035	0.6661	0.7340	0.1280	0.7279	0.1121	0.6638
000073	L	0.566155	0.904118	0.851764	0.6079	0.6322	0.7640	0.1240	0.7210	0.1272	0.6664
000074	P	0.562766	0.911490	0.854447	0.6174	0.6043	0.7330	0.1240	0.7139	0.1312	0.6585
000075	A	0.570201	0.919971	0.857799	0.5941	0.5577	0.7910	0.1080	0.7151	0.1463	0.6523
000076	A	0.625765	0.928732	0.861539	0.5762	0.5254	0.8000	0.0970	0.7195	0.1513	0.6426
000077	Q	0.683444	0.933768	0.865618	0.5846	0.5254	0.7920	0.1010	0.7308	0.1466	0.6316
000078	A	0.721661	0.940887	0.869790	0.5667	0.5017	0.7970	0.0850	0.7329	0.1567	0.6269
000079	E	0.741528	0.944523	0.873888	0.6035	0.5854	0.7760	0.0910	0.7541	0.1306	0.6187
000080	D	0.782195	0.948203	0.877724	0.5802	0.6089	0.7920	0.0920	0.7648	0.1328	0.6198
000081	T	0.822682	0.952496	0.880943	0.6516	0.7250	0.8090	0.0920	0.8069	0.0981	0.6139
000082	G	0.862074	0.955327	0.883732	0.6557	0.6227	0.8310	0.0930	0.8017	0.1212	0.6108
000083	E	0.881205	0.957503	0.885749	0.6789	0.5456	0.8390	0.0890	0.7981	0.1412	0.6135
000084	A	0.899190	0.957722	0.887463	0.6870	0.6620	0.8430	0.0920	0.8228	0.1103	0.6242
000085	A	0.913781	0.957876	0.889638	0.6174	0.5533	0.8580	0.0890	0.7983	0.1546	0.6343
000086	A	0.925295	0.957676	0.892440	0.6557	0.6183	0.8360	0.0890	0.8142	0.1310	0.6404
000087	A	0.934617	0.954983	0.895448	0.6219	0.6620	0.8340	0.0990	0.8172	0.1300	0.6435
000088	A	0.943751	0.949707	0.897956	0.6293	0.6661	0.8410	0.1030	0.8214	0.1283	0.6442
000089	A	0.952769	0.951390	0.900273	0.6604	0.7120	0.8350	0.0970	0.8354	0.1135	0.6375
000090	E	0.959965	0.951376	0.902317	0.6681	0.7080	0.8270	0.1150	0.8361	0.1138	0.6292
000091	E	0.969275	0.949700	0.904860	0.6650	0.7080	0.8060	0.1330	0.8337	0.1169	0.6228
000092	P	0.975648	0.944355	0.908115	0.6715	0.6712	0.7880	0.1510	0.8265	0.1241	0.6198
000093	L	0.979802	0.938513	0.912951	0.6789	0.6755	0.8030	0.1370	0.8315	0.1214	0.6174
000094	L	0.980807	0.934042	0.918974	0.6442	0.6948	0.7560	0.1520	0.8216	0.1286	0.6019
000095	P	0.981502	0.927289	0.925169	0.6650	0.6375	0.7180	0.1610	0.8091	0.1388	0.5773
000096	V	0.981043	0.918751	0.930156	0.6944	0.7036	0.7120	0.1440	0.8234	0.1215	0.5605
000097	P	0.974484	0.915780	0.933155	0.6516	0.7628	0.6610	0.1510	0.8164	0.1308	0.5427
000098	E	0.965533	0.911262	0.935437	0.6870	0.7250	0.6530	0.1330	0.8129	0.1272	0.5282
000099	D	0.953348	0.909375	0.937618	0.7232	0.6531	0.6530	0.1480	0.8049	0.1313	0.5186
000100	E	0.941624	0.903972	0.939284	0.6870	0.6136	0.6210	0.1590	0.7845	0.1462	0.5068
000101	E	0.929267	0.894145	0.940703	0.5762	0.5901	0.5800	0.1590	0.7518	0.1702	0.4976
000102	E	0.915002	0.886323	0.941791	0.5084	0.5665	0.5590	0.1690	0.7295	0.1864	0.4884
000103	A	0.900725	0.876423	0.941949	0.4879	0.5055	0.5490	0.1740	0.7103	0.1979	0.4771
000104	Q	0.880478	0.864105	0.940141	0.5084	0.5758	0.5600	0.1880	0.7215	0.1761	0.4683
000105	P	0.827227	0.843657	0.936281	0.5296	0.6661	0.5560	0.1920	0.7266	0.1523	0.4622
000106	L	0.778203	0.827294	0.930512	0.4825	0.5992	0.6090	0.1870	0.7045	0.1533	0.4589
000107	P	0.731687	0.815412	0.921722	0.5374	0.5665	0.5700	0.1820	0.6904	0.1439	0.4555
000108	P	0.705498	0.798086	0.910474	0.4967	0.5296	0.5580	0.1700	0.6665	0.1514	0.4562
000109	V	0.660917	0.778299	0.898081	0.4037	0.5342	0.5440	0.1670	0.6366	0.1645	0.4554
000110	C	0.625646	0.756314	0.884260	0.3578	0.5342	0.5100	0.1810	0.6113	0.1714	0.4522
000111	V	0.577483	0.743031	0.868774	0.3578	0.5098	0.4660	0.1850	0.5871	0.1718	0.4513
000112	S	0.518986	0.728252	0.851641	0.3535	0.4369	0.4380	0.1800	0.5546	0.1768	0.4475
000113	R	0.454849	0.721126	0.835717	0.3184	0.4220	0.4760	0.1700	0.5380	0.1801	0.4449
000114	M	0.443959	0.693574	0.822042	0.2865	0.3774	0.4660	0.1910	0.5148	0.1848	0.4440
000115	R	0.418611	0.691058	0.810409	0.2820	0.2884	0.4640	0.2100	0.4924	0.1969	0.4420
000116	G	0.393263	0.665794	0.800194	0.2041	0.1942	0.4790	0.2080	0.4560	0.2232	0.4407
000117	M	0.359557	0.654463	0.789547	0.1958	0.2715	0.4590	0.2200	0.4550	0.2088	0.4375
000118	W	0.346346	0.657665	0.779216	0.1041	0.2609	0.5080	0.2570	0.4427	0.2312	0.4329
000119	R	0.318999	0.666301	0.769199	0.0965	0.1823	0.4970	0.2330	0.4217	0.2449	0.4280
000120	D	0.277972	0.667976	0.760858	0.1322	0.1702	0.5160	0.2180	0.4208	0.2423	0.4225
000121	E	0.255008	0.648854	0.752715	0.1698	0.2436	0.5380	0.2300	0.4346	0.2224	0.4168
000122	K	0.231080	0.633796	0.743455	0.1635	0.3117	0.4860	0.2180	0.4282	0.2111	0.4124
000123	V	0.189770	0.594327	0.733627	0.1602	0.2436	0.4400	0.1950	0.3935	0.2147	0.4063
000124	S	0.161847	0.603024	0.723656	0.1766	0.2399	0.3390	0.2090	0.3740	0.2152	0.4025
000125	L	0.143978	0.605492	0.711613	0.1240	0.2399	0.3080	0.2060	0.3555	0.2248	0.4017
000126	Y	0.109981	0.588170	0.696707	0.1322	0.2575	0.2850	0.1910	0.3449	0.2216	0.4038
000127	C	0.073157	0.561797	0.678843	0.1088	0.2680	0.2180	0.1340	0.3180	0.2258	0.4112
000128	D	0.041523	0.528673	0.660884	0.1205	0.2680	0.1940	0.1080	0.3023	0.2212	0.4192
000129	E	0.042236	0.502192	0.641921	0.1698	0.3566	0.2190	0.1110	0.3220	0.2033	0.4267
000130	V	0.038520	0.464812	0.623182	0.1635	0.3740	0.2430	0.1150	0.3179	0.1938	0.4273
000131	L	0.039160	0.411918	0.605507	0.1416	0.3019	0.2340	0.1030	0.2891	0.1838	0.4314
000132	Q	0.037465	0.436636	0.587456	0.1322	0.2645	0.2370	0.1000	0.2825	0.1834	0.4157
000133	D	0.038250	0.444255	0.567390	0.1088	0.2752	0.2710	0.1240	0.2841	0.1813	0.4037
000134	C	0.036413	0.466102	0.544532	0.1266	0.3182	0.2830	0.1100	0.2957	0.1768	0.3851
000135	K	0.045188	0.497757	0.521460	0.1205	0.2470	0.2890	0.1150	0.2868	0.1766	0.3684
000136	A	0.046143	0.518906	0.498968	0.1532	0.2470	0.3350	0.1220	0.2999	0.1720	0.3548
000137	E	0.047746	0.527207	0.478811	0.1416	0.3215	0.3420	0.1330	0.3098	0.1703	0.3450
000138	D	0.045374	0.523862	0.462062	0.1566	0.4119	0.3010	0.1260	0.3168	0.1696	0.3385
000139	A	0.038097	0.521534	0.449143	0.1416	0.3872	0.2260	0.0810	0.2939	0.1722	0.3275
000140	D	0.042759	0.521447	0.437658	0.1456	0.3019	0.2010	0.0740	0.2751	0.1654	0.3120
000141	E	0.063227	0.499216	0.427059	0.1766	0.3460	0.1980	0.0870	0.2851	0.1518	0.2951
000142	V	0.082285	0.477202	0.416998	0.1635	0.3426	0.2300	0.1150	0.2854	0.1394	0.2803
000143	M	0.138548	0.471413	0.407267	0.1495	0.3249	0.2190	0.1140	0.2851	0.1261	0.2717
000144	G	0.159527	0.450107	0.396002	0.0935	0.3286	0.2090	0.0990	0.2728	0.1283	0.2521
000145	K	0.166070	0.434782	0.382356	0.1532	0.3910	0.2370	0.1080	0.2941	0.1129	0.2368
000146	Y	0.171966	0.436871	0.366944	0.1667	0.3117	0.2790	0.1550	0.2888	0.0976	0.2227
000147	L	0.198141	0.458251	0.349709	0.1805	0.2645	0.2950	0.1820	0.2910	0.0940	0.2149
000148	S	0.261533	0.460264	0.332759	0.1292	0.2541	0.3330	0.2230	0.2952	0.1004	0.2080
000149	E	0.324638	0.469682	0.315813	0.0813	0.1791	0.3100	0.2110	0.2801	0.1224	0.2019
000150	K	0.372685	0.480345	0.299405	0.0991	0.1251	0.2770	0.1820	0.2756	0.1327	0.2011
000151	L	0.425681	0.456526	0.282253	0.0621	0.1070	0.2570	0.1540	0.2651	0.1466	0.2150
000152	K	0.417686	0.421115	0.266047	0.0363	0.1048	0.2120	0.1280	0.2430	0.1447	0.2234
000153	L	0.453427	0.398371	0.251950	0.0464	0.1528	0.1640	0.0940	0.2444	0.1423	0.2370
000154	K	0.478010	0.355383	0.238602	0.0526	0.1969	0.1030	0.0650	0.2375	0.1447	0.2460
000155	D	0.477895	0.283617	0.224212	0.0526	0.1914	0.0840	0.0530	0.2190	0.1401	0.2653
000156	K	0.454250	0.236858	0.210308	0.0660	0.1449	0.0700	0.0410	0.1971	0.1316	0.2807
000157	W	0.394322	0.211991	0.199205	0.1088	0.1229	0.0590	0.0290	0.1827	0.1082	0.3025
000158	L	0.330288	0.168365	0.192110	0.1150	0.0985	0.0520	0.0190	0.1594	0.0890	0.3103
000159	G	0.261535	0.141906	0.186672	0.0643	0.0676	0.0510	0.0160	0.1289	0.0764	0.3168
000160	V	0.187754	0.134067	0.182125	0.0336	0.0568	0.0540	0.0180	0.1081	0.0627	0.3254
000161	W	0.130203	0.129469	0.176364	0.0245	0.0349	0.0590	0.0160	0.0925	0.0561	0.3248
000162	K	0.062802	0.118601	0.169183	0.0363	0.0605	0.0570	0.0140	0.0841	0.0456	0.3015
000163	T	0.028057	0.119280	0.161881	0.0226	0.0719	0.0570	0.0150	0.0768	0.0496	0.2899
000164	N	0.019099	0.121822	0.156670	0.0395	0.0948	0.0560	0.0150	0.0813	0.0479	0.2762
000165	P	0.012532	0.119030	0.154584	0.0441	0.0985	0.0580	0.0190	0.0812	0.0478	0.2704
000166	S	0.005964	0.115824	0.154789	0.0316	0.0531	0.0700	0.0320	0.0718	0.0502	0.2619
000167	V	0.000379	0.132190	0.156701	0.0327	0.0676	0.0740	0.0370	0.0773	0.0537	0.2589
000168	F	0.000403	0.140074	0.158585	0.0304	0.0581	0.0790	0.0410	0.0778	0.0563	0.2486
000169	F	0.001474	0.159765	0.159746	0.0567	0.0618	0.0780	0.0360	0.0862	0.0571	0.2408
000170	V	0.002324	0.185292	0.159617	0.0304	0.0618	0.0790	0.0340	0.0864	0.0658	0.2297
000171	K	0.008712	0.211251	0.159766	0.0308	0.0555	0.0790	0.0340	0.0908	0.0719	0.2156
000172	Y	0.012014	0.216259	0.161030	0.0526	0.0605	0.0830	0.0310	0.0975	0.0696	0.2105
000173	E	0.014530	0.210196	0.164329	0.0350	0.0433	0.0780	0.0340	0.0910	0.0719	0.2137
000174	E	0.015659	0.187634	0.170792	0.0226	0.0454	0.0850	0.0390	0.0879	0.0685	0.2129
000175	A	0.024310	0.164626	0.179458	0.0124	0.0281	0.0880	0.0400	0.0828	0.0676	0.2120
000176	S	0.054812	0.143308	0.188587	0.0118	0.0253	0.0890	0.0390	0.0855	0.0632	0.2072
000177	I	0.058056	0.117210	0.197337	0.0078	0.0174	0.0930	0.0370	0.0818	0.0644	0.2054
000178	P	0.068671	0.104065	0.204877	0.0121	0.0269	0.0800	0.0250	0.0827	0.0628	0.2057
000179	F	0.133536	0.092327	0.210926	0.0160	0.0618	0.0780	0.0210	0.0988	0.0612	0.2081
000180	V	0.194278	0.082128	0.215059	0.0363	0.0704	0.0720	0.0220	0.1117	0.0675	0.2121
000181	G	0.250270	0.070601	0.217753	0.0660	0.1048	0.0750	0.0270	0.1307	0.0747	0.2218
000182	I	0.312479	0.063302	0.220633	0.0414	0.1229	0.0750	0.0290	0.1393	0.0969	0.2295
000183	L	0.368012	0.062579	0.222035	0.0771	0.1881	0.0740	0.0270	0.1653	0.1092	0.2347
000184	V	0.388247	0.070625	0.222665	0.0832	0.1671	0.0760	0.0260	0.1680	0.1130	0.2367
000185	E	0.375212	0.084012	0.222666	0.0813	0.1501	0.0820	0.0210	0.1659	0.1066	0.2384
000186	V	0.419819	0.118446	0.224963	0.1018	0.1554	0.0950	0.0210	0.1859	0.1133	0.2388
000187	T	0.461023	0.177285	0.229731	0.1041	0.0851	0.1060	0.0220	0.1938	0.1295	0.2390
000188	C	0.440999	0.251800	0.235968	0.1532	0.1251	0.1390	0.0390	0.2244	0.1080	0.2351
000189	E	0.432481	0.328432	0.243650	0.0813	0.0734	0.1650	0.0520	0.2206	0.1299	0.2177
000190	P	0.434658	0.415901	0.252565	0.1349	0.1424	0.1960	0.0700	0.2628	0.1213	0.1994
000191	Y	0.435568	0.470168	0.263110	0.1322	0.1399	0.2330	0.0900	0.2790	0.1319	0.1866
000192	Q	0.444551	0.475336	0.275435	0.1292	0.1349	0.2360	0.1010	0.2826	0.1360	0.1707
000193	D	0.491636	0.499705	0.289549	0.1349	0.1449	0.2100	0.0780	0.2951	0.1506	0.1596
000194	S	0.517152	0.552972	0.304791	0.1921	0.1852	0.2220	0.0760	0.3291	0.1511	0.1467
000195	S	0.534518	0.540336	0.317936	0.1958	0.2575	0.2000	0.0740	0.3411	0.1446	0.1364
000196	S	0.516512	0.529783	0.331840	0.1602	0.2645	0.1550	0.0510	0.3264	0.1518	0.1289
000197	R	0.495954	0.544122	0.345946	0.2432	0.2164	0.1360	0.0380	0.3302	0.1482	0.1232
000198	F	0.462364	0.524230	0.360482	0.2748	0.2034	0.1190	0.0290	0.3240	0.1413	0.1206
000199	K	0.424869	0.475001	0.373383	0.2432	0.2715	0.1130	0.0320	0.3169	0.1216	0.1201
000200	V	0.365496	0.436981	0.384576	0.2255	0.2645	0.1080	0.0380	0.2976	0.1108	0.1287
000201	T	0.302948	0.435195	0.392816	0.2041	0.1671	0.1160	0.0330	0.2696	0.1171	0.1402
000202	V	0.231004	0.404019	0.398139	0.2963	0.2164	0.1420	0.0300	0.2814	0.0958	0.1480
000203	S	0.192682	0.375962	0.402743	0.2080	0.2224	0.1670	0.0330	0.2615	0.0923	0.1595
000204	V	0.141163	0.383533	0.409854	0.1698	0.1399	0.1810	0.0440	0.2375	0.1137	0.1701
000205	A	0.138375	0.395438	0.417115	0.1766	0.1611	0.1920	0.0540	0.2468	0.1141	0.1808
000206	E	0.147668	0.387296	0.424417	0.1117	0.1528	0.2200	0.0670	0.2406	0.1216	0.1908
000207	P	0.165041	0.407724	0.432788	0.1322	0.1643	0.2480	0.0880	0.2584	0.1199	0.1933
000208	F	0.216153	0.437580	0.441994	0.1292	0.1162	0.2750	0.1190	0.2694	0.1317	0.1988
000209	S	0.283166	0.436430	0.453281	0.2255	0.1476	0.2700	0.1280	0.3026	0.1096	0.1998
000210	S	0.342532	0.413381	0.465414	0.1698	0.1671	0.2790	0.1390	0.3063	0.1132	0.1956
000211	N	0.425171	0.400580	0.477990	0.1766	0.2399	0.2700	0.1330	0.3317	0.1089	0.1905
000212	I	0.515545	0.380398	0.488808	0.1958	0.1583	0.2670	0.1230	0.3342	0.1376	0.1866
000213	A	0.584197	0.352411	0.496636	0.2913	0.1449	0.2670	0.1140	0.3561	0.1463	0.1838
000214	N	0.640169	0.344416	0.503946	0.2080	0.1583	0.2490	0.1110	0.3507	0.1708	0.1778
000215	I	0.691951	0.335510	0.510149	0.1998	0.2292	0.2380	0.1090	0.3675	0.1782	0.1750
000216	P	0.735763	0.309757	0.515234	0.2531	0.1791	0.2170	0.0980	0.3683	0.1967	0.1777
000217	R	0.741328	0.296336	0.517459	0.2558	0.1791	0.2300	0.1040	0.3700	0.1976	0.1778
000218	D	0.754325	0.280815	0.518534	0.1495	0.1528	0.2380	0.1090	0.3491	0.2192	0.1867
000219	L	0.777839	0.275010	0.519013	0.2483	0.2503	0.2300	0.1010	0.3834	0.2021	0.1860
000220	V	0.772778	0.286254	0.519354	0.2483	0.1942	0.2160	0.0840	0.3729	0.2085	0.1879
000221	D	0.764980	0.320404	0.517654	0.2531	0.2224	0.2340	0.0700	0.3854	0.1970	0.1935
000222	E	0.770965	0.360991	0.514264	0.1766	0.1424	0.2910	0.0640	0.3761	0.2148	0.1941
000223	I	0.749250	0.405741	0.508593	0.2820	0.1449	0.3320	0.0870	0.4038	0.1903	0.1902
000224	L	0.725557	0.422417	0.501534	0.2167	0.1791	0.3210	0.0790	0.3944	0.1849	0.1913
000225	E	0.698117	0.429086	0.493751	0.1292	0.1229	0.3480	0.0670	0.3701	0.2025	0.1957
000226	E	0.688688	0.440098	0.488068	0.2209	0.1229	0.3990	0.0800	0.3933	0.1832	0.1950
000227	L	0.681053	0.431965	0.481167	0.1292	0.1229	0.4360	0.1040	0.3804	0.1982	0.1912
000228	E	0.673233	0.386510	0.472135	0.0884	0.0909	0.4310	0.1040	0.3570	0.2092	0.1931
000229	H	0.667200	0.367166	0.460334	0.0965	0.0929	0.3920	0.0830	0.3460	0.2021	0.1863
000230	S	0.661475	0.360151	0.448309	0.0858	0.1476	0.3550	0.0770	0.3430	0.1903	0.1896
000231	V	0.665562	0.312945	0.436931	0.1456	0.2064	0.3080	0.0920	0.3460	0.1696	0.1928
000232	P	0.678271	0.285991	0.428034	0.1322	0.2064	0.2620	0.0970	0.3321	0.1788	0.1956
000233	L	0.679848	0.298402	0.421183	0.1240	0.2002	0.2290	0.0910	0.3254	0.1831	0.2032
000234	L	0.688650	0.292530	0.415374	0.1998	0.2918	0.1860	0.0690	0.3457	0.1708	0.2160
000235	E	0.668708	0.275348	0.407198	0.2786	0.2918	0.1580	0.0510	0.3467	0.1610	0.2294
000236	V	0.652628	0.275263	0.398194	0.2748	0.2680	0.1570	0.0450	0.3376	0.1572	0.2352
000237	Y	0.620021	0.282933	0.387960	0.1566	0.1914	0.1830	0.0540	0.3037	0.1614	0.2408
000238	P	0.596552	0.291101	0.377177	0.2122	0.1914	0.1950	0.0640	0.3106	0.1437	0.2405
000239	V	0.543815	0.316877	0.366383	0.1292	0.1554	0.2130	0.0810	0.2875	0.1419	0.2337
000240	E	0.498571	0.348438	0.354435	0.0789	0.1007	0.2120	0.0740	0.2655	0.1494	0.2377
000241	G	0.470809	0.355585	0.342183	0.0643	0.0870	0.2320	0.0650	0.2586	0.1468	0.2309
000242	Q	0.443340	0.349297	0.330510	0.0554	0.0749	0.2410	0.0520	0.2490	0.1428	0.2233
000243	D	0.422017	0.326092	0.321631	0.0387	0.0704	0.2390	0.0550	0.2363	0.1393	0.2155
000244	T	0.405120	0.264535	0.315470	0.0376	0.0765	0.2320	0.0620	0.2219	0.1287	0.2052
000245	D	0.353079	0.208753	0.311032	0.0813	0.0835	0.2150	0.0650	0.2088	0.1027	0.1898
000246	I	0.312593	0.159217	0.308412	0.0425	0.0704	0.1940	0.0580	0.1811	0.1046	0.1667
000247	H	0.262691	0.120513	0.306960	0.0455	0.0531	0.1660	0.0530	0.1591	0.0986	0.1445
000248	V	0.235002	0.087369	0.305916	0.0587	0.0433	0.1440	0.0500	0.1458	0.0958	0.1323
000249	I	0.188261	0.071489	0.303184	0.0252	0.0227	0.1220	0.0470	0.1222	0.0992	0.1262
000250	A	0.136859	0.053270	0.298928	0.0252	0.0364	0.1030	0.0470	0.1090	0.0933	0.1240
000251	L	0.100734	0.044683	0.292418	0.0102	0.0178	0.0900	0.0440	0.0926	0.0955	0.1210
000252	A	0.054984	0.043311	0.286288	0.0116	0.0115	0.0820	0.0380	0.0816	0.0948	0.1242
000253	L	0.020616	0.035836	0.280829	0.0061	0.0080	0.0810	0.0340	0.0720	0.0967	0.1267
000254	E	0.010215	0.031203	0.276916	0.0024	0.0073	0.0740	0.0290	0.0670	0.0969	0.1358
000255	V	0.005344	0.027544	0.273415	0.0008	0.0075	0.0690	0.0270	0.0639	0.0965	0.1391
000256	V	0.003389	0.024674	0.270053	0.0007	0.0053	0.0680	0.0280	0.0621	0.0959	0.1489
000257	R	0.002493	0.018778	0.267008	0.0013	0.0071	0.0690	0.0290	0.0609	0.0950	0.1694
000258	F	0.002228	0.016782	0.264691	0.0008	0.0076	0.0770	0.0310	0.0615	0.0945	0.2083
000259	F	0.002336	0.017198	0.263476	0.0018	0.0100	0.1070	0.0440	0.0670	0.0952	0.2448
000260	Y	0.002024	0.018630	0.263727	0.0042	0.0160	0.1400	0.0700	0.0740	0.0973	0.2767
000261	D	0.001730	0.022107	0.265323	0.0066	0.0181	0.1390	0.0710	0.0755	0.0970	0.3035
000262	F	0.001740	0.030673	0.268813	0.0131	0.0191	0.1290	0.0670	0.0771	0.0955	0.3214
000263	L	0.001643	0.047129	0.273839	0.0157	0.0240	0.1200	0.0560	0.0805	0.0946	0.3320
000264	W	0.001463	0.065162	0.280292	0.0182	0.0433	0.1110	0.0350	0.0866	0.0934	0.3458
000265	R	0.001229	0.107114	0.286930	0.0182	0.0235	0.1280	0.0360	0.0942	0.0982	0.3371
000266	D	0.001046	0.180591	0.292063	0.0304	0.0372	0.2110	0.0730	0.1254	0.1083	0.3530
000267	W	0.000926	0.237979	0.295471	0.0274	0.0473	0.3360	0.1250	0.1574	0.1359	0.3592
000268	D	0.002014	0.308998	0.297020	0.0336	0.0306	0.3710	0.1430	0.1739	0.1539	0.3529
000269	D	0.015744	0.396319	0.297181	0.0526	0.0364	0.3680	0.1600	0.1944	0.1625	0.3293
000270	E	0.029966	0.454944	0.297097	0.0514	0.0780	0.3250	0.1600	0.2061	0.1611	0.3081
000271	E	0.091616	0.445285	0.297918	0.0567	0.1373	0.3010	0.1520	0.2217	0.1375	0.2913
000272	S	0.132136	0.436622	0.300987	0.0554	0.1206	0.2570	0.1330	0.2172	0.1288	0.2765
000273	C	0.140933	0.431738	0.304328	0.1117	0.1424	0.1990	0.0970	0.2217	0.1128	0.2621
000274	E	0.164054	0.391751	0.307151	0.1667	0.2224	0.1400	0.0650	0.2320	0.0900	0.2479
000275	N	0.187177	0.329366	0.307843	0.1766	0.2364	0.1150	0.0500	0.2254	0.0751	0.2317
000276	Y	0.212804	0.308253	0.306692	0.1998	0.1583	0.0830	0.0380	0.2115	0.0795	0.2260
000277	T	0.233464	0.276097	0.303531	0.1292	0.0985	0.0670	0.0330	0.1846	0.0907	0.2141
000278	A	0.224939	0.205462	0.299727	0.1456	0.1791	0.0610	0.0290	0.1859	0.0733	0.2071
000279	L	0.214854	0.164133	0.295277	0.0909	0.1070	0.0530	0.0240	0.1542	0.0819	0.2028
000280	I	0.167725	0.139857	0.291118	0.0909	0.1048	0.0460	0.0190	0.1401	0.0775	0.2015
000281	E	0.129777	0.106357	0.287134	0.0542	0.1007	0.0480	0.0230	0.1210	0.0797	0.1971
000282	E	0.126092	0.087542	0.284068	0.0514	0.0929	0.0500	0.0240	0.1153	0.0799	0.1947
000283	R	0.115278	0.083597	0.281262	0.0542	0.0985	0.0490	0.0230	0.1136	0.0785	0.1923
000284	I	0.112358	0.071585	0.278410	0.0909	0.0929	0.0490	0.0230	0.1158	0.0753	0.1992
000285	N	0.100598	0.058480	0.275693	0.0771	0.0985	0.0490	0.0220	0.1099	0.0765	0.2109
000286	L	0.099503	0.060213	0.272827	0.0502	0.0948	0.0560	0.0270	0.1055	0.0772	0.2265
000287	W	0.123641	0.064322	0.269542	0.1117	0.1702	0.0570	0.0260	0.1328	0.0719	0.2411
000288	C	0.127113	0.068837	0.265151	0.1117	0.1048	0.0560	0.0220	0.1223	0.0684	0.2476
000289	D	0.113207	0.087842	0.260262	0.1566	0.1048	0.0650	0.0270	0.1313	0.0639	0.2572
000290	I	0.110704	0.108551	0.255623	0.1635	0.1702	0.0770	0.0340	0.1476	0.0582	0.2675
000291	Q	0.105866	0.128339	0.251567	0.1998	0.2364	0.0850	0.0380	0.1678	0.0646	0.2741
000292	D	0.093840	0.151952	0.250054	0.1921	0.1349	0.1050	0.0430	0.1546	0.0534	0.2790
000293	G	0.073921	0.192820	0.251637	0.1732	0.1206	0.1320	0.0570	0.1574	0.0568	0.2892
000294	T	0.086150	0.227594	0.254776	0.1349	0.1229	0.1650	0.0790	0.1651	0.0590	0.2952
000295	I	0.113746	0.247938	0.257980	0.1878	0.1914	0.1710	0.0870	0.1950	0.0483	0.2910
000296	P	0.086630	0.285341	0.260560	0.1844	0.1162	0.1540	0.0710	0.1812	0.0720	0.2778
000297	G	0.082778	0.309137	0.264451	0.2558	0.1914	0.1580	0.0750	0.2102	0.0754	0.2681
000298	P	0.085847	0.298307	0.268101	0.2558	0.2817	0.1590	0.0750	0.2248	0.0765	0.2596
000299	I	0.109134	0.302271	0.272918	0.3359	0.2680	0.1570	0.0630	0.2409	0.0806	0.2540
000300	A	0.199588	0.314287	0.279192	0.3263	0.2503	0.1340	0.0520	0.2505	0.0670	0.2429
000301	Q	0.287514	0.316730	0.283939	0.3184	0.3426	0.1390	0.0510	0.2814	0.0665	0.2277
000302	R	0.383661	0.331081	0.286983	0.3005	0.3286	0.1840	0.0750	0.3024	0.0612	0.2128
000303	F	0.442299	0.363638	0.287475	0.2913	0.3087	0.1900	0.0820	0.3139	0.0769	0.2034
000304	K	0.471813	0.393789	0.289777	0.2748	0.2436	0.1580	0.0770	0.3053	0.1018	0.1809
000305	K	0.561322	0.437147	0.292348	0.2748	0.2503	0.1380	0.0650	0.3256	0.1370	0.1654
000306	T	0.649801	0.485521	0.296710	0.2963	0.2503	0.1410	0.0580	0.3532	0.1672	0.1548
000307	L	0.739010	0.527449	0.301806	0.2602	0.1528	0.1310	0.0300	0.3520	0.2161	0.1501
000308	E	0.810031	0.529056	0.308886	0.2041	0.1643	0.1100	0.0200	0.3543	0.2446	0.1421
000309	K	0.726412	0.530908	0.315409	0.1266	0.0888	0.1180	0.0190	0.3178	0.2384	0.1321
000310	Y	0.649286	0.534956	0.321369	0.1878	0.1476	0.1170	0.0270	0.3264	0.2011	0.1277
000311	K	0.563938	0.514313	0.325907	0.1532	0.1671	0.1000	0.0270	0.3042	0.1804	0.1202
000312	N	0.482858	0.473357	0.330123	0.1532	0.1702	0.1040	0.0260	0.2857	0.1527	0.1178
000313	K	0.409734	0.469937	0.333621	0.1602	0.1162	0.1020	0.0280	0.2654	0.1456	0.1172
000314	R	0.323518	0.444148	0.335857	0.2255	0.1942	0.0990	0.0230	0.2704	0.1113	0.1176
000315	V	0.240279	0.380498	0.337240	0.1635	0.2129	0.1020	0.0210	0.2393	0.0957	0.1253
000316	E	0.153241	0.349977	0.338352	0.1635	0.2292	0.1020	0.0180	0.2227	0.0936	0.1290
000317	L	0.103025	0.344455	0.340162	0.1635	0.2470	0.1040	0.0190	0.2170	0.1008	0.1314
000318	I	0.167491	0.324124	0.343082	0.2292	0.3286	0.1160	0.0180	0.2514	0.0872	0.1299
000319	E	0.228216	0.317786	0.348335	0.2483	0.2884	0.1400	0.0360	0.2619	0.0676	0.1292
000320	Y	0.303097	0.361324	0.355065	0.2531	0.2645	0.1740	0.0550	0.2852	0.0643	0.1312
000321	Q	0.370832	0.411044	0.361337	0.2913	0.3599	0.1770	0.0570	0.3285	0.0765	0.1299
000322	S	0.422551	0.446472	0.365891	0.2700	0.3392	0.1910	0.0460	0.3392	0.0874	0.1313
000323	N	0.433325	0.525759	0.365836	0.2700	0.2680	0.2100	0.0380	0.3454	0.1086	0.1321
000324	I	0.429479	0.592634	0.360542	0.2483	0.2884	0.2280	0.0450	0.3578	0.1252	0.1344
000325	K	0.426375	0.619372	0.351166	0.1844	0.2224	0.2600	0.0600	0.3440	0.1472	0.1312
000326	E	0.382767	0.641144	0.339846	0.2385	0.1914	0.2640	0.0660	0.3429	0.1476	0.1276
000327	D	0.311757	0.665130	0.328062	0.1667	0.1731	0.2570	0.0770	0.3170	0.1675	0.1286
000328	P	0.241725	0.605863	0.315938	0.1322	0.2399	0.2300	0.0530	0.2942	0.1493	0.1282
000329	S	0.157065	0.529846	0.305223	0.1732	0.2364	0.2170	0.0490	0.2698	0.1257	0.1303
000330	A	0.086552	0.487309	0.295436	0.1667	0.1449	0.1750	0.0390	0.2260	0.1325	0.1352
000331	A	0.031503	0.407783	0.284740	0.1495	0.2364	0.1340	0.0330	0.2074	0.1201	0.1394
000332	E	0.016244	0.326810	0.275652	0.0813	0.1528	0.1160	0.0310	0.1614	0.1081	0.1386
000333	A	0.011053	0.306630	0.267898	0.0858	0.1092	0.1010	0.0310	0.1469	0.1048	0.1442
000334	V	0.008311	0.267761	0.261749	0.0514	0.0799	0.0920	0.0350	0.1269	0.1010	0.1509
000335	E	0.007737	0.200910	0.253596	0.0542	0.0765	0.0770	0.0350	0.1117	0.0862	0.1594
000336	C	0.007156	0.166387	0.245082	0.0441	0.0506	0.0700	0.0350	0.0972	0.0821	0.1779
000337	W	0.005372	0.143809	0.236349	0.0252	0.0454	0.0710	0.0390	0.0878	0.0796	0.1962
000338	K	0.004060	0.102811	0.228741	0.0131	0.0258	0.0590	0.0330	0.0723	0.0774	0.2117
000339	K	0.002902	0.080877	0.221100	0.0116	0.0141	0.0630	0.0410	0.0656	0.0752	0.2312
000340	Y	0.001462	0.069411	0.216000	0.0069	0.0138	0.0580	0.0340	0.0609	0.0739	0.2525
000341	Y	0.000241	0.051826	0.213445	0.0044	0.0134	0.0520	0.0230	0.0559	0.0735	0.2703
000342	E	0.000073	0.038836	0.214401	0.0062	0.0099	0.0480	0.0190	0.0529	0.0743	0.2927
000343	I	0.000082	0.038635	0.216467	0.0042	0.0099	0.0480	0.0170	0.0528	0.0753	0.3342
000344	V	0.000101	0.032069	0.219532	0.0026	0.0113	0.0460	0.0170	0.0520	0.0767	0.3613
000345	M	0.000245	0.028368	0.223557	0.0040	0.0104	0.0460	0.0160	0.0521	0.0783	0.3826
000346	L	0.000424	0.033673	0.228589	0.0038	0.0095	0.0450	0.0160	0.0535	0.0799	0.3913
000347	C	0.001220	0.036256	0.233583	0.0035	0.0094	0.0450	0.0160	0.0548	0.0816	0.3869
000348	G	0.002670	0.036448	0.238303	0.0075	0.0138	0.0450	0.0160	0.0573	0.0824	0.3789
000349	L	0.002899	0.048688	0.242355	0.0037	0.0108	0.0570	0.0200	0.0609	0.0839	0.3742
000350	L	0.003075	0.065247	0.244858	0.0038	0.0108	0.0790	0.0350	0.0678	0.0847	0.3652
000351	K	0.003229	0.076522	0.245616	0.0044	0.0168	0.1100	0.0480	0.0761	0.0855	0.3518
000352	M	0.003409	0.094544	0.246844	0.0082	0.0320	0.1600	0.0920	0.0909	0.0886	0.3394
000353	W	0.007275	0.127128	0.249375	0.0081	0.0171	0.2190	0.1230	0.1046	0.1007	0.3156
000354	E	0.013159	0.145803	0.254325	0.0167	0.0163	0.3030	0.1720	0.1249	0.1190	0.2838
000355	D	0.017212	0.151736	0.260709	0.0124	0.0269	0.4860	0.2510	0.1591	0.1714	0.2676
000356	L	0.091949	0.158961	0.268349	0.0081	0.0334	0.6910	0.2090	0.2086	0.2320	0.2597
000357	R	0.200638	0.154960	0.276436	0.0182	0.0356	0.7350	0.1790	0.2367	0.2400	0.2555
000358	L	0.310180	0.138802	0.285937	0.0327	0.0349	0.7740	0.1340	0.2627	0.2530	0.2584
000359	R	0.421026	0.136269	0.295792	0.0179	0.0349	0.8460	0.1050	0.2920	0.2856	0.2654
000360	V	0.531401	0.138258	0.306606	0.0182	0.0592	0.8850	0.0810	0.3231	0.3045	0.2719
000361	H	0.642232	0.149399	0.316683	0.0350	0.0985	0.7470	0.1240	0.3315	0.2724	0.2775
000362	G	0.749393	0.167130	0.327091	0.0336	0.0985	0.5700	0.1710	0.3244	0.2587	0.2815
000363	P	0.854442	0.180274	0.337239	0.0455	0.1229	0.4460	0.1510	0.3310	0.2692	0.2878
000364	F	0.961218	0.202635	0.346853	0.0935	0.1942	0.3840	0.1290	0.3637	0.2844	0.3004
000365	F	0.996699	0.221016	0.356876	0.1018	0.1823	0.2770	0.1010	0.3559	0.2971	0.3063
000366	P	0.997483	0.247949	0.367420	0.1117	0.1881	0.2080	0.1010	0.3534	0.2981	0.2981
000367	R	0.998654	0.275295	0.378478	0.1805	0.1731	0.2140	0.1090	0.3700	0.2896	0.2863
000368	I	0.998578	0.315301	0.388705	0.1878	0.1791	0.2510	0.1330	0.3868	0.2830	0.2781
000369	L	0.998989	0.334134	0.398141	0.1958	0.2541	0.2490	0.1190	0.4050	0.2735	0.2627
000370	R	0.998782	0.388334	0.407735	0.2122	0.2645	0.2410	0.0840	0.4188	0.2694	0.2451
000371	R	0.998596	0.458377	0.417385	0.3005	0.2436	0.2700	0.0910	0.4481	0.2580	0.2282
000372	R	0.998425	0.502233	0.426012	0.3225	0.2503	0.3020	0.1110	0.4669	0.2518	0.2141
000373	K	0.998245	0.541741	0.433362	0.2432	0.2541	0.2900	0.1030	0.4601	0.2631	0.2018
000374	G	0.996877	0.585219	0.440703	0.2167	0.1528	0.2840	0.0960	0.4461	0.2850	0.1904
000375	K	0.995966	0.612196	0.448142	0.3311	0.1823	0.2770	0.0850	0.4745	0.2697	0.1804
000376	R	0.995355	0.608484	0.453827	0.3762	0.2470	0.2440	0.0730	0.4875	0.2592	0.1751
000377	E	0.993715	0.577526	0.456194	0.2865	0.2129	0.2140	0.0520	0.4568	0.2739	0.1735
000378	F	0.980468	0.547843	0.454832	0.2657	0.1881	0.1910	0.0450	0.4379	0.2769	0.1734
000379	G	0.874986	0.503649	0.451009	0.3491	0.2292	0.1610	0.0410	0.4281	0.2321	0.1758
000380	K	0.771053	0.438335	0.445455	0.4078	0.3117	0.1510	0.0390	0.4208	0.1865	0.1850
000381	T	0.664948	0.395206	0.440018	0.3885	0.3182	0.1350	0.0360	0.3903	0.1572	0.1955
000382	I	0.558919	0.337574	0.434384	0.3847	0.3321	0.1210	0.0260	0.3614	0.1317	0.2060
000383	T	0.450774	0.290620	0.428559	0.3806	0.3019	0.1140	0.0210	0.3277	0.1126	0.2169
000384	H	0.341075	0.312599	0.421850	0.3762	0.2258	0.1170	0.0240	0.2991	0.1012	0.2323
000385	I	0.232787	0.324500	0.415065	0.3456	0.2224	0.1280	0.0340	0.2780	0.0941	0.2479
000386	V	0.125878	0.315566	0.408394	0.2657	0.2364	0.1380	0.0370	0.2484	0.0981	0.2654
000387	A	0.042550	0.327127	0.402016	0.2602	0.1643	0.1640	0.0340	0.2268	0.1181	0.2807
000388	K	0.051548	0.325007	0.395558	0.2657	0.1528	0.1950	0.0350	0.2309	0.1131	0.2964
000389	M	0.058455	0.338598	0.388316	0.2786	0.2470	0.2250	0.0490	0.2560	0.1040	0.3134
000390	M	0.062221	0.328677	0.380592	0.2786	0.2503	0.2470	0.0730	0.2579	0.0991	0.3244
000391	T	0.073226	0.373023	0.372078	0.2700	0.2609	0.2660	0.1010	0.2693	0.0999	0.3248
000392	T	0.097049	0.411798	0.363477	0.2748	0.1791	0.2990	0.1130	0.2709	0.1064	0.3252
000393	E	0.117223	0.444776	0.355990	0.3399	0.1823	0.3140	0.1090	0.2923	0.1101	0.3267
000394	M	0.137948	0.496830	0.349153	0.2558	0.1852	0.3360	0.0950	0.2934	0.1180	0.3274
000395	I	0.204802	0.536998	0.343417	0.1698	0.1914	0.3500	0.0880	0.2994	0.1280	0.3194
000396	K	0.247638	0.545955	0.336273	0.2385	0.2715	0.3510	0.0890	0.3319	0.1046	0.3102
000397	D	0.291016	0.542635	0.328384	0.3053	0.3286	0.3610	0.0850	0.3595	0.0847	0.3015
000398	L	0.322503	0.537990	0.319130	0.3184	0.3631	0.3650	0.0940	0.3710	0.0772	0.2940
000399	S	0.359639	0.510630	0.309731	0.3146	0.2884	0.3320	0.1070	0.3525	0.0740	0.2836
000400	S	0.351097	0.512897	0.299872	0.3456	0.3286	0.3360	0.1130	0.3624	0.0693	0.2718
000401	D	0.333216	0.514030	0.289425	0.2820	0.2817	0.3620	0.1220	0.3437	0.0817	0.2605
000402	T	0.324920	0.517558	0.277514	0.2963	0.2470	0.3800	0.1310	0.3405	0.0892	0.2562
000403	L	0.304149	0.504639	0.265321	0.2167	0.1643	0.3810	0.1280	0.3061	0.1117	0.2533
000404	L	0.235854	0.508173	0.252742	0.1805	0.1611	0.3460	0.1060	0.2808	0.1177	0.2500
000405	Q	0.181247	0.492171	0.240523	0.1240	0.2002	0.3170	0.1000	0.2591	0.1196	0.2470
000406	Q	0.125536	0.475128	0.228580	0.1921	0.2002	0.2560	0.0630	0.2462	0.1099	0.2447
000407	H	0.081126	0.448118	0.219217	0.1921	0.1298	0.2480	0.0480	0.2197	0.1162	0.2484
000408	G	0.036771	0.405059	0.213312	0.1349	0.1251	0.2460	0.0530	0.1936	0.1159	0.2496
000409	D	0.030456	0.346093	0.210895	0.1292	0.1881	0.2370	0.0620	0.1904	0.0968	0.2550
000410	L	0.024008	0.323510	0.209941	0.1292	0.1942	0.1860	0.0470	0.1778	0.0900	0.2626
000411	D	0.012857	0.294695	0.209679	0.1240	0.1969	0.1430	0.0370	0.1635	0.0867	0.2689
000412	L	0.011181	0.274992	0.209087	0.1292	0.1399	0.1330	0.0520	0.1495	0.0808	0.2767
000413	A	0.010810	0.276690	0.209119	0.1322	0.0851	0.1070	0.0460	0.1369	0.0859	0.2801
000414	L	0.009445	0.269952	0.208267	0.1416	0.0835	0.0940	0.0420	0.1345	0.0853	0.2831
000415	D	0.010259	0.230378	0.207184	0.1322	0.0719	0.0780	0.0370	0.1216	0.0775	0.2856
000416	N	0.009569	0.196204	0.204957	0.0701	0.0817	0.0630	0.0300	0.1042	0.0718	0.2932
000417	C	0.008715	0.157426	0.202773	0.0363	0.0765	0.0510	0.0230	0.0888	0.0688	0.3099
000418	Y	0.008684	0.126461	0.200887	0.0526	0.0851	0.0410	0.0160	0.0859	0.0631	0.3118
000419	S	0.009461	0.110981	0.199823	0.0514	0.0494	0.0380	0.0150	0.0765	0.0629	0.3173
000420	G	0.010136	0.111739	0.198643	0.0542	0.0494	0.0360	0.0120	0.0766	0.0626	0.3202
000421	D	0.011533	0.104212	0.197420	0.0526	0.0676	0.0350	0.0120	0.0781	0.0605	0.3250
000422	T	0.012704	0.100722	0.195432	0.0526	0.0518	0.0370	0.0140	0.0750	0.0599	0.3290
000423	V	0.012334	0.098794	0.193621	0.0677	0.0909	0.0380	0.0140	0.0835	0.0575	0.3352
000424	I	0.011990	0.101015	0.190691	0.0643	0.0662	0.0370	0.0130	0.0785	0.0572	0.3405
000425	I	0.025395	0.104331	0.187359	0.1088	0.0909	0.0370	0.0130	0.0923	0.0532	0.3444
000426	F	0.040865	0.113593	0.183466	0.0567	0.0518	0.0380	0.0140	0.0808	0.0523	0.3485
000427	P	0.051467	0.128426	0.180281	0.0455	0.0287	0.0390	0.0130	0.0789	0.0559	0.3457
000428	G	0.058628	0.132118	0.178076	0.0414	0.0494	0.0420	0.0140	0.0837	0.0525	0.3343
000429	E	0.062308	0.131437	0.177402	0.0414	0.0909	0.0420	0.0120	0.0910	0.0496	0.3329
000430	Y	0.065070	0.131501	0.177633	0.0395	0.0967	0.0460	0.0140	0.0928	0.0491	0.3284
000431	Q	0.065975	0.141402	0.178582	0.0441	0.0568	0.0500	0.0160	0.0894	0.0515	0.3218
000432	A	0.070804	0.157791	0.178984	0.0441	0.0320	0.0550	0.0170	0.0898	0.0571	0.3120
000433	A	0.087256	0.160322	0.179551	0.0268	0.0188	0.0660	0.0210	0.0898	0.0614	0.3024
000434	N	0.084529	0.155624	0.179765	0.0259	0.0258	0.0790	0.0280	0.0918	0.0588	0.2906
000435	L	0.069675	0.141687	0.180334	0.0274	0.0424	0.0950	0.0350	0.0927	0.0539	0.2816
000436	A	0.059238	0.125820	0.180128	0.0464	0.0483	0.1070	0.0470	0.0944	0.0486	0.2711
000437	L	0.075539	0.100564	0.179763	0.0884	0.0929	0.1310	0.0640	0.1114	0.0350	0.2603
000438	L	0.139979	0.091828	0.178765	0.0405	0.0749	0.1440	0.0690	0.1117	0.0469	0.2479
000439	T	0.198321	0.094122	0.177567	0.0425	0.0765	0.1480	0.0640	0.1228	0.0559	0.2334
000440	D	0.259124	0.101674	0.176287	0.0336	0.0780	0.1610	0.0640	0.1349	0.0735	0.2179
000441	D	0.309201	0.107716	0.175524	0.0567	0.1449	0.1570	0.0550	0.1585	0.0776	0.2048
000442	I	0.354496	0.116433	0.176125	0.0587	0.0888	0.1550	0.0480	0.1583	0.0960	0.1925
000443	I	0.412678	0.148018	0.177497	0.0858	0.0888	0.1680	0.0530	0.1802	0.1099	0.1816
000444	I	0.494619	0.181003	0.179105	0.0621	0.0646	0.1900	0.0600	0.1953	0.1443	0.1758
000445	K	0.582904	0.219939	0.181044	0.0542	0.0631	0.2010	0.0500	0.2170	0.1759	0.1732
000446	G	0.648489	0.257155	0.183532	0.0542	0.1048	0.2100	0.0440	0.2430	0.1932	0.1731
000447	V	0.673553	0.294453	0.187166	0.0677	0.1399	0.2150	0.0510	0.2630	0.1962	0.1753
000448	G	0.705631	0.323697	0.191553	0.1178	0.2399	0.2670	0.0670	0.3076	0.1890	0.1803
000449	K	0.738356	0.364835	0.196844	0.1878	0.3215	0.2830	0.0570	0.3487	0.1853	0.1905
000450	R	0.775618	0.423359	0.202053	0.2292	0.3215	0.3370	0.0960	0.3815	0.1906	0.2079
000451	E	0.804731	0.463341	0.206916	0.2167	0.3215	0.3750	0.1110	0.3980	0.2023	0.2270
000452	E	0.823626	0.492268	0.210552	0.2041	0.3117	0.4360	0.1170	0.4130	0.2123	0.2455
000453	I	0.829263	0.522306	0.213644	0.3005	0.3053	0.4790	0.1240	0.4416	0.2036	0.2641
000454	M	0.833660	0.549122	0.215536	0.3806	0.3321	0.4970	0.1350	0.4679	0.1962	0.2902
000455	I	0.836364	0.564070	0.216830	0.3806	0.3599	0.5180	0.1680	0.4792	0.1954	0.3069
000456	T	0.830071	0.572865	0.217839	0.3311	0.3667	0.5150	0.1860	0.4723	0.1983	0.3237
000457	S	0.829532	0.575045	0.218892	0.2531	0.3631	0.5010	0.1770	0.4568	0.2089	0.3393
000458	E	0.817485	0.601974	0.220059	0.3359	0.3983	0.4490	0.1270	0.4705	0.1933	0.3503
000459	P	0.781947	0.608471	0.220730	0.3263	0.4087	0.3850	0.0840	0.4552	0.1866	0.3542
000460	S	0.745338	0.611541	0.222061	0.3053	0.4220	0.3280	0.0580	0.4390	0.1831	0.3523
000461	R	0.714107	0.600058	0.224130	0.3225	0.3631	0.2820	0.0580	0.4177	0.1774	0.3424
000462	D	0.680404	0.600448	0.226237	0.3096	0.3356	0.2530	0.0480	0.4009	0.1746	0.3304
000463	S	0.631948	0.556189	0.227660	0.2333	0.2436	0.2450	0.0490	0.3563	0.1696	0.3154
000464	F	0.583738	0.520353	0.227947	0.3225	0.2951	0.2720	0.0640	0.3703	0.1329	0.3015
000465	V	0.497235	0.498238	0.227828	0.2700	0.3286	0.2520	0.0590	0.3456	0.1118	0.2856
000466	V	0.403627	0.448437	0.226994	0.3359	0.3356	0.2410	0.0520	0.3320	0.0795	0.2783
000467	S	0.320088	0.426473	0.225843	0.3491	0.3321	0.2310	0.0470	0.3141	0.0694	0.2715
000468	K	0.262950	0.425587	0.224250	0.2602	0.2575	0.2090	0.0340	0.2732	0.0710	0.2636
000469	A	0.206828	0.397030	0.222900	0.2558	0.1611	0.1880	0.0330	0.2386	0.0766	0.2619
000470	D	0.150538	0.392011	0.221913	0.1456	0.1449	0.1620	0.0260	0.2028	0.0887	0.2641
000471	N	0.104210	0.374961	0.221668	0.0909	0.1501	0.1180	0.0180	0.1766	0.0984	0.2641
000472	V	0.061792	0.341513	0.221433	0.0935	0.1449	0.1040	0.0140	0.1612	0.0950	0.2664
000473	K	0.021419	0.296726	0.220172	0.0909	0.1424	0.0910	0.0140	0.1437	0.0911	0.2697
000474	L	0.021187	0.248414	0.218221	0.0858	0.1007	0.0910	0.0190	0.1276	0.0795	0.2784
000475	M	0.022151	0.213207	0.216526	0.1349	0.1791	0.0920	0.0220	0.1429	0.0695	0.2873
000476	H	0.022629	0.192199	0.215922	0.1322	0.2258	0.0900	0.0210	0.1465	0.0729	0.2878
000477	L	0.024911	0.174878	0.215901	0.1958	0.2064	0.1010	0.0300	0.1532	0.0686	0.2811
000478	S	0.026694	0.185054	0.215628	0.1878	0.1583	0.1100	0.0340	0.1473	0.0630	0.2748
000479	L	0.031096	0.193576	0.214309	0.1240	0.1206	0.1270	0.0460	0.1351	0.0590	0.2695
000480	I	0.037605	0.204547	0.211342	0.1041	0.1007	0.1370	0.0530	0.1325	0.0609	0.2612
000481	Q	0.048855	0.217470	0.207477	0.0621	0.1092	0.1250	0.0530	0.1283	0.0649	0.2518
000482	Q	0.058061	0.217396	0.203453	0.0414	0.1028	0.1230	0.0530	0.1243	0.0667	0.2511
000483	G	0.083804	0.207868	0.200534	0.0677	0.1399	0.1120	0.0430	0.1352	0.0537	0.2544
000484	T	0.109703	0.197600	0.198422	0.0723	0.1476	0.1120	0.0410	0.1395	0.0467	0.2585
000485	V	0.169267	0.187407	0.197522	0.1150	0.1852	0.0950	0.0420	0.1582	0.0389	0.2634
000486	D	0.236793	0.192129	0.197485	0.1266	0.2164	0.0870	0.0360	0.1761	0.0522	0.2749
000487	G	0.288754	0.205595	0.198039	0.0991	0.1476	0.0850	0.0320	0.1707	0.0694	0.2917
000488	I	0.325986	0.223054	0.199751	0.1495	0.2328	0.0830	0.0320	0.2024	0.0749	0.3196
000489	V	0.340087	0.231016	0.202389	0.0832	0.2436	0.0780	0.0280	0.1963	0.0922	0.3477
000490	V	0.338706	0.246140	0.206034	0.1495	0.2328	0.0760	0.0260	0.2082	0.0817	0.3683
000491	V	0.327978	0.260177	0.208559	0.2122	0.2328	0.0710	0.0220	0.2188	0.0772	0.3789
000492	E	0.332284	0.257683	0.210363	0.1178	0.1554	0.0610	0.0120	0.1891	0.0897	0.3849
000493	S	0.320531	0.234315	0.212129	0.0701	0.1476	0.0630	0.0140	0.1746	0.0916	0.3820
000494	G	0.273973	0.227903	0.214853	0.0414	0.0929	0.0640	0.0180	0.1525	0.0895	0.3712
000495	H	0.226455	0.212318	0.218446	0.0395	0.1028	0.0750	0.0310	0.1457	0.0757	0.3557
000496	M	0.194721	0.177697	0.222631	0.0274	0.1399	0.0880	0.0400	0.1418	0.0666	0.3381
000497	T	0.162920	0.176781	0.226519	0.0304	0.1349	0.0900	0.0400	0.1369	0.0630	0.3037
000498	L	0.143950	0.190327	0.230290	0.0297	0.1349	0.0900	0.0410	0.1366	0.0649	0.2728
000499	E	0.131779	0.189665	0.233652	0.0502	0.1476	0.0890	0.0410	0.1403	0.0606	0.2346
000500	N	0.128790	0.186039	0.237410	0.0723	0.1251	0.0880	0.0430	0.1396	0.0566	0.1986
000501	C	0.097295	0.180294	0.240869	0.0723	0.1229	0.0870	0.0410	0.1334	0.0593	0.1652
000502	I	0.082165	0.158498	0.243380	0.0502	0.1092	0.0900	0.0420	0.1223	0.0632	0.1451
000503	L	0.068787	0.135055	0.245640	0.0304	0.1007	0.0830	0.0320	0.1105	0.0682	0.1309
000504	K	0.046587	0.127221	0.247612	0.0160	0.0985	0.0810	0.0280	0.1028	0.0739	0.1185
000505	C	0.024653	0.116531	0.249433	0.0160	0.0835	0.0810	0.0260	0.0953	0.0773	0.1092
000506	E	0.014575	0.109220	0.249934	0.0167	0.0676	0.0800	0.0260	0.0897	0.0792	0.1052
000507	G	0.004500	0.104744	0.249363	0.0160	0.0506	0.0820	0.0280	0.0846	0.0815	0.0985
000508	T	0.004412	0.106392	0.248251	0.0128	0.0506	0.0890	0.0280	0.0852	0.0817	0.0991
000509	G	0.005194	0.098420	0.246759	0.0141	0.0494	0.0990	0.0340	0.0855	0.0808	0.1004
000510	V	0.024400	0.092762	0.244742	0.0118	0.0443	0.1090	0.0370	0.0878	0.0783	0.1057
000511	C	0.050815	0.091347	0.242199	0.0069	0.0454	0.1090	0.0330	0.0909	0.0752	0.1126
000512	V	0.104484	0.091412	0.239895	0.0144	0.0780	0.1200	0.0380	0.1081	0.0677	0.1317
000513	L	0.119210	0.092642	0.237718	0.0304	0.1399	0.1260	0.0330	0.1242	0.0619	0.1476
000514	T	0.131437	0.101801	0.235434	0.0514	0.1373	0.1310	0.0320	0.1314	0.0550	0.1642
000515	G	0.145726	0.107995	0.233156	0.0660	0.1449	0.1330	0.0330	0.1385	0.0505	0.1843
000516	A	0.160014	0.113292	0.230834	0.0832	0.2164	0.1420	0.0460	0.1576	0.0526	0.2082
000517	A	0.180911	0.130234	0.228295	0.0701	0.1702	0.1390	0.0540	0.1531	0.0489	0.2282
000518	L	0.253585	0.163608	0.225084	0.0701	0.1823	0.1640	0.0600	0.1764	0.0577	0.2509
000519	T	0.307836	0.216084	0.220771	0.0587	0.1731	0.2060	0.0750	0.1970	0.0741	0.2631
000520	I	0.372263	0.273957	0.215568	0.0607	0.1528	0.3200	0.0840	0.2325	0.1041	0.2732
000521	T	0.403685	0.336240	0.209701	0.0884	0.2034	0.3530	0.0890	0.2657	0.1081	0.2790
000522	D	0.464530	0.376509	0.204594	0.1416	0.2292	0.3920	0.0970	0.3015	0.1159	0.2837
000523	S	0.536897	0.413350	0.200291	0.1921	0.3087	0.3860	0.0980	0.3396	0.1215	0.2805
000524	E	0.609293	0.439151	0.196996	0.2041	0.3117	0.3880	0.0960	0.3582	0.1428	0.2814
000525	I	0.690745	0.446487	0.195191	0.2255	0.2258	0.4500	0.1120	0.3723	0.1767	0.2853
000526	T	0.760742	0.441065	0.195383	0.1667	0.2609	0.4220	0.0960	0.3744	0.2017	0.2874
000527	G	0.782954	0.414985	0.197672	0.1349	0.2884	0.4400	0.0880	0.3765	0.2117	0.2886
000528	A	0.800631	0.403083	0.200559	0.1958	0.3182	0.4060	0.0820	0.3874	0.2032	0.2908
000529	Q	0.798062	0.374959	0.202876	0.2748	0.3149	0.3410	0.0780	0.3844	0.1927	0.2949
000530	G	0.796459	0.357084	0.205448	0.2820	0.2849	0.3500	0.0940	0.3793	0.1932	0.3073
000531	A	0.807821	0.339084	0.207626	0.2963	0.2884	0.3000	0.0990	0.3732	0.1983	0.3237
000532	G	0.815416	0.331785	0.210038	0.2748	0.2129	0.2460	0.0740	0.3485	0.2128	0.3454
000533	V	0.819014	0.299790	0.211662	0.1958	0.2193	0.2320	0.0740	0.3296	0.2213	0.3742
000534	E	0.810577	0.274416	0.214351	0.1456	0.2258	0.1950	0.0570	0.3109	0.2267	0.3985
000535	L	0.803336	0.255386	0.217427	0.1416	0.2193	0.1770	0.0530	0.3024	0.2269	0.4209
000536	Y	0.786677	0.236622	0.220781	0.2209	0.3149	0.1680	0.0540	0.3246	0.2111	0.4322
000537	P	0.759399	0.209810	0.224204	0.2209	0.2328	0.1490	0.0480	0.2994	0.2075	0.4271
000538	G	0.734325	0.200980	0.228406	0.2385	0.2470	0.1510	0.0490	0.3000	0.1968	0.4195
000539	S	0.711891	0.195804	0.233151	0.1998	0.2884	0.1470	0.0480	0.2960	0.1908	0.4079
000540	I	0.683223	0.189848	0.239554	0.2041	0.2034	0.1500	0.0490	0.2784	0.1829	0.3947
000541	A	0.617745	0.211974	0.249541	0.2255	0.2164	0.1450	0.0470	0.2777	0.1554	0.3905
000542	I	0.563702	0.242377	0.263570	0.1958	0.2541	0.1450	0.0490	0.2775	0.1342	0.3906
000543	L	0.523631	0.282496	0.279437	0.2041	0.1881	0.1420	0.0510	0.2699	0.1239	0.3954
000544	E	0.474130	0.322459	0.294714	0.2700	0.2541	0.1400	0.0510	0.2925	0.0993	0.4041
000545	R	0.433310	0.339447	0.310480	0.1844	0.2399	0.1500	0.0490	0.2763	0.0961	0.4107
000546	N	0.407644	0.341897	0.327176	0.2700	0.3149	0.1610	0.0490	0.3038	0.0756	0.4190
000547	E	0.387013	0.336555	0.346183	0.3456	0.4087	0.1780	0.0540	0.3336	0.0743	0.4206
000548	I	0.375107	0.342466	0.366005	0.3146	0.3774	0.2050	0.0620	0.3301	0.0600	0.4228
000549	H	0.375047	0.356739	0.385420	0.3184	0.3807	0.2100	0.0640	0.3377	0.0614	0.4260
000550	H	0.406273	0.395854	0.403304	0.3184	0.3774	0.2410	0.0670	0.3570	0.0598	0.4337
000551	C	0.380736	0.446395	0.419621	0.4037	0.4582	0.2570	0.0830	0.3942	0.0667	0.4222
000552	N	0.346213	0.495580	0.436436	0.4379	0.4901	0.2740	0.0880	0.4134	0.0792	0.4158
000553	N	0.320922	0.541698	0.454407	0.5043	0.4940	0.3600	0.0980	0.4458	0.0796	0.4116
000554	L	0.315629	0.614309	0.472081	0.5623	0.5707	0.4080	0.1160	0.4906	0.1038	0.4114
000555	R	0.332270	0.681238	0.488528	0.4825	0.5456	0.4390	0.1550	0.4949	0.1057	0.4092
000556	T	0.369455	0.679440	0.502497	0.4749	0.4725	0.4630	0.1440	0.4936	0.0929	0.4047
000557	S	0.407412	0.702642	0.515101	0.4703	0.4725	0.4780	0.1220	0.5076	0.0928	0.4019
000558	N	0.449920	0.703104	0.525653	0.4116	0.4220	0.5690	0.1420	0.5135	0.1016	0.3971
000559	S	0.497570	0.692307	0.535985	0.4967	0.5055	0.6240	0.1730	0.5587	0.0742	0.3955
000560	S	0.593067	0.717955	0.546488	0.4651	0.4330	0.6380	0.1990	0.5656	0.0977	0.3936
000561	K	0.689650	0.721732	0.557154	0.4651	0.3494	0.6360	0.1950	0.5699	0.1301	0.3933
000562	S	0.790033	0.716950	0.567366	0.4825	0.4619	0.6010	0.1760	0.6033	0.1181	0.3964
000563	T	0.865854	0.679502	0.576707	0.4116	0.4186	0.5640	0.1630	0.5861	0.1560	0.3977
000564	L	0.920558	0.648512	0.586032	0.4333	0.4409	0.5110	0.1450	0.5901	0.1662	0.3981
000565	G	0.950112	0.599963	0.591105	0.4703	0.5139	0.4290	0.1480	0.5925	0.1711	0.3947
000566	G	0.971839	0.543034	0.591300	0.4781	0.4292	0.3840	0.1230	0.5662	0.1939	0.3955
000567	V	0.979396	0.516610	0.586059	0.4918	0.4220	0.3500	0.1390	0.5576	0.2026	0.4011
000568	N	0.979406	0.479295	0.578827	0.4203	0.3910	0.3290	0.1620	0.5296	0.2156	0.4059
000569	M	0.971358	0.454389	0.570646	0.4245	0.3872	0.3320	0.1870	0.5233	0.2132	0.4156
000570	K	0.951607	0.438507	0.561911	0.3847	0.3948	0.3180	0.1760	0.5083	0.2116	0.4212
000571	V	0.880596	0.425380	0.551643	0.3762	0.4051	0.2990	0.1240	0.4897	0.1902	0.4269
000572	L	0.818510	0.425548	0.538282	0.3717	0.4149	0.3020	0.1080	0.4785	0.1676	0.4302
000573	P	0.749475	0.457161	0.521883	0.3717	0.3356	0.2760	0.1160	0.4520	0.1550	0.4317
000574	A	0.690081	0.494375	0.503649	0.3806	0.2541	0.2920	0.1180	0.4358	0.1469	0.4316
000575	P	0.636955	0.503769	0.485966	0.3668	0.3249	0.2320	0.0860	0.4250	0.1327	0.4253
000576	K	0.544013	0.502500	0.467707	0.2820	0.3392	0.1840	0.0500	0.3866	0.1284	0.4172
000577	L	0.445978	0.503189	0.448606	0.2865	0.3426	0.1630	0.0360	0.3649	0.1156	0.4110
000578	K	0.355874	0.498553	0.427061	0.3359	0.3983	0.1680	0.0450	0.3639	0.1022	0.4099
000579	M	0.287515	0.472941	0.404614	0.3359	0.3087	0.1970	0.0600	0.3344	0.0875	0.4098
000580	T	0.254672	0.465644	0.382872	0.3578	0.3356	0.2310	0.0710	0.3380	0.0786	0.4154
000581	N	0.210497	0.453531	0.362260	0.2602	0.2817	0.2540	0.0910	0.3037	0.0811	0.4193
000582	N	0.170844	0.429691	0.343181	0.3096	0.3392	0.2520	0.0830	0.3075	0.0806	0.4207
000583	H	0.128713	0.414647	0.323374	0.3053	0.3356	0.2310	0.0670	0.2898	0.0898	0.4192
000584	I	0.090995	0.411389	0.302640	0.2865	0.2399	0.2330	0.0400	0.2607	0.0959	0.4198
000585	Y	0.090834	0.392911	0.282267	0.2483	0.2783	0.2330	0.0410	0.2543	0.0892	0.4208
000586	S	0.099154	0.392044	0.263814	0.1667	0.2752	0.2430	0.0600	0.2399	0.0914	0.4258
000587	N	0.091192	0.390020	0.247579	0.1698	0.2470	0.2520	0.0770	0.2330	0.0909	0.4310
000588	K	0.069818	0.374278	0.231293	0.2602	0.3321	0.2340	0.0720	0.2503	0.0961	0.4328
000589	G	0.063938	0.332719	0.214674	0.2209	0.3460	0.1830	0.0680	0.2268	0.0949	0.4333
000590	Y	0.061076	0.308490	0.200154	0.2602	0.2849	0.1700	0.0820	0.2142	0.0833	0.4317
000591	G	0.059841	0.294806	0.187319	0.2820	0.1969	0.1640	0.0930	0.1974	0.0783	0.4252
000592	V	0.059158	0.262474	0.175516	0.1921	0.1298	0.1900	0.1090	0.1682	0.0624	0.4134
000593	S	0.062864	0.234606	0.162595	0.1266	0.0909	0.1920	0.0950	0.1450	0.0586	0.4038
000594	I	0.069939	0.219295	0.149508	0.0771	0.0734	0.2160	0.0960	0.1342	0.0648	0.3944
000595	L	0.105260	0.197115	0.137917	0.0884	0.1275	0.2080	0.0940	0.1441	0.0445	0.3844
000596	Q	0.154525	0.175253	0.130681	0.1240	0.2034	0.2100	0.0970	0.1663	0.0330	0.3794
000597	P	0.215735	0.169358	0.129904	0.1240	0.1791	0.1980	0.0900	0.1693	0.0333	0.3739
000598	M	0.288380	0.179476	0.135096	0.1266	0.1184	0.1990	0.0700	0.1744	0.0585	0.3690
000599	E	0.363756	0.178765	0.144831	0.0991	0.1275	0.1750	0.0540	0.1815	0.0859	0.3659
000600	Q	0.439115	0.177919	0.157154	0.0607	0.1298	0.1550	0.0480	0.1866	0.1189	0.3618
000601	F	0.512354	0.164574	0.170996	0.1088	0.2002	0.1530	0.0510	0.2182	0.1343	0.3582
000602	F	0.574476	0.180880	0.184693	0.1060	0.1823	0.1560	0.0530	0.2307	0.1561	0.3598
000603	I	0.637245	0.189594	0.198146	0.1566	0.2328	0.1630	0.0570	0.2629	0.1693	0.3703
000604	V	0.662107	0.214854	0.210703	0.1266	0.2328	0.1680	0.0630	0.2691	0.1792	0.3820
000605	A	0.664824	0.261523	0.223224	0.1878	0.3053	0.1670	0.0730	0.3016	0.1687	0.3966
000606	E	0.648740	0.303602	0.236180	0.2602	0.3840	0.1740	0.0820	0.3344	0.1545	0.4112
000607	E	0.620753	0.351245	0.250993	0.2432	0.3774	0.2060	0.0970	0.3416	0.1388	0.4209
000608	A	0.639989	0.413929	0.266851	0.2255	0.3494	0.2760	0.1250	0.3620	0.1385	0.4294
000609	L	0.672264	0.472422	0.283827	0.2531	0.3872	0.3310	0.1360	0.4000	0.1410	0.4299
000610	N	0.698806	0.543239	0.301510	0.2483	0.3840	0.3700	0.1270	0.4243	0.1528	0.4192
000611	K	0.711084	0.586961	0.320172	0.2483	0.3774	0.3860	0.1370	0.4383	0.1597	0.4089
000612	R	0.734390	0.649519	0.340033	0.3399	0.4369	0.4650	0.1550	0.4942	0.1492	0.3994
000613	A	0.764574	0.687772	0.360829	0.4203	0.4582	0.4920	0.1460	0.5306	0.1456	0.3930
000614	S	0.808666	0.711948	0.382649	0.4703	0.4441	0.4920	0.1200	0.5516	0.1539	0.3929
000615	S	0.860653	0.694071	0.404248	0.4600	0.5017	0.4470	0.0780	0.5613	0.1627	0.3962
000616	G	0.917330	0.682211	0.423691	0.4116	0.4725	0.4060	0.0770	0.5523	0.1889	0.3993
000617	D	0.919835	0.693040	0.439934	0.4078	0.4220	0.3890	0.0820	0.5452	0.1966	0.4046
000618	K	0.894175	0.720628	0.453750	0.3399	0.4186	0.3790	0.0820	0.5344	0.2024	0.4119
000619	K	0.788175	0.732205	0.467169	0.3630	0.4619	0.3220	0.0800	0.5224	0.1765	0.4176
000620	D	0.695349	0.733568	0.481091	0.4556	0.4619	0.2770	0.0670	0.5174	0.1552	0.4227
000621	D	0.589599	0.693998	0.492719	0.4513	0.4652	0.2270	0.0560	0.4866	0.1432	0.4308
000622	K	0.484770	0.644984	0.503086	0.3885	0.3948	0.1680	0.0480	0.4306	0.1451	0.4298
000623	M	0.390223	0.601964	0.510994	0.3992	0.3983	0.1490	0.0440	0.4082	0.1390	0.4225
000624	L	0.293508	0.535756	0.517966	0.3630	0.3910	0.1380	0.0360	0.3732	0.1351	0.4184
000625	F	0.192580	0.505542	0.522979	0.3535	0.4051	0.1370	0.0320	0.3528	0.1456	0.4162
000626	K	0.096186	0.502474	0.526284	0.3311	0.4149	0.1570	0.0340	0.3380	0.1631	0.4188
000627	V	0.015490	0.480061	0.527292	0.3359	0.4330	0.1780	0.0350	0.3284	0.1798	0.4206
000628	M	0.014343	0.480637	0.525739	0.3311	0.4256	0.1890	0.0430	0.3278	0.1778	0.4241
000629	Q	0.012928	0.472979	0.522803	0.3359	0.3494	0.2170	0.0670	0.3185	0.1686	0.4307
000630	N	0.011926	0.475382	0.521104	0.3359	0.3566	0.2570	0.0850	0.3263	0.1657	0.4320
000631	L	0.010309	0.484191	0.519393	0.2432	0.3215	0.2800	0.0840	0.3097	0.1681	0.4283
000632	N	0.010470	0.520617	0.518329	0.2333	0.3249	0.2910	0.0800	0.3164	0.1750	0.4240
000633	L	0.037230	0.555536	0.516738	0.1998	0.2752	0.3170	0.0760	0.3169	0.1782	0.4209
000634	E	0.061240	0.582746	0.515980	0.2292	0.3087	0.3080	0.0860	0.3343	0.1740	0.4178
000635	M	0.121908	0.588518	0.515292	0.2333	0.3704	0.3730	0.1270	0.3671	0.1576	0.4165
000636	N	0.159189	0.587842	0.515263	0.3184	0.4652	0.3830	0.1500	0.4049	0.1400	0.4135
000637	N	0.208052	0.589064	0.514671	0.3146	0.3840	0.4210	0.1510	0.4052	0.1249	0.4111
000638	N	0.266744	0.581771	0.513413	0.3762	0.4541	0.4530	0.1440	0.4408	0.0999	0.4096
000639	K	0.318983	0.572791	0.510930	0.2913	0.4119	0.4550	0.1390	0.4268	0.0995	0.4097
000640	I	0.381563	0.563552	0.507992	0.2865	0.3494	0.4390	0.1240	0.4214	0.0940	0.4110
000641	E	0.413143	0.549454	0.504141	0.1998	0.3392	0.3820	0.1180	0.3979	0.1136	0.4127
000642	A	0.424614	0.523122	0.499090	0.2080	0.4087	0.4050	0.1450	0.4114	0.1015	0.4147
000643	N	0.421900	0.499432	0.492867	0.2041	0.3910	0.4200	0.1460	0.4048	0.0981	0.4165
000644	V	0.382076	0.482919	0.485038	0.2820	0.4476	0.6250	0.1000	0.4508	0.1048	0.4187
000645	K	0.362831	0.460921	0.475291	0.3263	0.4186	0.6250	0.1150	0.4449	0.0959	0.4210
000646	G	0.339059	0.449523	0.464167	0.3885	0.4409	0.6690	0.0560	0.4585	0.1031	0.4233
000647	D	0.291514	0.462260	0.454106	0.4282	0.4051	0.6850	0.0760	0.4544	0.1176	0.4288
000648	I	0.242963	0.479799	0.445803	0.4703	0.3704	0.7120	0.1380	0.4536	0.1410	0.4309
000649	R	0.182007	0.518546	0.438439	0.5084	0.3286	0.6920	0.1390	0.4446	0.1598	0.4270
000650	I	0.230058	0.590052	0.430427	0.5514	0.2951	0.7750	0.1340	0.4786	0.1840	0.4230
000651	V	0.123365	0.651232	0.421475	0.6715	0.3807	0.7990	0.1160	0.5078	0.2249	0.4194
000652	T	0.051259	0.677814	0.412390	0.7111	0.3356	0.8030	0.0940	0.4986	0.2595	0.4163
000653	S	0.019224	0.743106	0.407825	0.7817	0.3460	0.8240	0.1140	0.5202	0.2898	0.4131