RESNUM	RES	VL-XT	VSL2B	VL3	IUPred-S	IUPred-L	PONDRFIT	FITERROR	MDP	MDPERROR	ANCHOR2
000001	M	0.982128	0.799508	0.458469	0.9257	0.5901	0.9460	0.0790	0.7837	0.1955	0.5495
000002	G	0.963188	0.757758	0.464309	0.8391	0.5296	0.9830	0.0090	0.7562	0.1991	0.5421
000003	K	0.865362	0.711952	0.474572	0.8118	0.5342	0.9790	0.0140	0.7294	0.1783	0.5367
000004	E	0.884741	0.684353	0.484971	0.7147	0.4864	0.9650	0.0210	0.7034	0.1811	0.5331
000005	P	0.780114	0.598961	0.495273	0.6604	0.5139	0.9550	0.0190	0.6673	0.1599	0.5342
000006	L	0.711097	0.526910	0.507746	0.5549	0.5382	0.9200	0.0180	0.6265	0.1474	0.5329
000007	T	0.634398	0.477683	0.521019	0.5173	0.4901	0.8510	0.0570	0.5819	0.1305	0.5231
000008	L	0.564458	0.453181	0.531729	0.4749	0.4220	0.7920	0.1100	0.5397	0.1224	0.5202
000009	K	0.487839	0.423541	0.539428	0.3668	0.4725	0.7240	0.0790	0.5023	0.1126	0.5168
000010	S	0.435250	0.416969	0.544599	0.2531	0.4979	0.5040	0.1560	0.4419	0.0947	0.5140
000011	I	0.393176	0.423098	0.550196	0.2385	0.5139	0.4760	0.1690	0.4324	0.1013	0.5112
000012	Q	0.337312	0.433107	0.555638	0.2748	0.5176	0.3730	0.1320	0.4152	0.0984	0.5092
000013	V	0.302336	0.419565	0.561955	0.2820	0.5139	0.3350	0.1060	0.4025	0.1058	0.5128
000014	A	0.266737	0.391248	0.567772	0.2531	0.4979	0.3270	0.1090	0.3840	0.1161	0.5125
000015	V	0.252595	0.419592	0.571948	0.2531	0.4476	0.2970	0.0860	0.3737	0.1168	0.5127
000016	E	0.286924	0.440626	0.574896	0.1958	0.4256	0.2940	0.0980	0.3697	0.1245	0.5126
000017	E	0.305532	0.454419	0.577790	0.2080	0.4292	0.3140	0.1140	0.3815	0.1201	0.5165
000018	L	0.346495	0.460296	0.582722	0.2080	0.4149	0.3740	0.1430	0.3977	0.1137	0.5334
000019	Y	0.372721	0.478419	0.588639	0.2167	0.4801	0.3830	0.1520	0.4200	0.1158	0.5414
000020	P	0.412444	0.483596	0.597183	0.1921	0.4940	0.3330	0.1380	0.4187	0.1294	0.5455
000021	N	0.480557	0.493436	0.608167	0.1958	0.4940	0.3400	0.1410	0.4352	0.1325	0.5524
000022	K	0.546534	0.501440	0.621545	0.2865	0.5577	0.3160	0.1440	0.4715	0.1258	0.5590
000023	A	0.630812	0.517111	0.636716	0.2748	0.5296	0.3590	0.1630	0.4914	0.1336	0.5665
000024	R	0.709667	0.515655	0.654121	0.3399	0.6136	0.3820	0.1840	0.5357	0.1371	0.5737
000025	A	0.749836	0.526149	0.673067	0.3359	0.6269	0.4130	0.1800	0.5541	0.1450	0.5831
000026	L	0.815068	0.544235	0.693650	0.4333	0.7163	0.4220	0.1630	0.6041	0.1478	0.5894
000027	T	0.861794	0.566898	0.713885	0.4379	0.7120	0.4200	0.1530	0.6187	0.1590	0.5867
000028	L	0.898162	0.605673	0.733642	0.4651	0.6375	0.4750	0.1400	0.6358	0.1496	0.5821
000029	A	0.928408	0.639306	0.751852	0.5331	0.6991	0.4910	0.1450	0.6738	0.1448	0.5705
000030	Q	0.913844	0.673416	0.768521	0.5514	0.7881	0.5350	0.1550	0.7051	0.1341	0.5615
000031	H	0.850372	0.702233	0.783495	0.5296	0.7505	0.5990	0.1430	0.7025	0.1091	0.5579
000032	S	0.796515	0.727536	0.796057	0.5229	0.6755	0.6120	0.1340	0.6884	0.0985	0.5489
000033	R	0.752998	0.743973	0.806709	0.5229	0.5807	0.6860	0.1090	0.6823	0.1000	0.5468
000034	A	0.696608	0.757650	0.817029	0.5084	0.5951	0.7070	0.1270	0.6803	0.1020	0.5498
000035	P	0.690062	0.771582	0.827034	0.4379	0.5951	0.6560	0.1700	0.6630	0.1257	0.5545
000036	S	0.684939	0.786377	0.836444	0.4703	0.5901	0.6480	0.1760	0.6694	0.1212	0.5586
000037	P	0.683497	0.788544	0.843401	0.5412	0.5901	0.6490	0.1730	0.6826	0.1055	0.5667
000038	R	0.684100	0.782973	0.848743	0.5229	0.5807	0.6920	0.1750	0.6853	0.1108	0.5858
000039	L	0.723904	0.772806	0.855249	0.5374	0.6531	0.6700	0.1850	0.7020	0.0996	0.6039
000040	R	0.803341	0.768820	0.863185	0.5667	0.6755	0.6300	0.1910	0.7179	0.1028	0.6153
000041	S	0.863127	0.752962	0.872198	0.5549	0.6755	0.6280	0.1680	0.7244	0.1172	0.6252
000042	R	0.909272	0.768576	0.880258	0.5473	0.6576	0.6640	0.1790	0.7378	0.1283	0.6359
000043	L	0.968025	0.764743	0.886200	0.5514	0.5342	0.6960	0.1970	0.7334	0.1600	0.6486
000044	F	0.965723	0.791406	0.890285	0.5549	0.5419	0.6990	0.1850	0.7405	0.1588	0.6447
000045	S	0.932197	0.796248	0.893408	0.4600	0.5577	0.6840	0.1800	0.7207	0.1713	0.6286
000046	K	0.904006	0.817012	0.898650	0.4282	0.5296	0.6810	0.1740	0.7098	0.1814	0.6112
000047	A	0.889700	0.825069	0.903118	0.4203	0.5296	0.6850	0.1580	0.7087	0.1825	0.5943
000048	L	0.873977	0.828580	0.906583	0.3939	0.5055	0.7240	0.1530	0.7055	0.1921	0.5683
000049	K	0.783221	0.822713	0.908486	0.3847	0.5382	0.6870	0.1410	0.6874	0.1781	0.5265
000050	G	0.704942	0.846786	0.910948	0.4379	0.5992	0.6390	0.1260	0.6898	0.1571	0.4848
000051	D	0.679084	0.847084	0.911762	0.4556	0.6043	0.6050	0.1180	0.6838	0.1545	0.4494
000052	H	0.647652	0.852243	0.911222	0.4556	0.4979	0.6050	0.1210	0.6615	0.1690	0.4149
000053	R	0.629634	0.849695	0.910315	0.4513	0.4979	0.6250	0.1350	0.6606	0.1686	0.3667
000054	C	0.642838	0.857964	0.910327	0.3762	0.5577	0.6040	0.1530	0.6582	0.1809	0.3205
000055	G	0.640310	0.857737	0.909538	0.4458	0.5951	0.5300	0.1480	0.6630	0.1677	0.2907
000056	E	0.623897	0.861630	0.907839	0.4458	0.5807	0.5250	0.1290	0.6575	0.1702	0.2756
000057	T	0.606463	0.865823	0.905504	0.3939	0.5901	0.5400	0.1390	0.6503	0.1803	0.2725
000058	E	0.649875	0.865715	0.903659	0.3992	0.4979	0.5980	0.1490	0.6524	0.1824	0.2724
000059	T	0.688689	0.865572	0.900340	0.4513	0.5533	0.5710	0.1620	0.6716	0.1648	0.2773
000060	P	0.675486	0.860729	0.895773	0.3311	0.5419	0.5120	0.1530	0.6362	0.1986	0.2903
000061	K	0.675525	0.854690	0.889950	0.3311	0.5254	0.5410	0.1370	0.6362	0.1950	0.3093
000062	S	0.667650	0.850246	0.884755	0.3184	0.5139	0.5700	0.1290	0.6341	0.1953	0.3319
000063	C	0.610941	0.844808	0.880297	0.3005	0.4901	0.5290	0.1290	0.6092	0.2021	0.3631
000064	S	0.545619	0.839326	0.873879	0.2865	0.5055	0.4490	0.1310	0.5833	0.2096	0.4054
000065	E	0.481254	0.820351	0.865294	0.4078	0.6322	0.3790	0.1220	0.5977	0.1913	0.4531
000066	V	0.425103	0.805039	0.853529	0.4037	0.6322	0.3940	0.1030	0.5855	0.1905	0.5046
000067	A	0.375244	0.795738	0.841129	0.4149	0.6227	0.3920	0.1030	0.5736	0.1919	0.5453
000068	G	0.378897	0.781476	0.829682	0.4203	0.5419	0.4050	0.1030	0.5596	0.1818	0.5727
000069	C	0.372019	0.777951	0.819827	0.4149	0.5758	0.3950	0.1020	0.5593	0.1821	0.6063
000070	K	0.375356	0.760417	0.811258	0.3806	0.5758	0.3680	0.0960	0.5452	0.1851	0.6441
000071	A	0.370985	0.750452	0.804491	0.3762	0.5419	0.4210	0.0990	0.5442	0.1750	0.6753
000072	A	0.403180	0.751215	0.800097	0.3762	0.4864	0.5040	0.0970	0.5536	0.1637	0.6916
000073	M	0.471021	0.755576	0.798131	0.3668	0.4864	0.5740	0.1040	0.5753	0.1551	0.7059
000074	R	0.547810	0.776851	0.799078	0.4513	0.5296	0.5950	0.1180	0.6166	0.1285	0.7020
000075	H	0.616745	0.802473	0.801142	0.4513	0.5342	0.6030	0.1170	0.6348	0.1297	0.7065
000076	Q	0.710065	0.810560	0.804541	0.4116	0.5382	0.6340	0.1120	0.6514	0.1431	0.7058
000077	G	0.710870	0.817078	0.806897	0.4600	0.5854	0.6900	0.0970	0.6784	0.1247	0.7011
000078	K	0.722905	0.826679	0.810460	0.4879	0.5807	0.7080	0.1100	0.6895	0.1207	0.6988
000079	I	0.747641	0.837730	0.813687	0.4825	0.5707	0.7700	0.1330	0.7037	0.1310	0.7095
000080	P	0.787641	0.842112	0.816200	0.5846	0.6948	0.7500	0.1230	0.7459	0.0862	0.6986
000081	E	0.838385	0.846423	0.817569	0.5846	0.7120	0.7760	0.1390	0.7625	0.0915	0.6804
000082	E	0.867489	0.851113	0.819679	0.6035	0.7209	0.7910	0.1250	0.7756	0.0903	0.6695
000083	L	0.887272	0.856504	0.822113	0.6374	0.7289	0.8040	0.1150	0.7894	0.0838	0.6736
000084	S	0.907716	0.857820	0.824185	0.6412	0.6227	0.7990	0.1150	0.7755	0.1069	0.6541
000085	L	0.915030	0.863496	0.825375	0.6442	0.6375	0.8100	0.1120	0.7826	0.1056	0.6615
000086	D	0.953138	0.868521	0.826501	0.5667	0.6136	0.8010	0.1240	0.7715	0.1373	0.6375
000087	D	0.990658	0.872019	0.827694	0.5762	0.6089	0.8030	0.1200	0.7798	0.1452	0.6163
000088	R	0.997747	0.875658	0.828796	0.5667	0.5992	0.8060	0.1280	0.7790	0.1516	0.5970
000089	A	0.997757	0.877888	0.829516	0.5900	0.5017	0.8260	0.1210	0.7705	0.1706	0.5811
000090	R	0.998636	0.882334	0.831690	0.6219	0.5707	0.8290	0.1180	0.7890	0.1481	0.5606
000091	T	0.999194	0.887050	0.835524	0.5253	0.5707	0.8400	0.1180	0.7764	0.1707	0.5560
000092	Q	0.999198	0.893241	0.841163	0.5253	0.5707	0.8290	0.1150	0.7764	0.1711	0.5525
000093	K	0.998986	0.899100	0.846287	0.5514	0.6043	0.8330	0.1210	0.7889	0.1592	0.5362
000094	K	0.998773	0.903004	0.850452	0.5846	0.6755	0.8300	0.1250	0.8070	0.1385	0.5180
000095	W	0.998676	0.903633	0.855947	0.6079	0.6712	0.8300	0.1200	0.8112	0.1335	0.5264
000096	G	0.998572	0.907913	0.863132	0.6442	0.7331	0.7830	0.1400	0.8217	0.1164	0.4976
000097	R	0.998334	0.915546	0.873216	0.6442	0.7628	0.7820	0.1300	0.8294	0.1146	0.4816
000098	G	0.998099	0.927063	0.883857	0.6374	0.7916	0.7800	0.1290	0.8364	0.1165	0.4717
000099	K	0.997748	0.933159	0.893835	0.6650	0.7881	0.8010	0.1210	0.8465	0.1088	0.4583
000100	W	0.996291	0.944038	0.902650	0.6984	0.8013	0.8150	0.1130	0.8597	0.0992	0.4451
000101	E	0.988160	0.951936	0.910298	0.6944	0.7982	0.8090	0.1100	0.8587	0.1010	0.4004
000102	P	0.975357	0.958939	0.916467	0.6870	0.7982	0.7990	0.1100	0.8558	0.1030	0.3745
000103	E	0.967075	0.962397	0.920338	0.6681	0.7369	0.8080	0.1030	0.8437	0.1146	0.3508
000104	P	0.953529	0.963883	0.922128	0.6756	0.7415	0.7950	0.1070	0.8420	0.1108	0.3550
000105	S	0.939742	0.964546	0.923529	0.6412	0.7459	0.7930	0.1130	0.8346	0.1175	0.3514
000106	S	0.925400	0.964929	0.925255	0.7079	0.8375	0.7800	0.1230	0.8568	0.0909	0.3361
000107	K	0.910703	0.964887	0.927183	0.6906	0.8462	0.7720	0.1280	0.8519	0.0952	0.3298
000108	P	0.896034	0.965084	0.929224	0.6906	0.8462	0.7720	0.1200	0.8498	0.0942	0.3346
000109	P	0.884144	0.964090	0.931223	0.6715	0.8343	0.7820	0.1170	0.8445	0.0978	0.3439
000110	R	0.880790	0.964823	0.933294	0.6650	0.8462	0.7860	0.1200	0.8459	0.0995	0.3472
000111	E	0.881902	0.964199	0.935074	0.7232	0.9126	0.7650	0.1200	0.8637	0.0889	0.3571
000112	A	0.878408	0.961873	0.936228	0.7317	0.9106	0.7730	0.1340	0.8653	0.0846	0.3888
000113	T	0.879874	0.960321	0.936668	0.7034	0.8991	0.7840	0.1320	0.8606	0.0896	0.3944
000114	L	0.876541	0.960662	0.936852	0.6984	0.8681	0.8000	0.1380	0.8568	0.0875	0.4035
000115	E	0.872972	0.960642	0.937014	0.6756	0.8493	0.7880	0.1600	0.8473	0.0953	0.3917
000116	E	0.869476	0.960793	0.936966	0.6412	0.8162	0.7830	0.1720	0.8346	0.1065	0.3951
000117	R	0.864681	0.959387	0.936835	0.6474	0.8125	0.7870	0.1760	0.8346	0.1039	0.4213
000118	H	0.858457	0.957624	0.936576	0.6124	0.7718	0.8040	0.1710	0.8235	0.1152	0.4534
000119	A	0.850890	0.956334	0.936346	0.5762	0.7369	0.8080	0.1720	0.8108	0.1285	0.4864
000120	R	0.843960	0.956337	0.936226	0.5043	0.7036	0.8220	0.1570	0.7945	0.1538	0.4986
000121	G	0.837702	0.955788	0.936231	0.5084	0.7163	0.8210	0.1500	0.7959	0.1509	0.5209
000122	E	0.831222	0.953497	0.936354	0.5043	0.7163	0.8190	0.1440	0.7935	0.1515	0.5361
000123	K	0.828921	0.952763	0.935930	0.5173	0.7369	0.8260	0.1380	0.7996	0.1456	0.5584
000124	H	0.827659	0.950428	0.935594	0.5229	0.7289	0.8310	0.1330	0.7995	0.1441	0.5967
000125	L	0.825027	0.950346	0.935202	0.5623	0.7369	0.8330	0.1290	0.8071	0.1309	0.6192
000126	G	0.823960	0.952808	0.935156	0.5667	0.6851	0.8230	0.1240	0.7977	0.1356	0.6401
000127	V	0.801212	0.952052	0.934914	0.5126	0.6712	0.8080	0.1290	0.7800	0.1518	0.6607
000128	E	0.762617	0.952234	0.934190	0.4749	0.5577	0.7920	0.1290	0.7457	0.1776	0.6515
000129	I	0.685588	0.951352	0.933077	0.4600	0.5493	0.7930	0.1370	0.7287	0.1833	0.6503
000130	E	0.681570	0.950127	0.931779	0.3885	0.5533	0.7600	0.1410	0.7108	0.1992	0.6239
000131	K	0.677800	0.951822	0.930499	0.3992	0.4582	0.7650	0.1450	0.6971	0.2122	0.6108
000132	T	0.689678	0.950835	0.929478	0.3847	0.4476	0.7660	0.1380	0.6948	0.2172	0.5918
000133	S	0.696475	0.951160	0.928593	0.3096	0.4441	0.7570	0.1310	0.6812	0.2361	0.5716
000134	G	0.704707	0.948649	0.928559	0.3053	0.4476	0.7370	0.1260	0.6787	0.2353	0.5402
000135	E	0.717824	0.946105	0.928799	0.2913	0.4292	0.7130	0.1280	0.6710	0.2411	0.4985
000136	I	0.752669	0.940985	0.928075	0.3311	0.4766	0.7310	0.1270	0.6933	0.2234	0.4692
000137	I	0.806995	0.936117	0.926073	0.3146	0.4292	0.7600	0.1110	0.6956	0.2393	0.4255
000138	R	0.888157	0.935798	0.922490	0.3578	0.4766	0.7690	0.1070	0.7250	0.2268	0.3760
000139	C	0.893942	0.932549	0.918780	0.3005	0.4901	0.7930	0.1140	0.7216	0.2412	0.3456
000140	E	0.906606	0.932448	0.914851	0.3535	0.5419	0.7350	0.1120	0.7308	0.2174	0.3085
000141	K	0.900994	0.929251	0.911391	0.3630	0.4940	0.7360	0.0950	0.7224	0.2206	0.2924
000142	C	0.911158	0.913195	0.908287	0.3762	0.5017	0.7430	0.0870	0.7255	0.2143	0.2890
000143	K	0.921523	0.919918	0.905826	0.3096	0.4901	0.7260	0.0920	0.7122	0.2367	0.2879
000144	R	0.926933	0.914801	0.903911	0.3053	0.4940	0.7360	0.1050	0.7135	0.2372	0.2895
000145	E	0.924645	0.926182	0.902626	0.2865	0.4801	0.7330	0.1020	0.7088	0.2458	0.2940
000146	R	0.918867	0.926300	0.901495	0.2963	0.4409	0.7540	0.0950	0.7062	0.2492	0.3022
000147	E	0.927965	0.920925	0.900712	0.3456	0.4831	0.7620	0.0970	0.7234	0.2289	0.3193
000148	L	0.925202	0.912063	0.899730	0.3399	0.4831	0.7690	0.0990	0.7214	0.2289	0.3537
000149	Q	0.918978	0.921242	0.898616	0.3630	0.4940	0.7600	0.0880	0.7259	0.2206	0.3872
000150	Q	0.911841	0.924147	0.897268	0.3806	0.6089	0.7730	0.0770	0.7493	0.1979	0.4202
000151	S	0.895497	0.923937	0.895863	0.3847	0.6089	0.8060	0.0660	0.7524	0.1954	0.4576
000152	L	0.875288	0.924290	0.894413	0.3939	0.6183	0.8150	0.0630	0.7535	0.1894	0.4901
000153	E	0.858189	0.920282	0.892872	0.4825	0.6806	0.8100	0.0770	0.7741	0.1515	0.4967
000154	R	0.847640	0.918741	0.891371	0.4879	0.6991	0.8430	0.0860	0.7813	0.1484	0.5160
000155	E	0.837969	0.921588	0.890023	0.4513	0.7036	0.8380	0.1000	0.7738	0.1594	0.5371
000156	R	0.825983	0.922529	0.888665	0.4458	0.7120	0.8660	0.0960	0.7769	0.1622	0.5737
000157	L	0.827564	0.919745	0.887455	0.4458	0.7120	0.8730	0.1010	0.7776	0.1624	0.6121
000158	S	0.822568	0.921944	0.886534	0.4556	0.7163	0.8680	0.1050	0.7785	0.1583	0.6271
000159	L	0.822486	0.914296	0.886145	0.5173	0.7982	0.8610	0.1150	0.7999	0.1320	0.6396
000160	G	0.813365	0.914522	0.886105	0.5173	0.7881	0.8670	0.1080	0.7977	0.1324	0.6434
000161	T	0.813135	0.913024	0.885981	0.5412	0.7036	0.8800	0.0980	0.7895	0.1306	0.6612
000162	S	0.799525	0.908592	0.884690	0.5296	0.7080	0.8870	0.0990	0.7863	0.1336	0.6899
000163	E	0.743128	0.906530	0.882038	0.5253	0.7163	0.8810	0.1080	0.7757	0.1334	0.7176
000164	L	0.688659	0.898537	0.878663	0.5331	0.7163	0.8770	0.1110	0.7654	0.1325	0.7687
000165	D	0.666279	0.896146	0.875227	0.4967	0.7163	0.8760	0.1070	0.7544	0.1444	0.7945
000166	M	0.649422	0.891333	0.872113	0.5008	0.6576	0.8810	0.1080	0.7420	0.1485	0.8185
000167	G	0.650819	0.891040	0.869279	0.5043	0.6183	0.8760	0.1080	0.7350	0.1507	0.8281
000168	K	0.653137	0.885209	0.866928	0.5253	0.6620	0.8720	0.1040	0.7440	0.1379	0.8421
000169	G	0.653558	0.879206	0.865986	0.4879	0.6661	0.8610	0.1190	0.7356	0.1450	0.8633
000170	P	0.663861	0.878382	0.866043	0.5374	0.7080	0.8520	0.1280	0.7510	0.1257	0.8825
000171	M	0.696026	0.874646	0.867321	0.5374	0.7080	0.8630	0.1220	0.7578	0.1236	0.9031
000172	Y	0.771818	0.875325	0.868879	0.5296	0.6089	0.8710	0.1150	0.7542	0.1374	0.9073
000173	D	0.844299	0.874202	0.870319	0.5229	0.5951	0.8620	0.1190	0.7615	0.1450	0.9000
000174	V	0.882524	0.876041	0.871504	0.4825	0.5807	0.8600	0.1180	0.7588	0.1633	0.8916
000175	E	0.880199	0.877119	0.872022	0.5253	0.6427	0.8340	0.1150	0.7720	0.1380	0.8658
000176	K	0.861873	0.877397	0.872211	0.5229	0.6712	0.8270	0.1080	0.7720	0.1319	0.8509
000177	L	0.842005	0.877331	0.872547	0.5296	0.6712	0.8520	0.1010	0.7741	0.1300	0.8372
000178	V	0.831268	0.877938	0.873282	0.5374	0.6531	0.8380	0.1080	0.7685	0.1281	0.8048
000179	R	0.815769	0.882579	0.874863	0.5374	0.6755	0.8130	0.1090	0.7666	0.1229	0.7514
000180	T	0.795276	0.887925	0.877037	0.5253	0.7036	0.8000	0.0970	0.7649	0.1232	0.6859
000181	R	0.779632	0.891433	0.879365	0.4967	0.6576	0.7980	0.1040	0.7504	0.1370	0.6116
000182	S	0.763800	0.890649	0.881508	0.5229	0.6576	0.7880	0.1050	0.7508	0.1284	0.5517
000183	C	0.732089	0.898262	0.883340	0.5711	0.7369	0.7930	0.1090	0.7692	0.1095	0.5151
000184	R	0.709742	0.899604	0.885072	0.5623	0.7331	0.7920	0.1070	0.7637	0.1143	0.5008
000185	R	0.734120	0.904379	0.887131	0.6219	0.7718	0.7770	0.1050	0.7827	0.0949	0.4861
000186	S	0.754128	0.910336	0.888942	0.6079	0.7799	0.7820	0.0980	0.7871	0.0990	0.4907
000187	P	0.771822	0.914651	0.891172	0.6035	0.6806	0.7780	0.0960	0.7733	0.1090	0.4845
000188	E	0.782572	0.919661	0.893335	0.6442	0.7250	0.7820	0.1030	0.7911	0.0941	0.4846
000189	A	0.783080	0.922032	0.895461	0.5941	0.7755	0.7920	0.1040	0.7938	0.1058	0.5210
000190	N	0.782106	0.925525	0.897219	0.6079	0.7916	0.7900	0.1020	0.7991	0.1021	0.5523
000191	P	0.783469	0.928599	0.898720	0.6174	0.7881	0.8020	0.1020	0.8031	0.1000	0.5882
000192	A	0.804549	0.931648	0.900541	0.6255	0.8162	0.8160	0.1080	0.8158	0.0974	0.6209
000193	S	0.852463	0.935363	0.903560	0.6255	0.8050	0.8210	0.1150	0.8238	0.0994	0.6318
000194	G	0.850891	0.941544	0.907684	0.6789	0.8741	0.8270	0.1140	0.8466	0.0837	0.6368
000195	E	0.853070	0.948922	0.912511	0.6789	0.8828	0.8330	0.1150	0.8516	0.0859	0.6378
000196	E	0.863019	0.954402	0.916999	0.6870	0.9081	0.8370	0.1130	0.8611	0.0865	0.6516
000197	G	0.869848	0.959949	0.921023	0.6906	0.9013	0.8430	0.1160	0.8642	0.0860	0.6744
000198	W	0.875688	0.963974	0.925081	0.6944	0.8872	0.8510	0.1220	0.8663	0.0849	0.6927
000199	K	0.878210	0.970063	0.929171	0.6906	0.9081	0.8430	0.1280	0.8699	0.0894	0.6819
000200	G	0.875641	0.975848	0.932935	0.7079	0.9151	0.8480	0.1260	0.8758	0.0854	0.6705
000201	D	0.867898	0.978892	0.935906	0.7275	0.9151	0.8560	0.1220	0.8803	0.0797	0.6649
000202	S	0.869977	0.981278	0.938041	0.7147	0.8966	0.8600	0.1220	0.8768	0.0833	0.6553
000203	H	0.883872	0.983377	0.939858	0.7540	0.8681	0.8680	0.1190	0.8829	0.0712	0.6351
000204	R	0.898562	0.984926	0.941982	0.7501	0.8623	0.8780	0.1140	0.8860	0.0732	0.6358
000205	S	0.909173	0.986759	0.944393	0.7342	0.8493	0.8800	0.1090	0.8840	0.0801	0.6411
000206	S	0.915202	0.988035	0.947482	0.7418	0.8765	0.8860	0.1010	0.8925	0.0771	0.6379
000207	P	0.925332	0.989955	0.950797	0.7501	0.8792	0.8870	0.1000	0.8971	0.0756	0.6218
000208	R	0.935431	0.991824	0.953923	0.7688	0.8681	0.8950	0.0980	0.9022	0.0717	0.5969
000209	N	0.953122	0.992612	0.956379	0.8521	0.9287	0.8990	0.0940	0.9304	0.0450	0.5752
000210	P	0.973282	0.993648	0.957819	0.8457	0.9329	0.8980	0.0910	0.9335	0.0496	0.5828
000211	T	0.982394	0.994104	0.958385	0.8424	0.9287	0.8980	0.0900	0.9341	0.0520	0.6191
000212	Q	0.983649	0.994204	0.958167	0.8457	0.9249	0.8940	0.0980	0.9335	0.0518	0.6607
000213	E	0.984836	0.994175	0.957425	0.8457	0.9190	0.8870	0.1070	0.9313	0.0532	0.6929
000214	L	0.984962	0.993726	0.956483	0.8424	0.9106	0.8920	0.1020	0.9300	0.0537	0.7367
000215	R	0.989490	0.993046	0.955527	0.8424	0.9168	0.8880	0.1060	0.9309	0.0544	0.7275
000216	R	0.993900	0.992234	0.954547	0.8391	0.9106	0.8880	0.1080	0.9297	0.0562	0.7235
000217	P	0.998446	0.991228	0.953730	0.8424	0.9126	0.8850	0.1090	0.9306	0.0562	0.7280
000218	S	0.998156	0.990135	0.952701	0.8283	0.9126	0.8860	0.1100	0.9279	0.0597	0.7355
000219	K	0.996634	0.988712	0.951620	0.8391	0.9168	0.8780	0.1130	0.9285	0.0570	0.7413
000220	S	0.996335	0.987890	0.950719	0.8556	0.9126	0.8770	0.1140	0.9300	0.0530	0.7436
000221	M	0.996022	0.987132	0.950099	0.8350	0.9013	0.8730	0.1150	0.9238	0.0590	0.7356
000222	D	0.992540	0.985536	0.949530	0.8391	0.8966	0.8680	0.1170	0.9218	0.0581	0.6697
000223	K	0.984893	0.983848	0.948472	0.8242	0.8920	0.8640	0.1210	0.9162	0.0607	0.5859
000224	K	0.975950	0.982412	0.946809	0.8283	0.9039	0.8600	0.1260	0.9162	0.0577	0.5128
000225	E	0.966458	0.980110	0.944664	0.8391	0.9269	0.8560	0.1270	0.9188	0.0534	0.4521
000226	D	0.957205	0.978077	0.941971	0.8521	0.9362	0.8630	0.1260	0.9214	0.0472	0.4598
000227	R	0.946495	0.976564	0.938977	0.8457	0.9433	0.8650	0.1260	0.9194	0.0472	0.4615
000228	G	0.936739	0.975360	0.935646	0.8350	0.9269	0.8670	0.1260	0.9129	0.0471	0.4686
000229	P	0.928249	0.973788	0.932127	0.8350	0.9230	0.8550	0.1380	0.9079	0.0477	0.4886
000230	E	0.919762	0.971474	0.928511	0.8311	0.9230	0.8410	0.1520	0.9025	0.0500	0.5233
000231	D	0.911973	0.968869	0.924984	0.8200	0.9211	0.8380	0.1560	0.8974	0.0520	0.5702
000232	Q	0.909295	0.965274	0.921771	0.8074	0.9190	0.8190	0.1730	0.8903	0.0574	0.6376
000233	E	0.903482	0.961236	0.918763	0.7951	0.9151	0.8130	0.1750	0.8844	0.0598	0.7231
000234	S	0.876401	0.957516	0.915686	0.7817	0.9211	0.8050	0.1770	0.8763	0.0634	0.8046
000235	H	0.843162	0.953553	0.912728	0.7688	0.9039	0.7860	0.1760	0.8614	0.0677	0.8600
000236	A	0.793950	0.950055	0.910270	0.7772	0.8828	0.7910	0.1660	0.8508	0.0667	0.9010
000237	Q	0.737507	0.945974	0.908464	0.7458	0.8792	0.7810	0.1690	0.8329	0.0817	0.9242
000238	G	0.644787	0.941613	0.907038	0.7111	0.8596	0.7930	0.1550	0.8095	0.1053	0.9397
000239	A	0.551375	0.937240	0.904099	0.6984	0.8162	0.7950	0.1610	0.7838	0.1294	0.9536
000240	A	0.460327	0.928863	0.899228	0.6442	0.8162	0.7970	0.1610	0.7577	0.1611	0.9636
000241	K	0.394847	0.918395	0.892272	0.6124	0.7881	0.7870	0.1650	0.7321	0.1801	0.9682
000242	A	0.345920	0.907031	0.885648	0.6334	0.7916	0.7570	0.1790	0.7202	0.1899	0.9733
000243	K	0.310347	0.897784	0.880081	0.5711	0.7755	0.7260	0.1790	0.6935	0.2025	0.9740
000244	K	0.324830	0.889331	0.876139	0.5667	0.7799	0.7280	0.1690	0.6941	0.1968	0.9740
000245	D	0.356827	0.879784	0.873069	0.5583	0.7843	0.7190	0.1520	0.6953	0.1860	0.9724
000246	L	0.394243	0.868586	0.869621	0.5412	0.7209	0.7310	0.1410	0.6876	0.1714	0.9713
000247	V	0.451996	0.852749	0.865877	0.5583	0.7250	0.7050	0.1340	0.6932	0.1488	0.9682
000248	E	0.510442	0.841708	0.859605	0.4918	0.7120	0.6830	0.1400	0.6830	0.1435	0.9618
000249	V	0.568399	0.828896	0.851717	0.4879	0.6620	0.6870	0.1320	0.6810	0.1300	0.9565
000250	L	0.612750	0.811699	0.842259	0.4967	0.6620	0.6910	0.1230	0.6861	0.1169	0.9479
000251	P	0.657928	0.801966	0.833204	0.4458	0.6576	0.6550	0.1130	0.6753	0.1256	0.9283
000252	V	0.713388	0.793932	0.825945	0.4556	0.6712	0.6770	0.1140	0.6895	0.1192	0.9044
000253	T	0.725393	0.789845	0.820460	0.4651	0.6806	0.6750	0.1250	0.6928	0.1148	0.8589
000254	E	0.738135	0.772152	0.817206	0.4749	0.6851	0.7030	0.1260	0.6984	0.1090	0.8081
000255	E	0.759723	0.773415	0.815769	0.4879	0.7209	0.7330	0.1370	0.7151	0.1061	0.7557
000256	G	0.795312	0.776205	0.815741	0.4703	0.7120	0.7650	0.1390	0.7225	0.1172	0.7143
000257	L	0.838458	0.772485	0.816970	0.5296	0.7595	0.7870	0.1260	0.7507	0.1023	0.6866
000258	R	0.882076	0.774588	0.818537	0.5514	0.7916	0.7960	0.1140	0.7690	0.1032	0.6388
000259	E	0.912793	0.781801	0.820777	0.5514	0.7951	0.7980	0.1140	0.7766	0.1096	0.6059
000260	V	0.930673	0.784791	0.823601	0.5711	0.8235	0.8030	0.1180	0.7894	0.1081	0.5804
000261	K	0.947858	0.787183	0.826721	0.6124	0.8741	0.7770	0.1410	0.8043	0.1031	0.5375
000262	K	0.963223	0.788342	0.829580	0.5762	0.8565	0.7820	0.1550	0.7992	0.1164	0.5365
000263	D	0.977046	0.792228	0.831967	0.6255	0.8853	0.7870	0.1700	0.8165	0.1070	0.5465
000264	T	0.985468	0.794616	0.834193	0.6374	0.8085	0.8060	0.1720	0.8110	0.1012	0.5742
000265	R	0.993648	0.795691	0.836588	0.6442	0.7672	0.8190	0.1590	0.8094	0.1033	0.6178
000266	P	0.992517	0.796786	0.839048	0.5667	0.7250	0.8170	0.1610	0.7896	0.1280	0.6793
000267	M	0.991886	0.797558	0.841099	0.5296	0.7120	0.8270	0.1540	0.7831	0.1405	0.7402
000268	S	0.982279	0.796663	0.842569	0.5549	0.7547	0.8180	0.1460	0.7915	0.1272	0.7615
000269	R	0.920335	0.797532	0.843764	0.5412	0.7799	0.8190	0.1430	0.7836	0.1173	0.7883
000270	S	0.812484	0.799773	0.846764	0.5331	0.7951	0.7950	0.1650	0.7637	0.1047	0.8218
000271	K	0.720531	0.806978	0.852094	0.5941	0.8198	0.7760	0.1720	0.7616	0.0852	0.8439
000272	H	0.619419	0.813664	0.859946	0.6124	0.8313	0.7690	0.1700	0.7509	0.0992	0.8775
000273	G	0.512028	0.823412	0.867994	0.6079	0.7718	0.7640	0.1560	0.7245	0.1244	0.8960
000274	G	0.437019	0.822895	0.875547	0.6174	0.7672	0.7580	0.1630	0.7130	0.1465	0.9184
000275	W	0.434493	0.820012	0.881903	0.5549	0.7547	0.7660	0.1580	0.7019	0.1562	0.9335
000276	L	0.355427	0.824335	0.887205	0.5514	0.7120	0.7630	0.1600	0.6822	0.1796	0.9384
000277	L	0.360638	0.833592	0.892219	0.5296	0.6712	0.7580	0.1670	0.6742	0.1822	0.9375
000278	R	0.370397	0.845410	0.896915	0.5084	0.6712	0.7510	0.1700	0.6739	0.1847	0.9252
000279	E	0.421932	0.851580	0.903677	0.5084	0.6712	0.7530	0.1720	0.6849	0.1736	0.9179
000280	H	0.456914	0.870589	0.912063	0.5229	0.6755	0.7890	0.1520	0.7045	0.1697	0.9157
000281	Q	0.552943	0.886185	0.921759	0.5229	0.6755	0.7970	0.1370	0.7261	0.1543	0.9038
000282	A	0.648058	0.897191	0.931106	0.5229	0.6806	0.8150	0.1320	0.7491	0.1446	0.8937
000283	G	0.711071	0.911375	0.938644	0.5229	0.6531	0.8230	0.1300	0.7601	0.1466	0.8669
000284	F	0.701834	0.921948	0.945032	0.5008	0.6427	0.8410	0.1260	0.7589	0.1589	0.8336
000285	E	0.768792	0.930260	0.949704	0.4825	0.6322	0.8270	0.1480	0.7651	0.1647	0.7582
000286	K	0.760444	0.936064	0.952957	0.5711	0.7250	0.8360	0.1450	0.7970	0.1309	0.6676
000287	L	0.808145	0.940629	0.955053	0.5941	0.7672	0.8570	0.1330	0.8204	0.1212	0.5983
000288	R	0.864023	0.947614	0.955844	0.6124	0.8050	0.8520	0.1270	0.8395	0.1146	0.4908
000289	R	0.921622	0.949925	0.956567	0.6124	0.8085	0.8630	0.1180	0.8519	0.1189	0.4126
000290	T	0.927893	0.953825	0.956898	0.6255	0.8085	0.8590	0.1200	0.8553	0.1157	0.3356
000291	R	0.940337	0.958936	0.957219	0.6174	0.7881	0.8610	0.1090	0.8538	0.1221	0.2597
000292	G	0.952426	0.963096	0.957420	0.5992	0.8013	0.8700	0.0980	0.8572	0.1292	0.2088
000293	E	0.965448	0.967837	0.957755	0.6035	0.7331	0.8790	0.0870	0.8511	0.1379	0.1622
000294	E	0.978329	0.970793	0.958332	0.6293	0.7163	0.8720	0.0890	0.8542	0.1353	0.1435
000295	K	0.991210	0.973269	0.958891	0.6255	0.7951	0.8710	0.0890	0.8691	0.1282	0.1494
000296	E	0.995826	0.975651	0.959019	0.6374	0.7982	0.8570	0.0980	0.8706	0.1254	0.1739
000297	A	0.995727	0.976573	0.958678	0.6374	0.8013	0.8500	0.1010	0.8699	0.1253	0.2123
000298	E	0.988388	0.977521	0.958192	0.6756	0.8421	0.8390	0.1140	0.8801	0.1098	0.2335
000299	K	0.980568	0.978551	0.957741	0.6827	0.8421	0.8400	0.1190	0.8803	0.1063	0.2929
000300	E	0.980588	0.979689	0.957114	0.6789	0.8343	0.8450	0.1230	0.8792	0.1078	0.3557
000301	K	0.980592	0.980626	0.956189	0.6756	0.8343	0.8480	0.1220	0.8792	0.1087	0.4686
000302	K	0.980585	0.981104	0.955175	0.6870	0.7881	0.8570	0.1200	0.8748	0.1096	0.5874
000303	P	0.981038	0.982279	0.954517	0.6870	0.7799	0.8590	0.1190	0.8739	0.1109	0.7185
000304	C	0.981504	0.983262	0.953873	0.6944	0.7881	0.8680	0.1140	0.8783	0.1076	0.8210
000305	M	0.982052	0.984360	0.953351	0.6984	0.7916	0.8760	0.1060	0.8809	0.1061	0.8797
000306	S	0.982599	0.986244	0.952871	0.7034	0.8050	0.8820	0.1030	0.8854	0.1031	0.8961
000307	G	0.990176	0.987651	0.952892	0.7111	0.8343	0.8900	0.1010	0.8943	0.0988	0.9072
000308	G	0.993695	0.989123	0.953526	0.7458	0.8279	0.8960	0.0970	0.9010	0.0900	0.9113
000309	R	0.988898	0.990461	0.954630	0.7644	0.8279	0.8990	0.0950	0.9043	0.0842	0.9232
000310	R	0.981432	0.991582	0.956324	0.7644	0.7755	0.9030	0.0920	0.8955	0.0931	0.9309
000311	M	0.977108	0.993160	0.958152	0.7688	0.7755	0.9040	0.0920	0.8961	0.0919	0.9452
000312	T	0.977132	0.993818	0.960128	0.7605	0.7755	0.9010	0.0940	0.8947	0.0941	0.9416
000313	L	0.977138	0.994261	0.961579	0.7573	0.7799	0.9050	0.0890	0.8958	0.0943	0.9365
000314	R	0.977188	0.994482	0.962686	0.7388	0.7799	0.9050	0.0890	0.8931	0.0991	0.9107
000315	D	0.977239	0.994747	0.963091	0.7869	0.8421	0.9030	0.0900	0.9111	0.0756	0.8769
000316	D	0.976863	0.994915	0.963156	0.8074	0.8530	0.9040	0.0880	0.9165	0.0684	0.8391
000317	Q	0.973320	0.994847	0.962969	0.8074	0.8462	0.8990	0.0900	0.9139	0.0691	0.8163
000318	P	0.969712	0.994937	0.962891	0.8074	0.8655	0.8880	0.0960	0.9148	0.0664	0.7909
000319	A	0.975478	0.995055	0.963338	0.8036	0.8655	0.8910	0.0920	0.9156	0.0681	0.7659
000320	K	0.978956	0.994989	0.963784	0.8283	0.8681	0.8830	0.0970	0.9195	0.0626	0.7071
000321	L	0.961833	0.994419	0.964184	0.8200	0.8792	0.8790	0.0960	0.9164	0.0613	0.6374
000322	E	0.956494	0.994009	0.964132	0.8036	0.8828	0.8620	0.1010	0.9105	0.0664	0.4981
000323	K	0.950429	0.993814	0.964060	0.8001	0.8966	0.8570	0.1020	0.9103	0.0666	0.4008
000324	E	0.944498	0.993217	0.964092	0.8118	0.9287	0.8590	0.0960	0.9170	0.0623	0.3158
000325	P	0.938871	0.992747	0.964031	0.8311	0.9287	0.8560	0.0970	0.9186	0.0572	0.2707
000326	K	0.946694	0.991724	0.963894	0.8242	0.9396	0.8550	0.0900	0.9202	0.0600	0.2304
000327	T	0.954583	0.990976	0.963805	0.8242	0.9381	0.8610	0.0780	0.9222	0.0592	0.1974
000328	R	0.955664	0.989983	0.963696	0.8242	0.9329	0.8570	0.0750	0.9206	0.0597	0.1692
000329	P	0.957124	0.988246	0.963440	0.8118	0.9151	0.8380	0.0750	0.9123	0.0658	0.1483
000330	E	0.974118	0.985917	0.962663	0.8158	0.9190	0.8320	0.0780	0.9150	0.0677	0.1306
000331	E	0.979556	0.982485	0.960957	0.8118	0.9346	0.8370	0.0890	0.9178	0.0681	0.1269
000332	N	0.985595	0.975887	0.958214	0.8200	0.9577	0.8330	0.0920	0.9218	0.0681	0.1285
000333	K	0.989799	0.968901	0.953828	0.8457	0.9664	0.8260	0.1110	0.9251	0.0643	0.1448
000334	P	0.994205	0.958987	0.947200	0.8350	0.9593	0.7920	0.1500	0.9144	0.0739	0.1613
000335	E	0.987995	0.945725	0.938836	0.8595	0.9593	0.7930	0.1660	0.9140	0.0669	0.1882
000336	R	0.981270	0.932599	0.929420	0.8283	0.9126	0.7970	0.1770	0.8968	0.0638	0.2220
000337	P	0.979150	0.920036	0.918674	0.8283	0.8681	0.7800	0.1950	0.8823	0.0655	0.2696
000338	S	0.978527	0.905432	0.906382	0.7772	0.8493	0.7860	0.1920	0.8672	0.0712	0.3348
000339	G	0.975628	0.890870	0.892117	0.7388	0.8343	0.7810	0.2000	0.8522	0.0780	0.4059
000340	R	0.972506	0.872241	0.877782	0.7079	0.8162	0.7840	0.1940	0.8384	0.0828	0.4821
000341	K	0.967331	0.852674	0.862771	0.6984	0.7547	0.7950	0.1820	0.8217	0.0859	0.5529
000342	P	0.965317	0.832412	0.847154	0.7079	0.7595	0.7670	0.2030	0.8132	0.0824	0.6227
000343	R	0.951997	0.803722	0.831446	0.6604	0.7369	0.7710	0.1930	0.7925	0.0895	0.6781
000344	P	0.938500	0.785017	0.816025	0.6557	0.7547	0.7440	0.2050	0.7822	0.0855	0.7225
000345	M	0.923601	0.753270	0.800431	0.6334	0.6269	0.7610	0.1790	0.7498	0.1013	0.7646
000346	G	0.917662	0.728345	0.782430	0.6442	0.6269	0.7610	0.1790	0.7434	0.0965	0.7877
000347	I	0.891414	0.704560	0.762167	0.5802	0.6375	0.7510	0.1960	0.7211	0.0989	0.8000
000348	I	0.865938	0.680950	0.739912	0.5514	0.6043	0.7100	0.2000	0.6921	0.1004	0.7978
000349	A	0.834374	0.655386	0.717564	0.5473	0.5951	0.6900	0.2020	0.6733	0.0918	0.7800
000350	A	0.802734	0.633347	0.694567	0.5374	0.5296	0.6900	0.2020	0.6479	0.0951	0.7563
000351	N	0.762880	0.605501	0.671414	0.5374	0.4619	0.7140	0.1860	0.6255	0.1030	0.7300
000352	V	0.733447	0.582973	0.647274	0.4967	0.4685	0.7340	0.2060	0.6105	0.1046	0.7125
000353	E	0.680110	0.555356	0.623801	0.4116	0.4476	0.6900	0.2070	0.5680	0.1077	0.6848
000354	K	0.637032	0.531479	0.601305	0.4078	0.4541	0.6650	0.1920	0.5495	0.0942	0.6629
000355	H	0.583121	0.509974	0.580902	0.3847	0.4369	0.6490	0.1790	0.5241	0.0909	0.6416
000356	Y	0.541978	0.482316	0.560973	0.3939	0.3667	0.6430	0.1650	0.4981	0.0959	0.6093
000357	E	0.479360	0.457428	0.542429	0.3885	0.3460	0.5250	0.1600	0.4564	0.0700	0.5819
000358	T	0.435033	0.440051	0.524260	0.3456	0.3566	0.4470	0.1700	0.4248	0.0601	0.5627
000359	G	0.381425	0.415460	0.507261	0.3535	0.3631	0.3610	0.1710	0.3970	0.0533	0.5539
000360	R	0.344716	0.386400	0.490368	0.3053	0.3774	0.3160	0.1620	0.3701	0.0613	0.5536
000361	V	0.298178	0.358360	0.474452	0.2602	0.4051	0.2730	0.1260	0.3448	0.0766	0.5544
000362	I	0.283128	0.326686	0.459689	0.2657	0.3249	0.2420	0.1010	0.3170	0.0706	0.5463
000363	G	0.287638	0.314974	0.445971	0.3096	0.3740	0.2190	0.0890	0.3252	0.0708	0.5301
000364	D	0.266875	0.291133	0.433003	0.2333	0.3740	0.2020	0.0790	0.3001	0.0800	0.5159
000365	G	0.262211	0.273148	0.420819	0.2333	0.3774	0.2050	0.0770	0.2954	0.0775	0.5019
000366	N	0.280600	0.262684	0.410170	0.2292	0.3740	0.1980	0.0680	0.2924	0.0758	0.4883
000367	F	0.276038	0.244991	0.400564	0.2913	0.4541	0.1930	0.0670	0.3100	0.0899	0.4784
000368	A	0.279503	0.241379	0.392253	0.2963	0.4476	0.1830	0.0700	0.3066	0.0892	0.4661
000369	V	0.276059	0.247405	0.384193	0.2865	0.4541	0.1840	0.0770	0.3054	0.0891	0.4538
000370	V	0.282804	0.271324	0.376628	0.2786	0.4292	0.1890	0.0850	0.3046	0.0778	0.4431
000371	K	0.315250	0.292133	0.368503	0.2820	0.3566	0.2030	0.0930	0.3030	0.0545	0.4352
000372	E	0.310007	0.312699	0.361834	0.3053	0.3872	0.2250	0.0990	0.3171	0.0509	0.4306
000373	C	0.319891	0.335416	0.356657	0.2865	0.4292	0.2480	0.0970	0.3292	0.0568	0.4271
000374	R	0.369932	0.362462	0.353455	0.2657	0.4220	0.2740	0.1050	0.3413	0.0550	0.4237
000375	H	0.441808	0.388263	0.351601	0.2385	0.3460	0.3010	0.1110	0.3446	0.0639	0.4212
000376	R	0.524705	0.434361	0.350984	0.2333	0.2783	0.3250	0.1150	0.3579	0.0972	0.4216
000377	E	0.611653	0.444038	0.352524	0.1667	0.2752	0.3310	0.1210	0.3636	0.1389	0.4234
000378	T	0.691604	0.416474	0.355313	0.1766	0.3566	0.3400	0.1200	0.3894	0.1539	0.4260
000379	R	0.775826	0.408920	0.358810	0.2041	0.3807	0.2890	0.0990	0.4030	0.1798	0.4269
000380	Q	0.832039	0.377325	0.361734	0.2657	0.4292	0.2560	0.0890	0.4203	0.1940	0.4274
000381	A	0.897966	0.330909	0.363570	0.3311	0.4186	0.2340	0.0970	0.4293	0.2167	0.4267
000382	Y	0.971428	0.310043	0.365066	0.3225	0.4186	0.2340	0.1250	0.4370	0.2454	0.4253
000383	A	0.993203	0.308256	0.366801	0.2432	0.4087	0.2130	0.1210	0.4222	0.2639	0.4276
000384	M	0.993620	0.297609	0.367618	0.3184	0.4766	0.2010	0.1020	0.4425	0.2599	0.4333
000385	K	0.993587	0.301177	0.366408	0.3225	0.4864	0.2010	0.1000	0.4452	0.2595	0.4257
000386	I	0.965638	0.326060	0.362233	0.3184	0.4864	0.2290	0.0980	0.4480	0.2437	0.4184
000387	I	0.945320	0.359375	0.357776	0.3184	0.4619	0.2680	0.1040	0.4518	0.2282	0.4115
000388	D	0.899709	0.412199	0.353520	0.3184	0.3948	0.2780	0.1070	0.4428	0.2092	0.4045
000389	K	0.894690	0.460298	0.350043	0.3005	0.3983	0.3090	0.0970	0.4521	0.2052	0.3952
000390	S	0.888268	0.506469	0.346843	0.2432	0.4017	0.3330	0.0980	0.4532	0.2100	0.3864
000391	R	0.879631	0.558646	0.344213	0.2385	0.3983	0.3860	0.1340	0.4676	0.2070	0.3770
000392	L	0.851589	0.592122	0.341452	0.2700	0.3426	0.4710	0.1570	0.4782	0.1970	0.3673
000393	K	0.828816	0.624494	0.337694	0.3535	0.3529	0.5280	0.1760	0.5042	0.1797	0.3563
000394	G	0.811988	0.632833	0.332948	0.3005	0.2988	0.5540	0.1770	0.4885	0.1938	0.3493
000395	K	0.811061	0.645624	0.327887	0.2432	0.2470	0.5080	0.1660	0.4638	0.2120	0.3455
000396	E	0.807748	0.593707	0.324491	0.1698	0.2645	0.4650	0.1440	0.4375	0.2147	0.3455
000397	D	0.817744	0.539318	0.321784	0.1532	0.3356	0.3730	0.1470	0.4234	0.2092	0.3439
000398	M	0.771968	0.460466	0.320005	0.2209	0.3321	0.3180	0.1280	0.4039	0.1788	0.3426
000399	V	0.735879	0.395777	0.318756	0.2209	0.3286	0.2860	0.1160	0.3810	0.1670	0.3368
000400	D	0.709710	0.329283	0.319361	0.1322	0.3392	0.2510	0.0930	0.3468	0.1770	0.3332
000401	S	0.697619	0.298635	0.321150	0.1322	0.3599	0.2070	0.0690	0.3361	0.1785	0.3301
000402	E	0.679963	0.286775	0.322761	0.1322	0.3774	0.1610	0.0490	0.3267	0.1799	0.3277
000403	I	0.606114	0.256599	0.322637	0.2333	0.3631	0.1300	0.0300	0.3186	0.1480	0.3223
000404	L	0.527578	0.235635	0.321637	0.2292	0.3087	0.1250	0.0260	0.2913	0.1236	0.3193
000405	I	0.471703	0.234595	0.318833	0.1495	0.3053	0.1270	0.0280	0.2678	0.1158	0.3119
000406	I	0.424135	0.230376	0.314632	0.0965	0.2328	0.1380	0.0410	0.2394	0.1085	0.3009
000407	Q	0.367934	0.222135	0.309474	0.0884	0.2292	0.1370	0.0430	0.2256	0.0949	0.2897
000408	S	0.318858	0.217005	0.304755	0.0464	0.2328	0.1260	0.0380	0.2077	0.0958	0.2822
000409	L	0.245284	0.226404	0.301561	0.0526	0.2034	0.1300	0.0460	0.1932	0.0811	0.2756
000410	S	0.190700	0.247196	0.299841	0.0909	0.1791	0.1240	0.0390	0.1885	0.0703	0.2709
000411	H	0.145303	0.270523	0.298361	0.0514	0.1823	0.1160	0.0300	0.1772	0.0857	0.2623
000412	P	0.173803	0.295790	0.297417	0.0279	0.1852	0.1100	0.0300	0.1816	0.0960	0.2537
000413	N	0.218336	0.329945	0.296396	0.0304	0.1823	0.1080	0.0290	0.1942	0.1032	0.2443
000414	I	0.194808	0.338013	0.296034	0.0502	0.2193	0.1110	0.0430	0.2015	0.0992	0.2400
000415	V	0.169283	0.334170	0.296849	0.0965	0.2988	0.1030	0.0430	0.2164	0.0971	0.2332
000416	K	0.167572	0.317395	0.299609	0.1150	0.2918	0.0900	0.0380	0.2135	0.0926	0.2309
000417	L	0.149357	0.308323	0.304165	0.2080	0.2849	0.0840	0.0350	0.2231	0.0844	0.2288
000418	H	0.148546	0.273685	0.309205	0.1150	0.1969	0.0760	0.0280	0.1865	0.0833	0.2283
000419	E	0.133354	0.253272	0.312798	0.0643	0.1323	0.0750	0.0360	0.1618	0.0913	0.2248
000420	V	0.108917	0.236725	0.315298	0.0677	0.1275	0.0780	0.0480	0.1557	0.0902	0.2151
000421	Y	0.061130	0.228499	0.316702	0.0395	0.1349	0.0670	0.0400	0.1412	0.1007	0.2105
000422	E	0.013471	0.201455	0.318162	0.0212	0.0780	0.0740	0.0480	0.1176	0.1087	0.2121
000423	T	0.009836	0.196792	0.320141	0.0182	0.0443	0.0820	0.0550	0.1119	0.1120	0.2094
000424	D	0.008197	0.191818	0.323415	0.0090	0.0433	0.0930	0.0640	0.1115	0.1137	0.2048
000425	M	0.006515	0.155511	0.328083	0.0099	0.0704	0.0940	0.0630	0.1108	0.1097	0.1962
000426	E	0.005673	0.124738	0.334450	0.0194	0.0985	0.0760	0.0420	0.1098	0.1088	0.1875
000427	I	0.004061	0.103920	0.340237	0.0218	0.1048	0.0680	0.0330	0.1071	0.1109	0.1732
000428	Y	0.005979	0.073366	0.345192	0.0425	0.1007	0.0640	0.0290	0.1052	0.1112	0.1662
000429	L	0.006324	0.061022	0.348136	0.0502	0.0494	0.0590	0.0260	0.0957	0.1143	0.1577
000430	I	0.006276	0.063394	0.350088	0.0218	0.0483	0.0530	0.0220	0.0904	0.1177	0.1506
000431	L	0.007160	0.062532	0.350429	0.0182	0.0581	0.0490	0.0220	0.0909	0.1178	0.1499
000432	E	0.008417	0.064397	0.350186	0.0405	0.0555	0.0510	0.0240	0.0950	0.1155	0.1457
000433	Y	0.008535	0.075847	0.349697	0.0259	0.0294	0.0690	0.0330	0.0931	0.1172	0.1321
000434	V	0.008489	0.082438	0.349671	0.0124	0.0306	0.0890	0.0410	0.0954	0.1180	0.1199
000435	Q	0.009713	0.086819	0.348610	0.0055	0.0294	0.1110	0.0520	0.0986	0.1184	0.1142
000436	G	0.014478	0.103455	0.346945	0.0086	0.0235	0.1370	0.0740	0.1056	0.1181	0.1105
000437	G	0.025316	0.123416	0.344519	0.0082	0.0214	0.1510	0.0800	0.1123	0.1170	0.1068
000438	D	0.051509	0.120667	0.342223	0.0094	0.0178	0.1520	0.0720	0.1156	0.1138	0.1053
000439	L	0.067162	0.127941	0.339693	0.0167	0.0327	0.1420	0.0570	0.1210	0.1079	0.0989
000440	F	0.141117	0.133565	0.336275	0.0141	0.0581	0.1430	0.0500	0.1376	0.1009	0.0961
000441	D	0.220019	0.129153	0.332552	0.0336	0.1092	0.1390	0.0600	0.1606	0.0943	0.0956
000442	A	0.289395	0.125689	0.329495	0.0677	0.1702	0.1440	0.0750	0.1877	0.0921	0.0918
000443	I	0.357197	0.148450	0.327869	0.0723	0.1323	0.1370	0.0730	0.1959	0.1068	0.0897
000444	I	0.411037	0.164425	0.326878	0.1292	0.1731	0.1250	0.0580	0.2216	0.1084	0.0941
000445	E	0.462223	0.198452	0.326175	0.1602	0.1528	0.1030	0.0390	0.2337	0.1233	0.1055
000446	S	0.516630	0.260259	0.324842	0.1266	0.1162	0.1040	0.0400	0.2414	0.1477	0.1130
000447	V	0.571242	0.299743	0.322760	0.0723	0.0676	0.1470	0.0480	0.2468	0.1762	0.1227
000448	K	0.614364	0.329374	0.319602	0.0567	0.0531	0.1750	0.0600	0.2580	0.1938	0.1355
000449	F	0.574069	0.360558	0.316309	0.0304	0.0531	0.1910	0.0710	0.2543	0.1880	0.1535
000450	P	0.537487	0.392172	0.312850	0.0464	0.0518	0.1770	0.0700	0.2530	0.1792	0.1776
000451	E	0.510802	0.374154	0.308949	0.0935	0.0631	0.1780	0.0600	0.2547	0.1589	0.1987
000452	P	0.447067	0.349903	0.304632	0.0441	0.0581	0.1690	0.0580	0.2289	0.1499	0.2211
000453	D	0.393370	0.312558	0.299867	0.0395	0.0568	0.1580	0.0570	0.2101	0.1338	0.2440
000454	A	0.339700	0.260838	0.296235	0.0744	0.0581	0.1350	0.0490	0.1941	0.1098	0.2635
000455	A	0.276792	0.199130	0.293665	0.1150	0.0662	0.1180	0.0430	0.1782	0.0852	0.2789
000456	L	0.223975	0.139575	0.292386	0.0587	0.0581	0.1050	0.0360	0.1462	0.0862	0.2825
000457	M	0.173397	0.109475	0.289429	0.0387	0.0454	0.0960	0.0270	0.1254	0.0859	0.2895
000458	I	0.139123	0.102712	0.285118	0.0643	0.0690	0.0910	0.0190	0.1252	0.0756	0.2934
000459	M	0.095093	0.106394	0.279671	0.0567	0.0765	0.0850	0.0250	0.1165	0.0746	0.3019
000460	D	0.051814	0.111419	0.276158	0.1240	0.1424	0.0870	0.0250	0.1321	0.0706	0.3049
000461	L	0.047214	0.134068	0.274390	0.1060	0.1229	0.0870	0.0260	0.1286	0.0709	0.3026
000462	C	0.045661	0.160228	0.274237	0.0965	0.0646	0.0890	0.0320	0.1216	0.0769	0.3036
000463	K	0.043530	0.165581	0.276015	0.0813	0.0349	0.1020	0.0440	0.1172	0.0830	0.2944
000464	A	0.039153	0.191076	0.278059	0.0464	0.0327	0.1120	0.0480	0.1166	0.0909	0.2909
000465	L	0.012640	0.199215	0.279802	0.0414	0.0398	0.1140	0.0460	0.1145	0.0964	0.2917
000466	V	0.008262	0.216314	0.280120	0.0514	0.0531	0.1260	0.0340	0.1225	0.0971	0.2922
000467	H	0.013850	0.242293	0.280855	0.0935	0.0518	0.1620	0.0320	0.1408	0.0972	0.2976
000468	M	0.023827	0.302007	0.282745	0.1150	0.0646	0.2080	0.0530	0.1660	0.1056	0.3004
000469	H	0.042762	0.346479	0.285844	0.1088	0.1275	0.2380	0.0610	0.1916	0.1066	0.2992
000470	D	0.054150	0.394389	0.289991	0.1349	0.1759	0.2810	0.0770	0.2217	0.1123	0.2907
000471	K	0.062300	0.437999	0.295484	0.1566	0.1759	0.3670	0.1130	0.2492	0.1295	0.2839
000472	S	0.076786	0.482064	0.301841	0.2531	0.1731	0.4280	0.1300	0.2858	0.1393	0.2784
000473	I	0.126600	0.476234	0.309512	0.3225	0.1583	0.4770	0.1410	0.3116	0.1367	0.2720
000474	V	0.186615	0.466386	0.316491	0.2385	0.1115	0.4320	0.1290	0.2919	0.1272	0.2767
000475	H	0.268747	0.450642	0.321483	0.1998	0.1424	0.3790	0.1140	0.2937	0.1041	0.2812
000476	R	0.350554	0.443659	0.322468	0.2209	0.2094	0.3610	0.0990	0.3180	0.0816	0.2818
000477	D	0.447696	0.433565	0.320790	0.3005	0.2884	0.3010	0.0900	0.3487	0.0658	0.2826
000478	L	0.520411	0.420428	0.317687	0.3005	0.3117	0.2430	0.0730	0.3522	0.0917	0.2807
000479	K	0.598920	0.423021	0.314667	0.3359	0.3631	0.2010	0.0690	0.3728	0.1211	0.2791
000480	P	0.682981	0.435655	0.311444	0.3359	0.3566	0.1780	0.0600	0.3835	0.1542	0.2830
000481	E	0.759443	0.449679	0.308360	0.3263	0.3460	0.1920	0.0700	0.3970	0.1787	0.2874
000482	N	0.817429	0.436785	0.305491	0.3311	0.3566	0.1990	0.0730	0.4078	0.1963	0.2916
000483	L	0.838777	0.440449	0.302334	0.3263	0.3631	0.1900	0.0560	0.4102	0.2057	0.2972
000484	L	0.800272	0.441628	0.298056	0.4037	0.3631	0.1850	0.0490	0.4153	0.1908	0.2986
000485	V	0.800218	0.455158	0.290394	0.4556	0.4256	0.2120	0.0480	0.4398	0.1848	0.2945
000486	Q	0.766642	0.490067	0.280436	0.3762	0.3356	0.2730	0.0820	0.4203	0.1709	0.2871
000487	R	0.742521	0.531330	0.268785	0.3717	0.3053	0.3080	0.0980	0.4213	0.1670	0.2833
000488	N	0.666037	0.564147	0.258672	0.2913	0.3087	0.2920	0.0760	0.3968	0.1578	0.2790
000489	E	0.587470	0.589621	0.250225	0.3535	0.2783	0.2700	0.0580	0.3882	0.1452	0.2755
000490	D	0.513207	0.609663	0.243424	0.3535	0.2817	0.2840	0.0640	0.3809	0.1346	0.2739
000491	K	0.421540	0.608725	0.236162	0.2255	0.1702	0.2960	0.0600	0.3264	0.1486	0.2688
000492	S	0.354427	0.553182	0.228435	0.2209	0.1298	0.3220	0.0730	0.3014	0.1341	0.2679
000493	T	0.318166	0.501820	0.220761	0.1456	0.1162	0.3220	0.0850	0.2707	0.1293	0.2656
000494	T	0.241566	0.473686	0.211757	0.1878	0.1823	0.2480	0.0630	0.2575	0.0997	0.2623
000495	L	0.188178	0.414395	0.202977	0.2531	0.2002	0.2210	0.0530	0.2466	0.0778	0.2636
000496	K	0.122901	0.370315	0.194146	0.3053	0.2002	0.1820	0.0380	0.2292	0.0829	0.2616
000497	L	0.109650	0.324144	0.187839	0.2255	0.1852	0.1800	0.0490	0.2021	0.0645	0.2608
000498	A	0.095978	0.285812	0.181707	0.1635	0.2129	0.1610	0.0440	0.1835	0.0576	0.2568
000499	D	0.078941	0.253793	0.175187	0.1566	0.1251	0.1430	0.0350	0.1555	0.0532	0.2537
000500	F	0.062644	0.229464	0.167331	0.1766	0.0543	0.1320	0.0380	0.1370	0.0625	0.2471
000501	G	0.046350	0.190538	0.159030	0.1205	0.0518	0.1030	0.0380	0.1119	0.0524	0.2384
000502	L	0.034880	0.159471	0.150229	0.0677	0.0341	0.0830	0.0410	0.0882	0.0502	0.2320
000503	A	0.023441	0.145593	0.141080	0.0643	0.0231	0.0600	0.0290	0.0763	0.0501	0.2205
000504	K	0.003234	0.128411	0.129985	0.0425	0.0223	0.0490	0.0230	0.0626	0.0493	0.2097
000505	H	0.000891	0.104127	0.118631	0.0297	0.0223	0.0520	0.0290	0.0546	0.0430	0.2011
000506	V	0.000688	0.090355	0.109019	0.0478	0.0454	0.0480	0.0260	0.0569	0.0349	0.1903
000507	V	0.000815	0.082607	0.103323	0.0478	0.0494	0.0400	0.0160	0.0539	0.0325	0.1825
000508	R	0.001147	0.076736	0.100547	0.0935	0.0483	0.0360	0.0120	0.0594	0.0347	0.1749
000509	P	0.003803	0.080159	0.099617	0.1088	0.0389	0.0330	0.0060	0.0608	0.0380	0.1689
000510	I	0.005385	0.085765	0.099755	0.0554	0.0294	0.0370	0.0070	0.0520	0.0325	0.1622
000511	F	0.007534	0.081623	0.100757	0.0607	0.0749	0.0370	0.0070	0.0604	0.0306	0.1600
000512	T	0.013545	0.081996	0.102848	0.0441	0.0851	0.0340	0.0080	0.0602	0.0317	0.1578
000513	V	0.069135	0.089384	0.106150	0.0858	0.0835	0.0380	0.0100	0.0786	0.0212	0.1555
000514	C	0.116032	0.096914	0.111005	0.1150	0.0605	0.0400	0.0120	0.0899	0.0294	0.1563
000515	G	0.132672	0.097928	0.116918	0.0621	0.0618	0.0430	0.0150	0.0858	0.0323	0.1594
000516	T	0.133509	0.105030	0.123849	0.0327	0.0719	0.0520	0.0200	0.0865	0.0371	0.1614
000517	P	0.135018	0.125194	0.131118	0.0514	0.1070	0.0540	0.0210	0.1007	0.0349	0.1664
000518	T	0.138307	0.133426	0.137763	0.0884	0.1583	0.0600	0.0190	0.1194	0.0339	0.1689
000519	Y	0.146859	0.147780	0.142870	0.0832	0.0985	0.0740	0.0200	0.1156	0.0311	0.1696
000520	V	0.154828	0.201440	0.146743	0.0677	0.0851	0.1020	0.0310	0.1263	0.0458	0.1689
000521	A	0.165862	0.249088	0.150322	0.0554	0.0909	0.1260	0.0450	0.1395	0.0612	0.1676
000522	P	0.126527	0.288608	0.153310	0.0991	0.1881	0.1510	0.0550	0.1677	0.0605	0.1621
000523	E	0.082690	0.321528	0.155283	0.0526	0.1298	0.1720	0.0580	0.1524	0.0860	0.1589
000524	I	0.068096	0.358560	0.156142	0.0935	0.1969	0.2020	0.0660	0.1792	0.0942	0.1501
000525	L	0.069119	0.371551	0.157846	0.0813	0.2292	0.2030	0.0660	0.1853	0.1016	0.1442
000526	S	0.091059	0.392551	0.161180	0.0909	0.1424	0.1970	0.0760	0.1792	0.1025	0.1372
000527	E	0.108934	0.409290	0.165979	0.0677	0.1184	0.1960	0.0850	0.1777	0.1114	0.1327
000528	K	0.116038	0.390852	0.170833	0.0336	0.0870	0.1620	0.0750	0.1601	0.1130	0.1242
000529	G	0.112405	0.346839	0.174568	0.0274	0.0851	0.1370	0.0680	0.1472	0.1001	0.1185
000530	Y	0.095350	0.309482	0.177598	0.0414	0.1007	0.1150	0.0600	0.1400	0.0856	0.1148
000531	G	0.079055	0.269383	0.180855	0.0701	0.0948	0.0970	0.0610	0.1319	0.0713	0.1112
000532	L	0.076012	0.209186	0.184014	0.0567	0.0704	0.0730	0.0440	0.1115	0.0609	0.1071
000533	E	0.073955	0.179762	0.187424	0.0286	0.0341	0.0590	0.0350	0.0938	0.0653	0.1041
000534	V	0.071850	0.157002	0.190633	0.0121	0.0191	0.0550	0.0330	0.0843	0.0671	0.0978
000535	D	0.047984	0.122954	0.194602	0.0131	0.0205	0.0570	0.0360	0.0760	0.0638	0.0974
000536	M	0.024118	0.076700	0.199474	0.0141	0.0218	0.0610	0.0410	0.0662	0.0637	0.0933
000537	W	0.006838	0.050611	0.205106	0.0079	0.0151	0.0660	0.0450	0.0586	0.0692	0.0871
000538	A	0.000300	0.035238	0.210983	0.0031	0.0141	0.0680	0.0420	0.0553	0.0733	0.0790
000539	A	0.000220	0.024731	0.216472	0.0015	0.0091	0.0660	0.0330	0.0530	0.0764	0.0748
000540	G	0.000149	0.018779	0.221073	0.0021	0.0099	0.0610	0.0220	0.0521	0.0782	0.0711
000541	V	0.000088	0.013931	0.224838	0.0021	0.0174	0.0590	0.0170	0.0529	0.0793	0.0671
000542	I	0.000099	0.010828	0.227100	0.0029	0.0101	0.0600	0.0190	0.0518	0.0809	0.0656
000543	L	0.000155	0.009797	0.228096	0.0082	0.0151	0.0610	0.0250	0.0537	0.0804	0.0651
000544	Y	0.004418	0.009948	0.228313	0.0031	0.0138	0.0660	0.0350	0.0543	0.0808	0.0638
000545	I	0.013445	0.010440	0.227773	0.0055	0.0223	0.0770	0.0490	0.0595	0.0790	0.0655
000546	L	0.022677	0.013542	0.227482	0.0049	0.0227	0.0880	0.0550	0.0631	0.0782	0.0667
000547	L	0.032335	0.021369	0.227150	0.0082	0.0275	0.1020	0.0610	0.0697	0.0765	0.0713
000548	C	0.046292	0.034247	0.227488	0.0182	0.0555	0.1130	0.0460	0.0825	0.0713	0.0768
000549	G	0.060077	0.060926	0.228768	0.0218	0.0690	0.1320	0.0570	0.0954	0.0679	0.0844
000550	F	0.071036	0.101979	0.231411	0.0308	0.0870	0.1680	0.0620	0.1151	0.0663	0.0917
000551	P	0.086138	0.167502	0.234658	0.0336	0.0909	0.2160	0.0720	0.1382	0.0732	0.1014
000552	P	0.101221	0.256071	0.237727	0.0587	0.0835	0.3490	0.1140	0.1810	0.1064	0.1125
000553	F	0.112195	0.375198	0.240724	0.1178	0.0719	0.4660	0.1980	0.2307	0.1463	0.1199
000554	R	0.119890	0.491720	0.243847	0.1150	0.1251	0.4920	0.2200	0.2645	0.1665	0.1278
000555	S	0.129409	0.583952	0.247118	0.1150	0.1298	0.5020	0.2060	0.2846	0.1894	0.1388
000556	P	0.138497	0.671180	0.248971	0.1805	0.1298	0.5080	0.1950	0.3129	0.2050	0.1477
000557	E	0.149265	0.703619	0.248593	0.1805	0.2002	0.4920	0.2000	0.3290	0.2018	0.1527
000558	R	0.151037	0.667917	0.246113	0.1878	0.2002	0.4660	0.1960	0.3198	0.1862	0.1514
000559	D	0.158955	0.639351	0.243233	0.2748	0.2752	0.4010	0.1720	0.3321	0.1547	0.1515
000560	Q	0.162715	0.581403	0.241697	0.1732	0.2752	0.3020	0.1310	0.2894	0.1399	0.1476
000561	D	0.172300	0.467193	0.241113	0.2786	0.2752	0.2280	0.1270	0.2771	0.0920	0.1418
000562	E	0.184995	0.377664	0.240166	0.2209	0.2609	0.1360	0.0640	0.2367	0.0748	0.1299
000563	L	0.196206	0.306149	0.239261	0.1150	0.1399	0.1000	0.0490	0.1827	0.0729	0.1186
000564	F	0.183131	0.220065	0.237535	0.2122	0.1671	0.0820	0.0410	0.1837	0.0510	0.1103
000565	N	0.164511	0.158753	0.235234	0.1532	0.1914	0.0710	0.0370	0.1623	0.0494	0.1015
000566	I	0.139918	0.122972	0.231285	0.0991	0.2164	0.0630	0.0270	0.1454	0.0604	0.0926
000567	I	0.124473	0.093764	0.225945	0.1018	0.1275	0.0610	0.0220	0.1223	0.0514	0.0874
000568	Q	0.105609	0.083453	0.219330	0.1088	0.0676	0.0530	0.0200	0.1064	0.0541	0.0856
000569	L	0.086713	0.073676	0.211828	0.0813	0.0704	0.0500	0.0200	0.0956	0.0532	0.0869
000570	G	0.062024	0.069388	0.204182	0.0387	0.0734	0.0420	0.0200	0.0816	0.0563	0.0914
000571	H	0.034215	0.069831	0.196552	0.0376	0.0405	0.0370	0.0170	0.0692	0.0582	0.0968
000572	F	0.006410	0.072016	0.188407	0.0350	0.0380	0.0370	0.0120	0.0629	0.0593	0.1026
000573	E	0.000746	0.073540	0.180178	0.0150	0.0380	0.0390	0.0110	0.0578	0.0592	0.1128
000574	F	0.000737	0.082266	0.172044	0.0316	0.0543	0.0470	0.0160	0.0647	0.0539	0.1245
000575	L	0.000667	0.104840	0.164234	0.0621	0.0888	0.0530	0.0190	0.0789	0.0502	0.1388
000576	P	0.000625	0.117736	0.156557	0.0514	0.0799	0.0560	0.0180	0.0771	0.0499	0.1600
000577	P	0.000695	0.123408	0.148958	0.0771	0.1349	0.0590	0.0130	0.0907	0.0512	0.1817
000578	Y	0.001969	0.145335	0.141727	0.1322	0.1373	0.0700	0.0130	0.1047	0.0526	0.2019
000579	W	0.005155	0.161696	0.134327	0.1240	0.0909	0.0880	0.0200	0.1006	0.0496	0.2262
000580	D	0.005422	0.172637	0.126605	0.1240	0.1373	0.1200	0.0440	0.1144	0.0518	0.2472
000581	N	0.006490	0.190919	0.118295	0.0771	0.1349	0.1960	0.0830	0.1206	0.0655	0.2619
000582	I	0.008049	0.250278	0.109915	0.0858	0.0835	0.2460	0.1050	0.1307	0.0889	0.2769
000583	S	0.009720	0.284656	0.101357	0.1456	0.0985	0.2640	0.0940	0.1507	0.0965	0.3021
000584	D	0.011453	0.295574	0.093373	0.0813	0.0618	0.2800	0.0690	0.1373	0.1096	0.3326
000585	A	0.020582	0.336586	0.086053	0.0884	0.0780	0.2570	0.0740	0.1444	0.1124	0.3661
000586	A	0.113135	0.345406	0.079350	0.1018	0.1298	0.2330	0.0790	0.1670	0.0934	0.3983
000587	K	0.220134	0.319394	0.074311	0.0526	0.1275	0.1760	0.0760	0.1616	0.0905	0.4222
000588	D	0.322348	0.307775	0.071658	0.0425	0.1092	0.1220	0.0470	0.1625	0.1109	0.4186
000589	L	0.429426	0.287238	0.072321	0.0771	0.1643	0.0800	0.0200	0.1851	0.1329	0.3959
000590	V	0.534342	0.232953	0.075234	0.1380	0.2541	0.0580	0.0140	0.2154	0.1602	0.3855
000591	S	0.613022	0.202216	0.080214	0.1292	0.1643	0.0530	0.0120	0.2070	0.1882	0.3768
000592	R	0.693390	0.201419	0.085235	0.1266	0.1554	0.0650	0.0170	0.2212	0.2158	0.3643
000593	L	0.765285	0.180219	0.090483	0.1349	0.2064	0.0830	0.0210	0.2434	0.2376	0.3528
000594	L	0.766979	0.180301	0.095990	0.1322	0.2064	0.0940	0.0230	0.2460	0.2366	0.3539
000595	V	0.679428	0.214550	0.104923	0.1088	0.2034	0.0990	0.0310	0.2351	0.2042	0.3615
000596	V	0.575950	0.284454	0.116886	0.1416	0.1702	0.1120	0.0280	0.2335	0.1636	0.3752
000597	D	0.485034	0.338203	0.130563	0.1732	0.1298	0.1520	0.0460	0.2347	0.1329	0.3897
000598	P	0.388846	0.382665	0.145360	0.1322	0.1373	0.1740	0.0640	0.2267	0.1132	0.3989
000599	K	0.283134	0.410951	0.162051	0.0884	0.1275	0.1650	0.0770	0.2061	0.1092	0.4115
000600	K	0.203156	0.402223	0.179769	0.1602	0.2129	0.1240	0.0590	0.2138	0.0891	0.4188
000601	R	0.121500	0.381425	0.198826	0.2432	0.1823	0.1190	0.0520	0.2077	0.0890	0.4209
000602	Y	0.048561	0.367659	0.219209	0.2748	0.1229	0.1110	0.0460	0.1907	0.1083	0.4184
000603	T	0.038968	0.337043	0.242196	0.1958	0.1323	0.1080	0.0420	0.1757	0.0966	0.4170
000604	A	0.040518	0.319732	0.265855	0.2080	0.2034	0.1070	0.0410	0.1908	0.0933	0.4177
000605	H	0.039048	0.293528	0.288812	0.2786	0.2575	0.1130	0.0310	0.2117	0.0990	0.4189
000606	Q	0.025985	0.262328	0.310698	0.3359	0.3249	0.1250	0.0370	0.2308	0.1158	0.4183
000607	V	0.016640	0.223287	0.333092	0.3885	0.3872	0.1380	0.0410	0.2478	0.1370	0.4139
000608	L	0.017833	0.219681	0.355634	0.3992	0.3840	0.1440	0.0430	0.2533	0.1399	0.4102
000609	Q	0.023724	0.251838	0.379395	0.3806	0.3774	0.1420	0.0530	0.2591	0.1369	0.4118
000610	H	0.029609	0.290557	0.403417	0.3806	0.3840	0.1440	0.0560	0.2720	0.1397	0.4116
000611	P	0.035757	0.312283	0.427624	0.3939	0.3215	0.1430	0.0540	0.2723	0.1389	0.4147
000612	W	0.085833	0.342125	0.452311	0.3885	0.3215	0.1560	0.0570	0.2911	0.1286	0.4172
000613	I	0.130566	0.373822	0.478041	0.4245	0.4051	0.1630	0.0670	0.3292	0.1330	0.4222
000614	E	0.178626	0.395281	0.505269	0.4379	0.4087	0.1640	0.0740	0.3483	0.1299	0.4275
000615	T	0.251798	0.436444	0.532320	0.4749	0.4330	0.1940	0.0870	0.3871	0.1217	0.4311
000616	A	0.337909	0.478592	0.558355	0.4651	0.4441	0.2120	0.0960	0.4161	0.1118	0.4326
000617	G	0.438498	0.506036	0.584601	0.4651	0.3704	0.2130	0.1050	0.4297	0.1165	0.4318
000618	K	0.530893	0.546081	0.610727	0.5229	0.4330	0.2300	0.1220	0.4790	0.1228	0.4294
000619	T	0.579001	0.577080	0.636567	0.5331	0.5456	0.2490	0.1210	0.5201	0.1255	0.4278
000620	N	0.642630	0.608501	0.660568	0.5331	0.5382	0.2770	0.1330	0.5433	0.1285	0.4277
000621	T	0.672849	0.642491	0.682780	0.5473	0.5382	0.3270	0.1560	0.5685	0.1218	0.4274
000622	V	0.632174	0.681766	0.702592	0.5173	0.5176	0.3530	0.1510	0.5674	0.1201	0.4285
000623	K	0.633545	0.713740	0.721662	0.6124	0.6531	0.3330	0.1540	0.6113	0.1305	0.4286
000624	R	0.615650	0.738521	0.740464	0.6681	0.7595	0.3560	0.1700	0.6463	0.1391	0.4292
000625	Q	0.557196	0.757956	0.759117	0.6827	0.5992	0.3670	0.1550	0.6205	0.1359	0.4306
000626	K	0.474312	0.776837	0.775335	0.7111	0.5951	0.3960	0.1400	0.6214	0.1467	0.4324
000627	Q	0.423868	0.790044	0.789729	0.6715	0.6227	0.4260	0.1440	0.6207	0.1507	0.4336
000628	V	0.475033	0.805072	0.803690	0.6756	0.6269	0.4090	0.1410	0.6325	0.1505	0.4335
000629	S	0.510172	0.823253	0.817179	0.6650	0.6322	0.3690	0.1200	0.6361	0.1612	0.4342
000630	P	0.478838	0.839781	0.828966	0.6756	0.6183	0.4080	0.1180	0.6416	0.1619	0.4364
000631	S	0.559682	0.853718	0.839629	0.6870	0.5992	0.4820	0.1430	0.6702	0.1387	0.4394
000632	S	0.597617	0.869040	0.848772	0.6944	0.5139	0.5130	0.1580	0.6728	0.1451	0.4440
000633	E	0.627064	0.873370	0.856133	0.7458	0.5211	0.4800	0.1550	0.6839	0.1531	0.4509
000634	G	0.651029	0.874542	0.860887	0.7079	0.5342	0.5100	0.1620	0.6898	0.1425	0.4645
000635	H	0.639592	0.873963	0.865217	0.6681	0.5493	0.5580	0.1490	0.6924	0.1321	0.4787
000636	F	0.599891	0.874750	0.870678	0.6516	0.4766	0.6150	0.1400	0.6814	0.1455	0.4893
000637	R	0.534115	0.872115	0.877174	0.6557	0.4801	0.6760	0.0890	0.6826	0.1514	0.4933
000638	S	0.492242	0.876975	0.883084	0.6124	0.4619	0.6540	0.0940	0.6634	0.1666	0.4949
000639	Q	0.493464	0.892834	0.888816	0.6604	0.5211	0.8790	0.1020	0.7227	0.1723	0.4958
000640	H	0.443200	0.897413	0.893489	0.6944	0.5098	0.8990	0.0870	0.7228	0.1893	0.5013
000641	K	0.384364	0.905862	0.898043	0.7079	0.4619	0.9120	0.0840	0.7116	0.2168	0.5020
000642	R	0.396196	0.910295	0.902826	0.7418	0.4507	0.9160	0.0610	0.7196	0.2182	0.5049
000643	V	0.431558	0.936886	0.907760	0.7817	0.4330	0.9520	0.0250	0.7405	0.2247	0.5071
000644	V	0.473456	0.949009	0.912006	0.8283	0.4017	0.9330	0.0400	0.7496	0.2248	0.5072
000645	E	0.286740	0.953684	0.914803	0.8521	0.3667	0.9650	0.0270	0.7232	0.2836	0.5000
000646	Q	0.882107	0.959869	0.917379	0.8650	0.3392	0.9580	0.0390	0.8202	0.2180	0.4927
000647	V	0.800298	0.965865	0.921048	0.9316	0.4864	0.9310	0.0400	0.8394	0.1662	0.4902
000648	S	0.447814	0.973941	0.923097	0.9466	0.4619	0.9270	0.0670	0.7801	0.2306	0.4932