RESNUM	RES	VL-XT	VSL2B	VL3	IUPred-S	IUPred-L	PONDRFIT	FITERROR	MDP	MDPERROR	ANCHOR2
000001	M	0.730083	0.764929	0.707546	0.9141	0.3566	0.9710	0.0210	0.7408	0.1969	0.4306
000002	S	0.790347	0.772456	0.704742	0.8311	0.2817	0.9750	0.0100	0.7258	0.2148	0.4341
000003	S	0.617008	0.758370	0.700612	0.7912	0.3566	0.9540	0.0340	0.6964	0.1831	0.4344
000004	L	0.726045	0.753905	0.700698	0.6827	0.3983	0.9370	0.0360	0.6998	0.1587	0.4365
000005	Y	0.633810	0.750205	0.703911	0.6650	0.3872	0.9350	0.0200	0.6792	0.1626	0.4388
000006	P	0.608081	0.737135	0.708280	0.6334	0.3053	0.9370	0.0160	0.6548	0.1888	0.4380
000007	S	0.585814	0.720633	0.711527	0.5623	0.3426	0.9360	0.0290	0.6431	0.1810	0.4365
000008	L	0.576303	0.705412	0.710735	0.4513	0.3392	0.9430	0.0240	0.6209	0.1953	0.4362
000009	E	0.550477	0.700687	0.708425	0.4245	0.3704	0.9180	0.0350	0.6120	0.1861	0.4336
000010	D	0.524453	0.708252	0.706542	0.3456	0.3286	0.8730	0.0680	0.5811	0.1998	0.4324
000011	L	0.535996	0.718908	0.705872	0.3184	0.3529	0.8450	0.0510	0.5795	0.1946	0.4330
000012	K	0.556310	0.703776	0.703639	0.2786	0.3599	0.8040	0.0540	0.5678	0.1915	0.4322
000013	V	0.586828	0.685337	0.700493	0.2865	0.3599	0.7780	0.0560	0.5662	0.1819	0.4322
000014	D	0.621307	0.654046	0.696791	0.2432	0.3872	0.7410	0.0580	0.5573	0.1800	0.4325
000015	Q	0.655009	0.669910	0.693976	0.3096	0.4507	0.7100	0.0810	0.5814	0.1491	0.4334
000016	A	0.642741	0.649529	0.691165	0.4116	0.5098	0.7210	0.0750	0.6042	0.1085	0.4326
000017	I	0.678920	0.636163	0.689302	0.3762	0.5098	0.6610	0.0830	0.5920	0.1134	0.4305
000018	Q	0.723111	0.641700	0.688641	0.3263	0.4801	0.5510	0.1140	0.5684	0.1357	0.4290
000019	A	0.771109	0.652825	0.687360	0.4333	0.4831	0.5190	0.1310	0.5911	0.1206	0.4275
000020	Q	0.794788	0.651794	0.683505	0.3885	0.4901	0.4490	0.1220	0.5764	0.1436	0.4265
000021	V	0.817925	0.660716	0.676666	0.2913	0.4017	0.4910	0.1190	0.5566	0.1790	0.4256
000022	R	0.850222	0.664819	0.669118	0.3939	0.4801	0.5130	0.1140	0.5951	0.1505	0.4249
000023	A	0.876365	0.660287	0.662429	0.3184	0.4541	0.6190	0.1240	0.5984	0.1755	0.4251
000024	S	0.896868	0.669431	0.656990	0.4078	0.5342	0.6090	0.1300	0.6290	0.1486	0.4260
000025	P	0.953732	0.661786	0.652438	0.3491	0.4766	0.5920	0.1570	0.6143	0.1865	0.4270
000026	K	0.969010	0.659566	0.649464	0.3399	0.3807	0.5930	0.1280	0.5986	0.2073	0.4283
000027	M	0.980665	0.660881	0.647828	0.3359	0.4087	0.6450	0.1400	0.6131	0.2075	0.4297
000028	P	0.985704	0.635373	0.647050	0.3225	0.5296	0.5730	0.1520	0.6155	0.1973	0.4306
000029	A	0.988316	0.626548	0.647614	0.3096	0.5533	0.5660	0.1620	0.6152	0.2000	0.4307
000030	L	0.989514	0.622130	0.649037	0.3717	0.6322	0.5520	0.1560	0.6360	0.1836	0.4312
000031	P	0.990951	0.611553	0.651682	0.3847	0.5382	0.5180	0.1530	0.6158	0.1876	0.4307
000032	V	0.993300	0.619210	0.656261	0.4825	0.5296	0.5250	0.1650	0.6344	0.1710	0.4301
000033	Q	0.994206	0.585201	0.661399	0.4078	0.4409	0.5240	0.1340	0.6023	0.1947	0.4312
000034	A	0.994543	0.586802	0.665522	0.3806	0.4979	0.4970	0.1140	0.6037	0.1955	0.4332
000035	T	0.994425	0.599297	0.667531	0.3005	0.5139	0.5040	0.1100	0.5965	0.2107	0.4323
000036	A	0.993096	0.630365	0.668134	0.3005	0.4087	0.5190	0.1310	0.5866	0.2206	0.4308
000037	I	0.990211	0.604641	0.668926	0.3096	0.3840	0.5380	0.1360	0.5825	0.2199	0.4289
000038	S	0.983695	0.568737	0.670211	0.2748	0.4256	0.5060	0.1560	0.5714	0.2211	0.4270
000039	P	0.971804	0.598222	0.674761	0.2167	0.3249	0.4660	0.1390	0.5421	0.2464	0.4254
000040	P	0.959304	0.556815	0.680651	0.2700	0.3667	0.4730	0.1490	0.5510	0.2246	0.4245
000041	P	0.948794	0.572919	0.686815	0.2657	0.4476	0.4390	0.1370	0.5601	0.2166	0.4250
000042	V	0.929859	0.580310	0.692246	0.2657	0.3356	0.4440	0.1360	0.5412	0.2247	0.4269
000043	L	0.916722	0.568235	0.699174	0.3456	0.3704	0.3910	0.1260	0.5485	0.2067	0.4294
000044	Y	0.903063	0.584572	0.706533	0.2558	0.3631	0.3350	0.1070	0.5247	0.2288	0.4347
000045	P	0.890426	0.600879	0.714135	0.2602	0.3149	0.2890	0.1020	0.5117	0.2394	0.4395
000046	N	0.873987	0.592875	0.720038	0.2657	0.3087	0.3160	0.1030	0.5128	0.2314	0.4416
000047	L	0.848077	0.598059	0.726110	0.2255	0.2645	0.3770	0.1250	0.5065	0.2337	0.4422
000048	A	0.798267	0.609069	0.732556	0.3146	0.3494	0.3680	0.1320	0.5287	0.1934	0.4455
000049	E	0.748963	0.622819	0.740991	0.2432	0.3494	0.4050	0.1480	0.5185	0.1961	0.4496
000050	L	0.708573	0.630136	0.751289	0.2209	0.3249	0.4220	0.1280	0.5096	0.1990	0.4537
000051	E	0.706115	0.651658	0.763364	0.1958	0.3087	0.3260	0.0900	0.4919	0.2213	0.4592
000052	N	0.696189	0.671203	0.776047	0.1878	0.2164	0.3770	0.1010	0.4875	0.2367	0.4629
000053	Y	0.683777	0.694949	0.788712	0.2748	0.2849	0.3960	0.0880	0.5205	0.2084	0.4648
000054	M	0.671366	0.702554	0.799312	0.2748	0.3667	0.3760	0.0910	0.5318	0.1991	0.4647
000055	G	0.664819	0.705600	0.808114	0.3717	0.4476	0.3760	0.1060	0.5624	0.1711	0.4624
000056	L	0.666718	0.704656	0.814999	0.3717	0.3426	0.4100	0.0990	0.5517	0.1836	0.4606
000057	S	0.708128	0.715636	0.819668	0.3668	0.2609	0.4390	0.0970	0.5517	0.2060	0.4604
000058	L	0.749538	0.722404	0.823194	0.3806	0.3356	0.4680	0.1050	0.5799	0.1916	0.4604
000059	S	0.781404	0.738123	0.825645	0.3535	0.2817	0.4620	0.1150	0.5738	0.2160	0.4583
000060	S	0.787778	0.750726	0.827759	0.3491	0.2951	0.4930	0.1140	0.5839	0.2144	0.4557
000061	Q	0.797157	0.756963	0.829257	0.3491	0.3840	0.5390	0.1210	0.6092	0.1953	0.4509
000062	E	0.809015	0.758186	0.830030	0.3535	0.3667	0.5920	0.1280	0.6183	0.1978	0.4482
000063	V	0.823099	0.756513	0.830720	0.3717	0.3740	0.5820	0.1450	0.6230	0.1949	0.4460
000064	Q	0.833854	0.753365	0.830941	0.4513	0.4541	0.5360	0.1510	0.6432	0.1672	0.4448
000065	E	0.853110	0.742510	0.832000	0.5084	0.4901	0.5390	0.1370	0.6609	0.1528	0.4424
000066	S	0.861365	0.737820	0.831249	0.5084	0.4619	0.6270	0.1220	0.6712	0.1519	0.4399
000067	L	0.870831	0.717700	0.827563	0.5802	0.4725	0.6430	0.1030	0.6853	0.1377	0.4392
000068	L	0.879392	0.717578	0.821402	0.5473	0.4725	0.6070	0.1320	0.6741	0.1455	0.4384
000069	Q	0.890543	0.704454	0.815164	0.5549	0.5533	0.5950	0.1390	0.6856	0.1303	0.4373
000070	I	0.901851	0.697112	0.808356	0.5549	0.5901	0.5920	0.1220	0.6907	0.1270	0.4365
000071	P	0.913785	0.702810	0.799776	0.5583	0.5901	0.5410	0.1250	0.6843	0.1364	0.4354
000072	E	0.926215	0.675835	0.790734	0.5711	0.6227	0.6490	0.0990	0.7058	0.1190	0.4337
000073	G	0.940944	0.704506	0.782375	0.5514	0.5992	0.7100	0.0900	0.7147	0.1264	0.4332
000074	D	0.952497	0.723942	0.773844	0.6374	0.6948	0.7150	0.1010	0.7496	0.0993	0.4332
000075	S	0.965169	0.725866	0.764933	0.6293	0.6482	0.7400	0.1150	0.7456	0.1096	0.4333
000076	T	0.976583	0.723134	0.754057	0.6124	0.5419	0.7890	0.1200	0.7328	0.1379	0.4341
000077	A	0.987852	0.727919	0.742823	0.5846	0.5139	0.8070	0.1190	0.7274	0.1530	0.4347
000078	V	0.992215	0.724016	0.728962	0.5846	0.6427	0.8060	0.1290	0.7464	0.1302	0.4357
000079	S	0.995114	0.717711	0.715190	0.6124	0.6531	0.7620	0.1520	0.7426	0.1228	0.4362
000080	G	0.998035	0.720242	0.700355	0.6255	0.6531	0.7780	0.1640	0.7459	0.1228	0.4366
000081	P	0.997881	0.700385	0.686321	0.6412	0.7628	0.7970	0.1580	0.7642	0.1161	0.4373
000082	G	0.998185	0.685760	0.673720	0.6174	0.6136	0.8080	0.1550	0.7328	0.1350	0.4376
000083	P	0.997906	0.665427	0.663419	0.5941	0.5951	0.7610	0.1600	0.7129	0.1392	0.4393
000084	G	0.997401	0.639820	0.654076	0.5253	0.5055	0.7530	0.1650	0.6792	0.1647	0.4410
000085	Q	0.997081	0.612394	0.643991	0.5043	0.4864	0.7310	0.1710	0.6626	0.1711	0.4425
000086	M	0.996467	0.584234	0.632886	0.4556	0.4220	0.7380	0.1580	0.6382	0.1921	0.4446
000087	V	0.995565	0.563706	0.621090	0.4513	0.4186	0.7250	0.1650	0.6292	0.1931	0.4464
000088	A	0.989838	0.529057	0.610002	0.4333	0.4476	0.7080	0.1710	0.6196	0.1904	0.4485
000089	P	0.974967	0.513368	0.599246	0.5008	0.4864	0.5960	0.1530	0.6118	0.1683	0.4489
000090	V	0.960449	0.484458	0.588947	0.5043	0.4979	0.5570	0.1700	0.5989	0.1657	0.4496
000091	T	0.945998	0.444641	0.578649	0.4651	0.4119	0.4970	0.1770	0.5572	0.1814	0.4491
000092	G	0.921831	0.433273	0.569016	0.4333	0.3807	0.4600	0.1520	0.5330	0.1830	0.4485
000093	Y	0.890930	0.395842	0.561459	0.3578	0.4087	0.4150	0.1440	0.5049	0.1840	0.4479
000094	S	0.868920	0.411607	0.554486	0.3359	0.3807	0.3410	0.1250	0.4821	0.1877	0.4458
000095	L	0.843024	0.402712	0.547303	0.3578	0.3182	0.3270	0.1110	0.4660	0.1852	0.4429
000096	G	0.804569	0.381794	0.538049	0.3491	0.3182	0.3310	0.1070	0.4538	0.1731	0.4391
000097	V	0.768394	0.374406	0.529300	0.3184	0.3566	0.3290	0.1100	0.4460	0.1602	0.4363
000098	R	0.723261	0.394319	0.523245	0.3806	0.3356	0.3260	0.1280	0.4471	0.1393	0.4347
000099	R	0.709695	0.421221	0.518676	0.4116	0.3740	0.3260	0.1370	0.4602	0.1258	0.4338
000100	A	0.709339	0.422063	0.515304	0.3005	0.2715	0.3590	0.1460	0.4297	0.1485	0.4337
000101	E	0.720116	0.434544	0.511724	0.3668	0.2680	0.3690	0.1490	0.4450	0.1435	0.4337
000102	I	0.747647	0.444761	0.510264	0.2820	0.2609	0.4380	0.1750	0.4473	0.1614	0.4335
000103	K	0.766147	0.442269	0.507136	0.2080	0.2752	0.3930	0.1600	0.4320	0.1797	0.4333
000104	P	0.792660	0.413753	0.501806	0.2786	0.3667	0.3530	0.1370	0.4511	0.1669	0.4335
000105	G	0.831242	0.392816	0.494722	0.2748	0.3704	0.3850	0.1550	0.4581	0.1787	0.4337
000106	V	0.864091	0.351226	0.487650	0.3184	0.4441	0.3220	0.1290	0.4646	0.1894	0.4326
000107	R	0.913962	0.313314	0.483623	0.3225	0.4441	0.2530	0.1050	0.4551	0.2198	0.4306
000108	E	0.941987	0.295027	0.480269	0.3717	0.5176	0.2130	0.0840	0.4699	0.2351	0.4287
000109	I	0.956794	0.300622	0.478802	0.3717	0.5139	0.2090	0.0840	0.4718	0.2399	0.4253
000110	H	0.968152	0.316943	0.475195	0.3668	0.4330	0.2250	0.0820	0.4642	0.2393	0.4219
000111	L	0.972028	0.338550	0.472009	0.3992	0.4652	0.2630	0.0870	0.4850	0.2294	0.4204
000112	C	0.975891	0.386107	0.466647	0.3225	0.3807	0.2840	0.0840	0.4693	0.2335	0.4219
000113	K	0.975884	0.433715	0.459233	0.3939	0.4685	0.2990	0.1020	0.5050	0.2180	0.4259
000114	D	0.976368	0.472865	0.449218	0.3096	0.4725	0.3470	0.1090	0.5045	0.2201	0.4297
000115	E	0.984933	0.518368	0.439689	0.2786	0.3774	0.3520	0.1360	0.4918	0.2326	0.4308
000116	R	0.994539	0.552767	0.432890	0.2786	0.3840	0.3570	0.1650	0.4999	0.2362	0.4256
000117	G	0.992953	0.525436	0.428563	0.2602	0.4541	0.3300	0.1730	0.4985	0.2371	0.4184
000118	K	0.991583	0.522206	0.426448	0.2602	0.4507	0.2640	0.1310	0.4859	0.2455	0.4110
000119	T	0.993244	0.511007	0.422967	0.2602	0.3631	0.2070	0.0680	0.4597	0.2587	0.4033
000120	G	0.958993	0.484716	0.417385	0.3491	0.3529	0.1930	0.0450	0.4593	0.2403	0.3957
000121	L	0.894510	0.442609	0.408779	0.2558	0.2817	0.1960	0.0540	0.4133	0.2316	0.3931
000122	R	0.802102	0.419557	0.399658	0.2483	0.3599	0.1830	0.0620	0.4021	0.1974	0.3903
000123	L	0.692486	0.379860	0.389573	0.2483	0.3529	0.1770	0.0580	0.3733	0.1617	0.3896
000124	R	0.582971	0.341984	0.377504	0.2483	0.2918	0.1580	0.0510	0.3334	0.1318	0.3890
000125	K	0.472983	0.309208	0.363738	0.1667	0.2817	0.1620	0.0480	0.2927	0.1087	0.3908
000126	V	0.364792	0.277595	0.350356	0.1178	0.2436	0.1500	0.0430	0.2506	0.0927	0.3930
000127	D	0.256315	0.258422	0.337410	0.1205	0.2503	0.1310	0.0350	0.2257	0.0764	0.3958
000128	Q	0.147743	0.240689	0.324556	0.0965	0.2541	0.1070	0.0200	0.1951	0.0837	0.3994
000129	G	0.071558	0.211692	0.309950	0.0965	0.2849	0.0990	0.0140	0.1789	0.0951	0.4056
000130	L	0.025750	0.176967	0.295281	0.0935	0.2503	0.0950	0.0150	0.1562	0.0942	0.4145
000131	F	0.008715	0.163742	0.279554	0.1178	0.2503	0.0910	0.0130	0.1518	0.0927	0.4197
000132	V	0.008707	0.151498	0.264023	0.1495	0.2470	0.0890	0.0120	0.1516	0.0877	0.4151
000133	Q	0.009000	0.154970	0.247769	0.1495	0.1852	0.0890	0.0200	0.1392	0.0750	0.4121
000134	L	0.008644	0.164616	0.232989	0.1456	0.2503	0.0900	0.0260	0.1487	0.0824	0.4128
000135	V	0.007964	0.177611	0.219686	0.0991	0.1759	0.0880	0.0330	0.1280	0.0707	0.4106
000136	Q	0.007570	0.199749	0.208435	0.1018	0.1791	0.1000	0.0430	0.1327	0.0708	0.4072
000137	A	0.006592	0.226762	0.198437	0.0909	0.1501	0.1070	0.0460	0.1300	0.0727	0.4065
000138	N	0.007273	0.249831	0.188597	0.0909	0.1399	0.1110	0.0460	0.1313	0.0762	0.4062
000139	T	0.007553	0.252692	0.180386	0.0478	0.1399	0.1150	0.0410	0.1239	0.0811	0.4062
000140	P	0.006971	0.256521	0.173860	0.0478	0.1424	0.1040	0.0400	0.1220	0.0819	0.4049
000141	A	0.006965	0.256799	0.169984	0.0858	0.1424	0.0940	0.0390	0.1261	0.0776	0.3971
000142	S	0.010508	0.243553	0.165826	0.1456	0.1583	0.0740	0.0260	0.1329	0.0737	0.3918
000143	L	0.015414	0.217917	0.163419	0.1349	0.2129	0.0620	0.0200	0.1345	0.0745	0.3932
000144	V	0.023959	0.210108	0.161584	0.0813	0.1373	0.0530	0.0180	0.1112	0.0645	0.3916
000145	G	0.034930	0.201792	0.160463	0.1380	0.2064	0.0540	0.0170	0.1325	0.0669	0.3874
000146	L	0.041533	0.188894	0.156554	0.1292	0.2645	0.0720	0.0250	0.1421	0.0737	0.3859
000147	R	0.045596	0.182820	0.150025	0.1322	0.2645	0.0850	0.0350	0.1434	0.0699	0.3825
000148	F	0.050268	0.183107	0.141555	0.1566	0.2988	0.0960	0.0400	0.1544	0.0775	0.3775
000149	G	0.050326	0.190907	0.133174	0.1602	0.2164	0.0920	0.0390	0.1405	0.0566	0.3667
000150	D	0.051455	0.199882	0.126884	0.1667	0.1881	0.1010	0.0440	0.1390	0.0519	0.3593
000151	Q	0.050119	0.206535	0.124453	0.0884	0.1583	0.0920	0.0320	0.1200	0.0510	0.3550
000152	L	0.047177	0.211752	0.124324	0.0909	0.1184	0.0760	0.0200	0.1114	0.0518	0.3578
000153	L	0.042097	0.219192	0.124403	0.0909	0.1206	0.0680	0.0180	0.1109	0.0562	0.3631
000154	Q	0.031028	0.219207	0.124196	0.0935	0.1759	0.0790	0.0240	0.1204	0.0623	0.3639
000155	I	0.024187	0.215129	0.125711	0.1416	0.2399	0.0980	0.0320	0.1408	0.0718	0.3711
000156	D	0.019136	0.232987	0.129210	0.1380	0.2436	0.1250	0.0420	0.1479	0.0752	0.3816
000157	G	0.013607	0.243628	0.133795	0.2122	0.2884	0.1480	0.0530	0.1733	0.0889	0.3943
000158	R	0.012636	0.256261	0.140218	0.2122	0.2951	0.1590	0.0610	0.1792	0.0914	0.4100
000159	D	0.011251	0.285791	0.148022	0.2820	0.3948	0.1820	0.0720	0.2172	0.1217	0.4267
000160	C	0.033789	0.314338	0.158572	0.2786	0.3356	0.2010	0.0620	0.2203	0.1037	0.4209
000161	A	0.056302	0.355872	0.170442	0.2786	0.2680	0.2320	0.0790	0.2268	0.0943	0.4087
000162	G	0.095515	0.388706	0.184440	0.2167	0.2645	0.2360	0.0920	0.2309	0.0883	0.4019
000163	W	0.180519	0.413960	0.199205	0.2432	0.3392	0.2490	0.1180	0.2708	0.0813	0.3963
000164	S	0.223030	0.439267	0.213733	0.3263	0.3840	0.2050	0.0970	0.2986	0.0909	0.3998
000165	S	0.249183	0.451315	0.228957	0.3225	0.3774	0.2140	0.1030	0.3072	0.0858	0.4015
000166	H	0.301322	0.452302	0.245606	0.3762	0.4619	0.2360	0.1150	0.3455	0.0912	0.4057
000167	K	0.386680	0.472983	0.263285	0.3762	0.4582	0.2420	0.1100	0.3665	0.0880	0.4159
000168	A	0.461328	0.497258	0.283458	0.3806	0.4619	0.2680	0.1070	0.3920	0.0896	0.4286
000169	H	0.494685	0.526872	0.303488	0.3717	0.3704	0.2860	0.1100	0.3923	0.0900	0.4262
000170	Q	0.494703	0.562778	0.322794	0.3717	0.2951	0.3400	0.1080	0.3979	0.0973	0.4101
000171	V	0.550810	0.589004	0.336860	0.3939	0.3019	0.3780	0.1300	0.4250	0.1071	0.3979
000172	V	0.550007	0.585571	0.347771	0.3806	0.2645	0.3890	0.1340	0.4196	0.1127	0.3898
000173	K	0.616461	0.595922	0.358042	0.3263	0.2034	0.3740	0.1280	0.4123	0.1477	0.3852
000174	K	0.688095	0.550423	0.368950	0.3578	0.2918	0.3310	0.1010	0.4314	0.1408	0.3791
000175	A	0.682156	0.514942	0.381558	0.2963	0.2951	0.2940	0.0890	0.4107	0.1446	0.3788
000176	S	0.655985	0.481480	0.393629	0.3053	0.3019	0.2530	0.1040	0.3986	0.1368	0.3774
000177	G	0.689240	0.445027	0.406132	0.3053	0.3182	0.2300	0.0930	0.3991	0.1473	0.3771
000178	D	0.738970	0.406765	0.418040	0.3146	0.2129	0.2140	0.0760	0.3842	0.1783	0.3825
000179	K	0.823449	0.365190	0.428400	0.3762	0.2470	0.2040	0.0690	0.4073	0.2015	0.3930
000180	I	0.811113	0.320942	0.436547	0.2700	0.2436	0.1860	0.0590	0.3779	0.2086	0.4016
000181	V	0.755688	0.289398	0.443030	0.2700	0.2436	0.1680	0.0490	0.3616	0.1945	0.4139
000182	V	0.671365	0.241359	0.448195	0.3399	0.2399	0.1600	0.0440	0.3501	0.1699	0.4212
000183	V	0.651004	0.234090	0.454089	0.3885	0.3053	0.1480	0.0460	0.3635	0.1623	0.4272
000184	V	0.703855	0.274451	0.459808	0.3184	0.2715	0.1440	0.0470	0.3621	0.1787	0.4290
000185	R	0.724653	0.260572	0.466770	0.3053	0.2817	0.1480	0.0500	0.3645	0.1863	0.4329
000186	D	0.640301	0.297021	0.472251	0.3005	0.3117	0.1500	0.0500	0.3620	0.1555	0.4275
000187	R	0.559818	0.331714	0.478351	0.3146	0.3182	0.1570	0.0540	0.3600	0.1288	0.4187
000188	P	0.477507	0.360057	0.485031	0.3184	0.3215	0.1590	0.0520	0.3535	0.1103	0.4151
000189	F	0.417715	0.389430	0.493330	0.3225	0.2817	0.1570	0.0540	0.3435	0.1075	0.4157
000190	Q	0.418656	0.422032	0.500546	0.3146	0.2783	0.1400	0.0510	0.3457	0.1175	0.4189
000191	R	0.415657	0.437060	0.504973	0.3359	0.3740	0.1460	0.0610	0.3690	0.1125	0.4207
000192	T	0.343597	0.446284	0.505207	0.3847	0.3704	0.1400	0.0570	0.3651	0.1138	0.4217
000193	V	0.245048	0.459046	0.502128	0.4458	0.4330	0.1260	0.0460	0.3685	0.1356	0.4175
000194	T	0.165139	0.453979	0.498844	0.4282	0.3948	0.1300	0.0460	0.3452	0.1435	0.4150
000195	M	0.141060	0.474959	0.496186	0.4879	0.3948	0.1450	0.0460	0.3566	0.1547	0.4039
000196	H	0.115816	0.511682	0.492308	0.3717	0.3019	0.1470	0.0370	0.3234	0.1533	0.3994
000197	K	0.129457	0.525854	0.484903	0.3184	0.2988	0.1540	0.0400	0.3185	0.1494	0.3990
000198	D	0.103533	0.509678	0.475111	0.2255	0.2951	0.1510	0.0370	0.2933	0.1531	0.4003
000199	S	0.074283	0.489773	0.461920	0.2080	0.2645	0.1330	0.0340	0.2719	0.1561	0.3949
000200	M	0.053438	0.436010	0.447820	0.3225	0.3704	0.1260	0.0290	0.2927	0.1509	0.3894
000201	G	0.048570	0.393826	0.433091	0.3146	0.2817	0.1210	0.0470	0.2655	0.1385	0.3892
000202	H	0.048537	0.345734	0.421303	0.3096	0.2094	0.1250	0.0640	0.2432	0.1289	0.3871
000203	V	0.060047	0.312063	0.411281	0.2432	0.2064	0.1520	0.0840	0.2308	0.1121	0.3922
000204	G	0.060769	0.272151	0.400668	0.2531	0.1942	0.1600	0.0870	0.2235	0.1049	0.4007
000205	F	0.060464	0.256899	0.388603	0.2657	0.1373	0.1960	0.1010	0.2176	0.1038	0.4031
000206	V	0.023101	0.258716	0.374042	0.2209	0.1643	0.2200	0.1160	0.2102	0.1053	0.4160
000207	I	0.025194	0.258301	0.359302	0.1602	0.1528	0.2570	0.1460	0.2022	0.1052	0.4290
000208	K	0.027137	0.270573	0.345190	0.1566	0.1501	0.2460	0.1350	0.1993	0.1020	0.4251
000209	K	0.092673	0.290049	0.332388	0.1532	0.1476	0.2080	0.1080	0.2041	0.0837	0.4107
000210	G	0.164431	0.287941	0.323465	0.1532	0.1251	0.1890	0.0760	0.2071	0.0729	0.3930
000211	K	0.236359	0.296294	0.318755	0.1766	0.1275	0.1830	0.0780	0.2230	0.0679	0.3781
000212	I	0.335046	0.312377	0.317898	0.1456	0.1349	0.1890	0.0640	0.2392	0.0845	0.3654
000213	V	0.444212	0.346744	0.316350	0.1088	0.1373	0.1610	0.0540	0.2524	0.1238	0.3554
000214	S	0.551710	0.369193	0.311797	0.1667	0.1881	0.1520	0.0480	0.2900	0.1413	0.3480
000215	L	0.652243	0.408841	0.304407	0.1667	0.1251	0.1880	0.0740	0.3076	0.1809	0.3382
000216	V	0.722046	0.438335	0.294812	0.2558	0.1424	0.1960	0.0660	0.3415	0.1935	0.3252
000217	K	0.757226	0.444145	0.284510	0.2292	0.1969	0.2460	0.0720	0.3597	0.1946	0.3154
000218	G	0.721016	0.475564	0.272689	0.2167	0.2951	0.3310	0.0840	0.3854	0.1698	0.3061
000219	S	0.658027	0.492021	0.259808	0.1998	0.2988	0.3820	0.0990	0.3817	0.1546	0.3006
000220	S	0.592293	0.459494	0.245105	0.1921	0.2094	0.4350	0.1150	0.3555	0.1491	0.2986
000221	A	0.484966	0.475520	0.231519	0.2041	0.1554	0.3980	0.1050	0.3250	0.1327	0.2966
000222	A	0.387393	0.500889	0.219101	0.1292	0.1048	0.3110	0.0650	0.2753	0.1404	0.2929
000223	R	0.296936	0.485509	0.209008	0.1380	0.1791	0.2120	0.0410	0.2534	0.1142	0.2957
000224	N	0.229391	0.422867	0.199238	0.1322	0.1791	0.1480	0.0250	0.2185	0.0968	0.2919
000225	G	0.188368	0.376373	0.188917	0.1349	0.1823	0.1190	0.0200	0.1983	0.0841	0.2902
000226	L	0.167388	0.298568	0.178316	0.1322	0.2541	0.0970	0.0150	0.1880	0.0689	0.2920
000227	L	0.143470	0.219752	0.168429	0.1805	0.3286	0.0880	0.0180	0.1882	0.0743	0.2896
000228	T	0.141538	0.165997	0.161021	0.1698	0.3356	0.0760	0.0210	0.1750	0.0785	0.2837
000229	N	0.138641	0.136485	0.155226	0.1732	0.2752	0.0810	0.0250	0.1599	0.0588	0.2789
000230	H	0.136035	0.121170	0.150543	0.1698	0.1914	0.0920	0.0360	0.1435	0.0323	0.2729
000231	Y	0.124775	0.117856	0.146399	0.1178	0.1881	0.0890	0.0340	0.1306	0.0308	0.2524
000232	V	0.104755	0.120362	0.143132	0.0858	0.1424	0.0700	0.0190	0.1111	0.0273	0.2310
000233	C	0.068713	0.140943	0.141030	0.1060	0.1702	0.0550	0.0140	0.1136	0.0413	0.2108
000234	E	0.036986	0.160817	0.139956	0.0554	0.1671	0.0490	0.0130	0.1016	0.0552	0.1852
000235	V	0.020156	0.177746	0.139863	0.0526	0.1583	0.0540	0.0190	0.1005	0.0602	0.1641
000236	D	0.014059	0.186468	0.140338	0.0587	0.1643	0.0540	0.0170	0.1029	0.0638	0.1475
000237	G	0.006900	0.200186	0.141384	0.0991	0.1583	0.0610	0.0210	0.1111	0.0641	0.1326
000238	Q	0.005536	0.202231	0.142488	0.1532	0.2002	0.0680	0.0200	0.1286	0.0709	0.1208
000239	N	0.008799	0.212610	0.142576	0.0909	0.2064	0.0840	0.0230	0.1242	0.0718	0.1145
000240	V	0.020699	0.223541	0.142098	0.0677	0.1251	0.1130	0.0310	0.1154	0.0629	0.1098
000241	I	0.022542	0.267107	0.139889	0.0660	0.0749	0.1310	0.0330	0.1169	0.0780	0.1057
000242	G	0.025471	0.301172	0.135463	0.0607	0.1070	0.1520	0.0460	0.1304	0.0876	0.1108
000243	L	0.027419	0.318727	0.128262	0.0514	0.1554	0.1600	0.0500	0.1402	0.0942	0.1186
000244	K	0.028795	0.332195	0.121061	0.0621	0.1881	0.1410	0.0430	0.1456	0.0982	0.1285
000245	D	0.029414	0.334824	0.116065	0.0554	0.1759	0.1310	0.0480	0.1405	0.0994	0.1402
000246	K	0.029995	0.308737	0.113762	0.0660	0.2470	0.1190	0.0420	0.1474	0.0986	0.1517
000247	K	0.028340	0.286359	0.113328	0.0643	0.1852	0.0920	0.0300	0.1283	0.0855	0.1605
000248	I	0.025918	0.266512	0.113867	0.0677	0.1373	0.0810	0.0300	0.1155	0.0761	0.1674
000249	M	0.013497	0.236130	0.114996	0.0414	0.1323	0.0650	0.0200	0.1005	0.0730	0.1791
000250	E	0.012385	0.204327	0.116206	0.0259	0.0765	0.0530	0.0150	0.0814	0.0646	0.1849
000251	I	0.012444	0.181275	0.117442	0.0387	0.1137	0.0560	0.0170	0.0866	0.0568	0.1899
000252	L	0.018607	0.148401	0.118624	0.0363	0.1137	0.0600	0.0240	0.0827	0.0471	0.1981
000253	A	0.028541	0.126035	0.120419	0.0363	0.0690	0.0550	0.0210	0.0726	0.0381	0.1972
000254	T	0.040266	0.117785	0.122824	0.0336	0.1298	0.0500	0.0180	0.0824	0.0415	0.1934
000255	A	0.055999	0.113798	0.125708	0.0173	0.1275	0.0460	0.0160	0.0811	0.0431	0.1888
000256	G	0.092004	0.101118	0.128177	0.0194	0.0851	0.0410	0.0130	0.0779	0.0367	0.1871
000257	N	0.097302	0.100398	0.130315	0.0218	0.0483	0.0390	0.0130	0.0728	0.0388	0.1880
000258	V	0.111057	0.097820	0.132304	0.0128	0.0269	0.0390	0.0130	0.0700	0.0455	0.1876
000259	V	0.129799	0.087794	0.133942	0.0150	0.0494	0.0390	0.0130	0.0758	0.0451	0.1855
000260	T	0.132272	0.080527	0.135259	0.0099	0.0662	0.0390	0.0120	0.0771	0.0458	0.1827
000261	L	0.125178	0.078628	0.136285	0.0102	0.0483	0.0410	0.0130	0.0733	0.0453	0.1872
000262	T	0.114383	0.075282	0.137647	0.0245	0.0568	0.0430	0.0170	0.0753	0.0395	0.1938
000263	I	0.102646	0.073279	0.139230	0.0316	0.0929	0.0440	0.0190	0.0806	0.0362	0.1931
000264	I	0.088297	0.079026	0.141293	0.0268	0.1115	0.0480	0.0240	0.0826	0.0379	0.1976
000265	P	0.053825	0.089370	0.143132	0.0274	0.0662	0.0560	0.0300	0.0726	0.0365	0.2058
000266	S	0.049109	0.097944	0.144969	0.0376	0.0929	0.0790	0.0430	0.0835	0.0351	0.2128
000267	V	0.035518	0.101911	0.146292	0.0182	0.1092	0.0950	0.0470	0.0844	0.0441	0.2178
000268	I	0.016849	0.112071	0.148228	0.0231	0.0676	0.1060	0.0440	0.0791	0.0479	0.2234
000269	Y	0.011813	0.137956	0.152667	0.0464	0.0592	0.1100	0.0420	0.0864	0.0509	0.2305
000270	E	0.011574	0.173853	0.158890	0.0490	0.0531	0.1150	0.0320	0.0936	0.0599	0.2400
000271	H	0.012589	0.201811	0.165496	0.0304	0.0555	0.1750	0.0500	0.1069	0.0758	0.2469
000272	M	0.011958	0.225390	0.170862	0.0327	0.0967	0.2230	0.0510	0.1268	0.0855	0.2521
000273	V	0.009647	0.262320	0.178015	0.0350	0.0967	0.2460	0.0560	0.1379	0.0978	0.2580
000274	K	0.007501	0.308337	0.190497	0.0643	0.1275	0.2540	0.0590	0.1588	0.1043	0.2657
000275	K	0.032743	0.361969	0.207690	0.1205	0.2034	0.3380	0.1010	0.2108	0.1148	0.2720
000276	L	0.057136	0.406277	0.227042	0.0771	0.1881	0.4320	0.1060	0.2313	0.1455	0.2777
000277	P	0.087721	0.421690	0.241076	0.0789	0.1852	0.4460	0.0870	0.2434	0.1457	0.2885
000278	P	0.134343	0.416465	0.249889	0.1240	0.1643	0.5090	0.0980	0.2663	0.1470	0.3017
000279	V	0.210998	0.390208	0.254004	0.1958	0.2680	0.5520	0.0870	0.3118	0.1242	0.3059
000280	L	0.228934	0.337082	0.258134	0.2080	0.3599	0.5600	0.1080	0.3253	0.1182	0.3099
000281	L	0.299952	0.305896	0.262430	0.2122	0.3182	0.5570	0.0870	0.3260	0.1092	0.3136
000282	H	0.399658	0.338598	0.266958	0.2080	0.3019	0.5180	0.1360	0.3389	0.0996	0.3188
000283	H	0.506296	0.362021	0.271422	0.2255	0.3182	0.6160	0.1570	0.3833	0.1363	0.3205
000284	T	0.584243	0.402605	0.275831	0.3399	0.3667	0.5920	0.1240	0.4269	0.1201	0.3171
000285	M	0.659153	0.507264	0.280457	0.3847	0.3426	0.5400	0.0940	0.4524	0.1289	0.3120
000286	D	0.733674	0.618656	0.286093	0.4282	0.3149	0.6520	0.0800	0.5056	0.1716	0.3044
000287	H	0.797166	0.702657	0.293108	0.5667	0.3983	0.6790	0.1240	0.5729	0.1767	0.2934
000288	S	0.828676	0.792004	0.301392	0.5900	0.3392	0.7390	0.0930	0.5984	0.2105	0.2869
000289	I	0.902601	0.841004	0.310616	0.6079	0.2752	0.8090	0.0860	0.6244	0.2513	0.2786
000290	P	0.954251	0.838153	0.320824	0.7079	0.3426	0.8480	0.0820	0.6687	0.2488	0.2772
000291	D	0.995221	0.861863	0.332040	0.8200	0.4476	0.8710	0.0600	0.7213	0.2427	0.2738
000292	A	0.980857	0.836303	0.337912	0.9162	0.5901	0.8680	0.0750	0.7549	0.2227	0.2689