RESNUM	RES	VL-XT	VSL2B	VL3	IUPred-S	IUPred-L	PONDRFIT	FITERROR	MDP	MDPERROR	ANCHOR2
000001	M	0.089405	0.383053	0.218949	0.6334	0.0835	0.7920	0.1190	0.3302	0.2706	0.3597
000002	W	0.100053	0.377152	0.220152	0.5900	0.1184	0.6800	0.1150	0.3110	0.2267	0.3793
000003	I	0.069131	0.335599	0.221119	0.4458	0.0817	0.6440	0.1330	0.2626	0.2065	0.4056
000004	P	0.358676	0.298782	0.224812	0.4037	0.1070	0.5780	0.0760	0.2910	0.1516	0.4173
000005	V	0.268679	0.255475	0.227927	0.2602	0.1137	0.6070	0.0650	0.2509	0.1564	0.4271
000006	V	0.297250	0.210275	0.231504	0.2209	0.0835	0.5720	0.0920	0.2307	0.1545	0.4332
000007	G	0.324969	0.169952	0.234081	0.1566	0.0909	0.5190	0.0830	0.2102	0.1460	0.4156
000008	L	0.382717	0.165017	0.241130	0.0723	0.1162	0.5080	0.0810	0.2073	0.1584	0.4087
000009	P	0.379897	0.177241	0.250038	0.0441	0.1206	0.4290	0.0900	0.1918	0.1426	0.4026
000010	R	0.375702	0.192029	0.258446	0.0327	0.1449	0.3400	0.0750	0.1809	0.1242	0.4004
000011	R	0.332850	0.217839	0.267192	0.0182	0.1702	0.2340	0.0760	0.1622	0.1074	0.3998
000012	L	0.311865	0.254917	0.281246	0.0259	0.1137	0.1720	0.0460	0.1464	0.1107	0.4010
000013	R	0.273756	0.286432	0.295849	0.0490	0.1298	0.1260	0.0260	0.1441	0.1077	0.4127
000014	L	0.233209	0.300013	0.312674	0.0542	0.1275	0.1410	0.0260	0.1426	0.1080	0.4279
000015	S	0.210696	0.300963	0.325972	0.0259	0.0719	0.1170	0.0160	0.1210	0.1251	0.4292
000016	A	0.185643	0.284181	0.334439	0.0279	0.1007	0.1040	0.0170	0.1172	0.1212	0.4134
000017	L	0.126197	0.251317	0.336121	0.0297	0.1349	0.0980	0.0180	0.1066	0.1160	0.3996
000018	A	0.091740	0.222800	0.335411	0.0304	0.1373	0.0970	0.0220	0.0965	0.1148	0.3903
000019	G	0.060258	0.211040	0.335831	0.0607	0.1731	0.1000	0.0260	0.1009	0.1124	0.3878
000020	A	0.059037	0.201355	0.340551	0.0526	0.1323	0.1110	0.0260	0.0927	0.1139	0.3847
000021	G	0.058134	0.190578	0.343424	0.0455	0.1373	0.1090	0.0330	0.0901	0.1154	0.3834
000022	R	0.055259	0.167141	0.344295	0.0387	0.1373	0.1110	0.0360	0.0849	0.1158	0.3832
000023	F	0.052460	0.171434	0.348465	0.0744	0.1969	0.1130	0.0380	0.1014	0.1143	0.3834
000024	C	0.038959	0.187186	0.353149	0.0723	0.1969	0.1140	0.0390	0.1015	0.1188	0.3910
000025	I	0.031653	0.217936	0.360767	0.1322	0.1969	0.1320	0.0410	0.1185	0.1174	0.3941
000026	L	0.031547	0.260382	0.372636	0.1240	0.2224	0.1490	0.0470	0.1311	0.1249	0.3976
000027	G	0.033010	0.288728	0.386801	0.1018	0.2193	0.1630	0.0550	0.1344	0.1335	0.4080
000028	S	0.026877	0.331997	0.400476	0.1844	0.2918	0.1940	0.0610	0.1715	0.1380	0.4163
000029	E	0.025348	0.370170	0.415173	0.1921	0.3249	0.2390	0.0860	0.1919	0.1468	0.4223
000030	A	0.024739	0.421629	0.431774	0.1958	0.3286	0.3030	0.1280	0.2123	0.1577	0.4251
000031	A	0.031279	0.467111	0.451327	0.2255	0.2715	0.3410	0.1290	0.2228	0.1658	0.4280
000032	T	0.058989	0.519990	0.471845	0.2292	0.2752	0.3510	0.1220	0.2390	0.1729	0.4325
000033	R	0.106556	0.554074	0.492605	0.1532	0.2002	0.3410	0.1080	0.2258	0.1881	0.4317
000034	K	0.155644	0.577194	0.512578	0.2483	0.2988	0.3160	0.0920	0.2660	0.1702	0.4310
000035	H	0.213361	0.592903	0.530630	0.2865	0.3910	0.2970	0.0860	0.2968	0.1624	0.4322
000036	L	0.246585	0.607307	0.547053	0.3630	0.4725	0.3220	0.0790	0.3352	0.1563	0.4305
000037	P	0.263811	0.625175	0.564607	0.4420	0.5493	0.2870	0.0540	0.3613	0.1673	0.4273
000038	A	0.268444	0.648139	0.584286	0.4420	0.5807	0.2920	0.0370	0.3720	0.1765	0.4270
000039	R	0.278276	0.665192	0.597100	0.4420	0.6043	0.2830	0.0310	0.3788	0.1843	0.4259
000040	N	0.275551	0.676351	0.604233	0.4651	0.5017	0.2950	0.0310	0.3690	0.1783	0.4255
000041	H	0.268761	0.680184	0.609524	0.5229	0.4220	0.3300	0.0650	0.3707	0.1782	0.4270
000042	C	0.262488	0.694262	0.615765	0.5043	0.4801	0.3560	0.0820	0.3829	0.1782	0.4284
000043	G	0.221087	0.705441	0.616614	0.4116	0.4801	0.3490	0.0740	0.3611	0.1916	0.4309
000044	L	0.170367	0.697113	0.618768	0.4420	0.5098	0.3060	0.0550	0.3542	0.2064	0.4323
000045	S	0.145877	0.696371	0.614718	0.4379	0.5139	0.2680	0.0580	0.3436	0.2163	0.4313
000046	D	0.141036	0.699844	0.612450	0.4749	0.4017	0.2990	0.0560	0.3360	0.2128	0.4307
000047	S	0.156266	0.706926	0.615736	0.5374	0.4766	0.3190	0.0680	0.3659	0.2108	0.4320
000048	S	0.167098	0.728783	0.630202	0.4379	0.4619	0.3630	0.0730	0.3597	0.2094	0.4331
000049	P	0.205889	0.737148	0.641476	0.4651	0.5211	0.3550	0.0830	0.3808	0.2054	0.4307
000050	Q	0.225257	0.739284	0.655207	0.4703	0.5493	0.4350	0.0800	0.4032	0.1979	0.4282
000051	L	0.235644	0.741976	0.665406	0.5008	0.5382	0.4510	0.0720	0.4113	0.1960	0.4264
000052	W	0.312324	0.755328	0.674382	0.5253	0.5342	0.4100	0.0660	0.4229	0.1866	0.4278
000053	P	0.367960	0.756458	0.680201	0.6124	0.6043	0.3660	0.0680	0.4512	0.1868	0.4301
000054	E	0.423697	0.762805	0.679785	0.6079	0.5951	0.3800	0.0870	0.4615	0.1760	0.4321
000055	P	0.454002	0.756783	0.675079	0.6374	0.6991	0.4050	0.1020	0.4921	0.1715	0.4330
000056	D	0.504716	0.762045	0.669952	0.6374	0.6661	0.5040	0.1210	0.5123	0.1453	0.4330
000057	F	0.516986	0.749666	0.664437	0.6293	0.6531	0.5530	0.1080	0.5170	0.1343	0.4324
000058	R	0.568587	0.749004	0.666159	0.6079	0.5533	0.5570	0.1300	0.5060	0.1316	0.4336
000059	N	0.636527	0.753364	0.669495	0.6079	0.5665	0.6100	0.1520	0.5291	0.1263	0.4336
000060	P	0.690053	0.767956	0.671451	0.5253	0.4256	0.6360	0.1510	0.5074	0.1589	0.4337
000061	P	0.708411	0.779275	0.670373	0.5043	0.4149	0.6120	0.1470	0.5031	0.1663	0.4323
000062	R	0.748494	0.770450	0.665246	0.4781	0.4901	0.6240	0.1710	0.5186	0.1589	0.4305
000063	K	0.788576	0.760678	0.661874	0.5667	0.5017	0.6380	0.1900	0.5426	0.1492	0.4277
000064	A	0.855354	0.748864	0.654795	0.5412	0.4119	0.6470	0.1720	0.5341	0.1787	0.4241
000065	S	0.895340	0.734187	0.647705	0.4781	0.4087	0.6460	0.1760	0.5270	0.1931	0.4208
000066	K	0.972136	0.714602	0.639157	0.3885	0.3910	0.6540	0.1790	0.5200	0.2267	0.4176
000067	A	0.988013	0.695041	0.627352	0.4037	0.3872	0.6380	0.1890	0.5187	0.2265	0.4122
000068	S	0.989204	0.663317	0.609898	0.4879	0.4979	0.5830	0.1920	0.5368	0.1966	0.4065
000069	L	0.991276	0.628064	0.589917	0.4879	0.4186	0.5480	0.2100	0.5123	0.2080	0.3999
000070	D	0.955379	0.590814	0.573831	0.4879	0.3807	0.5000	0.1840	0.4859	0.2043	0.3957
000071	F	0.920092	0.568145	0.562181	0.3885	0.3631	0.5120	0.1830	0.4586	0.2052	0.3927
000072	K	0.883037	0.544264	0.550295	0.3359	0.3426	0.4010	0.1300	0.4178	0.2092	0.3932
000073	R	0.793507	0.520238	0.534403	0.3359	0.2680	0.3590	0.1240	0.3794	0.1958	0.3915
000074	Y	0.695310	0.517867	0.517286	0.3359	0.2399	0.3660	0.1270	0.3592	0.1722	0.3890
000075	V	0.593769	0.496334	0.498197	0.2963	0.2817	0.3540	0.1280	0.3370	0.1428	0.3869
000076	T	0.494764	0.488096	0.483062	0.2657	0.2002	0.3920	0.1210	0.3067	0.1412	0.3858
000077	D	0.407435	0.476236	0.471132	0.2865	0.1275	0.4390	0.1410	0.2895	0.1474	0.3855
000078	R	0.381739	0.441571	0.455066	0.2333	0.0948	0.4940	0.1360	0.2742	0.1604	0.3847
000079	R	0.349923	0.411356	0.436234	0.1698	0.0985	0.5000	0.1350	0.2549	0.1623	0.3820
000080	L	0.318106	0.378519	0.421919	0.1532	0.1501	0.3940	0.1480	0.2324	0.1316	0.3785
000081	A	0.309033	0.367516	0.409839	0.1495	0.1643	0.3200	0.1260	0.2183	0.1191	0.3772
000082	E	0.366065	0.350656	0.398699	0.2080	0.2575	0.2610	0.1010	0.2405	0.0955	0.3766
000083	T	0.422377	0.362838	0.392077	0.2333	0.2541	0.2320	0.0830	0.2507	0.1022	0.3732
000084	L	0.481116	0.331148	0.390948	0.2385	0.2783	0.2250	0.0730	0.2591	0.1109	0.3687
000085	A	0.519402	0.323479	0.388838	0.3053	0.3948	0.1990	0.0770	0.2904	0.1174	0.3690
000086	Q	0.522112	0.303563	0.388632	0.4037	0.4582	0.2010	0.0870	0.3148	0.1224	0.3688
000087	I	0.510032	0.314705	0.386781	0.4282	0.3740	0.2430	0.0900	0.3116	0.1059	0.3662
000088	Y	0.513476	0.355523	0.379718	0.4203	0.2918	0.2970	0.0980	0.3131	0.0988	0.3627
000089	L	0.482324	0.379738	0.364430	0.3399	0.2129	0.3140	0.1060	0.2881	0.1008	0.3593
000090	G	0.442667	0.411507	0.350034	0.2558	0.2193	0.2770	0.0910	0.2678	0.1005	0.3596
000091	K	0.409558	0.448857	0.333578	0.2432	0.2129	0.2810	0.0910	0.2659	0.1018	0.3627
000092	P	0.413850	0.473039	0.317351	0.2820	0.2541	0.2870	0.1110	0.2849	0.0949	0.3597
000093	S	0.421154	0.476969	0.305456	0.2122	0.2715	0.3480	0.1270	0.2882	0.1026	0.3555
000094	R	0.446390	0.464333	0.291375	0.2122	0.2645	0.3270	0.1160	0.2858	0.1043	0.3510
000095	P	0.474411	0.442313	0.278045	0.3096	0.3667	0.2380	0.0910	0.3052	0.0970	0.3477
000096	P	0.477984	0.420291	0.268374	0.3359	0.3948	0.1900	0.0700	0.3031	0.1064	0.3405
000097	H	0.506622	0.402707	0.258346	0.3491	0.2988	0.1770	0.0540	0.2891	0.1136	0.3344
000098	L	0.597296	0.394555	0.250510	0.4282	0.3087	0.1750	0.0500	0.3173	0.1422	0.3347
000099	L	0.636115	0.383646	0.247425	0.4116	0.4017	0.1440	0.0530	0.3295	0.1582	0.3373
000100	L	0.615990	0.361696	0.248085	0.4078	0.4940	0.1210	0.0380	0.3334	0.1655	0.3485
000101	E	0.587191	0.354366	0.246140	0.4116	0.4652	0.1100	0.0430	0.3214	0.1586	0.3661
000102	C	0.539866	0.341244	0.241908	0.4245	0.3872	0.1230	0.0520	0.3026	0.1389	0.3838
000103	N	0.482602	0.318738	0.240121	0.3578	0.2849	0.1210	0.0510	0.2609	0.1172	0.4016
000104	P	0.457910	0.305001	0.241176	0.2820	0.2988	0.1120	0.0360	0.2425	0.1097	0.4178
000105	G	0.397588	0.291441	0.243663	0.2122	0.2715	0.1070	0.0320	0.2133	0.0963	0.4307
000106	P	0.342003	0.276415	0.246195	0.1921	0.2470	0.1020	0.0260	0.1933	0.0847	0.4140
000107	G	0.262153	0.247169	0.245865	0.1416	0.1942	0.1040	0.0210	0.1581	0.0719	0.3958
000108	I	0.222132	0.248265	0.245912	0.1416	0.1914	0.1050	0.0260	0.1514	0.0673	0.3811
000109	L	0.242012	0.243454	0.246843	0.1844	0.2094	0.0930	0.0250	0.1620	0.0680	0.3726
000110	T	0.235389	0.245072	0.247942	0.2531	0.2224	0.0870	0.0220	0.1739	0.0713	0.3632
000111	Q	0.237732	0.239080	0.244148	0.2657	0.2715	0.0920	0.0200	0.1843	0.0732	0.3586
000112	A	0.281811	0.234595	0.236699	0.1844	0.1881	0.0960	0.0230	0.1642	0.0703	0.3594
000113	L	0.271003	0.223682	0.229013	0.2209	0.2783	0.0990	0.0250	0.1822	0.0700	0.3619
000114	L	0.272755	0.215199	0.220845	0.1380	0.2609	0.0930	0.0140	0.1633	0.0743	0.3613
000115	E	0.268299	0.224577	0.212172	0.1266	0.2399	0.1000	0.0210	0.1599	0.0705	0.3571
000116	A	0.261103	0.241668	0.207458	0.1292	0.2399	0.0970	0.0270	0.1615	0.0704	0.3549
000117	G	0.261789	0.262202	0.204692	0.1150	0.2193	0.0870	0.0230	0.1576	0.0759	0.3511
000118	A	0.230565	0.272534	0.202256	0.1117	0.1298	0.0840	0.0190	0.1381	0.0757	0.3502
000119	K	0.201622	0.279464	0.201187	0.1732	0.1298	0.0890	0.0190	0.1455	0.0689	0.3522
000120	V	0.221576	0.278758	0.199098	0.1602	0.2094	0.0890	0.0210	0.1598	0.0671	0.3540
000121	V	0.222293	0.270253	0.194910	0.0909	0.2034	0.0900	0.0210	0.1461	0.0743	0.3603
000122	A	0.221313	0.277482	0.192455	0.1060	0.1298	0.1100	0.0280	0.1408	0.0708	0.3704
000123	L	0.223903	0.303791	0.190578	0.1240	0.1583	0.1240	0.0350	0.1557	0.0705	0.3826
000124	E	0.212374	0.317573	0.185754	0.1088	0.2193	0.1210	0.0410	0.1631	0.0760	0.3893
000125	S	0.200364	0.324321	0.179728	0.1667	0.2193	0.1400	0.0510	0.1751	0.0661	0.3988
000126	D	0.189860	0.349087	0.176840	0.1566	0.2094	0.1470	0.0520	0.1753	0.0739	0.4130
000127	K	0.217025	0.351712	0.170982	0.1150	0.2364	0.1540	0.0630	0.1791	0.0810	0.4235
000128	T	0.257450	0.330078	0.169836	0.1117	0.2436	0.1460	0.0540	0.1814	0.0796	0.4337
000129	F	0.219384	0.333476	0.174058	0.1292	0.1969	0.1230	0.0410	0.1669	0.0762	0.4273
000130	I	0.168759	0.329686	0.178383	0.1292	0.2034	0.1120	0.0350	0.1572	0.0767	0.4292
000131	P	0.172571	0.310429	0.176028	0.1178	0.2609	0.1250	0.0380	0.1645	0.0758	0.4315
000132	H	0.165574	0.326319	0.175747	0.1698	0.3182	0.1400	0.0390	0.1867	0.0815	0.4297
000133	L	0.166019	0.342259	0.176398	0.1998	0.2715	0.1430	0.0390	0.1872	0.0751	0.4154
000134	E	0.165443	0.334996	0.178189	0.2913	0.3460	0.1370	0.0450	0.2124	0.0896	0.3963
000135	S	0.154081	0.361682	0.183951	0.1958	0.2752	0.1420	0.0550	0.1881	0.0828	0.3816
000136	L	0.118756	0.428372	0.194494	0.1921	0.1969	0.1450	0.0560	0.1802	0.1058	0.3669
000137	G	0.071726	0.478440	0.200449	0.1380	0.1914	0.1410	0.0490	0.1701	0.1342	0.3450
000138	K	0.059558	0.467833	0.205332	0.0965	0.1298	0.1360	0.0480	0.1482	0.1393	0.3303
000139	N	0.047279	0.459285	0.211530	0.0991	0.1323	0.1260	0.0440	0.1440	0.1389	0.3208
000140	L	0.025705	0.425878	0.220911	0.1205	0.1298	0.1140	0.0450	0.1359	0.1318	0.3160
000141	D	0.013219	0.370542	0.228636	0.1998	0.1162	0.0790	0.0240	0.1298	0.1218	0.3170
000142	G	0.010919	0.323489	0.240185	0.1018	0.0985	0.0610	0.0160	0.0993	0.1150	0.3191
000143	K	0.039478	0.287877	0.248679	0.0567	0.0605	0.0500	0.0170	0.0824	0.1110	0.3248
000144	L	0.072835	0.230779	0.253973	0.1088	0.1007	0.0460	0.0170	0.0932	0.0892	0.3334
000145	R	0.075949	0.193276	0.257868	0.0587	0.1092	0.0400	0.0150	0.0795	0.0891	0.3423
000146	V	0.083217	0.151174	0.262018	0.0587	0.1115	0.0350	0.0120	0.0733	0.0865	0.3503
000147	I	0.093853	0.138850	0.267521	0.1240	0.1643	0.0340	0.0120	0.0925	0.0840	0.3604
000148	H	0.094931	0.118841	0.268536	0.1240	0.1643	0.0330	0.0110	0.0891	0.0848	0.3770
000149	C	0.101601	0.134562	0.268031	0.1292	0.1643	0.0340	0.0090	0.0940	0.0834	0.3866
000150	D	0.103228	0.140470	0.267725	0.1292	0.1070	0.0390	0.0110	0.0865	0.0822	0.3873
000151	F	0.106702	0.166356	0.266516	0.1998	0.1007	0.0520	0.0130	0.1043	0.0836	0.3848
000152	F	0.077159	0.212947	0.266023	0.1416	0.0948	0.0730	0.0210	0.0999	0.0851	0.3769
000153	K	0.043896	0.232034	0.264657	0.0965	0.1092	0.0890	0.0250	0.0951	0.0916	0.3631
000154	L	0.035959	0.264847	0.262859	0.0935	0.1275	0.1140	0.0300	0.1059	0.0962	0.3502
000155	D	0.028277	0.305474	0.260864	0.1732	0.1583	0.1370	0.0330	0.1337	0.0991	0.3387
000156	P	0.038848	0.335054	0.259328	0.1998	0.1275	0.1750	0.0490	0.1460	0.1034	0.3298
000157	R	0.042156	0.372194	0.257591	0.2255	0.1731	0.2590	0.0740	0.1786	0.1088	0.3258
000158	S	0.060815	0.407163	0.257232	0.2531	0.2470	0.3020	0.0980	0.2116	0.1112	0.3188
000159	G	0.084569	0.445954	0.253372	0.2531	0.2436	0.3310	0.1230	0.2264	0.1162	0.3107
000160	G	0.106437	0.472450	0.246691	0.3146	0.3149	0.3420	0.1420	0.2585	0.1172	0.3059
000161	V	0.146627	0.521337	0.240279	0.3146	0.2224	0.3290	0.1300	0.2556	0.1243	0.3044
000162	I	0.179479	0.591176	0.237490	0.4037	0.2164	0.3090	0.1000	0.2833	0.1457	0.3038
000163	K	0.197833	0.606363	0.234721	0.4203	0.3182	0.2940	0.0850	0.3061	0.1416	0.3062
000164	P	0.215852	0.586487	0.232280	0.3225	0.3321	0.2860	0.0720	0.2904	0.1287	0.3122
000165	P	0.202037	0.564392	0.228278	0.4116	0.3249	0.2690	0.0600	0.2952	0.1296	0.3130
000166	A	0.204484	0.507114	0.220602	0.4078	0.3182	0.2640	0.0690	0.2836	0.1134	0.3120
000167	M	0.184122	0.439737	0.210572	0.3005	0.2034	0.2560	0.0850	0.2306	0.0936	0.3083
000168	S	0.168840	0.417233	0.206411	0.3053	0.2164	0.2010	0.0640	0.2182	0.0914	0.2930
000169	S	0.146173	0.408893	0.202056	0.2333	0.1914	0.1620	0.0570	0.1902	0.0936	0.2785
000170	R	0.107586	0.382792	0.190226	0.2333	0.1349	0.1400	0.0530	0.1665	0.0974	0.2630
000171	G	0.075281	0.350233	0.177279	0.2041	0.1528	0.1420	0.0610	0.1541	0.0893	0.2475
000172	L	0.056765	0.326320	0.167440	0.2041	0.1275	0.1270	0.0490	0.1402	0.0883	0.2334
000173	F	0.037229	0.294814	0.154996	0.3005	0.2064	0.1100	0.0360	0.1582	0.0985	0.2210
000174	K	0.030473	0.259978	0.145634	0.2209	0.1791	0.0960	0.0330	0.1310	0.0802	0.2067
000175	N	0.023923	0.224861	0.139015	0.1958	0.1671	0.0830	0.0340	0.1157	0.0719	0.1915
000176	L	0.019204	0.190958	0.133524	0.1416	0.0888	0.0710	0.0310	0.0852	0.0595	0.1808
000177	G	0.009127	0.162591	0.128441	0.1732	0.1229	0.0510	0.0190	0.0865	0.0627	0.1686
000178	I	0.006393	0.126401	0.121752	0.1322	0.0967	0.0460	0.0160	0.0679	0.0509	0.1577
000179	E	0.004549	0.117130	0.119477	0.1495	0.0985	0.0370	0.0120	0.0678	0.0542	0.1510
000180	A	0.005676	0.115394	0.118743	0.0884	0.0676	0.0340	0.0100	0.0519	0.0457	0.1458
000181	V	0.005119	0.104951	0.118002	0.0909	0.0454	0.0310	0.0070	0.0463	0.0457	0.1428
000182	P	0.005053	0.103945	0.118244	0.0554	0.0454	0.0280	0.0060	0.0397	0.0445	0.1399
000183	W	0.005216	0.108929	0.118410	0.0587	0.0618	0.0390	0.0150	0.0456	0.0436	0.1372
000184	T	0.005787	0.107826	0.117237	0.1041	0.0618	0.0400	0.0180	0.0533	0.0450	0.1317
000185	A	0.007161	0.111917	0.115313	0.0771	0.0734	0.0370	0.0120	0.0510	0.0431	0.1292
000186	D	0.008812	0.112165	0.112232	0.0395	0.0676	0.0370	0.0080	0.0441	0.0431	0.1288
000187	I	0.010440	0.111844	0.109732	0.0744	0.1115	0.0440	0.0130	0.0586	0.0429	0.1277
000188	P	0.021840	0.116550	0.108066	0.0677	0.1115	0.0460	0.0190	0.0606	0.0403	0.1297
000189	L	0.027158	0.119124	0.105246	0.1041	0.1942	0.0630	0.0350	0.0846	0.0544	0.1316
000190	K	0.064757	0.127897	0.103005	0.0991	0.1791	0.0770	0.0460	0.0914	0.0411	0.1358
000191	V	0.069712	0.147908	0.100372	0.1205	0.2064	0.1070	0.0560	0.1086	0.0463	0.1395
000192	V	0.125729	0.165226	0.097045	0.1667	0.2399	0.1230	0.0580	0.1368	0.0487	0.1446
000193	G	0.167958	0.205841	0.093247	0.1380	0.1449	0.1340	0.0540	0.1317	0.0376	0.1505
000194	M	0.215731	0.248323	0.090044	0.1667	0.1424	0.1560	0.0510	0.1549	0.0531	0.1588
000195	F	0.219543	0.313272	0.086907	0.1018	0.1373	0.1880	0.0500	0.1599	0.0786	0.1721
000196	P	0.228696	0.345824	0.083610	0.0677	0.1007	0.1970	0.0420	0.1566	0.0991	0.1797
000197	S	0.218705	0.395411	0.079866	0.0643	0.0780	0.2090	0.0410	0.1608	0.1179	0.1871
000198	R	0.211394	0.433567	0.074502	0.0607	0.0749	0.2330	0.0470	0.1690	0.1326	0.1957
000199	G	0.173917	0.445427	0.067061	0.0414	0.0690	0.2340	0.0620	0.1606	0.1402	0.1977
000200	E	0.168579	0.412648	0.062702	0.0395	0.0662	0.2270	0.0760	0.1524	0.1303	0.2015
000201	K	0.111584	0.407422	0.061737	0.0414	0.0364	0.1880	0.0640	0.1308	0.1303	0.2025
000202	R	0.069954	0.350206	0.060131	0.0363	0.0543	0.1560	0.0430	0.1111	0.1098	0.1995
000203	A	0.020786	0.268179	0.059525	0.0304	0.0518	0.1340	0.0340	0.0842	0.0865	0.1949
000204	L	0.015240	0.212684	0.059494	0.0304	0.0531	0.1020	0.0290	0.0688	0.0664	0.1970
000205	W	0.004416	0.169509	0.060782	0.0274	0.0662	0.0780	0.0180	0.0576	0.0529	0.1919
000206	K	0.002860	0.119497	0.061767	0.0526	0.0749	0.0610	0.0100	0.0517	0.0358	0.1781
000207	L	0.002672	0.098156	0.062444	0.0455	0.0349	0.0540	0.0080	0.0392	0.0306	0.1670
000208	A	0.002297	0.088405	0.062738	0.0286	0.0364	0.0490	0.0100	0.0342	0.0290	0.1516
000209	Y	0.002201	0.070797	0.063791	0.0141	0.0188	0.0480	0.0100	0.0257	0.0281	0.1372
000210	D	0.002111	0.068345	0.064611	0.0141	0.0191	0.0450	0.0100	0.0248	0.0276	0.1292
000211	L	0.000500	0.070425	0.064819	0.0078	0.0178	0.0440	0.0110	0.0234	0.0293	0.1191
000212	Y	0.000142	0.065846	0.064490	0.0078	0.0113	0.0430	0.0110	0.0213	0.0290	0.1099
000213	S	0.000142	0.074456	0.063500	0.0081	0.0120	0.0370	0.0080	0.0220	0.0302	0.1030
000214	C	0.000125	0.081363	0.062295	0.0059	0.0102	0.0390	0.0100	0.0228	0.0322	0.0972
000215	T	0.000135	0.088565	0.062808	0.0109	0.0163	0.0350	0.0090	0.0252	0.0328	0.0841
000216	S	0.000192	0.088790	0.062919	0.0124	0.0223	0.0340	0.0100	0.0262	0.0321	0.0726
000217	I	0.000547	0.101597	0.063416	0.0124	0.0123	0.0350	0.0110	0.0270	0.0367	0.0648
000218	Y	0.000716	0.109597	0.065316	0.0179	0.0120	0.0370	0.0110	0.0295	0.0388	0.0595
000219	K	0.009912	0.110855	0.067377	0.0102	0.0141	0.0360	0.0090	0.0302	0.0387	0.0568
000220	F	0.011212	0.110249	0.068065	0.0109	0.0248	0.0400	0.0080	0.0329	0.0372	0.0542
000221	G	0.014705	0.116011	0.069358	0.0097	0.0240	0.0440	0.0090	0.0347	0.0388	0.0513
000222	R	0.015897	0.108887	0.071691	0.0231	0.0433	0.0550	0.0130	0.0411	0.0334	0.0491
000223	I	0.016595	0.104259	0.073824	0.0425	0.0380	0.0730	0.0200	0.0457	0.0313	0.0476
000224	E	0.017591	0.120812	0.078205	0.0478	0.0414	0.0680	0.0170	0.0492	0.0351	0.0472
000225	V	0.023580	0.121886	0.083881	0.0336	0.0646	0.0880	0.0230	0.0552	0.0362	0.0463
000226	N	0.054340	0.132669	0.088216	0.0350	0.0356	0.0950	0.0250	0.0587	0.0382	0.0485
000227	M	0.128104	0.155882	0.093515	0.0327	0.0275	0.1140	0.0370	0.0764	0.0500	0.0520
000228	F	0.192841	0.174288	0.100366	0.0297	0.0398	0.1390	0.0520	0.0959	0.0645	0.0565
000229	I	0.238370	0.211338	0.104428	0.0414	0.0749	0.1560	0.0730	0.1203	0.0731	0.0601
000230	G	0.297689	0.262886	0.108143	0.0316	0.0851	0.1510	0.0690	0.1381	0.0968	0.0639
000231	E	0.352815	0.318999	0.113002	0.0587	0.1611	0.1680	0.0720	0.1765	0.1077	0.0675
000232	K	0.404875	0.359493	0.118416	0.0723	0.1702	0.1830	0.0670	0.1983	0.1238	0.0703
000233	E	0.410077	0.392885	0.124380	0.0744	0.1914	0.1900	0.0740	0.2098	0.1291	0.0723
000234	F	0.408210	0.405836	0.128374	0.1266	0.2849	0.2060	0.0780	0.2387	0.1187	0.0717
000235	Q	0.388426	0.433012	0.131215	0.1380	0.1881	0.2150	0.0630	0.2271	0.1206	0.0718
000236	K	0.325541	0.439655	0.135283	0.2122	0.1643	0.2480	0.0530	0.2316	0.1053	0.0723
000237	L	0.264205	0.451886	0.139246	0.1380	0.1476	0.2790	0.0490	0.2135	0.1150	0.0728
000238	M	0.220078	0.463307	0.145309	0.1041	0.1298	0.3080	0.0790	0.2042	0.1273	0.0733
000239	A	0.168741	0.481436	0.149629	0.1667	0.1528	0.3020	0.0880	0.2119	0.1238	0.0730
000240	D	0.112385	0.487948	0.153334	0.1805	0.2292	0.2810	0.0920	0.2152	0.1255	0.0742
000241	P	0.059927	0.485632	0.155349	0.1117	0.1702	0.2180	0.0700	0.1743	0.1392	0.0747
000242	G	0.053819	0.482299	0.157626	0.1041	0.0967	0.1940	0.0600	0.1552	0.1442	0.0765
000243	N	0.050020	0.472767	0.159043	0.0660	0.0473	0.1700	0.0590	0.1343	0.1504	0.0808
000244	P	0.038776	0.418257	0.160600	0.0363	0.0483	0.1290	0.0480	0.1118	0.1364	0.0889
000245	D	0.028214	0.326580	0.162405	0.0405	0.0581	0.1010	0.0310	0.0923	0.1063	0.1001
000246	L	0.015833	0.244689	0.164057	0.0425	0.0433	0.0670	0.0180	0.0689	0.0857	0.1114
000247	Y	0.013175	0.160752	0.165485	0.0259	0.0281	0.0520	0.0180	0.0466	0.0696	0.1223
000248	H	0.001684	0.091765	0.168149	0.0395	0.0531	0.0430	0.0180	0.0382	0.0596	0.1370
000249	V	0.001681	0.056947	0.169775	0.0350	0.0389	0.0380	0.0170	0.0284	0.0602	0.1547
000250	L	0.001358	0.042328	0.169120	0.0502	0.0473	0.0300	0.0110	0.0286	0.0599	0.1722
000251	S	0.001252	0.030826	0.169070	0.0279	0.0300	0.0240	0.0070	0.0190	0.0622	0.1863
000252	V	0.000867	0.026457	0.168874	0.0231	0.0165	0.0220	0.0060	0.0148	0.0635	0.2010
000253	I	0.000792	0.025370	0.168956	0.0141	0.0163	0.0220	0.0050	0.0131	0.0641	0.2153
000254	W	0.000325	0.024004	0.169691	0.0084	0.0123	0.0280	0.0100	0.0122	0.0650	0.2282
000255	Q	0.000164	0.026181	0.168696	0.0069	0.0117	0.0300	0.0110	0.0126	0.0646	0.2366
000256	L	0.000233	0.032736	0.165688	0.0049	0.0130	0.0330	0.0110	0.0139	0.0633	0.2433
000257	A	0.000239	0.039022	0.164308	0.0087	0.0115	0.0340	0.0120	0.0155	0.0623	0.2495
000258	C	0.000242	0.045902	0.162230	0.0252	0.0184	0.0350	0.0120	0.0208	0.0596	0.2529
000259	E	0.000246	0.053656	0.158085	0.0118	0.0188	0.0350	0.0100	0.0199	0.0590	0.2459
000260	I	0.000245	0.067158	0.159731	0.0226	0.0148	0.0370	0.0100	0.0236	0.0595	0.2392
000261	K	0.000303	0.084346	0.159852	0.0441	0.0244	0.0370	0.0100	0.0317	0.0583	0.2404
000262	V	0.000772	0.096935	0.158361	0.0245	0.0153	0.0430	0.0100	0.0300	0.0608	0.2448
000263	L	0.000898	0.113949	0.157063	0.0405	0.0134	0.0510	0.0140	0.0366	0.0613	0.2514
000264	H	0.001013	0.138469	0.154789	0.0387	0.0223	0.0660	0.0260	0.0444	0.0631	0.2557
000265	M	0.002685	0.143740	0.153048	0.0395	0.0433	0.1070	0.0480	0.0560	0.0619	0.2582
000266	E	0.002738	0.158460	0.154002	0.0363	0.0398	0.1220	0.0470	0.0598	0.0666	0.2580
000267	P	0.004437	0.180530	0.150888	0.0567	0.0704	0.1330	0.0380	0.0742	0.0656	0.2582
000268	W	0.012783	0.199677	0.151644	0.0677	0.0985	0.1670	0.0470	0.0909	0.0683	0.2564
000269	S	0.031203	0.217258	0.152635	0.1060	0.0909	0.1470	0.0350	0.0988	0.0632	0.2576
000270	S	0.038936	0.234209	0.159133	0.1205	0.0909	0.1530	0.0370	0.1062	0.0662	0.2621
000271	F	0.090133	0.235094	0.167003	0.1150	0.1611	0.1740	0.0430	0.1293	0.0538	0.2626
000272	D	0.186096	0.236289	0.172832	0.1150	0.1852	0.1700	0.0460	0.1488	0.0457	0.2535
000273	I	0.282033	0.232068	0.173511	0.1635	0.2470	0.1980	0.0590	0.1872	0.0508	0.2412
000274	Y	0.370152	0.268489	0.181405	0.2657	0.3286	0.2150	0.0680	0.2412	0.0706	0.2304
000275	T	0.452702	0.312440	0.191211	0.2820	0.3321	0.2430	0.0920	0.2703	0.0876	0.2218
000276	R	0.526449	0.367683	0.201233	0.3184	0.3872	0.3240	0.1280	0.3207	0.1027	0.2142
000277	K	0.591233	0.450427	0.213929	0.3146	0.2918	0.3670	0.1370	0.3359	0.1269	0.2097
000278	G	0.672119	0.535193	0.227870	0.2913	0.1852	0.4090	0.1750	0.3488	0.1768	0.2021
000279	P	0.765170	0.590700	0.244409	0.3263	0.2988	0.4180	0.2340	0.3999	0.1871	0.1947
000280	L	0.815783	0.630403	0.263001	0.2483	0.3117	0.4380	0.2560	0.4074	0.2132	0.1863
000281	E	0.830568	0.675459	0.283032	0.2531	0.2292	0.3490	0.1750	0.3896	0.2358	0.1785
000282	N	0.845329	0.707646	0.299834	0.3578	0.3529	0.3230	0.1280	0.4311	0.2193	0.1711
000283	P	0.856149	0.686874	0.314420	0.2748	0.3566	0.2770	0.0840	0.4086	0.2326	0.1660
000284	K	0.858716	0.641913	0.327223	0.3806	0.4441	0.2410	0.0780	0.4277	0.2157	0.1615
000285	R	0.863066	0.593856	0.333886	0.4825	0.4541	0.2210	0.0710	0.4357	0.2109	0.1563
000286	R	0.863263	0.578730	0.338161	0.4918	0.3599	0.2270	0.0730	0.4201	0.2138	0.1510
000287	E	0.843757	0.547233	0.340693	0.4203	0.2817	0.2470	0.0920	0.3900	0.2107	0.1451
000288	L	0.773544	0.512760	0.342487	0.3456	0.1969	0.2590	0.0910	0.3479	0.1996	0.1413
000289	L	0.718395	0.483357	0.342915	0.2602	0.2064	0.2120	0.0690	0.3135	0.1907	0.1410
000290	D	0.691676	0.434409	0.343397	0.1456	0.1476	0.1880	0.0580	0.2678	0.2037	0.1423
000291	Q	0.613889	0.390411	0.339312	0.2432	0.1476	0.1960	0.0710	0.2653	0.1642	0.1466
000292	L	0.540570	0.350482	0.336960	0.1998	0.1583	0.1870	0.0680	0.2393	0.1435	0.1517
000293	Q	0.467161	0.320259	0.334623	0.1178	0.1449	0.1550	0.0580	0.2009	0.1385	0.1594
000294	Q	0.387480	0.282220	0.330835	0.1178	0.1323	0.1390	0.0460	0.1764	0.1200	0.1694
000295	K	0.314346	0.275235	0.327935	0.1178	0.1424	0.1060	0.0260	0.1593	0.1086	0.1819
000296	L	0.234727	0.238471	0.327540	0.1240	0.0909	0.0910	0.0170	0.1298	0.1040	0.1937
000297	Y	0.204460	0.193955	0.324528	0.1266	0.0443	0.0860	0.0150	0.1092	0.1062	0.2072
000298	L	0.157506	0.165757	0.323425	0.0677	0.0424	0.0820	0.0150	0.0859	0.1081	0.2252
000299	I	0.073664	0.179013	0.318859	0.0587	0.0719	0.0810	0.0190	0.0774	0.1073	0.2397
000300	Q	0.041195	0.175695	0.311863	0.0965	0.1275	0.0770	0.0200	0.0864	0.1023	0.2547
000301	M	0.014377	0.187879	0.301766	0.0965	0.0749	0.0730	0.0230	0.0745	0.1069	0.2693
000302	I	0.003328	0.202086	0.289760	0.0909	0.0719	0.0760	0.0270	0.0740	0.1067	0.2765
000303	P	0.003460	0.191867	0.283284	0.0744	0.1373	0.0720	0.0240	0.0798	0.1026	0.2844
000304	R	0.004602	0.223665	0.281956	0.0643	0.1048	0.0750	0.0230	0.0787	0.1070	0.2913
000305	Q	0.005831	0.243321	0.274474	0.0771	0.1070	0.0830	0.0230	0.0860	0.1059	0.2993
000306	N	0.005597	0.253261	0.265106	0.0526	0.0618	0.1080	0.0330	0.0802	0.1092	0.3051
000307	L	0.005437	0.270865	0.254855	0.0935	0.1115	0.1370	0.0350	0.1030	0.1017	0.3136
000308	F	0.005132	0.304621	0.240751	0.0832	0.1162	0.1580	0.0480	0.1112	0.1068	0.3182
000309	T	0.004547	0.329262	0.226402	0.1322	0.1007	0.1270	0.0390	0.1157	0.1087	0.3146
000310	K	0.003974	0.320399	0.207323	0.1266	0.0888	0.1110	0.0340	0.1085	0.1051	0.3205
000311	N	0.003245	0.304658	0.185887	0.0587	0.0817	0.1150	0.0450	0.0939	0.1024	0.3288
000312	L	0.002993	0.273765	0.165334	0.0387	0.0646	0.1020	0.0400	0.0803	0.0940	0.3426
000313	T	0.001653	0.234943	0.149687	0.0677	0.0676	0.0770	0.0290	0.0749	0.0782	0.3635
000314	P	0.000241	0.196132	0.136638	0.0304	0.0568	0.0610	0.0240	0.0574	0.0701	0.3871
000315	M	0.000109	0.163657	0.125210	0.0150	0.0555	0.0540	0.0230	0.0480	0.0617	0.4096
000316	N	0.000073	0.139927	0.118050	0.0150	0.0334	0.0440	0.0180	0.0387	0.0558	0.4284
000317	Y	0.000083	0.125715	0.114390	0.0137	0.0168	0.0390	0.0150	0.0325	0.0534	0.4157
000318	N	0.000100	0.101695	0.112445	0.0160	0.0269	0.0340	0.0120	0.0299	0.0467	0.3928
000319	I	0.000142	0.078015	0.112129	0.0150	0.0531	0.0330	0.0110	0.0298	0.0423	0.3685
000320	F	0.000197	0.064320	0.113098	0.0150	0.0506	0.0320	0.0100	0.0270	0.0413	0.3368
000321	F	0.000232	0.054763	0.114437	0.0141	0.0506	0.0330	0.0100	0.0254	0.0413	0.3206
000322	H	0.000260	0.049556	0.116796	0.0141	0.0398	0.0310	0.0100	0.0224	0.0420	0.3144
000323	L	0.000314	0.060256	0.119923	0.0327	0.0690	0.0320	0.0100	0.0324	0.0425	0.3197
000324	L	0.000388	0.069670	0.123159	0.0279	0.0454	0.0370	0.0120	0.0300	0.0436	0.3315
000325	K	0.000443	0.088890	0.126070	0.0200	0.0231	0.0380	0.0130	0.0284	0.0486	0.3490
000326	H	0.000831	0.111852	0.130952	0.0167	0.0300	0.0440	0.0150	0.0339	0.0532	0.3709
000327	C	0.001452	0.136087	0.134045	0.0084	0.0269	0.0510	0.0170	0.0373	0.0599	0.3979
000328	F	0.002067	0.143822	0.136406	0.0173	0.0287	0.0600	0.0170	0.0420	0.0605	0.4295
000329	G	0.002981	0.173227	0.139962	0.0160	0.0258	0.0720	0.0180	0.0483	0.0685	0.4037
000330	R	0.005008	0.192452	0.144845	0.0167	0.0433	0.1000	0.0200	0.0596	0.0726	0.3748
000331	R	0.007043	0.212861	0.149152	0.0376	0.0506	0.1110	0.0220	0.0699	0.0751	0.3434
000332	S	0.014690	0.230543	0.152455	0.0771	0.0985	0.0980	0.0200	0.0864	0.0715	0.3194
000333	A	0.024193	0.247001	0.158375	0.0441	0.1184	0.0910	0.0220	0.0874	0.0789	0.2989
000334	T	0.053352	0.260047	0.166113	0.0771	0.1137	0.0970	0.0270	0.1002	0.0739	0.2855
000335	V	0.095302	0.278277	0.169938	0.1602	0.1791	0.1200	0.0420	0.1389	0.0642	0.2802
000336	I	0.133697	0.277159	0.173638	0.0935	0.1583	0.1210	0.0370	0.1306	0.0653	0.2757
000337	D	0.148354	0.282256	0.176344	0.0991	0.1583	0.1050	0.0380	0.1322	0.0674	0.2768
000338	H	0.158345	0.283435	0.177345	0.1292	0.2292	0.1060	0.0330	0.1510	0.0670	0.2823
000339	L	0.165685	0.274773	0.179083	0.2255	0.2541	0.1190	0.0390	0.1731	0.0615	0.2847
000340	R	0.170600	0.268862	0.182349	0.2255	0.1791	0.1470	0.0520	0.1651	0.0504	0.2906
000341	S	0.170532	0.278923	0.187801	0.1602	0.1501	0.1890	0.0830	0.1581	0.0527	0.2965
000342	L	0.174269	0.299996	0.193438	0.1060	0.1611	0.1990	0.0900	0.1567	0.0665	0.3053
000343	T	0.163739	0.317325	0.199162	0.0909	0.1048	0.1640	0.0550	0.1401	0.0813	0.3119
000344	P	0.162565	0.323865	0.204397	0.1205	0.1229	0.1510	0.0430	0.1469	0.0776	0.3234
000345	L	0.167572	0.319700	0.211935	0.0771	0.1206	0.1640	0.0420	0.1414	0.0842	0.3321
000346	D	0.228450	0.304065	0.220141	0.1266	0.1759	0.1700	0.0560	0.1674	0.0670	0.3330
000347	A	0.306257	0.267656	0.229564	0.1878	0.2645	0.1590	0.0690	0.1976	0.0629	0.3370
000348	R	0.380965	0.241511	0.238052	0.1998	0.2609	0.1470	0.0620	0.2051	0.0815	0.3379
000349	D	0.459676	0.221064	0.244863	0.2122	0.2752	0.1360	0.0590	0.2174	0.1075	0.3350
000350	I	0.537656	0.216074	0.247034	0.3146	0.3566	0.1370	0.0500	0.2603	0.1333	0.3370
000351	L	0.604869	0.238166	0.250990	0.3311	0.2988	0.1310	0.0370	0.2672	0.1521	0.3335
000352	M	0.666169	0.272201	0.250146	0.3225	0.2399	0.1420	0.0330	0.2739	0.1709	0.3266
000353	Q	0.708785	0.306747	0.249071	0.3578	0.3356	0.1840	0.0590	0.3155	0.1726	0.3176
000354	I	0.749092	0.347923	0.248180	0.3005	0.3019	0.2280	0.0800	0.3213	0.1819	0.3099
000355	G	0.748618	0.398723	0.247913	0.2657	0.2715	0.2360	0.0870	0.3201	0.1859	0.3051
000356	K	0.708891	0.441193	0.250058	0.3146	0.3840	0.2690	0.1050	0.3530	0.1605	0.3024
000357	Q	0.642290	0.522086	0.250924	0.3053	0.3910	0.2950	0.1380	0.3592	0.1452	0.3061
000358	E	0.581066	0.573677	0.250839	0.3668	0.4220	0.2950	0.1240	0.3732	0.1334	0.3074
000359	D	0.512281	0.610864	0.254274	0.3717	0.3182	0.2900	0.1150	0.3504	0.1344	0.3089
000360	E	0.436467	0.616150	0.260306	0.3717	0.3117	0.2290	0.0680	0.3275	0.1364	0.3213
000361	K	0.370846	0.597989	0.265870	0.3668	0.3983	0.2080	0.0560	0.3236	0.1302	0.3308
000362	V	0.300401	0.563344	0.271338	0.4245	0.4017	0.1880	0.0430	0.3130	0.1295	0.3441
000363	V	0.255983	0.525049	0.276676	0.4458	0.3392	0.1510	0.0300	0.2861	0.1322	0.3610
000364	N	0.220825	0.460081	0.277223	0.3630	0.3392	0.1580	0.0280	0.2568	0.1086	0.3819
000365	M	0.235571	0.397004	0.272405	0.3630	0.4220	0.1710	0.0380	0.2647	0.1014	0.4059
000366	H	0.288218	0.366550	0.269150	0.3578	0.3392	0.1610	0.0600	0.2521	0.0834	0.4163
000367	P	0.279005	0.339805	0.266310	0.3578	0.3529	0.1540	0.0660	0.2472	0.0837	0.4284
000368	Q	0.308031	0.313815	0.265352	0.2786	0.3392	0.1410	0.0580	0.2301	0.0779	0.4318
000369	D	0.333641	0.317986	0.268109	0.2820	0.3286	0.1200	0.0440	0.2303	0.0860	0.4254
000370	F	0.354696	0.318156	0.272812	0.2657	0.3249	0.1050	0.0400	0.2280	0.0932	0.4169
000371	K	0.345213	0.315516	0.276672	0.2531	0.3182	0.0940	0.0360	0.2210	0.0950	0.4284
000372	T	0.307216	0.310469	0.282003	0.2385	0.2503	0.0980	0.0340	0.2008	0.0860	0.4321
000373	L	0.266863	0.324344	0.285860	0.3053	0.2849	0.0930	0.0260	0.2125	0.0903	0.4323
000374	F	0.203152	0.309104	0.289216	0.3146	0.2645	0.0820	0.0220	0.1956	0.0944	0.4290
000375	E	0.133054	0.300830	0.289589	0.2913	0.2470	0.0740	0.0240	0.1744	0.1000	0.4208
000376	T	0.117861	0.304970	0.290264	0.2531	0.1671	0.0730	0.0240	0.1527	0.0999	0.4080
000377	I	0.073201	0.318719	0.288738	0.2483	0.1115	0.0820	0.0280	0.1390	0.1118	0.4109
000378	E	0.043282	0.295721	0.286843	0.1322	0.0555	0.1090	0.0430	0.1059	0.1125	0.4154
000379	R	0.038673	0.290172	0.286936	0.0935	0.0543	0.2790	0.1940	0.1259	0.1225	0.4258
000380	S	0.052261	0.287795	0.295394	0.0554	0.0568	0.5200	0.3140	0.1621	0.1810	0.4271
000381	K	0.068720	0.255444	0.301617	0.0909	0.1070	0.7640	0.1910	0.2143	0.2447	0.4156
000382	D	0.091521	0.219928	0.301821	0.1041	0.0662	0.8890	0.1590	0.2284	0.2893	0.3929
000383	C	0.135137	0.206819	0.306777	0.0991	0.0690	0.9520	0.0700	0.2437	0.3082	0.3682
000384	A	0.156759	0.185847	0.312050	0.0935	0.1092	0.9550	0.0650	0.2501	0.3050	0.3575
000385	Y	0.209180	0.177017	0.316794	0.1456	0.1852	0.9100	0.1310	0.2712	0.2727	0.3516
000386	K	0.289499	0.182305	0.321902	0.1349	0.1731	0.7020	0.2680	0.2470	0.1988	0.3528
000387	W	0.388226	0.170219	0.325364	0.1240	0.1476	0.3860	0.0860	0.2026	0.1247	0.3440
000388	L	0.461316	0.180242	0.327943	0.2080	0.2002	0.5260	0.1940	0.2626	0.1453	0.3483
000389	Y	0.551360	0.240646	0.332004	0.2432	0.1611	0.5320	0.1310	0.2881	0.1588	0.3659
000390	D	0.643411	0.339133	0.333712	0.3005	0.1373	0.6170	0.1580	0.3395	0.1878	0.3986
000391	E	0.731452	0.467841	0.330889	0.3456	0.1137	0.7510	0.1460	0.4016	0.2332	0.4316
000392	T	0.798664	0.618899	0.326754	0.4078	0.0888	0.7620	0.1450	0.4460	0.2574	0.4166
000393	L	0.967714	0.731447	0.323695	0.4420	0.0631	0.7810	0.1240	0.4975	0.3104	0.3960
000394	E	0.994202	0.748554	0.321301	0.5412	0.0888	0.8610	0.0810	0.5390	0.3175	0.3614
000395	D	0.999577	0.765343	0.324173	0.6035	0.0835	0.8480	0.1160	0.5499	0.3185	0.3314
000396	R	0.998126	0.778481	0.330241	0.7111	0.1424	0.9120	0.0500	0.5904	0.3131	0.3017