RESNUM	RES	VL-XT	VSL2B	VL3	IUPred-S	IUPred-L	PONDRFIT	FITERROR	MDP	MDPERROR	ANCHOR2
000001	M	0.020754	0.617088	0.426465	0.8391	0.0870	0.8840	0.0650	0.4791	0.3365	0.4266
000002	R	0.005622	0.610944	0.425977	0.7458	0.1184	0.8480	0.0560	0.4591	0.3107	0.4297
000003	N	0.010117	0.601690	0.423234	0.7317	0.1823	0.8570	0.0860	0.4677	0.2978	0.4299
000004	I	0.021912	0.559508	0.422953	0.6944	0.1791	0.8210	0.0710	0.4498	0.2789	0.4298
000005	M	0.058484	0.535011	0.422101	0.6756	0.1275	0.7580	0.1290	0.4295	0.2610	0.4298
000006	Y	0.099521	0.480411	0.423034	0.6035	0.1791	0.8330	0.0900	0.4364	0.2472	0.4281
000007	F	0.117253	0.437233	0.423844	0.4879	0.1791	0.8460	0.0950	0.4151	0.2365	0.4308
000008	G	0.145550	0.474836	0.425156	0.4651	0.1373	0.8890	0.0880	0.4229	0.2518	0.4266
000009	G	0.188113	0.445944	0.427814	0.3847	0.1137	0.9250	0.0700	0.4142	0.2595	0.4239
000010	T	0.223297	0.498813	0.432128	0.2700	0.1476	0.9200	0.0690	0.4154	0.2556	0.4201
000011	C	0.284265	0.490889	0.438819	0.1635	0.1914	0.8200	0.0860	0.3981	0.2232	0.4156
000012	Q	0.367910	0.505953	0.446774	0.2122	0.2503	0.7320	0.0910	0.4192	0.1733	0.4115
000013	S	0.433908	0.518616	0.455297	0.2209	0.2129	0.6420	0.0960	0.4139	0.1542	0.4021
000014	P	0.515888	0.527508	0.463339	0.2483	0.2224	0.5500	0.1100	0.4212	0.1341	0.3936
000015	A	0.583170	0.531489	0.471418	0.2748	0.3286	0.5380	0.0840	0.4545	0.1139	0.3852
000016	L	0.675522	0.541515	0.483674	0.3311	0.2918	0.4630	0.1020	0.4644	0.1281	0.3772
000017	P	0.756575	0.544487	0.499599	0.4282	0.4017	0.3480	0.0670	0.4964	0.1327	0.3708
000018	A	0.822626	0.560218	0.517129	0.4203	0.5342	0.3580	0.0750	0.5354	0.1461	0.3659
000019	L	0.893736	0.567426	0.531695	0.4420	0.5296	0.3150	0.0620	0.5465	0.1761	0.3649
000020	V	0.938814	0.583607	0.542589	0.4600	0.4541	0.2720	0.0420	0.5419	0.2026	0.3608
000021	R	0.958652	0.638314	0.549793	0.4513	0.4582	0.2280	0.0380	0.5474	0.2223	0.3587
000022	P	0.937773	0.655980	0.555127	0.4282	0.4725	0.2170	0.0380	0.5445	0.2210	0.3578
000023	P	0.880112	0.667610	0.558626	0.4245	0.4582	0.2370	0.0690	0.5377	0.2016	0.3545
000024	A	0.822155	0.674767	0.560589	0.3456	0.4864	0.2340	0.0690	0.5205	0.1960	0.3558
000025	P	0.714147	0.675397	0.560264	0.3225	0.3631	0.2020	0.0480	0.4728	0.1894	0.3591
000026	P	0.612780	0.682228	0.560281	0.3847	0.3249	0.1910	0.0440	0.4593	0.1727	0.3651
000027	L	0.509018	0.679087	0.560437	0.3762	0.4256	0.1650	0.0360	0.4526	0.1608	0.3731
000028	Q	0.421378	0.679513	0.560182	0.2820	0.3053	0.1420	0.0320	0.3984	0.1797	0.3813
000029	P	0.323341	0.661186	0.559039	0.3399	0.3599	0.1440	0.0320	0.3979	0.1684	0.3855
000030	S	0.219379	0.654795	0.555175	0.3146	0.3599	0.1450	0.0390	0.3748	0.1788	0.3900
000031	L	0.173209	0.629474	0.549583	0.4116	0.4292	0.1330	0.0350	0.3876	0.1816	0.3976
000032	D	0.123918	0.600687	0.542134	0.3146	0.4149	0.1250	0.0280	0.3535	0.1858	0.4063
000033	I	0.072536	0.554819	0.534302	0.3146	0.3667	0.1160	0.0310	0.3265	0.1852	0.4106
000034	K	0.071951	0.501138	0.526075	0.2913	0.3149	0.1120	0.0320	0.3029	0.1728	0.4182
000035	P	0.064009	0.498832	0.516234	0.3005	0.3215	0.1160	0.0330	0.3028	0.1714	0.4233
000036	F	0.056947	0.444704	0.506745	0.2432	0.2436	0.1210	0.0360	0.2694	0.1610	0.4276
000037	L	0.033890	0.477132	0.496661	0.1921	0.2328	0.1150	0.0340	0.2579	0.1735	0.4261
000038	P	0.021911	0.461307	0.486882	0.1958	0.2399	0.1160	0.0350	0.2537	0.1701	0.4195
000039	F	0.015462	0.449654	0.476551	0.1766	0.1424	0.1270	0.0470	0.2313	0.1713	0.4161
000040	P	0.009027	0.432728	0.464107	0.1018	0.1449	0.1180	0.0490	0.2118	0.1727	0.4152
000041	L	0.005900	0.455532	0.449527	0.0567	0.1583	0.1330	0.0540	0.2099	0.1786	0.4140
000042	D	0.004789	0.452432	0.432901	0.1117	0.1399	0.1310	0.0550	0.2122	0.1690	0.4112
000043	T	0.004394	0.463031	0.414959	0.1018	0.1424	0.1350	0.0540	0.2103	0.1684	0.4069
000044	A	0.007245	0.432452	0.396011	0.0909	0.1881	0.1300	0.0540	0.2075	0.1561	0.4036
000045	A	0.008793	0.388370	0.376556	0.0909	0.1583	0.1080	0.0530	0.1885	0.1440	0.4004
000046	A	0.012151	0.381357	0.356870	0.0643	0.1449	0.1030	0.0500	0.1771	0.1417	0.3997
000047	V	0.012417	0.380198	0.336515	0.0789	0.2575	0.1170	0.0530	0.1971	0.1361	0.4006
000048	N	0.013554	0.347068	0.316014	0.1322	0.2575	0.1140	0.0460	0.1968	0.1190	0.4035
000049	L	0.013847	0.311941	0.296700	0.1322	0.2470	0.1330	0.0560	0.1891	0.1058	0.4089
000050	F	0.013848	0.296783	0.279628	0.1380	0.3460	0.1370	0.0650	0.2019	0.1151	0.4124
000051	P	0.013920	0.312347	0.264422	0.1322	0.2951	0.1160	0.0560	0.1889	0.1091	0.4132
000052	N	0.012364	0.291411	0.250271	0.2080	0.3149	0.1240	0.0540	0.2002	0.1041	0.4150
000053	F	0.008511	0.273588	0.236238	0.1566	0.2399	0.1350	0.0570	0.1751	0.0888	0.4196
000054	N	0.006798	0.249153	0.222650	0.1018	0.2503	0.1290	0.0520	0.1600	0.0893	0.4229
000055	A	0.003215	0.247563	0.209366	0.0744	0.2849	0.1430	0.0490	0.1605	0.0982	0.4271
000056	M	0.002576	0.259721	0.195397	0.0884	0.3117	0.1800	0.0640	0.1730	0.1029	0.4327
000057	D	0.001815	0.267741	0.179948	0.1041	0.2470	0.1970	0.0910	0.1662	0.0902	0.4319
000058	P	0.001639	0.265398	0.165607	0.1602	0.3019	0.2160	0.1010	0.1852	0.0964	0.4287
000059	I	0.001678	0.279932	0.155594	0.0909	0.2364	0.2180	0.0930	0.1638	0.0943	0.4252
000060	Q	0.003551	0.280322	0.149668	0.1416	0.3286	0.1650	0.0700	0.1781	0.1048	0.4223
000061	K	0.004499	0.249839	0.147194	0.1566	0.3529	0.1660	0.0800	0.1794	0.1060	0.4187
000062	A	0.005986	0.222850	0.147117	0.1602	0.3566	0.1270	0.0590	0.1699	0.1057	0.4168
000063	V	0.008293	0.195381	0.149212	0.0935	0.3494	0.1180	0.0510	0.1524	0.1049	0.4133
000064	I	0.010735	0.168233	0.152535	0.1844	0.4582	0.1080	0.0400	0.1804	0.1367	0.4102
000065	N	0.011821	0.161026	0.156197	0.1805	0.4582	0.0870	0.0290	0.1758	0.1385	0.4110
000066	H	0.012555	0.166437	0.160058	0.2167	0.4831	0.0920	0.0230	0.1885	0.1467	0.4150
000067	T	0.013735	0.180196	0.163912	0.2748	0.5342	0.0900	0.0150	0.2094	0.1660	0.4158
000068	F	0.013661	0.200562	0.167788	0.2700	0.4507	0.0990	0.0210	0.2002	0.1377	0.4210
000069	G	0.011755	0.241134	0.172414	0.2558	0.3566	0.0870	0.0170	0.1875	0.1135	0.4261
000070	V	0.010839	0.263468	0.178384	0.2786	0.4256	0.0860	0.0180	0.2071	0.1355	0.4320
000071	P	0.009317	0.288344	0.186218	0.1958	0.3286	0.0810	0.0210	0.1816	0.1103	0.4301
000072	L	0.007083	0.298757	0.195116	0.1921	0.3426	0.0980	0.0360	0.1889	0.1133	0.4267
000073	P	0.004712	0.296584	0.205099	0.1349	0.2988	0.0950	0.0460	0.1725	0.1065	0.4237
000074	H	0.003939	0.296289	0.215699	0.1998	0.2715	0.0940	0.0490	0.1802	0.1017	0.4195
000075	R	0.003165	0.287572	0.227938	0.2080	0.3529	0.0900	0.0470	0.1948	0.1174	0.4207
000076	R	0.002167	0.272656	0.240420	0.1240	0.2817	0.0850	0.0490	0.1677	0.1044	0.4245
000077	K	0.002434	0.253336	0.252886	0.1349	0.2884	0.0870	0.0550	0.1698	0.1033	0.4292
000078	Q	0.003433	0.241981	0.264497	0.0858	0.2034	0.0800	0.0460	0.1464	0.0957	0.4313
000079	I	0.005356	0.216700	0.276171	0.1635	0.3053	0.0770	0.0410	0.1740	0.1061	0.4317
000080	I	0.006697	0.192916	0.287172	0.1041	0.2988	0.0750	0.0370	0.1607	0.1083	0.4331
000081	S	0.008702	0.172895	0.298685	0.1602	0.3599	0.0720	0.0310	0.1788	0.1210	0.4319
000082	C	0.008872	0.147396	0.309580	0.1349	0.3286	0.0730	0.0290	0.1671	0.1166	0.4290
000083	N	0.008648	0.134325	0.320584	0.2041	0.4087	0.0760	0.0300	0.1920	0.1379	0.4286
000084	I	0.008390	0.141439	0.332781	0.1805	0.3566	0.0800	0.0310	0.1833	0.1261	0.4285
000085	C	0.008131	0.167327	0.347057	0.1878	0.3286	0.0870	0.0290	0.1877	0.1211	0.4280
000086	Q	0.007725	0.199398	0.362328	0.1602	0.2918	0.1010	0.0330	0.1872	0.1169	0.4303
000087	L	0.006652	0.235889	0.377611	0.1322	0.2884	0.1280	0.0460	0.1948	0.1209	0.4330
000088	R	0.004634	0.288933	0.393196	0.1088	0.2094	0.1520	0.0590	0.1929	0.1250	0.4324
000089	F	0.003357	0.342598	0.410568	0.1150	0.1969	0.1800	0.0690	0.2081	0.1357	0.4316
000090	N	0.001330	0.399401	0.429453	0.1088	0.2645	0.2120	0.0860	0.2359	0.1510	0.4322
000091	S	0.001201	0.448610	0.449264	0.1667	0.3286	0.2300	0.0930	0.2708	0.1591	0.4325
000092	D	0.001759	0.500898	0.469942	0.1602	0.3286	0.2530	0.0900	0.2857	0.1730	0.4328
000093	S	0.006706	0.532783	0.490430	0.2432	0.4149	0.2520	0.0850	0.3233	0.1789	0.4329
000094	Q	0.011677	0.540873	0.511644	0.2432	0.3807	0.2770	0.0810	0.3276	0.1787	0.4330
000095	A	0.017575	0.564175	0.532678	0.3311	0.4476	0.2990	0.0710	0.3653	0.1830	0.4330
000096	A	0.073072	0.580392	0.554054	0.4116	0.5296	0.3230	0.0810	0.4119	0.1757	0.4332
000097	A	0.116004	0.604407	0.575382	0.4037	0.4507	0.3700	0.0910	0.4200	0.1603	0.4333
000098	H	0.118562	0.630986	0.596354	0.4918	0.5139	0.3970	0.1010	0.4580	0.1695	0.4330
000099	Y	0.122515	0.649100	0.616515	0.4149	0.4766	0.3990	0.1220	0.4465	0.1727	0.4331
000100	K	0.125857	0.665303	0.635261	0.5084	0.5055	0.3620	0.1250	0.4670	0.1818	0.4336
000101	G	0.172459	0.686055	0.652695	0.4825	0.5098	0.3740	0.1350	0.4797	0.1727	0.4337
000102	T	0.214464	0.704160	0.669151	0.4245	0.4864	0.4200	0.1310	0.4864	0.1648	0.4349
000103	K	0.290621	0.715086	0.684640	0.4282	0.4619	0.4170	0.1180	0.4996	0.1515	0.4367
000104	H	0.366345	0.733326	0.698795	0.4037	0.4619	0.4120	0.0980	0.5126	0.1469	0.4402
000105	A	0.400421	0.745785	0.711554	0.3806	0.4582	0.3920	0.0650	0.5147	0.1536	0.4443
000106	K	0.451550	0.754419	0.722370	0.4078	0.4801	0.3540	0.0560	0.5284	0.1538	0.4475
000107	K	0.540664	0.763773	0.732850	0.4420	0.5139	0.3660	0.0610	0.5599	0.1445	0.4521
000108	L	0.627549	0.771589	0.742473	0.4749	0.5342	0.3680	0.0600	0.5864	0.1434	0.4576
000109	K	0.715075	0.771284	0.752513	0.4600	0.5211	0.3560	0.0640	0.5959	0.1588	0.4619
000110	A	0.758802	0.783436	0.761453	0.5331	0.5577	0.3800	0.0640	0.6291	0.1498	0.4655
000111	L	0.796640	0.803343	0.769893	0.5229	0.5577	0.3970	0.0560	0.6413	0.1568	0.4703
000112	E	0.801971	0.813798	0.776494	0.4825	0.5296	0.3850	0.0550	0.6315	0.1716	0.4712
000113	A	0.789607	0.831733	0.782726	0.4825	0.5254	0.4530	0.0440	0.6442	0.1593	0.4727
000114	M	0.769230	0.848044	0.787903	0.4556	0.5382	0.5110	0.0540	0.6517	0.1539	0.4686
000115	K	0.749950	0.871240	0.791412	0.4420	0.5211	0.5320	0.0620	0.6514	0.1595	0.4579
000116	N	0.684138	0.881934	0.792715	0.4556	0.5211	0.5580	0.0740	0.6489	0.1518	0.4467
000117	K	0.596424	0.892543	0.793838	0.4458	0.5211	0.5590	0.0910	0.6349	0.1568	0.4368
000118	Q	0.509143	0.904547	0.795678	0.4203	0.5211	0.6010	0.0650	0.6253	0.1703	0.4254
000119	K	0.455710	0.914568	0.797529	0.4781	0.5901	0.6130	0.0680	0.6415	0.1651	0.4109
000120	S	0.401190	0.923152	0.796845	0.4600	0.4940	0.6100	0.0790	0.6141	0.1882	0.3973
000121	V	0.344299	0.927161	0.794150	0.4749	0.5139	0.6320	0.0710	0.6144	0.1970	0.3906
000122	T	0.280108	0.928898	0.789909	0.4651	0.5758	0.6160	0.0710	0.6093	0.2102	0.3753
000123	A	0.215918	0.931464	0.785068	0.4556	0.4864	0.6280	0.0670	0.5838	0.2326	0.3692
000124	K	0.145112	0.933085	0.779572	0.4781	0.5098	0.6550	0.0580	0.5834	0.2498	0.3650
000125	D	0.121533	0.931607	0.773358	0.4379	0.5254	0.7070	0.0680	0.5829	0.2616	0.3610
000126	S	0.121807	0.931557	0.767238	0.4282	0.5419	0.7390	0.0720	0.5883	0.2639	0.3644
000127	A	0.120534	0.932776	0.761402	0.4078	0.5254	0.7670	0.0760	0.5858	0.2695	0.3691
000128	K	0.087692	0.933265	0.755929	0.4078	0.4652	0.7760	0.0790	0.5710	0.2825	0.3650
000129	T	0.064161	0.933694	0.750859	0.3885	0.4652	0.8000	0.0760	0.5670	0.2937	0.3685
000130	T	0.039035	0.940199	0.745927	0.3399	0.4652	0.8170	0.0840	0.5579	0.3093	0.3759
000131	F	0.038436	0.935763	0.741291	0.3491	0.4652	0.8170	0.0910	0.5578	0.3071	0.3854
000132	T	0.040050	0.937254	0.736726	0.3806	0.5098	0.7960	0.1000	0.5667	0.2983	0.3765
000133	S	0.039165	0.930677	0.732070	0.3885	0.5139	0.8320	0.0920	0.5727	0.3008	0.3782
000134	I	0.040315	0.924578	0.727786	0.4037	0.5382	0.8560	0.0800	0.5817	0.3002	0.3750
000135	T	0.045135	0.938278	0.723388	0.3992	0.5382	0.8390	0.0900	0.5806	0.2991	0.3592
000136	T	0.051129	0.943125	0.720377	0.4037	0.5342	0.8480	0.0870	0.5835	0.2990	0.3458
000137	N	0.056444	0.946745	0.718457	0.3939	0.5382	0.8600	0.0740	0.5855	0.3006	0.3345
000138	T	0.144635	0.942490	0.717721	0.4078	0.5577	0.8690	0.0650	0.6066	0.2737	0.3245
000139	I	0.246053	0.946902	0.717498	0.4149	0.5382	0.8990	0.0570	0.6270	0.2524	0.3201
000140	N	0.343276	0.949477	0.717718	0.4149	0.5419	0.9210	0.0450	0.6480	0.2341	0.3042
000141	T	0.438285	0.952460	0.718745	0.4078	0.5419	0.9340	0.0510	0.6656	0.2201	0.2881
000142	S	0.541199	0.953364	0.721191	0.4749	0.6851	0.9410	0.0540	0.7194	0.1809	0.2716
000143	S	0.643678	0.952282	0.725238	0.4749	0.6661	0.9450	0.0500	0.7345	0.1693	0.2645
000144	D	0.741541	0.953089	0.730811	0.5084	0.5992	0.9510	0.0440	0.7474	0.1649	0.2568
000145	K	0.839248	0.953621	0.737795	0.5374	0.6755	0.9610	0.0340	0.7841	0.1516	0.2618
000146	T	0.938164	0.954607	0.745543	0.5043	0.6755	0.9670	0.0260	0.7976	0.1717	0.2750
000147	D	0.950620	0.955435	0.753918	0.5126	0.6755	0.9690	0.0260	0.8029	0.1711	0.2889
000148	G	0.948312	0.954884	0.761182	0.5043	0.6576	0.9680	0.0250	0.7991	0.1749	0.3019
000149	T	0.941051	0.954850	0.767597	0.5084	0.6576	0.9660	0.0260	0.7992	0.1721	0.3135
000150	A	0.927531	0.954327	0.773281	0.5412	0.6851	0.9620	0.0270	0.8072	0.1564	0.3257
000151	G	0.881308	0.953570	0.778803	0.5331	0.6851	0.9480	0.0400	0.7967	0.1511	0.3474
000152	T	0.870448	0.953662	0.783812	0.5084	0.6136	0.9370	0.0490	0.7778	0.1655	0.3705
000153	P	0.864845	0.952868	0.788253	0.5296	0.6427	0.9220	0.0630	0.7834	0.1521	0.4095
000154	A	0.856699	0.952164	0.792264	0.4967	0.6427	0.9150	0.0680	0.7759	0.1597	0.4493
000155	I	0.843965	0.950559	0.796896	0.5173	0.6322	0.8970	0.0770	0.7730	0.1515	0.4779
000156	S	0.832721	0.948718	0.802055	0.5084	0.6322	0.8810	0.0810	0.7675	0.1509	0.4778
000157	T	0.825002	0.947031	0.807424	0.5173	0.5854	0.8830	0.0770	0.7609	0.1560	0.4755
000158	T	0.821918	0.949354	0.812158	0.5229	0.5707	0.8800	0.0770	0.7595	0.1575	0.4866
000159	T	0.817856	0.950448	0.816511	0.4879	0.5665	0.8710	0.0840	0.7516	0.1664	0.5161
000160	T	0.829864	0.948819	0.820597	0.5008	0.5620	0.8530	0.0920	0.7526	0.1628	0.5505
000161	V	0.813088	0.950809	0.824962	0.5126	0.6043	0.8410	0.1030	0.7578	0.1502	0.5863
000162	E	0.770493	0.955795	0.829761	0.5043	0.5382	0.8130	0.1140	0.7353	0.1618	0.6027
000163	I	0.715285	0.957014	0.835111	0.5296	0.5342	0.8360	0.0990	0.7346	0.1594	0.6269
000164	R	0.702146	0.958165	0.840968	0.4651	0.4979	0.8250	0.1050	0.7149	0.1811	0.6157
000165	K	0.673583	0.960953	0.847209	0.4825	0.5139	0.7990	0.1030	0.7129	0.1738	0.5994
000166	S	0.649826	0.962447	0.853587	0.5253	0.5342	0.7790	0.0890	0.7174	0.1620	0.5945
000167	S	0.637795	0.964079	0.858964	0.5126	0.5493	0.7680	0.0790	0.7151	0.1633	0.6158
000168	V	0.635883	0.964875	0.862956	0.4825	0.5493	0.7810	0.0550	0.7127	0.1715	0.6367
000169	M	0.608903	0.966292	0.865543	0.5043	0.5493	0.8050	0.0400	0.7166	0.1718	0.6287
000170	T	0.587303	0.968130	0.867667	0.4967	0.5901	0.7560	0.0500	0.7110	0.1676	0.5908
000171	T	0.548672	0.968698	0.869479	0.5008	0.5901	0.7490	0.0420	0.7044	0.1721	0.5584
000172	E	0.573437	0.968877	0.871285	0.5623	0.6375	0.7710	0.0370	0.7308	0.1527	0.5263
000173	I	0.545224	0.968214	0.872659	0.5412	0.5992	0.8240	0.0400	0.7250	0.1696	0.5019
000174	T	0.532435	0.967859	0.873423	0.5762	0.6661	0.8330	0.0410	0.7416	0.1601	0.4635
000175	S	0.537849	0.967693	0.873560	0.5374	0.6427	0.8290	0.0550	0.7313	0.1676	0.4424
000176	K	0.492704	0.966796	0.872614	0.5514	0.6620	0.8090	0.0610	0.7257	0.1709	0.4253
000177	V	0.464996	0.966360	0.870394	0.5549	0.6620	0.8180	0.0650	0.7227	0.1772	0.4101
000178	E	0.486980	0.963816	0.866208	0.5549	0.6620	0.7880	0.0740	0.7203	0.1685	0.3805
000179	K	0.526261	0.963068	0.861124	0.5846	0.5854	0.8160	0.0720	0.7227	0.1644	0.3522
000180	S	0.589259	0.962966	0.855690	0.5802	0.6427	0.8250	0.0700	0.7426	0.1461	0.3358
000181	P	0.604016	0.960377	0.850454	0.4879	0.6427	0.8130	0.0750	0.7263	0.1615	0.3310
000182	T	0.636371	0.958983	0.845550	0.5126	0.6427	0.8320	0.0770	0.7380	0.1524	0.3238
000183	T	0.678958	0.957322	0.840560	0.4967	0.6427	0.8540	0.0760	0.7450	0.1541	0.3167
000184	A	0.701660	0.954229	0.836235	0.5173	0.7080	0.8520	0.0660	0.7615	0.1396	0.3132
000185	T	0.761330	0.955057	0.832007	0.5253	0.7250	0.8820	0.0410	0.7800	0.1366	0.3103
000186	G	0.805218	0.954991	0.827252	0.5229	0.7369	0.8840	0.0570	0.7885	0.1365	0.3074
000187	N	0.830872	0.950662	0.821006	0.5473	0.7547	0.8930	0.0530	0.7995	0.1282	0.3024
000188	S	0.828162	0.943213	0.813652	0.5846	0.7982	0.9070	0.0550	0.8125	0.1143	0.2972
000189	S	0.838220	0.935837	0.806478	0.5846	0.7672	0.8910	0.0690	0.8039	0.1123	0.2946
000190	C	0.847170	0.929854	0.799748	0.5900	0.7672	0.8730	0.0890	0.8011	0.1077	0.2918
000191	P	0.833023	0.922972	0.793441	0.5667	0.7916	0.8120	0.1360	0.7867	0.1079	0.2925
000192	S	0.797451	0.918736	0.787813	0.5331	0.7036	0.8000	0.1530	0.7568	0.1180	0.2931
000193	T	0.761179	0.914213	0.782926	0.5412	0.6576	0.7900	0.1610	0.7412	0.1165	0.2991
000194	E	0.726115	0.909066	0.778326	0.5126	0.5758	0.7310	0.1700	0.7055	0.1303	0.3120
000195	T	0.666117	0.901971	0.773304	0.5043	0.4901	0.6700	0.1320	0.6676	0.1439	0.3293
000196	E	0.582182	0.894561	0.767331	0.4556	0.4940	0.5960	0.1360	0.6316	0.1534	0.3503
000197	E	0.502945	0.885032	0.760831	0.3311	0.4507	0.5360	0.1270	0.5778	0.1881	0.3728
000198	E	0.420799	0.874006	0.754060	0.3311	0.3460	0.5140	0.1550	0.5400	0.2056	0.4059
000199	K	0.336561	0.864139	0.748046	0.2865	0.3460	0.4960	0.1090	0.5129	0.2195	0.4358
000200	A	0.270465	0.851665	0.743046	0.1766	0.3182	0.4660	0.0810	0.4709	0.2480	0.4696
000201	K	0.211557	0.833754	0.738692	0.2700	0.3983	0.4030	0.0910	0.4759	0.2312	0.5062
000202	R	0.150601	0.804604	0.734562	0.2041	0.3356	0.3990	0.0770	0.4380	0.2489	0.5464
000203	L	0.092412	0.781138	0.730158	0.1878	0.3460	0.3890	0.0710	0.4211	0.2563	0.5884
000204	L	0.054733	0.781143	0.724497	0.1602	0.3494	0.3940	0.0860	0.4106	0.2675	0.6112
000205	Y	0.049451	0.762544	0.715979	0.1566	0.3249	0.3860	0.0840	0.3993	0.2643	0.6133
000206	C	0.035988	0.736174	0.704649	0.1635	0.3286	0.3460	0.0880	0.3858	0.2585	0.6066
000207	S	0.026450	0.709144	0.691053	0.1380	0.3321	0.3120	0.0960	0.3681	0.2565	0.6072
000208	L	0.020036	0.719894	0.675723	0.1349	0.2817	0.3310	0.1110	0.3605	0.2590	0.6058
000209	C	0.013371	0.697558	0.659941	0.1322	0.2817	0.3420	0.1270	0.3545	0.2524	0.5965
000210	K	0.011435	0.682352	0.647031	0.0991	0.2680	0.3580	0.1180	0.3443	0.2526	0.5973
000211	V	0.010912	0.638919	0.638468	0.1150	0.2988	0.4030	0.1140	0.3509	0.2389	0.6000
000212	A	0.016928	0.640324	0.632692	0.1041	0.3087	0.4560	0.1130	0.3597	0.2408	0.5968
000213	V	0.029188	0.631572	0.627150	0.1041	0.2918	0.4860	0.1290	0.3617	0.2383	0.5857
000214	N	0.031230	0.608376	0.623565	0.1266	0.3356	0.4860	0.1300	0.3686	0.2272	0.5619
000215	S	0.034905	0.624800	0.621350	0.1495	0.3740	0.4930	0.1310	0.3829	0.2248	0.5488
000216	A	0.049089	0.630760	0.621987	0.1878	0.4330	0.5070	0.1250	0.4050	0.2172	0.5434
000217	S	0.079994	0.635347	0.624135	0.3053	0.5456	0.5550	0.1220	0.4576	0.2010	0.5376
000218	Q	0.105775	0.644013	0.629885	0.3096	0.5456	0.6070	0.0980	0.4736	0.1994	0.5310
000219	L	0.117101	0.664472	0.636968	0.3630	0.5951	0.6610	0.0910	0.5062	0.2024	0.5246
000220	E	0.130612	0.669324	0.644181	0.4825	0.7120	0.6560	0.0940	0.5491	0.2004	0.5071
000221	A	0.166221	0.673630	0.651101	0.4879	0.6531	0.6940	0.0960	0.5543	0.1862	0.4948
000222	H	0.188114	0.677073	0.658351	0.5126	0.7080	0.6990	0.1040	0.5739	0.1844	0.4852
000223	N	0.220168	0.679823	0.665651	0.4781	0.7080	0.7370	0.0970	0.5815	0.1818	0.4731
000224	S	0.253180	0.672583	0.672245	0.5229	0.7628	0.6910	0.1080	0.5957	0.1690	0.4694
000225	G	0.276712	0.686893	0.678539	0.4967	0.7672	0.6240	0.1170	0.5883	0.1616	0.4740
000226	T	0.294716	0.682449	0.685007	0.5126	0.7718	0.5650	0.1210	0.5853	0.1551	0.4773
000227	K	0.295113	0.677379	0.691935	0.5412	0.7843	0.4830	0.1210	0.5789	0.1611	0.4815
000228	H	0.311645	0.679710	0.699097	0.5374	0.7881	0.4870	0.1240	0.5838	0.1581	0.4885
000229	K	0.337370	0.676186	0.706812	0.5374	0.7755	0.4470	0.1430	0.5801	0.1537	0.4867
000230	T	0.300541	0.671696	0.714480	0.5941	0.7628	0.4290	0.1470	0.5788	0.1638	0.4836
000231	M	0.271917	0.668548	0.721619	0.5900	0.7505	0.4660	0.1460	0.5781	0.1658	0.4968
000232	L	0.268261	0.657304	0.727488	0.5711	0.7505	0.4120	0.1420	0.5645	0.1735	0.4909
000233	E	0.264814	0.650767	0.731545	0.5711	0.6322	0.3530	0.1220	0.5340	0.1677	0.4726
000234	A	0.237078	0.639496	0.733700	0.5514	0.6531	0.3760	0.1250	0.5318	0.1725	0.4700
000235	R	0.200684	0.626986	0.733888	0.4967	0.6755	0.3610	0.1450	0.5158	0.1866	0.4612
000236	N	0.187317	0.619214	0.734728	0.5296	0.6531	0.3900	0.1370	0.5191	0.1831	0.4520
000237	G	0.173126	0.613625	0.737016	0.5514	0.6576	0.4050	0.1360	0.5230	0.1868	0.4477
000238	S	0.172592	0.606058	0.741122	0.5253	0.6043	0.4160	0.1370	0.5109	0.1800	0.4447
000239	G	0.219700	0.605080	0.747184	0.5173	0.5854	0.4270	0.1530	0.5170	0.1643	0.4471
000240	T	0.306932	0.609018	0.753169	0.4703	0.5951	0.4150	0.1700	0.5249	0.1453	0.4594
000241	I	0.360726	0.582533	0.756615	0.4781	0.5992	0.4260	0.1580	0.5339	0.1297	0.4742
000242	K	0.385335	0.580148	0.755232	0.4918	0.6089	0.4010	0.1470	0.5371	0.1279	0.4805
000243	A	0.478134	0.562410	0.750892	0.5473	0.7036	0.3990	0.1460	0.5735	0.1216	0.4956
000244	F	0.568473	0.553861	0.745939	0.5412	0.6322	0.3990	0.1200	0.5735	0.1041	0.5176
000245	P	0.655701	0.546794	0.739109	0.5941	0.6712	0.3290	0.1140	0.5893	0.1311	0.5268
000246	R	0.739896	0.527900	0.731320	0.5253	0.6531	0.3830	0.1550	0.5935	0.1272	0.5355
000247	A	0.799056	0.547852	0.721506	0.5173	0.6427	0.3830	0.1610	0.6019	0.1371	0.5402
000248	G	0.846488	0.564628	0.712113	0.5173	0.6576	0.4060	0.1470	0.6174	0.1417	0.5373
000249	V	0.801777	0.584279	0.703057	0.5126	0.6620	0.4370	0.1440	0.6168	0.1210	0.5336
000250	K	0.762242	0.603318	0.694297	0.5173	0.6620	0.4620	0.1380	0.6168	0.1027	0.5185
000251	G	0.814724	0.617404	0.685441	0.5084	0.5901	0.5440	0.1640	0.6267	0.1008	0.4981
000252	K	0.822231	0.629834	0.676362	0.5549	0.6806	0.5030	0.1650	0.6445	0.1017	0.4890
000253	G	0.737625	0.620779	0.668440	0.4918	0.6991	0.5350	0.2220	0.6254	0.0875	0.4830
000254	P	0.647770	0.616211	0.662207	0.5173	0.7209	0.4740	0.2260	0.6064	0.0852	0.4773
000255	V	0.551627	0.617568	0.655960	0.5762	0.8085	0.4710	0.2410	0.6134	0.1045	0.4723
000256	N	0.451639	0.628490	0.650270	0.5549	0.6755	0.4370	0.2550	0.5664	0.0938	0.4610
000257	K	0.352220	0.615642	0.643564	0.5253	0.6806	0.3910	0.2030	0.5346	0.1251	0.4647
000258	G	0.303646	0.605101	0.637319	0.4825	0.5758	0.3780	0.1790	0.4970	0.1221	0.4764
000259	N	0.256144	0.590006	0.630001	0.5043	0.5854	0.3330	0.1690	0.4832	0.1402	0.4871
000260	T	0.145434	0.562050	0.622120	0.4458	0.5577	0.3130	0.1430	0.4410	0.1657	0.4958
000261	G	0.034525	0.542386	0.612938	0.4379	0.4476	0.3200	0.1390	0.3993	0.1867	0.5208
000262	L	0.015730	0.506271	0.603844	0.3885	0.4541	0.3140	0.1250	0.3805	0.1865	0.5430
000263	Q	0.005294	0.479375	0.595563	0.2748	0.4087	0.2780	0.1220	0.3403	0.1869	0.5414
000264	N	0.002761	0.453184	0.589074	0.2748	0.4256	0.2590	0.1090	0.3340	0.1856	0.5471
000265	K	0.007459	0.430544	0.585648	0.2080	0.3566	0.2610	0.1210	0.3082	0.1812	0.5618
000266	T	0.012049	0.387973	0.586968	0.2700	0.4119	0.2280	0.1030	0.3161	0.1780	0.5804
000267	F	0.017529	0.361354	0.593388	0.2292	0.3948	0.2170	0.1020	0.3022	0.1782	0.6097
000268	H	0.019663	0.362641	0.601639	0.2333	0.4051	0.1740	0.0740	0.2993	0.1848	0.6134
000269	C	0.020187	0.360613	0.610779	0.2483	0.4087	0.1570	0.0600	0.3009	0.1887	0.5988
000270	E	0.020955	0.382805	0.618894	0.2385	0.4087	0.1470	0.0580	0.3029	0.1937	0.5908
000271	I	0.021291	0.405808	0.627811	0.2385	0.3529	0.1650	0.0690	0.3018	0.1920	0.5883
000272	C	0.022547	0.454355	0.637866	0.2602	0.3566	0.1860	0.0840	0.3195	0.1960	0.5753
000273	D	0.024438	0.468361	0.650118	0.2748	0.4220	0.2280	0.1130	0.3447	0.1981	0.5734
000274	V	0.025497	0.452442	0.664406	0.2748	0.4256	0.2900	0.1330	0.3555	0.1956	0.5856
000275	H	0.052043	0.500774	0.679438	0.2913	0.3460	0.3840	0.1330	0.3756	0.1918	0.5910
000276	V	0.107770	0.524561	0.695380	0.2963	0.3392	0.5060	0.1770	0.4115	0.1884	0.5861
000277	N	0.112785	0.533256	0.711701	0.2483	0.3356	0.5790	0.1970	0.4202	0.2059	0.5688
000278	S	0.127153	0.575322	0.728143	0.3225	0.4330	0.5740	0.1870	0.4600	0.1952	0.5514
000279	E	0.198744	0.613100	0.743366	0.3096	0.4292	0.5210	0.1690	0.4692	0.1820	0.5517
000280	T	0.289169	0.637803	0.756121	0.4282	0.5533	0.5290	0.1280	0.5323	0.1481	0.5722
000281	Q	0.382306	0.657583	0.768347	0.4513	0.5456	0.5220	0.1490	0.5544	0.1277	0.5967
000282	L	0.479762	0.681385	0.780874	0.5126	0.6427	0.5300	0.1410	0.6046	0.1065	0.6171
000283	K	0.576115	0.701153	0.793586	0.6334	0.7881	0.5010	0.1500	0.6656	0.1070	0.6262
000284	Q	0.655199	0.711427	0.804847	0.6412	0.7505	0.5860	0.0940	0.6915	0.0727	0.6304
000285	H	0.704608	0.725465	0.813457	0.6906	0.7755	0.6220	0.0940	0.7220	0.0613	0.6379
000286	I	0.807736	0.733654	0.821640	0.6650	0.7595	0.7210	0.0970	0.7515	0.0530	0.6426
000287	S	0.903479	0.742920	0.828249	0.6870	0.8162	0.7160	0.1100	0.7822	0.0742	0.6428
000288	S	0.942055	0.752250	0.835055	0.6870	0.8279	0.7300	0.1340	0.7957	0.0837	0.6505
000289	R	0.962248	0.766184	0.841582	0.6984	0.8565	0.7660	0.1340	0.8151	0.0842	0.6580
000290	R	0.978806	0.775922	0.849438	0.7317	0.8493	0.7920	0.1370	0.8296	0.0784	0.6563
000291	H	0.990264	0.789409	0.858203	0.7605	0.8713	0.8080	0.1450	0.8463	0.0748	0.6474
000292	K	0.998844	0.808799	0.868222	0.7573	0.8623	0.8070	0.1540	0.8503	0.0762	0.6280
000293	D	0.999143	0.821960	0.878828	0.8242	0.8343	0.8100	0.1450	0.8614	0.0653	0.6074
000294	R	0.999373	0.832329	0.889667	0.8311	0.8279	0.8210	0.1380	0.8669	0.0635	0.5959
000295	A	0.999416	0.837930	0.900106	0.7605	0.8421	0.8120	0.1400	0.8586	0.0754	0.5775
000296	A	0.997987	0.850299	0.908805	0.7540	0.7250	0.7960	0.1540	0.8387	0.0934	0.5520
000297	G	0.995123	0.853773	0.915095	0.8283	0.8198	0.7810	0.1640	0.8655	0.0708	0.5250
000298	K	0.993941	0.854466	0.918507	0.7605	0.8313	0.7720	0.1780	0.8550	0.0814	0.5048
000299	P	0.992534	0.856036	0.921132	0.7688	0.7672	0.7600	0.1900	0.8443	0.0882	0.4831
000300	P	0.992379	0.860791	0.923380	0.7688	0.7718	0.7590	0.1980	0.8460	0.0882	0.4694
000301	K	0.990400	0.863997	0.926685	0.7192	0.7628	0.7500	0.2130	0.8354	0.0994	0.4623
000302	P	0.989170	0.866368	0.930903	0.7388	0.7505	0.7220	0.2400	0.8329	0.1026	0.4587
000303	K	0.987374	0.873602	0.934699	0.7418	0.7163	0.7160	0.2420	0.8283	0.1091	0.4625
000304	Y	0.985832	0.876923	0.936791	0.7388	0.7289	0.7100	0.2330	0.8295	0.1087	0.4664
000305	S	0.953548	0.875252	0.936228	0.7079	0.7415	0.6740	0.2210	0.8147	0.1113	0.4708
000306	P	0.952308	0.872373	0.934017	0.7388	0.6948	0.6210	0.1930	0.8022	0.1247	0.4784
000307	Y	0.940230	0.875413	0.929396	0.7688	0.7250	0.5980	0.1810	0.8062	0.1219	0.4987
000308	N	0.853432	0.867257	0.921506	0.7147	0.6620	0.5630	0.1680	0.7636	0.1270	0.5202
000309	K	0.742673	0.859221	0.912129	0.7034	0.6620	0.5140	0.1570	0.7323	0.1303	0.5447
000310	L	0.633605	0.852379	0.901930	0.6219	0.5493	0.5450	0.1500	0.6841	0.1412	0.5682
000311	Q	0.524328	0.844801	0.891215	0.6079	0.4685	0.5220	0.1370	0.6431	0.1647	0.5828
000312	K	0.415090	0.830817	0.880484	0.5374	0.3740	0.5620	0.1580	0.6000	0.1926	0.5979
000313	T	0.305852	0.824410	0.869568	0.4556	0.3494	0.5710	0.1370	0.5627	0.2182	0.6145
000314	A	0.229247	0.807234	0.858620	0.3668	0.3494	0.6270	0.1660	0.5397	0.2392	0.6248
000315	H	0.125192	0.794177	0.845774	0.4282	0.4476	0.5760	0.1530	0.5361	0.2423	0.6333
000316	P	0.028377	0.785176	0.832904	0.4379	0.4725	0.5110	0.1410	0.5112	0.2641	0.6304
000317	L	0.006510	0.788099	0.820703	0.4245	0.4476	0.4720	0.1270	0.4932	0.2703	0.6294
000318	G	0.007293	0.778887	0.811012	0.5084	0.5456	0.4140	0.1590	0.5109	0.2665	0.6160
000319	V	0.010194	0.763810	0.802103	0.4918	0.5533	0.4090	0.1560	0.5051	0.2620	0.6028
000320	K	0.019168	0.762689	0.794336	0.4825	0.4801	0.4040	0.1600	0.4905	0.2570	0.5848
000321	L	0.026567	0.750524	0.785366	0.5473	0.5211	0.4710	0.1380	0.5170	0.2484	0.5705
000322	V	0.034177	0.764668	0.776528	0.4379	0.5296	0.4980	0.1180	0.5069	0.2476	0.5525
000323	F	0.041178	0.767480	0.767123	0.3847	0.5382	0.5410	0.1270	0.5065	0.2482	0.5330
000324	S	0.048230	0.780983	0.758189	0.4078	0.4541	0.5050	0.1490	0.4925	0.2449	0.5120
000325	K	0.060499	0.779942	0.749543	0.4420	0.4119	0.4900	0.1580	0.4889	0.2395	0.4916
000326	E	0.071305	0.782158	0.741973	0.3456	0.4186	0.5030	0.1680	0.4771	0.2413	0.4753
000327	P	0.084516	0.781814	0.735686	0.2531	0.4087	0.5100	0.1660	0.4622	0.2478	0.4654
000328	S	0.103142	0.783256	0.731015	0.3263	0.4940	0.4710	0.1500	0.4848	0.2312	0.4565
000329	K	0.121568	0.781202	0.726542	0.3311	0.4256	0.4580	0.1600	0.4740	0.2256	0.4500
000330	P	0.220149	0.772908	0.721150	0.4116	0.4541	0.4700	0.1430	0.5083	0.1880	0.4452
000331	L	0.315281	0.766485	0.714285	0.3225	0.4256	0.4880	0.1380	0.5053	0.1771	0.4417
000332	A	0.416978	0.756328	0.705652	0.3399	0.4652	0.4480	0.1090	0.5220	0.1536	0.4384
000333	P	0.516921	0.734110	0.696233	0.3578	0.4901	0.4010	0.1200	0.5326	0.1399	0.4360
000334	R	0.612653	0.707500	0.686116	0.3939	0.5707	0.4420	0.1350	0.5689	0.1165	0.4340
000335	I	0.707975	0.710588	0.675573	0.3578	0.5419	0.4810	0.1380	0.5792	0.1311	0.4316
000336	L	0.802122	0.675672	0.665902	0.3096	0.5098	0.5330	0.1690	0.5826	0.1561	0.4298
000337	P	0.882874	0.657836	0.658291	0.2657	0.4766	0.5440	0.1690	0.5809	0.1892	0.4291
000338	N	0.962842	0.704036	0.653632	0.2080	0.3983	0.5450	0.1720	0.5786	0.2380	0.4285
000339	P	0.965743	0.722645	0.651004	0.1844	0.3774	0.5210	0.1770	0.5704	0.2499	0.4287
000340	L	0.971881	0.716131	0.648905	0.1240	0.3182	0.5460	0.1630	0.5542	0.2740	0.4287
000341	A	0.935703	0.717947	0.647939	0.0909	0.2951	0.5320	0.1550	0.5365	0.2774	0.4308
000342	A	0.922467	0.734922	0.648292	0.0909	0.3529	0.4650	0.1450	0.5358	0.2702	0.4335
000343	A	0.910122	0.749740	0.649020	0.1088	0.3983	0.4020	0.1460	0.5363	0.2639	0.4321
000344	A	0.841236	0.756968	0.650252	0.0909	0.2817	0.3660	0.1230	0.4979	0.2701	0.4305
000345	A	0.771610	0.753213	0.652104	0.0991	0.2645	0.3630	0.1070	0.4839	0.2564	0.4290
000346	A	0.686087	0.764877	0.656167	0.0858	0.2752	0.3290	0.0820	0.4661	0.2496	0.4282
000347	A	0.641796	0.760031	0.659999	0.1292	0.3494	0.3070	0.0610	0.4746	0.2261	0.4278
000348	A	0.596525	0.791037	0.663084	0.0701	0.3286	0.3200	0.0490	0.4615	0.2444	0.4287
000349	V	0.551253	0.809722	0.663561	0.0744	0.2918	0.3660	0.0510	0.4594	0.2443	0.4286
000350	A	0.540998	0.831001	0.664225	0.0677	0.2918	0.4370	0.0580	0.4721	0.2476	0.4279
000351	V	0.482361	0.828421	0.663390	0.0858	0.3286	0.4500	0.0640	0.4731	0.2359	0.4268
000352	S	0.386456	0.841841	0.663549	0.1240	0.3286	0.4060	0.0450	0.4584	0.2330	0.4263
000353	S	0.349023	0.844662	0.663774	0.1240	0.3566	0.4590	0.0670	0.4662	0.2328	0.4258
000354	P	0.311132	0.854273	0.665543	0.1266	0.3149	0.5810	0.0780	0.4756	0.2467	0.4250
000355	F	0.295414	0.855453	0.667085	0.1566	0.2364	0.7120	0.0560	0.4872	0.2670	0.4256
000356	S	0.233287	0.856930	0.667719	0.1322	0.2783	0.6200	0.0750	0.4647	0.2639	0.4271
000357	L	0.170510	0.854596	0.666317	0.0991	0.3053	0.6070	0.0850	0.4505	0.2761	0.4292
000358	R	0.109413	0.847465	0.663763	0.1322	0.3249	0.6570	0.1020	0.4558	0.2826	0.4310
000359	T	0.050261	0.848270	0.657241	0.1602	0.3249	0.6930	0.0960	0.4557	0.2944	0.4318
000360	A	0.014732	0.835723	0.649412	0.2209	0.3117	0.7040	0.0870	0.4561	0.2927	0.4322
000361	P	0.014704	0.816055	0.640715	0.2209	0.3566	0.6180	0.0820	0.4444	0.2735	0.4335
000362	A	0.032231	0.803896	0.635064	0.2209	0.4330	0.5820	0.0600	0.4512	0.2596	0.4320
000363	A	0.037204	0.799610	0.631161	0.2483	0.4119	0.5500	0.0630	0.4463	0.2508	0.4293
000364	T	0.065141	0.798330	0.628086	0.2748	0.3529	0.5580	0.0700	0.4463	0.2425	0.4264
000365	L	0.113879	0.758690	0.625385	0.2167	0.2680	0.6030	0.0420	0.4309	0.2407	0.4229
000366	F	0.193507	0.781029	0.622429	0.2531	0.3807	0.5900	0.0440	0.4702	0.2105	0.4218
000367	Q	0.276155	0.790522	0.618391	0.1878	0.4051	0.5140	0.0660	0.4653	0.2033	0.4216
000368	T	0.357593	0.768962	0.612693	0.2786	0.4441	0.5370	0.0550	0.4999	0.1627	0.4235
000369	S	0.420001	0.774661	0.605984	0.2865	0.4507	0.5620	0.0540	0.5166	0.1545	0.4270
000370	A	0.460841	0.749122	0.600371	0.2483	0.4507	0.5940	0.0810	0.5173	0.1563	0.4295
000371	L	0.484071	0.756897	0.597090	0.3096	0.4979	0.5910	0.0850	0.5395	0.1360	0.4313
000372	P	0.545492	0.752741	0.595603	0.2865	0.3872	0.5060	0.1010	0.5123	0.1486	0.4332
000373	P	0.626083	0.749560	0.594837	0.3491	0.4292	0.5020	0.1250	0.5419	0.1319	0.4288
000374	A	0.685229	0.742321	0.593464	0.3005	0.4619	0.6020	0.0870	0.5643	0.1464	0.4251
000375	L	0.715109	0.736919	0.591840	0.3096	0.4292	0.6370	0.0700	0.5700	0.1536	0.4227
000376	L	0.739314	0.733385	0.590704	0.3847	0.5139	0.5600	0.0820	0.5870	0.1236	0.4193
000377	R	0.761695	0.732961	0.588457	0.4333	0.6531	0.5180	0.1070	0.6145	0.1155	0.4173
000378	P	0.765214	0.731282	0.583683	0.4149	0.6576	0.4440	0.1140	0.5995	0.1334	0.4145
000379	A	0.778670	0.728686	0.575654	0.4149	0.5707	0.4630	0.1340	0.5886	0.1306	0.4128
000380	P	0.792126	0.738676	0.568223	0.4458	0.4979	0.4370	0.1120	0.5799	0.1388	0.4130
000381	G	0.769057	0.736233	0.562425	0.4037	0.4186	0.4910	0.1080	0.5636	0.1436	0.4146
000382	P	0.696924	0.740346	0.558593	0.4282	0.4582	0.5070	0.1070	0.5648	0.1167	0.4166
000383	I	0.603820	0.726603	0.554785	0.3311	0.4541	0.5210	0.1200	0.5318	0.1225	0.4189
000384	R	0.506342	0.710452	0.549895	0.2786	0.3356	0.5110	0.1610	0.4820	0.1420	0.4228
000385	T	0.431605	0.673053	0.543396	0.3311	0.3494	0.5390	0.1510	0.4779	0.1199	0.4245
000386	A	0.343000	0.677340	0.535615	0.3096	0.3948	0.7150	0.1030	0.4959	0.1586	0.4261
000387	H	0.296716	0.657781	0.528059	0.4203	0.4441	0.7180	0.0790	0.5108	0.1433	0.4284
000388	T	0.256583	0.668546	0.521624	0.4513	0.4051	0.7200	0.0730	0.5039	0.1570	0.4298
000389	P	0.226588	0.658264	0.515355	0.4703	0.3566	0.6980	0.0970	0.4875	0.1631	0.4311
000390	V	0.215356	0.658435	0.513063	0.5473	0.3667	0.7060	0.1400	0.5011	0.1676	0.4325
000391	L	0.196007	0.678096	0.512086	0.5667	0.3087	0.6780	0.1310	0.4899	0.1809	0.4336
000392	F	0.133931	0.687677	0.513953	0.6079	0.2752	0.7750	0.1310	0.4990	0.2263	0.4336
000393	A	0.225174	0.718722	0.513559	0.6293	0.2034	0.8530	0.0700	0.5239	0.2414	0.4337
000394	P	0.295958	0.729982	0.513556	0.7418	0.2988	0.8110	0.0590	0.5652	0.2102	0.4335
000395	Y	0.163311	0.741423	0.513062	0.7644	0.2292	0.8080	0.1320	0.5367	0.2589	0.4325