RESNUM	RES	VL-XT	VSL2B	VL3	IUPred-S	IUPred-L	PONDRFIT	FITERROR	MDP	MDPERROR	ANCHOR2
000001	M	0.406966	0.858596	0.607831	0.9299	0.5620	0.9850	0.0140	0.7251	0.2117	0.4506
000002	R	0.640530	0.855432	0.604763	0.9103	0.5493	0.9900	0.0070	0.7584	0.1670	0.4478
000003	W	0.653294	0.851212	0.600506	0.8626	0.5382	0.9840	0.0130	0.7484	0.1604	0.4479
000004	G	0.670533	0.845675	0.597611	0.8118	0.4582	0.9780	0.0150	0.7269	0.1714	0.4467
000005	L	0.694867	0.837925	0.594857	0.7540	0.4541	0.9800	0.0150	0.7192	0.1681	0.4463
000006	R	0.734619	0.826035	0.589487	0.6681	0.4831	0.9770	0.0160	0.7130	0.1596	0.4454
000007	P	0.763179	0.812843	0.582709	0.6124	0.4766	0.9790	0.0090	0.7045	0.1663	0.4435
000008	R	0.791340	0.799879	0.579380	0.5762	0.4901	0.9840	0.0060	0.7035	0.1698	0.4433
000009	G	0.807290	0.803433	0.578873	0.5084	0.5055	0.9860	0.0060	0.6982	0.1794	0.4432
000010	P	0.801875	0.790296	0.582375	0.4651	0.4541	0.9890	0.0080	0.6804	0.1954	0.4450
000011	G	0.808928	0.782382	0.584893	0.4245	0.3774	0.9690	0.0360	0.6578	0.2134	0.4481
000012	A	0.839463	0.747756	0.586938	0.3939	0.4051	0.9560	0.0460	0.6549	0.2116	0.4523
000013	A	0.858965	0.748232	0.586882	0.3096	0.4087	0.9330	0.0600	0.6409	0.2277	0.4568
000014	A	0.859628	0.739161	0.584960	0.3939	0.5382	0.8950	0.0570	0.6685	0.1790	0.4644
000015	L	0.836075	0.690723	0.581106	0.3992	0.5296	0.8720	0.0650	0.6515	0.1673	0.4722
000016	A	0.804046	0.686965	0.572925	0.4825	0.5342	0.7980	0.0880	0.6465	0.1254	0.4777
000017	T	0.770998	0.676483	0.565616	0.4879	0.5665	0.7350	0.1070	0.6337	0.1011	0.4847
000018	A	0.748247	0.669537	0.560111	0.4037	0.4409	0.6750	0.1050	0.5830	0.1266	0.4914
000019	R	0.733931	0.682058	0.560157	0.4245	0.4369	0.5960	0.0960	0.5723	0.1148	0.4931
000020	S	0.708899	0.658647	0.561019	0.3578	0.4619	0.5610	0.0990	0.5516	0.1169	0.4944
000021	L	0.673365	0.629207	0.562126	0.3399	0.4369	0.5580	0.1220	0.5332	0.1132	0.4982
000022	W	0.660987	0.635541	0.563390	0.3578	0.3356	0.5750	0.1450	0.5214	0.1281	0.4997
000023	G	0.648369	0.667844	0.565014	0.3806	0.3667	0.5370	0.1330	0.5275	0.1178	0.4970
000024	T	0.693898	0.665815	0.566965	0.3311	0.3872	0.5320	0.1290	0.5295	0.1333	0.4921
000025	P	0.736826	0.678430	0.568080	0.3668	0.3840	0.4640	0.1350	0.5331	0.1405	0.4866
000026	R	0.773642	0.672006	0.567492	0.4245	0.4507	0.4530	0.1310	0.5570	0.1290	0.4841
000027	L	0.802008	0.674975	0.567198	0.4149	0.4725	0.4580	0.1360	0.5649	0.1359	0.4839
000028	P	0.831064	0.675888	0.569456	0.4116	0.4685	0.4260	0.1190	0.5638	0.1501	0.4810
000029	C	0.849963	0.684413	0.575048	0.4458	0.4220	0.4140	0.0890	0.5652	0.1597	0.4777
000030	S	0.870054	0.659789	0.581479	0.4513	0.3599	0.3710	0.0700	0.5489	0.1795	0.4755
000031	P	0.874171	0.668115	0.586441	0.4078	0.3149	0.3710	0.0770	0.5371	0.1944	0.4770
000032	G	0.870806	0.664211	0.590726	0.4245	0.3774	0.3950	0.0830	0.5537	0.1767	0.4794
000033	W	0.822059	0.645535	0.594792	0.4556	0.4685	0.3940	0.0800	0.5634	0.1438	0.4849
000034	Q	0.786865	0.648032	0.598705	0.4556	0.4119	0.3560	0.0840	0.5429	0.1490	0.4882
000035	G	0.748124	0.633917	0.600558	0.4458	0.4051	0.3810	0.0800	0.5358	0.1341	0.4926
000036	A	0.747856	0.627767	0.601697	0.3762	0.3807	0.3780	0.0870	0.5187	0.1474	0.4966
000037	T	0.725543	0.628291	0.602128	0.3762	0.3599	0.3830	0.0990	0.5124	0.1447	0.4985
000038	K	0.693117	0.611982	0.605870	0.4458	0.4186	0.3730	0.0940	0.5247	0.1177	0.5017
000039	R	0.673598	0.601368	0.608975	0.4037	0.4051	0.4140	0.1010	0.5178	0.1126	0.5054
000040	L	0.679776	0.606747	0.612109	0.4749	0.4940	0.4640	0.1300	0.5552	0.0816	0.5079
000041	L	0.698577	0.551304	0.611823	0.4781	0.5098	0.4470	0.1260	0.5494	0.0850	0.5105
000042	V	0.737083	0.584776	0.612936	0.4513	0.5098	0.4200	0.1160	0.5526	0.1069	0.5091
000043	R	0.763638	0.599030	0.615343	0.4651	0.5176	0.4030	0.1020	0.5606	0.1165	0.5037
000044	S	0.801476	0.627704	0.619325	0.5549	0.6375	0.4830	0.1250	0.6207	0.0968	0.4959
000045	V	0.811680	0.642792	0.624719	0.5473	0.6322	0.5490	0.1420	0.6347	0.0879	0.4885
000046	S	0.842320	0.672297	0.632214	0.5473	0.6227	0.5900	0.1500	0.6512	0.0937	0.4779
000047	G	0.893249	0.700939	0.642256	0.5802	0.6576	0.6250	0.1310	0.6832	0.1006	0.4683
000048	A	0.925249	0.727768	0.651998	0.5762	0.6531	0.6440	0.1270	0.6963	0.1114	0.4586
000049	S	0.939130	0.743106	0.659656	0.5762	0.5296	0.6800	0.1190	0.6880	0.1320	0.4469
000050	N	0.949473	0.757231	0.664550	0.5846	0.5342	0.7510	0.1230	0.7068	0.1353	0.4360
000051	H	0.958313	0.764881	0.666803	0.5667	0.6227	0.7660	0.1420	0.7242	0.1269	0.4263
000052	Q	0.959671	0.759029	0.666590	0.6255	0.7163	0.7770	0.1490	0.7507	0.1067	0.4177
000053	P	0.962458	0.742558	0.664872	0.6789	0.7120	0.7760	0.1610	0.7562	0.0995	0.4120
000054	N	0.962446	0.744539	0.662395	0.6756	0.6183	0.7860	0.1660	0.7416	0.1130	0.4088
000055	S	0.961193	0.745239	0.661540	0.6293	0.5342	0.8060	0.1480	0.7230	0.1369	0.4103
000056	N	0.958106	0.745107	0.661740	0.6293	0.6269	0.7700	0.1780	0.7319	0.1149	0.4149
000057	S	0.873234	0.742675	0.662502	0.5802	0.6482	0.7230	0.2330	0.7049	0.0919	0.4225
000058	G	0.818491	0.719672	0.659848	0.6079	0.6531	0.6640	0.2410	0.6872	0.0671	0.4298
000059	R	0.761228	0.690715	0.655382	0.6374	0.6755	0.6590	0.2120	0.6798	0.0400	0.4361
000060	Y	0.674472	0.675554	0.649627	0.6374	0.5533	0.6160	0.1810	0.6344	0.0418	0.4435
000061	R	0.582668	0.635217	0.644772	0.6374	0.5707	0.4800	0.1610	0.5918	0.0574	0.4517
000062	D	0.481284	0.597555	0.639809	0.5762	0.5342	0.3780	0.1280	0.5346	0.0857	0.4603
000063	T	0.381098	0.543645	0.632308	0.6035	0.5211	0.3160	0.0990	0.4996	0.1144	0.4706
000064	V	0.292442	0.590115	0.623474	0.5549	0.4220	0.2880	0.0690	0.4618	0.1365	0.4779
000065	L	0.203339	0.570091	0.612952	0.5412	0.3426	0.3010	0.0840	0.4285	0.1533	0.4847
000066	L	0.185546	0.549985	0.606943	0.4825	0.3494	0.3490	0.1080	0.4205	0.1419	0.4890
000067	P	0.138191	0.530178	0.603578	0.4149	0.3392	0.3370	0.1110	0.3938	0.1498	0.4895
000068	Q	0.097441	0.556782	0.604000	0.4203	0.3566	0.3670	0.1050	0.4003	0.1639	0.4891
000069	T	0.084107	0.490829	0.602278	0.4116	0.3667	0.3920	0.1010	0.3913	0.1580	0.4862
000070	S	0.114047	0.502561	0.600222	0.4037	0.3872	0.3340	0.1270	0.3903	0.1508	0.4821
000071	F	0.146094	0.537688	0.597571	0.4749	0.4901	0.3010	0.1390	0.4246	0.1540	0.4756
000072	P	0.225632	0.579656	0.596574	0.4967	0.4901	0.2750	0.1210	0.4439	0.1431	0.4682
000073	M	0.294015	0.617950	0.593652	0.4918	0.4901	0.2880	0.1080	0.4625	0.1304	0.4604
000074	K	0.359129	0.622317	0.588157	0.4825	0.4149	0.3170	0.0930	0.4639	0.1125	0.4538
000075	L	0.436681	0.601916	0.580309	0.5412	0.4766	0.3680	0.1070	0.5008	0.0821	0.4470
000076	L	0.507159	0.621917	0.571891	0.5229	0.4685	0.4050	0.1300	0.5163	0.0695	0.4391
000077	G	0.552074	0.615557	0.562153	0.5711	0.5620	0.3730	0.1290	0.5392	0.0773	0.4337
000078	R	0.619305	0.620889	0.551878	0.4703	0.5493	0.4550	0.1510	0.5444	0.0646	0.4305
000079	Q	0.625944	0.621643	0.542543	0.4600	0.5382	0.4420	0.1570	0.5384	0.0707	0.4283
000080	Q	0.642000	0.618010	0.536402	0.4651	0.4441	0.4650	0.1540	0.5285	0.0775	0.4288
000081	P	0.640766	0.626250	0.532213	0.4513	0.4476	0.4100	0.1570	0.5180	0.0895	0.4298
000082	D	0.639286	0.619929	0.528519	0.4203	0.4476	0.3800	0.1370	0.5059	0.0983	0.4305
000083	T	0.627380	0.616756	0.523019	0.3939	0.4186	0.3490	0.1280	0.4881	0.1082	0.4300
000084	E	0.617498	0.597775	0.515159	0.3491	0.4582	0.3010	0.1130	0.4732	0.1178	0.4297
000085	L	0.546566	0.574337	0.505265	0.3535	0.3840	0.2730	0.1160	0.4394	0.1097	0.4285
000086	E	0.495755	0.551150	0.493929	0.4203	0.3631	0.2250	0.1060	0.4248	0.1077	0.4292
000087	I	0.443222	0.518651	0.481460	0.4203	0.4292	0.2080	0.1070	0.4169	0.0990	0.4272
000088	Q	0.416834	0.471053	0.468847	0.3399	0.3356	0.2060	0.1030	0.3730	0.0923	0.4254
000089	Q	0.414178	0.441157	0.455750	0.3535	0.3460	0.1900	0.0930	0.3668	0.0889	0.4228
000090	K	0.361186	0.397721	0.442680	0.2558	0.3356	0.1590	0.0660	0.3253	0.0940	0.4200
000091	C	0.287259	0.387173	0.428962	0.2602	0.3321	0.1180	0.0410	0.3024	0.0999	0.4177
000092	G	0.229374	0.375324	0.415980	0.2209	0.3117	0.0960	0.0310	0.2748	0.1068	0.4136
000093	F	0.160113	0.353489	0.404097	0.2255	0.3053	0.0950	0.0280	0.2573	0.1078	0.4099
000094	S	0.171948	0.322401	0.396022	0.2255	0.2470	0.0870	0.0210	0.2417	0.0994	0.4098
000095	E	0.167822	0.341381	0.388942	0.2122	0.2399	0.0910	0.0200	0.2402	0.1006	0.4103
000096	L	0.148127	0.341486	0.381802	0.2292	0.3117	0.1020	0.0230	0.2524	0.1019	0.4109
000097	Y	0.126769	0.343281	0.370692	0.2209	0.3149	0.1090	0.0300	0.2476	0.1028	0.4128
000098	S	0.077080	0.327015	0.358305	0.2913	0.2918	0.1280	0.0510	0.2456	0.1047	0.4177
000099	W	0.047058	0.352414	0.345031	0.2963	0.2002	0.1690	0.0770	0.2349	0.1085	0.4198
000100	Q	0.048095	0.375631	0.331762	0.2080	0.1298	0.1910	0.0940	0.2141	0.1119	0.4239
000101	R	0.050102	0.384048	0.316733	0.1322	0.1298	0.2110	0.0980	0.2041	0.1151	0.4268
000102	E	0.054149	0.385477	0.301335	0.1495	0.2034	0.2170	0.0970	0.2184	0.1055	0.4296
000103	R	0.037336	0.391019	0.285219	0.1349	0.2002	0.2040	0.0880	0.2088	0.1111	0.4334
000104	K	0.046357	0.354417	0.272699	0.1958	0.3149	0.1920	0.0870	0.2294	0.1007	0.4279
000105	V	0.053748	0.354100	0.263061	0.1921	0.3426	0.1720	0.1010	0.2295	0.1041	0.4258
000106	K	0.113996	0.355696	0.256982	0.2122	0.2470	0.1420	0.0920	0.2213	0.0794	0.4220
000107	T	0.167342	0.339399	0.251054	0.3005	0.2918	0.1320	0.0840	0.2470	0.0742	0.4176
000108	E	0.209500	0.302111	0.245409	0.2865	0.3872	0.0980	0.0560	0.2548	0.0889	0.4173
000109	F	0.212411	0.275871	0.238764	0.2558	0.3872	0.0930	0.0440	0.2438	0.0872	0.4195
000110	C	0.199823	0.239188	0.231832	0.3491	0.4864	0.1070	0.0440	0.2690	0.1203	0.4169
000111	L	0.205690	0.230858	0.222040	0.3311	0.5017	0.1310	0.0500	0.2705	0.1187	0.4189
000112	H	0.214593	0.247377	0.211576	0.3359	0.4979	0.1440	0.0480	0.2752	0.1148	0.4154
000113	D	0.225073	0.295264	0.200489	0.3491	0.4330	0.1720	0.0620	0.2792	0.0908	0.4107
000114	G	0.230961	0.356821	0.191808	0.3491	0.4292	0.1830	0.0670	0.2902	0.0930	0.4060
000115	P	0.171350	0.417828	0.185634	0.3053	0.4292	0.2080	0.0670	0.2863	0.1061	0.4014
000116	P	0.122325	0.462813	0.181603	0.3535	0.4619	0.2510	0.0800	0.3055	0.1313	0.3972
000117	Y	0.099083	0.560382	0.177421	0.3630	0.3840	0.2860	0.1030	0.3116	0.1492	0.3941
000118	A	0.104964	0.585719	0.172664	0.3359	0.3872	0.3030	0.1170	0.3148	0.1546	0.3911
000119	N	0.111959	0.626884	0.167001	0.2558	0.3807	0.3140	0.1210	0.3094	0.1674	0.3812
000120	G	0.107811	0.660702	0.163328	0.3399	0.4017	0.2470	0.0830	0.3201	0.1817	0.3731
000121	D	0.101187	0.628521	0.160634	0.4420	0.4087	0.1980	0.0570	0.3232	0.1853	0.3706
000122	P	0.081101	0.534148	0.159880	0.4556	0.4831	0.1600	0.0470	0.3123	0.1820	0.3685
000123	H	0.067759	0.471511	0.159649	0.3847	0.4864	0.1550	0.0500	0.2875	0.1659	0.3715
000124	V	0.070718	0.403710	0.160143	0.3885	0.4017	0.1420	0.0540	0.2612	0.1395	0.3747
000125	G	0.066140	0.353275	0.159637	0.3992	0.3774	0.1170	0.0380	0.2455	0.1345	0.3784
000126	H	0.046450	0.303648	0.159769	0.3005	0.3631	0.1190	0.0400	0.2155	0.1138	0.3846
000127	A	0.026739	0.297171	0.161262	0.2432	0.3426	0.1250	0.0470	0.1994	0.1070	0.3887
000128	L	0.018506	0.300292	0.164080	0.3225	0.3286	0.1270	0.0520	0.2101	0.1159	0.3913
000129	N	0.010179	0.283831	0.166632	0.3491	0.3529	0.1180	0.0510	0.2134	0.1262	0.3961
000130	K	0.007321	0.263328	0.168876	0.2558	0.3087	0.1010	0.0450	0.1842	0.1043	0.4107
000131	I	0.006629	0.274142	0.171252	0.2602	0.2715	0.0890	0.0350	0.1788	0.1017	0.4295
000132	L	0.008076	0.272947	0.173885	0.2167	0.2783	0.0750	0.0250	0.1708	0.0999	0.4199
000133	K	0.006062	0.249370	0.175052	0.1635	0.2503	0.0590	0.0140	0.1505	0.0911	0.4089
000134	D	0.006884	0.254091	0.175721	0.1635	0.2436	0.0570	0.0170	0.1501	0.0909	0.4000
000135	I	0.006749	0.255003	0.173738	0.2080	0.2988	0.0590	0.0170	0.1668	0.1035	0.3896
000136	A	0.006608	0.223121	0.170426	0.2122	0.2224	0.0620	0.0160	0.1494	0.0848	0.3813
000137	N	0.006459	0.221187	0.165700	0.2209	0.2224	0.0780	0.0280	0.1524	0.0830	0.3760
000138	R	0.006443	0.228193	0.161464	0.1698	0.1528	0.0810	0.0290	0.1333	0.0711	0.3646
000139	F	0.006270	0.237136	0.158174	0.2333	0.1671	0.0980	0.0350	0.1499	0.0799	0.3470
000140	H	0.005942	0.246264	0.155630	0.1566	0.1759	0.1020	0.0420	0.1405	0.0736	0.3351
000141	M	0.004142	0.275922	0.153228	0.1060	0.1759	0.1220	0.0590	0.1395	0.0815	0.3293
000142	M	0.002220	0.311056	0.151534	0.1732	0.1501	0.1290	0.0610	0.1528	0.0901	0.3343
000143	N	0.000924	0.351728	0.149420	0.2385	0.2224	0.1400	0.0670	0.1838	0.1074	0.3425
000144	G	0.000773	0.344306	0.148211	0.1495	0.1501	0.1490	0.0730	0.1570	0.0998	0.3457
000145	S	0.000632	0.349826	0.146650	0.1495	0.1449	0.1310	0.0610	0.1537	0.1021	0.3458
000146	K	0.000572	0.309741	0.144857	0.1566	0.2064	0.1070	0.0470	0.1542	0.0938	0.3418
000147	I	0.000554	0.253721	0.142216	0.1732	0.1611	0.0870	0.0350	0.1363	0.0781	0.3376
000148	H	0.000541	0.191968	0.140488	0.1766	0.1702	0.0620	0.0200	0.1236	0.0694	0.3341
000149	F	0.000492	0.164552	0.140613	0.1088	0.1115	0.0540	0.0180	0.0967	0.0547	0.3381
000150	V	0.000486	0.141065	0.143153	0.1958	0.1969	0.0430	0.0120	0.1200	0.0740	0.3507
000151	P	0.000464	0.133500	0.145643	0.1349	0.1323	0.0410	0.0130	0.0979	0.0561	0.3630
000152	G	0.000440	0.125249	0.147569	0.1698	0.1583	0.0560	0.0310	0.1095	0.0613	0.3724
000153	W	0.000632	0.111287	0.148469	0.1380	0.1399	0.0860	0.0510	0.1040	0.0508	0.3717
000154	D	0.000831	0.099108	0.149399	0.1456	0.0851	0.0970	0.0420	0.0963	0.0492	0.3775
000155	C	0.001292	0.090495	0.150968	0.1041	0.0835	0.1150	0.0480	0.0910	0.0456	0.3871
000156	H	0.007301	0.092780	0.153377	0.0621	0.0909	0.1360	0.0640	0.0905	0.0479	0.4027
000157	G	0.064604	0.095182	0.156069	0.0587	0.0568	0.1530	0.0520	0.0973	0.0423	0.4320
000158	L	0.110481	0.102704	0.160284	0.1041	0.0909	0.1730	0.0590	0.1236	0.0313	0.4069
000159	P	0.155401	0.127933	0.167259	0.0587	0.0909	0.1670	0.0550	0.1278	0.0408	0.3765
000160	I	0.234343	0.147095	0.178924	0.1060	0.1671	0.1720	0.0590	0.1676	0.0383	0.3495
000161	E	0.302017	0.186114	0.194453	0.1495	0.1914	0.1700	0.0630	0.1989	0.0486	0.3250
000162	I	0.384361	0.214375	0.212841	0.1322	0.1823	0.1740	0.0660	0.2167	0.0798	0.3054
000163	K	0.470185	0.236015	0.231782	0.1117	0.1914	0.1860	0.0700	0.2378	0.1117	0.2850
000164	V	0.555236	0.259525	0.249380	0.1878	0.2129	0.2000	0.0700	0.2775	0.1268	0.2581
000165	L	0.640714	0.287929	0.266760	0.1805	0.2034	0.2000	0.0630	0.2965	0.1586	0.2375
000166	S	0.671972	0.299995	0.282061	0.1698	0.2541	0.2080	0.0630	0.3143	0.1659	0.2182
000167	E	0.717530	0.327950	0.297262	0.1698	0.2164	0.2260	0.0650	0.3258	0.1828	0.2019
000168	L	0.762761	0.376541	0.309233	0.1456	0.2224	0.2420	0.0760	0.3430	0.2009	0.1939
000169	G	0.782532	0.418480	0.321413	0.1958	0.2224	0.2290	0.0860	0.3616	0.2027	0.1882
000170	R	0.806643	0.462722	0.333062	0.1732	0.2034	0.2260	0.0960	0.3674	0.2191	0.1851
000171	E	0.825205	0.493331	0.345087	0.1667	0.2752	0.2400	0.1160	0.3908	0.2190	0.1808
000172	A	0.841110	0.527290	0.354834	0.1635	0.2645	0.2500	0.1270	0.4003	0.2271	0.1786
000173	Q	0.850047	0.507774	0.362166	0.2292	0.3117	0.2360	0.1080	0.4161	0.2152	0.1772
000174	N	0.840698	0.507602	0.367942	0.2255	0.3149	0.2220	0.0970	0.4131	0.2141	0.1742
000175	L	0.861226	0.485410	0.372660	0.2531	0.3667	0.2240	0.0940	0.4272	0.2121	0.1770
000176	S	0.878794	0.472442	0.375487	0.3225	0.3356	0.2130	0.0860	0.4330	0.2136	0.1804
000177	A	0.864626	0.489603	0.375927	0.3225	0.3087	0.2410	0.0810	0.4337	0.2071	0.1860
000178	M	0.795253	0.504652	0.374870	0.2333	0.2988	0.2630	0.0700	0.4117	0.1931	0.1918
000179	E	0.772061	0.513160	0.373231	0.2865	0.3460	0.2720	0.0800	0.4272	0.1730	0.1951
000180	I	0.771051	0.536814	0.371032	0.2865	0.3149	0.2960	0.0870	0.4294	0.1746	0.1994
000181	R	0.769809	0.566079	0.368745	0.2531	0.2364	0.2880	0.0890	0.4136	0.1937	0.2002
000182	K	0.784464	0.579149	0.366764	0.2167	0.2364	0.2970	0.0930	0.4133	0.2045	0.2045
000183	K	0.811352	0.579793	0.365100	0.1698	0.2645	0.2870	0.0990	0.4130	0.2183	0.2074
000184	A	0.811339	0.567776	0.363407	0.1667	0.2680	0.2340	0.0730	0.4019	0.2229	0.2098
000185	R	0.802687	0.533397	0.360524	0.1667	0.2575	0.2020	0.0690	0.3872	0.2215	0.2129
000186	S	0.823525	0.495495	0.356706	0.2483	0.3286	0.2140	0.0700	0.4111	0.2050	0.2134
000187	F	0.902763	0.489141	0.352062	0.2432	0.3053	0.2690	0.1050	0.4268	0.2271	0.2142
000188	A	0.889875	0.508942	0.346935	0.2700	0.2258	0.2930	0.1060	0.4224	0.2275	0.2083
000189	K	0.843103	0.527375	0.339394	0.2558	0.1881	0.3160	0.0920	0.4117	0.2191	0.2053
000190	A	0.750548	0.548896	0.328558	0.1805	0.1823	0.3640	0.0920	0.3925	0.2028	0.2047
000191	A	0.649640	0.551127	0.312829	0.1921	0.1611	0.3830	0.0930	0.3749	0.1778	0.2052
000192	I	0.540728	0.540450	0.293114	0.1958	0.1611	0.4010	0.0950	0.3554	0.1516	0.2094
000193	E	0.431735	0.496511	0.270372	0.1322	0.1048	0.3360	0.0960	0.2952	0.1439	0.2079
000194	K	0.333837	0.477222	0.247142	0.1292	0.0817	0.2620	0.0920	0.2551	0.1301	0.2084
000195	Q	0.239446	0.402342	0.225510	0.0991	0.0817	0.1910	0.0670	0.2066	0.1058	0.2085
000196	K	0.131084	0.334679	0.203918	0.0789	0.0851	0.1440	0.0510	0.1630	0.0872	0.2092
000197	S	0.075475	0.269794	0.184080	0.0607	0.0463	0.1190	0.0340	0.1258	0.0788	0.2103
000198	A	0.022130	0.208325	0.164161	0.1060	0.0967	0.0980	0.0250	0.1159	0.0584	0.2140
000199	F	0.013985	0.147734	0.147536	0.0723	0.1251	0.0910	0.0240	0.0996	0.0473	0.2218
000200	I	0.005743	0.112999	0.131007	0.0723	0.0835	0.0900	0.0250	0.0825	0.0394	0.2245
000201	R	0.005498	0.086960	0.115086	0.0909	0.0568	0.0880	0.0350	0.0739	0.0349	0.2282
000202	W	0.005334	0.072260	0.098792	0.0723	0.0364	0.0880	0.0410	0.0623	0.0320	0.2257
000203	G	0.002832	0.059439	0.084413	0.0643	0.0618	0.0740	0.0330	0.0578	0.0260	0.2141
000204	I	0.000366	0.051436	0.072014	0.0336	0.0287	0.0730	0.0340	0.0432	0.0255	0.2075
000205	M	0.000131	0.047900	0.060487	0.0308	0.0306	0.0560	0.0190	0.0377	0.0203	0.1994
000206	A	0.000017	0.042287	0.049715	0.0141	0.0281	0.0510	0.0160	0.0310	0.0189	0.1911
000207	D	0.000012	0.040835	0.040661	0.0144	0.0281	0.0540	0.0190	0.0297	0.0180	0.1835
000208	W	0.000011	0.048828	0.034066	0.0141	0.0168	0.0600	0.0290	0.0290	0.0208	0.1755
000209	N	0.000007	0.052288	0.028636	0.0179	0.0209	0.0610	0.0310	0.0301	0.0207	0.1611
000210	N	0.000008	0.053325	0.023611	0.0160	0.0327	0.0560	0.0260	0.0303	0.0198	0.1458
000211	C	0.000020	0.059327	0.018849	0.0286	0.0543	0.0570	0.0220	0.0363	0.0222	0.1333
000212	Y	0.000031	0.067429	0.013752	0.0194	0.0568	0.0700	0.0230	0.0379	0.0278	0.1163
000213	Y	0.000037	0.074071	0.008400	0.0316	0.0646	0.0980	0.0320	0.0461	0.0355	0.1041
000214	T	0.000039	0.118480	0.003031	0.0363	0.0662	0.1520	0.0610	0.0627	0.0568	0.0986
000215	F	0.000066	0.156510	-0.001641	0.0336	0.1092	0.2100	0.0930	0.0846	0.0803	0.0937
000216	D	0.000095	0.202001	-0.005361	0.0425	0.0734	0.2290	0.1040	0.0903	0.0927	0.0881
000217	G	0.000123	0.269703	-0.008799	0.0514	0.0483	0.2530	0.1100	0.1024	0.1149	0.0835
000218	K	0.000185	0.327351	-0.011952	0.0279	0.0483	0.2780	0.1220	0.1116	0.1371	0.0805
000219	Y	0.000418	0.345342	-0.014459	0.0286	0.0704	0.3070	0.1190	0.1229	0.1466	0.0782
000220	E	0.000722	0.370931	-0.015997	0.0304	0.0356	0.2810	0.1050	0.1171	0.1510	0.0794
000221	A	0.000936	0.381316	-0.016503	0.0200	0.0349	0.2680	0.0960	0.1147	0.1528	0.0832
000222	K	0.001648	0.346808	-0.016805	0.0179	0.0531	0.2410	0.0920	0.1072	0.1370	0.0892
000223	Q	0.001872	0.307221	-0.016741	0.0387	0.0948	0.1990	0.0730	0.1041	0.1152	0.0988
000224	L	0.002951	0.269525	-0.016573	0.0677	0.1028	0.1640	0.0500	0.0984	0.0974	0.1076
000225	R	0.003137	0.228986	-0.016961	0.0677	0.0690	0.1180	0.0380	0.0783	0.0808	0.1144
000226	T	0.003324	0.183737	-0.017511	0.0813	0.0749	0.1050	0.0340	0.0718	0.0663	0.1225
000227	F	0.003516	0.160835	-0.018042	0.0514	0.0704	0.1040	0.0380	0.0621	0.0599	0.1320
000228	Y	0.003730	0.144242	-0.017533	0.0327	0.0690	0.1040	0.0410	0.0560	0.0562	0.1370
000229	Q	0.003475	0.137621	-0.016787	0.0316	0.0372	0.0980	0.0390	0.0485	0.0534	0.1394
000230	M	0.003275	0.158812	-0.015798	0.0567	0.0676	0.1070	0.0420	0.0629	0.0591	0.1398
000231	Y	0.002567	0.176949	-0.014611	0.0363	0.0704	0.1070	0.0380	0.0632	0.0651	0.1397
000232	D	0.002343	0.189501	-0.012088	0.0464	0.0581	0.0940	0.0260	0.0631	0.0666	0.1351
000233	K	0.001236	0.212035	-0.009014	0.0554	0.0287	0.0780	0.0160	0.0610	0.0738	0.1307
000234	G	0.001028	0.225481	-0.005605	0.0363	0.0157	0.0730	0.0120	0.0576	0.0794	0.1281
000235	L	0.000826	0.200716	-0.002759	0.0387	0.0235	0.0770	0.0180	0.0563	0.0698	0.1250
000236	V	0.000710	0.177584	0.001160	0.0173	0.0258	0.0740	0.0190	0.0494	0.0623	0.1212
000237	Y	0.000397	0.172048	0.005371	0.0179	0.0244	0.0800	0.0210	0.0499	0.0604	0.1148
000238	R	0.001436	0.161964	0.010088	0.0414	0.0463	0.0850	0.0280	0.0578	0.0540	0.1090
000239	S	0.002569	0.170042	0.014302	0.0701	0.0835	0.0950	0.0370	0.0726	0.0554	0.1056
000240	Y	0.003570	0.199345	0.019028	0.0621	0.0799	0.1080	0.0410	0.0786	0.0644	0.1042
000241	K	0.004240	0.245281	0.024551	0.0858	0.0851	0.1210	0.0530	0.0944	0.0782	0.1039
000242	P	0.005482	0.280252	0.032419	0.1349	0.0948	0.1390	0.0640	0.1145	0.0890	0.1031
000243	V	0.016418	0.325374	0.043419	0.1088	0.0734	0.1850	0.0810	0.1254	0.1042	0.1070
000244	F	0.038540	0.344623	0.057255	0.0701	0.0799	0.2310	0.0900	0.1369	0.1123	0.1076
000245	W	0.092215	0.360127	0.073887	0.0587	0.0662	0.2520	0.0940	0.1506	0.1148	0.1057
000246	S	0.098272	0.387214	0.091325	0.0991	0.1162	0.2560	0.0980	0.1747	0.1109	0.1059
000247	P	0.145450	0.403675	0.107678	0.1205	0.1028	0.2580	0.0890	0.1896	0.1091	0.1076
000248	S	0.218647	0.396441	0.122618	0.1805	0.1852	0.2570	0.0740	0.2268	0.0861	0.1140
000249	S	0.299023	0.404455	0.138327	0.1240	0.1162	0.2510	0.0730	0.2222	0.1064	0.1211
000250	R	0.378006	0.417694	0.156972	0.1292	0.1275	0.2490	0.0810	0.2430	0.1172	0.1308
000251	T	0.464526	0.441497	0.176164	0.1266	0.2258	0.2470	0.1040	0.2802	0.1281	0.1393
000252	A	0.547855	0.460612	0.193095	0.1322	0.2436	0.2310	0.0930	0.3013	0.1499	0.1469
000253	L	0.618737	0.498049	0.207356	0.1292	0.2193	0.2100	0.0570	0.3138	0.1789	0.1544
000254	A	0.657418	0.517905	0.219796	0.1844	0.2224	0.1970	0.0470	0.3332	0.1848	0.1546
000255	E	0.742150	0.532446	0.233334	0.2602	0.3249	0.1890	0.0490	0.3804	0.1956	0.1575
000256	A	0.777937	0.546325	0.248635	0.3096	0.4256	0.1810	0.0460	0.4149	0.2010	0.1609
000257	E	0.773033	0.558199	0.266485	0.3096	0.4220	0.1780	0.0390	0.4178	0.1992	0.1644
000258	L	0.728476	0.552969	0.284764	0.2820	0.3249	0.1810	0.0410	0.3924	0.1878	0.1671
000259	E	0.664105	0.551398	0.302885	0.2786	0.2436	0.1670	0.0390	0.3678	0.1778	0.1647
000260	Y	0.600383	0.540183	0.318714	0.2167	0.1942	0.1580	0.0380	0.3380	0.1722	0.1631
000261	N	0.525914	0.521871	0.331286	0.1635	0.1881	0.1280	0.0300	0.3098	0.1640	0.1595
000262	P	0.450467	0.505053	0.339175	0.1150	0.1048	0.1190	0.0320	0.2722	0.1667	0.1556
000263	E	0.362434	0.478937	0.342930	0.1380	0.1399	0.1100	0.0280	0.2621	0.1396	0.1556
000264	H	0.273924	0.453259	0.344730	0.1240	0.1399	0.0990	0.0180	0.2391	0.1298	0.1537
000265	V	0.194495	0.417264	0.347506	0.1635	0.1115	0.0890	0.0220	0.2205	0.1212	0.1575
000266	S	0.126318	0.386999	0.351316	0.1041	0.0985	0.0830	0.0220	0.1918	0.1265	0.1636
000267	R	0.091874	0.346534	0.354825	0.0771	0.1349	0.0790	0.0200	0.1808	0.1217	0.1713
000268	S	0.078158	0.327254	0.356767	0.0744	0.1206	0.0760	0.0200	0.1723	0.1213	0.1757
000269	I	0.055056	0.300039	0.358353	0.1322	0.2002	0.0730	0.0190	0.1865	0.1123	0.1798
000270	Y	0.039632	0.270499	0.360661	0.1266	0.1852	0.0710	0.0200	0.1756	0.1119	0.1825
000271	V	0.026740	0.308039	0.362634	0.2122	0.1969	0.0690	0.0200	0.1959	0.1193	0.1824
000272	K	0.026137	0.295381	0.364140	0.2041	0.1583	0.0710	0.0190	0.1865	0.1180	0.1829
000273	F	0.024707	0.298844	0.363273	0.1205	0.1373	0.0900	0.0300	0.1725	0.1190	0.1863
000274	P	0.020212	0.306064	0.359829	0.0991	0.0817	0.0970	0.0380	0.1607	0.1256	0.1850
000275	L	0.019081	0.360596	0.353876	0.0991	0.0483	0.1170	0.0460	0.1663	0.1387	0.1925
000276	L	0.017018	0.395471	0.345413	0.0965	0.0765	0.1610	0.0640	0.1820	0.1404	0.1972
000277	K	0.025959	0.413777	0.336322	0.0607	0.0799	0.1850	0.0640	0.1836	0.1455	0.1984
000278	P	0.035528	0.437654	0.328309	0.0677	0.0765	0.2330	0.0690	0.1964	0.1493	0.2020
000279	S	0.057305	0.485344	0.322306	0.0701	0.0765	0.2860	0.0970	0.2163	0.1605	0.2087
000280	P	0.158530	0.504815	0.316305	0.1060	0.1373	0.3610	0.1200	0.2640	0.1428	0.2161
000281	K	0.245813	0.511435	0.307453	0.1532	0.1611	0.4160	0.1410	0.2992	0.1304	0.2269
000282	L	0.340111	0.548054	0.297170	0.2255	0.2064	0.4510	0.1470	0.3447	0.1213	0.2398
000283	A	0.433739	0.555493	0.287368	0.1602	0.1424	0.4560	0.1260	0.3392	0.1543	0.2477
000284	S	0.526901	0.549415	0.278962	0.2483	0.1702	0.4340	0.0790	0.3680	0.1437	0.2526
000285	L	0.601519	0.535563	0.271460	0.1602	0.1137	0.3930	0.0770	0.3460	0.1814	0.2673
000286	I	0.655746	0.508061	0.262690	0.1667	0.1007	0.3420	0.0790	0.3393	0.1920	0.2710
000287	D	0.709973	0.452334	0.253009	0.1766	0.1554	0.2890	0.0760	0.3394	0.1917	0.2777
000288	G	0.711767	0.432600	0.241491	0.1205	0.1611	0.2840	0.0780	0.3252	0.1994	0.2806
000289	S	0.649589	0.376378	0.229698	0.1060	0.1528	0.2520	0.0930	0.2944	0.1800	0.2820
000290	S	0.587119	0.326035	0.217277	0.1060	0.1791	0.2160	0.0820	0.2719	0.1552	0.2808
000291	P	0.529809	0.272489	0.206737	0.0965	0.0948	0.1680	0.0600	0.2280	0.1484	0.2778
000292	V	0.491001	0.233533	0.199310	0.1060	0.0985	0.1500	0.0510	0.2130	0.1332	0.2846
000293	S	0.466320	0.194036	0.196197	0.1150	0.0967	0.1210	0.0310	0.1982	0.1259	0.2893
000294	I	0.467640	0.158567	0.195528	0.1292	0.1298	0.0930	0.0140	0.1957	0.1256	0.2979
000295	L	0.474783	0.142109	0.196077	0.0858	0.1137	0.0780	0.0130	0.1817	0.1368	0.3071
000296	V	0.455541	0.131213	0.195075	0.1456	0.1823	0.0690	0.0130	0.1965	0.1227	0.3012
000297	W	0.432726	0.103950	0.193881	0.1732	0.2783	0.0650	0.0170	0.2078	0.1213	0.2945
000298	T	0.389221	0.104132	0.192521	0.1635	0.2364	0.0630	0.0170	0.1915	0.1049	0.2793
000299	T	0.360980	0.095151	0.192575	0.1698	0.1852	0.0650	0.0160	0.1781	0.0945	0.2664
000300	Q	0.323787	0.102434	0.192346	0.1380	0.1275	0.0630	0.0160	0.1578	0.0838	0.2531
000301	P	0.269181	0.112399	0.191335	0.0991	0.0817	0.0560	0.0150	0.1350	0.0731	0.2425
000302	W	0.201922	0.119159	0.190010	0.0542	0.0555	0.0580	0.0150	0.1131	0.0628	0.2374
000303	T	0.126015	0.130919	0.188483	0.0514	0.0929	0.0590	0.0160	0.1081	0.0469	0.2207
000304	I	0.055039	0.143011	0.186789	0.0414	0.1092	0.0620	0.0180	0.0996	0.0522	0.2061
000305	P	0.010469	0.154700	0.184818	0.0744	0.1643	0.0610	0.0180	0.1083	0.0633	0.1977
000306	A	0.005924	0.161613	0.182463	0.1205	0.2258	0.0640	0.0230	0.1266	0.0739	0.1911
000307	N	0.006041	0.164213	0.180815	0.1667	0.2002	0.0660	0.0280	0.1307	0.0701	0.1882
000308	E	0.005639	0.167642	0.179071	0.2333	0.2680	0.0610	0.0250	0.1525	0.0919	0.1904
000309	A	0.005026	0.167242	0.180006	0.1532	0.2129	0.0590	0.0230	0.1295	0.0730	0.1961
000310	V	0.004912	0.177175	0.181439	0.1266	0.1611	0.0560	0.0200	0.1178	0.0660	0.2070
000311	C	0.003619	0.186237	0.183800	0.0858	0.1476	0.0600	0.0200	0.1111	0.0672	0.2209
000312	Y	0.003318	0.208212	0.184009	0.0526	0.0835	0.0730	0.0170	0.1008	0.0723	0.2311
000313	M	0.002479	0.235687	0.183567	0.0789	0.1424	0.0840	0.0220	0.1212	0.0761	0.2327
000314	P	0.001894	0.256697	0.183287	0.0464	0.1349	0.0830	0.0250	0.1178	0.0852	0.2309
000315	E	0.001338	0.268730	0.183509	0.0723	0.2002	0.0870	0.0290	0.1356	0.0900	0.2272
000316	S	0.001027	0.279379	0.184200	0.0567	0.1823	0.0950	0.0340	0.1332	0.0923	0.2166
000317	K	0.001021	0.292735	0.185797	0.0723	0.2224	0.1010	0.0380	0.1459	0.0978	0.2073
000318	Y	0.000908	0.311611	0.188771	0.0677	0.1501	0.0980	0.0330	0.1362	0.0985	0.2029
000319	A	0.000730	0.338783	0.193191	0.0701	0.0835	0.1040	0.0350	0.1318	0.1085	0.1999
000320	V	0.000720	0.362023	0.196936	0.0587	0.0719	0.1160	0.0400	0.1343	0.1180	0.1991
000321	V	0.000783	0.387722	0.199445	0.0542	0.0662	0.1250	0.0420	0.1389	0.1273	0.1964
000322	K	0.000921	0.382452	0.200458	0.0587	0.0909	0.1140	0.0420	0.1412	0.1235	0.1950
000323	C	0.000709	0.365763	0.201562	0.0660	0.1275	0.1070	0.0510	0.1447	0.1160	0.1982
000324	S	0.000692	0.355951	0.204701	0.0643	0.1702	0.0810	0.0330	0.1461	0.1156	0.2093
000325	K	0.000818	0.327833	0.209595	0.0441	0.1476	0.0640	0.0230	0.1323	0.1112	0.2293
000326	S	0.000897	0.309956	0.215831	0.0441	0.0967	0.0630	0.0220	0.1218	0.1072	0.2530
000327	G	0.000995	0.295109	0.222467	0.0414	0.0851	0.0700	0.0300	0.1191	0.1043	0.2839
000328	D	0.001267	0.265009	0.229475	0.0297	0.0851	0.0660	0.0270	0.1128	0.0992	0.3161
000329	L	0.002674	0.240680	0.236392	0.0441	0.1028	0.0680	0.0220	0.1157	0.0918	0.3429
000330	Y	0.007580	0.231731	0.242346	0.0526	0.1048	0.0830	0.0270	0.1204	0.0878	0.3668
000331	V	0.016202	0.218679	0.247368	0.0526	0.1399	0.0960	0.0270	0.1284	0.0835	0.3878
000332	L	0.058962	0.207985	0.251542	0.0607	0.1914	0.1150	0.0310	0.1476	0.0740	0.4023
000333	A	0.092200	0.248984	0.255105	0.0621	0.1373	0.1350	0.0390	0.1551	0.0732	0.4084
000334	A	0.099064	0.268809	0.258530	0.1041	0.2258	0.1570	0.0430	0.1856	0.0693	0.4156
000335	D	0.119590	0.284044	0.263305	0.0660	0.2364	0.1650	0.0440	0.1891	0.0789	0.4199
000336	K	0.148020	0.304859	0.270000	0.0813	0.2470	0.1740	0.0430	0.2041	0.0769	0.4172
000337	V	0.197090	0.334297	0.278496	0.0813	0.1554	0.1900	0.0450	0.2062	0.0818	0.4159
000338	A	0.256404	0.353223	0.287677	0.0813	0.1731	0.2140	0.0600	0.2277	0.0864	0.4111
000339	S	0.319835	0.362685	0.298978	0.0414	0.1671	0.2250	0.0680	0.2358	0.1078	0.4062
000340	V	0.371549	0.384070	0.308740	0.0723	0.1554	0.2210	0.0700	0.2522	0.1137	0.4040
000341	A	0.394407	0.396205	0.317120	0.1150	0.2292	0.2150	0.0700	0.2778	0.1016	0.3986
000342	S	0.389467	0.381759	0.324031	0.1041	0.2884	0.2180	0.0730	0.2843	0.0992	0.3938
000343	T	0.435622	0.389548	0.333828	0.1495	0.2884	0.2190	0.0630	0.3026	0.0974	0.3929
000344	L	0.494489	0.409670	0.345245	0.1805	0.3117	0.2060	0.0480	0.3246	0.1092	0.4021
000345	E	0.539320	0.407190	0.356997	0.1566	0.3392	0.1930	0.0670	0.3320	0.1287	0.4032
000346	T	0.575707	0.423298	0.368567	0.1456	0.2680	0.2050	0.0680	0.3310	0.1438	0.3999
000347	T	0.602638	0.466359	0.380044	0.1602	0.2884	0.2080	0.0750	0.3510	0.1518	0.4028
000348	F	0.622666	0.448598	0.389205	0.1635	0.2752	0.2090	0.0770	0.3513	0.1559	0.4052
000349	E	0.648404	0.420851	0.395383	0.1998	0.3182	0.1880	0.0650	0.3618	0.1555	0.4075
000350	T	0.658070	0.421495	0.397969	0.1495	0.3356	0.1820	0.0570	0.3574	0.1687	0.4094
000351	I	0.713094	0.402760	0.399803	0.2209	0.3910	0.1700	0.0540	0.3829	0.1739	0.4116
000352	S	0.713662	0.374580	0.401854	0.2602	0.4186	0.1600	0.0510	0.3881	0.1712	0.4153
000353	T	0.699157	0.371317	0.407033	0.2700	0.3426	0.1660	0.0480	0.3760	0.1643	0.4190
000354	L	0.682181	0.391438	0.412763	0.2786	0.3356	0.1700	0.0500	0.3785	0.1575	0.4213
000355	S	0.659176	0.389567	0.416207	0.2865	0.4051	0.1720	0.0540	0.3882	0.1480	0.4157
000356	G	0.613517	0.404082	0.417658	0.2700	0.4087	0.1810	0.0610	0.3825	0.1348	0.4156
000357	V	0.581259	0.447956	0.418038	0.2748	0.3321	0.1900	0.0600	0.3741	0.1263	0.4194
000358	D	0.544632	0.482292	0.418781	0.3096	0.2470	0.1910	0.0560	0.3656	0.1266	0.4223
000359	L	0.509591	0.487554	0.419450	0.3399	0.3774	0.1920	0.0560	0.3876	0.1053	0.4243
000360	E	0.476330	0.499533	0.419915	0.2558	0.3667	0.1750	0.0450	0.3656	0.1166	0.4241
000361	N	0.503322	0.483393	0.421676	0.2913	0.3566	0.1810	0.0480	0.3729	0.1120	0.4231
000362	G	0.497013	0.447472	0.424449	0.3762	0.4149	0.1850	0.0490	0.3908	0.0990	0.4224
000363	T	0.481081	0.429503	0.429401	0.3762	0.4149	0.1950	0.0520	0.3877	0.0914	0.4233
000364	C	0.485491	0.410206	0.437134	0.3578	0.4369	0.1950	0.0530	0.3871	0.0939	0.4249
000365	S	0.488807	0.425383	0.445510	0.4379	0.4369	0.1840	0.0460	0.4031	0.0999	0.4290
000366	H	0.497821	0.441882	0.451025	0.4651	0.3704	0.1930	0.0490	0.4032	0.1016	0.4303
000367	P	0.524198	0.457446	0.451874	0.4116	0.3983	0.2080	0.0440	0.4086	0.0982	0.4227
000368	L	0.547678	0.478689	0.448310	0.4116	0.4292	0.2480	0.0440	0.4272	0.0913	0.4174
000369	I	0.555105	0.506735	0.443252	0.4282	0.4220	0.2500	0.0490	0.4343	0.0948	0.4149
000370	P	0.534391	0.529578	0.435650	0.4703	0.4979	0.2540	0.0590	0.4537	0.0953	0.4141
000371	D	0.575220	0.532396	0.427005	0.4458	0.4186	0.2740	0.0700	0.4456	0.0955	0.4130
000372	K	0.613205	0.550645	0.417630	0.4458	0.4087	0.2740	0.0810	0.4517	0.1083	0.4118
000373	A	0.642107	0.546684	0.408069	0.3992	0.3740	0.2990	0.0840	0.4449	0.1147	0.4101
000374	S	0.676866	0.529192	0.399090	0.3992	0.3426	0.3010	0.1010	0.4414	0.1265	0.4077
000375	P	0.707633	0.497488	0.391698	0.4333	0.4186	0.2940	0.1140	0.4571	0.1274	0.4048
000376	L	0.726891	0.472456	0.386495	0.4116	0.4186	0.3050	0.1190	0.4535	0.1321	0.4032
000377	L	0.730837	0.442940	0.381488	0.4245	0.4220	0.2810	0.1050	0.4471	0.1377	0.4059
000378	P	0.771838	0.434516	0.375416	0.3939	0.3948	0.2550	0.0870	0.4375	0.1596	0.4104
000379	A	0.813928	0.433774	0.368394	0.4600	0.3948	0.2380	0.0830	0.4514	0.1768	0.4152
000380	N	0.816522	0.413650	0.360159	0.5229	0.4220	0.2110	0.0670	0.4578	0.1855	0.4173
000381	H	0.842530	0.399210	0.352322	0.4379	0.3948	0.2120	0.0590	0.4399	0.1937	0.4165
000382	V	0.844684	0.400938	0.346226	0.3762	0.3840	0.2050	0.0470	0.4262	0.1980	0.4150
000383	T	0.862001	0.409379	0.342332	0.3806	0.3631	0.2120	0.0520	0.4283	0.2037	0.4154
000384	M	0.870186	0.426075	0.338237	0.4037	0.4149	0.2150	0.0640	0.4446	0.2034	0.4155
000385	A	0.873085	0.444139	0.333241	0.3717	0.3910	0.1950	0.0700	0.4348	0.2104	0.4175
000386	K	0.838064	0.467175	0.327618	0.3762	0.3667	0.1920	0.0680	0.4280	0.2007	0.4195
000387	G	0.762425	0.472519	0.321444	0.3992	0.4330	0.1860	0.0680	0.4290	0.1755	0.4198
000388	T	0.692781	0.461226	0.315035	0.4556	0.4685	0.1910	0.0580	0.4307	0.1542	0.4188
000389	G	0.640488	0.444943	0.308631	0.4282	0.4619	0.1930	0.0620	0.4129	0.1383	0.4148
000390	L	0.573568	0.427904	0.301965	0.4149	0.4979	0.1820	0.0590	0.3997	0.1277	0.4086
000391	V	0.511389	0.419683	0.295503	0.4379	0.3983	0.1960	0.0700	0.3765	0.1027	0.4055
000392	H	0.463327	0.433008	0.289511	0.4458	0.3948	0.1970	0.0730	0.3706	0.0960	0.4046
000393	T	0.452661	0.426472	0.285241	0.4116	0.3948	0.2180	0.0820	0.3648	0.0841	0.4041
000394	A	0.425675	0.428467	0.280875	0.4116	0.3631	0.2440	0.0860	0.3590	0.0722	0.4007
000395	P	0.463695	0.424379	0.275581	0.3939	0.3983	0.2640	0.0740	0.3700	0.0744	0.3976
000396	A	0.484652	0.431213	0.270591	0.3939	0.4330	0.2910	0.0610	0.3841	0.0778	0.3947
000397	H	0.540512	0.447969	0.268201	0.3885	0.4409	0.2640	0.0590	0.3917	0.0994	0.3937
000398	G	0.587576	0.466415	0.268569	0.4078	0.4541	0.2700	0.0620	0.4092	0.1127	0.3938
000399	M	0.646072	0.471617	0.271120	0.4037	0.3774	0.3380	0.1010	0.4180	0.1188	0.3934
000400	E	0.680272	0.473040	0.272134	0.4037	0.4051	0.3140	0.1000	0.4248	0.1316	0.3946
000401	D	0.686340	0.485255	0.273158	0.3992	0.4441	0.2910	0.0920	0.4298	0.1378	0.3955
000402	Y	0.621453	0.476908	0.275656	0.4825	0.5139	0.2170	0.0600	0.4312	0.1402	0.3957
000403	G	0.572847	0.458545	0.282038	0.4379	0.4369	0.1640	0.0660	0.3921	0.1324	0.3952
000404	V	0.554982	0.435609	0.290198	0.4600	0.3631	0.1520	0.0560	0.3760	0.1293	0.3939
000405	A	0.556149	0.412020	0.296187	0.4078	0.3321	0.1430	0.0560	0.3579	0.1260	0.3927
000406	S	0.515264	0.389620	0.298422	0.3225	0.3149	0.1370	0.0570	0.3296	0.1129	0.3902
000407	Q	0.436434	0.340443	0.298439	0.3053	0.3599	0.1310	0.0540	0.3119	0.0927	0.3880
000408	H	0.347598	0.316192	0.297528	0.3225	0.3667	0.1250	0.0490	0.2958	0.0798	0.3850
000409	N	0.297644	0.290364	0.297715	0.3491	0.3667	0.1330	0.0440	0.2891	0.0755	0.3821
000410	L	0.257142	0.278695	0.299522	0.4116	0.3460	0.1390	0.0420	0.2886	0.0837	0.3785
000411	P	0.243452	0.283045	0.303994	0.3885	0.2258	0.1470	0.0420	0.2653	0.0741	0.3765
000412	M	0.235815	0.279283	0.309783	0.3263	0.2193	0.1630	0.0470	0.2556	0.0560	0.3725
000413	D	0.195274	0.265531	0.315568	0.3263	0.3149	0.1640	0.0470	0.2636	0.0630	0.3692
000414	C	0.170590	0.246895	0.320764	0.3225	0.2609	0.1680	0.0490	0.2483	0.0625	0.3664
000415	L	0.196024	0.241626	0.325836	0.3939	0.2918	0.1800	0.0540	0.2715	0.0745	0.3635
000416	V	0.237075	0.237287	0.330940	0.3578	0.3149	0.1950	0.0640	0.2788	0.0589	0.3649
000417	D	0.305266	0.239861	0.336779	0.3184	0.3460	0.1920	0.0670	0.2897	0.0555	0.3696
000418	E	0.342117	0.253946	0.341917	0.3096	0.3529	0.1950	0.0670	0.2993	0.0570	0.3721
000419	D	0.385883	0.256951	0.346623	0.3456	0.2783	0.1990	0.0700	0.3021	0.0634	0.3744
000420	G	0.431657	0.255903	0.352535	0.3630	0.2752	0.2010	0.0710	0.3132	0.0768	0.3752
000421	V	0.494209	0.254201	0.362551	0.3491	0.3599	0.2130	0.0790	0.3388	0.0897	0.3755
000422	F	0.559324	0.266589	0.375684	0.3225	0.3286	0.2130	0.0800	0.3443	0.1089	0.3774
000423	T	0.631727	0.274725	0.387658	0.3630	0.3392	0.1980	0.0710	0.3657	0.1344	0.3853
000424	D	0.652254	0.295244	0.395370	0.3263	0.2715	0.1960	0.0670	0.3561	0.1453	0.3906
000425	V	0.682260	0.313170	0.399009	0.3762	0.2715	0.1990	0.0700	0.3735	0.1530	0.3964
000426	A	0.692381	0.326224	0.400439	0.3762	0.3566	0.2000	0.0850	0.3920	0.1488	0.4010
000427	G	0.723221	0.330853	0.400790	0.3456	0.4292	0.1890	0.0820	0.4031	0.1621	0.4040
000428	P	0.752512	0.348565	0.401225	0.3399	0.4220	0.1730	0.0700	0.4063	0.1742	0.4050
000429	E	0.781312	0.373056	0.401002	0.3263	0.4087	0.1790	0.0700	0.4115	0.1825	0.4076
000430	L	0.789739	0.395411	0.401216	0.3096	0.4087	0.1690	0.0590	0.4122	0.1883	0.4115
000431	Q	0.782906	0.433444	0.400457	0.3053	0.3529	0.1410	0.0430	0.4027	0.1940	0.4206
000432	N	0.764961	0.461185	0.398218	0.3717	0.3529	0.1440	0.0400	0.4154	0.1845	0.4295
000433	K	0.740223	0.453601	0.391623	0.3939	0.3774	0.1390	0.0320	0.4160	0.1759	0.4332
000434	A	0.719127	0.423642	0.381176	0.3359	0.3704	0.1320	0.0320	0.3937	0.1728	0.4327
000435	V	0.692223	0.397841	0.369445	0.2292	0.3249	0.1220	0.0280	0.3560	0.1764	0.4324
000436	L	0.620695	0.367967	0.359340	0.2820	0.3087	0.1100	0.0280	0.3415	0.1512	0.4305
000437	E	0.537120	0.350497	0.351455	0.2786	0.3460	0.1110	0.0310	0.3291	0.1256	0.4245
000438	E	0.451651	0.319406	0.342923	0.2122	0.3494	0.1150	0.0370	0.2985	0.1076	0.4179
000439	G	0.368337	0.290178	0.334264	0.1878	0.2988	0.1150	0.0380	0.2657	0.0873	0.4098
000440	T	0.307796	0.269535	0.325175	0.1698	0.2817	0.1020	0.0310	0.2426	0.0800	0.4047
000441	D	0.234664	0.234504	0.317108	0.2167	0.3667	0.0930	0.0240	0.2438	0.0857	0.3993
000442	V	0.182426	0.211016	0.309149	0.2041	0.2884	0.0910	0.0250	0.2144	0.0717	0.3955
000443	V	0.152606	0.200720	0.301634	0.2122	0.2064	0.0860	0.0150	0.1933	0.0651	0.3921
000444	I	0.097028	0.186350	0.294404	0.1635	0.2064	0.0880	0.0120	0.1725	0.0698	0.3868
000445	K	0.081012	0.179861	0.286684	0.1266	0.2470	0.0800	0.0170	0.1669	0.0790	0.3778
000446	M	0.076916	0.189348	0.277305	0.1732	0.3149	0.0800	0.0210	0.1853	0.0896	0.3727
000447	L	0.073084	0.192315	0.267406	0.2432	0.3910	0.0900	0.0340	0.2095	0.1085	0.3608
000448	Q	0.070718	0.202882	0.257823	0.2255	0.3019	0.1080	0.0590	0.1944	0.0811	0.3476
000449	T	0.060625	0.248357	0.250244	0.2080	0.2292	0.1400	0.0560	0.1895	0.0684	0.3395
000450	A	0.059047	0.308075	0.243030	0.1349	0.2328	0.1910	0.0660	0.1949	0.0802	0.3337
000451	K	0.042666	0.347593	0.233778	0.0965	0.2292	0.2080	0.0600	0.1929	0.0992	0.3281
000452	N	0.004758	0.405462	0.220151	0.0858	0.1424	0.3020	0.1080	0.1934	0.1337	0.3250
000453	L	0.001714	0.480275	0.203600	0.1240	0.2129	0.3750	0.1790	0.2329	0.1570	0.3257
000454	L	0.001731	0.512466	0.187741	0.1041	0.1823	0.3590	0.1650	0.2245	0.1674	0.3228
000455	K	0.001841	0.542204	0.174701	0.1878	0.2645	0.3240	0.1460	0.2491	0.1644	0.3181
000456	E	0.007036	0.563019	0.164815	0.1240	0.1823	0.2790	0.0990	0.2201	0.1733	0.3175
000457	E	0.054365	0.537344	0.156217	0.1456	0.2164	0.2560	0.0960	0.2277	0.1520	0.3233
000458	K	0.061857	0.457628	0.148091	0.1322	0.2951	0.2490	0.0900	0.2240	0.1296	0.3364
000459	L	0.068275	0.383903	0.139068	0.1292	0.2817	0.2050	0.0720	0.2012	0.1053	0.3559
000460	V	0.075419	0.320830	0.130506	0.1266	0.2783	0.1650	0.0690	0.1827	0.0875	0.3683
000461	H	0.082475	0.258611	0.121822	0.1456	0.3249	0.1480	0.0610	0.1803	0.0839	0.3790
000462	S	0.114085	0.229872	0.115810	0.1495	0.2715	0.1340	0.0590	0.1690	0.0601	0.3853
000463	Y	0.123536	0.242115	0.111230	0.1667	0.2034	0.1080	0.0590	0.1591	0.0502	0.3899
000464	P	0.151048	0.249939	0.109422	0.1732	0.1914	0.0880	0.0430	0.1605	0.0533	0.3929
000465	Y	0.173585	0.258814	0.108359	0.1844	0.2609	0.0940	0.0380	0.1800	0.0650	0.3962
000466	D	0.173437	0.274094	0.107117	0.1178	0.2399	0.0960	0.0400	0.1681	0.0681	0.4013
000467	W	0.212102	0.277542	0.104694	0.1178	0.2224	0.1250	0.0610	0.1765	0.0644	0.4057
000468	R	0.212347	0.274077	0.101549	0.0991	0.2094	0.1110	0.0470	0.1680	0.0675	0.3897
000469	T	0.210151	0.297783	0.099672	0.0991	0.2164	0.0980	0.0390	0.1701	0.0767	0.3693
000470	K	0.225399	0.283772	0.099818	0.1566	0.2002	0.0870	0.0340	0.1754	0.0693	0.3474
000471	K	0.207469	0.287493	0.101431	0.2209	0.1611	0.0700	0.0250	0.1748	0.0734	0.3367
000472	P	0.277147	0.262160	0.104382	0.1495	0.1028	0.0630	0.0180	0.1598	0.0818	0.3304
000473	V	0.328799	0.233535	0.107863	0.0909	0.1115	0.0570	0.0160	0.1549	0.0951	0.3265
000474	V	0.363918	0.194099	0.111472	0.0909	0.1162	0.0520	0.0170	0.1548	0.1027	0.3220
000475	I	0.351315	0.162504	0.113530	0.0771	0.1028	0.0520	0.0180	0.1432	0.0991	0.3162
000476	R	0.339948	0.134569	0.114916	0.0813	0.1759	0.0500	0.0180	0.1494	0.0940	0.3125
000477	A	0.338065	0.125933	0.116482	0.0789	0.1070	0.0460	0.0140	0.1354	0.0944	0.3074
000478	S	0.333476	0.111383	0.119216	0.1322	0.1731	0.0420	0.0120	0.1520	0.0899	0.2990
000479	K	0.314087	0.098995	0.122309	0.0744	0.1759	0.0400	0.0110	0.1377	0.0892	0.2997
000480	Q	0.301657	0.084445	0.125557	0.0789	0.1528	0.0390	0.0110	0.1303	0.0847	0.3019
000481	W	0.223147	0.079923	0.129168	0.0789	0.1373	0.0380	0.0110	0.1144	0.0590	0.3060
000482	F	0.144604	0.076962	0.133598	0.0621	0.1349	0.0390	0.0100	0.0985	0.0408	0.2985
000483	I	0.082005	0.080635	0.137658	0.0425	0.1275	0.0400	0.0110	0.0851	0.0374	0.2862
000484	N	0.062209	0.094997	0.140544	0.0677	0.1162	0.0420	0.0120	0.0872	0.0337	0.2725
000485	I	0.040292	0.110249	0.142466	0.1018	0.1048	0.0480	0.0120	0.0912	0.0360	0.2608
000486	T	0.048366	0.113901	0.144492	0.1041	0.1583	0.0530	0.0150	0.1037	0.0416	0.2494
000487	D	0.051288	0.129830	0.147008	0.0587	0.1554	0.0590	0.0170	0.1002	0.0446	0.2407
000488	I	0.048546	0.164805	0.149629	0.0723	0.1275	0.0630	0.0200	0.1044	0.0448	0.2369
000489	K	0.048993	0.221385	0.152010	0.0744	0.1251	0.0750	0.0260	0.1161	0.0583	0.2328
000490	T	0.049874	0.256251	0.154916	0.0464	0.0676	0.1010	0.0220	0.1127	0.0741	0.2294
000491	A	0.050959	0.329505	0.158261	0.0455	0.0380	0.1350	0.0280	0.1262	0.1020	0.2304
000492	A	0.052895	0.368896	0.161726	0.0441	0.0780	0.1760	0.0520	0.1470	0.1114	0.2319
000493	K	0.040004	0.360707	0.164379	0.0478	0.1424	0.1930	0.0600	0.1581	0.1070	0.2348
000494	E	0.029190	0.343816	0.166079	0.0991	0.2094	0.1850	0.0510	0.1722	0.0973	0.2387
000495	L	0.018746	0.356497	0.167106	0.0965	0.1759	0.1800	0.0500	0.1658	0.1026	0.2479
000496	L	0.015947	0.316434	0.167656	0.1532	0.1791	0.1530	0.0430	0.1642	0.0872	0.2575
000497	K	0.015944	0.312434	0.168002	0.1292	0.1852	0.1340	0.0470	0.1575	0.0878	0.2670
000498	K	0.014404	0.317260	0.167987	0.0789	0.1791	0.1300	0.0420	0.1479	0.0940	0.2725
000499	V	0.012609	0.295433	0.167615	0.1292	0.2164	0.1310	0.0370	0.1588	0.0867	0.2740
000500	K	0.011301	0.270185	0.166741	0.1292	0.1643	0.1010	0.0310	0.1404	0.0780	0.2798
000501	F	0.009656	0.247339	0.165710	0.1117	0.1702	0.0870	0.0190	0.1319	0.0745	0.2856
000502	I	0.016302	0.243808	0.164269	0.0858	0.1583	0.0670	0.0140	0.1225	0.0747	0.2791
000503	P	0.090402	0.238906	0.161407	0.1041	0.1476	0.0640	0.0200	0.1344	0.0572	0.2716
000504	G	0.137782	0.240274	0.157975	0.0789	0.1583	0.0740	0.0230	0.1413	0.0559	0.2745
000505	S	0.172429	0.249644	0.153743	0.0607	0.1424	0.0930	0.0280	0.1454	0.0599	0.2786
000506	A	0.177491	0.254751	0.150344	0.1060	0.2034	0.1140	0.0420	0.1676	0.0516	0.2815
000507	L	0.181741	0.270122	0.147189	0.1698	0.2988	0.1230	0.0530	0.1985	0.0641	0.2817
000508	N	0.190729	0.302087	0.144301	0.1667	0.2164	0.1170	0.0510	0.1896	0.0594	0.2826
000509	G	0.209860	0.344538	0.141000	0.1844	0.1424	0.1220	0.0530	0.1907	0.0749	0.2868
000510	M	0.228962	0.371450	0.137229	0.1732	0.1501	0.1370	0.0570	0.1997	0.0830	0.2994
000511	V	0.239540	0.360068	0.133163	0.0991	0.0967	0.1400	0.0520	0.1781	0.0942	0.3097
000512	E	0.210879	0.320097	0.128989	0.1178	0.1671	0.1260	0.0370	0.1785	0.0708	0.3198
000513	M	0.205823	0.274684	0.124636	0.1178	0.2399	0.1510	0.0520	0.1856	0.0589	0.3407
000514	M	0.251550	0.226709	0.121204	0.1018	0.2224	0.1390	0.0460	0.1771	0.0582	0.3577
000515	D	0.328883	0.184592	0.119054	0.0991	0.2129	0.1150	0.0490	0.1767	0.0792	0.3620
000516	R	0.401285	0.169984	0.117755	0.1060	0.1611	0.0990	0.0450	0.1759	0.1043	0.3674
000517	R	0.476796	0.167468	0.116258	0.1266	0.1092	0.0870	0.0400	0.1805	0.1347	0.3714
000518	P	0.539537	0.151716	0.114195	0.1495	0.1702	0.0700	0.0270	0.1993	0.1556	0.3822
000519	Y	0.619412	0.124630	0.111757	0.0832	0.1162	0.0710	0.0230	0.1876	0.1940	0.3954
000520	W	0.694619	0.106770	0.109336	0.0858	0.1298	0.0700	0.0230	0.1993	0.2223	0.4102
000521	C	0.690631	0.094172	0.106037	0.0701	0.0985	0.0620	0.0210	0.1869	0.2258	0.4084
000522	I	0.664461	0.079286	0.102348	0.1266	0.1611	0.0540	0.0160	0.1979	0.2114	0.3998
000523	S	0.584457	0.071993	0.098621	0.0813	0.1070	0.0470	0.0160	0.1651	0.1885	0.3890
000524	R	0.502323	0.070578	0.095667	0.1178	0.0719	0.0460	0.0160	0.1508	0.1588	0.3765
000525	Q	0.425937	0.065994	0.093928	0.1018	0.0888	0.0460	0.0150	0.1370	0.1306	0.3732
000526	R	0.378686	0.061263	0.093198	0.0567	0.0780	0.0470	0.0160	0.1191	0.1171	0.3770
000527	V	0.299440	0.064901	0.093741	0.0542	0.0799	0.0480	0.0160	0.1067	0.0876	0.3808
000528	W	0.202685	0.088958	0.094186	0.0514	0.0851	0.0490	0.0150	0.0953	0.0512	0.3824
000529	G	0.109878	0.109370	0.094253	0.0464	0.0704	0.0580	0.0190	0.0814	0.0247	0.3735
000530	V	0.067185	0.125208	0.093756	0.0832	0.1275	0.0700	0.0220	0.0945	0.0241	0.3624
000531	P	0.048584	0.143553	0.093650	0.1495	0.2129	0.0740	0.0290	0.1204	0.0547	0.3495
000532	I	0.047706	0.146675	0.093788	0.1998	0.1759	0.0880	0.0340	0.1253	0.0532	0.3448
000533	P	0.047003	0.142369	0.094141	0.2820	0.1791	0.0940	0.0400	0.1397	0.0759	0.3432
000534	V	0.046561	0.165163	0.095007	0.1844	0.1184	0.1050	0.0410	0.1191	0.0455	0.3510
000535	F	0.009457	0.194321	0.096669	0.1240	0.1298	0.1250	0.0420	0.1132	0.0550	0.3599
000536	H	0.006269	0.238135	0.099432	0.0771	0.1229	0.1380	0.0420	0.1137	0.0698	0.3565
000537	H	0.007481	0.286242	0.102480	0.0789	0.1323	0.1790	0.0530	0.1311	0.0868	0.3515
000538	K	0.007014	0.364889	0.105518	0.1117	0.1852	0.2200	0.0720	0.1657	0.1116	0.3445
000539	T	0.007456	0.411726	0.108773	0.1958	0.2817	0.2800	0.1110	0.2143	0.1305	0.3409
000540	K	0.007887	0.459196	0.112549	0.1921	0.2884	0.2640	0.1050	0.2207	0.1421	0.3427
000541	D	0.007957	0.502752	0.117985	0.2531	0.3426	0.2450	0.1020	0.2450	0.1572	0.3449
000542	E	0.008062	0.514831	0.124400	0.2432	0.2364	0.2590	0.1030	0.2310	0.1542	0.3449
000543	Y	0.008198	0.518546	0.131369	0.3146	0.2609	0.2790	0.1240	0.2521	0.1580	0.3480
000544	L	0.009833	0.500896	0.138059	0.2209	0.2292	0.2440	0.0850	0.2239	0.1474	0.3566
000545	I	0.020781	0.449803	0.145529	0.2209	0.2129	0.2050	0.0820	0.2091	0.1276	0.3517
000546	N	0.024031	0.409651	0.153465	0.3053	0.2503	0.1610	0.0710	0.2172	0.1228	0.3443
000547	S	0.056692	0.373379	0.160610	0.2292	0.2680	0.1330	0.0540	0.2036	0.1016	0.3472
000548	Q	0.091961	0.329437	0.166346	0.1844	0.2817	0.1180	0.0460	0.1954	0.0847	0.3496
000549	T	0.116038	0.312575	0.172274	0.1921	0.2817	0.1090	0.0440	0.1972	0.0770	0.3515
000550	T	0.147670	0.296618	0.180836	0.1998	0.2817	0.1040	0.0390	0.2019	0.0686	0.3481
000551	E	0.149955	0.290490	0.190785	0.1958	0.2817	0.1040	0.0360	0.2021	0.0668	0.3455
000552	H	0.149947	0.308211	0.200265	0.2041	0.2783	0.1230	0.0530	0.2107	0.0652	0.3431
000553	I	0.148118	0.346625	0.208376	0.2041	0.1881	0.1220	0.0580	0.2028	0.0713	0.3460
000554	V	0.136938	0.374404	0.215356	0.3184	0.1914	0.1170	0.0600	0.2256	0.0928	0.3447
000555	K	0.129585	0.378147	0.221798	0.3225	0.1791	0.0990	0.0440	0.2217	0.1000	0.3433
000556	L	0.095829	0.362496	0.226766	0.3096	0.2609	0.0750	0.0200	0.2218	0.1052	0.3547
000557	V	0.060834	0.328212	0.230885	0.2080	0.1731	0.0730	0.0210	0.1790	0.0923	0.3645
000558	E	0.036530	0.269909	0.235544	0.2080	0.1969	0.0640	0.0170	0.1685	0.0871	0.3692
000559	Q	0.005046	0.223460	0.242641	0.1322	0.2129	0.0570	0.0180	0.1455	0.0893	0.3737
000560	H	0.002876	0.195277	0.251496	0.1566	0.2193	0.0520	0.0210	0.1463	0.0898	0.3812
000561	G	0.003363	0.172354	0.260932	0.1805	0.2258	0.0500	0.0210	0.1488	0.0922	0.3962
000562	S	0.003848	0.163994	0.269973	0.1844	0.1449	0.0500	0.0210	0.1361	0.0876	0.4084
000563	D	0.012513	0.175625	0.277818	0.1998	0.0929	0.0520	0.0200	0.1352	0.0911	0.4232
000564	I	0.021131	0.167700	0.284090	0.1958	0.1702	0.0570	0.0220	0.1493	0.0876	0.4327
000565	W	0.021550	0.162500	0.288775	0.1805	0.2224	0.0670	0.0260	0.1570	0.0901	0.4204
000566	W	0.020794	0.164244	0.293505	0.2122	0.2399	0.0830	0.0270	0.1690	0.0929	0.4194
000567	T	0.032337	0.171141	0.298761	0.2820	0.2609	0.0960	0.0230	0.1902	0.0995	0.4293
000568	L	0.039751	0.182908	0.303734	0.3668	0.2399	0.1120	0.0270	0.2076	0.1107	0.4335
000569	P	0.045718	0.188680	0.308641	0.2865	0.2258	0.1180	0.0310	0.1955	0.0918	0.4337
000570	P	0.046992	0.203285	0.313639	0.1958	0.2328	0.1270	0.0380	0.1866	0.0833	0.4329
000571	E	0.051190	0.245041	0.318854	0.1958	0.1791	0.1360	0.0460	0.1876	0.0836	0.4322
000572	Q	0.125541	0.310654	0.323502	0.2122	0.1791	0.1510	0.0530	0.2171	0.0755	0.4301
000573	L	0.213401	0.360012	0.327116	0.1566	0.1852	0.2000	0.0840	0.2405	0.0755	0.4291
000574	L	0.307182	0.422855	0.329597	0.1532	0.2002	0.2030	0.0810	0.2694	0.0924	0.4244
000575	P	0.405170	0.476099	0.330890	0.2292	0.2918	0.1950	0.0700	0.3213	0.0970	0.4179
000576	K	0.472080	0.480487	0.329859	0.3456	0.3599	0.2170	0.0770	0.3675	0.0897	0.4154
000577	E	0.531646	0.475980	0.327079	0.4600	0.3774	0.2170	0.0720	0.3982	0.1049	0.4286
000578	V	0.601183	0.470417	0.324504	0.4333	0.3872	0.2350	0.0860	0.4086	0.1150	0.4206
000579	L	0.675572	0.466657	0.323799	0.4245	0.3807	0.2390	0.0920	0.4184	0.1360	0.4063
000580	S	0.753042	0.469983	0.323589	0.4149	0.2951	0.1870	0.0590	0.4073	0.1786	0.3986
000581	E	0.758548	0.467656	0.320971	0.2963	0.2951	0.1700	0.0510	0.3847	0.1883	0.3904
000582	V	0.737742	0.459200	0.315652	0.2167	0.2884	0.1580	0.0440	0.3627	0.1918	0.3854
000583	G	0.727793	0.454097	0.310361	0.2333	0.2884	0.1320	0.0300	0.3576	0.1915	0.3783
000584	G	0.707170	0.443239	0.306048	0.3184	0.3840	0.1250	0.0440	0.3806	0.1758	0.3768
000585	P	0.703857	0.422269	0.303010	0.4149	0.3872	0.1150	0.0390	0.3911	0.1748	0.3713
000586	D	0.677039	0.409822	0.299554	0.4078	0.2884	0.1060	0.0290	0.3648	0.1723	0.3659
000587	A	0.607791	0.384612	0.297013	0.3399	0.3053	0.0920	0.0240	0.3377	0.1518	0.3653
000588	L	0.533290	0.354467	0.294841	0.2385	0.2129	0.0870	0.0240	0.2868	0.1373	0.3706
000589	E	0.454728	0.321699	0.291727	0.3263	0.1852	0.0840	0.0240	0.2773	0.1168	0.3794
000590	Y	0.369882	0.280717	0.286125	0.3311	0.1671	0.0830	0.0230	0.2530	0.0982	0.3831
000591	V	0.297296	0.228736	0.279159	0.2432	0.1823	0.0780	0.0190	0.2181	0.0726	0.3811
000592	P	0.215103	0.191675	0.272519	0.1495	0.1702	0.0760	0.0180	0.1791	0.0603	0.3766
000593	G	0.136962	0.161725	0.266000	0.2209	0.2292	0.0740	0.0170	0.1815	0.0644	0.3744
000594	Q	0.061661	0.130113	0.259668	0.2080	0.2328	0.0690	0.0120	0.1602	0.0779	0.3733
000595	D	0.021278	0.107342	0.253754	0.2041	0.2258	0.0680	0.0120	0.1466	0.0862	0.3674
000596	I	0.014797	0.107998	0.248703	0.1766	0.1275	0.0630	0.0120	0.1231	0.0755	0.3674
000597	L	0.013019	0.123768	0.242848	0.1667	0.1184	0.0570	0.0150	0.1203	0.0739	0.3615
000598	D	0.009307	0.121378	0.235956	0.1266	0.0799	0.0550	0.0160	0.1047	0.0709	0.3546
000599	I	0.005588	0.126739	0.229092	0.1998	0.0909	0.0560	0.0180	0.1180	0.0778	0.3510
000600	W	0.002420	0.133180	0.222816	0.1150	0.0506	0.0600	0.0170	0.0973	0.0707	0.3430
000601	F	0.000217	0.129047	0.216276	0.1349	0.1028	0.0680	0.0160	0.1085	0.0660	0.3423
000602	D	0.000194	0.125069	0.208894	0.1205	0.1476	0.0690	0.0250	0.1119	0.0648	0.3468
000603	S	0.000533	0.138826	0.200159	0.1240	0.1476	0.0700	0.0270	0.1134	0.0634	0.3590
000604	G	0.001234	0.142207	0.191146	0.1205	0.1528	0.0710	0.0290	0.1131	0.0617	0.3665
000605	T	0.001947	0.147302	0.182692	0.1349	0.1528	0.0710	0.0250	0.1150	0.0608	0.3732
000606	S	0.002626	0.174130	0.176141	0.1266	0.1373	0.0810	0.0240	0.1163	0.0601	0.3820
000607	W	0.004908	0.209881	0.170938	0.1998	0.1823	0.1060	0.0290	0.1457	0.0712	0.3885
000608	S	0.017911	0.241643	0.166378	0.2602	0.2680	0.1200	0.0400	0.1790	0.0895	0.4047
000609	Y	0.037964	0.261591	0.161471	0.2041	0.1791	0.1640	0.0540	0.1681	0.0673	0.4183
000610	V	0.054139	0.300673	0.155832	0.2913	0.1731	0.2260	0.0730	0.2002	0.0848	0.4302
000611	L	0.058257	0.327844	0.149880	0.2913	0.1881	0.2460	0.0880	0.2102	0.0903	0.4226
000612	P	0.060772	0.330209	0.144697	0.2865	0.2988	0.2160	0.0760	0.2229	0.0947	0.4117
000613	G	0.062268	0.346985	0.141726	0.1878	0.2884	0.2360	0.0870	0.2106	0.0936	0.4018
000614	P	0.088148	0.365844	0.140574	0.1958	0.2849	0.2370	0.0940	0.2187	0.0913	0.3966
000615	D	0.110423	0.365450	0.140442	0.1958	0.2951	0.2750	0.1220	0.2303	0.0895	0.3842
000616	Q	0.175573	0.377916	0.139905	0.1958	0.3019	0.2770	0.1280	0.2447	0.0819	0.3704
000617	R	0.181906	0.400583	0.138491	0.1998	0.2258	0.2250	0.0900	0.2285	0.0824	0.3582
000618	A	0.167825	0.396680	0.135467	0.2913	0.3215	0.2000	0.0790	0.2522	0.0919	0.3533
000619	D	0.155531	0.379108	0.131312	0.2122	0.3249	0.1980	0.0750	0.2336	0.0892	0.3544
000620	L	0.156011	0.381532	0.126323	0.3053	0.3249	0.1970	0.0720	0.2485	0.0939	0.3505
000621	Y	0.156748	0.396989	0.121139	0.3668	0.2849	0.1790	0.0540	0.2510	0.1055	0.3519
000622	L	0.155669	0.380413	0.115803	0.3535	0.3704	0.1640	0.0410	0.2566	0.1128	0.3561
000623	E	0.129664	0.374545	0.110215	0.2209	0.3426	0.1500	0.0290	0.2213	0.1033	0.3576
000624	G	0.106758	0.385525	0.104732	0.2292	0.3356	0.1450	0.0290	0.2178	0.1100	0.3584
000625	K	0.039395	0.375081	0.100154	0.1958	0.2328	0.1350	0.0300	0.1798	0.1074	0.3586
000626	D	0.020077	0.350265	0.097139	0.1844	0.1528	0.1280	0.0310	0.1554	0.1011	0.3673
000627	Q	0.014137	0.338006	0.095577	0.1205	0.1528	0.1220	0.0390	0.1404	0.0982	0.3764
000628	L	0.010631	0.329525	0.095253	0.0884	0.1554	0.0930	0.0330	0.1288	0.0991	0.3844
000629	G	0.006779	0.303193	0.095223	0.1060	0.1298	0.0830	0.0260	0.1206	0.0901	0.3866
000630	G	0.004016	0.287021	0.094963	0.1018	0.1028	0.0820	0.0270	0.1122	0.0853	0.3896
000631	W	0.009657	0.261450	0.095095	0.1150	0.1399	0.0880	0.0310	0.1182	0.0755	0.3967
000632	F	0.009763	0.242859	0.096313	0.1566	0.2034	0.0990	0.0490	0.1347	0.0766	0.3951
000633	Q	0.012118	0.231874	0.099037	0.1921	0.2752	0.1070	0.0620	0.1529	0.0890	0.3876
000634	S	0.013318	0.232909	0.102280	0.1844	0.2503	0.1090	0.0610	0.1486	0.0824	0.3819
000635	S	0.022787	0.223869	0.105342	0.1766	0.2224	0.1050	0.0440	0.1427	0.0722	0.3782
000636	L	0.031125	0.219976	0.109699	0.1805	0.2609	0.1010	0.0290	0.1505	0.0778	0.3766
000637	L	0.036476	0.240557	0.114906	0.1495	0.1671	0.1050	0.0280	0.1356	0.0624	0.3717
000638	T	0.038275	0.274410	0.122227	0.1635	0.1554	0.1000	0.0250	0.1423	0.0720	0.3686
000639	S	0.119714	0.315671	0.130219	0.1566	0.2292	0.1240	0.0410	0.1793	0.0714	0.3660
000640	V	0.168627	0.337213	0.138289	0.1566	0.1702	0.1490	0.0580	0.1867	0.0682	0.3659
000641	A	0.214638	0.360699	0.145702	0.1532	0.1070	0.1480	0.0570	0.1881	0.0834	0.3665
000642	A	0.212971	0.378490	0.152347	0.1805	0.1275	0.1340	0.0450	0.1976	0.0859	0.3679
000643	R	0.212758	0.401170	0.158158	0.1998	0.2064	0.1300	0.0420	0.2181	0.0869	0.3748
000644	K	0.204337	0.394134	0.162805	0.1416	0.2034	0.1390	0.0580	0.2076	0.0874	0.3888
000645	R	0.197148	0.380499	0.166198	0.1495	0.1206	0.1320	0.0540	0.1909	0.0883	0.4049
000646	A	0.194361	0.368210	0.169627	0.1495	0.1275	0.1100	0.0400	0.1865	0.0857	0.4257
000647	P	0.200437	0.339733	0.174627	0.1266	0.1251	0.0740	0.0220	0.1734	0.0844	0.4245
000648	Y	0.127626	0.300922	0.181070	0.1805	0.1881	0.0620	0.0150	0.1734	0.0720	0.4076
000649	K	0.109706	0.253183	0.188190	0.1266	0.2002	0.0620	0.0150	0.1567	0.0635	0.3954
000650	T	0.063614	0.201611	0.194962	0.1240	0.1969	0.0650	0.0170	0.1411	0.0601	0.3839
000651	V	0.064366	0.150663	0.203978	0.1805	0.2575	0.0690	0.0150	0.1544	0.0697	0.3738
000652	I	0.063408	0.127756	0.215705	0.2122	0.3019	0.0650	0.0200	0.1643	0.0868	0.3678
000653	V	0.062383	0.117227	0.232522	0.2432	0.3182	0.0670	0.0220	0.1735	0.0967	0.3671
000654	H	0.061226	0.133426	0.251890	0.2483	0.2884	0.0750	0.0230	0.1764	0.0902	0.3724
000655	G	0.058395	0.167835	0.272087	0.2558	0.2918	0.0970	0.0270	0.1905	0.0894	0.3801
000656	F	0.050505	0.207621	0.290954	0.2255	0.2918	0.1270	0.0370	0.1989	0.0867	0.3892
000657	T	0.041732	0.283215	0.308540	0.2657	0.3149	0.1480	0.0460	0.2269	0.0997	0.4069
000658	L	0.004709	0.388119	0.326689	0.2333	0.2064	0.1730	0.0690	0.2221	0.1214	0.4226
000659	G	0.004838	0.472572	0.344225	0.3225	0.2918	0.1980	0.0750	0.2723	0.1445	0.4285
000660	E	0.003978	0.530562	0.360639	0.2657	0.3087	0.2180	0.0620	0.2812	0.1583	0.4150
000661	K	0.005236	0.640200	0.377259	0.2700	0.2399	0.2430	0.0500	0.2959	0.1899	0.4020
000662	G	0.010585	0.611015	0.391958	0.3359	0.2164	0.2540	0.0370	0.3034	0.1822	0.3915
000663	E	0.022396	0.583085	0.403645	0.3578	0.2951	0.2900	0.0390	0.3254	0.1671	0.3843
000664	K	0.031469	0.579219	0.410073	0.3535	0.3840	0.3210	0.0580	0.3465	0.1631	0.3813
000665	M	0.041636	0.627980	0.412799	0.3535	0.4017	0.3550	0.0890	0.3654	0.1720	0.3811
000666	S	0.050526	0.652182	0.413881	0.3762	0.3356	0.3120	0.0660	0.3567	0.1766	0.3798
000667	K	0.054988	0.586132	0.412710	0.4879	0.3774	0.2840	0.0530	0.3671	0.1679	0.3795
000668	S	0.070324	0.576122	0.410298	0.4379	0.3087	0.2680	0.0650	0.3453	0.1576	0.3864
000669	L	0.085000	0.540892	0.405415	0.4651	0.4017	0.2220	0.0810	0.3533	0.1538	0.3949
000670	G	0.102138	0.460272	0.398811	0.4149	0.3983	0.2060	0.0820	0.3301	0.1297	0.4015
000671	N	0.142074	0.382654	0.391005	0.4149	0.3807	0.1830	0.0710	0.3158	0.1094	0.4084
000672	V	0.190364	0.319740	0.383195	0.4149	0.3983	0.1550	0.0760	0.3102	0.1022	0.4168
000673	I	0.200437	0.282513	0.375655	0.4203	0.4087	0.1580	0.0750	0.3076	0.1016	0.4222
000674	H	0.257933	0.257493	0.368405	0.4282	0.3983	0.1640	0.0650	0.3123	0.0931	0.4253
000675	P	0.324432	0.261622	0.361307	0.4379	0.4017	0.1700	0.0660	0.3262	0.0893	0.4226
000676	D	0.416812	0.266562	0.354118	0.4781	0.4369	0.1950	0.0700	0.3578	0.0993	0.4193
000677	V	0.488239	0.291085	0.346284	0.4749	0.4541	0.2070	0.0540	0.3769	0.1042	0.4167
000678	V	0.563273	0.333799	0.337768	0.4651	0.4940	0.1980	0.0450	0.3986	0.1217	0.4116
000679	V	0.640256	0.413053	0.330489	0.4749	0.5296	0.2000	0.0570	0.4314	0.1409	0.4029
000680	N	0.690059	0.491673	0.324588	0.5514	0.5211	0.2800	0.0860	0.4764	0.1386	0.3922
000681	G	0.727780	0.583065	0.319501	0.5762	0.5211	0.3410	0.1240	0.5114	0.1427	0.3863
000682	G	0.790933	0.646001	0.311604	0.4918	0.4725	0.3560	0.1180	0.5114	0.1645	0.3801
000683	Q	0.811019	0.673003	0.300878	0.5514	0.5533	0.3900	0.1200	0.5467	0.1687	0.3737
000684	D	0.768946	0.670267	0.285402	0.5802	0.5807	0.5100	0.1540	0.5659	0.1497	0.3693
000685	Q	0.672566	0.699370	0.267799	0.5941	0.4864	0.6250	0.1650	0.5576	0.1462	0.3668
000686	S	0.586265	0.732914	0.250034	0.5126	0.4541	0.6540	0.1750	0.5317	0.1550	0.3705
000687	K	0.497173	0.693187	0.233645	0.4282	0.3356	0.6390	0.1930	0.4712	0.1607	0.3745
000688	E	0.404863	0.672456	0.217893	0.4749	0.2951	0.5790	0.1820	0.4407	0.1560	0.3876
000689	P	0.313761	0.591024	0.200071	0.4458	0.2951	0.5210	0.1980	0.3944	0.1363	0.4089
000690	P	0.219491	0.489353	0.181325	0.4282	0.3249	0.4360	0.1720	0.3466	0.1148	0.4323
000691	Y	0.137805	0.384202	0.162739	0.3668	0.3215	0.3710	0.1620	0.2907	0.1014	0.4111
000692	G	0.049385	0.284031	0.143936	0.3311	0.3149	0.2600	0.1180	0.2305	0.1010	0.3900
000693	A	0.015378	0.187307	0.126173	0.3456	0.3286	0.1950	0.0900	0.1997	0.1136	0.3689
000694	D	0.016759	0.127278	0.110151	0.3263	0.2541	0.1650	0.0740	0.1666	0.1003	0.3493
000695	V	0.015847	0.096886	0.097682	0.3184	0.1424	0.1370	0.0580	0.1347	0.0920	0.3279
000696	L	0.014744	0.075387	0.088519	0.2558	0.1399	0.1180	0.0490	0.1154	0.0739	0.3054
000697	R	0.011601	0.062176	0.081315	0.1805	0.1501	0.0810	0.0290	0.0944	0.0559	0.2891
000698	W	0.007692	0.056216	0.075129	0.1844	0.1092	0.0690	0.0220	0.0836	0.0542	0.2714
000699	W	0.004288	0.054022	0.068787	0.1805	0.0817	0.0640	0.0200	0.0755	0.0529	0.2681
000700	V	0.003768	0.056205	0.062524	0.1117	0.0389	0.0600	0.0200	0.0554	0.0321	0.2756
000701	A	0.003770	0.065697	0.057409	0.0789	0.0320	0.0570	0.0230	0.0491	0.0246	0.2859
000702	D	0.003788	0.074105	0.053949	0.0744	0.0662	0.0660	0.0390	0.0564	0.0245	0.2989
000703	S	0.001297	0.078455	0.051426	0.0723	0.0646	0.0650	0.0350	0.0555	0.0256	0.3120
000704	N	0.001059	0.086206	0.049296	0.1041	0.0518	0.0570	0.0220	0.0583	0.0323	0.3269
000705	V	0.001551	0.114773	0.046841	0.0884	0.0294	0.0510	0.0130	0.0554	0.0372	0.3382
000706	F	0.029213	0.141221	0.044862	0.0832	0.0473	0.0480	0.0110	0.0657	0.0375	0.3517
000707	T	0.066006	0.158673	0.043308	0.0701	0.0662	0.0430	0.0060	0.0746	0.0391	0.3754
000708	E	0.098445	0.183428	0.041874	0.0744	0.0555	0.0520	0.0080	0.0842	0.0480	0.3971
000709	V	0.128360	0.191221	0.040039	0.0965	0.1028	0.0870	0.0260	0.1076	0.0458	0.4208
000710	A	0.158451	0.179974	0.037642	0.1178	0.1852	0.0930	0.0280	0.1286	0.0523	0.4281
000711	I	0.195411	0.174924	0.036121	0.1456	0.2541	0.1080	0.0380	0.1524	0.0686	0.4165
000712	G	0.228976	0.193588	0.036344	0.1732	0.2002	0.1000	0.0400	0.1554	0.0664	0.4074
000713	P	0.289148	0.204995	0.037869	0.1667	0.1914	0.1150	0.0500	0.1676	0.0778	0.3981
000714	S	0.348566	0.211450	0.039999	0.1018	0.1914	0.1330	0.0550	0.1711	0.0974	0.3873
000715	V	0.351766	0.240027	0.042729	0.0991	0.1162	0.1330	0.0610	0.1638	0.1026	0.3736
000716	L	0.340560	0.260774	0.046820	0.1266	0.1611	0.1300	0.0590	0.1777	0.0963	0.3541
000717	N	0.361026	0.288223	0.049958	0.1240	0.2817	0.1370	0.0610	0.2070	0.1098	0.3282
000718	A	0.359142	0.317019	0.050656	0.1205	0.2783	0.1640	0.0530	0.2150	0.1108	0.3112
000719	A	0.352706	0.387010	0.048424	0.1178	0.1852	0.1790	0.0520	0.2117	0.1210	0.2945
000720	R	0.331590	0.408158	0.045898	0.1667	0.2470	0.1930	0.0480	0.2320	0.1166	0.2767
000721	D	0.312529	0.427392	0.043787	0.1205	0.1731	0.2040	0.0490	0.2135	0.1257	0.2620
000722	D	0.268773	0.445360	0.042239	0.1878	0.1791	0.2100	0.0510	0.2222	0.1208	0.2441
000723	I	0.226518	0.457313	0.040815	0.1178	0.1184	0.2200	0.0610	0.1968	0.1329	0.2229
000724	S	0.213583	0.421264	0.039927	0.0607	0.0985	0.2240	0.0680	0.1763	0.1302	0.2052
000725	K	0.218925	0.397314	0.039821	0.0376	0.1092	0.1920	0.0570	0.1659	0.1243	0.1882
000726	L	0.189738	0.353530	0.040180	0.0587	0.1092	0.1400	0.0320	0.1486	0.1042	0.1761
000727	R	0.168863	0.281142	0.040483	0.1117	0.1424	0.0950	0.0180	0.1399	0.0747	0.1652
000728	N	0.148298	0.220542	0.040243	0.0723	0.1373	0.0910	0.0190	0.1183	0.0587	0.1596
000729	T	0.138291	0.183521	0.039800	0.0701	0.0870	0.0830	0.0170	0.1002	0.0473	0.1552
000730	L	0.131124	0.149895	0.039470	0.0935	0.1115	0.0720	0.0160	0.0995	0.0367	0.1508
000731	R	0.127258	0.119011	0.039663	0.0502	0.1298	0.0720	0.0190	0.0896	0.0371	0.1485
000732	F	0.122031	0.103871	0.040186	0.0502	0.1349	0.0740	0.0220	0.0876	0.0354	0.1494
000733	L	0.116742	0.108722	0.040757	0.0621	0.1323	0.0780	0.0230	0.0898	0.0321	0.1527
000734	L	0.101778	0.109380	0.041781	0.1240	0.2094	0.0820	0.0200	0.1115	0.0509	0.1584
000735	G	0.092327	0.118806	0.043078	0.1205	0.2129	0.0890	0.0240	0.1127	0.0516	0.1654
000736	N	0.099319	0.148259	0.045694	0.1322	0.1373	0.0980	0.0310	0.1101	0.0344	0.1749
000737	V	0.114123	0.186963	0.048947	0.1998	0.2328	0.1120	0.0440	0.1491	0.0628	0.1794
000738	A	0.138464	0.214005	0.052589	0.1178	0.1702	0.1430	0.0640	0.1393	0.0492	0.1882
000739	D	0.169846	0.269675	0.055649	0.1456	0.1702	0.2000	0.0740	0.1686	0.0639	0.1950
000740	F	0.200709	0.346019	0.058175	0.0935	0.1759	0.2270	0.1020	0.1835	0.0935	0.1986
000741	N	0.232551	0.405680	0.060191	0.1566	0.2164	0.2510	0.1020	0.2204	0.1042	0.2025
000742	P	0.257323	0.436908	0.061837	0.1667	0.1449	0.2650	0.1060	0.2221	0.1183	0.2067
000743	E	0.281477	0.490742	0.062749	0.2041	0.1823	0.2690	0.1110	0.2484	0.1298	0.2094
000744	T	0.272748	0.520957	0.063480	0.2041	0.1731	0.2670	0.1150	0.2502	0.1397	0.2096
000745	D	0.264373	0.486618	0.063602	0.2122	0.2609	0.2640	0.1090	0.2586	0.1240	0.2057
000746	S	0.251415	0.432745	0.063090	0.1292	0.2715	0.2440	0.0910	0.2320	0.1165	0.1988
000747	I	0.241032	0.392974	0.060952	0.1349	0.1791	0.2260	0.0810	0.2058	0.1028	0.1900
000748	P	0.214227	0.331566	0.058279	0.1998	0.2034	0.1850	0.0520	0.1986	0.0794	0.1916
000749	V	0.173836	0.278076	0.056523	0.1667	0.1583	0.1570	0.0470	0.1651	0.0642	0.1870
000750	N	0.130742	0.242151	0.056594	0.1266	0.1528	0.1260	0.0470	0.1392	0.0548	0.1862
000751	D	0.093913	0.196840	0.057253	0.1380	0.1759	0.1080	0.0400	0.1282	0.0478	0.1854
000752	M	0.054250	0.158055	0.057198	0.1292	0.1028	0.1030	0.0400	0.1008	0.0369	0.1832
000753	Y	0.048857	0.128082	0.056455	0.0567	0.0929	0.0890	0.0310	0.0787	0.0277	0.1755
000754	V	0.043534	0.107561	0.055193	0.0286	0.0909	0.0780	0.0290	0.0673	0.0274	0.1625
000755	I	0.038562	0.097481	0.053923	0.0304	0.0518	0.0720	0.0260	0.0573	0.0221	0.1512
000756	D	0.018727	0.099514	0.052341	0.0304	0.0398	0.0610	0.0180	0.0504	0.0260	0.1437
000757	Q	0.006751	0.093542	0.050908	0.0141	0.0433	0.0570	0.0190	0.0443	0.0287	0.1355
000758	Y	0.003928	0.084701	0.049766	0.0245	0.0749	0.0520	0.0120	0.0482	0.0276	0.1279
000759	M	0.002718	0.082480	0.049270	0.0182	0.0356	0.0490	0.0130	0.0396	0.0254	0.1118
000760	L	0.002208	0.080573	0.048559	0.0308	0.0568	0.0520	0.0170	0.0452	0.0242	0.0960
000761	H	0.001667	0.084040	0.047036	0.0128	0.0568	0.0530	0.0180	0.0426	0.0277	0.0820
000762	L	0.001409	0.100984	0.044527	0.0116	0.0306	0.0560	0.0160	0.0409	0.0326	0.0704
000763	L	0.000716	0.127762	0.041781	0.0167	0.0235	0.0700	0.0200	0.0467	0.0422	0.0615
000764	Q	0.000717	0.156364	0.038969	0.0137	0.0380	0.0840	0.0230	0.0554	0.0522	0.0570
000765	D	0.000711	0.175877	0.035755	0.0124	0.0605	0.1130	0.0340	0.0664	0.0610	0.0535
000766	L	0.000706	0.209841	0.032385	0.0268	0.0618	0.1530	0.0580	0.0808	0.0752	0.0508
000767	A	0.000480	0.234061	0.028090	0.0252	0.0618	0.1630	0.0650	0.0854	0.0844	0.0508
000768	N	0.000407	0.239294	0.022960	0.0102	0.0287	0.1740	0.0740	0.0792	0.0924	0.0524
000769	K	0.000343	0.257087	0.017113	0.0200	0.0483	0.1890	0.0840	0.0887	0.0981	0.0548
000770	I	0.000765	0.259781	0.011820	0.0109	0.0592	0.1890	0.0780	0.0886	0.0999	0.0599
000771	T	0.000940	0.233142	0.006845	0.0218	0.0662	0.1820	0.0710	0.0852	0.0903	0.0693
000772	E	0.000958	0.227379	0.001954	0.0226	0.0433	0.1730	0.0710	0.0782	0.0888	0.0800
000773	L	0.001873	0.226704	-0.003276	0.0226	0.0719	0.1650	0.0720	0.0808	0.0867	0.0923
000774	Y	0.002791	0.199757	-0.008397	0.0231	0.0704	0.1540	0.0650	0.0737	0.0782	0.1051
000775	K	0.002890	0.186112	-0.013112	0.0212	0.0389	0.1250	0.0500	0.0601	0.0714	0.1135
000776	Q	0.002905	0.191975	-0.017583	0.0086	0.0349	0.1060	0.0440	0.0545	0.0729	0.1243
000777	Y	0.002925	0.175307	-0.022136	0.0084	0.0631	0.1070	0.0420	0.0558	0.0685	0.1343
000778	D	0.003373	0.159524	-0.026837	0.0109	0.0372	0.0940	0.0310	0.0464	0.0628	0.1353
000779	F	0.003407	0.156799	-0.030010	0.0097	0.0205	0.0780	0.0200	0.0397	0.0614	0.1332
000780	G	0.003646	0.148204	-0.031466	0.0055	0.0214	0.0650	0.0140	0.0353	0.0580	0.1339
000781	K	0.010750	0.123917	-0.031072	0.0070	0.0356	0.0570	0.0130	0.0339	0.0485	0.1341
000782	V	0.017454	0.110718	-0.029400	0.0070	0.0372	0.0560	0.0150	0.0331	0.0436	0.1329
000783	V	0.019823	0.099315	-0.026047	0.0067	0.0202	0.0530	0.0140	0.0288	0.0391	0.1302
000784	R	0.023009	0.082650	-0.020828	0.0128	0.0327	0.0490	0.0150	0.0298	0.0318	0.1255
000785	L	0.023718	0.078236	-0.014455	0.0124	0.0605	0.0500	0.0150	0.0351	0.0312	0.1204
000786	L	0.026229	0.086650	-0.008571	0.0128	0.0300	0.0500	0.0130	0.0328	0.0298	0.1169
000787	R	0.027545	0.095445	-0.003597	0.0124	0.0178	0.0490	0.0110	0.0331	0.0321	0.1122
000788	T	0.031680	0.103814	0.000373	0.0124	0.0153	0.0520	0.0090	0.0360	0.0345	0.1114
000789	F	0.032821	0.122920	0.004361	0.0081	0.0143	0.0560	0.0090	0.0398	0.0411	0.1131
000790	Y	0.028834	0.134008	0.008086	0.0094	0.0163	0.0610	0.0080	0.0429	0.0444	0.1157
000791	T	0.024317	0.159190	0.011929	0.0094	0.0107	0.0600	0.0100	0.0459	0.0536	0.1111
000792	R	0.024152	0.175107	0.016388	0.0061	0.0107	0.0650	0.0140	0.0497	0.0594	0.1052
000793	E	0.021105	0.176784	0.021402	0.0066	0.0153	0.0650	0.0160	0.0510	0.0592	0.0977
000794	L	0.020389	0.166810	0.026755	0.0102	0.0218	0.0580	0.0200	0.0507	0.0540	0.0922
000795	S	0.017876	0.159262	0.032804	0.0116	0.0143	0.0500	0.0200	0.0476	0.0516	0.0899
000796	N	0.016182	0.133406	0.039618	0.0245	0.0143	0.0500	0.0220	0.0463	0.0409	0.0868
000797	F	0.012602	0.111378	0.046647	0.0252	0.0157	0.0560	0.0270	0.0446	0.0338	0.0863
000798	Y	0.012009	0.103628	0.052794	0.0144	0.0171	0.0630	0.0350	0.0438	0.0332	0.0868
000799	F	0.009550	0.093602	0.057907	0.0086	0.0163	0.0870	0.0540	0.0455	0.0358	0.0827
000800	S	0.006762	0.090950	0.062419	0.0194	0.0341	0.1220	0.0850	0.0560	0.0406	0.0793
000801	I	0.004468	0.091483	0.067325	0.0316	0.0646	0.2940	0.1720	0.0923	0.0944	0.0754
000802	I	0.005346	0.096758	0.073149	0.0350	0.0662	0.5370	0.2430	0.1355	0.1817	0.0767
000803	K	0.016968	0.106304	0.080048	0.0350	0.0780	0.4750	0.2380	0.1319	0.1564	0.0804
000804	D	0.087590	0.126377	0.087225	0.0376	0.0704	0.3580	0.2070	0.1278	0.1062	0.0846
000805	R	0.192247	0.157872	0.093963	0.0813	0.1184	0.2730	0.1460	0.1527	0.0654	0.0872
000806	L	0.301699	0.190267	0.099843	0.0771	0.1206	0.2740	0.1110	0.1772	0.0859	0.0891
000807	Y	0.411054	0.264436	0.105980	0.0701	0.1092	0.2980	0.1210	0.2098	0.1236	0.0915
000808	C	0.520901	0.376022	0.113218	0.1178	0.1399	0.3130	0.1040	0.2634	0.1530	0.0894
000809	E	0.631067	0.490951	0.121223	0.1667	0.2193	0.2990	0.0910	0.3213	0.1824	0.0878
000810	K	0.719540	0.579007	0.128951	0.1732	0.3392	0.3120	0.1020	0.3753	0.2109	0.0888
000811	E	0.812476	0.653948	0.136066	0.1844	0.3087	0.3260	0.0840	0.4036	0.2465	0.0906
000812	N	0.875402	0.722434	0.142942	0.2602	0.3053	0.3880	0.1230	0.4491	0.2615	0.0925
000813	D	0.879310	0.693505	0.148621	0.3096	0.3215	0.4370	0.1750	0.4649	0.2482	0.0916
000814	P	0.861928	0.643733	0.152736	0.2209	0.3426	0.4450	0.2210	0.4445	0.2448	0.0888
000815	K	0.843035	0.641172	0.154519	0.1566	0.2470	0.4050	0.1990	0.4079	0.2572	0.0863
000816	R	0.818397	0.599152	0.155040	0.1667	0.1671	0.3540	0.1510	0.3767	0.2524	0.0861
000817	R	0.768150	0.502291	0.155601	0.1805	0.2575	0.2800	0.1100	0.3574	0.2151	0.0859
000818	S	0.690454	0.410729	0.157185	0.1766	0.2715	0.2180	0.1000	0.3207	0.1850	0.0860
000819	C	0.637441	0.320326	0.159994	0.2657	0.2575	0.1720	0.0690	0.3021	0.1598	0.0885
000820	Q	0.558073	0.240105	0.163044	0.1878	0.1791	0.1420	0.0570	0.2451	0.1431	0.0913
000821	T	0.494981	0.166562	0.166888	0.1292	0.1791	0.1360	0.0520	0.2121	0.1277	0.0949
000822	A	0.431911	0.128353	0.171963	0.0832	0.1611	0.1310	0.0490	0.1846	0.1142	0.0963
000823	L	0.350805	0.105585	0.178205	0.0813	0.0817	0.1180	0.0300	0.1525	0.0944	0.0973
000824	V	0.261493	0.082430	0.184213	0.0813	0.0631	0.1100	0.0230	0.1304	0.0704	0.1015
000825	E	0.178856	0.074190	0.189184	0.0387	0.0631	0.1150	0.0280	0.1098	0.0572	0.1081
000826	I	0.124644	0.069872	0.192274	0.0327	0.0380	0.1220	0.0360	0.0966	0.0560	0.1154
000827	L	0.095266	0.069527	0.194265	0.0425	0.0235	0.1450	0.0370	0.0950	0.0590	0.1236
000828	D	0.062456	0.063385	0.195828	0.0274	0.0275	0.1740	0.0460	0.0917	0.0677	0.1305
000829	V	0.081151	0.060349	0.198298	0.0137	0.0275	0.1800	0.0490	0.0935	0.0712	0.1353
000830	I	0.142000	0.065382	0.201574	0.0308	0.0253	0.1590	0.0360	0.1041	0.0672	0.1424
000831	V	0.202827	0.066572	0.204769	0.0286	0.0202	0.1400	0.0280	0.1104	0.0764	0.1481
000832	R	0.214148	0.071454	0.206722	0.0131	0.0214	0.1210	0.0230	0.1080	0.0807	0.1546
000833	S	0.234702	0.082748	0.207646	0.0131	0.0287	0.0890	0.0210	0.1093	0.0839	0.1635
000834	F	0.253874	0.096472	0.207881	0.0286	0.0320	0.0700	0.0240	0.1149	0.0862	0.1719
000835	A	0.259542	0.110309	0.207524	0.0502	0.0248	0.0590	0.0230	0.1186	0.0864	0.1770
000836	P	0.277536	0.123157	0.206712	0.0279	0.0235	0.0520	0.0210	0.1185	0.0955	0.1844
000837	I	0.296109	0.137538	0.206230	0.0231	0.0398	0.0540	0.0190	0.1261	0.0990	0.1922
000838	L	0.282921	0.147337	0.205782	0.0414	0.0398	0.0550	0.0170	0.1287	0.0922	0.1968
000839	P	0.212832	0.162831	0.204528	0.0376	0.0433	0.0570	0.0180	0.1197	0.0755	0.2052
000840	H	0.151391	0.184399	0.202667	0.0336	0.0389	0.0740	0.0250	0.1141	0.0682	0.2175
000841	L	0.173281	0.215757	0.200918	0.0660	0.0389	0.1020	0.0390	0.1328	0.0676	0.2268
000842	A	0.157155	0.224108	0.199579	0.0554	0.0581	0.1150	0.0490	0.1349	0.0649	0.2368
000843	E	0.140276	0.215641	0.197557	0.0363	0.0662	0.1160	0.0460	0.1286	0.0646	0.2433
000844	E	0.134617	0.215475	0.195611	0.0336	0.0799	0.1100	0.0430	0.1283	0.0630	0.2526
000845	V	0.116396	0.213455	0.194740	0.0621	0.1424	0.1080	0.0460	0.1395	0.0517	0.2631
000846	F	0.107055	0.175735	0.195666	0.0884	0.1671	0.1080	0.0490	0.1403	0.0406	0.2713
000847	Q	0.104170	0.169971	0.198051	0.0723	0.1007	0.0890	0.0320	0.1224	0.0455	0.2659
000848	H	0.125514	0.195046	0.200485	0.1150	0.0888	0.1140	0.0480	0.1399	0.0424	0.2608
000849	I	0.115487	0.209306	0.201869	0.1266	0.1399	0.1440	0.0510	0.1562	0.0362	0.2613
000850	P	0.076012	0.218014	0.201578	0.0660	0.1275	0.1090	0.0290	0.1331	0.0581	0.2544
000851	Y	0.069294	0.270916	0.200324	0.0643	0.1298	0.1000	0.0190	0.1390	0.0744	0.2479
000852	I	0.063890	0.340028	0.198565	0.1205	0.1162	0.1000	0.0240	0.1566	0.0914	0.2403
000853	K	0.057992	0.384877	0.196215	0.1495	0.0851	0.1080	0.0300	0.1637	0.1085	0.2374
000854	E	0.055013	0.388760	0.193012	0.0884	0.0749	0.1280	0.0490	0.1547	0.1138	0.2369
000855	P	0.042546	0.390233	0.189741	0.0542	0.0704	0.1160	0.0540	0.1438	0.1206	0.2337
000856	K	0.025279	0.354600	0.187668	0.0909	0.1048	0.0870	0.0300	0.1417	0.1064	0.2336
000857	S	0.002251	0.290914	0.187384	0.1635	0.1852	0.0680	0.0200	0.1496	0.0924	0.2370
000858	V	0.041615	0.244149	0.188472	0.1566	0.1162	0.0540	0.0180	0.1336	0.0717	0.2471
000859	F	0.105427	0.250097	0.189092	0.1602	0.0631	0.0480	0.0160	0.1360	0.0712	0.2571
000860	R	0.127741	0.246923	0.188777	0.1732	0.1028	0.0440	0.0170	0.1472	0.0650	0.2667
000861	T	0.218125	0.239400	0.187153	0.1018	0.0835	0.0480	0.0200	0.1464	0.0719	0.2798
000862	G	0.227250	0.237819	0.185307	0.1667	0.1554	0.0530	0.0200	0.1710	0.0604	0.2888
000863	W	0.227437	0.216614	0.183655	0.2292	0.2364	0.0570	0.0200	0.1917	0.0626	0.2966
000864	I	0.227510	0.201098	0.182975	0.2558	0.1671	0.0630	0.0240	0.1829	0.0609	0.2936
000865	S	0.227786	0.226810	0.182279	0.2483	0.1671	0.0710	0.0280	0.1872	0.0591	0.2895
000866	T	0.232941	0.254270	0.181860	0.1635	0.1554	0.0860	0.0260	0.1789	0.0550	0.2884
000867	S	0.193516	0.276948	0.181084	0.1698	0.1399	0.0980	0.0330	0.1765	0.0547	0.2854
000868	S	0.130507	0.306127	0.180620	0.1805	0.0985	0.1480	0.0610	0.1740	0.0656	0.2818
000869	I	0.108481	0.348116	0.180448	0.2167	0.1528	0.1960	0.0680	0.2005	0.0744	0.2765
000870	W	0.023065	0.383148	0.180381	0.2385	0.2503	0.2230	0.0840	0.2164	0.1066	0.2709
000871	K	0.021330	0.428977	0.180126	0.2531	0.2224	0.2570	0.1040	0.2272	0.1204	0.2547
000872	K	0.054622	0.457575	0.179259	0.2483	0.1583	0.3020	0.1180	0.2333	0.1263	0.2410
000873	P	0.126675	0.495427	0.178251	0.2122	0.1373	0.3140	0.1020	0.2440	0.1282	0.2380
000874	G	0.198727	0.491117	0.177521	0.2483	0.1969	0.3640	0.1080	0.2795	0.1131	0.2389
000875	L	0.237194	0.478342	0.177638	0.2820	0.2752	0.3780	0.1330	0.3048	0.0981	0.2489
000876	E	0.279843	0.476215	0.177472	0.2558	0.2918	0.3500	0.1350	0.3051	0.0920	0.2607
000877	E	0.363803	0.446781	0.176924	0.2483	0.2817	0.3530	0.1500	0.3117	0.0873	0.2719
000878	A	0.452527	0.428752	0.175448	0.2657	0.1881	0.3350	0.1370	0.3077	0.1080	0.2818
000879	V	0.533215	0.428251	0.175038	0.2700	0.1298	0.2600	0.0980	0.2994	0.1402	0.3005
000880	E	0.611304	0.396046	0.176321	0.2558	0.2002	0.1620	0.0570	0.3003	0.1594	0.3269
000881	S	0.663248	0.372944	0.179391	0.2602	0.2951	0.1240	0.0330	0.3158	0.1746	0.3533
000882	A	0.680019	0.337236	0.182928	0.2657	0.2258	0.1010	0.0210	0.2988	0.1852	0.3903
000883	C	0.683810	0.307588	0.186367	0.2700	0.2575	0.0860	0.0100	0.2986	0.1865	0.4282
000884	A	0.663295	0.268499	0.189372	0.1667	0.2328	0.0730	0.0090	0.2656	0.1879	0.4199
000885	M	0.643507	0.273563	0.191793	0.1844	0.2224	0.0710	0.0110	0.2644	0.1801	0.4058
000886	R	0.637697	0.287494	0.194637	0.2531	0.3117	0.0680	0.0150	0.2922	0.1737	0.4077
000887	D	0.576106	0.282875	0.197668	0.2292	0.2715	0.0700	0.0140	0.2712	0.1532	0.4128
000888	S	0.498032	0.276299	0.201069	0.2209	0.2258	0.0770	0.0120	0.2498	0.1266	0.4214
000889	F	0.417836	0.303259	0.203815	0.2080	0.2752	0.0860	0.0160	0.2490	0.1020	0.4268
000890	L	0.344174	0.315688	0.207038	0.2292	0.2575	0.0890	0.0190	0.2403	0.0827	0.4213
000891	G	0.266846	0.334419	0.211849	0.2432	0.2328	0.0950	0.0230	0.2306	0.0720	0.3934
000892	S	0.199057	0.368248	0.219000	0.1667	0.1823	0.1090	0.0260	0.2074	0.0797	0.3634
000893	I	0.175912	0.405953	0.227837	0.1805	0.1449	0.1130	0.0290	0.2081	0.0951	0.3374
000894	P	0.153340	0.386822	0.237617	0.1635	0.2064	0.1040	0.0210	0.2086	0.0901	0.3108
000895	G	0.075854	0.367433	0.247015	0.1292	0.1823	0.1020	0.0170	0.1840	0.0992	0.2926
000896	K	0.057932	0.364690	0.257756	0.1495	0.1476	0.1010	0.0150	0.1797	0.1027	0.2790
000897	N	0.059846	0.352591	0.268791	0.1060	0.1643	0.1040	0.0180	0.1759	0.1029	0.2798
000898	A	0.058937	0.310914	0.281564	0.0587	0.1731	0.1160	0.0330	0.1665	0.0999	0.2868
000899	A	0.047576	0.291486	0.293358	0.0660	0.1791	0.1180	0.0350	0.1660	0.0987	0.2967
000900	E	0.043334	0.268186	0.304517	0.1349	0.2002	0.1350	0.0350	0.1811	0.0879	0.3048
000901	Y	0.038257	0.225786	0.315033	0.1998	0.2034	0.1680	0.0580	0.1917	0.0823	0.3175
000902	K	0.039720	0.203316	0.327029	0.1349	0.1251	0.2060	0.1040	0.1726	0.0887	0.3394
000903	V	0.062263	0.188901	0.341827	0.0884	0.1373	0.2320	0.1370	0.1751	0.0939	0.3742
000904	I	0.085186	0.169523	0.359220	0.0909	0.1399	0.2450	0.1480	0.1816	0.0957	0.4098
000905	T	0.094355	0.165007	0.376516	0.0884	0.0799	0.2500	0.1490	0.1756	0.1075	0.4234
000906	V	0.104312	0.168659	0.393422	0.0542	0.0870	0.2810	0.1640	0.1814	0.1198	0.3908
000907	I	0.116798	0.172160	0.409391	0.0376	0.0780	0.3410	0.1890	0.1926	0.1369	0.3607
000908	E	0.190938	0.183061	0.426854	0.0441	0.0454	0.3670	0.1970	0.2096	0.1458	0.3343
000909	P	0.269381	0.210297	0.446263	0.0478	0.0568	0.3890	0.1810	0.2366	0.1510	0.3144
000910	G	0.353861	0.240808	0.467672	0.0363	0.0646	0.3740	0.1690	0.2563	0.1600	0.2989
000911	L	0.443625	0.221173	0.489957	0.0308	0.0662	0.3810	0.1640	0.2722	0.1789	0.2847
000912	L	0.513174	0.202235	0.512271	0.0554	0.1206	0.3500	0.1540	0.2923	0.1799	0.2735
000913	F	0.583117	0.221142	0.534750	0.0723	0.1298	0.3240	0.1490	0.3108	0.1924	0.2694
000914	E	0.661582	0.271335	0.556876	0.1266	0.1731	0.3030	0.1360	0.3488	0.1956	0.2767
000915	I	0.736517	0.319583	0.578390	0.1878	0.2399	0.3400	0.1440	0.4004	0.1940	0.2874
000916	I	0.809851	0.365806	0.599801	0.1921	0.2399	0.3370	0.1130	0.4241	0.2154	0.2980
000917	E	0.824828	0.416442	0.621115	0.2657	0.2951	0.3380	0.1080	0.4602	0.2003	0.3079
000918	M	0.833511	0.493400	0.642474	0.3535	0.3704	0.3790	0.1360	0.5121	0.1749	0.3207
000919	L	0.840434	0.553561	0.663398	0.3399	0.2817	0.4250	0.1280	0.5174	0.1926	0.3395
000920	Q	0.844195	0.618014	0.684111	0.3096	0.2680	0.4960	0.1370	0.5367	0.2034	0.3587
000921	S	0.844422	0.665275	0.704160	0.2255	0.2817	0.6020	0.1320	0.5538	0.2250	0.3767
000922	E	0.845140	0.706317	0.722457	0.3053	0.2817	0.6480	0.1200	0.5849	0.2143	0.3940
000923	E	0.845630	0.753117	0.738945	0.4116	0.3286	0.6930	0.1000	0.6285	0.1898	0.4091
000924	T	0.848861	0.768342	0.753843	0.4245	0.4017	0.7230	0.0870	0.6534	0.1742	0.4190
000925	S	0.856990	0.781449	0.767559	0.3847	0.3599	0.6950	0.1030	0.6409	0.1958	0.4200
000926	S	0.867229	0.799729	0.779950	0.4420	0.4330	0.6450	0.1180	0.6611	0.1713	0.4190
000927	T	0.870745	0.797586	0.788862	0.4918	0.5342	0.5980	0.1260	0.6802	0.1446	0.4181
000928	S	0.871621	0.790636	0.794169	0.4749	0.5098	0.5730	0.1420	0.6691	0.1547	0.4161
000929	Q	0.872050	0.787590	0.796909	0.5229	0.5493	0.6170	0.1430	0.6910	0.1336	0.4122
000930	L	0.879448	0.787551	0.799354	0.6079	0.5577	0.6810	0.1340	0.7188	0.1131	0.4020
000931	N	0.880831	0.772420	0.801642	0.6124	0.4725	0.6640	0.1330	0.7007	0.1348	0.3904
000932	E	0.881277	0.757662	0.803282	0.5473	0.4507	0.6520	0.1300	0.6821	0.1487	0.3759
000933	L	0.878738	0.728184	0.801591	0.4600	0.4369	0.6870	0.1250	0.6655	0.1648	0.3655
000934	M	0.874714	0.704328	0.795428	0.4116	0.4369	0.6420	0.1420	0.6442	0.1716	0.3590
000935	M	0.868584	0.705627	0.785812	0.4149	0.4541	0.6720	0.1390	0.6502	0.1650	0.3579
000936	A	0.864022	0.691750	0.778121	0.4333	0.4541	0.6910	0.1470	0.6521	0.1586	0.3633
000937	S	0.863189	0.713171	0.771879	0.4651	0.4766	0.6470	0.1480	0.6562	0.1462	0.3700
000938	E	0.863329	0.721663	0.767890	0.4513	0.4409	0.6510	0.1640	0.6494	0.1569	0.3753
000939	S	0.855870	0.701935	0.761068	0.4703	0.4507	0.6920	0.1670	0.6554	0.1478	0.3786
000940	T	0.852913	0.695045	0.752689	0.4420	0.4149	0.7320	0.1660	0.6482	0.1628	0.3823
000941	L	0.850054	0.697194	0.740257	0.5253	0.5055	0.7520	0.1360	0.6783	0.1241	0.3881
000942	L	0.848529	0.703814	0.724717	0.5008	0.4441	0.7400	0.1420	0.6604	0.1414	0.3953
000943	A	0.847145	0.702769	0.705386	0.4879	0.3529	0.7560	0.1180	0.6419	0.1684	0.4046
000944	Q	0.845809	0.687126	0.682828	0.4967	0.4441	0.7530	0.1180	0.6516	0.1399	0.4106
000945	E	0.841331	0.656802	0.659331	0.4282	0.3983	0.7260	0.1140	0.6183	0.1576	0.4122
000946	P	0.828785	0.633487	0.636766	0.4651	0.4119	0.6420	0.1300	0.6030	0.1355	0.4101
000947	R	0.811629	0.602729	0.615484	0.4078	0.4409	0.6560	0.1450	0.5891	0.1352	0.4084
000948	E	0.797489	0.562402	0.595602	0.3939	0.4330	0.6370	0.1490	0.5699	0.1333	0.4046
000949	M	0.786388	0.520918	0.577427	0.3762	0.3249	0.6360	0.1300	0.5369	0.1553	0.4028
000950	T	0.770213	0.511487	0.560115	0.3578	0.2645	0.5860	0.1250	0.5083	0.1630	0.4027
000951	A	0.758926	0.488904	0.542022	0.2786	0.1914	0.5550	0.1260	0.4691	0.1873	0.3988
000952	D	0.745222	0.456635	0.523375	0.2820	0.2645	0.5010	0.1390	0.4622	0.1617	0.3915
000953	V	0.728139	0.422780	0.503973	0.2786	0.2645	0.4930	0.1230	0.4485	0.1563	0.3850
000954	I	0.689938	0.394581	0.484956	0.3053	0.3087	0.4450	0.1360	0.4380	0.1303	0.3754
000955	E	0.632684	0.382090	0.464739	0.2209	0.3019	0.3690	0.1620	0.3951	0.1299	0.3680
000956	L	0.605511	0.360886	0.444685	0.2080	0.2849	0.3450	0.1580	0.3748	0.1259	0.3641
000957	K	0.596418	0.325791	0.424579	0.1732	0.2752	0.3160	0.1460	0.3519	0.1322	0.3634
000958	G	0.587138	0.318295	0.406535	0.1805	0.2094	0.2820	0.1250	0.3306	0.1362	0.3579
000959	K	0.586896	0.303082	0.391350	0.1698	0.1914	0.2570	0.0880	0.3165	0.1412	0.3525
000960	F	0.587433	0.282224	0.377905	0.1322	0.2328	0.2460	0.0800	0.3098	0.1438	0.3426
000961	L	0.542675	0.250020	0.365924	0.1266	0.2470	0.2300	0.0680	0.2937	0.1312	0.3370
000962	I	0.478851	0.262526	0.354663	0.1532	0.2715	0.2120	0.0660	0.2887	0.1047	0.3421
000963	N	0.440558	0.263007	0.345275	0.1456	0.2575	0.2080	0.0610	0.2767	0.0949	0.3548
000964	L	0.450355	0.294922	0.338163	0.1958	0.2292	0.2080	0.0600	0.2860	0.0888	0.3635
000965	E	0.427736	0.333144	0.333614	0.2820	0.2884	0.2050	0.0730	0.3117	0.0673	0.3787
000966	G	0.417059	0.374453	0.330521	0.1921	0.2193	0.2300	0.0920	0.2939	0.0847	0.3948
000967	G	0.424656	0.404029	0.327998	0.2558	0.2193	0.2470	0.1020	0.3132	0.0789	0.4074
000968	D	0.429776	0.435256	0.326190	0.2122	0.1823	0.2790	0.1040	0.3108	0.0976	0.4114
000969	I	0.433384	0.466842	0.325653	0.1566	0.1611	0.3160	0.1010	0.3099	0.1196	0.4156
000970	R	0.473063	0.489346	0.325405	0.1292	0.1914	0.2670	0.0900	0.3126	0.1339	0.4197
000971	E	0.536756	0.507448	0.325419	0.1698	0.2849	0.2120	0.0780	0.3393	0.1387	0.4252
000972	E	0.573771	0.483827	0.326589	0.2432	0.3566	0.1870	0.0690	0.3618	0.1328	0.4248
000973	S	0.571268	0.439772	0.330005	0.3053	0.4149	0.1560	0.0600	0.3695	0.1285	0.4173
000974	S	0.580665	0.414022	0.338020	0.3005	0.4292	0.1310	0.0500	0.3655	0.1371	0.4069
000975	Y	0.612275	0.398391	0.350056	0.3630	0.4901	0.1050	0.0350	0.3864	0.1544	0.3988
000976	K	0.617282	0.386155	0.364356	0.3630	0.3872	0.0840	0.0190	0.3669	0.1548	0.3912
000977	V	0.534283	0.372987	0.376425	0.3535	0.4149	0.0830	0.0140	0.3559	0.1356	0.3850
000978	I	0.452820	0.353555	0.385394	0.2255	0.4119	0.0860	0.0150	0.3192	0.1260	0.3875
000979	V	0.389279	0.342465	0.390894	0.2385	0.3149	0.0900	0.0160	0.2943	0.1048	0.4035
000980	M	0.322960	0.353115	0.394037	0.3005	0.2988	0.1080	0.0310	0.2962	0.0904	0.4300
000981	P	0.280824	0.365965	0.395943	0.1805	0.2918	0.1210	0.0460	0.2726	0.0965	0.3937
000982	T	0.252536	0.378085	0.399519	0.1266	0.1969	0.1200	0.0470	0.2456	0.1108	0.3564
000983	T	0.214427	0.399075	0.406402	0.1150	0.1852	0.1190	0.0410	0.2399	0.1203	0.3245
000984	K	0.124036	0.421834	0.417930	0.0723	0.1643	0.1200	0.0390	0.2202	0.1437	0.2940
000985	E	0.040772	0.439161	0.432841	0.0677	0.1823	0.1210	0.0340	0.2139	0.1631	0.2689
000986	K	0.043102	0.430142	0.449891	0.0935	0.2541	0.1120	0.0320	0.2305	0.1615	0.2444
000987	C	0.040077	0.437549	0.467242	0.1018	0.2645	0.1060	0.0290	0.2362	0.1674	0.2260
000988	P	0.029638	0.408987	0.485016	0.1380	0.3321	0.1030	0.0220	0.2494	0.1684	0.2164
000989	R	0.021247	0.392687	0.502286	0.1805	0.4051	0.1130	0.0330	0.2692	0.1741	0.2120
000990	C	0.064156	0.363967	0.518352	0.2292	0.3910	0.1200	0.0390	0.2811	0.1586	0.2132
000991	W	0.065726	0.399003	0.532215	0.2385	0.3321	0.1260	0.0390	0.2822	0.1591	0.2324
000992	K	0.066346	0.437767	0.543755	0.1698	0.3356	0.1300	0.0370	0.2806	0.1721	0.2362
000993	Y	0.070825	0.485935	0.553008	0.0744	0.3215	0.1520	0.0500	0.2763	0.1919	0.2421
000994	T	0.080492	0.522504	0.560286	0.0832	0.2328	0.1780	0.0650	0.2762	0.1952	0.2427
000995	A	0.116721	0.562424	0.566003	0.0909	0.2193	0.2290	0.0930	0.2974	0.1951	0.2364
000996	E	0.138234	0.563967	0.574743	0.0297	0.2193	0.2590	0.1210	0.2975	0.2052	0.2282
000997	S	0.165605	0.587670	0.584194	0.0274	0.1823	0.3110	0.1310	0.3096	0.2119	0.2230
000998	S	0.211733	0.603012	0.592878	0.0567	0.2064	0.3520	0.1470	0.3371	0.2032	0.2223
000999	D	0.198150	0.599473	0.596970	0.0405	0.1823	0.3810	0.1510	0.3331	0.2119	0.2238
001000	T	0.228271	0.612047	0.598038	0.0327	0.1852	0.3960	0.1460	0.3421	0.2139	0.2256
001001	L	0.263348	0.592801	0.600009	0.0723	0.2541	0.4550	0.1680	0.3730	0.1929	0.2267
001002	C	0.300734	0.566583	0.601554	0.1041	0.3321	0.4680	0.1600	0.3955	0.1707	0.2114
001003	P	0.341129	0.540646	0.603416	0.1041	0.3249	0.7170	0.1100	0.4386	0.2040	0.2126
001004	R	0.380030	0.508199	0.604532	0.1878	0.3910	0.6960	0.0590	0.4612	0.1653	0.2118
001005	C	0.418616	0.498966	0.603923	0.2385	0.3631	0.7240	0.0620	0.4746	0.1586	0.2139
001006	A	0.427145	0.565706	0.602155	0.3096	0.3740	0.7000	0.0720	0.4965	0.1368	0.2347
001007	E	0.453187	0.581598	0.599076	0.3578	0.3286	0.6600	0.1020	0.4968	0.1251	0.2586
001008	V	0.488367	0.641093	0.598814	0.4078	0.3053	0.6650	0.1070	0.5178	0.1302	0.2702
001009	V	0.558308	0.674041	0.602226	0.4513	0.2817	0.7390	0.1410	0.5511	0.1504	0.2780
001010	S	0.326139	0.685485	0.609723	0.4967	0.2258	0.8430	0.1100	0.5312	0.2097	0.2823
001011	G	0.655033	0.694946	0.617992	0.5473	0.1791	0.8630	0.0590	0.5929	0.2087	0.2895
001012	K	0.648783	0.705088	0.622798	0.6412	0.2503	0.8830	0.0680	0.6252	0.1889	0.2997