RESNUM	RES	VL-XT	VSL2B	VL3	IUPred-S	IUPred-L	PONDRFIT	FITERROR	MDP	MDPERROR	ANCHOR2
000001	M	0.068128	0.898022	0.798113	0.9348	0.3321	0.9770	0.0150	0.5350	0.3687	0.5564
000002	A	0.154959	0.896482	0.798370	0.8857	0.3631	0.9840	0.0070	0.5474	0.3362	0.5512
000003	M	0.496524	0.891436	0.795527	0.8626	0.3910	0.9730	0.0170	0.6025	0.2523	0.5400
000004	N	0.555284	0.887376	0.794686	0.8242	0.4507	0.9710	0.0160	0.6148	0.2266	0.5254
000005	Y	0.395908	0.882758	0.793174	0.7817	0.5055	0.9640	0.0190	0.5883	0.2419	0.5154
000006	N	0.451188	0.873713	0.784109	0.7688	0.3807	0.9600	0.0160	0.5725	0.2503	0.5066
000007	A	0.530426	0.868585	0.777743	0.7573	0.3667	0.9670	0.0170	0.5817	0.2412	0.4964
000008	K	0.560322	0.859375	0.775065	0.6557	0.4119	0.9510	0.0360	0.5730	0.2231	0.4854
000009	D	0.583690	0.856247	0.769316	0.5992	0.4292	0.9430	0.0370	0.5685	0.2174	0.4763
000010	E	0.577587	0.847595	0.759382	0.5802	0.4441	0.9420	0.0330	0.5652	0.2138	0.4664
000011	V	0.585328	0.831772	0.755741	0.5374	0.4652	0.9510	0.0230	0.5618	0.2131	0.4585
000012	D	0.637762	0.832076	0.751022	0.5623	0.4619	0.9260	0.0380	0.5700	0.2019	0.4486
000013	G	0.694577	0.836547	0.747807	0.5846	0.4831	0.8980	0.0560	0.5828	0.1886	0.4412
000014	G	0.760699	0.821276	0.743539	0.5802	0.5211	0.8680	0.0650	0.5919	0.1759	0.4367
000015	P	0.783975	0.801730	0.736418	0.5846	0.5211	0.8480	0.0630	0.5899	0.1710	0.4346
000016	P	0.783268	0.793600	0.726913	0.6442	0.6482	0.8270	0.0660	0.6161	0.1403	0.4334
000017	C	0.802901	0.789395	0.721043	0.6516	0.6712	0.8360	0.0570	0.6251	0.1384	0.4332
000018	A	0.824991	0.789528	0.710517	0.6756	0.7250	0.7690	0.0880	0.6307	0.1287	0.4334
000019	P	0.786758	0.791684	0.695936	0.6984	0.7415	0.7260	0.0830	0.6240	0.1221	0.4310
000020	G	0.754757	0.783160	0.678330	0.6984	0.7289	0.7610	0.0790	0.6211	0.1188	0.4272
000021	G	0.686178	0.774461	0.657335	0.6906	0.6620	0.7190	0.0990	0.5888	0.1165	0.4223
000022	T	0.599660	0.767446	0.635686	0.7275	0.6089	0.6980	0.1040	0.5669	0.1230	0.4166
000023	A	0.556441	0.755271	0.613355	0.6944	0.5854	0.7170	0.1340	0.5514	0.1254	0.4125
000024	K	0.547530	0.739629	0.589755	0.6374	0.5992	0.6910	0.1640	0.5357	0.1176	0.4091
000025	T	0.541058	0.725271	0.566091	0.6374	0.6183	0.7000	0.1730	0.5369	0.1151	0.4070
000026	R	0.513574	0.717140	0.543748	0.6255	0.5951	0.7230	0.1420	0.5291	0.1205	0.4055
000027	R	0.491450	0.710141	0.522179	0.6124	0.4725	0.7600	0.1560	0.5077	0.1398	0.4042
000028	P	0.543839	0.688212	0.501080	0.6789	0.6227	0.7440	0.1850	0.5462	0.1188	0.4021
000029	D	0.607678	0.668874	0.481926	0.6124	0.6183	0.7380	0.2170	0.5408	0.1112	0.4013
000030	N	0.667549	0.647552	0.461762	0.6174	0.4801	0.7200	0.2320	0.5221	0.1229	0.3991
000031	T	0.666865	0.620359	0.442263	0.5762	0.4940	0.6840	0.2490	0.5070	0.1148	0.4030
000032	A	0.620349	0.567895	0.423158	0.5084	0.5211	0.6390	0.2630	0.4761	0.1013	0.4078
000033	F	0.544573	0.513236	0.405508	0.5173	0.4369	0.5950	0.2610	0.4345	0.0929	0.4143
000034	K	0.456334	0.474752	0.391288	0.5711	0.3948	0.5280	0.2430	0.4041	0.0923	0.4157
000035	Q	0.379669	0.414651	0.376145	0.4749	0.4087	0.4800	0.2120	0.3596	0.0751	0.4185
000036	Q	0.296730	0.355903	0.361840	0.3668	0.3740	0.4140	0.1640	0.3012	0.0695	0.4197
000037	R	0.213440	0.318872	0.352876	0.3535	0.3667	0.3460	0.1620	0.2664	0.0785	0.4201
000038	L	0.124282	0.269818	0.342072	0.3005	0.3667	0.2990	0.1510	0.2268	0.0965	0.4202
000039	P	0.039331	0.222016	0.327400	0.2786	0.2884	0.2620	0.1410	0.1818	0.1083	0.4227
000040	A	0.026230	0.200052	0.316895	0.2657	0.2034	0.2250	0.1270	0.1534	0.1043	0.4258
000041	W	0.011808	0.191034	0.308749	0.1732	0.2193	0.2000	0.1050	0.1326	0.1023	0.4337
000042	Q	0.010457	0.177910	0.296583	0.0909	0.1528	0.1620	0.0700	0.0991	0.1000	0.4268
000043	P	0.009489	0.165756	0.288176	0.1266	0.1092	0.1630	0.0840	0.0956	0.0958	0.4213
000044	I	0.009010	0.146577	0.278517	0.0991	0.1115	0.1820	0.1050	0.0914	0.0945	0.4225
000045	L	0.006986	0.115011	0.271206	0.0526	0.0749	0.1980	0.1180	0.0747	0.1005	0.4331
000046	T	0.005842	0.093621	0.267292	0.0268	0.0443	0.2120	0.1390	0.0637	0.1075	0.4205
000047	A	0.003330	0.080609	0.264483	0.0097	0.0405	0.2100	0.1410	0.0574	0.1097	0.4039
000048	G	0.001932	0.065035	0.255868	0.0042	0.0253	0.2030	0.1300	0.0500	0.1089	0.3858
000049	T	0.000543	0.049684	0.251386	0.0083	0.0269	0.2020	0.1220	0.0479	0.1076	0.3658
000050	V	0.000459	0.039738	0.250749	0.0027	0.0146	0.2050	0.1050	0.0438	0.1105	0.3433
000051	L	0.000408	0.033453	0.252811	0.0010	0.0120	0.2000	0.0880	0.0412	0.1112	0.3143
000052	P	0.000375	0.023310	0.257816	0.0009	0.0218	0.1890	0.0680	0.0392	0.1108	0.2883
000053	I	0.000343	0.018287	0.263453	0.0005	0.0141	0.1900	0.0750	0.0372	0.1141	0.2558
000054	F	0.000305	0.014903	0.269845	0.0005	0.0125	0.1860	0.0790	0.0358	0.1162	0.2280
000055	F	0.000290	0.011315	0.276258	0.0004	0.0127	0.1940	0.0910	0.0365	0.1198	0.2153
000056	I	0.000291	0.010129	0.284238	0.0008	0.0188	0.1940	0.0960	0.0374	0.1220	0.2158
000057	I	0.000276	0.010481	0.290015	0.0005	0.0130	0.1970	0.1050	0.0369	0.1249	0.2215
000058	G	0.000261	0.010938	0.294376	0.0006	0.0100	0.2010	0.1140	0.0371	0.1272	0.2318
000059	L	0.000256	0.011304	0.299528	0.0003	0.0084	0.1990	0.1150	0.0365	0.1288	0.2377
000060	I	0.000247	0.013086	0.304699	0.0002	0.0084	0.2050	0.1210	0.0378	0.1313	0.2479
000061	F	0.000243	0.013868	0.309080	0.0002	0.0101	0.2090	0.1190	0.0389	0.1331	0.2667
000062	I	0.000270	0.016307	0.312497	0.0004	0.0148	0.2060	0.1060	0.0396	0.1331	0.3047
000063	P	0.000692	0.022644	0.315783	0.0003	0.0136	0.2150	0.1100	0.0420	0.1351	0.3536
000064	I	0.001124	0.027204	0.316886	0.0006	0.0138	0.2870	0.1540	0.0549	0.1476	0.4101
000065	G	0.011764	0.033652	0.316500	0.0008	0.0231	0.3880	0.2430	0.0763	0.1681	0.3981
000066	I	0.022714	0.039358	0.317160	0.0008	0.0454	0.4690	0.2700	0.0962	0.1862	0.3514
000067	G	0.044033	0.049140	0.319233	0.0026	0.0463	0.4930	0.2860	0.1058	0.1899	0.3167
000068	I	0.080280	0.063457	0.321182	0.0070	0.0799	0.5490	0.2950	0.1299	0.1986	0.2852
000069	F	0.124208	0.077257	0.323397	0.0035	0.0518	0.6180	0.2950	0.1457	0.2193	0.2580
000070	V	0.159696	0.103625	0.328508	0.0097	0.0870	0.6230	0.2950	0.1638	0.2126	0.2216
000071	T	0.202837	0.129857	0.330951	0.0121	0.0799	0.5240	0.2480	0.1581	0.1798	0.1954
000072	S	0.268971	0.163557	0.335502	0.0279	0.1399	0.4410	0.2070	0.1736	0.1469	0.1721
000073	N	0.346623	0.179194	0.337583	0.0327	0.1969	0.3840	0.1750	0.1899	0.1348	0.1605
000074	N	0.415731	0.207895	0.339592	0.0259	0.1823	0.3140	0.1330	0.1909	0.1386	0.1552
000075	I	0.489958	0.239664	0.342494	0.0502	0.2680	0.2840	0.0950	0.2220	0.1427	0.1548
000076	R	0.562362	0.283284	0.349359	0.0478	0.2884	0.2370	0.0730	0.2365	0.1630	0.1589
000077	E	0.616009	0.318115	0.355676	0.1018	0.3529	0.2360	0.0820	0.2707	0.1659	0.1613
000078	I	0.661925	0.351526	0.363730	0.1178	0.3494	0.2530	0.0780	0.2890	0.1746	0.1582
000079	E	0.711919	0.377590	0.368248	0.1958	0.4409	0.2500	0.0700	0.3293	0.1765	0.1559
000080	I	0.745991	0.400417	0.376369	0.2820	0.4256	0.2530	0.0690	0.3512	0.1727	0.1488
000081	D	0.752206	0.438807	0.388419	0.3939	0.4940	0.2360	0.0580	0.3858	0.1689	0.1400
000082	Y	0.753844	0.461575	0.402089	0.2700	0.4801	0.2260	0.0580	0.3653	0.1840	0.1264
000083	T	0.742858	0.500466	0.410857	0.2602	0.3807	0.2120	0.0690	0.3494	0.1868	0.1162
000084	G	0.722427	0.555787	0.420326	0.2558	0.3019	0.2220	0.0950	0.3431	0.1911	0.1001
000085	T	0.696143	0.572663	0.424548	0.1532	0.2884	0.1970	0.0670	0.3180	0.2089	0.0853
000086	E	0.664367	0.567833	0.429386	0.1766	0.3807	0.1920	0.0520	0.3303	0.1928	0.0704
000087	P	0.661001	0.577793	0.429001	0.1805	0.3910	0.2030	0.0460	0.3356	0.1906	0.0554
000088	S	0.615388	0.606437	0.433127	0.1805	0.3117	0.2390	0.0510	0.3254	0.1841	0.0445
000089	S	0.548655	0.607932	0.435455	0.2748	0.3872	0.2690	0.0550	0.3479	0.1464	0.0375
000090	P	0.479214	0.599248	0.438406	0.1878	0.3948	0.2510	0.0500	0.3186	0.1562	0.0320
000091	C	0.402411	0.600399	0.441190	0.2602	0.3631	0.2170	0.0380	0.3072	0.1451	0.0284
000092	N	0.335510	0.585806	0.440285	0.2700	0.2575	0.1800	0.0280	0.2714	0.1528	0.0263
000093	K	0.271069	0.532272	0.435922	0.2209	0.2399	0.1580	0.0230	0.2371	0.1496	0.0260
000094	C	0.203638	0.478705	0.430252	0.1566	0.2399	0.1380	0.0190	0.2028	0.1503	0.0243
000095	L	0.145526	0.420880	0.423436	0.0701	0.1731	0.1060	0.0140	0.1526	0.1606	0.0258
000096	S	0.059037	0.362851	0.414589	0.0701	0.1759	0.0910	0.0240	0.1265	0.1583	0.0286
000097	P	0.019163	0.299400	0.402928	0.0414	0.0929	0.0910	0.0280	0.0907	0.1574	0.0317
000098	D	0.008661	0.233635	0.389542	0.0336	0.0835	0.0900	0.0420	0.0750	0.1475	0.0378
000099	V	0.005362	0.199844	0.375774	0.0179	0.0531	0.0860	0.0400	0.0604	0.1440	0.0443
000100	T	0.002462	0.190733	0.361587	0.0173	0.0605	0.0790	0.0370	0.0583	0.1383	0.0531
000101	P	0.004522	0.169985	0.345981	0.0083	0.0494	0.0730	0.0380	0.0509	0.1327	0.0636
000102	C	0.011748	0.146368	0.331427	0.0245	0.0929	0.0610	0.0310	0.0561	0.1213	0.0754
000103	F	0.017026	0.125481	0.315517	0.0252	0.0473	0.0450	0.0190	0.0433	0.1168	0.0941
000104	C	0.018858	0.101319	0.301459	0.0274	0.0555	0.0380	0.0180	0.0402	0.1102	0.1117
000105	T	0.018905	0.087438	0.285251	0.0316	0.1028	0.0360	0.0200	0.0460	0.1026	0.1460
000106	I	0.018971	0.105994	0.268711	0.0490	0.1611	0.0350	0.0190	0.0616	0.0979	0.1782
000107	N	0.018939	0.121939	0.247143	0.0464	0.1206	0.0380	0.0200	0.0576	0.0876	0.2003
000108	F	0.018881	0.143528	0.225033	0.0405	0.0592	0.0440	0.0190	0.0510	0.0818	0.2330
000109	T	0.018856	0.184249	0.203510	0.0259	0.0433	0.0490	0.0180	0.0536	0.0833	0.2621
000110	L	0.014946	0.218460	0.185851	0.0212	0.0372	0.0620	0.0230	0.0590	0.0870	0.3025
000111	E	0.007533	0.248444	0.166214	0.0160	0.0218	0.0800	0.0320	0.0623	0.0936	0.3450
000112	K	0.002358	0.267998	0.149360	0.0083	0.0194	0.0890	0.0310	0.0645	0.0985	0.3962
000113	S	0.000551	0.268664	0.131456	0.0131	0.0218	0.1050	0.0390	0.0682	0.0960	0.4141
000114	F	0.000541	0.266285	0.118468	0.0252	0.0372	0.1140	0.0440	0.0738	0.0910	0.3578
000115	E	0.000618	0.243960	0.105291	0.0395	0.0749	0.0820	0.0280	0.0735	0.0781	0.3164
000116	G	0.000776	0.225410	0.096673	0.0405	0.0398	0.0670	0.0270	0.0622	0.0737	0.2937
000117	N	0.000935	0.202992	0.088093	0.0607	0.0364	0.0560	0.0280	0.0595	0.0650	0.2618
000118	V	0.000935	0.183169	0.082205	0.0327	0.0380	0.0560	0.0270	0.0518	0.0596	0.2165
000119	F	0.001196	0.147850	0.073354	0.0376	0.0734	0.0610	0.0240	0.0536	0.0461	0.1886
000120	M	0.001108	0.130304	0.070489	0.0441	0.0690	0.0650	0.0260	0.0516	0.0401	0.1713
000121	Y	0.001039	0.115858	0.066268	0.0723	0.1115	0.0800	0.0310	0.0634	0.0394	0.1677
000122	Y	0.000989	0.119418	0.059806	0.0643	0.1007	0.1030	0.0370	0.0647	0.0405	0.1717
000123	G	0.000941	0.135038	0.057936	0.0643	0.0618	0.1140	0.0320	0.0627	0.0441	0.1870
000124	L	0.000818	0.170731	0.062984	0.0660	0.0433	0.1440	0.0390	0.0707	0.0592	0.2013
000125	S	0.000793	0.203589	0.069834	0.0858	0.0780	0.2120	0.0890	0.0967	0.0765	0.2286
000126	N	0.001004	0.225932	0.078874	0.0607	0.0676	0.2890	0.1440	0.1074	0.1025	0.2524
000127	F	0.001424	0.249827	0.092600	0.0643	0.0676	0.3710	0.1790	0.1256	0.1285	0.2716
000128	Y	0.008575	0.287916	0.109318	0.0621	0.0690	0.3920	0.1720	0.1365	0.1386	0.3076
000129	Q	0.031456	0.312221	0.124258	0.0965	0.1028	0.3360	0.1180	0.1466	0.1167	0.3604
000130	N	0.053445	0.351854	0.139674	0.1667	0.1671	0.3020	0.0820	0.1735	0.1033	0.4079
000131	H	0.079241	0.393009	0.157549	0.2041	0.2094	0.2790	0.0870	0.1942	0.1014	0.4260
000132	R	0.103771	0.430924	0.177725	0.2748	0.2129	0.3140	0.0930	0.2228	0.1086	0.4061
000133	R	0.130049	0.477085	0.200379	0.3668	0.3053	0.3640	0.1020	0.2738	0.1191	0.3992
000134	Y	0.181071	0.525123	0.225770	0.3184	0.3019	0.4210	0.1220	0.2912	0.1216	0.3965
000135	V	0.243995	0.561898	0.251893	0.3992	0.3910	0.3940	0.0960	0.3317	0.1148	0.3845
000136	K	0.300739	0.596159	0.278861	0.4037	0.3910	0.4400	0.0790	0.3553	0.1138	0.3737
000137	S	0.345645	0.599186	0.305347	0.4116	0.3774	0.4840	0.0790	0.3696	0.1098	0.3645
000138	R	0.380444	0.655310	0.330744	0.5173	0.4441	0.5090	0.0910	0.4176	0.1186	0.3549
000139	D	0.410229	0.672487	0.355529	0.5900	0.4541	0.5230	0.1180	0.4417	0.1228	0.3517
000140	D	0.463933	0.672584	0.381632	0.5549	0.3631	0.5040	0.1280	0.4264	0.1228	0.3574
000141	S	0.530364	0.689427	0.407107	0.5084	0.3631	0.5060	0.1390	0.4329	0.1238	0.3676
000142	Q	0.601506	0.715158	0.431422	0.4651	0.3948	0.4950	0.1410	0.4452	0.1310	0.3750
000143	L	0.631942	0.732251	0.449264	0.4703	0.3872	0.4800	0.1330	0.4502	0.1401	0.3800
000144	N	0.657733	0.752619	0.464474	0.5008	0.3807	0.4410	0.1070	0.4554	0.1512	0.3770
000145	G	0.697720	0.748402	0.477606	0.5667	0.4831	0.4290	0.0990	0.4874	0.1427	0.3754
000146	D	0.724712	0.747044	0.490343	0.6219	0.4476	0.4410	0.0900	0.4970	0.1503	0.3785
000147	S	0.756048	0.734866	0.501442	0.6293	0.4725	0.4590	0.0960	0.5086	0.1476	0.3809
000148	S	0.790237	0.713152	0.511601	0.5514	0.5017	0.4570	0.1030	0.5022	0.1483	0.3836
000149	A	0.796083	0.704277	0.526120	0.5583	0.4186	0.4490	0.1020	0.4877	0.1606	0.3867
000150	L	0.796063	0.713652	0.540289	0.5802	0.4051	0.4950	0.1070	0.4983	0.1593	0.3917
000151	L	0.788633	0.717209	0.547799	0.5173	0.3948	0.4740	0.0840	0.4819	0.1647	0.3898
000152	N	0.798332	0.733042	0.552398	0.5126	0.4087	0.4950	0.0840	0.4913	0.1652	0.3812
000153	P	0.802786	0.752646	0.554525	0.4879	0.4119	0.5220	0.0960	0.4962	0.1688	0.3733
000154	S	0.797130	0.758949	0.555807	0.5374	0.5017	0.5150	0.1100	0.5184	0.1515	0.3661
000155	K	0.808307	0.753101	0.555026	0.5473	0.4864	0.4720	0.1010	0.5112	0.1593	0.3642
000156	E	0.811561	0.743130	0.555930	0.5583	0.5139	0.4490	0.1150	0.5126	0.1584	0.3616
000157	C	0.815673	0.735995	0.558366	0.5473	0.4330	0.4610	0.1070	0.4988	0.1675	0.3567
000158	E	0.822368	0.728955	0.553549	0.5711	0.4119	0.4560	0.1130	0.4984	0.1711	0.3594
000159	P	0.823534	0.720908	0.547388	0.5084	0.4409	0.4430	0.1300	0.4895	0.1700	0.3619
000160	Y	0.822061	0.708434	0.540230	0.4967	0.3774	0.4460	0.1390	0.4751	0.1779	0.3647
000161	R	0.817952	0.698300	0.534978	0.5623	0.4541	0.4080	0.1380	0.4902	0.1663	0.3622
000162	R	0.810000	0.677984	0.525100	0.5331	0.5098	0.4330	0.1320	0.4939	0.1529	0.3616
000163	N	0.798687	0.660909	0.511680	0.5296	0.4292	0.4270	0.1060	0.4743	0.1575	0.3639
000164	E	0.797510	0.647931	0.494463	0.4703	0.3807	0.3810	0.0900	0.4462	0.1711	0.3692
000165	D	0.737728	0.619184	0.474175	0.3939	0.3948	0.3470	0.0940	0.4154	0.1605	0.3759
000166	K	0.671923	0.591577	0.454810	0.3578	0.3948	0.3000	0.0910	0.3861	0.1510	0.3796
000167	P	0.611670	0.559791	0.435059	0.3456	0.3460	0.2810	0.0840	0.3574	0.1401	0.3836
000168	I	0.565070	0.515595	0.416110	0.4282	0.3426	0.2850	0.0910	0.3561	0.1178	0.3944
000169	A	0.513370	0.458163	0.398435	0.3885	0.3356	0.3090	0.1420	0.3341	0.0960	0.4034
000170	P	0.504518	0.420218	0.381076	0.2820	0.3182	0.2670	0.1320	0.2987	0.1045	0.4090
000171	C	0.445630	0.385748	0.362359	0.3359	0.4051	0.2360	0.1100	0.3013	0.0894	0.4153
000172	G	0.367216	0.356477	0.346047	0.3535	0.3356	0.1780	0.0570	0.2652	0.0872	0.4271
000173	A	0.280427	0.333449	0.330492	0.3578	0.3494	0.1260	0.0330	0.2412	0.0971	0.4223
000174	I	0.248663	0.311820	0.314569	0.2700	0.2752	0.1130	0.0350	0.2032	0.0857	0.4054
000175	A	0.225820	0.297413	0.299686	0.2602	0.1702	0.1010	0.0300	0.1758	0.0870	0.3906
000176	N	0.195484	0.259729	0.286622	0.1698	0.1137	0.1110	0.0370	0.1416	0.0820	0.3694
000177	S	0.152969	0.231238	0.272434	0.1205	0.0780	0.1100	0.0370	0.1155	0.0826	0.3372
000178	M	0.128079	0.220905	0.259779	0.0621	0.0676	0.1100	0.0350	0.0982	0.0861	0.3007
000179	F	0.053694	0.203432	0.247969	0.0567	0.1092	0.1080	0.0330	0.0884	0.0834	0.2764
000180	N	0.034007	0.193064	0.231064	0.0677	0.1298	0.1020	0.0280	0.0878	0.0784	0.2677
000181	D	0.039244	0.191602	0.213502	0.0542	0.1115	0.0920	0.0230	0.0814	0.0743	0.2545
000182	T	0.048431	0.175401	0.200013	0.0965	0.1184	0.0730	0.0190	0.0853	0.0633	0.2427
000183	L	0.055832	0.161613	0.189825	0.0935	0.1323	0.0590	0.0190	0.0836	0.0595	0.2296
000184	E	0.060491	0.144794	0.183997	0.0587	0.1007	0.0430	0.0120	0.0680	0.0594	0.2249
000185	L	0.062716	0.137789	0.178815	0.1088	0.1671	0.0390	0.0080	0.0859	0.0594	0.2151
000186	F	0.067059	0.125851	0.172657	0.0789	0.1298	0.0380	0.0100	0.0733	0.0534	0.2122
000187	L	0.056042	0.124868	0.163927	0.0965	0.1070	0.0380	0.0130	0.0705	0.0499	0.2200
000188	I	0.052127	0.131375	0.152370	0.0554	0.0719	0.0460	0.0170	0.0594	0.0487	0.2414
000189	G	0.045157	0.144483	0.145827	0.0554	0.0870	0.0440	0.0120	0.0627	0.0498	0.2686
000190	N	0.038188	0.144942	0.139283	0.0526	0.1476	0.0670	0.0330	0.0750	0.0520	0.2917
000191	D	0.026493	0.149441	0.135760	0.0542	0.1373	0.1070	0.0650	0.0790	0.0512	0.3052
000192	S	0.018338	0.155663	0.130233	0.0478	0.1323	0.1270	0.0770	0.0802	0.0547	0.3207
000193	Y	0.016427	0.168158	0.129139	0.0464	0.0851	0.1290	0.0730	0.0742	0.0564	0.3344
000194	P	0.021884	0.187006	0.131860	0.0832	0.1092	0.0990	0.0490	0.0835	0.0544	0.3522
000195	I	0.016360	0.201224	0.135023	0.0490	0.0518	0.0850	0.0350	0.0672	0.0659	0.3630
000196	P	0.044613	0.221922	0.138350	0.0701	0.0405	0.0730	0.0220	0.0750	0.0680	0.3750
000197	I	0.073779	0.230369	0.141640	0.0677	0.0765	0.0810	0.0230	0.0883	0.0630	0.3711
000198	A	0.148593	0.221307	0.146108	0.0660	0.1184	0.0810	0.0300	0.1060	0.0564	0.3681
000199	L	0.240285	0.205610	0.151602	0.1088	0.1702	0.0790	0.0350	0.1340	0.0601	0.3628
000200	K	0.269144	0.199049	0.155965	0.1117	0.1823	0.0740	0.0410	0.1394	0.0677	0.3625
000201	K	0.286043	0.188694	0.159443	0.1178	0.1298	0.0610	0.0330	0.1306	0.0746	0.3618
000202	K	0.301818	0.175979	0.159226	0.1150	0.1251	0.0570	0.0270	0.1292	0.0799	0.3580
000203	G	0.312700	0.171452	0.162750	0.0832	0.0704	0.0530	0.0200	0.1151	0.0925	0.3544
000204	I	0.341905	0.154385	0.170034	0.1495	0.1162	0.0570	0.0200	0.1365	0.0917	0.3458
000205	A	0.345364	0.152471	0.178541	0.0884	0.1092	0.0640	0.0210	0.1267	0.0973	0.3411
000206	W	0.358858	0.136140	0.180711	0.1456	0.1823	0.0780	0.0190	0.1501	0.0922	0.3421
000207	W	0.311869	0.140777	0.180093	0.1266	0.1823	0.0880	0.0210	0.1416	0.0766	0.3537
000208	T	0.240845	0.162504	0.178529	0.2080	0.2503	0.1110	0.0380	0.1622	0.0561	0.3824
000209	D	0.213906	0.193725	0.177187	0.2558	0.2783	0.1250	0.0470	0.1777	0.0586	0.4052
000210	K	0.197452	0.224795	0.178425	0.3399	0.3529	0.1580	0.0610	0.2122	0.0822	0.4257
000211	N	0.180003	0.257790	0.185666	0.3491	0.3704	0.2140	0.0800	0.2286	0.0816	0.4282
000212	V	0.220551	0.307631	0.202586	0.3535	0.3019	0.2850	0.0910	0.2448	0.0619	0.4161
000213	K	0.222755	0.390244	0.222826	0.3630	0.3182	0.3550	0.0900	0.2749	0.0762	0.4011
000214	F	0.281689	0.456597	0.242547	0.2963	0.3286	0.3870	0.1070	0.2917	0.0818	0.3873
000215	R	0.331512	0.519614	0.261401	0.3717	0.4051	0.4120	0.1290	0.3399	0.0903	0.3651
000216	N	0.392470	0.566168	0.280901	0.3992	0.3356	0.4200	0.1170	0.3522	0.0996	0.3459
000217	P	0.435856	0.573943	0.298584	0.4749	0.4441	0.4000	0.0870	0.3882	0.0963	0.3350
000218	P	0.522806	0.561548	0.313494	0.4879	0.5620	0.3280	0.0770	0.4104	0.1159	0.3297
000219	G	0.617478	0.551119	0.327894	0.4879	0.5620	0.3170	0.1060	0.4226	0.1280	0.3309
000220	G	0.685906	0.562900	0.346020	0.4879	0.5577	0.3040	0.1160	0.4331	0.1434	0.3306
000221	D	0.717262	0.581328	0.365643	0.4879	0.5577	0.2890	0.1070	0.4389	0.1539	0.3299
000222	N	0.717664	0.616822	0.382209	0.4879	0.5707	0.2710	0.0870	0.4440	0.1615	0.3286
000223	L	0.650867	0.647145	0.391669	0.5331	0.5707	0.2260	0.0850	0.4379	0.1648	0.3275
000224	E	0.568245	0.613172	0.395557	0.5583	0.5901	0.2110	0.0840	0.4234	0.1576	0.3277
000225	E	0.489319	0.596204	0.393526	0.5711	0.5951	0.2130	0.0830	0.4107	0.1527	0.3260
000226	R	0.432098	0.561552	0.392315	0.5762	0.5017	0.2280	0.0800	0.3832	0.1352	0.3345
000227	F	0.343813	0.546663	0.389951	0.5043	0.4831	0.2110	0.0640	0.3482	0.1307	0.3460
000228	K	0.248861	0.493518	0.386475	0.4203	0.4864	0.1470	0.0330	0.2994	0.1417	0.3472
000229	G	0.177999	0.459815	0.380628	0.3939	0.4017	0.1210	0.0280	0.2590	0.1410	0.3500
000230	T	0.086741	0.441524	0.371381	0.4149	0.3117	0.1190	0.0370	0.2289	0.1524	0.3544
000231	T	0.053380	0.394237	0.362143	0.3630	0.2715	0.1400	0.0510	0.2038	0.1402	0.3610
000232	K	0.029029	0.356220	0.356343	0.2913	0.1881	0.1510	0.0670	0.1693	0.1324	0.3727
000233	P	0.019167	0.340746	0.353833	0.2558	0.1852	0.1190	0.0580	0.1533	0.1329	0.3897
000234	V	0.010208	0.290592	0.345657	0.2432	0.2470	0.0960	0.0440	0.1479	0.1291	0.4068
000235	N	0.004359	0.244883	0.332049	0.2531	0.2436	0.0880	0.0340	0.1390	0.1246	0.4222
000236	W	0.004510	0.217751	0.317848	0.2483	0.2541	0.0830	0.0310	0.1346	0.1206	0.4294
000237	L	0.005336	0.230210	0.311085	0.2531	0.2575	0.0730	0.0300	0.1365	0.1216	0.4260
000238	K	0.005226	0.233837	0.307482	0.3399	0.3667	0.0640	0.0190	0.1682	0.1472	0.4302
000239	P	0.004662	0.220415	0.304700	0.3456	0.3807	0.0600	0.0140	0.1686	0.1507	0.4292
000240	V	0.004434	0.227294	0.301969	0.3399	0.3774	0.0660	0.0160	0.1691	0.1480	0.4291
000241	Y	0.004946	0.235390	0.298488	0.3456	0.2680	0.0860	0.0280	0.1567	0.1306	0.4327
000242	M	0.006121	0.271225	0.290536	0.3456	0.1823	0.1000	0.0290	0.1508	0.1268	0.4284
000243	L	0.010181	0.326241	0.273195	0.2558	0.1942	0.1530	0.0490	0.1565	0.1119	0.4173
000244	D	0.014381	0.372638	0.251602	0.1532	0.1852	0.1870	0.0480	0.1521	0.1153	0.3969
000245	S	0.023833	0.408839	0.229480	0.1998	0.2436	0.2620	0.0800	0.1896	0.1193	0.3768
000246	D	0.023238	0.481575	0.208973	0.1998	0.1373	0.3020	0.1020	0.1907	0.1463	0.3588
000247	P	0.023833	0.496475	0.188866	0.2748	0.1476	0.3060	0.1150	0.2082	0.1501	0.3489
000248	D	0.033097	0.496881	0.170022	0.2432	0.1583	0.3210	0.1130	0.2087	0.1481	0.3491
000249	N	0.042171	0.496293	0.154468	0.1667	0.0909	0.3140	0.1210	0.1850	0.1549	0.3588
000250	N	0.052868	0.454337	0.139204	0.1018	0.0592	0.2670	0.1030	0.1559	0.1441	0.3707
000251	G	0.061052	0.367596	0.119555	0.0701	0.0851	0.2020	0.0590	0.1309	0.1094	0.3857
000252	F	0.062517	0.293179	0.098597	0.0884	0.1449	0.1550	0.0510	0.1240	0.0771	0.4033
000253	I	0.061467	0.227858	0.080197	0.1018	0.1528	0.1300	0.0500	0.1124	0.0563	0.4108
000254	N	0.054053	0.156046	0.069331	0.1495	0.1914	0.1040	0.0530	0.1091	0.0504	0.4182
000255	E	0.053993	0.110774	0.063772	0.1240	0.1184	0.0790	0.0420	0.0811	0.0293	0.4333
000256	D	0.055133	0.089944	0.061237	0.1060	0.1373	0.0620	0.0300	0.0750	0.0312	0.4145
000257	F	0.046380	0.069182	0.058340	0.0621	0.1349	0.0530	0.0240	0.0609	0.0312	0.3966
000258	I	0.037676	0.052106	0.057820	0.0660	0.0605	0.0520	0.0210	0.0447	0.0131	0.3972
000259	V	0.026414	0.043329	0.056131	0.0660	0.0592	0.0660	0.0270	0.0436	0.0170	0.4043
000260	W	0.026481	0.042488	0.054832	0.0376	0.0543	0.1080	0.0580	0.0448	0.0276	0.4247
000261	M	0.027361	0.044521	0.055397	0.0350	0.0287	0.1370	0.0740	0.0454	0.0391	0.4180
000262	R	0.024646	0.053402	0.056109	0.0350	0.0171	0.1570	0.0850	0.0478	0.0476	0.3908
000263	T	0.022601	0.061223	0.055841	0.0376	0.0320	0.1580	0.0770	0.0519	0.0462	0.3680
000264	A	0.065753	0.068031	0.053542	0.0363	0.0320	0.1370	0.0710	0.0565	0.0357	0.3533
000265	A	0.164638	0.088073	0.052167	0.0350	0.0181	0.1210	0.0650	0.0711	0.0516	0.3425
000266	L	0.267470	0.116136	0.054800	0.0179	0.0184	0.1170	0.0660	0.0896	0.0862	0.3276
000267	P	0.374054	0.129686	0.059242	0.0087	0.0178	0.0920	0.0510	0.1036	0.1240	0.3051
000268	T	0.480294	0.141514	0.058864	0.0194	0.0327	0.0930	0.0560	0.1279	0.1587	0.2864
000269	F	0.520121	0.155694	0.056915	0.0363	0.0543	0.0990	0.0520	0.1443	0.1687	0.2761
000270	R	0.570618	0.151593	0.056476	0.0542	0.0817	0.0970	0.0460	0.1592	0.1829	0.2641
000271	K	0.626805	0.144250	0.056676	0.1060	0.0909	0.0930	0.0390	0.1767	0.1990	0.2555
000272	L	0.676898	0.158642	0.057083	0.1322	0.1162	0.1120	0.0580	0.1993	0.2118	0.2518
000273	Y	0.698739	0.168225	0.058464	0.0832	0.1298	0.1020	0.0490	0.1970	0.2229	0.2449
000274	R	0.655748	0.190329	0.063895	0.0771	0.1275	0.1210	0.0510	0.1953	0.2055	0.2362
000275	L	0.611730	0.261270	0.072030	0.1060	0.0948	0.1890	0.0570	0.2104	0.1860	0.2270
000276	I	0.614634	0.330994	0.076056	0.1266	0.1298	0.2740	0.0730	0.2459	0.1828	0.2153
000277	E	0.593867	0.375216	0.077267	0.1266	0.1731	0.2950	0.0840	0.2606	0.1754	0.2066
000278	R	0.588000	0.448449	0.078261	0.1240	0.1528	0.3360	0.1090	0.2749	0.1863	0.1989
000279	K	0.573582	0.503335	0.081844	0.0991	0.1501	0.3470	0.1110	0.2789	0.1956	0.1880
000280	S	0.569574	0.494213	0.081883	0.1635	0.1671	0.3540	0.1150	0.2914	0.1817	0.1793
000281	D	0.571125	0.496634	0.082603	0.1732	0.1611	0.3440	0.1220	0.2909	0.1815	0.1694
000282	L	0.570583	0.508522	0.081292	0.1117	0.1007	0.3450	0.1290	0.2727	0.2007	0.1617
000283	H	0.573995	0.502142	0.080250	0.1732	0.1731	0.3440	0.1320	0.2944	0.1821	0.1474
000284	P	0.569326	0.475697	0.078591	0.1698	0.2002	0.3140	0.1060	0.2882	0.1735	0.1365
000285	T	0.465586	0.492883	0.076165	0.1766	0.2002	0.2960	0.0780	0.2718	0.1525	0.1259
000286	L	0.468238	0.465060	0.073122	0.1921	0.1942	0.2830	0.0710	0.2670	0.1463	0.1166
000287	P	0.477049	0.442139	0.070334	0.2820	0.2918	0.2470	0.0580	0.2900	0.1343	0.1050
000288	A	0.479755	0.398814	0.068767	0.1921	0.1881	0.2520	0.0640	0.2518	0.1383	0.0942
000289	G	0.439876	0.362473	0.065114	0.1958	0.2064	0.2240	0.0750	0.2381	0.1219	0.0843
000290	R	0.387610	0.307428	0.061494	0.1266	0.1528	0.1960	0.0660	0.1951	0.1111	0.0761
000291	Y	0.322859	0.270683	0.058237	0.1456	0.1528	0.1710	0.0590	0.1771	0.0873	0.0666
000292	S	0.261859	0.248165	0.054949	0.1018	0.0888	0.1340	0.0370	0.1392	0.0796	0.0615
000293	L	0.207456	0.222134	0.052292	0.1602	0.0765	0.1070	0.0280	0.1288	0.0645	0.0562
000294	N	0.201360	0.211125	0.048227	0.1060	0.0817	0.0880	0.0190	0.1146	0.0621	0.0527
000295	V	0.113247	0.196336	0.046531	0.0490	0.0704	0.0810	0.0240	0.0849	0.0520	0.0496
000296	T	0.061395	0.182617	0.043619	0.0502	0.0704	0.0730	0.0250	0.0729	0.0475	0.0468
000297	Y	0.015299	0.170174	0.038527	0.0789	0.1184	0.0680	0.0180	0.0752	0.0515	0.0445
000298	N	0.001652	0.154347	0.032184	0.0701	0.1070	0.0750	0.0170	0.0680	0.0495	0.0455
000299	Y	0.001620	0.141672	0.029769	0.0884	0.0967	0.0860	0.0220	0.0691	0.0462	0.0470
000300	P	0.001776	0.144011	0.030282	0.0909	0.0568	0.0870	0.0240	0.0634	0.0461	0.0497
000301	V	0.001835	0.151064	0.030195	0.0607	0.0327	0.0950	0.0360	0.0569	0.0495	0.0508
000302	H	0.001747	0.155271	0.029486	0.0567	0.0581	0.0930	0.0330	0.0607	0.0490	0.0532
000303	Y	0.001692	0.169690	0.027336	0.0316	0.0618	0.1040	0.0320	0.0614	0.0565	0.0537
000304	F	0.001375	0.193621	0.025297	0.0554	0.0605	0.1280	0.0430	0.0732	0.0651	0.0554
000305	D	0.001095	0.231585	0.020365	0.0526	0.0555	0.1190	0.0280	0.0767	0.0772	0.0569
000306	G	0.001543	0.240150	0.012889	0.0414	0.0405	0.1100	0.0210	0.0723	0.0818	0.0583
000307	R	0.003039	0.271950	0.010181	0.0405	0.0287	0.0950	0.0190	0.0732	0.0930	0.0599
000308	K	0.004816	0.260349	0.009658	0.0336	0.0518	0.0940	0.0150	0.0741	0.0877	0.0596
000309	R	0.008468	0.233719	0.009654	0.0226	0.0463	0.0910	0.0170	0.0670	0.0790	0.0561
000310	M	0.010409	0.205775	0.007638	0.0395	0.0835	0.0980	0.0190	0.0729	0.0679	0.0507
000311	I	0.017520	0.199381	0.009942	0.0308	0.0799	0.1050	0.0310	0.0720	0.0657	0.0469
000312	L	0.031906	0.171779	0.012094	0.0478	0.1298	0.1010	0.0310	0.0804	0.0567	0.0460
000313	S	0.041685	0.181977	0.016723	0.0490	0.0676	0.0990	0.0270	0.0732	0.0537	0.0459
000314	T	0.043960	0.195483	0.020896	0.0991	0.0690	0.0980	0.0200	0.0843	0.0558	0.0454
000315	I	0.043863	0.187077	0.025519	0.0832	0.1323	0.1000	0.0210	0.0911	0.0541	0.0432
000316	S	0.042426	0.175438	0.029400	0.0387	0.0734	0.0960	0.0220	0.0709	0.0502	0.0422
000317	W	0.040698	0.194900	0.031175	0.0387	0.0605	0.1010	0.0290	0.0727	0.0575	0.0395
000318	M	0.037051	0.222567	0.032154	0.0157	0.0320	0.1010	0.0350	0.0681	0.0722	0.0360
000319	G	0.035644	0.231124	0.032332	0.0109	0.0188	0.0970	0.0360	0.0655	0.0770	0.0341
000320	G	0.028928	0.240869	0.033846	0.0055	0.0153	0.0840	0.0290	0.0624	0.0813	0.0319
000321	K	0.014831	0.243613	0.035123	0.0035	0.0138	0.0750	0.0260	0.0584	0.0837	0.0305
000322	N	0.006174	0.202217	0.036611	0.0055	0.0218	0.0660	0.0210	0.0502	0.0686	0.0272
000323	P	0.003798	0.156120	0.037453	0.0055	0.0341	0.0580	0.0190	0.0429	0.0518	0.0234
000324	F	0.003479	0.123337	0.038652	0.0055	0.0198	0.0540	0.0170	0.0343	0.0415	0.0200
000325	L	0.003341	0.098584	0.040896	0.0055	0.0188	0.0480	0.0140	0.0290	0.0333	0.0168
000326	G	0.003215	0.075222	0.043625	0.0053	0.0160	0.0440	0.0110	0.0240	0.0266	0.0148
000327	I	0.003023	0.069119	0.046217	0.0053	0.0105	0.0430	0.0110	0.0218	0.0259	0.0131
000328	A	0.002416	0.060803	0.049152	0.0053	0.0115	0.0420	0.0110	0.0204	0.0244	0.0121
000329	Y	0.001790	0.051526	0.052122	0.0035	0.0143	0.0520	0.0160	0.0206	0.0247	0.0112
000330	I	0.001507	0.046534	0.055896	0.0010	0.0105	0.0550	0.0190	0.0190	0.0261	0.0103
000331	A	0.000362	0.054318	0.057836	0.0010	0.0084	0.0460	0.0160	0.0184	0.0269	0.0102
000332	V	0.000429	0.054979	0.060754	0.0007	0.0062	0.0390	0.0090	0.0169	0.0274	0.0097
000333	G	0.000421	0.057862	0.062413	0.0005	0.0046	0.0360	0.0090	0.0166	0.0284	0.0095
000334	S	0.000434	0.060139	0.063049	0.0002	0.0036	0.0370	0.0110	0.0168	0.0292	0.0092
000335	I	0.000424	0.058597	0.064289	0.0003	0.0038	0.0380	0.0130	0.0169	0.0293	0.0089
000336	S	0.000429	0.051018	0.064073	0.0003	0.0050	0.0390	0.0150	0.0160	0.0280	0.0089
000337	F	0.000444	0.044675	0.063343	0.0002	0.0050	0.0410	0.0170	0.0152	0.0271	0.0087
000338	L	0.000475	0.039525	0.062672	0.0003	0.0066	0.0410	0.0160	0.0146	0.0261	0.0087
000339	L	0.000583	0.036535	0.062195	0.0004	0.0055	0.0470	0.0210	0.0150	0.0265	0.0089
000340	G	0.000658	0.032804	0.061180	0.0006	0.0073	0.0730	0.0420	0.0191	0.0308	0.0090
000341	V	0.000689	0.029906	0.058812	0.0006	0.0107	0.1060	0.0620	0.0247	0.0391	0.0094
000342	V	0.000790	0.028854	0.055524	0.0008	0.0123	0.1750	0.0900	0.0363	0.0616	0.0100
000343	L	0.000854	0.030952	0.052965	0.0013	0.0171	0.2860	0.1280	0.0560	0.1007	0.0104
000344	L	0.008637	0.041690	0.049690	0.0015	0.0188	0.3860	0.1530	0.0761	0.1363	0.0115
000345	V	0.019087	0.074427	0.046131	0.0015	0.0198	0.3530	0.1500	0.0780	0.1221	0.0132
000346	I	0.037348	0.118481	0.042414	0.0055	0.0269	0.3770	0.1660	0.0943	0.1285	0.0154
000347	N	0.079664	0.186039	0.040365	0.0053	0.0281	0.4470	0.2040	0.1244	0.1530	0.0181
000348	H	0.181477	0.260337	0.039660	0.0079	0.0313	0.5260	0.2330	0.1678	0.1815	0.0217
000349	K	0.287812	0.352711	0.039928	0.0160	0.0581	0.6730	0.2350	0.2313	0.2331	0.0240
000350	Y	0.384970	0.429767	0.040215	0.0137	0.0555	0.8260	0.1550	0.2850	0.2915	0.0256
000351	R	0.479004	0.516225	0.040920	0.0137	0.0543	0.9200	0.0890	0.3305	0.3327	0.0270
000352	N	0.557760	0.581478	0.042752	0.0099	0.0676	0.7830	0.1290	0.3333	0.3092	0.0264
000353	S	0.619742	0.651009	0.043975	0.0268	0.0851	0.8140	0.0930	0.3662	0.3277	0.0253
000354	S	0.663193	0.698483	0.045985	0.0677	0.1251	0.8250	0.1220	0.3965	0.3292	0.0234
000355	N	0.678890	0.748843	0.047770	0.1635	0.1852	0.8380	0.0950	0.4357	0.3179	0.0208
000356	T	0.652673	0.794217	0.049450	0.2820	0.2328	0.8560	0.0950	0.4696	0.3044	0.0175
000357	A	0.558155	0.845212	0.049806	0.4513	0.3321	0.8680	0.0840	0.5091	0.2857	0.0161
000358	D	0.485399	0.880129	0.050320	0.5008	0.2849	0.9130	0.0660	0.5107	0.3060	0.0146
000359	I	0.306243	0.911164	0.049312	0.5473	0.2645	0.9210	0.0520	0.4918	0.3280	0.0126
000360	T	0.145495	0.928127	0.047552	0.5941	0.2224	0.9180	0.0580	0.4681	0.3586	0.0117
000361	I	0.066737	0.932863	0.045513	0.7317	0.3631	0.8920	0.0780	0.4977	0.3669	0.0106