RESNUM	RES	VL-XT	VSL2B	VL3	IUPred-S	IUPred-L	PONDRFIT	FITERROR	MDP	MDPERROR	ANCHOR2
000001	M	0.645344	0.823195	0.149519	0.4651	0.0494	0.9710	0.0160	0.4923	0.3358	0.0180
000002	P	0.461166	0.762304	0.152667	0.3717	0.0306	0.9110	0.0100	0.4228	0.3121	0.0182
000003	A	0.149647	0.727038	0.155492	0.3184	0.0244	0.8870	0.0610	0.3511	0.3202	0.0194
000004	F	0.434265	0.620753	0.155618	0.1732	0.0184	0.7830	0.1100	0.3383	0.2739	0.0212
000005	N	0.347489	0.481941	0.157153	0.0858	0.0141	0.7220	0.1220	0.2752	0.2468	0.0234
000006	R	0.300240	0.357182	0.159134	0.0363	0.0111	0.7580	0.1010	0.2438	0.2532	0.0264
000007	L	0.257744	0.252917	0.159538	0.0141	0.0092	0.6570	0.0420	0.1985	0.2191	0.0298
000008	F	0.243426	0.148348	0.158714	0.0055	0.0087	0.6220	0.0600	0.1713	0.2092	0.0359
000009	P	0.195659	0.081057	0.156994	0.0015	0.0102	0.4940	0.1110	0.1304	0.1687	0.0434
000010	L	0.156349	0.052248	0.157633	0.0007	0.0097	0.3550	0.1170	0.0957	0.1245	0.0545
000011	A	0.113563	0.038938	0.160719	0.0005	0.0083	0.5680	0.1910	0.1216	0.1981	0.0676
000012	S	0.071465	0.027574	0.164139	0.0005	0.0065	0.3420	0.1220	0.0746	0.1236	0.0792
000013	L	0.047513	0.021064	0.168448	0.0003	0.0066	0.2110	0.0900	0.0477	0.0874	0.0915
000014	V	0.036888	0.018536	0.173338	0.0002	0.0059	0.1890	0.0770	0.0418	0.0843	0.1014
000015	L	0.012437	0.015576	0.176870	0.0005	0.0061	0.1370	0.0720	0.0286	0.0769	0.1090
000016	I	0.003696	0.012008	0.179011	0.0003	0.0049	0.1440	0.0680	0.0276	0.0803	0.1059
000017	Y	0.001397	0.011187	0.186113	0.0002	0.0052	0.1500	0.0660	0.0281	0.0839	0.1001
000018	W	0.000959	0.010893	0.193863	0.0002	0.0055	0.1450	0.0550	0.0271	0.0855	0.0952
000019	V	0.000117	0.011463	0.202593	0.0004	0.0082	0.1380	0.0540	0.0264	0.0871	0.0792
000020	S	0.001623	0.012496	0.212467	0.0003	0.0074	0.1360	0.0520	0.0264	0.0900	0.0652
000021	V	0.003938	0.014764	0.222100	0.0005	0.0104	0.1600	0.0760	0.0317	0.0960	0.0518
000022	C	0.006939	0.021927	0.231998	0.0007	0.0120	0.2050	0.1120	0.0411	0.1059	0.0411
000023	F	0.012704	0.033091	0.245863	0.0007	0.0133	0.3260	0.1790	0.0644	0.1366	0.0364
000024	P	0.032954	0.051816	0.265775	0.0013	0.0174	0.2660	0.1330	0.0617	0.1225	0.0330
000025	V	0.108760	0.087437	0.285567	0.0037	0.0174	0.2090	0.1010	0.0711	0.1112	0.0309
000026	C	0.192321	0.121927	0.306205	0.0061	0.0269	0.1620	0.0740	0.0849	0.1136	0.0296
000027	V	0.273764	0.156483	0.320984	0.0067	0.0443	0.1730	0.0640	0.1090	0.1245	0.0322
000028	E	0.345661	0.217967	0.331852	0.0109	0.0799	0.2170	0.1080	0.1453	0.1340	0.0356
000029	V	0.423239	0.299762	0.341721	0.0194	0.1528	0.2950	0.1660	0.1983	0.1442	0.0386
000030	P	0.512230	0.360183	0.348076	0.0350	0.1791	0.3440	0.1790	0.2384	0.1622	0.0442
000031	S	0.590400	0.417443	0.357318	0.0387	0.1759	0.4190	0.1780	0.2735	0.1888	0.0513
000032	E	0.664606	0.517899	0.370396	0.0502	0.1643	0.4840	0.1520	0.3135	0.2195	0.0590
000033	T	0.733684	0.587437	0.384109	0.0909	0.2470	0.5540	0.1590	0.3689	0.2264	0.0669
000034	E	0.742266	0.590744	0.393369	0.1205	0.2645	0.5530	0.1550	0.3785	0.2189	0.0690
000035	A	0.711904	0.596829	0.406438	0.1041	0.1671	0.5370	0.1440	0.3528	0.2315	0.0674
000036	V	0.659563	0.571747	0.415490	0.0771	0.2193	0.4690	0.1200	0.3328	0.2112	0.0660
000037	Q	0.644016	0.506687	0.420426	0.1240	0.2258	0.3780	0.1150	0.3130	0.1853	0.0649
000038	G	0.652131	0.444656	0.422206	0.1921	0.2575	0.3380	0.1250	0.3141	0.1642	0.0598
000039	N	0.648032	0.388690	0.424042	0.1088	0.2328	0.3090	0.1300	0.2813	0.1823	0.0563
000040	P	0.652478	0.317999	0.424392	0.1416	0.2918	0.2820	0.1180	0.2811	0.1729	0.0538
000041	M	0.658124	0.262755	0.424782	0.1178	0.2849	0.2510	0.1010	0.2624	0.1846	0.0522
000042	K	0.654411	0.238698	0.422486	0.1060	0.3053	0.2070	0.0770	0.2518	0.1904	0.0490
000043	L	0.657232	0.200064	0.419309	0.1088	0.2258	0.2000	0.0840	0.2319	0.1972	0.0471
000044	R	0.690779	0.188481	0.414597	0.1178	0.2328	0.1990	0.0840	0.2382	0.2059	0.0455
000045	C	0.745873	0.179025	0.409575	0.0771	0.1942	0.2070	0.0790	0.2339	0.2320	0.0463
000046	I	0.771778	0.185972	0.404615	0.1018	0.2292	0.2020	0.0600	0.2485	0.2331	0.0520
000047	S	0.772268	0.198479	0.400813	0.1292	0.3019	0.1980	0.0710	0.2666	0.2248	0.0565
000048	C	0.758437	0.231948	0.396546	0.1380	0.2364	0.2060	0.0760	0.2618	0.2178	0.0612
000049	M	0.718245	0.286180	0.390596	0.1380	0.1791	0.2040	0.0710	0.2543	0.2068	0.0721
000050	K	0.655510	0.329439	0.387142	0.1041	0.1823	0.2210	0.0820	0.2488	0.1903	0.0827
000051	R	0.592776	0.377338	0.381065	0.0660	0.0967	0.2480	0.0930	0.2302	0.1919	0.0958
000052	E	0.556882	0.425407	0.378051	0.0909	0.0631	0.2500	0.0990	0.2311	0.1887	0.1183
000053	E	0.536732	0.418411	0.371935	0.0554	0.0380	0.2570	0.1020	0.2176	0.1941	0.1533
000054	V	0.517054	0.384149	0.363005	0.0542	0.0618	0.2410	0.1090	0.2097	0.1805	0.1997
000055	E	0.510988	0.347559	0.349064	0.0376	0.0734	0.1950	0.0940	0.1941	0.1766	0.2528
000056	A	0.471471	0.295584	0.335004	0.0771	0.1349	0.1670	0.0990	0.1911	0.1455	0.3120
000057	T	0.470145	0.229369	0.317329	0.1266	0.2064	0.1400	0.0770	0.1954	0.1288	0.3622
000058	T	0.441779	0.195549	0.303995	0.1266	0.2094	0.1020	0.0450	0.1791	0.1255	0.4131
000059	V	0.428427	0.166203	0.289798	0.2122	0.2918	0.0740	0.0240	0.1955	0.1212	0.4061
000060	V	0.408335	0.155489	0.276368	0.2483	0.3356	0.0580	0.0140	0.2009	0.1236	0.3797
000061	E	0.357352	0.145157	0.264378	0.2531	0.2328	0.0510	0.0140	0.1733	0.1063	0.3551
000062	W	0.291082	0.140855	0.250486	0.2820	0.1643	0.0510	0.0150	0.1549	0.0957	0.3238
000063	F	0.226666	0.146703	0.233258	0.2041	0.0948	0.0540	0.0140	0.1210	0.0780	0.3115
000064	Y	0.150556	0.155222	0.217054	0.1532	0.0483	0.0570	0.0150	0.0941	0.0695	0.3124
000065	R	0.102477	0.171765	0.205183	0.1566	0.0799	0.0630	0.0180	0.0957	0.0617	0.3189
000066	P	0.030550	0.194546	0.193279	0.1041	0.0405	0.0710	0.0230	0.0734	0.0741	0.3201
000067	E	0.013606	0.202355	0.183144	0.1322	0.0454	0.0930	0.0240	0.0812	0.0749	0.3173
000068	G	0.004155	0.219805	0.179489	0.0832	0.0454	0.1050	0.0310	0.0763	0.0799	0.3137
000069	G	0.002088	0.237812	0.184492	0.0744	0.0433	0.0960	0.0280	0.0756	0.0866	0.3130
000070	K	0.005170	0.247672	0.188928	0.1088	0.0592	0.0800	0.0190	0.0836	0.0870	0.3139
000071	D	0.050694	0.238784	0.192785	0.1566	0.0870	0.0790	0.0250	0.1020	0.0745	0.3063
000072	F	0.068543	0.228793	0.191924	0.1416	0.0888	0.0770	0.0330	0.1008	0.0684	0.3046
000073	L	0.086431	0.211364	0.188738	0.2292	0.1028	0.0770	0.0390	0.1178	0.0696	0.3265
000074	I	0.091429	0.199337	0.185469	0.3096	0.1942	0.0820	0.0350	0.1461	0.0822	0.3525
000075	Y	0.096256	0.191581	0.181820	0.3225	0.2715	0.0890	0.0250	0.1617	0.0902	0.3845
000076	E	0.101095	0.202575	0.177509	0.3491	0.2988	0.1170	0.0410	0.1781	0.0949	0.4255
000077	Y	0.119430	0.229862	0.173036	0.3225	0.1643	0.1610	0.0600	0.1662	0.0716	0.3993
000078	R	0.140103	0.285288	0.169059	0.3535	0.1528	0.1970	0.0750	0.1881	0.0825	0.3547
000079	N	0.196826	0.321642	0.165882	0.2657	0.1501	0.2520	0.0920	0.1977	0.0661	0.3124
000080	G	0.166188	0.404119	0.166635	0.2748	0.1449	0.2960	0.1050	0.2144	0.0964	0.2791
000081	H	0.167526	0.492927	0.169321	0.2913	0.0929	0.3700	0.1430	0.2358	0.1395	0.2462
000082	Q	0.192515	0.565516	0.168229	0.2657	0.0870	0.4370	0.1740	0.2579	0.1674	0.2205
000083	E	0.204194	0.611430	0.164183	0.2602	0.0929	0.4200	0.1860	0.2647	0.1768	0.2036
000084	V	0.212121	0.662876	0.161958	0.3311	0.1554	0.3850	0.1780	0.2911	0.1779	0.2023
000085	E	0.237968	0.625769	0.156007	0.2786	0.2328	0.3220	0.1450	0.2829	0.1526	0.2014
000086	S	0.242269	0.576708	0.148738	0.3578	0.3182	0.3040	0.1390	0.2998	0.1333	0.2090
000087	P	0.242833	0.521121	0.142963	0.3456	0.2951	0.2850	0.1170	0.2817	0.1172	0.2208
000088	F	0.229479	0.473330	0.139412	0.4245	0.4017	0.2510	0.1000	0.2966	0.1224	0.2284
000089	Q	0.254572	0.403379	0.135135	0.4379	0.3215	0.2220	0.0850	0.2733	0.1067	0.2297
000090	G	0.242263	0.379626	0.137532	0.4458	0.3149	0.1990	0.0590	0.2636	0.1078	0.2357
000091	R	0.205422	0.362021	0.135674	0.3717	0.3249	0.2180	0.0680	0.2470	0.0911	0.2370
000092	L	0.189176	0.353467	0.135406	0.3939	0.2715	0.1960	0.0390	0.2340	0.0952	0.2471
000093	Q	0.176616	0.351936	0.132488	0.3885	0.2645	0.1870	0.0430	0.2281	0.0965	0.2477
000094	W	0.145957	0.372101	0.132195	0.3225	0.1671	0.2070	0.0460	0.2025	0.0936	0.2482
000095	N	0.124202	0.386247	0.128184	0.3885	0.2399	0.1990	0.0400	0.2230	0.1108	0.2421
000096	G	0.102830	0.419999	0.123255	0.3005	0.1643	0.2030	0.0370	0.1985	0.1122	0.2407
000097	S	0.056542	0.435468	0.116024	0.3005	0.1092	0.1860	0.0400	0.1812	0.1316	0.2401
000098	K	0.016520	0.447652	0.111045	0.2080	0.1028	0.1500	0.0430	0.1542	0.1369	0.2456
000099	D	0.010113	0.407223	0.102590	0.2167	0.1373	0.1330	0.0400	0.1507	0.1243	0.2561
000100	L	0.004172	0.384136	0.090972	0.2080	0.1424	0.1110	0.0390	0.1416	0.1195	0.2725
000101	Q	0.022856	0.345692	0.081244	0.1495	0.0888	0.1030	0.0370	0.1184	0.1035	0.2828
000102	D	0.045682	0.303073	0.074394	0.1566	0.0985	0.1000	0.0350	0.1173	0.0853	0.2998
000103	V	0.055524	0.250301	0.070233	0.1495	0.1702	0.0890	0.0280	0.1191	0.0684	0.3112
000104	S	0.057388	0.221572	0.068513	0.1416	0.1643	0.0770	0.0260	0.1104	0.0604	0.3267
000105	I	0.063148	0.169242	0.066069	0.2333	0.2609	0.0670	0.0130	0.1322	0.0833	0.3402
000106	T	0.063171	0.155092	0.065022	0.2255	0.1791	0.0610	0.0130	0.1139	0.0660	0.3532
000107	V	0.064205	0.147846	0.065472	0.2292	0.1184	0.0660	0.0150	0.1043	0.0609	0.3723
000108	L	0.064218	0.153919	0.066415	0.1566	0.1275	0.0710	0.0170	0.0955	0.0421	0.3953
000109	N	0.066484	0.164325	0.067307	0.1088	0.0817	0.0690	0.0180	0.0816	0.0369	0.4069
000110	V	0.049963	0.178651	0.066188	0.0991	0.0799	0.0730	0.0200	0.0801	0.0433	0.4227
000111	T	0.038603	0.190405	0.061068	0.1018	0.0929	0.0780	0.0220	0.0836	0.0490	0.4334
000112	L	0.033105	0.196751	0.052626	0.1018	0.0888	0.0900	0.0290	0.0850	0.0525	0.4189
000113	N	0.057243	0.211291	0.051115	0.0587	0.0799	0.0910	0.0330	0.0829	0.0560	0.4146
000114	D	0.061303	0.228437	0.049203	0.0858	0.1323	0.0920	0.0270	0.0999	0.0604	0.4104
000115	S	0.095576	0.233146	0.048010	0.0813	0.0734	0.0740	0.0140	0.0929	0.0613	0.4056
000116	G	0.129439	0.232863	0.052538	0.1380	0.1373	0.0630	0.0160	0.1168	0.0599	0.3983
000117	L	0.160021	0.216764	0.057416	0.0789	0.0704	0.0620	0.0200	0.0980	0.0606	0.3890
000118	Y	0.179023	0.210195	0.060105	0.1178	0.1162	0.0720	0.0250	0.1159	0.0546	0.3936
000119	T	0.208309	0.190729	0.063685	0.1060	0.1554	0.0980	0.0420	0.1265	0.0529	0.4115
000120	C	0.211036	0.191132	0.069921	0.1117	0.1449	0.1280	0.0590	0.1311	0.0488	0.4282
000121	N	0.222699	0.188289	0.071936	0.1349	0.1942	0.1290	0.0570	0.1449	0.0517	0.4087
000122	V	0.206997	0.210378	0.078027	0.1292	0.2094	0.1470	0.0660	0.1504	0.0516	0.3779
000123	S	0.207118	0.247944	0.085620	0.1844	0.1914	0.1450	0.0610	0.1626	0.0529	0.3466
000124	R	0.185631	0.298350	0.102931	0.2041	0.1323	0.1460	0.0600	0.1610	0.0655	0.3181
000125	E	0.171004	0.306299	0.113631	0.1292	0.1184	0.1500	0.0630	0.1459	0.0689	0.2924
000126	F	0.158874	0.346865	0.126625	0.0965	0.1275	0.1420	0.0600	0.1454	0.0855	0.2624
000127	E	0.158863	0.378178	0.142237	0.0832	0.1323	0.1250	0.0490	0.1463	0.0988	0.2315
000128	F	0.150596	0.384624	0.154907	0.1349	0.1881	0.1170	0.0390	0.1625	0.0940	0.2032
000129	E	0.159082	0.364340	0.164607	0.1998	0.1914	0.1060	0.0370	0.1700	0.0850	0.1802
000130	A	0.164420	0.371754	0.175104	0.1878	0.1206	0.1150	0.0390	0.1599	0.0908	0.1604
000131	H	0.174016	0.347209	0.182313	0.1766	0.2094	0.1270	0.0480	0.1724	0.0754	0.1405
000132	R	0.177284	0.309747	0.188890	0.1088	0.1349	0.1400	0.0600	0.1452	0.0724	0.1274
000133	P	0.203114	0.281404	0.194112	0.1844	0.1791	0.1340	0.0550	0.1636	0.0547	0.1159
000134	F	0.221689	0.266892	0.199304	0.1150	0.1298	0.1360	0.0450	0.1449	0.0644	0.1024
000135	V	0.274532	0.250869	0.204014	0.1088	0.1424	0.1420	0.0500	0.1532	0.0696	0.0898
000136	K	0.294462	0.243686	0.210194	0.0587	0.1424	0.1470	0.0580	0.1478	0.0842	0.0784
000137	T	0.343649	0.240611	0.216658	0.1117	0.2470	0.1570	0.0630	0.1834	0.0816	0.0717
000138	T	0.391785	0.226718	0.223447	0.1150	0.2064	0.1520	0.0720	0.1820	0.0946	0.0661
000139	R	0.433267	0.199338	0.230221	0.1958	0.3087	0.1610	0.0740	0.2163	0.0996	0.0596
000140	L	0.468511	0.182963	0.238391	0.1532	0.3087	0.1650	0.0710	0.2131	0.1168	0.0553
000141	I	0.537952	0.183308	0.247310	0.1844	0.3494	0.1550	0.0680	0.2350	0.1395	0.0539
000142	P	0.582054	0.204314	0.257291	0.2080	0.2470	0.1560	0.0610	0.2330	0.1472	0.0555
000143	L	0.614484	0.238472	0.267716	0.2255	0.2645	0.1810	0.0670	0.2540	0.1509	0.0564
000144	R	0.617083	0.271748	0.274740	0.1060	0.2364	0.2090	0.0750	0.2400	0.1650	0.0597
000145	V	0.663862	0.310076	0.283488	0.1732	0.2752	0.2390	0.0660	0.2769	0.1649	0.0646
000146	T	0.681280	0.374454	0.290215	0.2255	0.2715	0.2600	0.0710	0.3021	0.1621	0.0724
000147	E	0.702582	0.429509	0.291817	0.1532	0.2783	0.2620	0.0720	0.3043	0.1825	0.0785
000148	E	0.733760	0.466040	0.292159	0.0858	0.2849	0.2860	0.0890	0.3094	0.2066	0.0831
000149	A	0.762570	0.537971	0.293186	0.0832	0.1969	0.3010	0.0910	0.3135	0.2307	0.0882
000150	G	0.764491	0.590920	0.293582	0.0965	0.1702	0.3170	0.0840	0.3231	0.2388	0.0951
000151	E	0.751626	0.576061	0.293946	0.0723	0.2094	0.3090	0.0670	0.3198	0.2332	0.1039
000152	D	0.747570	0.534546	0.295702	0.0884	0.2129	0.2970	0.0620	0.3134	0.2231	0.1114
000153	F	0.735969	0.499866	0.298027	0.0554	0.1275	0.2880	0.0510	0.2844	0.2337	0.1158
000154	T	0.679707	0.415728	0.298376	0.0502	0.1298	0.2750	0.0720	0.2585	0.2098	0.1220
000155	S	0.598475	0.325580	0.290861	0.0274	0.0870	0.2350	0.0850	0.2122	0.1909	0.1250
000156	V	0.515002	0.262531	0.286792	0.0231	0.0888	0.1780	0.0440	0.1779	0.1656	0.1289
000157	V	0.425492	0.200157	0.281668	0.0099	0.0433	0.1530	0.0300	0.1387	0.1485	0.1306
000158	S	0.340583	0.139914	0.275050	0.0055	0.0240	0.1420	0.0330	0.1087	0.1300	0.1368
000159	E	0.255423	0.103424	0.270718	0.0013	0.0231	0.1570	0.0440	0.0901	0.1133	0.1456
000160	I	0.185053	0.074879	0.268553	0.0008	0.0171	0.1800	0.0610	0.0764	0.1071	0.1540
000161	M	0.117543	0.048935	0.266301	0.0008	0.0104	0.2230	0.0860	0.0668	0.1116	0.1679
000162	M	0.054626	0.032661	0.266576	0.0005	0.0075	0.2650	0.1030	0.0600	0.1236	0.1798
000163	Y	0.022728	0.023234	0.265368	0.0003	0.0057	0.2970	0.1020	0.0582	0.1346	0.1902
000164	I	0.013642	0.015066	0.266496	0.0003	0.0062	0.2890	0.1010	0.0540	0.1345	0.2024
000165	L	0.004677	0.010141	0.267373	0.0002	0.0064	0.2570	0.1000	0.0465	0.1292	0.2143
000166	L	0.000039	0.007950	0.269206	0.0001	0.0059	0.2080	0.0790	0.0370	0.1209	0.2288
000167	V	0.000036	0.006313	0.270789	0.0002	0.0056	0.1570	0.0510	0.0283	0.1141	0.2454
000168	F	0.000034	0.005542	0.270455	0.0002	0.0052	0.1300	0.0390	0.0235	0.1111	0.2605
000169	L	0.000029	0.005297	0.270268	0.0001	0.0044	0.1140	0.0370	0.0206	0.1098	0.2706
000170	T	0.000026	0.005507	0.267927	0.0001	0.0034	0.1150	0.0380	0.0206	0.1091	0.2855
000171	L	0.000020	0.005587	0.263228	0.0001	0.0042	0.1120	0.0390	0.0203	0.1070	0.3002
000172	W	0.000009	0.005856	0.258331	0.0001	0.0045	0.1110	0.0370	0.0203	0.1051	0.3054
000173	L	0.000001	0.006616	0.250885	0.0001	0.0041	0.1010	0.0270	0.0186	0.1014	0.3029
000174	L	0.000002	0.009226	0.243525	0.0002	0.0050	0.1070	0.0330	0.0203	0.0988	0.2980
000175	I	0.000076	0.010794	0.237228	0.0002	0.0062	0.1290	0.0530	0.0244	0.0983	0.2900
000176	E	0.000204	0.013354	0.229665	0.0003	0.0071	0.1540	0.0700	0.0291	0.0985	0.2809
000177	M	0.000335	0.017337	0.225328	0.0004	0.0097	0.2130	0.1080	0.0402	0.1072	0.2669
000178	I	0.000574	0.022867	0.226590	0.0005	0.0138	0.2650	0.1510	0.0504	0.1183	0.2511
000179	Y	0.005380	0.032823	0.234194	0.0009	0.0205	0.3150	0.1820	0.0624	0.1310	0.2416
000180	C	0.011402	0.061638	0.247398	0.0035	0.0269	0.3560	0.1770	0.0765	0.1411	0.2312
000181	Y	0.018935	0.115188	0.261216	0.0026	0.0258	0.3670	0.1390	0.0882	0.1439	0.2090
000182	R	0.029383	0.172354	0.272756	0.0044	0.0483	0.3530	0.0990	0.1013	0.1387	0.1899
000183	K	0.039611	0.250545	0.285321	0.0086	0.0985	0.4060	0.1050	0.1339	0.1509	0.1804
000184	V	0.041590	0.357495	0.298074	0.0212	0.1275	0.5360	0.1440	0.1806	0.1910	0.1795
000185	S	0.043487	0.448252	0.312340	0.0414	0.1852	0.6220	0.1530	0.2233	0.2176	0.1802
000186	K	0.053206	0.543762	0.325775	0.0677	0.2752	0.6820	0.1470	0.2704	0.2366	0.1767
000187	A	0.067023	0.642297	0.340543	0.0607	0.1791	0.7450	0.1240	0.2823	0.2747	0.1799
000188	E	0.141133	0.711367	0.358163	0.1041	0.1399	0.7860	0.1080	0.3137	0.2849	0.1863
000189	E	0.185957	0.747343	0.376545	0.1349	0.1823	0.8000	0.1100	0.3418	0.2795	0.1906
000190	A	0.262224	0.779890	0.395647	0.1766	0.1731	0.8170	0.1150	0.3682	0.2763	0.1892
000191	A	0.338196	0.770622	0.414812	0.1998	0.2541	0.7320	0.1270	0.3825	0.2331	0.1890
000192	Q	0.374442	0.727580	0.434893	0.2432	0.3286	0.5580	0.1530	0.3719	0.1749	0.1955
000193	E	0.458002	0.679685	0.454777	0.2786	0.3566	0.3730	0.1280	0.3576	0.1470	0.2047
000194	N	0.541311	0.640662	0.475142	0.2913	0.3807	0.2840	0.0950	0.3563	0.1524	0.2096
000195	A	0.617663	0.586731	0.492758	0.3939	0.4369	0.2330	0.0680	0.3781	0.1521	0.2132
000196	S	0.689890	0.529818	0.511511	0.4037	0.4619	0.2090	0.0500	0.3825	0.1681	0.2173
000197	D	0.694510	0.494369	0.530747	0.3992	0.4831	0.2380	0.0660	0.3849	0.1636	0.2238
000198	Y	0.733438	0.478998	0.550209	0.4703	0.5139	0.2760	0.0820	0.4122	0.1627	0.2232
000199	L	0.730761	0.480266	0.568643	0.4600	0.4619	0.2890	0.0880	0.4036	0.1632	0.2235
000200	A	0.736572	0.518740	0.587899	0.4513	0.3740	0.3080	0.1100	0.3980	0.1717	0.2271
000201	I	0.786739	0.583043	0.602377	0.4781	0.4292	0.3410	0.1320	0.4363	0.1746	0.2358
000202	P	0.796045	0.643364	0.618413	0.4749	0.3948	0.3660	0.1610	0.4458	0.1832	0.2487
000203	S	0.819952	0.705438	0.635167	0.5008	0.4087	0.4680	0.1960	0.4837	0.1786	0.2627
000204	E	0.829376	0.746581	0.654912	0.4379	0.4087	0.5580	0.2100	0.4967	0.1884	0.2775
000205	N	0.841739	0.771586	0.674241	0.4600	0.3910	0.6690	0.1590	0.5222	0.1958	0.2925
000206	K	0.856848	0.789489	0.694936	0.5126	0.4087	0.8200	0.0960	0.5646	0.2022	0.3084
000207	E	0.870467	0.815915	0.717283	0.5549	0.3983	0.8730	0.0600	0.5854	0.2123	0.3260
000208	N	0.892620	0.838045	0.738883	0.5762	0.3631	0.8730	0.0820	0.5906	0.2260	0.3409
000209	S	0.895499	0.854999	0.757144	0.6827	0.4441	0.8350	0.1160	0.6187	0.1970	0.3583
000210	A	0.902704	0.867460	0.768798	0.7724	0.5419	0.8340	0.0980	0.6531	0.1737	0.3750
000211	V	0.906982	0.876127	0.773140	0.8350	0.5807	0.8540	0.0500	0.6755	0.1682	0.3872
000212	P	0.929483	0.879861	0.776194	0.9141	0.7369	0.8830	0.0560	0.7239	0.1478	0.3983
000213	V	0.855988	0.890794	0.783708	0.9257	0.6851	0.9040	0.0650	0.7103	0.1548	0.4075
000214	E	0.934626	0.903336	0.790498	0.9491	0.6851	0.9270	0.0370	0.7333	0.1630	0.4150
000215	E	0.892769	0.909890	0.797772	0.9632	0.6227	0.9060	0.0770	0.7158	0.1741	0.4212