RESNUM	RES	VL-XT	VSL2B	VL3	IUPred-S	IUPred-L	PONDRFIT	FITERROR	MDP	MDPERROR	ANCHOR2
000001	M	0.995094	0.998204	1.022716	0.9994	0.9308	0.9960	0.0040	0.9904	0.0283	0.9851
000002	Q	0.957679	0.998024	1.021732	0.9982	0.9308	0.9980	0.0030	0.9840	0.0304	0.9818
000003	K	0.961871	0.997919	1.020012	0.9972	0.9329	0.9980	0.0030	0.9847	0.0287	0.9778
000004	P	0.982617	0.997814	1.018447	0.9922	0.9269	0.9960	0.0050	0.9856	0.0284	0.9744
000005	S	0.978103	0.997645	1.017224	0.9836	0.9329	0.9930	0.0100	0.9838	0.0259	0.9710
000006	G	0.973389	0.997461	1.015964	0.9760	0.9287	0.9900	0.0110	0.9803	0.0270	0.9701
000007	L	0.970569	0.997404	1.014766	0.9713	0.9269	0.9910	0.0080	0.9786	0.0277	0.9701
000008	K	0.968401	0.997420	1.013473	0.9562	0.9415	0.9890	0.0090	0.9777	0.0247	0.9598
000009	P	0.967413	0.997363	1.012367	0.9348	0.9269	0.9860	0.0090	0.9708	0.0314	0.9487
000010	P	0.966536	0.997217	1.011544	0.9235	0.9269	0.9790	0.0170	0.9675	0.0330	0.9425
000011	G	0.967699	0.997065	1.011097	0.8945	0.9287	0.9890	0.0130	0.9647	0.0409	0.9376
000012	R	0.969983	0.996898	1.010782	0.8984	0.9415	0.9860	0.0150	0.9672	0.0377	0.9366
000013	G	0.972220	0.996881	1.010134	0.8886	0.9329	0.9850	0.0150	0.9643	0.0416	0.9356
000014	G	0.975124	0.996829	1.009152	0.8746	0.9362	0.9800	0.0160	0.9620	0.0452	0.9358
000015	K	0.980240	0.996770	1.007953	0.8595	0.9230	0.9690	0.0280	0.9561	0.0509	0.9345
000016	H	0.987570	0.996748	1.006191	0.8556	0.9230	0.9610	0.0400	0.9551	0.0522	0.9336
000017	S	0.993715	0.996648	1.003781	0.8556	0.9081	0.9540	0.0490	0.9520	0.0542	0.9236
000018	S	0.996336	0.996595	1.000548	0.8595	0.9381	0.9510	0.0520	0.9570	0.0499	0.9158
000019	P	0.997835	0.996573	0.997009	0.8391	0.9381	0.9440	0.0580	0.9521	0.0564	0.9181
000020	M	0.997476	0.996539	0.993160	0.8158	0.9230	0.9450	0.0560	0.9451	0.0644	0.9208
000021	G	0.997111	0.996543	0.988945	0.7912	0.8920	0.9440	0.0530	0.9349	0.0743	0.9088
000022	R	0.997001	0.996556	0.984589	0.7869	0.8741	0.9460	0.0530	0.9308	0.0772	0.8982
000023	T	0.996984	0.996544	0.980411	0.7501	0.8198	0.9490	0.0510	0.9154	0.0958	0.8828
000024	S	0.996972	0.996542	0.976494	0.7388	0.7951	0.9500	0.0500	0.9090	0.1030	0.8824
000025	T	0.996735	0.996506	0.972857	0.7111	0.7672	0.9530	0.0490	0.8996	0.1156	0.8871
000026	G	0.996532	0.996474	0.969220	0.6870	0.7672	0.9550	0.0530	0.8952	0.1220	0.8982
000027	S	0.996421	0.996432	0.965800	0.6516	0.7547	0.9520	0.0570	0.8862	0.1338	0.9073
000028	A	0.996552	0.996416	0.962618	0.6474	0.7505	0.9500	0.0620	0.8839	0.1352	0.9205
000029	S	0.996918	0.996433	0.960111	0.6442	0.7718	0.9460	0.0660	0.8859	0.1324	0.9259
000030	S	0.997169	0.996501	0.958336	0.6293	0.7369	0.9440	0.0650	0.8771	0.1419	0.9303
000031	S	0.996293	0.996638	0.957072	0.6474	0.7628	0.9390	0.0620	0.8832	0.1319	0.9344
000032	A	0.991636	0.996808	0.956165	0.6474	0.7881	0.9330	0.0660	0.8856	0.1272	0.9431
000033	A	0.986667	0.996936	0.955585	0.6219	0.7080	0.9230	0.0730	0.8654	0.1458	0.9470
000034	V	0.981970	0.997035	0.955265	0.6374	0.7163	0.9100	0.0800	0.8663	0.1385	0.9525
000035	A	0.979045	0.997105	0.955028	0.6174	0.7120	0.8960	0.0870	0.8594	0.1438	0.9513
000036	A	0.975074	0.997205	0.954814	0.6442	0.7209	0.8910	0.0850	0.8639	0.1341	0.9451
000037	S	0.972359	0.997286	0.954716	0.6412	0.7163	0.8910	0.0830	0.8622	0.1354	0.9345
000038	S	0.969556	0.997291	0.954580	0.6650	0.7120	0.8960	0.0820	0.8657	0.1296	0.9214
000039	K	0.967917	0.997220	0.954324	0.6715	0.7415	0.8940	0.0810	0.8710	0.1220	0.9058
000040	E	0.967751	0.997163	0.953806	0.6681	0.7755	0.8890	0.0800	0.8753	0.1174	0.8928
000041	G	0.972073	0.997021	0.953039	0.6715	0.7718	0.8750	0.0810	0.8733	0.1172	0.8786
000042	S	0.976708	0.996936	0.952003	0.6944	0.7718	0.8680	0.0830	0.8767	0.1114	0.8625
000043	P	0.981344	0.996798	0.950638	0.6984	0.7916	0.8540	0.0820	0.8789	0.1083	0.8452
000044	L	0.984042	0.996231	0.949139	0.7079	0.8421	0.8560	0.0890	0.8892	0.1002	0.8294
000045	H	0.987428	0.995207	0.947146	0.7275	0.8681	0.8450	0.0970	0.8951	0.0936	0.7899
000046	K	0.990215	0.993799	0.944822	0.7644	0.8681	0.8470	0.0980	0.9014	0.0828	0.7471
000047	Q	0.992849	0.992593	0.942332	0.7573	0.8713	0.8570	0.0990	0.9023	0.0836	0.7169
000048	S	0.994738	0.991225	0.939908	0.7418	0.8565	0.8650	0.1000	0.8982	0.0885	0.6902
000049	S	0.995291	0.989010	0.937819	0.7275	0.8343	0.8620	0.0980	0.8909	0.0944	0.6680
000050	G	0.994962	0.986833	0.935155	0.7034	0.8681	0.8620	0.1000	0.8918	0.0987	0.6503
000051	P	0.995034	0.983405	0.931896	0.6715	0.8681	0.8540	0.1020	0.8839	0.1087	0.6329
000052	S	0.995389	0.978465	0.927794	0.6906	0.8623	0.8530	0.1040	0.8847	0.1017	0.6173
000053	S	0.995947	0.972701	0.923038	0.7111	0.8872	0.8420	0.1110	0.8887	0.0944	0.5996
000054	S	0.996795	0.965718	0.916920	0.6906	0.8681	0.8400	0.1160	0.8796	0.1000	0.5837
000055	P	0.996829	0.955969	0.909826	0.7317	0.9269	0.8310	0.1200	0.8920	0.0876	0.5704
000056	A	0.996918	0.946015	0.902079	0.7034	0.9190	0.8290	0.1220	0.8827	0.0947	0.5741
000057	A	0.996452	0.935858	0.894464	0.7232	0.9081	0.8030	0.1230	0.8768	0.0896	0.5745
000058	A	0.995893	0.924493	0.885818	0.6944	0.8872	0.8120	0.1270	0.8667	0.0944	0.5687
000059	A	0.992780	0.912448	0.875867	0.6789	0.8991	0.8200	0.1230	0.8631	0.0971	0.5622
000060	A	0.986664	0.898870	0.863292	0.6650	0.8623	0.8200	0.1290	0.8494	0.0970	0.5503
000061	P	0.971834	0.883035	0.847255	0.6756	0.8623	0.7950	0.1520	0.8392	0.0902	0.5362
000062	E	0.948991	0.861654	0.827377	0.6035	0.8530	0.7690	0.1880	0.8105	0.1068	0.5201
000063	K	0.927168	0.837873	0.805480	0.6124	0.8681	0.7590	0.1960	0.8017	0.0993	0.5081
000064	P	0.913122	0.815289	0.784493	0.6374	0.7881	0.7720	0.1820	0.7851	0.0809	0.5063
000065	G	0.886238	0.793625	0.765011	0.6650	0.7250	0.7840	0.1700	0.7698	0.0675	0.5115
000066	P	0.854740	0.769599	0.746093	0.5623	0.6906	0.7590	0.1910	0.7303	0.0893	0.5244
000067	K	0.818572	0.744798	0.724662	0.5296	0.7369	0.7080	0.2050	0.7103	0.0880	0.5355
000068	A	0.775232	0.715374	0.700434	0.5514	0.6576	0.6730	0.2140	0.6789	0.0681	0.5581
000069	A	0.734495	0.680948	0.674009	0.5992	0.6183	0.6570	0.2140	0.6607	0.0440	0.5866
000070	E	0.698937	0.641413	0.647269	0.5412	0.5807	0.5920	0.1860	0.6169	0.0515	0.6145
000071	V	0.655867	0.593353	0.620590	0.5008	0.6136	0.4910	0.1460	0.5792	0.0618	0.6439
000072	G	0.577220	0.554771	0.593260	0.4116	0.5992	0.4390	0.1610	0.5292	0.0752	0.6680
000073	D	0.486476	0.491543	0.565212	0.3939	0.5854	0.4320	0.1670	0.4923	0.0676	0.6900
000074	D	0.410512	0.430897	0.537016	0.4203	0.5342	0.4620	0.1840	0.4658	0.0518	0.7034
000075	F	0.339975	0.427782	0.509062	0.3847	0.4256	0.4350	0.1620	0.4204	0.0515	0.7098
000076	L	0.273645	0.412593	0.481738	0.3225	0.3740	0.4160	0.1520	0.3801	0.0675	0.7153
000077	G	0.211913	0.380882	0.454520	0.2483	0.3566	0.4190	0.1760	0.3452	0.0875	0.7119
000078	D	0.152211	0.313632	0.427603	0.1878	0.3667	0.3950	0.1790	0.3071	0.1033	0.7086
000079	F	0.095762	0.273096	0.400867	0.2122	0.3356	0.3820	0.1770	0.2833	0.1054	0.7016
000080	V	0.051454	0.243367	0.374534	0.2333	0.3529	0.2980	0.1240	0.2589	0.1062	0.6873
000081	V	0.041074	0.209878	0.349535	0.1602	0.3667	0.2830	0.1240	0.2350	0.1130	0.6661
000082	G	0.035238	0.168456	0.325881	0.1878	0.4186	0.2410	0.0990	0.2295	0.1214	0.6408
000083	E	0.027466	0.154790	0.303534	0.2122	0.3667	0.1800	0.0850	0.2075	0.1084	0.6149
000084	R	0.019087	0.152305	0.282561	0.1921	0.3019	0.1660	0.0810	0.1856	0.0933	0.5915
000085	V	0.011929	0.158783	0.263595	0.1205	0.2988	0.1620	0.0770	0.1692	0.0940	0.5731
000086	W	0.014626	0.162954	0.246713	0.1266	0.3019	0.1540	0.0800	0.1677	0.0909	0.5517
000087	V	0.017207	0.172958	0.230412	0.1805	0.3019	0.1560	0.0860	0.1765	0.0861	0.5196
000088	N	0.023378	0.181903	0.213587	0.1178	0.3019	0.1590	0.0890	0.1663	0.0853	0.4918
000089	G	0.023806	0.186330	0.197130	0.0607	0.2988	0.1510	0.0780	0.1529	0.0909	0.4696
000090	V	0.023819	0.186390	0.182189	0.1018	0.3840	0.1400	0.0640	0.1697	0.1104	0.4525
000091	K	0.023687	0.180307	0.171725	0.1532	0.4441	0.1160	0.0580	0.1815	0.1285	0.4407
000092	P	0.023767	0.176093	0.166022	0.1998	0.4051	0.1060	0.0610	0.1795	0.1163	0.4342
000093	G	0.032165	0.183226	0.164099	0.2080	0.3807	0.1060	0.0610	0.1790	0.1070	0.4310
000094	V	0.032554	0.185271	0.161520	0.1178	0.3948	0.1110	0.0680	0.1672	0.1124	0.4291
000095	V	0.028231	0.179648	0.156095	0.1041	0.3910	0.0910	0.0480	0.1583	0.1148	0.4279
000096	Q	0.021994	0.186632	0.147837	0.1635	0.4507	0.0820	0.0480	0.1755	0.1348	0.4268
000097	Y	0.012168	0.200200	0.138864	0.2041	0.4476	0.0890	0.0520	0.1820	0.1358	0.4268
000098	L	0.012156	0.212585	0.131504	0.2786	0.4801	0.0880	0.0510	0.2006	0.1512	0.4304
000099	G	0.012277	0.218574	0.126611	0.2080	0.4725	0.0690	0.0550	0.1844	0.1478	0.4325
000100	E	0.012335	0.233856	0.123917	0.1732	0.4186	0.0400	0.0340	0.1670	0.1353	0.4335
000101	T	0.013209	0.246849	0.121802	0.2385	0.4220	0.0320	0.0250	0.1790	0.1412	0.4337
000102	Q	0.008508	0.235020	0.119761	0.1958	0.3667	0.0260	0.0210	0.1586	0.1240	0.4333
000103	F	0.010395	0.209372	0.118219	0.1266	0.3529	0.0390	0.0290	0.1428	0.1138	0.4319
000104	A	0.015655	0.215192	0.117349	0.0813	0.3667	0.0270	0.0180	0.1371	0.1220	0.4301
000105	P	0.019109	0.206964	0.116629	0.1380	0.4441	0.0280	0.0160	0.1588	0.1429	0.4282
000106	G	0.021935	0.176599	0.115997	0.2122	0.4441	0.0490	0.0260	0.1699	0.1393	0.4266
000107	Q	0.021389	0.165086	0.115248	0.2292	0.4330	0.0460	0.0240	0.1683	0.1373	0.4247
000108	W	0.021877	0.148982	0.115249	0.2385	0.5098	0.0630	0.0280	0.1828	0.1613	0.4231
000109	A	0.022336	0.140495	0.115287	0.3184	0.5901	0.0630	0.0220	0.2082	0.1945	0.4245
000110	G	0.028512	0.143585	0.115277	0.3053	0.6043	0.0630	0.0220	0.2100	0.1969	0.4264
000111	V	0.033800	0.153227	0.114753	0.2913	0.5901	0.0850	0.0400	0.2113	0.1872	0.4286
000112	V	0.035271	0.171694	0.113611	0.3146	0.5533	0.1010	0.0720	0.2149	0.1741	0.4302
000113	L	0.031361	0.212046	0.113611	0.3053	0.4864	0.0880	0.0590	0.2061	0.1536	0.4317
000114	D	0.030539	0.277499	0.115349	0.3717	0.5854	0.0990	0.0650	0.2466	0.1902	0.4331
000115	D	0.063400	0.342876	0.117877	0.3399	0.6183	0.1040	0.0630	0.2643	0.1936	0.4343
000116	P	0.070919	0.407395	0.120153	0.3225	0.5176	0.1140	0.0700	0.2587	0.1677	0.4348
000117	V	0.091432	0.456347	0.122077	0.3263	0.5139	0.1690	0.0840	0.2799	0.1636	0.4344
000118	G	0.102050	0.483997	0.126549	0.2531	0.4220	0.1710	0.0680	0.2598	0.1456	0.4328
000119	K	0.115971	0.485353	0.133582	0.3184	0.4087	0.1410	0.0380	0.2671	0.1455	0.4303
000120	N	0.135265	0.502856	0.143044	0.2820	0.4441	0.1160	0.0290	0.2705	0.1542	0.4318
000121	D	0.156756	0.465935	0.151913	0.2122	0.3704	0.1000	0.0270	0.2429	0.1310	0.4355
000122	G	0.173219	0.416956	0.158432	0.2913	0.4476	0.0960	0.0270	0.2639	0.1326	0.4388
000123	A	0.181963	0.371344	0.161580	0.2786	0.4766	0.0960	0.0300	0.2610	0.1306	0.4435
000124	V	0.156018	0.294043	0.163823	0.3847	0.4725	0.0940	0.0450	0.2608	0.1351	0.4485
000125	G	0.149727	0.228582	0.167228	0.3311	0.4652	0.0900	0.0470	0.2387	0.1258	0.4554
000126	G	0.133764	0.194170	0.172717	0.2531	0.4541	0.0880	0.0470	0.2160	0.1180	0.4641
000127	V	0.131244	0.170035	0.180032	0.2432	0.3529	0.0890	0.0460	0.1944	0.0851	0.4744
000128	R	0.115635	0.165459	0.187905	0.3146	0.3117	0.0800	0.0380	0.1959	0.0898	0.4856
000129	Y	0.093493	0.157853	0.197276	0.2700	0.3149	0.0800	0.0340	0.1856	0.0860	0.5016
000130	F	0.070932	0.156033	0.206800	0.2167	0.3215	0.0870	0.0260	0.1765	0.0848	0.5124
000131	E	0.055024	0.146831	0.216995	0.2167	0.3426	0.0930	0.0250	0.1786	0.0943	0.5156
000132	C	0.045321	0.151220	0.227206	0.2041	0.3249	0.1150	0.0370	0.1779	0.0885	0.5186
000133	P	0.042372	0.161447	0.237063	0.2333	0.3149	0.1260	0.0450	0.1858	0.0879	0.5238
000134	A	0.049022	0.171836	0.249204	0.2657	0.2752	0.1340	0.0450	0.1909	0.0814	0.5259
000135	L	0.047794	0.190007	0.263998	0.3225	0.3249	0.1400	0.0510	0.2148	0.1002	0.5300
000136	Q	0.042048	0.191937	0.281862	0.2558	0.3249	0.1440	0.0620	0.2068	0.0942	0.5284
000137	G	0.048302	0.211968	0.301278	0.2531	0.3286	0.1670	0.0740	0.2184	0.0929	0.5287
000138	I	0.053963	0.240068	0.321262	0.3225	0.4119	0.1740	0.0740	0.2540	0.1160	0.5288
000139	F	0.089665	0.296982	0.342187	0.3311	0.4149	0.1910	0.0850	0.2776	0.1074	0.5237
000140	T	0.117849	0.354135	0.363210	0.4333	0.4652	0.2170	0.0850	0.3250	0.1214	0.5071
000141	R	0.149409	0.411388	0.384686	0.5043	0.5807	0.2550	0.0930	0.3809	0.1447	0.4945
000142	P	0.201338	0.470608	0.406927	0.4651	0.5620	0.2970	0.0980	0.4005	0.1194	0.4873
000143	S	0.254965	0.505411	0.430468	0.5473	0.6531	0.3880	0.1040	0.4632	0.1258	0.4777
000144	K	0.310779	0.544398	0.454080	0.5173	0.6089	0.4270	0.1020	0.4771	0.0951	0.4681
000145	L	0.365907	0.584804	0.477138	0.5412	0.6322	0.5140	0.0890	0.5192	0.0845	0.4623
000146	T	0.461344	0.616055	0.499234	0.6079	0.7250	0.5010	0.0980	0.5684	0.0905	0.4501
000147	R	0.555227	0.656932	0.520644	0.5900	0.6851	0.5340	0.1130	0.5904	0.0614	0.4423
000148	Q	0.618268	0.677378	0.540643	0.5992	0.6851	0.5580	0.0950	0.6131	0.0545	0.4347
000149	P	0.687749	0.692192	0.557171	0.6255	0.7718	0.5720	0.1130	0.6510	0.0746	0.4306
000150	T	0.749541	0.713094	0.571738	0.6870	0.8085	0.6070	0.1060	0.6895	0.0807	0.4273
000151	A	0.788392	0.727026	0.584452	0.6906	0.8162	0.5940	0.1060	0.7000	0.0883	0.4318
000152	E	0.827136	0.730911	0.597829	0.6412	0.8125	0.5990	0.1050	0.7015	0.0947	0.4345
000153	G	0.868595	0.742180	0.610960	0.6255	0.6991	0.6700	0.0840	0.7027	0.0862	0.4369
000154	S	0.915532	0.766206	0.625475	0.6255	0.7080	0.7060	0.1020	0.7245	0.0987	0.4451
000155	G	0.910044	0.782429	0.640158	0.5846	0.6851	0.7220	0.1200	0.7208	0.1048	0.4530
000156	S	0.904085	0.778981	0.655469	0.6474	0.7718	0.7060	0.1540	0.7440	0.0878	0.4609
000157	D	0.898408	0.788452	0.669524	0.6334	0.7755	0.6940	0.1680	0.7432	0.0886	0.4722
000158	A	0.888535	0.783598	0.682447	0.6442	0.6948	0.6890	0.1640	0.7305	0.0822	0.4817
000159	H	0.888961	0.783781	0.694482	0.6412	0.6755	0.6890	0.1670	0.7288	0.0836	0.4949
000160	S	0.886839	0.786162	0.705687	0.5549	0.5456	0.6690	0.1720	0.6914	0.1209	0.5022
000161	V	0.872892	0.790679	0.716625	0.5583	0.5456	0.6520	0.1710	0.6894	0.1183	0.5169
000162	E	0.854448	0.786046	0.726864	0.5331	0.5665	0.6110	0.1660	0.6797	0.1177	0.5288
000163	S	0.819225	0.791054	0.737488	0.5331	0.5533	0.6590	0.1580	0.6821	0.1104	0.5416
000164	L	0.814362	0.795083	0.748578	0.5296	0.5577	0.6970	0.1690	0.6904	0.1105	0.5561
000165	T	0.820482	0.809318	0.757318	0.5374	0.5342	0.6840	0.1610	0.6905	0.1179	0.5605
000166	A	0.831046	0.804779	0.763171	0.5331	0.5382	0.6910	0.1560	0.6935	0.1197	0.5685
000167	Q	0.843697	0.806823	0.766606	0.5084	0.5758	0.6600	0.1530	0.6936	0.1224	0.5724
000168	N	0.855980	0.811162	0.769023	0.5008	0.5992	0.6680	0.1380	0.7007	0.1240	0.5807
000169	L	0.868030	0.814352	0.771019	0.5473	0.5456	0.7030	0.1330	0.7082	0.1246	0.5933
000170	S	0.885425	0.824154	0.771502	0.5667	0.5456	0.7300	0.1310	0.7206	0.1258	0.6016
000171	L	0.907187	0.824945	0.771655	0.5126	0.5419	0.7770	0.1220	0.7226	0.1453	0.6113
000172	H	0.945441	0.828981	0.771467	0.5623	0.6089	0.7650	0.1170	0.7470	0.1292	0.6068
000173	S	0.954063	0.829828	0.771133	0.5473	0.5254	0.7870	0.1120	0.7357	0.1528	0.6009
000174	G	0.945268	0.835242	0.770279	0.5549	0.4507	0.8090	0.1070	0.7275	0.1702	0.6001
000175	T	0.935983	0.836787	0.768484	0.5583	0.5533	0.8250	0.1120	0.7464	0.1435	0.6034
000176	A	0.940620	0.836095	0.765633	0.4918	0.4725	0.8100	0.1220	0.7195	0.1759	0.6159
000177	T	0.933175	0.837327	0.762359	0.5331	0.5017	0.7730	0.1280	0.7234	0.1561	0.6293
000178	P	0.925962	0.833613	0.759483	0.4651	0.5055	0.7500	0.1280	0.7066	0.1672	0.6461
000179	P	0.928452	0.832754	0.757409	0.4749	0.4940	0.7470	0.1210	0.7057	0.1674	0.6582
000180	L	0.930613	0.827367	0.756555	0.5412	0.5055	0.7480	0.1090	0.7182	0.1505	0.6615
000181	T	0.930541	0.832409	0.756111	0.5412	0.4369	0.7130	0.0960	0.7017	0.1675	0.6604
000182	S	0.931019	0.828407	0.756061	0.5514	0.5176	0.6780	0.1010	0.7104	0.1462	0.6665
000183	R	0.931041	0.826202	0.755709	0.4967	0.5098	0.6890	0.0990	0.7015	0.1581	0.6767
000184	V	0.931108	0.828686	0.755481	0.5008	0.5098	0.6810	0.0920	0.7012	0.1577	0.6899
000185	I	0.907050	0.823351	0.755264	0.4967	0.4541	0.6750	0.0880	0.6853	0.1644	0.6904
000186	P	0.863594	0.832749	0.755826	0.4967	0.4441	0.6510	0.0970	0.6741	0.1595	0.6861
000187	L	0.852887	0.834227	0.757080	0.4781	0.4725	0.6650	0.0960	0.6767	0.1547	0.6764
000188	R	0.839313	0.841857	0.759416	0.4781	0.4685	0.6430	0.0940	0.6717	0.1551	0.6572
000189	E	0.823895	0.848338	0.762109	0.4513	0.4476	0.6360	0.0880	0.6615	0.1643	0.6385
000190	S	0.807829	0.858575	0.765079	0.4282	0.4256	0.6600	0.0890	0.6576	0.1737	0.6210
000191	V	0.797499	0.851264	0.767830	0.4918	0.4901	0.7010	0.0980	0.6833	0.1430	0.6072
000192	L	0.795600	0.864254	0.770924	0.4918	0.4864	0.6720	0.1050	0.6801	0.1464	0.5909
000193	N	0.789715	0.874806	0.773985	0.4967	0.4864	0.6640	0.0930	0.6809	0.1473	0.5609
000194	S	0.802673	0.884233	0.776733	0.4918	0.4979	0.6940	0.0890	0.6913	0.1495	0.5331
000195	S	0.844765	0.895557	0.779606	0.5374	0.4864	0.7330	0.0730	0.7128	0.1515	0.5048
000196	V	0.859923	0.902139	0.783148	0.6079	0.5665	0.7490	0.0700	0.7448	0.1225	0.4858
000197	K	0.871907	0.912376	0.787515	0.5229	0.5382	0.7550	0.0660	0.7314	0.1511	0.4645
000198	T	0.885735	0.919566	0.791772	0.5762	0.6227	0.7920	0.0710	0.7646	0.1264	0.4467
000199	G	0.888823	0.926108	0.795731	0.5623	0.6227	0.8430	0.0520	0.7731	0.1349	0.4356
000200	N	0.894221	0.931257	0.800188	0.5549	0.5992	0.8800	0.0430	0.7767	0.1470	0.4256
000201	E	0.897096	0.934153	0.804818	0.5583	0.5382	0.8750	0.0480	0.7679	0.1601	0.4176
000202	S	0.900695	0.937636	0.809263	0.5992	0.5992	0.8800	0.0540	0.7876	0.1386	0.4137
000203	G	0.898078	0.936145	0.813037	0.6035	0.6991	0.8690	0.0640	0.8032	0.1168	0.4124
000204	S	0.896496	0.933841	0.816015	0.5900	0.6906	0.8820	0.0660	0.8014	0.1226	0.4149
000205	N	0.887395	0.930683	0.818636	0.5941	0.7080	0.9080	0.0570	0.8077	0.1205	0.4161
000206	L	0.881672	0.928149	0.820506	0.5900	0.7080	0.9150	0.0630	0.8073	0.1218	0.4183
000207	S	0.874934	0.924133	0.821603	0.6334	0.7799	0.9010	0.0760	0.8225	0.0973	0.4126
000208	D	0.878952	0.915828	0.821321	0.6334	0.7163	0.8830	0.1010	0.8081	0.1011	0.4095
000209	S	0.874759	0.904149	0.819678	0.6334	0.7163	0.8880	0.0950	0.8060	0.0992	0.4101
000210	G	0.882665	0.889818	0.817707	0.5711	0.6269	0.9040	0.0760	0.7821	0.1332	0.4102
000211	S	0.892650	0.879619	0.816545	0.5667	0.6183	0.9060	0.0730	0.7799	0.1362	0.4136
000212	V	0.902695	0.871522	0.813787	0.5173	0.6136	0.8790	0.0990	0.7663	0.1472	0.4161
000213	K	0.909123	0.854656	0.807653	0.5173	0.6227	0.8410	0.1300	0.7587	0.1401	0.4152
000214	R	0.916788	0.837353	0.797930	0.5173	0.5577	0.8500	0.1230	0.7461	0.1521	0.4157
000215	G	0.921317	0.826169	0.786088	0.5084	0.4901	0.8470	0.1230	0.7299	0.1680	0.4184
000216	E	0.925788	0.805904	0.774234	0.4651	0.4292	0.8360	0.1320	0.7060	0.1890	0.4234
000217	K	0.937645	0.782850	0.761560	0.4703	0.4979	0.8130	0.1520	0.7105	0.1697	0.4301
000218	D	0.951601	0.750223	0.748873	0.4203	0.5017	0.8010	0.1600	0.6956	0.1807	0.4394
000219	L	0.956511	0.705339	0.735827	0.4203	0.4979	0.7810	0.1630	0.6829	0.1785	0.4484
000220	R	0.953363	0.664773	0.722595	0.4203	0.4979	0.7530	0.1600	0.6687	0.1741	0.4530
000221	L	0.922390	0.602227	0.707973	0.4116	0.5017	0.7310	0.1610	0.6461	0.1659	0.4578
000222	G	0.917982	0.594212	0.691622	0.3939	0.5055	0.7020	0.1810	0.6342	0.1655	0.4574
000223	D	0.910160	0.565046	0.673808	0.4333	0.5055	0.6070	0.1960	0.6158	0.1517	0.4567
000224	R	0.836892	0.546692	0.656556	0.4420	0.4619	0.5760	0.1750	0.5867	0.1327	0.4595
000225	V	0.750816	0.521769	0.639762	0.3885	0.4652	0.5480	0.1690	0.5523	0.1172	0.4639
000226	L	0.679432	0.491275	0.624348	0.3399	0.3872	0.4870	0.1760	0.5015	0.1199	0.4652
000227	V	0.606176	0.488751	0.608536	0.3225	0.3286	0.5210	0.1460	0.4792	0.1168	0.4627
000228	G	0.541030	0.481614	0.591422	0.2558	0.3356	0.5040	0.1460	0.4516	0.1176	0.4576
000229	G	0.456096	0.479746	0.571631	0.2080	0.3392	0.4300	0.1620	0.4141	0.1149	0.4521
000230	T	0.396960	0.462328	0.551123	0.2602	0.4051	0.3780	0.1790	0.4090	0.0878	0.4480
000231	K	0.299851	0.451852	0.531224	0.2700	0.4051	0.3190	0.1580	0.3795	0.0921	0.4455
000232	T	0.208367	0.426289	0.513453	0.3146	0.3807	0.3080	0.1570	0.3586	0.0967	0.4447
000233	G	0.217695	0.396901	0.496186	0.3225	0.3599	0.2990	0.1570	0.3486	0.0862	0.4461
000234	V	0.202435	0.360782	0.477818	0.2333	0.3494	0.2580	0.1280	0.3135	0.0935	0.4472
000235	V	0.163162	0.325138	0.457321	0.2122	0.3460	0.2090	0.1010	0.2855	0.1007	0.4452
000236	R	0.125797	0.312259	0.435213	0.2385	0.4051	0.2210	0.1090	0.2897	0.1074	0.4415
000237	Y	0.080183	0.308272	0.412979	0.2820	0.3840	0.2490	0.1100	0.2860	0.1080	0.4382
000238	V	0.073660	0.302439	0.391672	0.3456	0.3599	0.2340	0.1000	0.2845	0.1067	0.4350
000239	G	0.066537	0.284818	0.372788	0.2748	0.3599	0.2240	0.0990	0.2637	0.1018	0.4323
000240	E	0.067537	0.276362	0.355725	0.1805	0.3117	0.2100	0.0930	0.2336	0.0947	0.4301
000241	T	0.072744	0.276238	0.339307	0.1805	0.3182	0.1950	0.0940	0.2303	0.0915	0.4281
000242	D	0.051881	0.263390	0.322044	0.1495	0.2609	0.1870	0.0930	0.2059	0.0886	0.4266
000243	F	0.054588	0.255377	0.306572	0.1635	0.2645	0.1940	0.0820	0.2065	0.0825	0.4253
000244	A	0.107569	0.256947	0.294192	0.1150	0.2715	0.1580	0.0720	0.2005	0.0761	0.4272
000245	K	0.128751	0.255391	0.285012	0.1602	0.3494	0.1280	0.0550	0.2179	0.0841	0.4317
000246	G	0.148211	0.238236	0.277112	0.2122	0.3321	0.1180	0.0420	0.2209	0.0729	0.4328
000247	E	0.153478	0.227213	0.268172	0.2483	0.3286	0.1070	0.0340	0.2222	0.0731	0.4322
000248	W	0.164244	0.195684	0.258697	0.2432	0.3983	0.1120	0.0320	0.2287	0.0901	0.4319
000249	C	0.175471	0.182910	0.248581	0.2820	0.4582	0.0990	0.0300	0.2410	0.1131	0.4258
000250	G	0.197405	0.199292	0.238536	0.2748	0.4619	0.0960	0.0300	0.2447	0.1114	0.4209
000251	V	0.209803	0.221874	0.228491	0.2602	0.4507	0.1350	0.0310	0.2510	0.0970	0.4153
000252	E	0.270453	0.256388	0.219578	0.2748	0.4220	0.1610	0.0560	0.2674	0.0792	0.4074
000253	L	0.279672	0.306307	0.212509	0.2657	0.3667	0.1790	0.0520	0.2684	0.0610	0.4008
000254	D	0.298400	0.361792	0.206980	0.3184	0.4292	0.2030	0.0660	0.3029	0.0805	0.3926
000255	E	0.347611	0.416232	0.201298	0.2786	0.4541	0.2250	0.0720	0.3205	0.0938	0.3879
000256	P	0.393154	0.470135	0.195318	0.2602	0.4619	0.2500	0.0810	0.3384	0.1081	0.3842
000257	L	0.436156	0.511540	0.187882	0.2657	0.4652	0.2930	0.0820	0.3599	0.1175	0.3796
000258	G	0.466209	0.551356	0.180580	0.2483	0.3774	0.2600	0.0720	0.3474	0.1303	0.3727
000259	K	0.460649	0.567430	0.174338	0.3096	0.3740	0.1990	0.0650	0.3474	0.1387	0.3665
000260	N	0.474083	0.569935	0.170839	0.3225	0.4582	0.1620	0.0670	0.3597	0.1543	0.3709
000261	D	0.426780	0.514864	0.168476	0.2432	0.3840	0.1560	0.0590	0.3155	0.1349	0.3760
000262	G	0.364425	0.448356	0.165684	0.3184	0.4652	0.1350	0.0440	0.3162	0.1275	0.3807
000263	A	0.324308	0.377742	0.161979	0.2122	0.4831	0.1080	0.0250	0.2779	0.1296	0.3873
000264	V	0.255526	0.294681	0.158959	0.3005	0.5493	0.0980	0.0290	0.2762	0.1422	0.3920
000265	A	0.194472	0.233761	0.158388	0.3225	0.4476	0.0970	0.0400	0.2422	0.1149	0.3951
000266	G	0.134255	0.207673	0.161674	0.3096	0.4369	0.1090	0.0610	0.2265	0.1141	0.4001
000267	T	0.089441	0.185293	0.168150	0.2041	0.3460	0.1150	0.0680	0.1847	0.0822	0.4048
000268	R	0.063426	0.173046	0.176324	0.2786	0.3182	0.1140	0.0650	0.1873	0.0881	0.4128
000269	Y	0.018404	0.167098	0.184874	0.2255	0.2951	0.0970	0.0470	0.1647	0.0886	0.4233
000270	F	0.000737	0.162367	0.192788	0.1732	0.3286	0.0850	0.0360	0.1571	0.1005	0.4333
000271	Q	0.000607	0.162705	0.200475	0.1532	0.2503	0.0750	0.0320	0.1404	0.0818	0.4304
000272	C	0.000526	0.180847	0.207199	0.1635	0.2541	0.0740	0.0310	0.1467	0.0849	0.4266
000273	P	0.000491	0.186174	0.212748	0.1178	0.2470	0.0740	0.0280	0.1397	0.0848	0.4223
000274	P	0.000521	0.191194	0.217779	0.1416	0.2224	0.0830	0.0350	0.1428	0.0797	0.4197
000275	K	0.000407	0.198576	0.223199	0.1998	0.2034	0.0860	0.0380	0.1519	0.0812	0.4169
000276	F	0.000227	0.190119	0.229827	0.1732	0.2292	0.0940	0.0510	0.1527	0.0820	0.4124
000277	G	0.000242	0.173959	0.238027	0.1266	0.1671	0.0970	0.0450	0.1338	0.0740	0.4111
000278	L	0.000277	0.163379	0.248102	0.1416	0.1643	0.1110	0.0490	0.1381	0.0743	0.4104
000279	F	0.000370	0.187263	0.259854	0.0991	0.0967	0.1320	0.0550	0.1292	0.0806	0.4107
000280	A	0.000453	0.186429	0.271998	0.1566	0.1702	0.1510	0.0560	0.1561	0.0804	0.4114
000281	P	0.000538	0.171692	0.285819	0.1456	0.2470	0.1640	0.0590	0.1692	0.0901	0.4126
000282	I	0.000590	0.197963	0.302279	0.1495	0.2399	0.1830	0.0710	0.1789	0.0931	0.4121
000283	H	0.000937	0.196493	0.323062	0.2292	0.3087	0.1940	0.0820	0.2087	0.1057	0.4132
000284	K	0.001295	0.240339	0.346305	0.1958	0.3053	0.2160	0.1020	0.2176	0.1096	0.4156
000285	V	0.002698	0.286438	0.371613	0.1698	0.2575	0.2160	0.0980	0.2174	0.1144	0.4164
000286	I	0.098966	0.338148	0.397313	0.1878	0.2541	0.2240	0.0960	0.2501	0.0973	0.4176
000287	R	0.195043	0.360942	0.423554	0.2333	0.3182	0.2620	0.0980	0.2988	0.0777	0.4198
000288	I	0.300915	0.432444	0.449846	0.2432	0.3117	0.3140	0.1220	0.3420	0.0741	0.4220
000289	G	0.411273	0.480804	0.475899	0.2748	0.3704	0.3400	0.1440	0.3923	0.0732	0.4256
000290	F	0.521881	0.490473	0.501389	0.3491	0.4619	0.3720	0.1580	0.4495	0.0656	0.4281
000291	P	0.631645	0.549617	0.526227	0.3885	0.4831	0.3570	0.1600	0.4894	0.0939	0.4304
000292	S	0.741461	0.601958	0.550191	0.3630	0.4541	0.4000	0.1760	0.5184	0.1292	0.4327
000293	T	0.851706	0.636191	0.573088	0.4379	0.5055	0.4320	0.1730	0.5727	0.1440	0.4335
000294	S	0.956180	0.676150	0.594106	0.4458	0.4685	0.4870	0.1860	0.6046	0.1762	0.4332
000295	P	0.968896	0.706177	0.614592	0.4245	0.4541	0.5280	0.1940	0.6160	0.1841	0.4332
000296	A	0.981465	0.736792	0.634838	0.4651	0.5098	0.6080	0.1660	0.6559	0.1698	0.4337
000297	K	0.986585	0.763272	0.654795	0.5126	0.5254	0.5920	0.1980	0.6724	0.1638	0.4334
000298	A	0.987214	0.776447	0.673360	0.4967	0.5176	0.6210	0.1800	0.6787	0.1669	0.4329
000299	K	0.987535	0.789827	0.690827	0.5173	0.5707	0.6290	0.1770	0.6975	0.1560	0.4325
000300	K	0.988717	0.804121	0.707820	0.5126	0.4901	0.6570	0.1560	0.6934	0.1708	0.4325
000301	T	0.989577	0.816696	0.724523	0.5762	0.6043	0.6670	0.1500	0.7298	0.1404	0.4332
000302	K	0.990020	0.827725	0.740710	0.5126	0.5807	0.7200	0.1010	0.7287	0.1565	0.4352
000303	R	0.995191	0.840317	0.757018	0.5126	0.5807	0.7290	0.0960	0.7358	0.1595	0.4385
000304	M	0.996728	0.853994	0.773820	0.5374	0.6183	0.7550	0.1030	0.7558	0.1498	0.4436
000305	A	0.998728	0.868070	0.790068	0.5331	0.6183	0.7750	0.1180	0.7639	0.1535	0.4488
000306	M	0.996824	0.877055	0.805291	0.5296	0.5758	0.7950	0.1190	0.7632	0.1633	0.4530
000307	G	0.995417	0.898807	0.819111	0.5583	0.6043	0.7960	0.1220	0.7787	0.1540	0.4552
000308	V	0.994421	0.911364	0.831574	0.5412	0.6043	0.8090	0.1180	0.7819	0.1605	0.4578
000309	S	0.993617	0.922740	0.842435	0.5667	0.5419	0.8090	0.1200	0.7794	0.1698	0.4582
000310	A	0.993044	0.935321	0.852196	0.5549	0.5419	0.8410	0.0990	0.7865	0.1759	0.4585
000311	L	0.992579	0.947542	0.861303	0.4967	0.5456	0.8400	0.0950	0.7807	0.1909	0.4578
000312	T	0.991995	0.956770	0.867999	0.4967	0.4766	0.8460	0.0860	0.7726	0.2083	0.4528
000313	H	0.991881	0.966910	0.871616	0.4825	0.4801	0.8500	0.0830	0.7738	0.2126	0.4487
000314	S	0.991710	0.973526	0.871938	0.4149	0.4725	0.8520	0.0780	0.7627	0.2316	0.4402
000315	P	0.993229	0.976321	0.871113	0.4282	0.4369	0.8460	0.0750	0.7586	0.2364	0.4327
000316	S	0.994098	0.978957	0.868756	0.4513	0.4369	0.8750	0.0580	0.7675	0.2335	0.4294
000317	S	0.994651	0.980572	0.866011	0.4203	0.4507	0.8800	0.0530	0.7653	0.2381	0.4279
000318	S	0.995137	0.982063	0.862220	0.3885	0.4476	0.8980	0.0430	0.7623	0.2482	0.4298
000319	S	0.995479	0.984024	0.858288	0.4379	0.4476	0.9100	0.0450	0.7722	0.2375	0.4323
000320	I	0.995900	0.985264	0.854076	0.4379	0.4507	0.9190	0.0460	0.7738	0.2376	0.4390
000321	S	0.996421	0.986149	0.850261	0.4203	0.4766	0.8990	0.0600	0.7714	0.2343	0.4424
000322	S	0.996936	0.986614	0.846791	0.4703	0.5493	0.8890	0.0630	0.7899	0.2060	0.4463
000323	V	0.997380	0.985954	0.843830	0.4749	0.5807	0.9030	0.0510	0.7976	0.1999	0.4540
000324	S	0.997627	0.984453	0.841435	0.4651	0.5620	0.8880	0.0550	0.7898	0.2044	0.4579
000325	S	0.997784	0.981024	0.839835	0.5008	0.5665	0.8880	0.0510	0.7956	0.1937	0.4641
000326	V	0.997084	0.978455	0.838470	0.4749	0.5296	0.9070	0.0480	0.7877	0.2088	0.4715
000327	A	0.996793	0.975058	0.837090	0.4918	0.5342	0.8810	0.0510	0.7861	0.2008	0.4733
000328	S	0.996302	0.971032	0.835680	0.4918	0.4652	0.8700	0.0620	0.7717	0.2146	0.4735
000329	S	0.995055	0.969820	0.834386	0.5008	0.4017	0.8740	0.0640	0.7626	0.2285	0.4772
000330	V	0.994686	0.967133	0.833229	0.4556	0.4087	0.8910	0.0570	0.7583	0.2368	0.4832
000331	G	0.994338	0.962177	0.832124	0.4651	0.4940	0.8660	0.0740	0.7690	0.2119	0.4842
000332	G	0.990729	0.958927	0.831152	0.4703	0.5017	0.8490	0.1000	0.7669	0.2066	0.4851
000333	R	0.986966	0.954421	0.830356	0.4749	0.5017	0.8470	0.1030	0.7659	0.2040	0.4859
000334	P	0.983461	0.948575	0.829392	0.5173	0.5665	0.8440	0.1030	0.7816	0.1784	0.4841
000335	S	0.964012	0.943015	0.828725	0.5229	0.5665	0.8560	0.1110	0.7801	0.1733	0.4825
000336	R	0.955681	0.940275	0.828088	0.5253	0.4864	0.8740	0.0980	0.7684	0.1906	0.4803
000337	S	0.946154	0.936199	0.827437	0.5762	0.5254	0.8680	0.0940	0.7798	0.1675	0.4793
000338	G	0.938847	0.929464	0.826089	0.5412	0.5533	0.8680	0.0900	0.7762	0.1662	0.4814
000339	L	0.930664	0.926908	0.824932	0.5253	0.5493	0.8720	0.0770	0.7715	0.1695	0.4837
000340	L	0.923178	0.922643	0.823684	0.5374	0.4725	0.8820	0.0680	0.7602	0.1845	0.4811
000341	T	0.909890	0.915913	0.821516	0.5762	0.5342	0.8510	0.0920	0.7682	0.1545	0.4743
000342	E	0.889950	0.907556	0.818494	0.5084	0.5342	0.8330	0.1090	0.7486	0.1638	0.4703
000343	T	0.860877	0.898998	0.815560	0.5043	0.5419	0.8360	0.1080	0.7429	0.1579	0.4678
000344	S	0.838963	0.895196	0.813484	0.5008	0.5493	0.8220	0.1160	0.7367	0.1525	0.4652
000345	S	0.821740	0.888132	0.811262	0.4749	0.4901	0.8260	0.1170	0.7187	0.1689	0.4635
000346	R	0.810743	0.881986	0.808119	0.4879	0.4292	0.8310	0.1150	0.7082	0.1790	0.4632
000347	Y	0.798111	0.870651	0.804219	0.4556	0.4330	0.8460	0.1060	0.7013	0.1835	0.4643
000348	A	0.782920	0.864231	0.800334	0.4078	0.4441	0.8070	0.1160	0.6844	0.1848	0.4607
000349	R	0.767031	0.858539	0.796657	0.4078	0.4186	0.7800	0.1190	0.6715	0.1849	0.4552
000350	K	0.764314	0.846206	0.792699	0.4600	0.4186	0.7670	0.0920	0.6747	0.1691	0.4501
000351	I	0.765369	0.846657	0.787907	0.4825	0.4831	0.7500	0.0770	0.6859	0.1467	0.4492
000352	S	0.772089	0.820168	0.783504	0.4203	0.4864	0.6740	0.0660	0.6594	0.1534	0.4483
000353	G	0.709120	0.798669	0.779558	0.4116	0.4725	0.6070	0.0760	0.6297	0.1473	0.4471
000354	T	0.636767	0.804553	0.774918	0.4245	0.4725	0.5630	0.0780	0.6126	0.1422	0.4453
000355	T	0.600028	0.784132	0.768835	0.4203	0.4801	0.5920	0.0660	0.6075	0.1347	0.4427
000356	A	0.519411	0.771317	0.762153	0.4245	0.4979	0.6300	0.0780	0.6008	0.1318	0.4397
000357	L	0.466779	0.792737	0.756177	0.4149	0.4220	0.6480	0.0460	0.5835	0.1559	0.4371
000358	Q	0.413446	0.793178	0.751063	0.4967	0.5098	0.6350	0.0460	0.5999	0.1385	0.4334
000359	E	0.350409	0.784667	0.746641	0.4420	0.5419	0.6600	0.0720	0.5876	0.1575	0.4321
000360	A	0.326821	0.784552	0.742660	0.4420	0.4685	0.6510	0.0860	0.5692	0.1674	0.4315
000361	L	0.325916	0.803101	0.738638	0.4458	0.4087	0.6660	0.0850	0.5647	0.1793	0.4315
000362	K	0.404864	0.800778	0.734131	0.4513	0.4619	0.6330	0.1070	0.5810	0.1508	0.4310
000363	E	0.473871	0.801384	0.728871	0.3847	0.4725	0.6300	0.1150	0.5819	0.1498	0.4319
000364	K	0.505656	0.797423	0.722430	0.3578	0.4685	0.6030	0.1230	0.5758	0.1502	0.4327
000365	Q	0.586996	0.791701	0.715309	0.3668	0.4725	0.5990	0.1240	0.5887	0.1415	0.4336
000366	Q	0.643288	0.770246	0.708453	0.3535	0.4017	0.6170	0.1180	0.5823	0.1534	0.4349
000367	H	0.699904	0.751999	0.702280	0.3847	0.4330	0.5760	0.1420	0.5913	0.1402	0.4365
000368	I	0.762625	0.716633	0.696881	0.3630	0.4979	0.5410	0.1430	0.5963	0.1411	0.4366
000369	E	0.788385	0.697940	0.692337	0.3668	0.4725	0.4920	0.1360	0.5849	0.1498	0.4357
000370	Q	0.795884	0.713006	0.686614	0.3578	0.4725	0.5060	0.1260	0.5887	0.1536	0.4348
000371	L	0.800312	0.713914	0.679068	0.3535	0.4369	0.5580	0.1210	0.5903	0.1570	0.4346
000372	L	0.807409	0.712074	0.669958	0.4282	0.4864	0.5130	0.1210	0.6029	0.1356	0.4336
000373	A	0.811968	0.690902	0.663665	0.3668	0.4864	0.4700	0.1230	0.5817	0.1524	0.4325
000374	E	0.810848	0.704515	0.659066	0.3311	0.4582	0.4460	0.1240	0.5683	0.1678	0.4316
000375	R	0.809351	0.701159	0.655963	0.3263	0.4685	0.4680	0.1120	0.5715	0.1643	0.4307
000376	D	0.797342	0.678095	0.653263	0.2963	0.4619	0.4980	0.1260	0.5641	0.1643	0.4301
000377	L	0.790488	0.655981	0.653067	0.2963	0.4801	0.5360	0.1620	0.5687	0.1565	0.4306
000378	E	0.785192	0.687931	0.654897	0.2913	0.3910	0.5050	0.1740	0.5526	0.1730	0.4313
000379	R	0.782870	0.699157	0.656110	0.3847	0.4017	0.4800	0.1480	0.5674	0.1529	0.4315
000380	A	0.783785	0.695664	0.656620	0.2963	0.4017	0.4730	0.1380	0.5512	0.1730	0.4311
000381	E	0.784988	0.689524	0.656748	0.2209	0.3426	0.4210	0.1230	0.5193	0.2035	0.4312
000382	V	0.775386	0.699257	0.658235	0.2963	0.4149	0.3640	0.1050	0.5347	0.1828	0.4311
000383	A	0.768267	0.697295	0.658465	0.2913	0.4766	0.3100	0.0870	0.5337	0.1867	0.4308
000384	K	0.761147	0.688045	0.657004	0.3225	0.5055	0.2760	0.0890	0.5350	0.1837	0.4303
000385	A	0.758082	0.685581	0.654494	0.3053	0.4220	0.2840	0.0800	0.5183	0.1887	0.4291
000386	T	0.683948	0.684685	0.652709	0.3225	0.4051	0.2630	0.0730	0.5020	0.1769	0.4283
000387	S	0.608830	0.677389	0.652104	0.2209	0.3356	0.2500	0.0610	0.4575	0.1927	0.4273
000388	H	0.521015	0.681625	0.651004	0.2786	0.3356	0.2220	0.0560	0.4484	0.1795	0.4255
000389	I	0.432194	0.664383	0.648831	0.1958	0.3215	0.2100	0.0490	0.4121	0.1897	0.4239
000390	C	0.351029	0.639597	0.645046	0.1416	0.3053	0.1950	0.0450	0.3796	0.1979	0.4228
000391	E	0.314820	0.625435	0.641551	0.1532	0.3249	0.1880	0.0480	0.3746	0.1933	0.4232
000392	V	0.237818	0.649069	0.639216	0.1240	0.3321	0.1880	0.0550	0.3617	0.2091	0.4239
000393	E	0.159730	0.646448	0.638010	0.1698	0.3983	0.1910	0.0640	0.3672	0.2103	0.4233
000394	K	0.087491	0.620993	0.637517	0.2041	0.4149	0.1860	0.0610	0.3585	0.2148	0.4221
000395	E	0.083036	0.620108	0.638084	0.2122	0.3599	0.1930	0.0530	0.3511	0.2125	0.4206
000396	I	0.080375	0.616980	0.639724	0.2333	0.3249	0.2070	0.0490	0.3504	0.2092	0.4168
000397	A	0.090930	0.618113	0.640685	0.1698	0.3019	0.2120	0.0400	0.3389	0.2147	0.4132
000398	L	0.101762	0.629042	0.641178	0.1178	0.3087	0.2160	0.0430	0.3358	0.2223	0.4107
000399	L	0.097717	0.637976	0.640771	0.0909	0.2752	0.2210	0.0530	0.3273	0.2300	0.4115
000400	K	0.058093	0.628409	0.640251	0.1416	0.3529	0.2330	0.0740	0.3423	0.2250	0.4136
000401	A	0.066171	0.611641	0.641128	0.1844	0.4220	0.2660	0.0990	0.3653	0.2129	0.4147
000402	Q	0.114496	0.640428	0.645149	0.1732	0.4051	0.2880	0.1030	0.3778	0.2083	0.4181
000403	H	0.169445	0.654885	0.652217	0.2432	0.3983	0.3130	0.1000	0.4052	0.1887	0.4200
000404	E	0.247708	0.677593	0.658194	0.2167	0.3872	0.3270	0.1010	0.4191	0.1843	0.4239
000405	Q	0.324179	0.672800	0.663173	0.1602	0.3807	0.3510	0.0990	0.4253	0.1852	0.4281
000406	Y	0.396204	0.697883	0.666715	0.1532	0.3529	0.3710	0.0900	0.4397	0.1890	0.4316
000407	V	0.470589	0.724151	0.669348	0.2122	0.4149	0.3770	0.0800	0.4780	0.1742	0.4284
000408	A	0.552709	0.747770	0.669144	0.2122	0.3667	0.3820	0.0850	0.4884	0.1855	0.4189
000409	E	0.636290	0.756622	0.666826	0.2700	0.3667	0.4030	0.0990	0.5166	0.1783	0.4108
000410	A	0.711227	0.764704	0.664583	0.2748	0.3704	0.4320	0.0990	0.5364	0.1853	0.4090
000411	E	0.748507	0.771745	0.662863	0.2255	0.3840	0.4450	0.1050	0.5397	0.2018	0.4077
000412	E	0.785560	0.767454	0.661570	0.1958	0.4051	0.4490	0.1030	0.5441	0.2128	0.4078
000413	K	0.797674	0.776780	0.660020	0.1998	0.3460	0.4490	0.1000	0.5382	0.2230	0.4094
000414	L	0.817864	0.774682	0.659197	0.1921	0.3149	0.4980	0.1010	0.5427	0.2309	0.4113
000415	Q	0.837987	0.760084	0.659609	0.1416	0.2988	0.4840	0.1090	0.5303	0.2487	0.4104
000416	R	0.860099	0.765631	0.661574	0.1322	0.3053	0.4770	0.1120	0.5336	0.2560	0.4112
000417	A	0.881624	0.751793	0.664455	0.1766	0.3566	0.4220	0.1190	0.5422	0.2438	0.4132
000418	R	0.904318	0.754684	0.667155	0.2432	0.3529	0.4290	0.1080	0.5586	0.2339	0.4144
000419	L	0.926755	0.747858	0.669564	0.2558	0.3807	0.4580	0.1190	0.5732	0.2294	0.4186
000420	L	0.937396	0.801438	0.672064	0.1921	0.3087	0.4830	0.1120	0.5658	0.2638	0.4203
000421	V	0.942626	0.836497	0.675187	0.2333	0.3286	0.5050	0.1130	0.5869	0.2566	0.4193
000422	E	0.946721	0.849764	0.678087	0.1698	0.3321	0.5090	0.1070	0.5809	0.2743	0.4187
000423	S	0.934961	0.868113	0.680438	0.1732	0.3215	0.5460	0.0980	0.5874	0.2745	0.4188
000424	V	0.922907	0.862802	0.682833	0.1878	0.2680	0.6220	0.0820	0.5911	0.2770	0.4163
000425	R	0.906505	0.864050	0.685758	0.2657	0.3392	0.6440	0.0810	0.6175	0.2418	0.4138
000426	K	0.894555	0.871628	0.688933	0.1998	0.3494	0.6590	0.0790	0.6106	0.2563	0.4152
000427	E	0.889017	0.882963	0.691573	0.2167	0.3704	0.6070	0.0950	0.6097	0.2487	0.4171
000428	K	0.882987	0.889682	0.693996	0.2333	0.3740	0.6180	0.0820	0.6154	0.2440	0.4192
000429	V	0.887252	0.891725	0.695941	0.2483	0.3740	0.6380	0.0770	0.6225	0.2415	0.4214
000430	D	0.892021	0.903107	0.699009	0.3005	0.4256	0.6440	0.0630	0.6440	0.2226	0.4232
000431	L	0.897078	0.905498	0.703287	0.3399	0.4330	0.6600	0.0500	0.6565	0.2130	0.4249
000432	S	0.899703	0.917233	0.708272	0.3847	0.5017	0.6560	0.0490	0.6779	0.1936	0.4249
000433	N	0.899083	0.915611	0.712205	0.3263	0.5098	0.7580	0.0660	0.6869	0.2099	0.4252
000434	Q	0.899108	0.924124	0.715297	0.3263	0.4409	0.8000	0.0710	0.6843	0.2256	0.4258
000435	L	0.879067	0.920479	0.718098	0.3992	0.4979	0.7980	0.0610	0.7022	0.1924	0.4290
000436	E	0.864037	0.921052	0.721694	0.3630	0.4220	0.7560	0.0610	0.6746	0.2107	0.4307
000437	E	0.852459	0.924054	0.725308	0.3806	0.4186	0.7370	0.0650	0.6731	0.2051	0.4322
000438	E	0.843392	0.923507	0.730005	0.3146	0.3494	0.7620	0.0500	0.6538	0.2359	0.4317
000439	R	0.833820	0.923973	0.735297	0.3096	0.3704	0.7550	0.0660	0.6548	0.2313	0.4319
000440	R	0.823577	0.914676	0.741888	0.3184	0.4369	0.6880	0.0970	0.6539	0.2103	0.4333
000441	K	0.823388	0.912466	0.748485	0.3096	0.4369	0.6360	0.1140	0.6445	0.2121	0.4333
000442	V	0.827065	0.907591	0.754419	0.3885	0.5098	0.5940	0.0900	0.6635	0.1820	0.4329
000443	E	0.829924	0.891681	0.758608	0.3939	0.4256	0.5700	0.1000	0.6449	0.1936	0.4332
000444	D	0.848877	0.884529	0.762505	0.3939	0.4220	0.6220	0.0870	0.6556	0.1938	0.4326
000445	L	0.851493	0.883375	0.767057	0.3146	0.4149	0.6240	0.0670	0.6425	0.2148	0.4320
000446	Q	0.850029	0.872934	0.772763	0.3847	0.4864	0.5650	0.0810	0.6554	0.1866	0.4309
000447	F	0.840112	0.850369	0.779063	0.3668	0.4901	0.6150	0.0880	0.6570	0.1824	0.4312
000448	R	0.839134	0.850274	0.784307	0.3885	0.4149	0.6180	0.0920	0.6492	0.1909	0.4320
000449	V	0.840430	0.836338	0.789099	0.3992	0.4119	0.6990	0.0870	0.6626	0.1877	0.4327
000450	E	0.838176	0.854142	0.792650	0.3491	0.4330	0.6600	0.1100	0.6545	0.1979	0.4335
000451	E	0.832381	0.862865	0.795700	0.3806	0.4476	0.6470	0.1120	0.6611	0.1882	0.4335
000452	E	0.830946	0.861997	0.797802	0.4037	0.4685	0.6690	0.1070	0.6720	0.1782	0.4335
000453	S	0.826713	0.859373	0.798943	0.4651	0.5342	0.6960	0.1180	0.6967	0.1494	0.4335
000454	I	0.826793	0.853617	0.799978	0.4651	0.4507	0.6990	0.1100	0.6825	0.1659	0.4335
000455	T	0.827500	0.863668	0.800105	0.4556	0.4476	0.6660	0.1020	0.6768	0.1705	0.4332
000456	K	0.833581	0.863275	0.799024	0.4333	0.5342	0.6460	0.0970	0.6849	0.1605	0.4334
000457	G	0.829253	0.858888	0.796132	0.4420	0.5176	0.7040	0.1020	0.6913	0.1584	0.4336
000458	D	0.823415	0.851278	0.792069	0.5084	0.6043	0.7400	0.1130	0.7200	0.1236	0.4336
000459	L	0.816370	0.844896	0.787887	0.5043	0.5254	0.8030	0.1060	0.7137	0.1418	0.4337
000460	E	0.814164	0.848251	0.784075	0.5374	0.6043	0.7840	0.1230	0.7287	0.1153	0.4335
000461	T	0.810062	0.840726	0.779899	0.4458	0.6043	0.7880	0.1170	0.7115	0.1408	0.4335
000462	Q	0.809585	0.835963	0.774503	0.4513	0.5139	0.7930	0.1080	0.6964	0.1534	0.4334
000463	T	0.805546	0.829579	0.767858	0.4513	0.5098	0.7930	0.1100	0.6929	0.1522	0.4337
000464	Q	0.798124	0.824657	0.761184	0.3668	0.5098	0.7980	0.1230	0.6764	0.1743	0.4335
000465	L	0.790575	0.818824	0.754771	0.4556	0.6089	0.7800	0.1440	0.7015	0.1290	0.4334
000466	E	0.788850	0.815933	0.748886	0.4513	0.5176	0.7460	0.1550	0.6781	0.1403	0.4331
000467	H	0.785127	0.806663	0.742791	0.4749	0.4582	0.7500	0.1270	0.6696	0.1453	0.4336
000468	A	0.786377	0.796136	0.737429	0.3885	0.3872	0.7430	0.1440	0.6398	0.1794	0.4336
000469	R	0.786069	0.771741	0.731181	0.3053	0.3840	0.6830	0.1420	0.6102	0.1920	0.4333
000470	I	0.783528	0.753988	0.724567	0.3096	0.4441	0.6440	0.1230	0.6100	0.1746	0.4328
000471	G	0.781311	0.757266	0.716654	0.3053	0.4186	0.6130	0.1390	0.5986	0.1785	0.4321
000472	E	0.784363	0.753533	0.708925	0.2963	0.4087	0.5870	0.1520	0.5898	0.1816	0.4317
000473	L	0.788566	0.763043	0.702186	0.2657	0.3910	0.5990	0.1610	0.5849	0.1944	0.4306
000474	E	0.793606	0.756067	0.697594	0.2602	0.3910	0.5390	0.1450	0.5729	0.1957	0.4303
000475	Q	0.795021	0.734247	0.693811	0.2333	0.3774	0.5090	0.1360	0.5572	0.2025	0.4296
000476	S	0.798912	0.731831	0.689468	0.3225	0.3774	0.4920	0.1430	0.5687	0.1813	0.4291
000477	L	0.802659	0.732445	0.683581	0.2963	0.3087	0.5370	0.1230	0.5601	0.1988	0.4281
000478	L	0.806135	0.757466	0.676697	0.2167	0.2817	0.5720	0.1190	0.5517	0.2266	0.4270
000479	L	0.806779	0.767913	0.670268	0.1667	0.3019	0.5400	0.1220	0.5422	0.2367	0.4277
000480	E	0.807534	0.795513	0.663975	0.1698	0.2541	0.4930	0.1360	0.5307	0.2492	0.4294
000481	K	0.797814	0.800577	0.658737	0.2602	0.3149	0.5030	0.1340	0.5559	0.2150	0.4307
000482	A	0.786146	0.790295	0.653794	0.1698	0.3215	0.5340	0.1160	0.5426	0.2313	0.4308
000483	Q	0.771417	0.786161	0.649157	0.1416	0.3286	0.5710	0.1030	0.5414	0.2347	0.4313
000484	A	0.760070	0.772340	0.644355	0.2122	0.3807	0.5770	0.1040	0.5578	0.2023	0.4310
000485	E	0.749680	0.790429	0.638671	0.2041	0.3087	0.5820	0.0910	0.5456	0.2177	0.4314
000486	R	0.742597	0.788740	0.632660	0.1844	0.3182	0.6000	0.0720	0.5445	0.2201	0.4310
000487	L	0.735785	0.779556	0.627098	0.1178	0.3249	0.6730	0.0770	0.5430	0.2399	0.4294
000488	L	0.731747	0.790489	0.622996	0.1805	0.3321	0.6470	0.0720	0.5507	0.2197	0.4288
000489	R	0.727791	0.778906	0.621040	0.2531	0.3774	0.5830	0.0660	0.5568	0.1861	0.4283
000490	E	0.724950	0.795016	0.619955	0.2483	0.4476	0.5580	0.0490	0.5657	0.1806	0.4236
000491	L	0.723827	0.793408	0.619274	0.2167	0.4330	0.5820	0.0450	0.5613	0.1912	0.4169
000492	A	0.711549	0.786499	0.618101	0.2292	0.4441	0.5380	0.0630	0.5545	0.1829	0.4136
000493	D	0.691976	0.783905	0.617571	0.2432	0.4476	0.5680	0.0530	0.5588	0.1751	0.4144
000494	N	0.670966	0.786235	0.618290	0.2558	0.3910	0.5690	0.0710	0.5486	0.1767	0.4162
000495	R	0.671050	0.768142	0.619875	0.2602	0.3460	0.5980	0.0750	0.5439	0.1802	0.4189
000496	L	0.677616	0.762317	0.622406	0.1878	0.3392	0.6060	0.0760	0.5325	0.2015	0.4183
000497	T	0.684181	0.741496	0.625854	0.1349	0.2918	0.5670	0.0810	0.5075	0.2194	0.4215
000498	T	0.688997	0.745603	0.630926	0.1958	0.3631	0.5570	0.0940	0.5303	0.1925	0.4251
000499	V	0.700034	0.759086	0.636716	0.1998	0.4330	0.5440	0.1150	0.5454	0.1871	0.4284
000500	A	0.713194	0.754149	0.643167	0.2209	0.4541	0.5030	0.1190	0.5482	0.1810	0.4319
000501	E	0.741199	0.780552	0.650498	0.2167	0.3807	0.5480	0.1310	0.5529	0.1998	0.4339
000502	K	0.772389	0.794961	0.658961	0.3096	0.4541	0.5660	0.1080	0.5927	0.1721	0.4345
000503	S	0.804864	0.797247	0.668027	0.2657	0.4087	0.5650	0.0920	0.5849	0.1974	0.4352
000504	R	0.814116	0.808482	0.676999	0.2700	0.3840	0.5910	0.0970	0.5907	0.2043	0.4359
000505	V	0.816311	0.801385	0.686142	0.2041	0.3566	0.6250	0.1010	0.5816	0.2271	0.4374
000506	L	0.819358	0.795384	0.694825	0.2122	0.3740	0.6710	0.1120	0.5944	0.2242	0.4386
000507	Q	0.822886	0.803530	0.703294	0.2820	0.4476	0.5940	0.1220	0.6090	0.1939	0.4374
000508	L	0.825372	0.812457	0.711150	0.2820	0.3599	0.5600	0.1100	0.5918	0.2114	0.4372
000509	E	0.827458	0.818399	0.718977	0.2865	0.3599	0.4830	0.0850	0.5824	0.2165	0.4345
000510	E	0.828340	0.816759	0.727081	0.2820	0.4220	0.4560	0.0840	0.5887	0.2113	0.4315
000511	E	0.824854	0.815219	0.735858	0.3184	0.3774	0.4270	0.0750	0.5831	0.2131	0.4288
000512	L	0.819248	0.799544	0.745013	0.3263	0.3740	0.4080	0.0680	0.5787	0.2117	0.4303
000513	T	0.812547	0.793266	0.754321	0.2657	0.3872	0.3850	0.0570	0.5663	0.2247	0.4278
000514	L	0.803191	0.795827	0.762777	0.2700	0.3249	0.4250	0.0630	0.5636	0.2286	0.4223
000515	R	0.797049	0.802541	0.770514	0.3096	0.2783	0.4080	0.0750	0.5610	0.2325	0.4140
000516	R	0.789269	0.805004	0.776687	0.3146	0.2752	0.4380	0.0690	0.5664	0.2293	0.4100
000517	G	0.782345	0.806144	0.782765	0.3263	0.3494	0.4710	0.0740	0.5864	0.2091	0.4137
000518	E	0.772664	0.818574	0.789171	0.2558	0.3494	0.5200	0.0780	0.5843	0.2234	0.4219
000519	I	0.769226	0.817808	0.796897	0.3311	0.4119	0.5550	0.0790	0.6136	0.1930	0.4322
000520	E	0.772602	0.805874	0.804796	0.3311	0.4441	0.5310	0.0610	0.6150	0.1889	0.4444
000521	E	0.776350	0.798146	0.813139	0.3359	0.4766	0.5530	0.0680	0.6255	0.1822	0.4592
000522	L	0.780894	0.798247	0.821550	0.3668	0.5098	0.5830	0.0770	0.6434	0.1696	0.4762
000523	Q	0.792877	0.805576	0.830527	0.4749	0.6375	0.5830	0.0940	0.6873	0.1318	0.4878
000524	Q	0.802414	0.802032	0.839467	0.5043	0.6375	0.6170	0.1050	0.7005	0.1221	0.5055
000525	C	0.809602	0.822801	0.848108	0.5992	0.7415	0.6280	0.1210	0.7415	0.0964	0.5268
000526	L	0.820470	0.816260	0.856370	0.6219	0.7982	0.6180	0.1160	0.7552	0.0971	0.5519
000527	L	0.834834	0.842906	0.863705	0.6374	0.8198	0.6150	0.1210	0.7689	0.1021	0.5689
000528	H	0.840000	0.866520	0.869707	0.6557	0.7982	0.6320	0.1190	0.7771	0.0972	0.5772
000529	S	0.842721	0.886028	0.873681	0.6557	0.7718	0.6670	0.1330	0.7827	0.0934	0.5813
000530	G	0.832528	0.896939	0.876457	0.7111	0.8623	0.6830	0.1500	0.8104	0.0827	0.5833
000531	P	0.809522	0.902335	0.878380	0.6870	0.7755	0.6950	0.1550	0.7913	0.0823	0.5849
000532	P	0.779316	0.905297	0.879724	0.6827	0.6948	0.7260	0.1460	0.7779	0.0869	0.5853
000533	P	0.767385	0.907160	0.880352	0.6944	0.7628	0.7270	0.1490	0.7899	0.0777	0.5829
000534	P	0.741717	0.907744	0.880467	0.6293	0.6806	0.7340	0.1590	0.7623	0.1006	0.5808
000535	D	0.713196	0.907322	0.880160	0.6035	0.6620	0.7270	0.1550	0.7488	0.1101	0.5795
000536	H	0.675258	0.906296	0.879109	0.6035	0.7547	0.7160	0.1590	0.7557	0.1074	0.5752
000537	P	0.643025	0.899277	0.877798	0.6650	0.8125	0.6980	0.1770	0.7659	0.1020	0.5637
000538	D	0.603646	0.896206	0.875815	0.7342	0.8162	0.6900	0.1710	0.7694	0.1037	0.5517
000539	A	0.574244	0.893566	0.873597	0.7388	0.7289	0.6890	0.1700	0.7497	0.1088	0.5498
000540	A	0.576695	0.880002	0.871015	0.6789	0.7289	0.6620	0.1710	0.7329	0.1104	0.5501
000541	E	0.594147	0.859751	0.868167	0.6174	0.7080	0.6520	0.1740	0.7166	0.1099	0.5466
000542	I	0.592899	0.843071	0.863947	0.5802	0.6576	0.6770	0.1790	0.7024	0.1122	0.5493
000543	L	0.612158	0.835224	0.858435	0.5296	0.5992	0.6600	0.1780	0.6824	0.1225	0.5509
000544	R	0.621113	0.815513	0.852935	0.5008	0.5620	0.6560	0.1690	0.6681	0.1275	0.5451
000545	L	0.653754	0.827356	0.848860	0.4651	0.5382	0.6680	0.1650	0.6669	0.1392	0.5445
000546	R	0.684963	0.814585	0.846860	0.4600	0.5342	0.6370	0.1590	0.6630	0.1389	0.5406
000547	E	0.723625	0.818464	0.847118	0.4651	0.5055	0.5990	0.1540	0.6598	0.1471	0.5395
000548	R	0.756951	0.809653	0.848806	0.4458	0.4801	0.6170	0.1580	0.6597	0.1568	0.5416
000549	L	0.770184	0.812332	0.850112	0.4282	0.4725	0.6390	0.1400	0.6621	0.1637	0.5477
000550	L	0.780663	0.839799	0.849603	0.4420	0.4901	0.6190	0.1300	0.6702	0.1634	0.5439
000551	S	0.778806	0.841595	0.847758	0.4600	0.4541	0.6060	0.1330	0.6648	0.1671	0.5298
000552	A	0.800830	0.852032	0.844961	0.4513	0.3774	0.6450	0.1360	0.6619	0.1891	0.5188
000553	S	0.822875	0.856026	0.841103	0.4513	0.4476	0.6960	0.1310	0.6858	0.1750	0.5067
000554	K	0.830651	0.851680	0.836394	0.4420	0.5254	0.7040	0.1560	0.6983	0.1611	0.4935
000555	E	0.830939	0.849526	0.831117	0.4513	0.5296	0.7140	0.1570	0.7011	0.1569	0.4888
000556	H	0.833193	0.846487	0.825782	0.5126	0.5176	0.6950	0.1370	0.7051	0.1433	0.4837
000557	Q	0.844182	0.840721	0.820463	0.5173	0.5382	0.7020	0.1300	0.7105	0.1378	0.4794
000558	R	0.866274	0.835000	0.815542	0.4420	0.5211	0.6780	0.1350	0.6930	0.1623	0.4733
000559	E	0.879112	0.828756	0.810166	0.4333	0.5098	0.6000	0.1420	0.6768	0.1708	0.4692
000560	S	0.863606	0.817114	0.804539	0.4918	0.5055	0.6150	0.1080	0.6829	0.1517	0.4675
000561	G	0.780526	0.807605	0.798000	0.5253	0.5707	0.5980	0.1090	0.6801	0.1175	0.4721
000562	V	0.724782	0.786622	0.792148	0.4556	0.5456	0.6150	0.1180	0.6532	0.1254	0.4806
000563	L	0.656113	0.773109	0.785642	0.4703	0.4864	0.5510	0.1310	0.6205	0.1273	0.4886
000564	R	0.590767	0.755414	0.778727	0.4379	0.4940	0.4840	0.1330	0.5901	0.1333	0.4928
000565	D	0.500877	0.734309	0.771158	0.3717	0.4801	0.4290	0.1400	0.5479	0.1508	0.4991
000566	K	0.425842	0.733491	0.763780	0.3717	0.4801	0.3840	0.1730	0.5265	0.1610	0.5038
000567	Y	0.335212	0.736069	0.756534	0.3311	0.4087	0.4010	0.1560	0.4948	0.1803	0.5053
000568	E	0.326243	0.738316	0.749562	0.3146	0.4119	0.3840	0.1490	0.4875	0.1843	0.5033
000569	K	0.358171	0.717655	0.743422	0.2602	0.4149	0.3810	0.1490	0.4792	0.1840	0.5023
000570	A	0.432433	0.716215	0.738314	0.2700	0.3426	0.3580	0.1210	0.4763	0.1837	0.5027
000571	L	0.407886	0.716949	0.733141	0.2602	0.3356	0.3570	0.1130	0.4684	0.1866	0.5019
000572	K	0.385448	0.699672	0.728252	0.1998	0.3182	0.3640	0.1200	0.4492	0.1964	0.4932
000573	A	0.366289	0.708149	0.723722	0.2602	0.3566	0.3700	0.1360	0.4642	0.1819	0.4881
000574	Y	0.369400	0.716653	0.719521	0.2963	0.4330	0.3850	0.1410	0.4866	0.1685	0.4839
000575	Q	0.355492	0.714461	0.714120	0.2700	0.4507	0.3450	0.1230	0.4749	0.1772	0.4790
000576	A	0.344358	0.716018	0.707867	0.2748	0.4369	0.3380	0.0990	0.4697	0.1777	0.4737
000577	E	0.252652	0.708919	0.698586	0.2786	0.3704	0.3220	0.0930	0.4386	0.1911	0.4676
000578	V	0.159845	0.694214	0.687359	0.3399	0.4220	0.3530	0.0950	0.4427	0.1925	0.4649
000579	D	0.071832	0.674023	0.674749	0.2786	0.4186	0.3360	0.1020	0.4090	0.2148	0.4628
000580	K	0.065650	0.677131	0.664466	0.2531	0.4369	0.3760	0.1280	0.4121	0.2165	0.4604
000581	L	0.123867	0.684954	0.655892	0.2786	0.4017	0.4210	0.1380	0.4277	0.1973	0.4573
000582	R	0.147595	0.675012	0.647873	0.3491	0.4476	0.4030	0.1350	0.4450	0.1796	0.4535
000583	A	0.169410	0.644727	0.640409	0.3005	0.4541	0.3970	0.1220	0.4343	0.1716	0.4557
000584	A	0.206141	0.655737	0.633770	0.2963	0.4119	0.3600	0.1210	0.4273	0.1661	0.4551
000585	N	0.244848	0.656455	0.627047	0.3578	0.4766	0.3510	0.1260	0.4523	0.1500	0.4564
000586	E	0.252986	0.650499	0.620070	0.2865	0.4831	0.3680	0.1180	0.4435	0.1540	0.4596
000587	K	0.272531	0.646047	0.613254	0.3096	0.4979	0.3620	0.1110	0.4503	0.1451	0.4642
000588	Y	0.294293	0.642686	0.607541	0.3263	0.4330	0.3680	0.0940	0.4453	0.1344	0.4696
000589	A	0.283931	0.635919	0.602376	0.3806	0.4940	0.3530	0.0830	0.4583	0.1298	0.4709
000590	Q	0.220744	0.608953	0.598531	0.3184	0.4901	0.3180	0.0630	0.4258	0.1487	0.4707
000591	E	0.197709	0.601529	0.595817	0.3311	0.4766	0.3250	0.0640	0.4214	0.1491	0.4714
000592	V	0.176587	0.611417	0.593273	0.4078	0.5533	0.3710	0.0880	0.4523	0.1527	0.4735
000593	A	0.137159	0.629101	0.590416	0.3806	0.5620	0.3910	0.1010	0.4483	0.1686	0.4732
000594	G	0.126127	0.635596	0.588554	0.4037	0.5992	0.4190	0.1240	0.4620	0.1747	0.4704
000595	L	0.164120	0.657072	0.588248	0.4333	0.6427	0.4040	0.1490	0.4816	0.1719	0.4688
000596	K	0.191283	0.674147	0.588519	0.4282	0.5992	0.4120	0.1290	0.4822	0.1604	0.4615
000597	D	0.235022	0.681123	0.588838	0.4333	0.5854	0.4500	0.1140	0.4957	0.1443	0.4581
000598	K	0.270909	0.693245	0.589489	0.4116	0.5176	0.4940	0.1220	0.4961	0.1329	0.4535
000599	V	0.271421	0.698197	0.590072	0.4825	0.5807	0.4910	0.1010	0.5190	0.1319	0.4531
000600	Q	0.264876	0.695091	0.590291	0.4513	0.6183	0.4540	0.0760	0.5123	0.1409	0.4551
000601	Q	0.258706	0.691650	0.590239	0.4282	0.6269	0.4760	0.0800	0.5119	0.1438	0.4606
000602	A	0.266166	0.703215	0.590939	0.4282	0.4979	0.4560	0.0700	0.4904	0.1359	0.4665
000603	T	0.237155	0.704067	0.591532	0.4918	0.5577	0.4160	0.0660	0.4997	0.1470	0.4754
000604	S	0.188595	0.696791	0.592847	0.4458	0.5807	0.3770	0.0820	0.4803	0.1666	0.4898
000605	E	0.142753	0.704824	0.594858	0.4420	0.5758	0.3590	0.0660	0.4699	0.1835	0.5060
000606	N	0.070267	0.702847	0.598218	0.5084	0.5707	0.4030	0.0740	0.4756	0.2026	0.5229
000607	M	0.036711	0.707028	0.601855	0.5126	0.5951	0.4920	0.0940	0.4909	0.2147	0.5528
000608	G	0.039170	0.695082	0.607726	0.4420	0.5807	0.5110	0.0820	0.4793	0.2119	0.5724
000609	L	0.054532	0.719652	0.615215	0.4513	0.5139	0.4650	0.0900	0.4700	0.2075	0.5959
000610	M	0.061514	0.726731	0.622778	0.5043	0.5577	0.4700	0.0940	0.4905	0.2091	0.6123
000611	D	0.057971	0.723833	0.627686	0.4420	0.5533	0.4840	0.0850	0.4815	0.2106	0.6210
000612	N	0.058518	0.747688	0.631385	0.4149	0.5577	0.5650	0.0720	0.4959	0.2192	0.6304
000613	W	0.060501	0.768736	0.635341	0.4458	0.6043	0.5800	0.0770	0.5159	0.2245	0.6410
000614	K	0.056864	0.784991	0.639818	0.4651	0.6089	0.5470	0.0700	0.5171	0.2275	0.6426
000615	S	0.053951	0.795704	0.644681	0.4749	0.6043	0.5530	0.0640	0.5211	0.2306	0.6432
000616	K	0.065405	0.795971	0.650436	0.4781	0.5951	0.5440	0.0620	0.5215	0.2265	0.6417
000617	L	0.067786	0.801644	0.655934	0.4651	0.5055	0.5680	0.0820	0.5106	0.2263	0.6416
000618	D	0.056443	0.805047	0.662117	0.4879	0.5342	0.5390	0.0750	0.5141	0.2301	0.6348
000619	S	0.053211	0.818703	0.668598	0.4245	0.5456	0.5780	0.0830	0.5148	0.2388	0.6336
000620	L	0.061030	0.827769	0.675321	0.4918	0.5456	0.6040	0.0840	0.5342	0.2369	0.6287
000621	A	0.080312	0.828050	0.680232	0.5173	0.5620	0.6130	0.0950	0.5468	0.2309	0.6217
000622	S	0.092198	0.825352	0.683826	0.4513	0.5296	0.6250	0.0980	0.5346	0.2301	0.6153
000623	D	0.140235	0.832172	0.688552	0.4333	0.5176	0.6390	0.0980	0.5418	0.2194	0.6082
000624	H	0.203193	0.837793	0.693139	0.4825	0.5533	0.6400	0.1010	0.5684	0.1976	0.5966
000625	Q	0.236229	0.835673	0.697523	0.4825	0.5758	0.6810	0.0930	0.5849	0.1902	0.5893
000626	K	0.271128	0.833014	0.700621	0.4203	0.5758	0.7100	0.1080	0.5851	0.1898	0.5799
000627	S	0.323173	0.834233	0.704378	0.4282	0.5854	0.7220	0.1180	0.5995	0.1765	0.5769
000628	L	0.377338	0.831902	0.707855	0.4879	0.7163	0.7250	0.1160	0.6410	0.1563	0.5700
000629	E	0.415350	0.825826	0.711206	0.4879	0.7036	0.6780	0.1140	0.6371	0.1406	0.5619
000630	D	0.403843	0.823686	0.714288	0.5253	0.6806	0.6800	0.0890	0.6380	0.1363	0.5548
000631	L	0.417731	0.816953	0.716853	0.5762	0.7628	0.6990	0.0940	0.6649	0.1326	0.5494
000632	K	0.387662	0.800029	0.718797	0.5667	0.7843	0.6070	0.1030	0.6441	0.1430	0.5382
000633	A	0.387128	0.793542	0.720216	0.5762	0.7799	0.5810	0.1270	0.6396	0.1421	0.5340
000634	T	0.421706	0.785298	0.721910	0.5762	0.7755	0.5250	0.1230	0.6342	0.1360	0.5248
000635	L	0.462098	0.777919	0.723691	0.5667	0.6576	0.5880	0.1240	0.6294	0.1044	0.5189
000636	N	0.421407	0.773363	0.725540	0.5711	0.6531	0.5620	0.1140	0.6177	0.1162	0.5089
000637	S	0.367056	0.768216	0.726218	0.5043	0.6661	0.5250	0.1340	0.5928	0.1398	0.5002
000638	G	0.321287	0.771720	0.726564	0.5084	0.5758	0.4750	0.1270	0.5631	0.1526	0.4874
000639	P	0.338934	0.769864	0.726183	0.5762	0.6531	0.4360	0.1050	0.5833	0.1536	0.4820
000640	G	0.378563	0.770541	0.726435	0.5008	0.6183	0.4860	0.1090	0.5802	0.1383	0.4758
000641	A	0.430115	0.767164	0.726996	0.4879	0.5296	0.5040	0.1240	0.5744	0.1263	0.4731
000642	Q	0.438231	0.768865	0.728128	0.5253	0.5854	0.4450	0.1160	0.5819	0.1284	0.4688
000643	Q	0.385214	0.765002	0.728335	0.4781	0.5992	0.4420	0.1350	0.5663	0.1431	0.4777
000644	K	0.327298	0.762580	0.728140	0.4825	0.6227	0.3900	0.1270	0.5522	0.1643	0.4841
000645	E	0.367907	0.755546	0.727492	0.5008	0.5211	0.3650	0.1100	0.5396	0.1548	0.4945
000646	I	0.402446	0.744785	0.728375	0.5583	0.5951	0.4030	0.1150	0.5721	0.1368	0.5053
000647	G	0.435190	0.728728	0.730464	0.4825	0.5493	0.3660	0.1180	0.5486	0.1392	0.5154
000648	E	0.438797	0.725464	0.733903	0.4781	0.5577	0.3250	0.1200	0.5432	0.1485	0.5331
000649	L	0.408727	0.698519	0.735263	0.4513	0.5807	0.3180	0.1020	0.5321	0.1521	0.5523
000650	K	0.369270	0.686222	0.733235	0.4203	0.5382	0.2710	0.0770	0.5030	0.1666	0.5670
000651	A	0.367721	0.692986	0.730183	0.4379	0.4652	0.2690	0.0590	0.4938	0.1663	0.5846
000652	V	0.401601	0.706237	0.729230	0.4703	0.4901	0.2770	0.0730	0.5125	0.1604	0.6002
000653	M	0.439872	0.714334	0.729997	0.3885	0.4186	0.2740	0.0570	0.4942	0.1696	0.6123
000654	E	0.445119	0.713824	0.730179	0.3885	0.4149	0.2550	0.0680	0.4912	0.1738	0.6176
000655	G	0.429114	0.713174	0.729840	0.3225	0.4330	0.2850	0.0710	0.4854	0.1753	0.6218
000656	I	0.395044	0.706924	0.729235	0.3146	0.3599	0.3010	0.0620	0.4677	0.1798	0.6240
000657	K	0.386734	0.708869	0.728907	0.3939	0.4369	0.2830	0.0760	0.4897	0.1686	0.6276
000658	M	0.400652	0.716445	0.728478	0.3225	0.4186	0.3160	0.0810	0.4838	0.1729	0.6331
000659	E	0.418358	0.720257	0.729033	0.3146	0.4051	0.2970	0.0870	0.4807	0.1780	0.6248
000660	H	0.410478	0.715247	0.729491	0.3630	0.4864	0.3100	0.0960	0.5025	0.1643	0.6164
000661	Q	0.395221	0.726552	0.729954	0.3578	0.5017	0.3240	0.0980	0.5059	0.1664	0.6084
000662	L	0.378207	0.737496	0.731026	0.4037	0.4507	0.3380	0.0890	0.5065	0.1645	0.5992
000663	E	0.370863	0.745517	0.732922	0.4703	0.5176	0.3350	0.0870	0.5287	0.1605	0.5874
000664	L	0.413447	0.759250	0.735246	0.4203	0.5456	0.4330	0.0850	0.5511	0.1457	0.5786
000665	G	0.469577	0.775487	0.736887	0.4149	0.5176	0.4450	0.0770	0.5600	0.1425	0.5678
000666	N	0.452451	0.783808	0.737723	0.4149	0.4940	0.5270	0.0750	0.5683	0.1410	0.5616
000667	L	0.448599	0.788460	0.737362	0.4703	0.6089	0.5140	0.0680	0.5946	0.1300	0.5618
000668	Q	0.411286	0.794523	0.737138	0.4556	0.5419	0.5080	0.0720	0.5747	0.1421	0.5587
000669	A	0.381881	0.797596	0.736612	0.5008	0.5620	0.5420	0.0490	0.5869	0.1407	0.5596
000670	K	0.351638	0.805584	0.736382	0.4282	0.5620	0.4940	0.0650	0.5630	0.1615	0.5597
000671	H	0.323660	0.811512	0.735186	0.4116	0.5342	0.5410	0.0530	0.5595	0.1697	0.5619
000672	D	0.337785	0.817559	0.734117	0.4116	0.5419	0.5580	0.0370	0.5669	0.1674	0.5621
000673	L	0.345384	0.803190	0.733016	0.4825	0.6089	0.5410	0.0430	0.5857	0.1527	0.5586
000674	E	0.347180	0.803571	0.733098	0.4825	0.5176	0.4660	0.0660	0.5584	0.1587	0.5542
000675	T	0.396525	0.798876	0.733104	0.5296	0.5901	0.5680	0.0530	0.6027	0.1321	0.5508
000676	A	0.403654	0.798669	0.732835	0.4556	0.5992	0.5840	0.0610	0.5957	0.1394	0.5512
000677	M	0.460725	0.810200	0.730636	0.4379	0.5758	0.5850	0.0590	0.6000	0.1340	0.5455
000678	H	0.502052	0.826869	0.727541	0.5173	0.5758	0.6260	0.0570	0.6292	0.1157	0.5333
000679	V	0.560792	0.821420	0.724714	0.5126	0.5758	0.6550	0.0700	0.6418	0.1056	0.5204
000680	K	0.619111	0.841165	0.723635	0.4703	0.6136	0.6430	0.0670	0.6518	0.1130	0.5059
000681	E	0.626303	0.848964	0.725028	0.4825	0.5951	0.6350	0.0730	0.6522	0.1133	0.4940
000682	K	0.625298	0.861727	0.726469	0.4651	0.5758	0.6770	0.0660	0.6552	0.1235	0.4850
000683	E	0.635375	0.872344	0.726465	0.4379	0.5707	0.6790	0.0650	0.6536	0.1339	0.4776
000684	A	0.653798	0.871731	0.724743	0.5126	0.6712	0.7130	0.0700	0.6912	0.1064	0.4726
000685	L	0.671601	0.875464	0.722423	0.5043	0.5707	0.6820	0.0870	0.6711	0.1172	0.4651
000686	R	0.679136	0.879227	0.720240	0.5084	0.5456	0.6660	0.0900	0.6664	0.1210	0.4543
000687	E	0.697242	0.892187	0.717651	0.4600	0.5665	0.6610	0.0830	0.6658	0.1336	0.4477
000688	K	0.712004	0.893014	0.714689	0.4651	0.5139	0.6840	0.0650	0.6638	0.1413	0.4435
000689	L	0.723981	0.897795	0.710972	0.4556	0.4940	0.6830	0.0730	0.6609	0.1489	0.4467
000690	Q	0.731070	0.898011	0.706696	0.4513	0.5493	0.6570	0.0740	0.6655	0.1411	0.4470
000691	E	0.741714	0.899394	0.702505	0.4458	0.5758	0.6790	0.0910	0.6740	0.1402	0.4477
000692	A	0.755402	0.901355	0.698746	0.4245	0.4582	0.7100	0.0730	0.6580	0.1671	0.4538
000693	Q	0.766089	0.902904	0.695043	0.4513	0.4541	0.6710	0.0670	0.6567	0.1620	0.4570
000694	E	0.776373	0.901255	0.691520	0.3578	0.4256	0.6610	0.0880	0.6356	0.1895	0.4604
000695	E	0.777384	0.904631	0.688097	0.3630	0.4441	0.6620	0.0880	0.6399	0.1857	0.4672
000696	L	0.766584	0.906304	0.685278	0.4245	0.4409	0.6590	0.0880	0.6471	0.1709	0.4770
000697	A	0.756012	0.906705	0.682906	0.4333	0.4582	0.6430	0.0840	0.6467	0.1643	0.4868
000698	G	0.729152	0.906726	0.681578	0.3535	0.3872	0.6350	0.0780	0.6155	0.1929	0.4871
000699	L	0.708210	0.907501	0.680977	0.3578	0.3948	0.6190	0.0760	0.6113	0.1885	0.4875
000700	Q	0.677829	0.904433	0.680887	0.3630	0.4441	0.5600	0.0910	0.6050	0.1766	0.4796
000701	R	0.603277	0.906110	0.681094	0.3630	0.4441	0.5680	0.0710	0.5942	0.1740	0.4796
000702	H	0.519919	0.898774	0.681462	0.3456	0.4369	0.6210	0.0600	0.5840	0.1791	0.4837
000703	W	0.447732	0.897095	0.681583	0.3762	0.4725	0.6980	0.0870	0.5956	0.1798	0.4776
000704	R	0.378863	0.911032	0.681347	0.3717	0.4619	0.6840	0.0990	0.5815	0.1951	0.4733
000705	A	0.305883	0.906550	0.680689	0.3806	0.3840	0.6930	0.0930	0.5584	0.2160	0.4697
000706	Q	0.260348	0.921673	0.680320	0.3535	0.3872	0.6920	0.0860	0.5492	0.2325	0.4628
000707	L	0.233492	0.924993	0.679720	0.3456	0.3840	0.7250	0.0880	0.5488	0.2441	0.4571
000708	E	0.223270	0.927468	0.679490	0.3668	0.4017	0.7140	0.0810	0.5522	0.2410	0.4505
000709	V	0.226884	0.929712	0.679305	0.2786	0.4087	0.7510	0.0840	0.5457	0.2580	0.4470
000710	Q	0.299722	0.930275	0.678991	0.3491	0.4582	0.7340	0.0770	0.5750	0.2246	0.4416
000711	A	0.383733	0.932108	0.678084	0.3535	0.4582	0.7650	0.0730	0.5951	0.2126	0.4421
000712	S	0.445293	0.923041	0.676856	0.3491	0.4801	0.7660	0.0670	0.6068	0.1995	0.4376
000713	Q	0.501540	0.926056	0.675616	0.3225	0.4619	0.7640	0.0750	0.6085	0.2017	0.4319
000714	H	0.563231	0.917610	0.674924	0.4149	0.5533	0.7880	0.0770	0.6520	0.1650	0.4299
000715	R	0.597913	0.922516	0.674082	0.4282	0.5533	0.8180	0.0900	0.6657	0.1648	0.4256
000716	L	0.631483	0.920827	0.673126	0.4203	0.5901	0.8320	0.0860	0.6781	0.1629	0.4223
000717	E	0.622341	0.918286	0.671645	0.4037	0.5665	0.8500	0.0610	0.6720	0.1722	0.4198
000718	L	0.605839	0.913681	0.670417	0.4918	0.6712	0.8740	0.0450	0.7045	0.1470	0.4197
000719	Q	0.553236	0.907770	0.669685	0.4651	0.5707	0.8910	0.0480	0.6763	0.1687	0.4188
000720	E	0.525998	0.909785	0.669580	0.5296	0.6375	0.8730	0.0420	0.6909	0.1514	0.4197
000721	A	0.510660	0.899263	0.670057	0.4513	0.5533	0.9080	0.0430	0.6654	0.1807	0.4213
000722	Q	0.532296	0.889289	0.670060	0.4458	0.5992	0.8910	0.0550	0.6712	0.1688	0.4232
000723	D	0.553376	0.880190	0.669445	0.3668	0.6136	0.8650	0.0650	0.6581	0.1780	0.4250
000724	Q	0.568975	0.873246	0.668498	0.3847	0.5296	0.8380	0.0710	0.6439	0.1717	0.4262
000725	R	0.586649	0.865904	0.667436	0.3806	0.5176	0.8170	0.0750	0.6391	0.1674	0.4285
000726	R	0.626905	0.842347	0.666847	0.3184	0.5211	0.7860	0.0810	0.6269	0.1730	0.4311
000727	D	0.670126	0.835271	0.665665	0.4078	0.5254	0.7450	0.0870	0.6415	0.1401	0.4333
000728	A	0.713403	0.817864	0.663679	0.3939	0.5254	0.7530	0.0870	0.6445	0.1437	0.4318
000729	E	0.722174	0.797510	0.660073	0.3885	0.5342	0.7330	0.0890	0.6392	0.1384	0.4307
000730	L	0.739905	0.789845	0.654341	0.3992	0.5382	0.7580	0.1260	0.6466	0.1383	0.4308
000731	R	0.729212	0.762546	0.648602	0.3225	0.4541	0.7370	0.1420	0.6089	0.1643	0.4302
000732	V	0.719166	0.741212	0.642128	0.3491	0.4619	0.7340	0.1300	0.6078	0.1502	0.4311
000733	H	0.713403	0.722243	0.636132	0.2748	0.4619	0.6800	0.1520	0.5815	0.1624	0.4323
000734	E	0.710781	0.735592	0.629035	0.2483	0.4507	0.6030	0.1600	0.5629	0.1679	0.4327
000735	L	0.707965	0.721985	0.622350	0.2531	0.4330	0.6250	0.1280	0.5606	0.1666	0.4332
000736	E	0.705148	0.701727	0.615338	0.2748	0.4409	0.5310	0.1050	0.5449	0.1523	0.4333
000737	K	0.704013	0.690794	0.610107	0.2657	0.4369	0.4790	0.1200	0.5312	0.1547	0.4332
000738	L	0.688512	0.694971	0.606465	0.2531	0.3494	0.4730	0.1070	0.5109	0.1676	0.4332
000739	D	0.634183	0.673623	0.604062	0.2531	0.3774	0.3910	0.1250	0.4888	0.1561	0.4331
000740	V	0.580733	0.674484	0.601391	0.1667	0.2817	0.3790	0.1300	0.4474	0.1844	0.4331
000741	E	0.527878	0.662553	0.597874	0.2385	0.2849	0.3240	0.1320	0.4393	0.1634	0.4333
000742	Y	0.476663	0.649190	0.594416	0.1805	0.2884	0.3200	0.1250	0.4181	0.1688	0.4334
000743	R	0.429390	0.643132	0.591653	0.1698	0.3566	0.2890	0.1190	0.4132	0.1648	0.4332
000744	G	0.407985	0.625877	0.589416	0.1532	0.3356	0.2510	0.0960	0.3938	0.1703	0.4332
000745	Q	0.392960	0.634214	0.588427	0.1532	0.2575	0.2500	0.0840	0.3794	0.1787	0.4332
000746	A	0.390588	0.617363	0.588045	0.2255	0.3215	0.2360	0.0730	0.3965	0.1560	0.4331
000747	Q	0.381356	0.629038	0.589025	0.1380	0.2503	0.2220	0.0660	0.3683	0.1849	0.4331
000748	A	0.367469	0.629506	0.590692	0.1532	0.2399	0.2220	0.0610	0.3671	0.1835	0.4337
000749	I	0.390542	0.643825	0.592730	0.1566	0.3117	0.2170	0.0530	0.3853	0.1808	0.4328
000750	E	0.365049	0.629502	0.594634	0.1266	0.2951	0.2200	0.0490	0.3718	0.1849	0.4317
000751	F	0.349235	0.631103	0.596354	0.1878	0.3460	0.2410	0.0560	0.3919	0.1670	0.4298
000752	L	0.314478	0.640659	0.597267	0.1698	0.3286	0.2280	0.0550	0.3798	0.1777	0.4302
000753	K	0.257753	0.630678	0.598385	0.2209	0.3356	0.2220	0.0430	0.3775	0.1721	0.4310
000754	E	0.199779	0.637328	0.599828	0.2167	0.3566	0.2260	0.0550	0.3727	0.1815	0.4300
000755	Q	0.133959	0.642099	0.601830	0.1456	0.2884	0.2510	0.0660	0.3438	0.2044	0.4288
000756	I	0.100073	0.643352	0.604238	0.1532	0.2951	0.2690	0.0820	0.3442	0.2087	0.4251
000757	S	0.144898	0.637030	0.606714	0.1150	0.3019	0.2930	0.0980	0.3497	0.2046	0.4221
000758	L	0.186378	0.640822	0.609818	0.1150	0.2436	0.3360	0.1090	0.3552	0.2023	0.4191
000759	A	0.259452	0.648094	0.613432	0.1266	0.2575	0.3540	0.1050	0.3766	0.1918	0.4178
000760	E	0.330752	0.647263	0.617997	0.1349	0.3182	0.3520	0.1010	0.4001	0.1792	0.4174
000761	K	0.416297	0.671849	0.624550	0.1292	0.2918	0.3590	0.0710	0.4155	0.1870	0.4169
000762	K	0.500817	0.672419	0.630867	0.1844	0.3807	0.3920	0.0610	0.4602	0.1648	0.4157
000763	M	0.586301	0.690803	0.637371	0.2255	0.4256	0.4130	0.0700	0.4964	0.1587	0.4105
000764	L	0.672097	0.699905	0.642815	0.2333	0.4330	0.4100	0.0880	0.5152	0.1695	0.4093
000765	D	0.746309	0.707178	0.649372	0.2041	0.4256	0.3810	0.0940	0.5189	0.1962	0.4130
000766	Y	0.773681	0.723037	0.655748	0.1998	0.4186	0.4240	0.1070	0.5326	0.2021	0.4186
000767	E	0.766559	0.701423	0.662648	0.2865	0.4940	0.4260	0.0970	0.5561	0.1685	0.4305
000768	R	0.778286	0.716551	0.667881	0.2748	0.4940	0.4830	0.0930	0.5691	0.1707	0.4247
000769	L	0.782534	0.735187	0.672117	0.3399	0.5017	0.5340	0.1070	0.5943	0.1518	0.4150
000770	Q	0.785354	0.739412	0.675018	0.3717	0.5254	0.5180	0.1050	0.6025	0.1437	0.4057
000771	R	0.790466	0.754400	0.678561	0.2963	0.5176	0.5380	0.1050	0.5959	0.1679	0.4011
000772	A	0.791209	0.768758	0.683163	0.3096	0.4541	0.5050	0.0810	0.5853	0.1757	0.3988
000773	E	0.795146	0.803877	0.687508	0.3263	0.4507	0.5040	0.0760	0.5946	0.1796	0.3955
000774	A	0.810918	0.811046	0.690849	0.2865	0.4685	0.5830	0.0600	0.6085	0.1883	0.3914
000775	Q	0.823162	0.815046	0.693585	0.3630	0.5296	0.6140	0.0900	0.6397	0.1616	0.3908
000776	G	0.836150	0.820353	0.695617	0.3535	0.4507	0.6590	0.0930	0.6359	0.1790	0.3939
000777	K	0.841047	0.820130	0.697674	0.4282	0.4541	0.6120	0.1100	0.6423	0.1614	0.3980
000778	Q	0.841777	0.813556	0.697228	0.3535	0.3948	0.6160	0.1240	0.6195	0.1890	0.4058
000779	E	0.844670	0.798346	0.696313	0.2963	0.3872	0.5820	0.1320	0.6008	0.2026	0.4136
000780	V	0.844543	0.787973	0.694893	0.3225	0.4541	0.5950	0.1370	0.6166	0.1829	0.4200
000781	E	0.842811	0.766109	0.695563	0.2963	0.4685	0.5800	0.1550	0.6083	0.1849	0.4260
000782	S	0.838910	0.762650	0.697292	0.3184	0.4685	0.5860	0.1500	0.6120	0.1774	0.4303
000783	L	0.832407	0.755525	0.699371	0.3535	0.4220	0.6090	0.1470	0.6120	0.1731	0.4328
000784	R	0.830930	0.723989	0.699780	0.3399	0.4149	0.5390	0.1460	0.5914	0.1751	0.4337
000785	E	0.828571	0.704291	0.698863	0.3053	0.4149	0.4770	0.1410	0.5716	0.1845	0.4338
000786	K	0.824230	0.693008	0.696394	0.3096	0.3631	0.4160	0.1160	0.5504	0.1949	0.4353
000787	L	0.819967	0.708894	0.693537	0.2820	0.3667	0.3700	0.1000	0.5401	0.2066	0.4381
000788	L	0.806147	0.676698	0.690191	0.2333	0.3566	0.3880	0.1040	0.5251	0.2088	0.4408
000789	V	0.792841	0.653501	0.687027	0.2483	0.2951	0.3550	0.1030	0.5052	0.2124	0.4434
000790	A	0.783264	0.661300	0.684053	0.2255	0.2258	0.3210	0.1010	0.4835	0.2313	0.4471
000791	E	0.760278	0.634224	0.680577	0.2333	0.2817	0.3040	0.1020	0.4823	0.2136	0.4494
000792	N	0.687436	0.621302	0.676502	0.1766	0.2783	0.3010	0.0920	0.4569	0.2094	0.4531
000793	R	0.622396	0.618239	0.673179	0.1766	0.2752	0.3140	0.0890	0.4466	0.1965	0.4565
000794	L	0.569324	0.609823	0.671802	0.2432	0.3529	0.3270	0.0870	0.4623	0.1610	0.4600
000795	Q	0.519503	0.597269	0.672904	0.2432	0.3704	0.3170	0.0710	0.4534	0.1543	0.4638
000796	A	0.512188	0.613844	0.673636	0.2432	0.3807	0.3120	0.0710	0.4560	0.1565	0.4688
000797	V	0.513851	0.636860	0.673407	0.2483	0.3807	0.2900	0.0650	0.4572	0.1631	0.4739
000798	E	0.487937	0.620396	0.672202	0.3225	0.3740	0.3000	0.0670	0.4629	0.1433	0.4778
000799	A	0.469902	0.622277	0.671936	0.3762	0.4409	0.3400	0.0910	0.4868	0.1217	0.4856
000800	L	0.447645	0.629389	0.672314	0.3535	0.4979	0.3840	0.1260	0.4974	0.1184	0.4938
000801	C	0.494002	0.626018	0.673776	0.3847	0.5296	0.4010	0.1320	0.5182	0.1066	0.4967
000802	S	0.546991	0.620428	0.676035	0.3806	0.5296	0.4000	0.1250	0.5256	0.1072	0.4983
000803	S	0.593172	0.626937	0.678295	0.3806	0.4369	0.3930	0.1100	0.5181	0.1185	0.5004
000804	Q	0.640785	0.626639	0.681210	0.3992	0.4476	0.3930	0.1090	0.5314	0.1206	0.5031
000805	H	0.639945	0.636152	0.683985	0.3992	0.5211	0.4230	0.1260	0.5506	0.1104	0.5070
000806	T	0.639515	0.642493	0.687218	0.4037	0.5254	0.4810	0.1300	0.5633	0.1009	0.5098
000807	H	0.670148	0.660960	0.689126	0.4282	0.5493	0.5390	0.1280	0.5894	0.0929	0.5134
000808	M	0.695474	0.673029	0.690363	0.4918	0.5254	0.5670	0.1120	0.6072	0.0823	0.5123
000809	I	0.739534	0.684484	0.692825	0.4781	0.5098	0.5690	0.1110	0.6123	0.0985	0.5083
000810	E	0.764492	0.706009	0.695791	0.4333	0.5342	0.5150	0.1180	0.6081	0.1200	0.4983
000811	S	0.774115	0.715167	0.699299	0.4879	0.6089	0.5600	0.1400	0.6408	0.0981	0.4880
000812	N	0.782682	0.722824	0.701312	0.5412	0.7036	0.6010	0.1560	0.6755	0.0803	0.4779
000813	D	0.789372	0.720822	0.702488	0.5253	0.7080	0.6340	0.1550	0.6799	0.0827	0.4702
000814	I	0.805407	0.719991	0.703024	0.5331	0.6269	0.6930	0.1530	0.6803	0.0841	0.4616
000815	S	0.818456	0.728344	0.704334	0.5296	0.6427	0.6330	0.1510	0.6761	0.0896	0.4508
000816	E	0.832763	0.731964	0.706089	0.4781	0.6183	0.5960	0.1210	0.6605	0.1126	0.4371
000817	E	0.835076	0.732495	0.708952	0.4879	0.5296	0.5810	0.1200	0.6458	0.1225	0.4257
000818	T	0.832593	0.737272	0.712060	0.4879	0.5098	0.6120	0.1380	0.6485	0.1240	0.4173
000819	I	0.831240	0.735987	0.715415	0.4458	0.5254	0.6620	0.1550	0.6526	0.1303	0.4106
000820	R	0.824595	0.744002	0.717997	0.5253	0.6089	0.6250	0.1720	0.6743	0.0985	0.4044
000821	T	0.831109	0.751522	0.719794	0.5229	0.5211	0.6330	0.1580	0.6633	0.1154	0.4005
000822	K	0.837177	0.757961	0.722187	0.5084	0.5342	0.6160	0.1390	0.6626	0.1194	0.4005
000823	E	0.854281	0.756225	0.725847	0.4420	0.5098	0.6190	0.1430	0.6512	0.1430	0.4017
000824	T	0.871273	0.763394	0.729737	0.4420	0.4940	0.6110	0.1400	0.6520	0.1512	0.4024
000825	V	0.883489	0.771207	0.732467	0.4825	0.5901	0.5820	0.1420	0.6736	0.1347	0.4052
000826	E	0.901324	0.760507	0.733449	0.4749	0.5807	0.5680	0.1300	0.6698	0.1427	0.4059
000827	G	0.904318	0.774790	0.735180	0.4749	0.5854	0.6140	0.1240	0.6814	0.1401	0.4079
000828	L	0.903395	0.798971	0.738262	0.4600	0.5098	0.6720	0.1210	0.6803	0.1554	0.4093
000829	Q	0.905721	0.809049	0.742774	0.4703	0.5098	0.6560	0.1110	0.6822	0.1555	0.4052
000830	D	0.891954	0.816253	0.747297	0.4825	0.5807	0.6530	0.1280	0.6953	0.1392	0.4036
000831	K	0.878981	0.830796	0.751903	0.4879	0.5176	0.6730	0.1280	0.6900	0.1473	0.4072
000832	L	0.857255	0.840139	0.755348	0.4749	0.5176	0.7090	0.1230	0.6924	0.1478	0.4168
000833	N	0.835528	0.840189	0.756886	0.4379	0.5211	0.7200	0.1270	0.6853	0.1533	0.4167
000834	K	0.813174	0.842153	0.757144	0.4203	0.5176	0.7250	0.1290	0.6793	0.1559	0.4174
000835	R	0.790771	0.846953	0.756901	0.4282	0.5176	0.7240	0.1340	0.6775	0.1515	0.4188
000836	D	0.806773	0.847868	0.756938	0.4749	0.5901	0.7320	0.1350	0.7014	0.1293	0.4199
000837	K	0.823286	0.841414	0.756784	0.4556	0.5758	0.7370	0.1410	0.6983	0.1384	0.4224
000838	E	0.829897	0.844422	0.758022	0.4513	0.5017	0.7500	0.1460	0.6892	0.1550	0.4322
000839	V	0.836540	0.841853	0.760523	0.4967	0.5665	0.7540	0.1490	0.7094	0.1316	0.4477
000840	T	0.844059	0.841453	0.764058	0.4333	0.5456	0.7180	0.1520	0.6910	0.1526	0.4602
000841	A	0.842177	0.829691	0.767558	0.4282	0.5382	0.6990	0.1500	0.6841	0.1528	0.4746
000842	L	0.836514	0.830958	0.770059	0.4149	0.4864	0.7190	0.1400	0.6762	0.1656	0.4828
000843	T	0.836238	0.840813	0.771359	0.4825	0.5577	0.6980	0.1300	0.6978	0.1360	0.4821
000844	S	0.840136	0.845147	0.771722	0.4245	0.5254	0.6910	0.1320	0.6829	0.1584	0.4858
000845	Q	0.805907	0.858548	0.772688	0.4513	0.4685	0.6490	0.1340	0.6677	0.1599	0.4898
000846	T	0.754446	0.858965	0.774701	0.4333	0.4801	0.6500	0.1320	0.6586	0.1557	0.4972
000847	E	0.687523	0.853325	0.777655	0.3668	0.4725	0.6460	0.1440	0.6340	0.1679	0.5035
000848	M	0.624857	0.853970	0.780899	0.3717	0.4725	0.6420	0.1340	0.6242	0.1655	0.5141
000849	L	0.573106	0.853682	0.784068	0.3717	0.4017	0.6470	0.1300	0.6052	0.1791	0.5152
000850	R	0.569035	0.869265	0.787520	0.4116	0.4541	0.6150	0.1250	0.6178	0.1652	0.5102
000851	A	0.548174	0.864148	0.792370	0.3535	0.4507	0.5770	0.1180	0.5976	0.1794	0.5073
000852	Q	0.500583	0.870522	0.798846	0.3630	0.4685	0.4940	0.0910	0.5825	0.1851	0.5044
000853	V	0.443101	0.870157	0.806323	0.4116	0.5419	0.4310	0.0830	0.5840	0.1854	0.5040
000854	S	0.425099	0.863051	0.813275	0.4203	0.5296	0.4140	0.0720	0.5776	0.1889	0.5004
000855	A	0.426877	0.873996	0.819303	0.4203	0.5254	0.4750	0.0550	0.5901	0.1853	0.4945
000856	L	0.457495	0.887145	0.824633	0.4149	0.4685	0.5360	0.0590	0.5982	0.1866	0.4832
000857	E	0.428722	0.893906	0.829672	0.4149	0.4652	0.5370	0.0850	0.5950	0.1935	0.4666
000858	S	0.388122	0.899710	0.834856	0.3630	0.4476	0.5850	0.1040	0.5864	0.2115	0.4528
000859	K	0.306814	0.905139	0.839670	0.3668	0.3983	0.5980	0.1260	0.5690	0.2330	0.4401
000860	C	0.258307	0.908697	0.843709	0.4078	0.4017	0.6150	0.1260	0.5725	0.2392	0.4352
000861	K	0.317201	0.910141	0.846365	0.3578	0.4051	0.5880	0.1270	0.5707	0.2340	0.4332
000862	S	0.393359	0.909700	0.847922	0.3263	0.4220	0.5720	0.1300	0.5786	0.2253	0.4317
000863	G	0.448412	0.908431	0.849377	0.3225	0.4149	0.5600	0.1430	0.5839	0.2205	0.4305
000864	E	0.504324	0.906272	0.850584	0.3762	0.4619	0.5530	0.1310	0.6087	0.1986	0.4289
000865	K	0.560139	0.899847	0.851923	0.3717	0.4541	0.5760	0.1310	0.6190	0.1944	0.4297
000866	K	0.670093	0.895014	0.852240	0.3885	0.4087	0.6010	0.1240	0.6359	0.1954	0.4310
000867	V	0.779355	0.887880	0.851599	0.4420	0.4725	0.5790	0.1260	0.6687	0.1787	0.4350
000868	D	0.878560	0.859346	0.850037	0.3847	0.4507	0.5950	0.1260	0.6697	0.2029	0.4382
000869	A	0.964757	0.850931	0.848111	0.3806	0.4507	0.5970	0.1350	0.6821	0.2189	0.4416
000870	L	0.964402	0.860135	0.845876	0.3630	0.3948	0.6350	0.1170	0.6773	0.2326	0.4426
000871	L	0.961351	0.861906	0.842953	0.4149	0.4619	0.6180	0.1270	0.6935	0.2079	0.4408
000872	K	0.958873	0.857990	0.839908	0.3578	0.4685	0.5870	0.1350	0.6784	0.2207	0.4373
000873	E	0.956395	0.860795	0.837879	0.3491	0.4149	0.5950	0.1270	0.6690	0.2311	0.4345
000874	K	0.954054	0.864029	0.836729	0.3456	0.4149	0.6520	0.1130	0.6778	0.2296	0.4333
000875	R	0.951122	0.860484	0.836020	0.2865	0.4017	0.7260	0.1340	0.6770	0.2466	0.4330
000876	R	0.948545	0.860647	0.835096	0.2963	0.4017	0.7480	0.1450	0.6816	0.2443	0.4332
000877	L	0.956068	0.862928	0.834221	0.2963	0.4119	0.7560	0.1420	0.6863	0.2443	0.4337
000878	E	0.964450	0.861320	0.833583	0.3399	0.4801	0.7100	0.1380	0.6982	0.2206	0.4326
000879	A	0.964500	0.856388	0.832504	0.3456	0.4801	0.7020	0.1270	0.6968	0.2183	0.4317
000880	E	0.958442	0.852087	0.830238	0.3806	0.4801	0.6530	0.1110	0.6923	0.2078	0.4309
000881	L	0.937190	0.844093	0.825686	0.4245	0.5456	0.6600	0.1160	0.7062	0.1798	0.4303
000882	E	0.917287	0.831587	0.819538	0.4556	0.6227	0.6280	0.1370	0.7124	0.1575	0.4296
000883	T	0.894116	0.824868	0.811850	0.4600	0.6322	0.6440	0.1450	0.7111	0.1474	0.4305
000884	V	0.871677	0.816399	0.803659	0.4651	0.5493	0.6510	0.1390	0.6929	0.1493	0.4312
000885	S	0.839478	0.805739	0.795420	0.4703	0.5017	0.6700	0.1390	0.6804	0.1474	0.4322
000886	R	0.808067	0.797759	0.788451	0.3939	0.4476	0.6860	0.1420	0.6537	0.1702	0.4332
000887	K	0.776575	0.791306	0.782674	0.3311	0.3872	0.6740	0.1480	0.6239	0.1918	0.4326
000888	T	0.754570	0.780941	0.777709	0.3263	0.4507	0.6640	0.1530	0.6257	0.1759	0.4312
000889	H	0.673429	0.764117	0.773240	0.2333	0.4507	0.6620	0.1590	0.5928	0.1926	0.4297
000890	D	0.614813	0.748304	0.769470	0.2700	0.4725	0.6400	0.1690	0.5859	0.1715	0.4303
000891	A	0.567222	0.746124	0.765932	0.2786	0.4119	0.6000	0.1460	0.5617	0.1731	0.4312
000892	S	0.565413	0.725413	0.762392	0.3535	0.4119	0.5370	0.1410	0.5593	0.1491	0.4324
000893	G	0.563392	0.709866	0.758716	0.2865	0.4017	0.5080	0.1480	0.5381	0.1641	0.4340
000894	Q	0.563912	0.703883	0.754923	0.2209	0.3948	0.5100	0.1600	0.5247	0.1808	0.4365
000895	L	0.558155	0.666532	0.751807	0.2700	0.4507	0.5310	0.1580	0.5380	0.1539	0.4401
000896	V	0.558251	0.651267	0.749539	0.2657	0.4441	0.5520	0.1850	0.5368	0.1534	0.4447
000897	L	0.569339	0.652789	0.748863	0.2820	0.4541	0.5430	0.1670	0.5416	0.1478	0.4509
000898	I	0.634674	0.688564	0.749042	0.2865	0.3983	0.5340	0.1630	0.5486	0.1626	0.4526
000899	S	0.689720	0.698297	0.749691	0.2865	0.4051	0.5000	0.1760	0.5549	0.1704	0.4527
000900	Q	0.729666	0.703313	0.750413	0.2041	0.3948	0.5140	0.1820	0.5494	0.2004	0.4506
000901	E	0.722554	0.722696	0.751642	0.2080	0.3286	0.5430	0.1680	0.5461	0.2106	0.4486
000902	L	0.715442	0.738032	0.753452	0.2385	0.3356	0.5910	0.1440	0.5620	0.2033	0.4479
000903	L	0.713329	0.747315	0.754597	0.1667	0.2884	0.6070	0.1420	0.5462	0.2331	0.4439
000904	R	0.730165	0.745261	0.754463	0.1566	0.2258	0.5670	0.1640	0.5299	0.2484	0.4370
000905	K	0.742551	0.749939	0.753199	0.1117	0.1702	0.5320	0.1710	0.5100	0.2725	0.4323
000906	E	0.742924	0.751166	0.752738	0.1205	0.1702	0.5200	0.1490	0.5096	0.2704	0.4285
000907	R	0.743331	0.741488	0.753109	0.1150	0.2129	0.5140	0.1380	0.5134	0.2618	0.4301
000908	S	0.726803	0.742335	0.754394	0.1088	0.2541	0.4760	0.1280	0.5103	0.2544	0.4336
000909	L	0.721032	0.703525	0.755849	0.1698	0.3356	0.4420	0.1260	0.5213	0.2208	0.4398
000910	N	0.728310	0.702950	0.757352	0.1532	0.3286	0.4050	0.1190	0.5125	0.2300	0.4440
000911	E	0.739729	0.645478	0.759954	0.1495	0.3356	0.3700	0.1060	0.5000	0.2284	0.4476
000912	L	0.746838	0.652737	0.763518	0.1322	0.3321	0.3740	0.0800	0.5003	0.2356	0.4531
000913	R	0.740410	0.641099	0.767176	0.1958	0.4292	0.3810	0.0410	0.5258	0.2069	0.4540
000914	V	0.732579	0.645564	0.769858	0.2657	0.4940	0.3970	0.0510	0.5508	0.1817	0.4575
000915	L	0.717184	0.685223	0.772239	0.3096	0.5456	0.4140	0.0720	0.5740	0.1675	0.4615
000916	L	0.703902	0.667490	0.774585	0.3225	0.5533	0.4160	0.0740	0.5729	0.1605	0.4620
000917	L	0.712739	0.682902	0.776321	0.3491	0.5419	0.4290	0.0710	0.5820	0.1550	0.4602
000918	E	0.671073	0.695588	0.776722	0.3399	0.5577	0.4360	0.0860	0.5796	0.1523	0.4565
000919	A	0.645634	0.731981	0.776911	0.3263	0.4864	0.4880	0.1070	0.5759	0.1569	0.4518
000920	N	0.635203	0.738009	0.777646	0.3992	0.5533	0.5850	0.1130	0.6148	0.1247	0.4484
000921	R	0.629002	0.760791	0.779343	0.3225	0.5342	0.6560	0.1000	0.6136	0.1539	0.4461
000922	H	0.636819	0.781485	0.781931	0.3263	0.5342	0.6620	0.0990	0.6204	0.1570	0.4453
000923	S	0.646224	0.794029	0.784957	0.3885	0.5456	0.6480	0.0970	0.6346	0.1395	0.4412
000924	P	0.667499	0.809273	0.788165	0.3939	0.5758	0.6190	0.1110	0.6424	0.1393	0.4374
000925	G	0.677214	0.815835	0.791463	0.3939	0.6427	0.6500	0.1090	0.6619	0.1373	0.4323
000926	P	0.691837	0.821124	0.794504	0.4703	0.6991	0.6570	0.1210	0.6889	0.1137	0.4277
000927	E	0.746904	0.822593	0.797013	0.5331	0.7755	0.6920	0.1250	0.7279	0.0963	0.4237
000928	R	0.796315	0.822682	0.799166	0.5992	0.7331	0.7320	0.1190	0.7471	0.0743	0.4215
000929	D	0.824775	0.821052	0.801831	0.5992	0.7250	0.7850	0.1150	0.7594	0.0789	0.4213
000930	L	0.854953	0.817114	0.804775	0.5253	0.6531	0.7880	0.1230	0.7405	0.1150	0.4203
000931	S	0.876427	0.813589	0.807269	0.5126	0.6322	0.7440	0.1510	0.7311	0.1234	0.4183
000932	R	0.896295	0.805588	0.808713	0.4749	0.6482	0.7650	0.1550	0.7332	0.1369	0.4149
000933	E	0.913121	0.807407	0.809389	0.4703	0.6375	0.7450	0.1750	0.7304	0.1426	0.4112
000934	V	0.941510	0.809734	0.810942	0.4600	0.6322	0.7500	0.1780	0.7341	0.1530	0.4105
000935	H	0.962073	0.806112	0.814036	0.4458	0.5098	0.7430	0.1770	0.7134	0.1800	0.4086
000936	K	0.984561	0.796370	0.818289	0.4333	0.5055	0.7470	0.1730	0.7141	0.1889	0.4065
000937	A	0.988156	0.792222	0.821523	0.3491	0.4725	0.7370	0.1700	0.6934	0.2169	0.4048
000938	E	0.993552	0.788713	0.822856	0.3578	0.4766	0.6970	0.1550	0.6895	0.2143	0.4008
000939	W	0.998836	0.779975	0.822889	0.3630	0.4087	0.7560	0.1620	0.6882	0.2279	0.3987
000940	R	0.999002	0.795696	0.822354	0.3578	0.4017	0.7320	0.1490	0.6847	0.2307	0.3965
000941	I	0.999246	0.802739	0.822269	0.3630	0.4652	0.7300	0.1490	0.6972	0.2178	0.3940
000942	K	0.999247	0.786285	0.822744	0.3456	0.4051	0.6690	0.1660	0.6713	0.2312	0.3916
000943	E	0.999245	0.803604	0.824911	0.3668	0.4051	0.6500	0.1530	0.6749	0.2283	0.3932
000944	Q	0.999364	0.799953	0.829361	0.3005	0.4051	0.6830	0.1530	0.6696	0.2441	0.3970
000945	K	0.999550	0.806617	0.836115	0.3491	0.4541	0.7250	0.1380	0.6951	0.2250	0.3989
000946	L	0.999549	0.821497	0.843310	0.3399	0.3807	0.7370	0.1500	0.6870	0.2439	0.4018
000947	K	0.999440	0.836633	0.849516	0.3399	0.3840	0.7640	0.1270	0.6956	0.2464	0.4035
000948	D	0.999683	0.848451	0.854659	0.2913	0.4051	0.7770	0.1320	0.6961	0.2568	0.4045
000949	D	0.999264	0.855248	0.859984	0.2913	0.3392	0.7870	0.1120	0.6887	0.2718	0.4093
000950	I	0.999250	0.859797	0.864333	0.3992	0.4441	0.7820	0.1020	0.7248	0.2240	0.4160
000951	R	0.999241	0.868160	0.867202	0.3359	0.4476	0.7730	0.1080	0.7151	0.2401	0.4210
000952	G	0.999143	0.868625	0.867873	0.3885	0.5296	0.7900	0.1110	0.7406	0.2123	0.4271
000953	L	0.999071	0.869210	0.867999	0.3885	0.5296	0.8180	0.1170	0.7454	0.2137	0.4330
000954	R	0.996661	0.864254	0.868030	0.3885	0.5296	0.8340	0.1050	0.7468	0.2137	0.4335
000955	E	0.994093	0.868423	0.868448	0.3717	0.4541	0.8420	0.1030	0.7331	0.2327	0.4350
000956	K	0.994016	0.872319	0.868752	0.3806	0.4619	0.8530	0.1050	0.7385	0.2302	0.4409
000957	L	0.994018	0.872901	0.868787	0.3630	0.5342	0.8420	0.1010	0.7458	0.2211	0.4472
000958	T	0.994160	0.869794	0.868336	0.3668	0.5419	0.8390	0.1160	0.7467	0.2183	0.4497
000959	G	0.993855	0.873923	0.866951	0.3668	0.5296	0.8520	0.1130	0.7472	0.2215	0.4517
000960	L	0.993546	0.877043	0.864721	0.3847	0.5176	0.8390	0.1250	0.7461	0.2175	0.4509
000961	D	0.984747	0.880927	0.861415	0.4458	0.5254	0.8160	0.1380	0.7524	0.1967	0.4441
000962	K	0.980959	0.884859	0.858083	0.4513	0.5342	0.8050	0.1470	0.7524	0.1923	0.4410
000963	E	0.971194	0.885389	0.854958	0.3806	0.4652	0.8160	0.1460	0.7289	0.2227	0.4378
000964	K	0.964528	0.885907	0.852486	0.4556	0.4582	0.8280	0.1360	0.7407	0.2051	0.4383
000965	S	0.956482	0.888507	0.849680	0.3939	0.4685	0.8440	0.1250	0.7336	0.2180	0.4421
000966	L	0.947912	0.886461	0.845880	0.3263	0.4582	0.8450	0.1140	0.7182	0.2361	0.4442
000967	S	0.942433	0.878744	0.841296	0.3311	0.4619	0.8200	0.1140	0.7125	0.2298	0.4413
000968	D	0.935759	0.880666	0.836738	0.3885	0.5296	0.8050	0.1070	0.7293	0.1995	0.4375
000969	Q	0.901393	0.877711	0.832970	0.3992	0.5098	0.8100	0.1050	0.7218	0.1939	0.4368
000970	R	0.855823	0.888508	0.829461	0.3939	0.5493	0.8090	0.0820	0.7211	0.1836	0.4381
000971	R	0.778918	0.881925	0.825961	0.4420	0.6375	0.7640	0.1030	0.7217	0.1454	0.4439
000972	Y	0.706785	0.890224	0.822223	0.4918	0.5493	0.7490	0.1120	0.7016	0.1412	0.4541
000973	S	0.634113	0.889103	0.817736	0.5008	0.4831	0.7030	0.1070	0.6713	0.1504	0.4628
000974	L	0.556795	0.880589	0.811878	0.4333	0.4766	0.7070	0.1020	0.6443	0.1674	0.4738
000975	I	0.484815	0.875503	0.803557	0.3630	0.4119	0.6920	0.1190	0.6051	0.1959	0.4786
000976	D	0.406615	0.872687	0.794218	0.3535	0.4186	0.6930	0.1380	0.5897	0.2046	0.4820
000977	R	0.327850	0.859440	0.785328	0.3535	0.4979	0.7060	0.1440	0.5883	0.2071	0.4880
000978	S	0.296939	0.858873	0.778232	0.3535	0.5055	0.6910	0.1540	0.5807	0.2107	0.5025
000979	S	0.293020	0.855829	0.772368	0.3578	0.4369	0.6960	0.1380	0.5687	0.2152	0.5173
000980	A	0.333242	0.846761	0.766949	0.3578	0.4186	0.7130	0.1150	0.5727	0.2080	0.5355
000981	P	0.373804	0.855676	0.762362	0.2820	0.4292	0.6590	0.1130	0.5603	0.2110	0.5546
000982	E	0.417342	0.852570	0.758626	0.2700	0.4369	0.6570	0.1030	0.5653	0.2057	0.5706
000983	L	0.467713	0.850251	0.755965	0.3399	0.5055	0.6890	0.0860	0.6013	0.1774	0.5835
000984	L	0.513099	0.851616	0.753298	0.3311	0.5098	0.6880	0.0870	0.6078	0.1742	0.5913
000985	R	0.548680	0.848443	0.750384	0.4078	0.5665	0.6940	0.0790	0.6360	0.1450	0.5929
000986	L	0.581536	0.847493	0.746628	0.4918	0.5758	0.7630	0.0730	0.6677	0.1254	0.6033
000987	Q	0.586752	0.832679	0.742431	0.4600	0.5620	0.7370	0.0660	0.6535	0.1273	0.6120
000988	H	0.563283	0.841872	0.737417	0.3992	0.5758	0.7610	0.0770	0.6464	0.1487	0.6212
000989	Q	0.506138	0.850208	0.731959	0.3885	0.5577	0.7990	0.0760	0.6390	0.1663	0.6241
000990	L	0.456230	0.861277	0.726256	0.3992	0.4864	0.8300	0.0750	0.6266	0.1856	0.6314
000991	M	0.406403	0.862450	0.721730	0.3992	0.5098	0.8370	0.0810	0.6228	0.1927	0.6374
000992	S	0.373353	0.864340	0.718390	0.2865	0.4801	0.8450	0.0840	0.5946	0.2265	0.6312
000993	T	0.344347	0.862594	0.716533	0.2913	0.4619	0.8400	0.0770	0.5862	0.2306	0.6252
000994	E	0.354060	0.854656	0.714560	0.3630	0.5382	0.8480	0.0730	0.6121	0.2079	0.6237
000995	D	0.381178	0.842436	0.712903	0.4078	0.6269	0.8330	0.0860	0.6341	0.1846	0.6291
000996	A	0.410298	0.826535	0.711177	0.4203	0.5665	0.8200	0.0860	0.6257	0.1719	0.6389
000997	L	0.466078	0.832416	0.708507	0.5008	0.6576	0.7750	0.0910	0.6568	0.1343	0.6454
000998	R	0.544451	0.810952	0.704207	0.4333	0.6482	0.7360	0.0910	0.6461	0.1253	0.6451
000999	D	0.616612	0.804236	0.698284	0.4420	0.5493	0.7410	0.0880	0.6419	0.1215	0.6413
001000	A	0.683668	0.791502	0.692711	0.4379	0.5296	0.7750	0.0870	0.6517	0.1278	0.6452
001001	L	0.713569	0.773328	0.688250	0.4513	0.6136	0.7880	0.0930	0.6713	0.1139	0.6504
001002	D	0.748021	0.753439	0.686283	0.4556	0.6089	0.7910	0.0980	0.6739	0.1138	0.6456
001003	Q	0.745124	0.765681	0.685776	0.4600	0.5951	0.8160	0.1120	0.6779	0.1194	0.6521
001004	A	0.740299	0.750792	0.686569	0.4379	0.5854	0.8240	0.1130	0.6708	0.1268	0.6731
001005	Q	0.744630	0.767983	0.688380	0.4149	0.5807	0.7940	0.1180	0.6651	0.1315	0.6869
001006	Q	0.745967	0.791272	0.692729	0.4116	0.5017	0.7840	0.1090	0.6546	0.1459	0.7034
001007	V	0.740545	0.799202	0.698851	0.4420	0.5620	0.7480	0.1050	0.6651	0.1239	0.7215
001008	E	0.740749	0.801353	0.704844	0.4379	0.6531	0.6930	0.1100	0.6718	0.1141	0.7384
001009	K	0.731548	0.793241	0.710420	0.4879	0.6576	0.6950	0.1210	0.6793	0.0949	0.7650
001010	L	0.733142	0.793096	0.715783	0.4879	0.6322	0.7160	0.1040	0.6797	0.0978	0.7919
001011	M	0.727696	0.793306	0.721213	0.5084	0.6620	0.6970	0.0980	0.6849	0.0882	0.8099
001012	E	0.732899	0.788512	0.726414	0.5473	0.7415	0.6880	0.1200	0.7041	0.0760	0.8127
001013	A	0.730173	0.786114	0.731070	0.5473	0.6531	0.6890	0.1160	0.6895	0.0756	0.8217
001014	M	0.728518	0.797318	0.735430	0.5331	0.6482	0.6920	0.1170	0.6891	0.0831	0.8298
001015	R	0.698595	0.806104	0.739795	0.5084	0.6851	0.7170	0.1120	0.6925	0.0910	0.8183
001016	S	0.698067	0.806936	0.744663	0.5043	0.6712	0.7180	0.1270	0.6905	0.0934	0.8074
001017	C	0.704503	0.815518	0.750621	0.5084	0.6620	0.7270	0.1340	0.6946	0.0954	0.7893
001018	P	0.721370	0.815497	0.757426	0.5711	0.7289	0.7170	0.1370	0.7185	0.0739	0.7677
001019	D	0.738590	0.820377	0.765654	0.5583	0.7036	0.7600	0.1300	0.7245	0.0821	0.7396
001020	K	0.731774	0.824863	0.774748	0.5711	0.7209	0.7730	0.1290	0.7327	0.0797	0.7091
001021	A	0.727866	0.833435	0.784464	0.6174	0.7951	0.7630	0.1390	0.7536	0.0687	0.6757
001022	Q	0.743310	0.838388	0.793375	0.6374	0.7289	0.7550	0.1390	0.7494	0.0618	0.6378
001023	T	0.709118	0.841731	0.802258	0.6293	0.7459	0.7610	0.1510	0.7482	0.0677	0.6312
001024	I	0.723955	0.849111	0.810040	0.6124	0.7718	0.7660	0.1600	0.7555	0.0748	0.6405
001025	G	0.681427	0.852209	0.817833	0.6442	0.7916	0.7510	0.1790	0.7564	0.0735	0.6373
001026	N	0.674577	0.857747	0.824966	0.6516	0.8050	0.7620	0.1790	0.7626	0.0762	0.6489
001027	S	0.666316	0.866036	0.832306	0.6557	0.7982	0.7870	0.1630	0.7676	0.0795	0.6670
001028	G	0.665873	0.873868	0.841093	0.7317	0.8493	0.8040	0.1460	0.7943	0.0731	0.6806
001029	S	0.650949	0.882902	0.851784	0.6944	0.8162	0.8270	0.1290	0.7871	0.0845	0.7039
001030	A	0.642852	0.892268	0.864021	0.6715	0.8085	0.8350	0.1200	0.7857	0.0948	0.7285
001031	N	0.584207	0.901738	0.875544	0.6870	0.8198	0.8360	0.1200	0.7841	0.1122	0.7410
001032	G	0.560455	0.912143	0.885825	0.7034	0.8375	0.8450	0.1130	0.7908	0.1222	0.7542
001033	I	0.520431	0.918121	0.893889	0.7147	0.8343	0.8710	0.0980	0.7920	0.1378	0.7710
001034	H	0.519343	0.920939	0.901287	0.7232	0.8313	0.8670	0.0980	0.7939	0.1383	0.7646
001035	Q	0.516007	0.927432	0.908062	0.7772	0.8966	0.8760	0.1010	0.8168	0.1429	0.7332
001036	Q	0.527409	0.931340	0.914756	0.7724	0.8894	0.9010	0.0830	0.8228	0.1418	0.7212
001037	D	0.529514	0.935598	0.919891	0.7951	0.8792	0.9890	0.0130	0.8415	0.1515	0.7131
001038	K	0.576925	0.942781	0.923587	0.8242	0.8792	0.9840	0.0220	0.8550	0.1340	0.6973
001039	A	0.602099	0.945507	0.926874	0.8556	0.8765	0.9780	0.0330	0.8641	0.1241	0.6868
001040	Q	0.660285	0.949182	0.929878	0.8823	0.8741	0.9590	0.0660	0.8758	0.1015	0.6543
001041	K	0.730510	0.951518	0.932707	0.9180	0.8872	0.9960	0.0040	0.9026	0.0838	0.6305
001042	Q	0.806343	0.954854	0.935194	0.9392	0.8741	0.9870	0.0180	0.9161	0.0595	0.6189
001043	E	0.790683	0.959286	0.937238	0.9562	0.8713	0.9860	0.0180	0.9168	0.0665	0.6018
001044	D	0.834754	0.960896	0.938821	0.9824	0.9362	0.9760	0.0300	0.9383	0.0494	0.5851
001045	K	0.853163	0.963123	0.940394	0.9879	0.9249	0.9460	0.0640	0.9359	0.0419	0.5856
001046	H	0.963768	0.967174	0.941188	0.9935	0.9190	0.9110	0.0970	0.9493	0.0287	0.6158