RESNUM	RES	VL-XT	VSL2B	VL3	IUPred-S	IUPred-L	PONDRFIT	FITERROR	MDP	MDPERROR	ANCHOR2
000001	M	0.991047	0.988496	0.950913	0.9917	0.8530	0.9970	0.0030	0.9620	0.0511	0.7505
000002	E	0.982016	0.987411	0.951256	0.9836	0.8375	0.9970	0.0040	0.9565	0.0550	0.6927
000003	E	0.973250	0.986652	0.951773	0.9782	0.8235	0.9980	0.0030	0.9519	0.0591	0.6443
000004	G	0.937480	0.986117	0.952274	0.9653	0.8313	0.9890	0.0170	0.9436	0.0533	0.6021
000005	A	0.905239	0.984559	0.952475	0.9466	0.8681	0.9900	0.0130	0.9412	0.0430	0.5776
000006	R	0.894289	0.982437	0.952384	0.9348	0.8596	0.9860	0.0160	0.9349	0.0456	0.5535
000007	H	0.883470	0.981056	0.952001	0.9280	0.8493	0.9850	0.0120	0.9299	0.0497	0.5118
000008	R	0.873985	0.978527	0.951566	0.9040	0.8421	0.9900	0.0060	0.9233	0.0542	0.4581
000009	N	0.865900	0.976297	0.951132	0.8746	0.8623	0.9810	0.0140	0.9186	0.0519	0.4142
000010	N	0.864328	0.972684	0.950671	0.8424	0.8565	0.9790	0.0150	0.9109	0.0576	0.3895
000011	T	0.867802	0.969876	0.949711	0.8158	0.8681	0.9720	0.0270	0.9072	0.0597	0.3789
000012	E	0.869298	0.966725	0.947676	0.8200	0.8655	0.9580	0.0330	0.9045	0.0555	0.3719
000013	K	0.872199	0.962130	0.943810	0.8200	0.8462	0.9530	0.0360	0.8995	0.0557	0.3756
000014	K	0.881202	0.957301	0.937950	0.7951	0.8565	0.9430	0.0420	0.8952	0.0573	0.3815
000015	H	0.881019	0.950731	0.931414	0.7951	0.8741	0.9390	0.0440	0.8952	0.0532	0.3904
000016	P	0.882367	0.945936	0.924885	0.8200	0.8713	0.9260	0.0540	0.8950	0.0424	0.3916
000017	G	0.883999	0.940217	0.917587	0.8283	0.8623	0.9180	0.0590	0.8918	0.0380	0.3943
000018	G	0.888792	0.931837	0.906780	0.7869	0.8530	0.8970	0.0730	0.8773	0.0467	0.3986
000019	G	0.896559	0.921717	0.892404	0.7772	0.8462	0.8780	0.0980	0.8687	0.0468	0.4070
000020	E	0.903918	0.913511	0.877027	0.7817	0.8343	0.8580	0.1160	0.8614	0.0445	0.4151
000021	S	0.915542	0.906548	0.862792	0.7772	0.8198	0.8480	0.1130	0.8549	0.0478	0.4198
000022	D	0.929422	0.900047	0.848375	0.7688	0.8050	0.8640	0.1020	0.8526	0.0541	0.4220
000023	A	0.937462	0.894627	0.830418	0.7458	0.6991	0.8690	0.1000	0.8294	0.0831	0.4235
000024	S	0.934817	0.885949	0.808278	0.7418	0.6576	0.8760	0.1160	0.8174	0.0942	0.4253
000025	P	0.931492	0.866761	0.783541	0.7034	0.5456	0.8680	0.1410	0.7832	0.1285	0.4271
000026	E	0.924453	0.846728	0.757978	0.6557	0.5342	0.8480	0.1710	0.7613	0.1318	0.4291
000027	A	0.912044	0.823344	0.732929	0.5583	0.4979	0.8390	0.1870	0.7272	0.1511	0.4316
000028	G	0.880820	0.804788	0.708982	0.5514	0.5254	0.8150	0.2110	0.7144	0.1343	0.4333
000029	S	0.807103	0.788364	0.685587	0.5412	0.4292	0.7840	0.2250	0.6725	0.1417	0.4308
000030	G	0.741288	0.763499	0.661548	0.5583	0.4292	0.7410	0.2140	0.6491	0.1202	0.4282
000031	G	0.665703	0.723116	0.636300	0.4825	0.3182	0.6970	0.2060	0.5872	0.1429	0.4253
000032	G	0.567567	0.691419	0.610663	0.4703	0.2503	0.6510	0.2090	0.5402	0.1471	0.4199
000033	G	0.486779	0.659144	0.584609	0.3806	0.2328	0.6090	0.1860	0.4922	0.1471	0.4157
000034	V	0.400112	0.621465	0.558108	0.3359	0.2292	0.5500	0.1710	0.4492	0.1387	0.4139
000035	A	0.312237	0.584269	0.531254	0.3311	0.1671	0.5360	0.1470	0.4104	0.1505	0.4115
000036	L	0.226727	0.559054	0.504354	0.2602	0.1424	0.5440	0.1510	0.3728	0.1676	0.4098
000037	K	0.155924	0.532335	0.477526	0.1921	0.0719	0.5970	0.0780	0.3378	0.2040	0.4043
000038	K	0.124392	0.503882	0.450629	0.2122	0.0506	0.5750	0.1100	0.3195	0.1994	0.4002
000039	E	0.082123	0.462229	0.423755	0.1456	0.0334	0.5010	0.1300	0.2746	0.1916	0.3989
000040	I	0.048920	0.426642	0.396890	0.0935	0.0327	0.4250	0.1360	0.2373	0.1801	0.3946
000041	G	0.042828	0.393031	0.370121	0.0607	0.0356	0.3260	0.1410	0.2047	0.1597	0.3884
000042	L	0.029046	0.354956	0.343820	0.0567	0.0209	0.2750	0.1150	0.1801	0.1471	0.3799
000043	V	0.022514	0.320732	0.318729	0.0554	0.0133	0.2160	0.0700	0.1578	0.1326	0.3612
000044	S	0.020273	0.265809	0.295845	0.0308	0.0133	0.1730	0.0530	0.1331	0.1178	0.3348
000045	A	0.017829	0.232392	0.275210	0.0218	0.0184	0.1170	0.0400	0.1138	0.1056	0.3020
000046	C	0.015062	0.216405	0.255862	0.0259	0.0218	0.0840	0.0290	0.1031	0.0974	0.2713
000047	G	0.012992	0.172701	0.236118	0.0395	0.0214	0.0690	0.0230	0.0920	0.0834	0.2339
000048	I	0.012472	0.145172	0.217266	0.0405	0.0125	0.0620	0.0210	0.0817	0.0753	0.2003
000049	I	0.013599	0.111678	0.201999	0.0179	0.0095	0.0570	0.0200	0.0686	0.0694	0.1699
000050	V	0.015840	0.102510	0.191063	0.0075	0.0088	0.0530	0.0160	0.0631	0.0662	0.1380
000051	G	0.015651	0.095308	0.180911	0.0067	0.0146	0.0530	0.0190	0.0610	0.0616	0.1108
000052	N	0.013380	0.098727	0.169283	0.0069	0.0146	0.0530	0.0200	0.0593	0.0585	0.0905
000053	I	0.012629	0.105777	0.157172	0.0131	0.0235	0.0560	0.0240	0.0614	0.0537	0.0745
000054	I	0.014248	0.109375	0.148222	0.0194	0.0235	0.0600	0.0270	0.0625	0.0504	0.0635
000055	G	0.017098	0.132050	0.142808	0.0179	0.0146	0.0650	0.0280	0.0649	0.0542	0.0550
000056	S	0.021459	0.156228	0.140517	0.0124	0.0198	0.0730	0.0280	0.0706	0.0586	0.0488
000057	G	0.028874	0.159510	0.139924	0.0081	0.0313	0.0780	0.0190	0.0743	0.0576	0.0440
000058	I	0.032607	0.168538	0.139361	0.0087	0.0253	0.0950	0.0220	0.0782	0.0604	0.0414
000059	F	0.035585	0.191854	0.137395	0.0144	0.0443	0.1390	0.0300	0.0938	0.0655	0.0390
000060	V	0.040335	0.223497	0.135021	0.0160	0.0780	0.1960	0.0340	0.1148	0.0768	0.0342
000061	S	0.049069	0.268602	0.133639	0.0259	0.0765	0.2360	0.0520	0.1315	0.0918	0.0315
000062	P	0.052202	0.325117	0.134244	0.0274	0.0765	0.2620	0.0610	0.1462	0.1106	0.0284
000063	K	0.052987	0.357303	0.134951	0.0128	0.0398	0.3020	0.0710	0.1500	0.1334	0.0242
000064	G	0.052046	0.391202	0.135839	0.0268	0.0581	0.3370	0.0890	0.1668	0.1442	0.0196
000065	V	0.047559	0.419551	0.136603	0.0231	0.0581	0.3430	0.0940	0.1712	0.1540	0.0157
000066	L	0.047371	0.442823	0.137545	0.0160	0.0320	0.3480	0.1070	0.1705	0.1657	0.0124
000067	E	0.049835	0.434982	0.138415	0.0074	0.0214	0.3540	0.1230	0.1676	0.1673	0.0097
000068	N	0.048447	0.427792	0.139197	0.0033	0.0143	0.3460	0.1240	0.1632	0.1658	0.0071
000069	A	0.044718	0.382225	0.140276	0.0042	0.0141	0.2460	0.0870	0.1385	0.1374	0.0059
000070	G	0.035248	0.297586	0.141380	0.0061	0.0165	0.1280	0.0530	0.1041	0.1012	0.0050
000071	S	0.029802	0.201923	0.142250	0.0055	0.0253	0.0790	0.0390	0.0807	0.0705	0.0043
000072	V	0.026974	0.131809	0.142537	0.0027	0.0253	0.0590	0.0290	0.0647	0.0539	0.0037
000073	G	0.024979	0.082752	0.142342	0.0015	0.0120	0.0470	0.0220	0.0518	0.0483	0.0034
000074	L	0.024738	0.046201	0.141743	0.0018	0.0085	0.0450	0.0210	0.0446	0.0465	0.0032
000075	A	0.016676	0.033512	0.140849	0.0008	0.0088	0.0430	0.0180	0.0406	0.0470	0.0032
000076	L	0.008614	0.024382	0.140038	0.0007	0.0088	0.0460	0.0190	0.0381	0.0479	0.0033
000077	I	0.003533	0.017479	0.139488	0.0021	0.0093	0.0520	0.0220	0.0374	0.0487	0.0035
000078	V	0.000947	0.013101	0.140319	0.0008	0.0086	0.0560	0.0180	0.0367	0.0501	0.0038
000079	W	0.000838	0.009502	0.141367	0.0006	0.0073	0.0650	0.0150	0.0374	0.0515	0.0044
000080	I	0.000775	0.009222	0.141900	0.0007	0.0061	0.0640	0.0160	0.0371	0.0517	0.0037
000081	V	0.000692	0.010512	0.140968	0.0006	0.0048	0.0620	0.0190	0.0366	0.0513	0.0032
000082	T	0.000591	0.011679	0.139531	0.0004	0.0037	0.0620	0.0200	0.0364	0.0509	0.0031
000083	G	0.000452	0.012561	0.137799	0.0004	0.0042	0.0640	0.0190	0.0366	0.0504	0.0029
000084	F	0.000284	0.013638	0.136170	0.0003	0.0044	0.0640	0.0190	0.0364	0.0497	0.0025
000085	I	0.000118	0.015308	0.134531	0.0004	0.0044	0.0600	0.0210	0.0358	0.0488	0.0023
000086	T	0.000145	0.018699	0.133041	0.0005	0.0048	0.0590	0.0230	0.0360	0.0479	0.0022
000087	V	0.000557	0.022467	0.130548	0.0005	0.0052	0.0590	0.0250	0.0364	0.0468	0.0019
000088	V	0.000774	0.026338	0.127298	0.0008	0.0071	0.0650	0.0260	0.0378	0.0457	0.0016
000089	G	0.001090	0.028414	0.124085	0.0008	0.0065	0.0700	0.0270	0.0385	0.0452	0.0016
000090	A	0.001404	0.031823	0.121563	0.0010	0.0093	0.0730	0.0240	0.0397	0.0443	0.0014
000091	L	0.006610	0.034783	0.118963	0.0009	0.0141	0.0760	0.0230	0.0419	0.0425	0.0015
000092	C	0.015701	0.038951	0.116065	0.0034	0.0198	0.0820	0.0300	0.0459	0.0401	0.0017
000093	Y	0.016793	0.048774	0.112666	0.0031	0.0184	0.0890	0.0370	0.0481	0.0402	0.0018
000094	A	0.019946	0.068277	0.110078	0.0031	0.0184	0.0850	0.0350	0.0509	0.0394	0.0019
000095	E	0.020555	0.087231	0.107794	0.0070	0.0380	0.0810	0.0350	0.0569	0.0371	0.0022
000096	L	0.020511	0.110169	0.105995	0.0128	0.0372	0.1040	0.0350	0.0651	0.0422	0.0023
000097	G	0.020388	0.145150	0.103783	0.0141	0.0334	0.1450	0.0440	0.0770	0.0564	0.0025
000098	V	0.020546	0.189193	0.101281	0.0102	0.0281	0.1890	0.0530	0.0898	0.0762	0.0029
000099	T	0.021178	0.268147	0.098550	0.0194	0.0263	0.2280	0.0600	0.1103	0.1018	0.0034
000100	I	0.016661	0.355103	0.095504	0.0087	0.0263	0.2520	0.0690	0.1257	0.1322	0.0034
000101	P	0.008334	0.426234	0.092227	0.0075	0.0364	0.2720	0.0660	0.1404	0.1567	0.0040
000102	K	0.007292	0.505303	0.089408	0.0141	0.0334	0.3150	0.0640	0.1608	0.1866	0.0044
000103	S	0.004189	0.562245	0.087398	0.0274	0.0269	0.3400	0.0600	0.1747	0.2073	0.0042
000104	G	0.003520	0.553094	0.086363	0.0268	0.0473	0.3550	0.0580	0.1786	0.2044	0.0040
000105	G	0.003222	0.500287	0.085387	0.0160	0.0581	0.3350	0.0600	0.1663	0.1859	0.0038
000106	D	0.003136	0.479930	0.084259	0.0128	0.0258	0.3010	0.0590	0.1511	0.1787	0.0036
000107	Y	0.002672	0.433401	0.082708	0.0304	0.0349	0.2590	0.0610	0.1405	0.1557	0.0031
000108	S	0.001750	0.370824	0.080568	0.0137	0.0341	0.1900	0.0610	0.1152	0.1303	0.0027
000109	Y	0.001185	0.321076	0.077241	0.0194	0.0248	0.1340	0.0550	0.0963	0.1098	0.0023
000110	V	0.000420	0.306169	0.073495	0.0200	0.0134	0.0830	0.0350	0.0827	0.1045	0.0019
000111	K	0.000365	0.248849	0.070168	0.0212	0.0231	0.0620	0.0310	0.0710	0.0831	0.0017
000112	D	0.000311	0.188701	0.067836	0.0079	0.0113	0.0510	0.0220	0.0545	0.0648	0.0015
000113	I	0.000264	0.157723	0.066441	0.0083	0.0084	0.0460	0.0190	0.0478	0.0545	0.0012
000114	F	0.000185	0.127152	0.066131	0.0037	0.0060	0.0400	0.0150	0.0406	0.0453	0.0012
000115	G	0.000175	0.089127	0.066899	0.0013	0.0053	0.0380	0.0140	0.0335	0.0346	0.0013
000116	G	0.000184	0.071409	0.068599	0.0007	0.0042	0.0360	0.0120	0.0302	0.0307	0.0013
000117	L	0.000157	0.060613	0.070824	0.0005	0.0030	0.0360	0.0130	0.0284	0.0292	0.0012
000118	A	0.000045	0.040470	0.073383	0.0006	0.0032	0.0320	0.0110	0.0249	0.0268	0.0013
000119	G	0.000058	0.030775	0.075491	0.0003	0.0023	0.0300	0.0100	0.0232	0.0269	0.0014
000120	F	0.000077	0.026763	0.077028	0.0004	0.0023	0.0320	0.0090	0.0230	0.0273	0.0015
000121	L	0.000173	0.020860	0.078511	0.0003	0.0031	0.0340	0.0110	0.0228	0.0278	0.0015
000122	R	0.000258	0.014892	0.080484	0.0002	0.0032	0.0360	0.0110	0.0225	0.0288	0.0015
000123	L	0.000309	0.012713	0.082648	0.0002	0.0032	0.0360	0.0100	0.0226	0.0296	0.0015
000124	W	0.000364	0.010679	0.084629	0.0003	0.0043	0.0390	0.0090	0.0233	0.0305	0.0016
000125	I	0.000402	0.008180	0.085977	0.0006	0.0052	0.0400	0.0100	0.0234	0.0311	0.0015
000126	A	0.000432	0.008723	0.086813	0.0006	0.0042	0.0390	0.0110	0.0233	0.0314	0.0014
000127	V	0.001308	0.011209	0.087679	0.0005	0.0031	0.0390	0.0110	0.0239	0.0315	0.0014
000128	L	0.001344	0.013279	0.089117	0.0006	0.0037	0.0390	0.0100	0.0245	0.0317	0.0014
000129	V	0.001375	0.016238	0.091254	0.0004	0.0031	0.0380	0.0090	0.0251	0.0324	0.0013
000130	I	0.001385	0.027400	0.093290	0.0003	0.0032	0.0390	0.0080	0.0274	0.0328	0.0013
000131	Y	0.001399	0.041162	0.095434	0.0003	0.0031	0.0420	0.0090	0.0306	0.0341	0.0014
000132	P	0.001476	0.056354	0.098148	0.0006	0.0041	0.0400	0.0090	0.0335	0.0359	0.0015
000133	T	0.001471	0.067592	0.101327	0.0003	0.0042	0.0420	0.0090	0.0362	0.0383	0.0015
000134	N	0.001519	0.081504	0.104683	0.0006	0.0042	0.0430	0.0100	0.0393	0.0413	0.0015
000135	Q	0.002411	0.087573	0.107369	0.0008	0.0041	0.0440	0.0110	0.0411	0.0429	0.0014
000136	A	0.002146	0.089057	0.110574	0.0008	0.0041	0.0460	0.0120	0.0421	0.0441	0.0014
000137	V	0.002113	0.086902	0.113797	0.0007	0.0046	0.0470	0.0120	0.0426	0.0445	0.0013
000138	I	0.002364	0.084866	0.117467	0.0006	0.0065	0.0490	0.0140	0.0434	0.0449	0.0012
000139	A	0.002418	0.081530	0.121258	0.0010	0.0065	0.0460	0.0140	0.0431	0.0454	0.0012
000140	L	0.002373	0.078745	0.125304	0.0037	0.0056	0.0440	0.0130	0.0434	0.0459	0.0012
000141	T	0.002256	0.073852	0.129870	0.0035	0.0086	0.0370	0.0110	0.0426	0.0464	0.0012
000142	F	0.002224	0.067188	0.134196	0.0031	0.0136	0.0350	0.0100	0.0426	0.0467	0.0010
000143	S	0.002151	0.068302	0.137834	0.0029	0.0088	0.0330	0.0100	0.0421	0.0486	0.0010
000144	N	0.001497	0.075047	0.140300	0.0029	0.0056	0.0330	0.0110	0.0430	0.0505	0.0010
000145	Y	0.001498	0.074892	0.141361	0.0009	0.0059	0.0340	0.0130	0.0432	0.0511	0.0010
000146	V	0.002192	0.077890	0.141784	0.0005	0.0062	0.0370	0.0160	0.0443	0.0513	0.0010
000147	L	0.002601	0.086330	0.141810	0.0007	0.0078	0.0450	0.0180	0.0474	0.0520	0.0012
000148	Q	0.005258	0.099064	0.142226	0.0024	0.0101	0.0470	0.0180	0.0510	0.0529	0.0015
000149	P	0.010009	0.098662	0.143269	0.0066	0.0171	0.0480	0.0180	0.0540	0.0509	0.0018
000150	L	0.012359	0.110314	0.145259	0.0081	0.0125	0.0630	0.0270	0.0586	0.0533	0.0021
000151	F	0.014754	0.127448	0.147672	0.0182	0.0223	0.0810	0.0350	0.0686	0.0539	0.0024
000152	P	0.016640	0.147303	0.150112	0.0081	0.0119	0.0910	0.0320	0.0708	0.0618	0.0030
000153	T	0.018047	0.180188	0.152703	0.0179	0.0134	0.1490	0.0520	0.0886	0.0728	0.0034
000154	C	0.018330	0.226539	0.155431	0.0084	0.0111	0.2040	0.0740	0.1040	0.0938	0.0033
000155	F	0.018182	0.254783	0.158245	0.0042	0.0091	0.2530	0.1000	0.1162	0.1105	0.0032
000156	P	0.017701	0.289738	0.160767	0.0074	0.0091	0.2330	0.0870	0.1196	0.1145	0.0034
000157	P	0.015114	0.332397	0.163372	0.0099	0.0092	0.1870	0.0620	0.1195	0.1203	0.0030
000158	E	0.010664	0.316830	0.165795	0.0124	0.0093	0.1440	0.0540	0.1099	0.1130	0.0024
000159	S	0.008490	0.273833	0.167475	0.0061	0.0065	0.1030	0.0400	0.0943	0.1004	0.0017
000160	G	0.006100	0.237717	0.168557	0.0015	0.0044	0.0760	0.0300	0.0823	0.0913	0.0011
000161	L	0.004232	0.185684	0.169878	0.0026	0.0044	0.0610	0.0240	0.0712	0.0781	0.0007
000162	R	0.002783	0.114783	0.171728	0.0031	0.0065	0.0540	0.0190	0.0588	0.0644	0.0005
000163	L	0.001906	0.079244	0.173582	0.0008	0.0045	0.0510	0.0180	0.0518	0.0618	0.0003
000164	L	0.001364	0.063075	0.175162	0.0008	0.0034	0.0520	0.0190	0.0494	0.0616	0.0002
000165	A	0.001231	0.045122	0.177131	0.0010	0.0045	0.0530	0.0180	0.0469	0.0619	0.0002
000166	A	0.001040	0.028650	0.180422	0.0013	0.0052	0.0540	0.0190	0.0450	0.0634	0.0002
000167	I	0.000725	0.019900	0.185058	0.0010	0.0047	0.0570	0.0180	0.0447	0.0657	0.0002
000168	C	0.000628	0.013725	0.190922	0.0005	0.0043	0.0560	0.0150	0.0443	0.0683	0.0002
000169	L	0.000644	0.009303	0.197058	0.0005	0.0032	0.0550	0.0150	0.0442	0.0709	0.0002
000170	L	0.000685	0.010397	0.203249	0.0005	0.0032	0.0560	0.0150	0.0456	0.0731	0.0003
000171	L	0.000761	0.011936	0.209350	0.0003	0.0024	0.0560	0.0140	0.0468	0.0752	0.0003
000172	L	0.000938	0.014024	0.214743	0.0005	0.0028	0.0560	0.0160	0.0482	0.0770	0.0006
000173	T	0.001143	0.017616	0.219652	0.0003	0.0030	0.0550	0.0140	0.0494	0.0784	0.0009
000174	W	0.001134	0.023601	0.224810	0.0004	0.0041	0.0530	0.0140	0.0511	0.0798	0.0013
000175	V	0.001281	0.031720	0.230827	0.0007	0.0044	0.0510	0.0150	0.0533	0.0815	0.0017
000176	N	0.001313	0.045990	0.237270	0.0008	0.0050	0.0480	0.0150	0.0564	0.0833	0.0022
000177	C	0.001312	0.061201	0.243100	0.0006	0.0060	0.0470	0.0160	0.0598	0.0852	0.0028
000178	S	0.001388	0.080394	0.248117	0.0009	0.0060	0.0490	0.0190	0.0642	0.0872	0.0037
000179	S	0.001464	0.094332	0.252323	0.0029	0.0050	0.0510	0.0230	0.0678	0.0891	0.0046
000180	V	0.002659	0.104539	0.255799	0.0027	0.0072	0.0540	0.0250	0.0711	0.0903	0.0055
000181	R	0.002721	0.105199	0.259084	0.0018	0.0089	0.0590	0.0270	0.0728	0.0913	0.0068
000182	W	0.002742	0.106685	0.262248	0.0042	0.0138	0.0670	0.0280	0.0762	0.0914	0.0078
000183	A	0.002905	0.118141	0.265326	0.0067	0.0244	0.0700	0.0300	0.0813	0.0916	0.0079
000184	T	0.003065	0.123947	0.267501	0.0066	0.0133	0.0710	0.0330	0.0809	0.0939	0.0080
000185	R	0.003293	0.127815	0.269202	0.0099	0.0130	0.0710	0.0340	0.0824	0.0944	0.0076
000186	V	0.003411	0.131653	0.271022	0.0083	0.0160	0.0770	0.0370	0.0845	0.0950	0.0073
000187	Q	0.003487	0.124306	0.273327	0.0037	0.0093	0.0820	0.0410	0.0826	0.0966	0.0072
000188	D	0.003368	0.114509	0.276210	0.0069	0.0107	0.0870	0.0470	0.0830	0.0963	0.0068
000189	I	0.001958	0.111618	0.278857	0.0028	0.0075	0.1000	0.0600	0.0838	0.0985	0.0058
000190	F	0.001779	0.108896	0.282609	0.0013	0.0056	0.1120	0.0680	0.0853	0.1005	0.0049
000191	T	0.001632	0.105998	0.286927	0.0013	0.0052	0.1100	0.0600	0.0852	0.1018	0.0039
000192	A	0.001457	0.110953	0.292215	0.0007	0.0038	0.1110	0.0560	0.0867	0.1041	0.0027
000193	G	0.001185	0.096006	0.297300	0.0007	0.0042	0.1180	0.0590	0.0862	0.1056	0.0019
000194	K	0.000962	0.077990	0.302006	0.0006	0.0048	0.1200	0.0590	0.0844	0.1072	0.0013
000195	L	0.000883	0.061649	0.306306	0.0004	0.0034	0.1180	0.0560	0.0819	0.1091	0.0009
000196	L	0.000744	0.050509	0.309453	0.0005	0.0026	0.1340	0.0540	0.0829	0.1118	0.0006
000197	A	0.002359	0.036508	0.311495	0.0005	0.0035	0.1410	0.0560	0.0826	0.1136	0.0005
000198	L	0.004323	0.028691	0.311879	0.0003	0.0024	0.1440	0.0650	0.0819	0.1144	0.0004
000199	A	0.004779	0.025597	0.311756	0.0003	0.0017	0.1400	0.0660	0.0807	0.1143	0.0003
000200	L	0.004711	0.021292	0.311717	0.0004	0.0025	0.1400	0.0670	0.0802	0.1146	0.0002
000201	I	0.004648	0.015021	0.311727	0.0005	0.0038	0.1360	0.0640	0.0786	0.1146	0.0002
000202	I	0.004572	0.012994	0.311690	0.0005	0.0039	0.1240	0.0590	0.0763	0.1139	0.0002
000203	I	0.004497	0.013372	0.311874	0.0006	0.0033	0.1140	0.0530	0.0746	0.1133	0.0003
000204	M	0.004367	0.015033	0.312598	0.0007	0.0022	0.1060	0.0460	0.0735	0.1131	0.0003
000205	G	0.004317	0.017587	0.313247	0.0004	0.0016	0.0970	0.0420	0.0724	0.1129	0.0004
000206	I	0.002660	0.021302	0.312931	0.0004	0.0016	0.0900	0.0410	0.0715	0.1124	0.0006
000207	V	0.000612	0.023505	0.311742	0.0005	0.0024	0.0850	0.0360	0.0707	0.1118	0.0009
000208	Q	0.000073	0.025590	0.309913	0.0003	0.0030	0.0800	0.0300	0.0698	0.1110	0.0013
000209	I	0.000042	0.032764	0.307581	0.0007	0.0040	0.0780	0.0280	0.0705	0.1095	0.0021
000210	C	0.000067	0.041272	0.304791	0.0010	0.0047	0.0760	0.0250	0.0712	0.1079	0.0036
000211	K	0.000102	0.046523	0.301366	0.0033	0.0057	0.0700	0.0220	0.0712	0.1061	0.0058
000212	G	0.000112	0.054620	0.297205	0.0069	0.0052	0.0760	0.0350	0.0734	0.1040	0.0085
000213	E	0.000127	0.063250	0.292131	0.0086	0.0080	0.0730	0.0280	0.0741	0.1015	0.0118
000214	Y	0.000702	0.061841	0.286266	0.0086	0.0130	0.0850	0.0280	0.0760	0.0989	0.0151
000215	F	0.001500	0.073134	0.280013	0.0144	0.0094	0.1000	0.0330	0.0797	0.0965	0.0199
000216	W	0.003034	0.114424	0.273424	0.0137	0.0096	0.0990	0.0330	0.0856	0.0949	0.0259
000217	L	0.005167	0.147978	0.266164	0.0131	0.0184	0.1090	0.0460	0.0933	0.0939	0.0287
000218	E	0.008036	0.192001	0.258069	0.0279	0.0349	0.1240	0.0500	0.1075	0.0927	0.0336
000219	P	0.009973	0.241006	0.249111	0.0304	0.0380	0.1530	0.0490	0.1202	0.0993	0.0363
000220	K	0.010331	0.284014	0.240516	0.0744	0.0389	0.2050	0.0600	0.1422	0.1052	0.0381
000221	N	0.014534	0.302963	0.232143	0.1266	0.0631	0.2450	0.0620	0.1641	0.1036	0.0364
000222	A	0.032486	0.338557	0.224192	0.0723	0.0327	0.2580	0.0650	0.1597	0.1196	0.0350
000223	F	0.108364	0.382615	0.215454	0.0723	0.0205	0.2760	0.0670	0.1791	0.1249	0.0334
000224	E	0.166003	0.403094	0.206185	0.0336	0.0143	0.2680	0.0780	0.1819	0.1337	0.0311
000225	N	0.181196	0.401562	0.196928	0.0425	0.0146	0.2560	0.1180	0.1821	0.1300	0.0270
000226	F	0.189663	0.400426	0.188162	0.0677	0.0235	0.2120	0.1160	0.1802	0.1203	0.0212
000227	Q	0.207219	0.363829	0.180185	0.0607	0.0198	0.1110	0.0540	0.1572	0.1126	0.0166
000228	E	0.230118	0.303483	0.171936	0.1041	0.0205	0.0680	0.0300	0.1496	0.0967	0.0137
000229	P	0.238359	0.256014	0.163041	0.0490	0.0188	0.0480	0.0210	0.1288	0.0952	0.0096
000230	D	0.259018	0.207274	0.153389	0.0200	0.0163	0.0410	0.0180	0.1162	0.0957	0.0067
000231	I	0.242032	0.148949	0.143024	0.0252	0.0160	0.0350	0.0140	0.1017	0.0829	0.0045
000232	G	0.166712	0.115998	0.132520	0.0259	0.0085	0.0270	0.0080	0.0795	0.0611	0.0033
000233	L	0.114507	0.090727	0.121738	0.0350	0.0085	0.0270	0.0080	0.0663	0.0444	0.0024
000234	V	0.097822	0.069673	0.110941	0.0387	0.0092	0.0300	0.0080	0.0594	0.0366	0.0018
000235	A	0.087229	0.063393	0.100441	0.0274	0.0085	0.0310	0.0070	0.0530	0.0333	0.0015
000236	L	0.066803	0.059792	0.089937	0.0141	0.0081	0.0330	0.0050	0.0452	0.0294	0.0013
000237	A	0.041932	0.063710	0.080469	0.0308	0.0091	0.0340	0.0070	0.0433	0.0232	0.0013
000238	F	0.033300	0.072150	0.072208	0.0297	0.0093	0.0400	0.0120	0.0427	0.0228	0.0013
000239	L	0.008427	0.079791	0.065794	0.0121	0.0057	0.0430	0.0150	0.0358	0.0292	0.0014
000240	Q	0.007445	0.092973	0.060708	0.0094	0.0039	0.0450	0.0170	0.0365	0.0329	0.0018
000241	G	0.006306	0.101290	0.056342	0.0042	0.0039	0.0420	0.0130	0.0357	0.0357	0.0021
000242	S	0.000071	0.098720	0.052589	0.0040	0.0039	0.0400	0.0100	0.0332	0.0354	0.0027
000243	F	0.000032	0.093162	0.048971	0.0042	0.0031	0.0410	0.0120	0.0318	0.0335	0.0031
000244	A	0.000023	0.094234	0.045874	0.0038	0.0043	0.0400	0.0120	0.0314	0.0335	0.0038
000245	Y	0.000032	0.086581	0.043329	0.0034	0.0059	0.0420	0.0120	0.0301	0.0308	0.0046
000246	G	0.000100	0.085111	0.041414	0.0049	0.0072	0.0390	0.0140	0.0295	0.0297	0.0059
000247	G	0.000217	0.083017	0.040159	0.0099	0.0072	0.0360	0.0160	0.0295	0.0282	0.0076
000248	W	0.000261	0.077589	0.039178	0.0150	0.0064	0.0400	0.0170	0.0298	0.0262	0.0091
000249	N	0.000291	0.070969	0.038709	0.0128	0.0102	0.0460	0.0200	0.0298	0.0244	0.0099
000250	F	0.000387	0.066860	0.038543	0.0121	0.0194	0.0720	0.0360	0.0350	0.0271	0.0108
000251	L	0.000442	0.068821	0.038283	0.0124	0.0108	0.0950	0.0490	0.0376	0.0341	0.0121
000252	N	0.000592	0.073722	0.037462	0.0150	0.0108	0.1070	0.0510	0.0407	0.0379	0.0138
000253	Y	0.000959	0.082431	0.035709	0.0075	0.0119	0.1440	0.0600	0.0471	0.0511	0.0155
000254	V	0.001274	0.115766	0.034139	0.0128	0.0138	0.1620	0.0600	0.0566	0.0604	0.0187
000255	T	0.009878	0.151650	0.033110	0.0167	0.0198	0.1790	0.0580	0.0683	0.0693	0.0226
000256	E	0.010867	0.183564	0.032337	0.0137	0.0389	0.1890	0.0510	0.0781	0.0772	0.0259
000257	E	0.016863	0.232934	0.031481	0.0157	0.0300	0.1990	0.0390	0.0877	0.0915	0.0268
000258	L	0.028428	0.285514	0.030630	0.0144	0.0165	0.2180	0.0490	0.0989	0.1099	0.0252
000259	V	0.036645	0.313225	0.030911	0.0218	0.0143	0.2160	0.0630	0.1054	0.1161	0.0235
000260	D	0.097151	0.327857	0.032266	0.0090	0.0087	0.2210	0.0710	0.1160	0.1199	0.0228
000261	P	0.154648	0.332295	0.033817	0.0086	0.0146	0.2280	0.0930	0.1287	0.1214	0.0191
000262	Y	0.207296	0.298157	0.035222	0.0084	0.0143	0.2490	0.1240	0.1355	0.1194	0.0151
000263	K	0.218775	0.256873	0.035994	0.0083	0.0153	0.2120	0.1160	0.1245	0.1059	0.0112
000264	N	0.210241	0.208968	0.036280	0.0075	0.0160	0.1320	0.0610	0.1019	0.0863	0.0086
000265	L	0.209295	0.177613	0.035970	0.0173	0.0163	0.0770	0.0230	0.0889	0.0771	0.0060
000266	P	0.203287	0.142059	0.035007	0.0082	0.0163	0.0450	0.0090	0.0749	0.0723	0.0042
000267	R	0.191702	0.115471	0.034608	0.0037	0.0084	0.0400	0.0080	0.0656	0.0672	0.0030
000268	A	0.183390	0.094992	0.034469	0.0033	0.0060	0.0390	0.0070	0.0602	0.0628	0.0021
000269	I	0.122849	0.077578	0.035124	0.0034	0.0059	0.0370	0.0070	0.0470	0.0419	0.0015
000270	F	0.065258	0.053401	0.035685	0.0038	0.0059	0.0410	0.0110	0.0341	0.0227	0.0011
000271	I	0.012294	0.042100	0.036183	0.0012	0.0039	0.0420	0.0130	0.0230	0.0176	0.0009
000272	S	0.000561	0.038495	0.036865	0.0006	0.0032	0.0470	0.0160	0.0211	0.0199	0.0008
000273	I	0.000430	0.030346	0.037725	0.0006	0.0046	0.0480	0.0170	0.0202	0.0191	0.0007
000274	P	0.000267	0.025277	0.038619	0.0005	0.0036	0.0440	0.0150	0.0187	0.0182	0.0007
000275	L	0.000235	0.021866	0.039276	0.0005	0.0031	0.0430	0.0140	0.0180	0.0179	0.0007
000276	V	0.000226	0.018046	0.039499	0.0006	0.0031	0.0420	0.0130	0.0172	0.0177	0.0007
000277	T	0.000229	0.016681	0.039832	0.0004	0.0022	0.0410	0.0120	0.0167	0.0176	0.0007
000278	F	0.000221	0.016228	0.039783	0.0002	0.0022	0.0400	0.0110	0.0164	0.0174	0.0006
000279	V	0.000175	0.017551	0.039826	0.0002	0.0022	0.0360	0.0090	0.0161	0.0167	0.0007
000280	Y	0.000155	0.018855	0.039835	0.0003	0.0025	0.0390	0.0100	0.0167	0.0172	0.0007
000281	V	0.000227	0.023815	0.040243	0.0005	0.0037	0.0420	0.0120	0.0184	0.0180	0.0008
000282	F	0.000364	0.029871	0.041266	0.0006	0.0054	0.0550	0.0200	0.0220	0.0213	0.0009
000283	A	0.000474	0.038332	0.042929	0.0006	0.0056	0.0640	0.0300	0.0254	0.0245	0.0011
000284	N	0.000586	0.051061	0.045731	0.0013	0.0085	0.0800	0.0370	0.0312	0.0297	0.0013
000285	V	0.003684	0.065903	0.049135	0.0010	0.0056	0.0900	0.0350	0.0358	0.0345	0.0015
000286	A	0.008546	0.084153	0.052888	0.0040	0.0056	0.0950	0.0390	0.0418	0.0379	0.0018
000287	Y	0.023683	0.101457	0.056612	0.0033	0.0062	0.1250	0.0460	0.0528	0.0467	0.0022
000288	V	0.038816	0.128882	0.060058	0.0009	0.0059	0.1390	0.0510	0.0622	0.0544	0.0027
000289	T	0.139959	0.161422	0.063313	0.0024	0.0094	0.1820	0.0780	0.0931	0.0718	0.0037
000290	A	0.234105	0.217655	0.065801	0.0042	0.0107	0.2170	0.0890	0.1248	0.1000	0.0047
000291	M	0.328520	0.284135	0.067850	0.0084	0.0123	0.2350	0.0790	0.1560	0.1307	0.0059
000292	S	0.343740	0.350401	0.069856	0.0109	0.0148	0.2460	0.0630	0.1726	0.1460	0.0071
000293	P	0.361384	0.400833	0.072030	0.0137	0.0191	0.2520	0.0560	0.1865	0.1591	0.0079
000294	Q	0.422753	0.448061	0.074765	0.0137	0.0253	0.2650	0.0460	0.2083	0.1807	0.0080
000295	E	0.456437	0.447846	0.077770	0.0075	0.0117	0.2970	0.0510	0.2163	0.1925	0.0081
000296	L	0.470910	0.424774	0.080800	0.0137	0.0174	0.3070	0.0560	0.2191	0.1895	0.0073
000297	L	0.477606	0.392906	0.083647	0.0083	0.0258	0.3030	0.0830	0.2152	0.1844	0.0066
000298	A	0.399450	0.342440	0.086008	0.0160	0.0506	0.2470	0.0850	0.1903	0.1477	0.0063
000299	S	0.320323	0.286813	0.088227	0.0387	0.0454	0.1830	0.0680	0.1604	0.1120	0.0062
000300	N	0.235752	0.243629	0.089727	0.0387	0.0227	0.1650	0.0600	0.1326	0.0883	0.0055
000301	A	0.229874	0.194021	0.090687	0.0297	0.0287	0.1370	0.0430	0.1183	0.0766	0.0048
000302	V	0.212310	0.159194	0.091055	0.0231	0.0248	0.1150	0.0440	0.1042	0.0682	0.0044
000303	A	0.148040	0.154645	0.090605	0.0252	0.0188	0.1010	0.0430	0.0896	0.0531	0.0041
000304	V	0.109813	0.150312	0.089694	0.0109	0.0133	0.1050	0.0480	0.0799	0.0513	0.0041
000305	T	0.080763	0.153097	0.088836	0.0084	0.0083	0.0950	0.0400	0.0725	0.0510	0.0044
000306	F	0.059195	0.172275	0.088632	0.0059	0.0055	0.0830	0.0270	0.0691	0.0568	0.0046
000307	G	0.036554	0.172956	0.089121	0.0070	0.0062	0.0790	0.0270	0.0652	0.0578	0.0053
000308	E	0.021676	0.151081	0.089589	0.0075	0.0096	0.0820	0.0410	0.0602	0.0523	0.0059
000309	K	0.012068	0.128241	0.090358	0.0078	0.0078	0.0790	0.0390	0.0542	0.0474	0.0060
000310	L	0.002856	0.106392	0.091099	0.0087	0.0079	0.0690	0.0320	0.0477	0.0426	0.0055
000311	L	0.003093	0.071221	0.092008	0.0040	0.0059	0.0600	0.0260	0.0394	0.0363	0.0055
000312	G	0.003323	0.056606	0.092578	0.0061	0.0059	0.0440	0.0160	0.0347	0.0330	0.0058
000313	V	0.003427	0.049462	0.092604	0.0062	0.0056	0.0360	0.0120	0.0321	0.0321	0.0058
000314	M	0.003282	0.043276	0.091953	0.0067	0.0062	0.0340	0.0110	0.0308	0.0312	0.0059
000315	A	0.004435	0.035940	0.090504	0.0062	0.0085	0.0320	0.0100	0.0295	0.0299	0.0060
000316	W	0.005367	0.040401	0.088381	0.0061	0.0053	0.0330	0.0110	0.0297	0.0298	0.0062
000317	I	0.007749	0.047197	0.085667	0.0137	0.0081	0.0320	0.0120	0.0323	0.0277	0.0061
000318	M	0.014138	0.052002	0.082774	0.0069	0.0081	0.0320	0.0130	0.0327	0.0274	0.0064
000319	P	0.022951	0.061271	0.079648	0.0059	0.0057	0.0350	0.0130	0.0352	0.0275	0.0071
000320	I	0.029341	0.072591	0.076308	0.0061	0.0060	0.0460	0.0150	0.0394	0.0284	0.0076
000321	S	0.029045	0.076396	0.073350	0.0062	0.0083	0.0510	0.0140	0.0407	0.0284	0.0092
000322	V	0.028747	0.084673	0.071141	0.0116	0.0119	0.0600	0.0150	0.0447	0.0288	0.0106
000323	A	0.028913	0.115831	0.069238	0.0116	0.0080	0.0690	0.0190	0.0505	0.0382	0.0125
000324	L	0.028862	0.155017	0.067433	0.0212	0.0066	0.0910	0.0240	0.0618	0.0506	0.0148
000325	S	0.028232	0.181720	0.066118	0.0128	0.0084	0.1250	0.0300	0.0704	0.0637	0.0171
000326	T	0.025837	0.224263	0.065885	0.0078	0.0095	0.1830	0.0430	0.0861	0.0862	0.0195
000327	F	0.019221	0.254989	0.066833	0.0131	0.0148	0.2260	0.0380	0.0991	0.1018	0.0207
000328	G	0.010278	0.285715	0.068437	0.0279	0.0269	0.2550	0.0340	0.1124	0.1134	0.0231
000329	G	0.003582	0.330555	0.070558	0.0387	0.0205	0.2800	0.0460	0.1240	0.1307	0.0248
000330	V	0.003579	0.398979	0.072660	0.0316	0.0093	0.2930	0.0520	0.1349	0.1541	0.0254
000331	N	0.003603	0.417500	0.074824	0.0376	0.0084	0.2910	0.0450	0.1388	0.1583	0.0272
000332	G	0.003390	0.423886	0.077530	0.0194	0.0072	0.2710	0.0400	0.1337	0.1592	0.0272
000333	S	0.006810	0.403601	0.080888	0.0167	0.0095	0.2450	0.0530	0.1271	0.1489	0.0266
000334	L	0.011790	0.353014	0.084805	0.0179	0.0093	0.2210	0.0610	0.1163	0.1291	0.0255
000335	F	0.015751	0.293179	0.088803	0.0363	0.0148	0.1860	0.0590	0.1057	0.1025	0.0241
000336	T	0.018737	0.268808	0.093105	0.0286	0.0171	0.1420	0.0620	0.0947	0.0901	0.0238
000337	S	0.023459	0.264248	0.098003	0.0297	0.0163	0.1080	0.0480	0.0899	0.0859	0.0237
000338	S	0.028922	0.255567	0.103533	0.0677	0.0327	0.0930	0.0390	0.0969	0.0762	0.0241
000339	R	0.033455	0.241037	0.109480	0.0660	0.0174	0.1020	0.0400	0.0950	0.0733	0.0242
000340	L	0.036463	0.241459	0.115514	0.0607	0.0198	0.1340	0.0450	0.1013	0.0746	0.0222
000341	F	0.040114	0.245232	0.121769	0.0554	0.0313	0.1510	0.0370	0.1074	0.0754	0.0216
000342	F	0.040939	0.269203	0.128219	0.0677	0.0178	0.1690	0.0440	0.1155	0.0857	0.0212
000343	A	0.039636	0.314615	0.134858	0.0677	0.0105	0.1750	0.0490	0.1238	0.1019	0.0208
000344	G	0.037958	0.344048	0.141807	0.0414	0.0091	0.1780	0.0480	0.1254	0.1148	0.0206
000345	A	0.036515	0.355716	0.148912	0.0425	0.0107	0.1580	0.0350	0.1254	0.1173	0.0198
000346	R	0.032008	0.366177	0.156059	0.0677	0.0117	0.1370	0.0280	0.1284	0.1183	0.0194
000347	E	0.027330	0.347880	0.162607	0.0514	0.0107	0.1080	0.0220	0.1180	0.1148	0.0168
000348	G	0.023506	0.313689	0.168997	0.0274	0.0081	0.0960	0.0330	0.1063	0.1078	0.0135
000349	H	0.025185	0.322726	0.175253	0.0245	0.0083	0.0830	0.0290	0.1066	0.1118	0.0106
000350	L	0.031114	0.320703	0.181838	0.0121	0.0083	0.0730	0.0230	0.1045	0.1132	0.0083
000351	P	0.030497	0.289456	0.188830	0.0245	0.0095	0.0600	0.0210	0.1005	0.1034	0.0075
000352	S	0.036449	0.259587	0.196041	0.0478	0.0194	0.0540	0.0190	0.1022	0.0913	0.0063
000353	V	0.044535	0.222020	0.203162	0.0502	0.0531	0.0540	0.0160	0.1044	0.0767	0.0054
000354	L	0.063631	0.172644	0.209744	0.0621	0.0334	0.0480	0.0100	0.0982	0.0673	0.0048
000355	A	0.071495	0.144247	0.215736	0.0771	0.0389	0.0390	0.0080	0.0977	0.0635	0.0043
000356	M	0.070873	0.121680	0.220585	0.0490	0.0380	0.0350	0.0080	0.0893	0.0655	0.0042
000357	I	0.070486	0.106251	0.224724	0.0554	0.0191	0.0340	0.0100	0.0850	0.0683	0.0039
000358	H	0.065741	0.107156	0.228691	0.0363	0.0099	0.0330	0.0100	0.0802	0.0731	0.0040
000359	V	0.055833	0.109136	0.232684	0.0182	0.0061	0.0370	0.0120	0.0765	0.0773	0.0043
000360	K	0.050910	0.114299	0.235848	0.0094	0.0065	0.0420	0.0150	0.0765	0.0796	0.0048
000361	R	0.040721	0.113753	0.237850	0.0082	0.0075	0.0540	0.0240	0.0770	0.0802	0.0053
000362	C	0.030162	0.112431	0.238638	0.0069	0.0049	0.0590	0.0270	0.0753	0.0816	0.0053
000363	T	0.009426	0.106297	0.238140	0.0031	0.0049	0.0580	0.0220	0.0700	0.0838	0.0052
000364	P	0.001319	0.092164	0.236582	0.0024	0.0065	0.0560	0.0160	0.0658	0.0833	0.0050
000365	I	0.001117	0.081175	0.234964	0.0053	0.0065	0.0570	0.0160	0.0644	0.0819	0.0045
000366	P	0.000753	0.073106	0.233909	0.0069	0.0053	0.0550	0.0150	0.0625	0.0814	0.0043
000367	A	0.000726	0.057974	0.232552	0.0035	0.0053	0.0550	0.0130	0.0591	0.0811	0.0037
000368	L	0.000829	0.048066	0.230193	0.0029	0.0054	0.0550	0.0110	0.0571	0.0804	0.0034
000369	L	0.000970	0.045675	0.226655	0.0018	0.0044	0.0530	0.0120	0.0553	0.0794	0.0031
000370	F	0.001087	0.037037	0.222236	0.0010	0.0059	0.0520	0.0120	0.0532	0.0780	0.0029
000371	T	0.001054	0.031934	0.217461	0.0007	0.0057	0.0510	0.0130	0.0513	0.0765	0.0028
000372	C	0.001091	0.032389	0.212448	0.0006	0.0058	0.0500	0.0130	0.0504	0.0747	0.0027
000373	I	0.001031	0.034810	0.207461	0.0010	0.0059	0.0510	0.0120	0.0502	0.0728	0.0028
000374	S	0.000958	0.038659	0.201892	0.0010	0.0041	0.0520	0.0130	0.0497	0.0708	0.0032
000375	T	0.000895	0.046434	0.195911	0.0007	0.0039	0.0530	0.0140	0.0501	0.0687	0.0035
000376	L	0.000830	0.055614	0.189789	0.0007	0.0040	0.0570	0.0140	0.0512	0.0666	0.0040
000377	L	0.000750	0.065139	0.183697	0.0006	0.0027	0.0590	0.0150	0.0520	0.0649	0.0044
000378	M	0.000630	0.079344	0.177579	0.0004	0.0033	0.0600	0.0160	0.0535	0.0636	0.0048
000379	L	0.000412	0.099269	0.171247	0.0003	0.0032	0.0650	0.0190	0.0565	0.0635	0.0052
000380	V	0.000382	0.115361	0.165306	0.0005	0.0035	0.0650	0.0200	0.0584	0.0638	0.0055
000381	T	0.000300	0.122840	0.159554	0.0006	0.0052	0.0620	0.0200	0.0584	0.0632	0.0056
000382	S	0.000279	0.124511	0.153167	0.0003	0.0034	0.0550	0.0200	0.0562	0.0621	0.0053
000383	D	0.000268	0.120943	0.145447	0.0006	0.0030	0.0490	0.0190	0.0533	0.0594	0.0047
000384	M	0.000246	0.102652	0.136689	0.0005	0.0044	0.0450	0.0180	0.0483	0.0537	0.0036
000385	Y	0.000243	0.082686	0.128058	0.0003	0.0032	0.0440	0.0160	0.0430	0.0484	0.0027
000386	T	0.000166	0.072264	0.120256	0.0003	0.0022	0.0380	0.0150	0.0389	0.0448	0.0019
000387	L	0.000062	0.064275	0.113198	0.0003	0.0020	0.0390	0.0160	0.0365	0.0418	0.0013
000388	I	0.000041	0.049306	0.106649	0.0004	0.0019	0.0390	0.0170	0.0329	0.0384	0.0008
000389	N	0.000019	0.041142	0.099858	0.0003	0.0024	0.0370	0.0150	0.0302	0.0356	0.0005
000390	Y	0.000007	0.036486	0.093378	0.0003	0.0025	0.0350	0.0120	0.0280	0.0332	0.0003
000391	V	0.000006	0.029521	0.087653	0.0005	0.0034	0.0330	0.0090	0.0256	0.0308	0.0002
000392	G	0.000006	0.022787	0.083199	0.0003	0.0025	0.0320	0.0090	0.0234	0.0293	0.0002
000393	F	0.000005	0.021438	0.080007	0.0003	0.0023	0.0320	0.0090	0.0227	0.0283	0.0001
000394	I	0.000005	0.022190	0.078036	0.0002	0.0022	0.0320	0.0090	0.0224	0.0277	0.0001
000395	N	0.000004	0.021664	0.077427	0.0002	0.0026	0.0330	0.0090	0.0224	0.0274	0.0001
000396	Y	0.000004	0.021990	0.077569	0.0003	0.0027	0.0340	0.0090	0.0227	0.0275	0.0001
000397	L	0.000004	0.025488	0.078101	0.0004	0.0020	0.0350	0.0090	0.0236	0.0279	0.0001
000398	F	0.000005	0.025578	0.079330	0.0004	0.0021	0.0420	0.0110	0.0249	0.0289	0.0001
000399	Y	0.000005	0.026594	0.080849	0.0004	0.0029	0.0540	0.0130	0.0275	0.0307	0.0001
000400	G	0.000009	0.031371	0.083005	0.0002	0.0020	0.0710	0.0170	0.0313	0.0343	0.0001
000401	V	0.000011	0.035567	0.086080	0.0004	0.0029	0.1120	0.0350	0.0396	0.0446	0.0001
000402	T	0.000012	0.035390	0.090187	0.0003	0.0037	0.1990	0.0770	0.0548	0.0720	0.0001
000403	V	0.000056	0.039358	0.094823	0.0003	0.0039	0.3750	0.1330	0.0856	0.1337	0.0001
000404	A	0.002082	0.047230	0.099445	0.0007	0.0062	0.4960	0.1610	0.1086	0.1768	0.0001
000405	G	0.062572	0.053871	0.104740	0.0022	0.0064	0.4290	0.1600	0.1099	0.1471	0.0001
000406	Q	0.133776	0.058870	0.110576	0.0026	0.0066	0.3090	0.0560	0.1035	0.1038	0.0002
000407	I	0.242089	0.065590	0.116971	0.0013	0.0099	0.2190	0.0270	0.1091	0.0941	0.0002
000408	V	0.349878	0.077926	0.123640	0.0055	0.0188	0.1850	0.0540	0.1268	0.1168	0.0002
000409	L	0.457629	0.101827	0.131143	0.0102	0.0227	0.1710	0.0580	0.1490	0.1492	0.0003
000410	R	0.564615	0.152924	0.139033	0.0279	0.0454	0.1630	0.0550	0.1822	0.1788	0.0004
000411	W	0.669033	0.201989	0.146895	0.0094	0.0244	0.2010	0.0880	0.2087	0.2197	0.0005
000412	K	0.729378	0.259756	0.154054	0.0200	0.0454	0.2180	0.1300	0.2378	0.2359	0.0006
000413	K	0.793280	0.308278	0.161431	0.0082	0.0235	0.2420	0.1500	0.2561	0.2633	0.0007
000414	P	0.798718	0.344552	0.169203	0.0157	0.0223	0.2720	0.1650	0.2704	0.2650	0.0007
000415	D	0.791838	0.347947	0.178371	0.0084	0.0143	0.2940	0.1700	0.2724	0.2649	0.0006
000416	I	0.700172	0.330137	0.187824	0.0035	0.0165	0.2820	0.1620	0.2534	0.2342	0.0004
000417	P	0.592608	0.311545	0.197789	0.0009	0.0100	0.2130	0.1140	0.2210	0.1999	0.0004
000418	R	0.485088	0.290768	0.207744	0.0038	0.0105	0.1830	0.0850	0.1969	0.1654	0.0003
000419	P	0.378122	0.250772	0.218084	0.0033	0.0097	0.1710	0.0780	0.1718	0.1327	0.0002
000420	I	0.273710	0.196904	0.228674	0.0037	0.0101	0.1660	0.0750	0.1465	0.1039	0.0001
000421	K	0.213327	0.161612	0.238847	0.0010	0.0073	0.1660	0.0780	0.1314	0.0938	0.0001
000422	I	0.147400	0.117950	0.248231	0.0009	0.0069	0.1700	0.0730	0.1152	0.0880	0.0000
000423	N	0.081473	0.074722	0.256986	0.0005	0.0050	0.1750	0.0710	0.0989	0.0914	0.0000
000424	L	0.017150	0.043574	0.265393	0.0002	0.0046	0.1970	0.0880	0.0880	0.1041	0.0000
000425	L	0.000502	0.029236	0.273460	0.0001	0.0031	0.2200	0.0900	0.0877	0.1139	0.0000
000426	F	0.000277	0.019772	0.280785	0.0001	0.0022	0.2430	0.0900	0.0910	0.1215	0.0000
000427	P	0.000042	0.011734	0.286628	0.0001	0.0023	0.2280	0.1020	0.0881	0.1209	0.0000
000428	I	0.000020	0.007434	0.291182	0.0001	0.0016	0.2150	0.1050	0.0859	0.1203	0.0000
000429	I	0.000012	0.005213	0.294362	0.0001	0.0011	0.1940	0.0880	0.0825	0.1180	0.0000
000430	Y	0.000006	0.004394	0.297602	0.0001	0.0009	0.1780	0.0660	0.0802	0.1167	0.0000
000431	L	0.000004	0.003536	0.300940	0.0001	0.0010	0.1710	0.0620	0.0794	0.1168	0.0000
000432	L	0.000002	0.003513	0.303705	0.0001	0.0007	0.1760	0.0860	0.0807	0.1185	0.0000
000433	F	0.000001	0.003309	0.305136	0.0001	0.0010	0.1860	0.1050	0.0826	0.1203	0.0000
000434	W	0.000001	0.003168	0.304945	0.0001	0.0011	0.1800	0.0980	0.0815	0.1193	0.0000
000435	A	0.000001	0.003981	0.304157	0.0001	0.0016	0.1690	0.0930	0.0798	0.1175	0.0000
000436	F	0.000001	0.005562	0.302864	0.0001	0.0017	0.1620	0.0890	0.0786	0.1160	0.0000
000437	L	0.000003	0.007583	0.301221	0.0001	0.0021	0.1580	0.0910	0.0782	0.1148	0.0000
000438	L	0.000005	0.010129	0.298750	0.0001	0.0014	0.1450	0.0830	0.0760	0.1125	0.0000
000439	V	0.000007	0.014790	0.295999	0.0001	0.0020	0.1300	0.0700	0.0738	0.1096	0.0001
000440	F	0.000014	0.020846	0.293051	0.0001	0.0020	0.1300	0.0660	0.0743	0.1080	0.0001
000441	S	0.000034	0.029053	0.290137	0.0001	0.0027	0.1210	0.0570	0.0739	0.1057	0.0002
000442	L	0.000055	0.038033	0.286709	0.0001	0.0027	0.1230	0.0520	0.0751	0.1040	0.0002
000443	W	0.000095	0.051672	0.283254	0.0001	0.0033	0.1270	0.0500	0.0775	0.1024	0.0004
000444	S	0.000156	0.061067	0.279918	0.0001	0.0036	0.1200	0.0460	0.0775	0.1004	0.0005
000445	E	0.000263	0.066359	0.277140	0.0002	0.0042	0.1170	0.0480	0.0775	0.0990	0.0005
000446	P	0.000369	0.067586	0.274104	0.0001	0.0036	0.1140	0.0440	0.0767	0.0979	0.0005
000447	V	0.007869	0.062153	0.271290	0.0002	0.0052	0.1180	0.0450	0.0774	0.0961	0.0005
000448	V	0.010591	0.051573	0.267766	0.0002	0.0068	0.1340	0.0500	0.0785	0.0962	0.0005
000449	C	0.012387	0.047606	0.264180	0.0003	0.0073	0.1380	0.0490	0.0782	0.0953	0.0005
000450	G	0.013887	0.045558	0.259712	0.0005	0.0101	0.1330	0.0420	0.0771	0.0929	0.0005
000451	I	0.014402	0.041664	0.254856	0.0006	0.0123	0.1290	0.0410	0.0754	0.0908	0.0004
000452	G	0.014639	0.042770	0.249537	0.0007	0.0085	0.1090	0.0330	0.0709	0.0877	0.0003
000453	L	0.014653	0.043669	0.244208	0.0009	0.0076	0.0920	0.0270	0.0672	0.0849	0.0002
000454	A	0.014555	0.039976	0.238428	0.0009	0.0079	0.0790	0.0220	0.0634	0.0825	0.0002
000455	I	0.014449	0.037402	0.232929	0.0005	0.0079	0.0690	0.0180	0.0604	0.0804	0.0001
000456	M	0.006952	0.036523	0.227460	0.0003	0.0059	0.0690	0.0190	0.0577	0.0795	0.0001
000457	L	0.004230	0.040311	0.222788	0.0002	0.0041	0.0680	0.0220	0.0567	0.0782	0.0001
000458	T	0.002429	0.040853	0.218786	0.0003	0.0038	0.0700	0.0250	0.0560	0.0770	0.0001
000459	G	0.000911	0.041247	0.215281	0.0003	0.0047	0.0720	0.0270	0.0558	0.0760	0.0002
000460	V	0.000379	0.037073	0.211920	0.0003	0.0058	0.0730	0.0280	0.0547	0.0749	0.0001
000461	P	0.000104	0.035431	0.207923	0.0003	0.0057	0.0630	0.0230	0.0521	0.0733	0.0002
000462	V	0.000028	0.030170	0.203386	0.0004	0.0084	0.0570	0.0210	0.0499	0.0715	0.0002
000463	Y	0.000019	0.030315	0.199380	0.0004	0.0083	0.0490	0.0170	0.0479	0.0700	0.0002
000464	F	0.000019	0.032570	0.195893	0.0009	0.0091	0.0450	0.0160	0.0473	0.0685	0.0003
000465	L	0.000013	0.038593	0.193536	0.0013	0.0068	0.0470	0.0180	0.0479	0.0676	0.0004
000466	G	0.000011	0.042976	0.190854	0.0026	0.0094	0.0500	0.0230	0.0493	0.0662	0.0007
000467	V	0.000010	0.044779	0.187924	0.0012	0.0125	0.0520	0.0230	0.0497	0.0650	0.0010
000468	Y	0.000007	0.056244	0.184607	0.0049	0.0111	0.0510	0.0190	0.0513	0.0635	0.0016
000469	W	0.000003	0.074473	0.181946	0.0055	0.0076	0.0480	0.0160	0.0529	0.0636	0.0026
000470	Q	0.000002	0.099687	0.180446	0.0021	0.0083	0.0440	0.0110	0.0558	0.0656	0.0040
000471	H	0.000002	0.125006	0.179749	0.0026	0.0078	0.0450	0.0120	0.0601	0.0688	0.0066
000472	K	0.000002	0.154519	0.179228	0.0021	0.0054	0.0480	0.0170	0.0649	0.0742	0.0112
000473	P	0.000002	0.161757	0.179637	0.0026	0.0070	0.0560	0.0240	0.0679	0.0753	0.0201
000474	K	0.000002	0.155152	0.183144	0.0029	0.0072	0.0700	0.0350	0.0697	0.0746	0.0338
000475	C	0.000006	0.158374	0.189251	0.0075	0.0084	0.0840	0.0490	0.0746	0.0760	0.0566
000476	F	0.000057	0.151728	0.198699	0.0084	0.0119	0.0960	0.0530	0.0777	0.0770	0.0908
000477	S	0.000073	0.128934	0.210038	0.0059	0.0120	0.0920	0.0390	0.0749	0.0772	0.1327
000478	D	0.000093	0.119387	0.223533	0.0097	0.0174	0.0940	0.0360	0.0774	0.0791	0.1804
000479	F	0.000136	0.113431	0.237643	0.0218	0.0231	0.1000	0.0380	0.0827	0.0810	0.2173
000480	I	0.000151	0.088791	0.252340	0.0336	0.0275	0.1110	0.0460	0.0855	0.0835	0.2517
000481	E	0.000154	0.077794	0.269690	0.0297	0.0178	0.1300	0.0650	0.0876	0.0922	0.2908
000482	L	0.000196	0.082297	0.289010	0.0194	0.0130	0.1640	0.1000	0.0947	0.1033	0.3224
000483	L	0.006876	0.078872	0.308812	0.0131	0.0097	0.1850	0.1190	0.1004	0.1123	0.3428
000484	T	0.010077	0.074648	0.329274	0.0081	0.0065	0.1950	0.1250	0.1039	0.1207	0.3534
000485	L	0.018314	0.083253	0.351645	0.0062	0.0070	0.2050	0.1330	0.1118	0.1277	0.3640
000486	V	0.075719	0.096359	0.375761	0.0069	0.0094	0.1990	0.1250	0.1271	0.1284	0.3616
000487	S	0.141607	0.106074	0.400646	0.0200	0.0113	0.2010	0.1220	0.1467	0.1313	0.3567
000488	Q	0.177902	0.122661	0.425101	0.0245	0.0127	0.2330	0.1400	0.1660	0.1398	0.3529
000489	K	0.228438	0.122113	0.450302	0.0128	0.0115	0.2590	0.1430	0.1807	0.1535	0.3564
000490	M	0.290016	0.126068	0.475788	0.0376	0.0218	0.2870	0.1400	0.2065	0.1608	0.3683
000491	C	0.370479	0.141420	0.501822	0.0621	0.0380	0.2820	0.1230	0.2327	0.1679	0.3761
000492	V	0.448819	0.137314	0.528352	0.0607	0.0349	0.3050	0.1210	0.2525	0.1892	0.3852
000493	V	0.531972	0.175521	0.555004	0.1088	0.0662	0.3530	0.1500	0.2984	0.1951	0.3936
000494	V	0.608526	0.231248	0.581342	0.1766	0.1298	0.3890	0.1830	0.3527	0.1891	0.4001
000495	Y	0.635097	0.306520	0.607687	0.1805	0.1373	0.3760	0.1820	0.3739	0.1918	0.4057
000496	P	0.659355	0.380337	0.633991	0.2786	0.1881	0.3360	0.1420	0.4128	0.1757	0.4091
000497	E	0.713183	0.458452	0.660984	0.3630	0.2752	0.3800	0.1340	0.4752	0.1597	0.4156
000498	V	0.761851	0.524379	0.688464	0.3399	0.2951	0.4900	0.1420	0.5166	0.1687	0.4200
000499	E	0.804574	0.576864	0.716398	0.3491	0.3117	0.5380	0.1340	0.5494	0.1782	0.4229
000500	R	0.829578	0.622735	0.744144	0.3847	0.2752	0.5960	0.1440	0.5754	0.1925	0.4255
000501	G	0.851109	0.668592	0.770846	0.4513	0.3426	0.6000	0.1440	0.6141	0.1752	0.4293
000502	S	0.873073	0.692098	0.796720	0.5229	0.4369	0.5990	0.1590	0.6534	0.1512	0.4320
000503	G	0.896554	0.720869	0.822359	0.5900	0.5254	0.5850	0.1380	0.6900	0.1350	0.4334
000504	T	0.918161	0.753500	0.847279	0.6557	0.6269	0.5870	0.1310	0.7314	0.1200	0.4337
000505	E	0.932349	0.776052	0.869511	0.7147	0.7331	0.5820	0.1590	0.7679	0.1127	0.4341
000506	E	0.943237	0.796822	0.888925	0.7951	0.8681	0.5790	0.1680	0.8119	0.1162	0.4349
000507	A	0.950429	0.817740	0.904598	0.7772	0.7982	0.5920	0.1660	0.8066	0.1137	0.4366
000508	N	0.952149	0.839635	0.917230	0.7912	0.6531	0.6390	0.1230	0.7987	0.1198	0.4397
000509	E	0.953463	0.858571	0.927071	0.8391	0.7547	0.6870	0.0960	0.8367	0.0925	0.4469
000510	D	0.953375	0.876209	0.936088	0.7869	0.7595	0.7300	0.1070	0.8404	0.0864	0.4556
000511	M	0.946169	0.894333	0.944482	0.8118	0.7718	0.7420	0.1220	0.8517	0.0811	0.4643
000512	E	0.941402	0.909914	0.950383	0.8350	0.7951	0.7310	0.1380	0.8604	0.0804	0.4672
000513	E	0.916372	0.921528	0.954632	0.8311	0.8050	0.7600	0.1500	0.8648	0.0702	0.4708
000514	Q	0.902482	0.933976	0.959270	0.8521	0.7951	0.7670	0.1600	0.8684	0.0702	0.4743
000515	Q	0.887440	0.948224	0.964105	0.8556	0.8085	0.7570	0.1620	0.8702	0.0730	0.4779
000516	Q	0.863288	0.958707	0.967647	0.8350	0.7843	0.7610	0.1540	0.8617	0.0790	0.4881
000517	P	0.839173	0.963939	0.969207	0.8595	0.7916	0.7860	0.1440	0.8682	0.0741	0.5007
000518	M	0.808577	0.969496	0.969796	0.8650	0.7459	0.8010	0.1280	0.8600	0.0848	0.5183
000519	Y	0.783626	0.972279	0.970319	0.8920	0.6906	0.8120	0.1110	0.8535	0.1019	0.5306
000520	Q	0.771843	0.974210	0.970425	0.8595	0.6755	0.8060	0.1040	0.8429	0.1066	0.5357
000521	P	0.774558	0.976247	0.970508	0.8350	0.6531	0.8060	0.0920	0.8359	0.1125	0.5478
000522	T	0.798045	0.979113	0.970606	0.8626	0.7369	0.8090	0.0890	0.8593	0.0895	0.5601
000523	P	0.794713	0.981166	0.970539	0.8626	0.7163	0.8030	0.0920	0.8547	0.0957	0.5839
000524	T	0.815427	0.982807	0.970500	0.8746	0.7250	0.8190	0.0980	0.8646	0.0906	0.6044
000525	K	0.826652	0.984936	0.970426	0.8781	0.7120	0.8270	0.1160	0.8665	0.0931	0.6270
000526	D	0.853631	0.987715	0.970444	0.8920	0.6991	0.9810	0.0240	0.8973	0.1014	0.6610
000527	K	0.886442	0.990613	0.970725	0.9119	0.6906	0.9870	0.0170	0.9062	0.1038	0.6772
000528	D	0.913417	0.992416	0.971031	0.9180	0.6482	0.9760	0.0330	0.9032	0.1177	0.7029
000529	V	0.932697	0.993820	0.971326	0.9466	0.7120	0.9550	0.0660	0.9186	0.0944	0.7136
000530	A	0.934263	0.994500	0.971280	0.9753	0.8565	0.9900	0.0080	0.9536	0.0476	0.7152
000531	G	0.940462	0.994943	0.970911	0.9810	0.8565	0.9830	0.0180	0.9545	0.0470	0.7294
000532	Q	0.976393	0.995153	0.970335	0.9836	0.8235	0.9810	0.0220	0.9550	0.0593	0.7356
000533	P	0.977519	0.995500	0.969723	0.9922	0.8125	0.9760	0.0260	0.9540	0.0639	0.7450
000534	Q	0.970525	0.996045	0.969232	0.9935	0.7718	0.9590	0.0480	0.9434	0.0779	0.7506
000535	P	0.992287	0.996328	0.969006	0.9976	0.7505	0.9370	0.0720	0.9404	0.0875	0.7611