RESNUM	RES	VL-XT	VSL2B	VL3	IUPred-S	IUPred-L	PONDRFIT	FITERROR	MDP	MDPERROR	ANCHOR2
000001	M	0.409870	0.690123	0.346011	0.4879	0.0045	0.8680	0.1320	0.4677	0.2716	0.0006
000002	T	0.422151	0.613872	0.344711	0.3225	0.0035	0.8440	0.0630	0.4252	0.2602	0.0006
000003	L	0.320016	0.531859	0.341446	0.1602	0.0038	0.8100	0.0660	0.3613	0.2585	0.0004
000004	Q	0.331601	0.403985	0.337011	0.0554	0.0053	0.6780	0.1250	0.3018	0.2245	0.0004
000005	W	0.255832	0.280960	0.332255	0.0304	0.0043	0.5740	0.1910	0.2463	0.1921	0.0004
000006	A	0.213556	0.165682	0.327961	0.0252	0.0054	0.5510	0.2040	0.2148	0.1862	0.0003
000007	A	0.168255	0.095927	0.324097	0.0075	0.0044	0.4360	0.2030	0.1726	0.1600	0.0003
000008	V	0.134376	0.060174	0.321114	0.0055	0.0037	0.4000	0.1710	0.1541	0.1539	0.0002
000009	A	0.098917	0.042779	0.319139	0.0009	0.0032	0.3000	0.1190	0.1276	0.1330	0.0002
000010	T	0.061732	0.031699	0.317814	0.0005	0.0027	0.2110	0.1240	0.1042	0.1191	0.0001
000011	F	0.037055	0.029242	0.316204	0.0002	0.0023	0.4270	0.2170	0.1353	0.1706	0.0001
000012	L	0.019367	0.029080	0.314270	0.0002	0.0023	0.3480	0.1850	0.1189	0.1508	0.0000
000013	Y	0.014501	0.028080	0.311799	0.0001	0.0015	0.3170	0.1630	0.1122	0.1433	0.0000
000014	A	0.008749	0.026113	0.309097	0.0002	0.0023	0.2410	0.1070	0.0979	0.1270	0.0000
000015	E	0.005503	0.024944	0.306062	0.0001	0.0014	0.1790	0.0770	0.0862	0.1168	0.0000
000016	I	0.003921	0.020025	0.302496	0.0002	0.0014	0.1560	0.0710	0.0807	0.1134	0.0000
000017	G	0.002444	0.015751	0.299059	0.0001	0.0017	0.1470	0.0690	0.0776	0.1118	0.0000
000018	L	0.001078	0.012076	0.295959	0.0001	0.0023	0.1460	0.0730	0.0762	0.1112	0.0000
000019	I	0.000310	0.009947	0.294379	0.0002	0.0029	0.1390	0.0690	0.0745	0.1102	0.0000
000020	L	0.000359	0.009219	0.293610	0.0003	0.0033	0.1240	0.0550	0.0718	0.1086	0.0000
000021	I	0.000393	0.009137	0.293954	0.0003	0.0023	0.1060	0.0350	0.0687	0.1076	0.0000
000022	F	0.000413	0.011684	0.294345	0.0004	0.0034	0.0900	0.0260	0.0667	0.1066	0.0000
000023	C	0.000437	0.013758	0.294460	0.0006	0.0046	0.0750	0.0280	0.0648	0.1059	0.0000
000024	L	0.000431	0.017642	0.293391	0.0012	0.0046	0.0660	0.0250	0.0639	0.1051	0.0000
000025	P	0.000427	0.026554	0.291743	0.0026	0.0036	0.0570	0.0180	0.0636	0.1039	0.0001
000026	F	0.000243	0.037472	0.289701	0.0007	0.0034	0.0540	0.0180	0.0643	0.1029	0.0001
000027	I	0.000231	0.049304	0.287442	0.0006	0.0031	0.0570	0.0230	0.0662	0.1016	0.0001
000028	P	0.000211	0.074307	0.284929	0.0006	0.0032	0.0570	0.0240	0.0700	0.1004	0.0002
000029	P	0.000204	0.100695	0.282453	0.0006	0.0035	0.0600	0.0260	0.0746	0.1001	0.0003
000030	Q	0.000221	0.127039	0.279534	0.0009	0.0034	0.0660	0.0280	0.0795	0.1006	0.0005
000031	R	0.000266	0.138044	0.276844	0.0009	0.0046	0.0700	0.0310	0.0818	0.1004	0.0006
000032	W	0.000290	0.138915	0.273788	0.0010	0.0065	0.0730	0.0360	0.0823	0.0992	0.0007
000033	Q	0.000330	0.130916	0.271371	0.0035	0.0072	0.0670	0.0350	0.0801	0.0974	0.0007
000034	K	0.000567	0.116030	0.269308	0.0061	0.0075	0.0590	0.0310	0.0764	0.0953	0.0007
000035	I	0.000759	0.089469	0.268055	0.0062	0.0119	0.0550	0.0270	0.0719	0.0931	0.0007
000036	F	0.002989	0.072820	0.267347	0.0031	0.0069	0.0510	0.0240	0.0673	0.0933	0.0007
000037	S	0.005191	0.063950	0.266290	0.0078	0.0075	0.0440	0.0200	0.0658	0.0923	0.0007
000038	F	0.005214	0.054321	0.264813	0.0074	0.0120	0.0480	0.0220	0.0652	0.0913	0.0008
000039	N	0.005161	0.043828	0.262107	0.0028	0.0108	0.0510	0.0240	0.0625	0.0912	0.0009
000040	V	0.005095	0.040637	0.258000	0.0022	0.0087	0.0560	0.0280	0.0617	0.0900	0.0010
000041	W	0.005041	0.046163	0.253046	0.0022	0.0057	0.0650	0.0340	0.0628	0.0883	0.0013
000042	G	0.004988	0.051053	0.248358	0.0012	0.0042	0.0690	0.0380	0.0631	0.0868	0.0016
000043	K	0.004734	0.048316	0.245121	0.0009	0.0061	0.0740	0.0420	0.0633	0.0856	0.0019
000044	I	0.004524	0.049654	0.243703	0.0005	0.0045	0.0920	0.0570	0.0657	0.0860	0.0022
000045	A	0.002288	0.049282	0.243519	0.0005	0.0034	0.0970	0.0570	0.0659	0.0866	0.0029
000046	T	0.000078	0.042899	0.243668	0.0005	0.0035	0.1070	0.0640	0.0663	0.0879	0.0040
000047	F	0.000014	0.039984	0.243307	0.0006	0.0038	0.1060	0.0560	0.0656	0.0877	0.0047
000048	W	0.000012	0.039956	0.242616	0.0003	0.0030	0.1030	0.0470	0.0648	0.0874	0.0054
000049	N	0.000009	0.036368	0.240831	0.0003	0.0034	0.1010	0.0410	0.0637	0.0868	0.0055
000050	K	0.000009	0.033027	0.237353	0.0002	0.0025	0.1020	0.0400	0.0625	0.0860	0.0051
000051	A	0.000009	0.028750	0.231762	0.0002	0.0024	0.0970	0.0400	0.0600	0.0840	0.0048
000052	F	0.000009	0.019971	0.225165	0.0002	0.0024	0.0940	0.0330	0.0569	0.0821	0.0042
000053	L	0.000009	0.013290	0.218502	0.0001	0.0017	0.0960	0.0320	0.0549	0.0806	0.0040
000054	T	0.000018	0.010136	0.211906	0.0001	0.0017	0.1060	0.0310	0.0550	0.0797	0.0043
000055	I	0.000140	0.007218	0.205487	0.0001	0.0022	0.1060	0.0290	0.0535	0.0778	0.0045
000056	I	0.000231	0.005777	0.198989	0.0001	0.0019	0.1010	0.0240	0.0513	0.0753	0.0046
000057	I	0.001427	0.005514	0.193204	0.0001	0.0019	0.0950	0.0200	0.0495	0.0727	0.0047
000058	L	0.001912	0.005560	0.188067	0.0001	0.0030	0.0940	0.0260	0.0488	0.0707	0.0052
000059	L	0.002535	0.005650	0.183647	0.0002	0.0033	0.0970	0.0380	0.0488	0.0695	0.0059
000060	I	0.004010	0.006287	0.179498	0.0002	0.0032	0.1050	0.0460	0.0497	0.0689	0.0074
000061	V	0.006045	0.007715	0.175665	0.0001	0.0032	0.1070	0.0460	0.0500	0.0677	0.0096
000062	L	0.008394	0.011521	0.171147	0.0002	0.0026	0.1220	0.0560	0.0527	0.0681	0.0128
000063	F	0.010543	0.021247	0.167406	0.0003	0.0037	0.1730	0.0860	0.0627	0.0763	0.0164
000064	L	0.013633	0.031218	0.165083	0.0003	0.0048	0.2620	0.1550	0.0795	0.0993	0.0198
000065	D	0.016862	0.049059	0.166256	0.0003	0.0039	0.3350	0.2000	0.0952	0.1211	0.0231
000066	A	0.039320	0.095054	0.171041	0.0006	0.0052	0.4670	0.2190	0.1296	0.1617	0.0259
000067	V	0.073469	0.142971	0.178634	0.0007	0.0070	0.5120	0.1970	0.1525	0.1736	0.0284
000068	R	0.118663	0.204380	0.189360	0.0021	0.0071	0.4560	0.1630	0.1629	0.1529	0.0311
000069	E	0.176578	0.291957	0.200796	0.0059	0.0102	0.4100	0.1390	0.1826	0.1444	0.0313
000070	V	0.261857	0.368649	0.212294	0.0069	0.0168	0.4630	0.1340	0.2216	0.1682	0.0303
000071	R	0.351734	0.411472	0.223850	0.0141	0.0275	0.4410	0.1680	0.2450	0.1725	0.0297
000072	K	0.451851	0.446696	0.236275	0.0279	0.0424	0.3960	0.1680	0.2669	0.1788	0.0283
000073	Y	0.552650	0.487636	0.247430	0.0554	0.0835	0.3790	0.1520	0.3009	0.1892	0.0259
000074	S	0.653665	0.513058	0.255452	0.1117	0.1611	0.3740	0.1190	0.3449	0.1918	0.0251
000075	S	0.726228	0.534699	0.260055	0.1921	0.2541	0.4310	0.1330	0.3997	0.1869	0.0246
000076	V	0.774063	0.597531	0.262234	0.1921	0.2752	0.4970	0.1540	0.4331	0.2080	0.0244
000077	H	0.806025	0.657298	0.261489	0.2333	0.3149	0.5370	0.1600	0.4683	0.2145	0.0261
000078	T	0.773018	0.708324	0.257506	0.3535	0.3599	0.5590	0.1460	0.5018	0.1920	0.0281
000079	I	0.752147	0.756945	0.251836	0.3578	0.2645	0.5950	0.1190	0.4964	0.2144	0.0292
000080	E	0.752226	0.797461	0.245826	0.3184	0.2609	0.6210	0.1200	0.4993	0.2315	0.0329
000081	K	0.740235	0.810910	0.240180	0.3184	0.3392	0.6470	0.1220	0.5161	0.2240	0.0372
000082	S	0.711638	0.823331	0.235340	0.3263	0.3426	0.6680	0.1310	0.5179	0.2239	0.0410
000083	S	0.680143	0.821461	0.231165	0.3225	0.3460	0.6790	0.1490	0.5133	0.2214	0.0463
000084	T	0.636720	0.815836	0.227211	0.4116	0.4119	0.6700	0.1690	0.5290	0.1968	0.0526
000085	S	0.629951	0.819236	0.223445	0.4245	0.4186	0.6540	0.1720	0.5283	0.1943	0.0581
000086	R	0.634567	0.826309	0.219057	0.3885	0.3356	0.6220	0.1680	0.5044	0.2073	0.0649
000087	P	0.667714	0.813255	0.214257	0.4781	0.2988	0.5780	0.1610	0.5083	0.2060	0.0701
000088	D	0.638853	0.770918	0.209066	0.3847	0.2988	0.5680	0.1700	0.4784	0.1970	0.0712
000089	A	0.581393	0.694921	0.203893	0.2820	0.2884	0.5360	0.1510	0.4310	0.1813	0.0738
000090	Y	0.520204	0.620391	0.198868	0.3762	0.3872	0.5230	0.1420	0.4377	0.1360	0.0781
000091	E	0.467165	0.548642	0.193745	0.3668	0.3774	0.4560	0.1450	0.4016	0.1109	0.0797
000092	H	0.412445	0.479462	0.188698	0.3717	0.3910	0.4070	0.1320	0.3751	0.0898	0.0816
000093	T	0.371343	0.441377	0.184394	0.3668	0.3087	0.3790	0.1110	0.3419	0.0803	0.0838
000094	Q	0.304091	0.434851	0.180057	0.3717	0.2258	0.3260	0.1030	0.3072	0.0853	0.0857
000095	M	0.222657	0.415750	0.175242	0.2786	0.1449	0.3010	0.0990	0.2563	0.0894	0.0921
000096	K	0.164409	0.399251	0.168015	0.1921	0.1449	0.2740	0.0890	0.2237	0.0886	0.0975
000097	L	0.128787	0.371957	0.157279	0.1178	0.1476	0.2590	0.0780	0.1971	0.0908	0.1016
000098	F	0.094052	0.351688	0.143529	0.0965	0.0646	0.2520	0.0760	0.1670	0.1021	0.1105
000099	R	0.065043	0.331223	0.126908	0.0991	0.0618	0.2250	0.0610	0.1515	0.0971	0.1266
000100	S	0.042681	0.301443	0.110100	0.0554	0.0433	0.1810	0.0610	0.1224	0.0938	0.1414
000101	Q	0.024573	0.282364	0.093778	0.0935	0.0405	0.1560	0.0620	0.1152	0.0860	0.1602
000102	R	0.012887	0.261508	0.078045	0.0490	0.0198	0.1340	0.0570	0.0926	0.0857	0.1887
000103	N	0.004465	0.227783	0.062040	0.0252	0.0120	0.1120	0.0400	0.0739	0.0778	0.2231
000104	L	0.003620	0.192317	0.047443	0.0099	0.0087	0.0930	0.0360	0.0592	0.0672	0.2630
000105	Y	0.003540	0.169629	0.034889	0.0040	0.0069	0.0800	0.0400	0.0498	0.0599	0.3081
000106	I	0.001707	0.126545	0.024358	0.0026	0.0060	0.0730	0.0360	0.0391	0.0463	0.3430
000107	S	0.001698	0.094802	0.015204	0.0009	0.0060	0.0590	0.0260	0.0296	0.0353	0.3828
000108	G	0.001708	0.070119	0.009006	0.0008	0.0080	0.0490	0.0210	0.0232	0.0267	0.4273
000109	F	0.001717	0.044435	0.006207	0.0026	0.0090	0.0420	0.0140	0.0176	0.0182	0.3991
000110	S	0.001724	0.032905	0.005806	0.0026	0.0073	0.0330	0.0090	0.0140	0.0137	0.3687
000111	L	0.001738	0.025224	0.006610	0.0008	0.0075	0.0300	0.0080	0.0121	0.0115	0.3369
000112	F	0.001762	0.022231	0.008283	0.0005	0.0059	0.0320	0.0070	0.0117	0.0114	0.3160
000113	F	0.001691	0.019741	0.010173	0.0005	0.0046	0.0320	0.0090	0.0114	0.0111	0.3055
000114	W	0.000532	0.018813	0.013028	0.0003	0.0044	0.0380	0.0140	0.0126	0.0134	0.3040
000115	L	0.000467	0.018709	0.016141	0.0003	0.0059	0.0440	0.0180	0.0142	0.0150	0.3068
000116	V	0.000441	0.019124	0.019457	0.0005	0.0061	0.0470	0.0190	0.0154	0.0161	0.3204
000117	L	0.000399	0.019217	0.023165	0.0008	0.0074	0.0560	0.0230	0.0178	0.0190	0.3320
000118	R	0.000451	0.021061	0.029559	0.0005	0.0076	0.0660	0.0320	0.0208	0.0227	0.3498
000119	R	0.000545	0.026341	0.041201	0.0004	0.0078	0.0700	0.0310	0.0244	0.0252	0.3708
000120	L	0.003770	0.037644	0.057367	0.0007	0.0088	0.0810	0.0300	0.0315	0.0299	0.3971
000121	V	0.008596	0.051506	0.077425	0.0007	0.0089	0.0830	0.0230	0.0384	0.0339	0.4239
000122	T	0.014243	0.063637	0.098602	0.0007	0.0136	0.0890	0.0190	0.0466	0.0388	0.4128
000123	L	0.019075	0.092791	0.120686	0.0018	0.0240	0.1080	0.0250	0.0611	0.0474	0.3883
000124	I	0.066549	0.124623	0.142616	0.0059	0.0473	0.1300	0.0310	0.0862	0.0499	0.3619
000125	T	0.074705	0.155789	0.164566	0.0121	0.0605	0.1590	0.0440	0.1044	0.0585	0.3392
000126	Q	0.076951	0.203831	0.186057	0.0274	0.0631	0.2060	0.0710	0.1272	0.0732	0.3224
000127	L	0.080513	0.260082	0.208088	0.0297	0.0948	0.2500	0.0890	0.1539	0.0893	0.3168
000128	A	0.082020	0.300585	0.231081	0.0350	0.1554	0.2870	0.1010	0.1819	0.0999	0.3085
000129	K	0.080380	0.345253	0.255324	0.0363	0.1583	0.3030	0.1060	0.1964	0.1137	0.3022
000130	E	0.077767	0.406054	0.280532	0.0363	0.1399	0.3490	0.1110	0.2149	0.1385	0.2942
000131	L	0.075189	0.461337	0.306625	0.0701	0.2164	0.4280	0.1020	0.2597	0.1545	0.2920
000132	S	0.071298	0.492160	0.333737	0.1041	0.2951	0.4070	0.0980	0.2839	0.1520	0.2877
000133	N	0.024697	0.527635	0.361087	0.1018	0.2951	0.3770	0.0790	0.2812	0.1705	0.2858
000134	K	0.017791	0.550464	0.387437	0.1766	0.3910	0.3680	0.0840	0.3152	0.1716	0.2835
000135	G	0.017627	0.546607	0.413119	0.2700	0.4766	0.3740	0.0830	0.3497	0.1713	0.2841
000136	V	0.016128	0.544510	0.438388	0.2820	0.4476	0.3790	0.0730	0.3512	0.1693	0.2857
000137	L	0.017158	0.566136	0.463875	0.2748	0.4186	0.3680	0.0930	0.3514	0.1738	0.2879
000138	K	0.018718	0.586642	0.489452	0.3578	0.4979	0.3530	0.0910	0.3839	0.1827	0.2875
000139	T	0.016908	0.605830	0.514373	0.3806	0.5254	0.3870	0.1010	0.4049	0.1908	0.2887
000140	Q	0.014073	0.633941	0.538683	0.3762	0.4186	0.4140	0.1170	0.3993	0.1932	0.2899
000141	A	0.013756	0.665472	0.561263	0.3668	0.3948	0.4200	0.1270	0.4037	0.2029	0.2987
000142	E	0.017334	0.680418	0.583433	0.3885	0.4801	0.3880	0.1050	0.4229	0.2091	0.3123
000143	N	0.017584	0.704963	0.605328	0.3885	0.4901	0.3610	0.0990	0.4279	0.2185	0.3284
000144	T	0.017021	0.728957	0.627632	0.3806	0.4901	0.3130	0.0880	0.4262	0.2305	0.3420
000145	N	0.016457	0.747030	0.648626	0.3806	0.5017	0.3120	0.0880	0.4344	0.2383	0.3551
000146	K	0.051592	0.763732	0.668846	0.3847	0.4979	0.3410	0.0900	0.4513	0.2322	0.3654
000147	A	0.079317	0.786896	0.688558	0.4556	0.4901	0.3420	0.0910	0.4737	0.2302	0.3757
000148	A	0.103832	0.807976	0.708680	0.5331	0.5807	0.3250	0.0900	0.5099	0.2355	0.3871
000149	K	0.156932	0.823535	0.727220	0.4781	0.5807	0.3390	0.0880	0.5176	0.2255	0.3963
000150	K	0.213145	0.836689	0.741567	0.4703	0.4940	0.3830	0.0960	0.5231	0.2103	0.4050
000151	F	0.260156	0.846844	0.751434	0.4651	0.4220	0.4270	0.0960	0.5288	0.2036	0.4149
000152	M	0.311491	0.859435	0.757536	0.4379	0.4476	0.4030	0.1050	0.5361	0.1997	0.4223
000153	E	0.362825	0.863725	0.762407	0.4078	0.4409	0.3700	0.0910	0.5347	0.2007	0.4240
000154	E	0.455104	0.873913	0.766505	0.3885	0.4409	0.3830	0.0970	0.5514	0.1943	0.4269
000155	N	0.519767	0.883854	0.770486	0.3992	0.4409	0.4210	0.1080	0.5726	0.1867	0.4310
000156	E	0.512889	0.887769	0.774185	0.4078	0.4220	0.4180	0.1040	0.5704	0.1903	0.4334
000157	K	0.504661	0.890990	0.777541	0.4149	0.4256	0.4250	0.1280	0.5730	0.1899	0.4330
000158	L	0.488426	0.897924	0.779787	0.4282	0.4541	0.4180	0.1430	0.5778	0.1890	0.4335
000159	K	0.462540	0.900174	0.781255	0.4458	0.4831	0.4340	0.1250	0.5844	0.1850	0.4346
000160	R	0.442005	0.900795	0.781979	0.4420	0.4220	0.4790	0.0980	0.5780	0.1901	0.4359
000161	I	0.433871	0.898066	0.782284	0.4379	0.3704	0.5090	0.0890	0.5719	0.1967	0.4382
000162	L	0.412224	0.900685	0.781172	0.4458	0.4119	0.4810	0.0840	0.5721	0.1946	0.4404
000163	K	0.363145	0.902423	0.779271	0.4116	0.4369	0.4640	0.0970	0.5596	0.2043	0.4419
000164	S	0.305473	0.902931	0.777207	0.3668	0.4119	0.4960	0.0740	0.5434	0.2203	0.4448
000165	H	0.350171	0.901528	0.776233	0.3668	0.4119	0.5580	0.0630	0.5608	0.2108	0.4471
000166	G	0.378209	0.902785	0.775537	0.3399	0.4119	0.5960	0.0660	0.5675	0.2115	0.4451
000167	K	0.344835	0.908027	0.774691	0.3399	0.4051	0.5950	0.0480	0.5612	0.2188	0.4433
000168	D	0.320233	0.911559	0.773497	0.3491	0.4051	0.5840	0.0410	0.5573	0.2220	0.4413
000169	E	0.296899	0.913627	0.772100	0.3939	0.4119	0.5440	0.0460	0.5554	0.2194	0.4388
000170	E	0.278119	0.916403	0.771530	0.3939	0.3631	0.5320	0.0520	0.5426	0.2297	0.4411
000171	C	0.267264	0.917553	0.771957	0.3491	0.3667	0.5280	0.0540	0.5335	0.2370	0.4459
000172	V	0.231174	0.918841	0.774213	0.3578	0.4409	0.4670	0.0620	0.5317	0.2386	0.4500
000173	L	0.192704	0.916868	0.776573	0.3939	0.5139	0.4400	0.0660	0.5389	0.2418	0.4517
000174	E	0.130293	0.918674	0.778591	0.4037	0.5176	0.4350	0.0820	0.5307	0.2575	0.4492
000175	A	0.091754	0.916599	0.779286	0.4037	0.5176	0.5170	0.0660	0.5376	0.2644	0.4470
000176	E	0.094217	0.919120	0.779684	0.3939	0.4330	0.5630	0.0740	0.5304	0.2685	0.4423
000177	N	0.093313	0.923217	0.780100	0.3806	0.4330	0.6400	0.1000	0.5417	0.2741	0.4434
000178	K	0.128849	0.927126	0.780900	0.3456	0.4369	0.6540	0.0930	0.5456	0.2702	0.4441
000179	K	0.148165	0.932553	0.781533	0.3359	0.4369	0.6580	0.0810	0.5488	0.2682	0.4452
000180	L	0.177294	0.934219	0.781819	0.3456	0.3667	0.6840	0.0910	0.5482	0.2688	0.4463
000181	V	0.254700	0.935387	0.781653	0.3535	0.3631	0.6420	0.1140	0.5551	0.2488	0.4432
000182	E	0.339634	0.940138	0.781943	0.3630	0.4220	0.5810	0.1300	0.5713	0.2235	0.4352
000183	D	0.439612	0.942756	0.781849	0.3939	0.4801	0.5960	0.1360	0.6057	0.1970	0.4284
000184	Q	0.538377	0.942780	0.781398	0.4333	0.5456	0.6440	0.1190	0.6476	0.1700	0.4240
000185	E	0.623095	0.941456	0.780156	0.4333	0.5419	0.6820	0.0990	0.6669	0.1636	0.4241
000186	K	0.708561	0.942954	0.778725	0.4556	0.5419	0.7190	0.1050	0.6912	0.1581	0.4242
000187	L	0.759738	0.945363	0.777060	0.4651	0.4685	0.7370	0.1100	0.6921	0.1729	0.4282
000188	K	0.810915	0.945780	0.775578	0.4420	0.4507	0.7160	0.1150	0.6902	0.1857	0.4286
000189	T	0.864225	0.942802	0.774415	0.4078	0.4507	0.7440	0.1040	0.6974	0.2004	0.4306
000190	E	0.880979	0.942450	0.773798	0.4245	0.4330	0.7830	0.0780	0.7062	0.2044	0.4323
000191	L	0.890565	0.942239	0.772995	0.4651	0.5017	0.8230	0.0540	0.7326	0.1842	0.4370
000192	R	0.878539	0.943928	0.772014	0.4967	0.5807	0.8020	0.0600	0.7456	0.1581	0.4385
000193	K	0.863760	0.944801	0.770911	0.5008	0.5758	0.7950	0.0730	0.7419	0.1557	0.4441
000194	T	0.866429	0.946539	0.769626	0.5126	0.5139	0.8220	0.0690	0.7385	0.1679	0.4505
000195	S	0.869098	0.947778	0.768162	0.5173	0.4940	0.8430	0.0460	0.7398	0.1738	0.4595
000196	D	0.868640	0.948258	0.766813	0.4651	0.4901	0.8440	0.0450	0.7304	0.1866	0.4729
000197	A	0.852036	0.952468	0.765777	0.4651	0.4766	0.8470	0.0570	0.7265	0.1887	0.4855
000198	L	0.841673	0.952547	0.765453	0.5173	0.5456	0.8480	0.0580	0.7452	0.1608	0.4992
000199	S	0.808806	0.951140	0.765211	0.5173	0.5342	0.8510	0.0640	0.7379	0.1603	0.5072
000200	K	0.802769	0.951219	0.765590	0.5126	0.5342	0.8620	0.0660	0.7381	0.1624	0.5193
000201	A	0.801297	0.951077	0.765680	0.5008	0.5342	0.8840	0.0560	0.7394	0.1679	0.5323
000202	Q	0.803859	0.953043	0.765926	0.5583	0.6183	0.8830	0.0550	0.7637	0.1384	0.5398
000203	N	0.789357	0.953677	0.765906	0.5711	0.6183	0.8880	0.0560	0.7644	0.1357	0.5530
000204	D	0.786887	0.956139	0.766839	0.5941	0.5493	0.8750	0.0550	0.7546	0.1438	0.5652
000205	V	0.748114	0.956012	0.768085	0.5941	0.5493	0.8600	0.0390	0.7460	0.1411	0.5838
000206	M	0.717033	0.955512	0.769883	0.5374	0.5493	0.8470	0.0340	0.7293	0.1506	0.5962
000207	E	0.702925	0.956081	0.771505	0.5412	0.5533	0.8030	0.0520	0.7214	0.1445	0.5953
000208	M	0.706539	0.957954	0.773536	0.5583	0.5055	0.8280	0.0470	0.7216	0.1546	0.5951
000209	K	0.678995	0.958244	0.775852	0.6079	0.5807	0.8270	0.0440	0.7381	0.1310	0.5874
000210	M	0.622289	0.957822	0.778525	0.5412	0.5901	0.8340	0.0460	0.7206	0.1479	0.5899
000211	Q	0.559830	0.959192	0.781075	0.5473	0.5342	0.8210	0.0520	0.7004	0.1627	0.5769
000212	S	0.508556	0.960790	0.783357	0.5762	0.5017	0.8260	0.0540	0.6928	0.1741	0.5714
000213	E	0.448077	0.960549	0.785049	0.5229	0.4940	0.8110	0.0600	0.6702	0.1912	0.5745
000214	R	0.423609	0.960074	0.786556	0.4703	0.4831	0.8140	0.0730	0.6563	0.2053	0.5789
000215	L	0.400191	0.960240	0.787825	0.4651	0.5055	0.8110	0.0820	0.6550	0.2076	0.5810
000216	S	0.384303	0.960268	0.789158	0.5126	0.5707	0.7840	0.0880	0.6669	0.1948	0.5713
000217	K	0.367916	0.959309	0.790432	0.5296	0.5901	0.7960	0.0780	0.6722	0.1963	0.5643
000218	E	0.383436	0.960175	0.792516	0.5331	0.5342	0.8060	0.0700	0.6682	0.1987	0.5664
000219	Y	0.423944	0.959052	0.794641	0.5412	0.5533	0.8210	0.0590	0.6821	0.1878	0.5794
000220	D	0.470205	0.959211	0.796932	0.4918	0.5620	0.8220	0.0700	0.6837	0.1849	0.5887
000221	Q	0.518944	0.957898	0.798014	0.5173	0.5758	0.8360	0.0790	0.7007	0.1714	0.5982
000222	L	0.569707	0.960097	0.798359	0.5084	0.5176	0.8660	0.0680	0.7034	0.1788	0.6180
000223	L	0.617921	0.959536	0.798256	0.5043	0.5211	0.8810	0.0690	0.7137	0.1759	0.6244
000224	K	0.670859	0.957575	0.799085	0.4420	0.5176	0.8720	0.0770	0.7098	0.1852	0.6122
000225	E	0.705398	0.961736	0.801475	0.4379	0.5176	0.8740	0.0750	0.7164	0.1869	0.6000
000226	H	0.758583	0.961478	0.804211	0.4879	0.6043	0.8710	0.0800	0.7478	0.1592	0.5921
000227	S	0.785116	0.961534	0.806275	0.4918	0.5951	0.8770	0.0780	0.7528	0.1612	0.5825
000228	E	0.818795	0.963531	0.807673	0.5008	0.5901	0.8830	0.0770	0.7607	0.1624	0.5715
000229	L	0.851612	0.965810	0.809021	0.4967	0.5807	0.8820	0.0820	0.7642	0.1680	0.5634
000230	Q	0.881479	0.965628	0.810741	0.5514	0.6043	0.8830	0.0770	0.7828	0.1525	0.5341
000231	D	0.911034	0.964337	0.812207	0.5374	0.5951	0.8980	0.0760	0.7863	0.1627	0.5219
000232	R	0.942933	0.967610	0.814099	0.4781	0.5758	0.9870	0.0170	0.7943	0.1990	0.5113
000233	L	0.975249	0.968471	0.815915	0.5667	0.6322	0.9820	0.0240	0.8234	0.1692	0.5001
000234	E	0.985528	0.969986	0.817502	0.6516	0.6948	0.9780	0.0330	0.8495	0.1376	0.4800
000235	R	0.985823	0.970856	0.818002	0.6870	0.6948	0.9730	0.0410	0.8549	0.1289	0.4771
000236	G	0.986927	0.972806	0.818360	0.7275	0.6755	0.9940	0.0070	0.8626	0.1292	0.4763
000237	N	0.974009	0.974152	0.819101	0.7540	0.6227	0.9910	0.0110	0.8558	0.1368	0.4705
000238	K	0.965753	0.974747	0.820507	0.7869	0.6043	0.9860	0.0180	0.8563	0.1368	0.4701
000239	K	0.996161	0.975551	0.821492	0.8311	0.5854	0.9750	0.0300	0.8640	0.1430	0.4722
000240	R	0.993607	0.975938	0.821566	0.9068	0.6661	0.9550	0.0540	0.8866	0.1136	0.4702
000241	L	0.876125	0.976325	0.821353	0.9208	0.6375	0.9260	0.0920	0.8597	0.1102	0.4859