RESNUM	RES	VL-XT	VSL2B	VL3	IUPred-S	IUPred-L	PONDRFIT	FITERROR	MDP	MDPERROR	ANCHOR2
000001	M	0.882633	0.687903	0.374947	0.8283	0.0275	0.9370	0.0310	0.5605	0.3296	0.3783
000002	G	0.829934	0.658055	0.369465	0.7232	0.0313	0.9140	0.0320	0.5261	0.3078	0.3860
000003	S	0.931394	0.646887	0.367214	0.6079	0.0194	0.9170	0.0270	0.5205	0.3226	0.3911
000004	A	0.850789	0.595772	0.369606	0.5374	0.0294	0.8410	0.0750	0.4757	0.2895	0.3933
000005	P	0.643749	0.550478	0.369354	0.4078	0.0194	0.8070	0.0620	0.4048	0.2550	0.3915
000006	W	0.580621	0.474058	0.368584	0.3717	0.0258	0.7290	0.0220	0.3635	0.2262	0.3959
000007	A	0.526646	0.424884	0.367826	0.2385	0.0364	0.5540	0.0810	0.2968	0.1879	0.4043
000008	P	0.466946	0.403144	0.362776	0.1921	0.0248	0.5730	0.1050	0.2766	0.1905	0.4068
000009	V	0.414389	0.407880	0.357348	0.1635	0.0364	0.5170	0.0580	0.2566	0.1747	0.4196
000010	L	0.362125	0.365837	0.350667	0.0744	0.0380	0.5120	0.1050	0.2253	0.1798	0.4215
000011	L	0.317525	0.359284	0.343711	0.0643	0.0494	0.5240	0.1200	0.2191	0.1783	0.4266
000012	L	0.281962	0.327063	0.346976	0.0701	0.0531	0.4450	0.1140	0.1963	0.1558	0.4323
000013	A	0.283868	0.305037	0.347594	0.0744	0.0506	0.4880	0.1310	0.2003	0.1636	0.4276
000014	L	0.286036	0.297849	0.347483	0.0587	0.0518	0.5190	0.1310	0.2022	0.1735	0.4168
000015	G	0.287321	0.301248	0.350858	0.0744	0.0518	0.4300	0.0930	0.1908	0.1512	0.4004
000016	L	0.300780	0.345500	0.356055	0.0567	0.0506	0.3900	0.0970	0.1906	0.1532	0.3785
000017	R	0.269222	0.408096	0.365625	0.0832	0.1007	0.3390	0.0960	0.2000	0.1404	0.3658
000018	G	0.244217	0.432881	0.372381	0.1292	0.1424	0.3660	0.0960	0.2192	0.1325	0.3533
000019	L	0.243892	0.477418	0.381939	0.1088	0.1229	0.4370	0.0920	0.2317	0.1593	0.3394
000020	Q	0.252983	0.518515	0.391202	0.1921	0.0967	0.4370	0.0860	0.2495	0.1603	0.3344
000021	A	0.266080	0.548482	0.397502	0.2657	0.1702	0.4830	0.0810	0.2889	0.1483	0.3237
000022	G	0.241098	0.570420	0.402240	0.2432	0.2680	0.5100	0.0890	0.3054	0.1476	0.3145
000023	A	0.223651	0.585672	0.400650	0.3456	0.3566	0.4970	0.1320	0.3348	0.1333	0.3030
000024	R	0.203089	0.607597	0.397468	0.3885	0.2752	0.5090	0.1520	0.3306	0.1504	0.2899
000025	R	0.170148	0.625265	0.391806	0.4749	0.2541	0.4990	0.1550	0.3373	0.1663	0.2856
000026	A	0.176674	0.632242	0.384391	0.3806	0.2645	0.4690	0.1490	0.3206	0.1585	0.2895
000027	P	0.179227	0.637341	0.387267	0.3847	0.3667	0.4110	0.1470	0.3299	0.1481	0.2968
000028	D	0.175057	0.638664	0.385152	0.4116	0.3667	0.3780	0.1390	0.3283	0.1494	0.3002
000029	P	0.167759	0.633776	0.379221	0.4282	0.2752	0.3570	0.1350	0.3104	0.1565	0.3031
000030	G	0.165141	0.610479	0.367750	0.5173	0.3774	0.3410	0.1170	0.3352	0.1531	0.3010
000031	F	0.161496	0.581565	0.360823	0.4078	0.3631	0.3060	0.1000	0.3033	0.1387	0.2940
000032	Q	0.157460	0.573016	0.359549	0.4458	0.2783	0.2350	0.0590	0.2815	0.1504	0.2890
000033	E	0.157090	0.546198	0.356700	0.4333	0.2884	0.1810	0.0450	0.2677	0.1489	0.2822
000034	R	0.152270	0.481322	0.351958	0.3806	0.2034	0.1650	0.0450	0.2304	0.1362	0.2792
000035	F	0.147403	0.431018	0.344516	0.3939	0.2224	0.1500	0.0500	0.2242	0.1274	0.2794
000036	F	0.141223	0.405782	0.335625	0.3184	0.2224	0.1410	0.0420	0.2049	0.1146	0.2738
000037	Q	0.133215	0.431327	0.327101	0.3578	0.1476	0.1310	0.0440	0.2002	0.1331	0.2599
000038	Q	0.128771	0.431768	0.317622	0.3096	0.1275	0.1300	0.0420	0.1879	0.1301	0.2447
000039	R	0.121910	0.404595	0.309075	0.2255	0.1349	0.1200	0.0390	0.1678	0.1189	0.2317
000040	L	0.117355	0.430050	0.300804	0.1998	0.1115	0.1110	0.0380	0.1616	0.1291	0.2222
000041	D	0.106526	0.395720	0.294361	0.1958	0.1162	0.1080	0.0300	0.1537	0.1197	0.2155
000042	H	0.103478	0.395023	0.288077	0.2820	0.1162	0.1240	0.0310	0.1701	0.1201	0.2106
000043	F	0.101787	0.392670	0.274217	0.2602	0.1298	0.1480	0.0330	0.1721	0.1112	0.2061
000044	N	0.099055	0.361933	0.263152	0.1667	0.1275	0.1610	0.0380	0.1526	0.0998	0.2049
000045	F	0.096094	0.381843	0.253487	0.1958	0.1275	0.1730	0.0430	0.1623	0.1027	0.2052
000046	E	0.089300	0.398595	0.240599	0.3005	0.1251	0.1680	0.0570	0.1802	0.1135	0.2031
000047	R	0.084857	0.417257	0.224100	0.3717	0.1449	0.2080	0.0850	0.2045	0.1235	0.2062
000048	F	0.085761	0.413577	0.208169	0.2602	0.0909	0.2610	0.1110	0.1853	0.1175	0.2163
000049	G	0.086647	0.413045	0.194066	0.1602	0.0817	0.2400	0.1030	0.1636	0.1166	0.2253
000050	N	0.088352	0.401677	0.177692	0.1060	0.0888	0.2560	0.1090	0.1568	0.1170	0.2319
000051	K	0.081028	0.374808	0.158394	0.1602	0.1449	0.2130	0.1040	0.1623	0.0954	0.2379
000052	T	0.125141	0.339226	0.137086	0.1635	0.0704	0.1880	0.0900	0.1477	0.0867	0.2417
000053	F	0.153568	0.309676	0.117803	0.1566	0.0364	0.1870	0.0890	0.1406	0.0842	0.2430
000054	P	0.150666	0.279832	0.101889	0.1495	0.0483	0.1520	0.0770	0.1300	0.0721	0.2486
000055	Q	0.157062	0.247374	0.089512	0.0858	0.0433	0.1300	0.0630	0.1105	0.0669	0.2470
000056	R	0.160904	0.202576	0.077129	0.0909	0.0929	0.1050	0.0490	0.1088	0.0467	0.2399
000057	F	0.159944	0.171787	0.065666	0.0789	0.0929	0.0990	0.0430	0.1005	0.0416	0.2397
000058	L	0.157699	0.143842	0.051660	0.0832	0.0967	0.0930	0.0410	0.0958	0.0371	0.2307
000059	V	0.160264	0.127369	0.041227	0.1416	0.2094	0.0870	0.0400	0.1209	0.0538	0.2156
000060	S	0.163707	0.125166	0.034369	0.1322	0.1323	0.0800	0.0330	0.1055	0.0427	0.2050
000061	D	0.114339	0.126347	0.030203	0.1532	0.0605	0.0730	0.0290	0.0879	0.0423	0.1980
000062	R	0.081855	0.120641	0.026930	0.0991	0.0300	0.0710	0.0280	0.0672	0.0344	0.1892
000063	F	0.075978	0.115028	0.020850	0.0542	0.0163	0.0670	0.0210	0.0548	0.0338	0.1853
000064	W	0.071583	0.107707	0.015356	0.0554	0.0327	0.0540	0.0180	0.0536	0.0293	0.1794
000065	V	0.066369	0.108626	0.010508	0.0252	0.0269	0.0510	0.0120	0.0464	0.0327	0.1665
000066	R	0.063726	0.111141	0.005930	0.0218	0.0275	0.0550	0.0090	0.0465	0.0346	0.1619
000067	G	0.061803	0.121600	0.003940	0.0252	0.0313	0.0650	0.0170	0.0508	0.0378	0.1636
000068	E	0.054783	0.121439	0.002408	0.0425	0.0646	0.0670	0.0220	0.0583	0.0353	0.1603
000069	G	0.046493	0.116914	0.001873	0.0813	0.1162	0.0620	0.0190	0.0704	0.0403	0.1610
000070	P	0.039576	0.117533	0.003539	0.1292	0.1137	0.0540	0.0170	0.0757	0.0466	0.1616
000071	I	0.034669	0.124403	0.006513	0.1416	0.0618	0.0560	0.0180	0.0697	0.0477	0.1573
000072	F	0.035662	0.129771	0.009327	0.0789	0.0463	0.0690	0.0210	0.0599	0.0380	0.1546
000073	F	0.029666	0.134483	0.011905	0.0526	0.0235	0.0780	0.0230	0.0530	0.0415	0.1531
000074	Y	0.022474	0.143638	0.012096	0.0744	0.0380	0.0790	0.0210	0.0596	0.0443	0.1496
000075	T	0.014116	0.143044	0.010990	0.0701	0.0780	0.0860	0.0230	0.0652	0.0451	0.1512
000076	G	0.007119	0.133845	0.008929	0.0884	0.1323	0.0900	0.0240	0.0753	0.0518	0.1548
000077	N	0.005958	0.142203	0.005956	0.0965	0.1298	0.0860	0.0220	0.0767	0.0542	0.1544
000078	E	0.005891	0.158473	0.004163	0.0935	0.1070	0.0710	0.0160	0.0727	0.0550	0.1500
000079	G	0.006113	0.173790	0.002605	0.0832	0.0473	0.0660	0.0160	0.0628	0.0575	0.1479
000080	D	0.004983	0.190264	0.002145	0.0643	0.0294	0.0630	0.0110	0.0587	0.0636	0.1469
000081	V	0.007633	0.194065	0.001275	0.0297	0.0198	0.0610	0.0090	0.0520	0.0663	0.1476
000082	W	0.012523	0.181336	0.001007	0.0316	0.0380	0.0680	0.0130	0.0552	0.0601	0.1540
000083	A	0.052231	0.169479	0.002880	0.0441	0.0443	0.0680	0.0150	0.0631	0.0513	0.1571
000084	F	0.080540	0.163480	0.003480	0.0858	0.0734	0.0680	0.0120	0.0786	0.0466	0.1595
000085	A	0.088876	0.150257	0.003777	0.0813	0.1092	0.0620	0.0140	0.0819	0.0447	0.1625
000086	N	0.096679	0.146394	0.004052	0.0607	0.1137	0.0650	0.0140	0.0804	0.0451	0.1627
000087	N	0.097913	0.153657	0.003373	0.0464	0.1137	0.0740	0.0160	0.0809	0.0482	0.1654
000088	S	0.098673	0.173607	0.004405	0.0526	0.1048	0.0860	0.0220	0.0860	0.0516	0.1671
000089	A	0.121037	0.181607	0.005211	0.0478	0.0765	0.1050	0.0300	0.0887	0.0559	0.1715
000090	F	0.125245	0.207063	0.008710	0.0464	0.0443	0.1250	0.0330	0.0913	0.0667	0.1748
000091	V	0.143351	0.246635	0.012060	0.0363	0.0240	0.1410	0.0320	0.0986	0.0843	0.1761
000092	A	0.171077	0.270624	0.016617	0.0395	0.0240	0.1340	0.0270	0.1064	0.0924	0.1780
000093	E	0.204461	0.277814	0.020614	0.0414	0.0227	0.1290	0.0310	0.1125	0.0980	0.1765
000094	L	0.235487	0.276818	0.023366	0.0350	0.0227	0.1330	0.0390	0.1172	0.1035	0.1753
000095	A	0.254691	0.251573	0.025653	0.0363	0.0518	0.1090	0.0280	0.1172	0.0968	0.1763
000096	A	0.262667	0.224579	0.028410	0.0363	0.0646	0.0830	0.0160	0.1118	0.0924	0.1781
000097	E	0.300503	0.216562	0.033656	0.0405	0.0581	0.0670	0.0190	0.1137	0.1021	0.1832
000098	R	0.309340	0.207725	0.040534	0.0414	0.0281	0.0640	0.0220	0.1084	0.1063	0.1823
000099	G	0.336894	0.196758	0.044812	0.0425	0.0168	0.0660	0.0240	0.1099	0.1143	0.1841
000100	A	0.326161	0.188487	0.049090	0.0316	0.0202	0.0690	0.0260	0.1059	0.1102	0.1820
000101	L	0.284658	0.170821	0.053468	0.0363	0.0398	0.0730	0.0310	0.1008	0.0909	0.1796
000102	L	0.227246	0.147798	0.055876	0.0567	0.0618	0.0750	0.0320	0.0947	0.0643	0.1779
000103	V	0.192593	0.133216	0.055067	0.0723	0.0433	0.0750	0.0320	0.0861	0.0527	0.1750
000104	F	0.166582	0.137285	0.054319	0.0621	0.0483	0.0820	0.0280	0.0827	0.0455	0.1743
000105	A	0.157474	0.139011	0.056097	0.0643	0.0424	0.0950	0.0380	0.0831	0.0439	0.1779
000106	E	0.118720	0.150930	0.058340	0.1088	0.0531	0.0990	0.0310	0.0885	0.0354	0.1832
000107	H	0.086591	0.159488	0.060783	0.0789	0.0543	0.1220	0.0310	0.0835	0.0380	0.1860
000108	R	0.049863	0.177694	0.064533	0.0677	0.0518	0.1480	0.0300	0.0826	0.0516	0.1835
000109	Y	0.040223	0.207404	0.069852	0.0554	0.0506	0.2050	0.0480	0.0932	0.0733	0.1873
000110	Y	0.017984	0.265111	0.076264	0.0587	0.0531	0.2210	0.0790	0.1026	0.0936	0.1910
000111	G	0.029511	0.332943	0.083563	0.0744	0.0704	0.1830	0.0690	0.1150	0.1033	0.1983
000112	K	0.040445	0.389805	0.092475	0.1205	0.1184	0.1990	0.0680	0.1448	0.1140	0.2063
000113	S	0.055098	0.405420	0.100217	0.1805	0.1881	0.2270	0.0610	0.1760	0.1124	0.2164
000114	L	0.071383	0.423169	0.104041	0.2333	0.2575	0.2720	0.0920	0.2095	0.1173	0.2274
000115	P	0.074772	0.431484	0.112272	0.3311	0.3840	0.2410	0.0880	0.2438	0.1344	0.2404
000116	F	0.084800	0.451036	0.125191	0.3668	0.4330	0.2660	0.0900	0.2669	0.1442	0.2460
000117	G	0.091708	0.473179	0.139414	0.3535	0.3286	0.2860	0.0890	0.2555	0.1314	0.2484
000118	A	0.142784	0.501278	0.153965	0.3630	0.2436	0.3180	0.1040	0.2614	0.1271	0.2532
000119	Q	0.207341	0.554616	0.164839	0.2865	0.2503	0.3050	0.1050	0.2673	0.1283	0.2628
000120	S	0.255436	0.557915	0.178170	0.2963	0.2783	0.3140	0.1430	0.2836	0.1213	0.2713
000121	T	0.303730	0.533808	0.186824	0.3806	0.3910	0.2780	0.1260	0.3145	0.1126	0.2767
000122	Q	0.341698	0.496749	0.194064	0.3096	0.4017	0.2280	0.0880	0.2962	0.1070	0.2812
000123	R	0.408412	0.480049	0.199566	0.3263	0.3704	0.2220	0.0800	0.3012	0.1045	0.2866
000124	G	0.464323	0.491419	0.201483	0.3399	0.2884	0.2420	0.1000	0.3044	0.1130	0.2904
000125	H	0.513597	0.472996	0.203707	0.4037	0.3426	0.2370	0.1160	0.3284	0.1190	0.2971
000126	T	0.587715	0.449568	0.206544	0.2820	0.3182	0.2310	0.1100	0.3115	0.1377	0.2932
000127	E	0.607774	0.435247	0.208935	0.3491	0.3149	0.2050	0.0910	0.3187	0.1432	0.2927
000128	L	0.607730	0.406326	0.205626	0.3578	0.2817	0.2000	0.0830	0.3089	0.1440	0.2897
000129	L	0.594006	0.353944	0.200586	0.3096	0.3286	0.1910	0.0840	0.2962	0.1376	0.2821
000130	T	0.597877	0.315438	0.197689	0.2700	0.2292	0.1560	0.0600	0.2615	0.1485	0.2760
000131	V	0.603284	0.301321	0.195387	0.2913	0.1583	0.1260	0.0420	0.2467	0.1619	0.2680
000132	E	0.569442	0.285834	0.192934	0.2122	0.1476	0.0950	0.0280	0.2184	0.1574	0.2657
000133	Q	0.537741	0.251593	0.191126	0.1416	0.1162	0.0900	0.0240	0.1895	0.1542	0.2601
000134	A	0.491764	0.251504	0.192877	0.1456	0.0690	0.0830	0.0180	0.1735	0.1458	0.2514
000135	L	0.423921	0.251929	0.194757	0.1205	0.0676	0.0810	0.0150	0.1574	0.1269	0.2464
000136	A	0.365502	0.230841	0.196039	0.0723	0.0676	0.0820	0.0160	0.1364	0.1131	0.2400
000137	D	0.312598	0.224279	0.200392	0.0701	0.0690	0.0820	0.0170	0.1264	0.0984	0.2416
000138	F	0.279666	0.248505	0.204215	0.0643	0.0356	0.0810	0.0190	0.1181	0.1013	0.2440
000139	A	0.224683	0.250230	0.207673	0.1150	0.0618	0.0780	0.0200	0.1216	0.0818	0.2487
000140	E	0.178284	0.244315	0.208097	0.1018	0.0851	0.0780	0.0230	0.1145	0.0731	0.2569
000141	L	0.143351	0.251386	0.208180	0.0991	0.0870	0.0840	0.0300	0.1107	0.0728	0.2583
000142	L	0.131296	0.258205	0.205696	0.1117	0.1399	0.0930	0.0370	0.1224	0.0667	0.2606
000143	R	0.132273	0.255958	0.201191	0.1088	0.1070	0.1040	0.0480	0.1180	0.0665	0.2619
000144	A	0.134317	0.263619	0.198333	0.1088	0.1206	0.1250	0.0550	0.1253	0.0643	0.2600
000145	L	0.134052	0.287824	0.198511	0.1018	0.1206	0.1580	0.0550	0.1338	0.0704	0.2666
000146	R	0.134055	0.316661	0.196590	0.1844	0.1206	0.1850	0.0570	0.1567	0.0713	0.2664
000147	R	0.131015	0.352891	0.191219	0.1766	0.1206	0.2200	0.0570	0.1668	0.0832	0.2584
000148	D	0.135702	0.387720	0.184928	0.0965	0.0581	0.2710	0.0670	0.1582	0.1158	0.2449
000149	L	0.141476	0.406229	0.176402	0.1240	0.1184	0.2890	0.0830	0.1799	0.1092	0.2307
000150	G	0.143281	0.405759	0.169597	0.0771	0.1399	0.2600	0.0690	0.1710	0.1108	0.2150
000151	A	0.144580	0.408795	0.160835	0.0621	0.1229	0.2420	0.0670	0.1633	0.1145	0.1993
000152	Q	0.151449	0.390946	0.152642	0.0965	0.1162	0.2220	0.0620	0.1628	0.1019	0.1905
000153	D	0.154369	0.383358	0.146027	0.1456	0.1852	0.2250	0.0660	0.1823	0.0873	0.1788
000154	A	0.170283	0.352144	0.138986	0.0832	0.1852	0.2010	0.0580	0.1654	0.0857	0.1622
000155	P	0.185454	0.344499	0.135199	0.0991	0.1791	0.1560	0.0410	0.1606	0.0809	0.1519
000156	A	0.200933	0.323383	0.132612	0.1495	0.1791	0.1360	0.0350	0.1649	0.0692	0.1340
000157	I	0.192785	0.303283	0.128808	0.1150	0.1759	0.1290	0.0340	0.1526	0.0676	0.1202
000158	A	0.189000	0.279393	0.125379	0.0643	0.1501	0.1170	0.0290	0.1333	0.0705	0.1147
000159	F	0.186830	0.297126	0.125734	0.0587	0.0817	0.1090	0.0290	0.1223	0.0823	0.1106
000160	G	0.172868	0.307374	0.126114	0.0832	0.0799	0.1070	0.0340	0.1250	0.0813	0.1033
000161	G	0.151742	0.299556	0.126246	0.0455	0.0799	0.1110	0.0390	0.1147	0.0834	0.0983
000162	S	0.133499	0.292172	0.124686	0.0327	0.0734	0.1070	0.0420	0.1065	0.0837	0.0949
000163	Y	0.102144	0.303617	0.125309	0.0327	0.0676	0.1050	0.0390	0.1018	0.0887	0.0898
000164	G	0.071203	0.292006	0.125447	0.0200	0.0341	0.1030	0.0360	0.0867	0.0925	0.0880
000165	G	0.041506	0.289385	0.128133	0.0279	0.0518	0.0980	0.0310	0.0848	0.0914	0.0875
000166	M	0.047244	0.287004	0.127150	0.0094	0.0424	0.1070	0.0370	0.0822	0.0937	0.0891
000167	L	0.047739	0.284902	0.123936	0.0167	0.0306	0.1130	0.0400	0.0821	0.0930	0.0952
000168	S	0.045672	0.266933	0.118316	0.0350	0.0341	0.1160	0.0420	0.0830	0.0839	0.1021
000169	A	0.044646	0.255716	0.114233	0.0259	0.0334	0.1190	0.0410	0.0798	0.0816	0.1059
000170	Y	0.076032	0.232009	0.109284	0.0316	0.0676	0.1160	0.0320	0.0873	0.0657	0.1123
000171	L	0.102134	0.218560	0.105481	0.0245	0.0543	0.1010	0.0240	0.0834	0.0629	0.1239
000172	R	0.137312	0.214417	0.100830	0.0245	0.0320	0.0920	0.0120	0.0834	0.0665	0.1351
000173	M	0.170631	0.213530	0.096873	0.0160	0.0269	0.0990	0.0140	0.0876	0.0728	0.1474
000174	K	0.257771	0.202036	0.092538	0.0179	0.0398	0.1030	0.0220	0.1033	0.0867	0.1606
000175	Y	0.301508	0.193184	0.087758	0.0131	0.0389	0.1270	0.0200	0.1123	0.0987	0.1708
000176	P	0.319087	0.185635	0.083736	0.0097	0.0313	0.1350	0.0310	0.1134	0.1052	0.1884
000177	H	0.376001	0.182418	0.078667	0.0144	0.0506	0.1600	0.0410	0.1305	0.1200	0.1959
000178	L	0.450988	0.178795	0.072842	0.0212	0.0568	0.1820	0.0550	0.1483	0.1437	0.2000
000179	V	0.515202	0.199705	0.068855	0.0268	0.0341	0.1880	0.0530	0.1606	0.1685	0.1995
000180	A	0.586128	0.218265	0.066885	0.0218	0.0349	0.2110	0.0530	0.1787	0.1943	0.2012
000181	G	0.646495	0.238535	0.066795	0.0245	0.0414	0.2220	0.0540	0.1955	0.2143	0.2014
000182	A	0.716414	0.252343	0.064002	0.0350	0.0581	0.1990	0.0570	0.2101	0.2357	0.2003
000183	L	0.675202	0.248960	0.064532	0.0194	0.0581	0.1720	0.0480	0.1957	0.2238	0.2002
000184	A	0.704567	0.245034	0.067204	0.0245	0.0463	0.1560	0.0380	0.1961	0.2349	0.1956
000185	A	0.772130	0.257139	0.070605	0.0231	0.0473	0.1470	0.0520	0.2078	0.2593	0.1923
000186	S	0.808551	0.257357	0.074393	0.0279	0.0948	0.1380	0.0500	0.2210	0.2671	0.1894
000187	A	0.740576	0.242796	0.079051	0.0218	0.0734	0.1310	0.0440	0.2016	0.2453	0.1844
000188	P	0.645238	0.234536	0.084551	0.0231	0.0799	0.1230	0.0440	0.1842	0.2104	0.1855
000189	V	0.548862	0.233925	0.088884	0.0441	0.1399	0.1120	0.0400	0.1798	0.1693	0.1821
000190	L	0.459318	0.224770	0.093375	0.0723	0.1092	0.1080	0.0370	0.1623	0.1359	0.1814
000191	A	0.361101	0.235324	0.100321	0.1041	0.0690	0.1160	0.0410	0.1476	0.1037	0.1796
000192	V	0.320175	0.239908	0.102786	0.0621	0.0690	0.1410	0.0590	0.1387	0.0959	0.1806
000193	A	0.236104	0.246136	0.107390	0.0490	0.0929	0.1420	0.0630	0.1277	0.0751	0.1839
000194	G	0.145039	0.247060	0.109402	0.0909	0.1028	0.1360	0.0500	0.1202	0.0551	0.1898
000195	L	0.046248	0.265359	0.111588	0.1266	0.1298	0.1620	0.0640	0.1217	0.0685	0.1975
000196	G	0.048910	0.273599	0.110593	0.1117	0.1298	0.1590	0.0680	0.1206	0.0711	0.2048
000197	D	0.062624	0.294186	0.113135	0.1117	0.1424	0.1750	0.0690	0.1311	0.0754	0.2135
000198	S	0.076260	0.314799	0.119488	0.1178	0.0929	0.1640	0.0710	0.1277	0.0820	0.2204
000199	N	0.087516	0.323760	0.127334	0.1041	0.0835	0.1530	0.0690	0.1253	0.0854	0.2282
000200	Q	0.102962	0.296994	0.132230	0.0965	0.1251	0.1410	0.0660	0.1271	0.0714	0.2420
000201	F	0.116368	0.281915	0.136004	0.1635	0.2034	0.1250	0.0550	0.1483	0.0617	0.2558
000202	F	0.126782	0.276112	0.141366	0.1958	0.2292	0.1210	0.0460	0.1582	0.0619	0.2640
000203	R	0.131496	0.263362	0.144979	0.2700	0.3321	0.1270	0.0410	0.1873	0.0839	0.2673
000204	D	0.136309	0.268444	0.147627	0.3096	0.3631	0.1350	0.0520	0.2021	0.0945	0.2709
000205	V	0.135047	0.298188	0.152629	0.3578	0.2849	0.1310	0.0570	0.2012	0.0936	0.2667
000206	T	0.130154	0.318772	0.154940	0.4245	0.3704	0.1640	0.0810	0.2347	0.1182	0.2606
000207	A	0.128561	0.332552	0.157784	0.3491	0.3807	0.2090	0.1040	0.2333	0.1018	0.2552
000208	D	0.141564	0.376355	0.160394	0.3311	0.3667	0.2550	0.1100	0.2451	0.0978	0.2492
000209	F	0.182341	0.423711	0.163324	0.3399	0.3053	0.3210	0.1450	0.2621	0.0946	0.2415
000210	E	0.215258	0.447588	0.163790	0.3456	0.2918	0.3240	0.1600	0.2708	0.0955	0.2298
000211	G	0.234644	0.503315	0.165746	0.2657	0.3019	0.3030	0.1430	0.2682	0.1075	0.2158
000212	Q	0.258314	0.536750	0.166111	0.3491	0.3807	0.2670	0.1140	0.2987	0.1198	0.2055
000213	S	0.280367	0.555857	0.169748	0.4458	0.3774	0.2430	0.1010	0.3171	0.1327	0.2011
000214	P	0.317577	0.525569	0.170253	0.4116	0.3774	0.2250	0.0890	0.3095	0.1214	0.2006
000215	K	0.355925	0.501246	0.169421	0.3225	0.3740	0.2350	0.1120	0.2981	0.1091	0.1947
000216	C	0.419026	0.482976	0.167693	0.3806	0.3460	0.1960	0.0820	0.3041	0.1177	0.1942
000217	T	0.395464	0.459251	0.167276	0.3885	0.3392	0.1670	0.0650	0.2916	0.1165	0.1987
000218	Q	0.338510	0.400613	0.165234	0.3630	0.3840	0.1550	0.0610	0.2736	0.1051	0.2001
000219	G	0.291500	0.372934	0.163780	0.3359	0.2884	0.1510	0.0650	0.2399	0.0872	0.2031
000220	V	0.261316	0.338118	0.161185	0.4379	0.2849	0.1390	0.0630	0.2436	0.1052	0.2077
000221	R	0.226118	0.288587	0.157926	0.3630	0.1881	0.1320	0.0640	0.1996	0.0835	0.2187
000222	E	0.196449	0.246874	0.152281	0.2963	0.1969	0.1190	0.0540	0.1759	0.0635	0.2355
000223	A	0.158671	0.233679	0.150765	0.2292	0.1852	0.1030	0.0440	0.1517	0.0520	0.2490
000224	F	0.120893	0.221063	0.147775	0.2333	0.1583	0.0990	0.0450	0.1388	0.0549	0.2614
000225	R	0.053513	0.200660	0.145492	0.1958	0.0749	0.0810	0.0270	0.1010	0.0635	0.2667
000226	Q	0.062991	0.207829	0.144251	0.1805	0.0835	0.0700	0.0170	0.1007	0.0611	0.2767
000227	I	0.080382	0.202922	0.143870	0.1805	0.1349	0.0600	0.0140	0.1098	0.0559	0.2876
000228	K	0.079567	0.188916	0.141816	0.1921	0.0909	0.0530	0.0140	0.1007	0.0586	0.2901
000229	D	0.076607	0.171989	0.137007	0.1766	0.0851	0.0500	0.0140	0.0933	0.0537	0.2976
000230	L	0.075112	0.161053	0.130053	0.1178	0.0463	0.0480	0.0140	0.0747	0.0481	0.3008
000231	F	0.073812	0.139242	0.125826	0.1635	0.0817	0.0420	0.0120	0.0833	0.0469	0.3059
000232	L	0.064007	0.125867	0.123327	0.1117	0.0398	0.0370	0.0100	0.0631	0.0431	0.3038
000233	Q	0.054201	0.126434	0.118961	0.1117	0.0341	0.0350	0.0090	0.0602	0.0445	0.2968
000234	G	0.045721	0.115420	0.116635	0.0744	0.0433	0.0410	0.0160	0.0533	0.0379	0.2929
000235	A	0.030113	0.107461	0.114493	0.1205	0.0483	0.0410	0.0180	0.0578	0.0423	0.2881
000236	Y	0.008560	0.105412	0.111067	0.1240	0.0531	0.0430	0.0200	0.0557	0.0458	0.2845
000237	D	0.006366	0.107139	0.111110	0.0771	0.0592	0.0470	0.0260	0.0494	0.0405	0.2809
000238	T	0.014196	0.105899	0.110584	0.1150	0.0646	0.0480	0.0270	0.0580	0.0416	0.2757
000239	V	0.020747	0.108633	0.109054	0.1566	0.0646	0.0490	0.0250	0.0665	0.0485	0.2787
000240	R	0.023491	0.109447	0.107932	0.0832	0.0646	0.0460	0.0230	0.0545	0.0361	0.2798
000241	W	0.026297	0.108962	0.106798	0.1178	0.1206	0.0540	0.0250	0.0713	0.0400	0.2865
000242	E	0.029064	0.124214	0.106087	0.1698	0.2094	0.0560	0.0240	0.0981	0.0643	0.2858
000243	F	0.048370	0.131294	0.104234	0.2483	0.3053	0.0900	0.0320	0.1372	0.0930	0.2817
000244	G	0.060675	0.138823	0.101701	0.2333	0.2129	0.1220	0.0560	0.1280	0.0628	0.2799
000245	T	0.064900	0.171466	0.100457	0.2385	0.2193	0.1560	0.0630	0.1417	0.0634	0.2782
000246	C	0.069189	0.203174	0.099833	0.1844	0.2680	0.1830	0.0640	0.1514	0.0681	0.2776
000247	Q	0.060852	0.256804	0.100942	0.2531	0.2817	0.1930	0.0760	0.1742	0.0848	0.2834
000248	P	0.066721	0.327928	0.100263	0.2558	0.1702	0.2010	0.0750	0.1702	0.0901	0.2898
000249	L	0.067322	0.416548	0.100465	0.1844	0.1323	0.2360	0.0820	0.1728	0.1166	0.2966
000250	S	0.075020	0.473580	0.101947	0.1732	0.1028	0.2380	0.0920	0.1772	0.1374	0.2986
000251	D	0.082025	0.512861	0.104132	0.1380	0.0817	0.2280	0.0900	0.1737	0.1533	0.3039
000252	E	0.067909	0.526783	0.105237	0.1292	0.1449	0.1910	0.0590	0.1767	0.1544	0.3030
000253	K	0.064374	0.480063	0.108918	0.0991	0.1373	0.1620	0.0450	0.1571	0.1408	0.3029
000254	D	0.067936	0.410026	0.109653	0.1635	0.2002	0.1320	0.0300	0.1622	0.1121	0.3089
000255	L	0.066849	0.336457	0.111135	0.1602	0.1162	0.1020	0.0270	0.1303	0.0902	0.3114
000256	T	0.072506	0.268744	0.112113	0.1349	0.1137	0.0770	0.0270	0.1112	0.0683	0.3111
000257	Q	0.064333	0.192343	0.111527	0.1240	0.1424	0.0600	0.0200	0.0972	0.0492	0.3118
000258	L	0.059980	0.145919	0.109712	0.1178	0.0835	0.0530	0.0190	0.0767	0.0375	0.3095
000259	F	0.049985	0.114316	0.111231	0.0587	0.0568	0.0530	0.0210	0.0555	0.0332	0.3037
000260	M	0.041708	0.086828	0.111763	0.0677	0.0734	0.0570	0.0260	0.0544	0.0290	0.2936
000261	F	0.036871	0.080366	0.112496	0.0554	0.0581	0.0570	0.0260	0.0479	0.0305	0.2829
000262	A	0.027666	0.085161	0.112526	0.0405	0.0581	0.0500	0.0210	0.0436	0.0342	0.2695
000263	R	0.020049	0.086701	0.112491	0.0259	0.0281	0.0430	0.0150	0.0340	0.0394	0.2621
000264	N	0.015837	0.092374	0.114084	0.0286	0.0349	0.0360	0.0110	0.0347	0.0409	0.2577
000265	A	0.011002	0.098239	0.115442	0.0131	0.0191	0.0360	0.0110	0.0296	0.0463	0.2567
000266	F	0.006988	0.094614	0.116757	0.0316	0.0364	0.0410	0.0140	0.0351	0.0429	0.2567
000267	T	0.006418	0.096091	0.118517	0.0167	0.0364	0.0390	0.0100	0.0325	0.0455	0.2572
000268	V	0.008334	0.097422	0.118359	0.0194	0.0364	0.0460	0.0130	0.0346	0.0448	0.2571
000269	L	0.010490	0.105980	0.118004	0.0336	0.0306	0.0540	0.0190	0.0391	0.0444	0.2602
000270	A	0.010463	0.119599	0.119027	0.0660	0.0372	0.0550	0.0230	0.0480	0.0449	0.2647
000271	M	0.011177	0.131951	0.119613	0.0490	0.0494	0.0570	0.0240	0.0497	0.0469	0.2766
000272	M	0.011729	0.150785	0.120826	0.0502	0.1162	0.0680	0.0210	0.0662	0.0514	0.2866
000273	D	0.025523	0.159187	0.119749	0.0621	0.0909	0.0810	0.0210	0.0698	0.0467	0.2960
000274	Y	0.056600	0.182548	0.119878	0.0771	0.1070	0.1150	0.0380	0.0898	0.0442	0.3025
000275	P	0.087677	0.201701	0.119186	0.0441	0.0835	0.1280	0.0520	0.0908	0.0528	0.3132
000276	Y	0.098606	0.230234	0.118883	0.0643	0.1070	0.1640	0.0680	0.1106	0.0570	0.3140
000277	P	0.103302	0.250783	0.117241	0.0909	0.2193	0.1600	0.0680	0.1374	0.0630	0.3161
000278	T	0.107798	0.270986	0.114504	0.0935	0.1643	0.1740	0.0690	0.1351	0.0629	0.3174
000279	D	0.108365	0.282703	0.110515	0.1635	0.2094	0.1880	0.0680	0.1586	0.0628	0.3181
000280	F	0.108465	0.286908	0.107298	0.1602	0.2258	0.1960	0.0690	0.1630	0.0665	0.3110
000281	L	0.121539	0.282879	0.101273	0.1844	0.2609	0.1950	0.0610	0.1741	0.0683	0.3006
000282	G	0.111970	0.286576	0.097953	0.1602	0.1942	0.1940	0.0630	0.1579	0.0644	0.2790
000283	P	0.082558	0.297787	0.094733	0.1998	0.2470	0.1990	0.0670	0.1711	0.0786	0.2530
000284	L	0.052421	0.291792	0.090479	0.1322	0.2292	0.2040	0.0780	0.1516	0.0840	0.2292
000285	P	0.069989	0.283265	0.090468	0.2255	0.2470	0.1740	0.0790	0.1666	0.0803	0.2063
000286	A	0.075110	0.291427	0.092972	0.1998	0.1501	0.1470	0.0550	0.1440	0.0733	0.1839
000287	N	0.116364	0.291680	0.095705	0.2209	0.2224	0.1330	0.0590	0.1640	0.0717	0.1706
000288	P	0.183641	0.277733	0.096737	0.1349	0.2094	0.1100	0.0440	0.1526	0.0647	0.1584
000289	V	0.234967	0.268916	0.097023	0.1380	0.1823	0.0870	0.0280	0.1519	0.0694	0.1492
000290	K	0.256742	0.264835	0.095831	0.1349	0.1791	0.0590	0.0100	0.1491	0.0785	0.1395
000291	V	0.304387	0.240993	0.095028	0.1844	0.2752	0.0540	0.0080	0.1766	0.0930	0.1339
000292	G	0.326406	0.222570	0.095343	0.2786	0.2715	0.0480	0.0070	0.1911	0.1026	0.1309
000293	C	0.357905	0.222284	0.095497	0.2786	0.2752	0.0460	0.0080	0.1967	0.1098	0.1333
000294	D	0.362569	0.209290	0.094806	0.1667	0.2436	0.0490	0.0110	0.1718	0.1033	0.1479
000295	R	0.369494	0.202423	0.094375	0.2483	0.2436	0.0570	0.0160	0.1868	0.1050	0.1603
000296	L	0.342828	0.220107	0.093122	0.2122	0.2094	0.0690	0.0200	0.1756	0.0919	0.1757
000297	L	0.290069	0.233025	0.093510	0.1732	0.2094	0.0720	0.0210	0.1630	0.0778	0.1892
000298	S	0.251908	0.245253	0.093241	0.1732	0.1399	0.0880	0.0230	0.1496	0.0674	0.1962
000299	E	0.227640	0.292202	0.093442	0.1178	0.1007	0.0980	0.0280	0.1393	0.0785	0.2073
000300	A	0.192984	0.307596	0.093142	0.1178	0.1399	0.0940	0.0250	0.1421	0.0767	0.2140
000301	Q	0.186193	0.296269	0.091707	0.0935	0.0948	0.0770	0.0180	0.1246	0.0801	0.2244
000302	R	0.171235	0.291774	0.089922	0.1349	0.0948	0.0660	0.0140	0.1265	0.0768	0.2378
000303	I	0.181216	0.283830	0.088787	0.0884	0.0531	0.0630	0.0170	0.1117	0.0830	0.2557
000304	T	0.231469	0.237681	0.088122	0.0965	0.1070	0.0590	0.0170	0.1219	0.0723	0.2754
000305	G	0.278152	0.198537	0.087001	0.0502	0.0817	0.0540	0.0170	0.1104	0.0857	0.2817
000306	L	0.332075	0.178786	0.085735	0.0464	0.0817	0.0500	0.0130	0.1148	0.1018	0.2949
000307	R	0.364502	0.146935	0.084520	0.0554	0.1275	0.0460	0.0090	0.1235	0.1086	0.3011
000308	A	0.364389	0.118921	0.083370	0.0884	0.1823	0.0450	0.0070	0.1331	0.1067	0.3058
000309	L	0.353998	0.123503	0.083094	0.0832	0.2034	0.0470	0.0130	0.1352	0.1048	0.3156
000310	A	0.351997	0.139739	0.084869	0.0771	0.1731	0.0530	0.0170	0.1325	0.1012	0.3158
000311	G	0.342718	0.155037	0.085148	0.1088	0.1229	0.0730	0.0210	0.1338	0.0921	0.3204
000312	L	0.299400	0.192628	0.085095	0.0965	0.0646	0.0980	0.0310	0.1252	0.0834	0.3043
000313	V	0.233414	0.224092	0.083600	0.0455	0.0719	0.1210	0.0250	0.1160	0.0747	0.2813
000314	Y	0.164552	0.252723	0.082194	0.0464	0.0704	0.1500	0.0300	0.1139	0.0714	0.2492
000315	N	0.095150	0.281097	0.079563	0.0478	0.0380	0.1640	0.0330	0.1043	0.0847	0.2181
000316	A	0.048594	0.312577	0.076232	0.0327	0.0364	0.1820	0.0450	0.1020	0.1027	0.1976
000317	S	0.037283	0.324041	0.071269	0.0336	0.0356	0.1700	0.0410	0.1001	0.1068	0.1787
000318	G	0.030140	0.324202	0.066638	0.0327	0.0214	0.1430	0.0280	0.0919	0.1076	0.1672
000319	S	0.014155	0.326447	0.067150	0.0279	0.0231	0.1300	0.0260	0.0869	0.1099	0.1626
000320	E	0.004855	0.272606	0.069183	0.0279	0.0349	0.1280	0.0320	0.0781	0.0915	0.1583
000321	H	0.004697	0.245524	0.071716	0.0308	0.0231	0.1240	0.0340	0.0713	0.0832	0.1543
000322	C	0.001669	0.239197	0.075544	0.0327	0.0194	0.1210	0.0350	0.0689	0.0816	0.1367
000323	Y	0.001593	0.205874	0.078676	0.0194	0.0320	0.1050	0.0410	0.0606	0.0700	0.1417
000324	D	0.001611	0.182536	0.082153	0.0226	0.0555	0.0770	0.0340	0.0566	0.0593	0.1468
000325	I	0.001632	0.171463	0.086844	0.0405	0.1007	0.0780	0.0280	0.0653	0.0545	0.1556
000326	Y	0.001607	0.151584	0.089198	0.0490	0.0967	0.0710	0.0220	0.0616	0.0482	0.1605
000327	R	0.001610	0.113437	0.091229	0.0587	0.0631	0.0630	0.0150	0.0500	0.0376	0.1564
000328	L	0.001689	0.113150	0.090035	0.0542	0.0662	0.0810	0.0200	0.0526	0.0379	0.1431
000329	Y	0.001963	0.114910	0.089335	0.0218	0.0676	0.0950	0.0280	0.0502	0.0431	0.1234
000330	H	0.005843	0.122399	0.088835	0.0200	0.0704	0.1040	0.0320	0.0537	0.0450	0.1012
000331	S	0.016001	0.158801	0.088335	0.0157	0.0734	0.1340	0.0350	0.0663	0.0559	0.0819
000332	C	0.031407	0.222509	0.089722	0.0157	0.0870	0.1650	0.0460	0.0869	0.0737	0.0671
000333	A	0.034734	0.284710	0.091554	0.0455	0.1275	0.1980	0.0440	0.1151	0.0891	0.0672
000334	D	0.036587	0.360136	0.093642	0.0789	0.2034	0.2460	0.0720	0.1542	0.1129	0.0614
000335	P	0.037611	0.445762	0.098348	0.0587	0.1671	0.2730	0.1090	0.1636	0.1430	0.0559
000336	T	0.041636	0.489462	0.103813	0.0884	0.1554	0.3350	0.1740	0.1850	0.1594	0.0508
000337	G	0.049682	0.505663	0.110773	0.1150	0.2503	0.3290	0.1800	0.2083	0.1572	0.0491
000338	C	0.050493	0.520009	0.115342	0.0677	0.1702	0.3200	0.1710	0.1881	0.1667	0.0495
000339	G	0.051525	0.513517	0.121031	0.1117	0.2575	0.2940	0.1390	0.2046	0.1556	0.0567
000340	T	0.051990	0.473368	0.126105	0.1060	0.3182	0.2730	0.1150	0.2038	0.1468	0.0671
000341	G	0.043783	0.456088	0.130716	0.1349	0.2399	0.2430	0.0980	0.1863	0.1323	0.0816
000342	P	0.044199	0.420163	0.135282	0.1150	0.2503	0.1950	0.0690	0.1708	0.1221	0.0929
000343	D	0.044432	0.374923	0.139344	0.1380	0.3704	0.1520	0.0560	0.1800	0.1270	0.1048
000344	A	0.045189	0.317845	0.142084	0.1635	0.3149	0.1110	0.0520	0.1588	0.1042	0.1089
000345	R	0.043609	0.272072	0.144362	0.1766	0.3149	0.0970	0.0470	0.1507	0.0972	0.1164
000346	A	0.037677	0.228523	0.145192	0.1178	0.2094	0.0820	0.0420	0.1126	0.0712	0.1250
000347	W	0.039519	0.193432	0.146995	0.1240	0.2129	0.0760	0.0410	0.1076	0.0657	0.1378
000348	D	0.036784	0.174597	0.146177	0.0909	0.1251	0.0630	0.0320	0.0818	0.0534	0.1417
000349	Y	0.027197	0.147062	0.145156	0.1958	0.1791	0.0570	0.0270	0.1011	0.0664	0.1478
000350	Q	0.019733	0.121411	0.142311	0.1416	0.1759	0.0470	0.0150	0.0842	0.0606	0.1466
000351	A	0.016170	0.104895	0.139890	0.1292	0.1791	0.0440	0.0110	0.0789	0.0607	0.1433
000352	C	0.014155	0.100478	0.137980	0.1380	0.1881	0.0440	0.0110	0.0808	0.0636	0.1369
000353	T	0.012477	0.107213	0.136003	0.1150	0.1229	0.0440	0.0100	0.0670	0.0505	0.1450
000354	E	0.012473	0.122089	0.132881	0.1088	0.1184	0.0430	0.0100	0.0675	0.0503	0.1589
000355	I	0.012689	0.134734	0.131560	0.0965	0.1476	0.0460	0.0110	0.0729	0.0544	0.1691
000356	N	0.021944	0.150047	0.128915	0.0965	0.1229	0.0470	0.0100	0.0731	0.0505	0.1719
000357	L	0.026994	0.163112	0.129123	0.1266	0.0799	0.0540	0.0100	0.0751	0.0518	0.1804
000358	T	0.038087	0.183791	0.130202	0.1602	0.1583	0.0590	0.0110	0.0999	0.0584	0.1869
000359	F	0.049830	0.194149	0.133589	0.0965	0.1611	0.0750	0.0190	0.0960	0.0546	0.2012
000360	A	0.061576	0.210014	0.135406	0.1732	0.1731	0.0800	0.0250	0.1163	0.0577	0.2102
000361	S	0.067591	0.239805	0.136949	0.1667	0.1852	0.0910	0.0320	0.1250	0.0621	0.2180
000362	N	0.088573	0.248087	0.139336	0.1240	0.1275	0.1010	0.0310	0.1149	0.0569	0.2310
000363	N	0.102571	0.254190	0.140446	0.2531	0.2094	0.1010	0.0230	0.1534	0.0691	0.2578
000364	V	0.116878	0.270639	0.140685	0.1698	0.2164	0.1010	0.0280	0.1459	0.0632	0.2775
000365	T	0.121834	0.285044	0.140558	0.1495	0.2164	0.1050	0.0310	0.1462	0.0665	0.2871
000366	D	0.131560	0.288632	0.138055	0.1958	0.2193	0.1430	0.0530	0.1631	0.0605	0.3047
000367	M	0.133258	0.302958	0.135199	0.2122	0.2064	0.1690	0.0630	0.1706	0.0621	0.3302
000368	F	0.130829	0.287646	0.132441	0.1878	0.2988	0.1650	0.0560	0.1783	0.0720	0.3414
000369	P	0.127030	0.289293	0.132471	0.1732	0.2884	0.1450	0.0480	0.1704	0.0731	0.3456
000370	D	0.127823	0.307614	0.130306	0.2602	0.3053	0.1450	0.0520	0.1909	0.0830	0.3403
000371	L	0.114564	0.314818	0.127754	0.2657	0.2436	0.1440	0.0610	0.1805	0.0793	0.3349
000372	P	0.102542	0.306661	0.124392	0.1698	0.1759	0.1430	0.0680	0.1496	0.0691	0.3283
000373	F	0.091430	0.306238	0.121024	0.1322	0.1791	0.1440	0.0720	0.1422	0.0723	0.3189
000374	T	0.079070	0.318804	0.118338	0.0832	0.1759	0.1270	0.0630	0.1307	0.0842	0.2930
000375	D	0.064149	0.293140	0.116973	0.1240	0.1501	0.1270	0.0630	0.1263	0.0734	0.2659
000376	E	0.052346	0.265274	0.117473	0.1266	0.1476	0.1120	0.0530	0.1174	0.0672	0.2501
000377	L	0.053505	0.232259	0.119599	0.0701	0.1028	0.0950	0.0460	0.0923	0.0612	0.2315
000378	R	0.063340	0.198595	0.119826	0.0965	0.0780	0.0690	0.0300	0.0843	0.0503	0.2130
000379	Q	0.079519	0.158926	0.120623	0.1018	0.1643	0.0590	0.0250	0.0939	0.0436	0.2120
000380	R	0.139232	0.119022	0.121384	0.0490	0.1373	0.0500	0.0180	0.0824	0.0433	0.2163
000381	Y	0.191383	0.084156	0.120629	0.0567	0.1501	0.0450	0.0140	0.0879	0.0555	0.2278
000382	C	0.196211	0.068471	0.119014	0.0884	0.2292	0.0410	0.0140	0.1039	0.0706	0.2469
000383	L	0.209310	0.063145	0.116962	0.0884	0.1298	0.0390	0.0130	0.0883	0.0581	0.2670
000384	D	0.237503	0.059653	0.115991	0.1532	0.1476	0.0370	0.0130	0.1058	0.0688	0.2943
000385	T	0.235180	0.059955	0.117355	0.0965	0.0948	0.0360	0.0130	0.0871	0.0663	0.3282
000386	W	0.224846	0.058535	0.117546	0.0554	0.0909	0.0380	0.0120	0.0779	0.0656	0.3623
000387	G	0.206820	0.055603	0.118856	0.0297	0.0799	0.0360	0.0120	0.0680	0.0641	0.3806
000388	V	0.183804	0.058382	0.117086	0.0514	0.0719	0.0370	0.0120	0.0671	0.0538	0.3979
000389	W	0.116382	0.071611	0.114846	0.0587	0.0424	0.0390	0.0110	0.0546	0.0369	0.4166
000390	P	0.059959	0.078324	0.113028	0.0316	0.0389	0.0430	0.0150	0.0420	0.0337	0.4228
000391	R	0.060499	0.080569	0.111623	0.0231	0.0405	0.0510	0.0230	0.0427	0.0341	0.4271
000392	P	0.053676	0.085731	0.110366	0.0441	0.0749	0.0510	0.0250	0.0516	0.0295	0.4316
000393	D	0.024092	0.080286	0.108051	0.0621	0.0817	0.0580	0.0320	0.0509	0.0315	0.4282
000394	W	0.025132	0.066557	0.106087	0.1088	0.1251	0.0630	0.0370	0.0648	0.0384	0.4250
000395	L	0.026101	0.067291	0.105243	0.0587	0.1007	0.0530	0.0230	0.0510	0.0326	0.4239
000396	L	0.026672	0.075710	0.103239	0.0514	0.0835	0.0500	0.0180	0.0479	0.0305	0.4070
000397	T	0.026851	0.079197	0.100609	0.0771	0.1349	0.0490	0.0140	0.0612	0.0385	0.3927
000398	S	0.026735	0.085663	0.096691	0.0607	0.1399	0.0510	0.0140	0.0607	0.0397	0.3864
000399	F	0.026612	0.097366	0.091628	0.0965	0.1251	0.0560	0.0170	0.0669	0.0355	0.3814
000400	W	0.015658	0.123204	0.085816	0.1495	0.1349	0.0620	0.0210	0.0808	0.0484	0.3695
000401	G	0.004666	0.143087	0.081037	0.0789	0.0631	0.0650	0.0210	0.0591	0.0427	0.3473
000402	G	0.003692	0.159585	0.076629	0.0542	0.0646	0.0700	0.0210	0.0586	0.0478	0.3325
000403	D	0.002610	0.175593	0.072982	0.0259	0.0568	0.0760	0.0230	0.0562	0.0559	0.3120
000404	L	0.001535	0.177895	0.070042	0.0245	0.0543	0.0880	0.0210	0.0577	0.0574	0.2895
000405	R	0.001307	0.169914	0.068453	0.0405	0.0985	0.0860	0.0220	0.0660	0.0534	0.2714
000406	A	0.001141	0.190678	0.068057	0.0677	0.0985	0.0810	0.0240	0.0732	0.0574	0.2664
000407	A	0.001756	0.209603	0.066692	0.1117	0.1583	0.0750	0.0230	0.0927	0.0678	0.2598
000408	S	0.002377	0.216876	0.065645	0.0607	0.1791	0.0900	0.0240	0.0915	0.0741	0.2510
000409	N	0.002994	0.226538	0.067669	0.0643	0.1137	0.1030	0.0310	0.0850	0.0691	0.2457
000410	I	0.003478	0.244356	0.070547	0.1322	0.1671	0.1040	0.0250	0.1085	0.0763	0.2508
000411	I	0.003968	0.224809	0.070588	0.1292	0.2541	0.1210	0.0420	0.1222	0.0862	0.2613
000412	F	0.004457	0.212642	0.071555	0.1060	0.2541	0.1340	0.0520	0.1185	0.0845	0.2786
000413	S	0.004980	0.234614	0.073830	0.1041	0.2575	0.1510	0.0550	0.1253	0.0891	0.2874
000414	N	0.005417	0.249691	0.076033	0.1041	0.1759	0.1590	0.0510	0.1157	0.0789	0.3010
000415	G	0.005679	0.247566	0.077529	0.1698	0.2399	0.1450	0.0380	0.1347	0.0867	0.3199
000416	N	0.005528	0.258330	0.078630	0.1178	0.2399	0.1230	0.0320	0.1241	0.0891	0.3330
000417	L	0.005642	0.269705	0.079345	0.1380	0.2752	0.1230	0.0310	0.1353	0.0981	0.3439
000418	D	0.006731	0.285273	0.081742	0.1602	0.2258	0.1140	0.0330	0.1319	0.0928	0.3535
000419	P	0.049995	0.298251	0.084059	0.1635	0.2258	0.1360	0.0510	0.1455	0.0848	0.3630
000420	W	0.065558	0.296448	0.086540	0.1088	0.1969	0.1550	0.0650	0.1370	0.0793	0.3685
000421	A	0.081697	0.311816	0.088000	0.1698	0.2680	0.1230	0.0410	0.1591	0.0891	0.3584
000422	G	0.089770	0.311155	0.090870	0.2122	0.2884	0.1270	0.0430	0.1715	0.0912	0.3465
000423	G	0.097993	0.315399	0.094238	0.3096	0.3117	0.1400	0.0480	0.1959	0.1030	0.3363
000424	G	0.107162	0.311886	0.097659	0.2558	0.2951	0.1700	0.0770	0.1899	0.0876	0.3295
000425	I	0.147325	0.293070	0.100417	0.1921	0.2328	0.1620	0.0780	0.1712	0.0642	0.3212
000426	R	0.172165	0.303042	0.107903	0.1667	0.2364	0.1460	0.0800	0.1707	0.0663	0.3130
000427	R	0.243270	0.298322	0.118804	0.1292	0.1583	0.1190	0.0600	0.1579	0.0718	0.3099
000428	N	0.272295	0.286058	0.130090	0.2122	0.2399	0.0900	0.0310	0.1834	0.0753	0.3096
000429	L	0.296264	0.269957	0.140599	0.1456	0.2364	0.0810	0.0240	0.1716	0.0808	0.3126
000430	S	0.295502	0.251857	0.151198	0.1349	0.2129	0.0720	0.0180	0.1611	0.0793	0.3177
000431	A	0.292589	0.218387	0.165175	0.1998	0.2783	0.0690	0.0180	0.1764	0.0794	0.3230
000432	S	0.290024	0.197309	0.175965	0.2385	0.2988	0.0690	0.0190	0.1823	0.0830	0.3327
000433	V	0.283650	0.174691	0.182279	0.2122	0.2918	0.0740	0.0170	0.1728	0.0794	0.3466
000434	I	0.246155	0.171004	0.187310	0.2255	0.2094	0.0860	0.0170	0.1564	0.0601	0.3621
000435	A	0.223859	0.202601	0.192636	0.2333	0.2164	0.1050	0.0270	0.1635	0.0534	0.3787
000436	V	0.165613	0.214763	0.197086	0.2483	0.2129	0.1210	0.0370	0.1604	0.0523	0.3949
000437	T	0.095775	0.237295	0.197400	0.2558	0.2129	0.1390	0.0440	0.1568	0.0647	0.4126
000438	I	0.064802	0.248844	0.197023	0.1766	0.1969	0.1600	0.0550	0.1411	0.0649	0.4272
000439	Q	0.071423	0.261883	0.196487	0.1766	0.1852	0.1780	0.0670	0.1455	0.0648	0.4272
000440	G	0.100762	0.258097	0.194182	0.2255	0.2541	0.2180	0.0970	0.1761	0.0619	0.4164
000441	G	0.155122	0.270533	0.191876	0.2255	0.2884	0.2030	0.0970	0.1904	0.0558	0.4039
000442	A	0.212748	0.298583	0.194028	0.2657	0.3249	0.2310	0.1150	0.2221	0.0567	0.3911
000443	H	0.284361	0.339756	0.198750	0.2913	0.3392	0.2670	0.1230	0.2536	0.0582	0.3802
000444	H	0.349555	0.407727	0.205696	0.3578	0.4220	0.3330	0.1410	0.3117	0.0781	0.3748
000445	L	0.406865	0.468170	0.212640	0.4420	0.4725	0.4120	0.1460	0.3669	0.0953	0.3752
000446	D	0.487228	0.534451	0.219819	0.4967	0.4901	0.4160	0.1370	0.4041	0.1110	0.3755
000447	L	0.560330	0.579104	0.227923	0.5253	0.4901	0.4850	0.1220	0.4400	0.1229	0.3767
000448	R	0.603349	0.616052	0.235517	0.5253	0.4256	0.5040	0.1210	0.4457	0.1343	0.3789
000449	A	0.647665	0.625172	0.239164	0.5412	0.5211	0.5020	0.1780	0.4729	0.1392	0.3795
000450	S	0.666921	0.643188	0.247726	0.4651	0.4831	0.4570	0.1940	0.4526	0.1445	0.3831
000451	H	0.697030	0.607174	0.258650	0.4749	0.4685	0.4690	0.2110	0.4528	0.1427	0.3857
000452	P	0.714736	0.592753	0.270777	0.4458	0.4619	0.4440	0.1950	0.4432	0.1450	0.3924
000453	E	0.738954	0.590719	0.286843	0.4651	0.4051	0.4290	0.1760	0.4382	0.1519	0.4007
000454	D	0.759852	0.619530	0.302975	0.4556	0.4220	0.3820	0.1340	0.4398	0.1620	0.4059
000455	P	0.768390	0.607045	0.317328	0.3806	0.4017	0.3190	0.0860	0.4127	0.1748	0.4103
000456	A	0.778440	0.570555	0.332143	0.4651	0.4940	0.2950	0.0680	0.4339	0.1691	0.4133
000457	S	0.805926	0.561895	0.341089	0.4379	0.4017	0.2810	0.0590	0.4147	0.1820	0.4169
000458	V	0.816626	0.530462	0.345007	0.5253	0.4017	0.2800	0.0580	0.4257	0.1835	0.4203
000459	V	0.822591	0.479948	0.346939	0.4600	0.4149	0.2690	0.0590	0.4078	0.1839	0.4233
000460	E	0.796427	0.451997	0.352920	0.4203	0.4507	0.2300	0.0690	0.3916	0.1823	0.4274
000461	A	0.729115	0.434848	0.356752	0.4282	0.3667	0.2040	0.0580	0.3605	0.1685	0.4299
000462	R	0.653482	0.417661	0.357762	0.4203	0.3117	0.1950	0.0520	0.3329	0.1515	0.4307
000463	K	0.625016	0.379107	0.360512	0.3096	0.2849	0.1920	0.0560	0.2985	0.1464	0.4294
000464	L	0.633672	0.365483	0.370154	0.2385	0.2470	0.1950	0.0530	0.2799	0.1585	0.4278
000465	E	0.644813	0.370085	0.383892	0.2333	0.2164	0.1870	0.0440	0.2753	0.1685	0.4273
000466	A	0.655640	0.347921	0.395573	0.1921	0.1823	0.1940	0.0400	0.2619	0.1808	0.4250
000467	T	0.669070	0.350953	0.408677	0.1958	0.1969	0.1910	0.0490	0.2672	0.1846	0.4238
000468	I	0.688430	0.353003	0.420209	0.1805	0.2129	0.1900	0.0540	0.2708	0.1921	0.4231
000469	I	0.703618	0.390717	0.429539	0.2333	0.2849	0.1950	0.0670	0.3013	0.1837	0.4230
000470	G	0.748285	0.393170	0.441189	0.2963	0.3529	0.1960	0.0680	0.3311	0.1871	0.4231
000471	E	0.808957	0.405743	0.450966	0.2913	0.3704	0.2030	0.0670	0.3465	0.2051	0.4225
000472	W	0.787002	0.420852	0.461517	0.3184	0.3704	0.2020	0.0620	0.3498	0.1966	0.4218
000473	V	0.731445	0.438481	0.473011	0.3578	0.2988	0.2050	0.0610	0.3386	0.1836	0.4224
000474	K	0.687146	0.469337	0.489368	0.3359	0.2918	0.2290	0.0710	0.3355	0.1725	0.4224
000475	A	0.686609	0.502980	0.507255	0.3263	0.3774	0.2920	0.1140	0.3641	0.1584	0.4222
000476	A	0.687159	0.546318	0.524613	0.3225	0.3704	0.3770	0.1540	0.3839	0.1539	0.4218
000477	R	0.686616	0.573230	0.541761	0.3491	0.4256	0.4490	0.1850	0.4140	0.1424	0.4225
000478	R	0.713075	0.602049	0.546309	0.3491	0.4119	0.5230	0.1990	0.4331	0.1501	0.4223
000479	E	0.753476	0.617502	0.551169	0.4513	0.4119	0.5560	0.2000	0.4650	0.1444	0.4225
000480	Q	0.785957	0.635126	0.558869	0.5126	0.4901	0.5920	0.1890	0.5027	0.1349	0.4205
000481	Q	0.850879	0.644532	0.563507	0.4282	0.4017	0.6620	0.1570	0.4978	0.1786	0.4184
000482	P	0.913761	0.650833	0.566167	0.4333	0.3840	0.7000	0.1430	0.5137	0.1999	0.4153
000483	A	0.956957	0.653999	0.568279	0.4379	0.4619	0.8330	0.0760	0.5572	0.2115	0.4123
000484	L	0.947965	0.653327	0.564367	0.5374	0.5098	0.8480	0.1020	0.5827	0.1899	0.4097
000485	R	0.943551	0.653426	0.560114	0.5802	0.4940	0.8460	0.0940	0.5862	0.1866	0.4090
000486	G	0.947040	0.677484	0.558174	0.6412	0.5098	0.8220	0.1500	0.5996	0.1769	0.4065
000487	G	0.932614	0.697076	0.556048	0.6944	0.5254	0.8370	0.1450	0.6144	0.1710	0.4014
000488	P	0.918234	0.733521	0.554445	0.7458	0.5211	0.8470	0.0580	0.6277	0.1706	0.3986
000489	R	0.898950	0.731149	0.556334	0.7869	0.5139	0.8920	0.0540	0.6372	0.1763	0.3960
000490	L	0.974975	0.714863	0.561690	0.8242	0.4685	0.8770	0.0540	0.6432	0.1998	0.3920
000491	S	0.827694	0.735617	0.563508	0.8521	0.4220	0.8790	0.0700	0.6194	0.1917	0.3886
000492	L	0.862837	0.745398	0.568893	0.8823	0.3704	0.9040	0.0790	0.6275	0.2161	0.3871