RESNUM	RES	VL-XT	VSL2B	VL3	IUPred-S	IUPred-L	PONDRFIT	FITERROR	MDP	MDPERROR	ANCHOR2
000001	M	0.490824	0.773041	0.585852	0.8984	0.2470	0.9280	0.0290	0.6539	0.2402	0.0696
000002	E	0.706190	0.758001	0.579997	0.8595	0.1048	0.8530	0.0650	0.6435	0.2587	0.0673
000003	E	0.802631	0.705298	0.567411	0.7540	0.0581	0.8150	0.0960	0.6171	0.2631	0.0562
000004	V	0.601251	0.710397	0.554839	0.5549	0.0433	0.7820	0.0820	0.5410	0.2374	0.0510
000005	R	0.513057	0.641085	0.542129	0.4420	0.0581	0.6490	0.0490	0.4742	0.1995	0.0475
000006	C	0.485734	0.551759	0.530507	0.3456	0.0780	0.5410	0.0920	0.4221	0.1688	0.0437
000007	P	0.439469	0.470069	0.519839	0.2865	0.1007	0.4850	0.1700	0.3837	0.1466	0.0436
000008	E	0.385553	0.405262	0.509377	0.2385	0.0888	0.5510	0.2410	0.3630	0.1579	0.0430
000009	H	0.343140	0.334436	0.498404	0.1878	0.1092	0.5840	0.2460	0.3428	0.1638	0.0432
000010	G	0.284509	0.268441	0.487468	0.1117	0.1323	0.4680	0.2170	0.2921	0.1460	0.0442
000011	T	0.219185	0.267086	0.476301	0.0858	0.1554	0.3020	0.1710	0.2509	0.1232	0.0457
000012	F	0.179684	0.236034	0.465299	0.0991	0.1942	0.2550	0.1130	0.2382	0.1130	0.0475
000013	C	0.150562	0.237894	0.454578	0.0935	0.1942	0.2180	0.0620	0.2248	0.1131	0.0496
000014	F	0.135254	0.257477	0.444503	0.1060	0.1881	0.1770	0.0560	0.2181	0.1117	0.0658
000015	L	0.108098	0.233173	0.435010	0.1292	0.2399	0.2060	0.0800	0.2252	0.1061	0.0775
000016	K	0.075902	0.275960	0.423577	0.1240	0.2436	0.2850	0.1410	0.2379	0.1135	0.0867
000017	T	0.040640	0.283995	0.410380	0.2167	0.3631	0.3050	0.1330	0.2700	0.1192	0.0983
000018	G	0.016251	0.325444	0.393942	0.1878	0.2436	0.3390	0.1260	0.2509	0.1244	0.1012
000019	V	0.006894	0.374866	0.376883	0.1844	0.1643	0.3490	0.1140	0.2428	0.1366	0.1076
000020	R	0.005214	0.428814	0.358337	0.1322	0.1323	0.3160	0.0980	0.2288	0.1489	0.1130
000021	D	0.039688	0.498119	0.339347	0.0909	0.0646	0.3400	0.1280	0.2288	0.1727	0.1201
000022	G	0.086412	0.566698	0.318659	0.0660	0.0646	0.3410	0.1230	0.2406	0.1861	0.1152
000023	P	0.090937	0.583155	0.296997	0.0395	0.1028	0.3450	0.1190	0.2430	0.1885	0.1105
000024	N	0.098320	0.544123	0.275966	0.1117	0.2002	0.3620	0.1380	0.2654	0.1544	0.1088
000025	K	0.100486	0.504119	0.258666	0.1322	0.2951	0.2630	0.0960	0.2589	0.1308	0.0970
000026	G	0.102654	0.467733	0.245363	0.1732	0.2436	0.1870	0.0780	0.2366	0.1140	0.0928
000027	K	0.104823	0.408454	0.235127	0.1766	0.2436	0.1250	0.0560	0.2156	0.1003	0.0825
000028	S	0.104610	0.336840	0.224921	0.0789	0.1554	0.0870	0.0290	0.1647	0.0916	0.0744
000029	F	0.103692	0.266640	0.215719	0.0813	0.1184	0.0690	0.0230	0.1424	0.0731	0.0679
000030	Y	0.069563	0.198028	0.207545	0.0621	0.1528	0.0560	0.0180	0.1244	0.0642	0.0588
000031	V	0.022146	0.147275	0.201118	0.0441	0.1373	0.0520	0.0160	0.1006	0.0650	0.0495
000032	C	0.019157	0.127794	0.195588	0.0414	0.1373	0.0510	0.0160	0.0953	0.0627	0.0397
000033	R	0.013664	0.123273	0.190234	0.0336	0.1373	0.0450	0.0160	0.0905	0.0638	0.0398
000034	A	0.015921	0.113225	0.185558	0.0279	0.0817	0.0450	0.0150	0.0782	0.0582	0.0394
000035	D	0.016410	0.118012	0.182104	0.0304	0.0909	0.0460	0.0180	0.0807	0.0572	0.0393
000036	T	0.015374	0.121308	0.179860	0.0179	0.0676	0.0460	0.0200	0.0746	0.0590	0.0387
000037	C	0.015699	0.120326	0.177275	0.0245	0.0631	0.0450	0.0190	0.0743	0.0572	0.0379
000038	S	0.015937	0.120763	0.173835	0.0144	0.0631	0.0510	0.0300	0.0732	0.0573	0.0462
000039	F	0.015870	0.135257	0.170492	0.0144	0.0334	0.0570	0.0360	0.0710	0.0604	0.0559
000040	V	0.018229	0.158981	0.168438	0.0279	0.0414	0.0540	0.0300	0.0782	0.0616	0.0587
000041	R	0.018860	0.173059	0.166759	0.0194	0.0463	0.0470	0.0190	0.0786	0.0656	0.0629
000042	A	0.019055	0.182255	0.165402	0.0144	0.0631	0.0500	0.0140	0.0823	0.0670	0.0698
000043	T	0.016313	0.183977	0.164681	0.0231	0.1298	0.0510	0.0140	0.0949	0.0674	0.0774
000044	D	0.017067	0.179699	0.164304	0.0194	0.1349	0.0490	0.0110	0.0941	0.0676	0.0774
000045	I	0.023372	0.165206	0.164028	0.0279	0.0888	0.0440	0.0090	0.0856	0.0598	0.0781
000046	P	0.034540	0.168402	0.163687	0.0286	0.0662	0.0370	0.0080	0.0831	0.0598	0.0786
000047	V	0.049694	0.159644	0.163893	0.0131	0.0473	0.0370	0.0100	0.0785	0.0601	0.0796
000048	S	0.073198	0.147046	0.164598	0.0252	0.1007	0.0350	0.0080	0.0909	0.0524	0.0788
000049	H	0.086471	0.136251	0.165485	0.0131	0.0704	0.0350	0.0080	0.0844	0.0532	0.0706
000050	C	0.093598	0.119890	0.166716	0.0297	0.1323	0.0360	0.0090	0.0963	0.0499	0.0654
000051	L	0.095601	0.107347	0.168418	0.0226	0.1731	0.0350	0.0100	0.1003	0.0582	0.0762
000052	L	0.107948	0.116764	0.169913	0.0252	0.1275	0.0340	0.0100	0.0968	0.0515	0.0884
000053	H	0.112456	0.139123	0.171371	0.0316	0.1007	0.0350	0.0120	0.0985	0.0510	0.1018
000054	E	0.119396	0.148191	0.172176	0.0173	0.0676	0.0360	0.0130	0.0935	0.0572	0.1230
000055	D	0.116538	0.144669	0.172742	0.0086	0.0765	0.0380	0.0140	0.0929	0.0577	0.1551
000056	F	0.105629	0.140847	0.172562	0.0083	0.1206	0.0430	0.0160	0.0984	0.0564	0.1949
000057	V	0.115432	0.138294	0.172605	0.0083	0.1070	0.0470	0.0150	0.0980	0.0552	0.2338
000058	V	0.102785	0.132333	0.172832	0.0131	0.1399	0.0580	0.0230	0.1032	0.0535	0.2659
000059	E	0.113861	0.138083	0.173293	0.0137	0.1424	0.0600	0.0200	0.1069	0.0542	0.2939
000060	L	0.131829	0.150263	0.173051	0.0144	0.1449	0.0650	0.0220	0.1132	0.0554	0.3271
000061	Q	0.120259	0.153416	0.172335	0.0350	0.1702	0.0620	0.0150	0.1189	0.0531	0.3478
000062	G	0.112623	0.166052	0.171475	0.0643	0.2258	0.0780	0.0210	0.1363	0.0567	0.3479
000063	L	0.106925	0.181937	0.171275	0.0660	0.2328	0.1120	0.0550	0.1452	0.0556	0.3484
000064	L	0.102262	0.238001	0.172042	0.0701	0.1583	0.1410	0.0700	0.1470	0.0532	0.3479
000065	L	0.101262	0.296238	0.174702	0.0395	0.0948	0.1680	0.0770	0.1458	0.0815	0.3412
000066	P	0.081561	0.362832	0.177129	0.0226	0.0929	0.2090	0.1090	0.1576	0.1105	0.3290
000067	Q	0.099295	0.395413	0.179800	0.0279	0.0888	0.2520	0.1250	0.1739	0.1220	0.3173
000068	D	0.142170	0.421656	0.182024	0.0405	0.0817	0.2520	0.1150	0.1867	0.1251	0.3042
000069	K	0.181741	0.397207	0.186447	0.0387	0.1070	0.2620	0.1010	0.1955	0.1139	0.3044
000070	K	0.251114	0.338656	0.192659	0.0245	0.1028	0.3290	0.1620	0.2064	0.1144	0.3097
000071	E	0.331155	0.284155	0.200783	0.0414	0.1424	0.3230	0.1360	0.2205	0.1044	0.3129
000072	Y	0.431006	0.237527	0.210530	0.0405	0.1251	0.2750	0.0980	0.2200	0.1219	0.3233
000073	R	0.537589	0.189753	0.221676	0.0395	0.1251	0.1870	0.0810	0.2168	0.1551	0.3330
000074	L	0.642449	0.154128	0.232201	0.0607	0.1791	0.1400	0.0730	0.2347	0.1894	0.3414
000075	F	0.709052	0.145941	0.240370	0.1018	0.2328	0.1150	0.0550	0.2574	0.2089	0.3463
000076	F	0.791927	0.145331	0.246146	0.1667	0.2951	0.1040	0.0470	0.2915	0.2326	0.3450
000077	R	0.824445	0.150358	0.253119	0.1416	0.1914	0.1130	0.0560	0.2789	0.2480	0.3386
000078	C	0.839297	0.206410	0.260829	0.1416	0.1092	0.1380	0.0580	0.2825	0.2540	0.3359
000079	I	0.852400	0.228909	0.268831	0.0858	0.1092	0.1480	0.0670	0.2822	0.2629	0.3421
000080	R	0.817987	0.264558	0.276683	0.0514	0.1115	0.1550	0.0750	0.2794	0.2537	0.3419
000081	S	0.757928	0.309460	0.287141	0.0554	0.0780	0.1630	0.0760	0.2752	0.2360	0.3416
000082	K	0.725846	0.385582	0.300527	0.0542	0.0909	0.1840	0.0700	0.2901	0.2258	0.3443
000083	A	0.714299	0.418221	0.317109	0.0744	0.0888	0.2300	0.0790	0.3071	0.2183	0.3473
000084	E	0.677129	0.448621	0.335617	0.0991	0.0948	0.2250	0.0520	0.3135	0.2051	0.3511
000085	G	0.645766	0.458191	0.354742	0.0965	0.1373	0.1980	0.0400	0.3151	0.1934	0.3564
000086	K	0.654098	0.443626	0.371009	0.1667	0.2328	0.1790	0.0390	0.3413	0.1721	0.3624
000087	R	0.642387	0.407584	0.384012	0.2333	0.3215	0.1930	0.0550	0.3636	0.1461	0.3691
000088	W	0.597284	0.420649	0.395608	0.2700	0.3215	0.1940	0.0690	0.3665	0.1279	0.3773
000089	C	0.568765	0.453946	0.407710	0.3491	0.4186	0.1940	0.0810	0.3987	0.1131	0.3823
000090	G	0.533062	0.446220	0.419523	0.4149	0.4831	0.2030	0.0980	0.4166	0.1037	0.3880
000091	S	0.460094	0.443517	0.430544	0.4333	0.4940	0.2280	0.1000	0.4149	0.0863	0.3932
000092	I	0.368094	0.441457	0.439184	0.4333	0.4940	0.3040	0.0980	0.4133	0.0611	0.3989
000093	P	0.329107	0.503183	0.447361	0.4245	0.4507	0.3800	0.1230	0.4224	0.0555	0.4009
000094	W	0.257022	0.575941	0.455168	0.4420	0.4619	0.5370	0.1340	0.4548	0.1006	0.4037
000095	Q	0.163278	0.643184	0.464459	0.4116	0.4685	0.5190	0.1030	0.4450	0.1450	0.4056
000096	D	0.123123	0.683053	0.473139	0.4037	0.4619	0.5420	0.1040	0.4478	0.1695	0.4083
000097	P	0.104826	0.712085	0.482430	0.4037	0.4619	0.5480	0.1170	0.4522	0.1829	0.4109
000098	D	0.108969	0.750212	0.490856	0.4078	0.4685	0.6060	0.1350	0.4720	0.1964	0.4139
000099	S	0.166151	0.774423	0.501050	0.4879	0.5665	0.5970	0.1210	0.5155	0.1823	0.4175
000100	K	0.214718	0.796975	0.510443	0.5900	0.6806	0.6010	0.1230	0.5656	0.1802	0.4210
000101	E	0.294456	0.809398	0.519046	0.5711	0.6712	0.5950	0.1360	0.5767	0.1562	0.4235
000102	H	0.367563	0.825296	0.524262	0.5667	0.6806	0.5910	0.1450	0.5926	0.1402	0.4267
000103	S	0.409913	0.808900	0.527521	0.6079	0.7595	0.5710	0.1450	0.6141	0.1355	0.4305
000104	V	0.436207	0.817354	0.529403	0.5846	0.6183	0.5320	0.1710	0.5863	0.1177	0.4329
000105	S	0.421809	0.803881	0.531504	0.6681	0.7369	0.5170	0.1790	0.6133	0.1336	0.4298
000106	N	0.408338	0.801548	0.533131	0.5846	0.7369	0.5180	0.1760	0.5970	0.1339	0.4282
000107	K	0.388758	0.801953	0.534990	0.5941	0.7289	0.5110	0.1670	0.5933	0.1378	0.4272
000108	S	0.319423	0.815745	0.533317	0.5711	0.6948	0.4990	0.1560	0.5723	0.1555	0.4261
000109	Q	0.265492	0.797088	0.531505	0.5762	0.7036	0.4630	0.1380	0.5561	0.1703	0.4253
000110	H	0.181014	0.783746	0.528139	0.5802	0.6043	0.4540	0.1370	0.5218	0.1824	0.4258
000111	A	0.103594	0.785639	0.525682	0.5802	0.5382	0.4460	0.1280	0.4966	0.2042	0.4293
000112	S	0.060469	0.788396	0.519648	0.5043	0.5342	0.4480	0.1280	0.4758	0.2149	0.4354
000113	E	0.022842	0.764840	0.511024	0.4651	0.5382	0.4210	0.0980	0.4538	0.2214	0.4433
000114	T	0.012678	0.735735	0.500431	0.4703	0.5758	0.4030	0.0860	0.4497	0.2213	0.4568
000115	F	0.004686	0.703510	0.488717	0.5126	0.5342	0.3580	0.0660	0.4336	0.2168	0.4749
000116	H	0.002852	0.668365	0.477858	0.5412	0.5342	0.3520	0.0780	0.4295	0.2124	0.4940
000117	H	0.002332	0.640432	0.470451	0.4703	0.4685	0.3880	0.0820	0.4067	0.1960	0.5102
000118	S	0.001934	0.623694	0.467961	0.4749	0.4186	0.3760	0.0780	0.3939	0.1912	0.5272
000119	S	0.001639	0.625315	0.468589	0.4333	0.4292	0.3320	0.0700	0.3817	0.1909	0.5532
000120	N	0.000915	0.624174	0.471450	0.3630	0.4186	0.3230	0.0650	0.3668	0.1896	0.5796
000121	W	0.000915	0.614498	0.477302	0.3717	0.4220	0.3440	0.0710	0.3717	0.1875	0.6049
000122	L	0.001503	0.602250	0.486271	0.3806	0.4476	0.3180	0.0610	0.3728	0.1880	0.6171
000123	R	0.002136	0.626155	0.498068	0.3939	0.4541	0.3000	0.0550	0.3790	0.1956	0.6230
000124	N	0.002464	0.629485	0.510114	0.4037	0.4801	0.2890	0.0600	0.3858	0.2002	0.6294
000125	P	0.005890	0.650175	0.521063	0.3992	0.4685	0.2730	0.0640	0.3864	0.2050	0.6349
000126	F	0.008837	0.649599	0.529561	0.5008	0.4979	0.2910	0.0690	0.4129	0.2093	0.6421
000127	K	0.011018	0.657086	0.536948	0.4879	0.4087	0.2760	0.0720	0.3962	0.2079	0.6484
000128	V	0.012613	0.664613	0.543616	0.4458	0.3983	0.3080	0.0610	0.3955	0.2046	0.6646
000129	L	0.038627	0.666671	0.550346	0.3762	0.4051	0.3340	0.0480	0.3951	0.1954	0.6722
000130	D	0.039311	0.670559	0.556146	0.3806	0.3566	0.3340	0.0560	0.3895	0.1973	0.6637
000131	K	0.038836	0.673748	0.562139	0.3885	0.2951	0.3490	0.0600	0.3845	0.2017	0.6600
000132	N	0.038292	0.669081	0.567786	0.4203	0.3667	0.3710	0.0540	0.4055	0.1973	0.6637
000133	Q	0.038439	0.659860	0.574937	0.4203	0.4292	0.3730	0.0490	0.4160	0.1955	0.6763
000134	E	0.045331	0.656340	0.582728	0.4203	0.4330	0.3460	0.0450	0.4140	0.1950	0.6948
000135	P	0.045757	0.673338	0.591615	0.4245	0.4292	0.3530	0.0480	0.4195	0.1993	0.7172
000136	A	0.052251	0.675543	0.601204	0.3885	0.4017	0.3820	0.0430	0.4169	0.1984	0.7337
000137	L	0.051672	0.686522	0.614107	0.4703	0.4901	0.4090	0.0550	0.4536	0.2021	0.7355
000138	W	0.030424	0.697820	0.629437	0.4556	0.4940	0.4060	0.0690	0.4522	0.2135	0.7253
000139	K	0.038511	0.715267	0.647758	0.4967	0.5419	0.4220	0.0840	0.4770	0.2183	0.7009
000140	Q	0.091564	0.738186	0.665352	0.5374	0.6043	0.5080	0.0950	0.5242	0.2081	0.6812
000141	L	0.138092	0.765069	0.683530	0.5296	0.6089	0.5880	0.0910	0.5522	0.1996	0.6738
000142	I	0.228200	0.794175	0.700712	0.5173	0.6089	0.5550	0.1220	0.5673	0.1773	0.6478
000143	K	0.324092	0.811996	0.718557	0.5229	0.5854	0.5340	0.1410	0.5828	0.1549	0.6043
000144	G	0.425813	0.831949	0.736231	0.4967	0.5854	0.5790	0.1330	0.6092	0.1375	0.5572
000145	E	0.527372	0.857519	0.753757	0.4918	0.5758	0.5940	0.1290	0.6334	0.1297	0.5021
000146	G	0.636075	0.876509	0.771441	0.4749	0.5456	0.6490	0.1060	0.6590	0.1337	0.4493
000147	E	0.741030	0.892988	0.788550	0.4825	0.5533	0.6410	0.0970	0.6833	0.1399	0.3905
000148	E	0.841940	0.907468	0.805162	0.5296	0.6375	0.6670	0.0920	0.7314	0.1306	0.3466
000149	K	0.896523	0.920669	0.820362	0.5900	0.7459	0.6680	0.0860	0.7736	0.1187	0.3229
000150	K	0.927314	0.933900	0.833959	0.5992	0.7595	0.6790	0.0920	0.7889	0.1232	0.3098
000151	A	0.913772	0.944968	0.844654	0.5846	0.6948	0.7180	0.0960	0.7834	0.1281	0.2948
000152	D	0.917854	0.953850	0.852798	0.6442	0.6712	0.7520	0.1160	0.7986	0.1180	0.2792
000153	K	0.923509	0.961324	0.859222	0.6650	0.7505	0.7490	0.1160	0.8181	0.1050	0.2887
000154	K	0.924028	0.966328	0.865269	0.6293	0.7628	0.7530	0.1260	0.8168	0.1142	0.3114
000155	Q	0.924203	0.971942	0.870876	0.6255	0.7505	0.7740	0.1310	0.8196	0.1164	0.3352
000156	R	0.924377	0.976478	0.876012	0.6442	0.7415	0.7910	0.1340	0.8257	0.1127	0.3619
000157	E	0.925164	0.980886	0.880552	0.6334	0.7369	0.7830	0.1520	0.8233	0.1181	0.3822
000158	K	0.927790	0.983350	0.884768	0.6374	0.7415	0.7650	0.1560	0.8233	0.1190	0.4107
000159	G	0.960211	0.986357	0.888996	0.6412	0.7331	0.7360	0.1560	0.8243	0.1282	0.4345
000160	D	0.983990	0.988448	0.893420	0.6516	0.7755	0.7380	0.1400	0.8384	0.1263	0.4468
000161	Q	0.936762	0.989208	0.897754	0.6516	0.7843	0.7490	0.1660	0.8348	0.1167	0.4628
000162	L	0.900099	0.990190	0.901349	0.6984	0.7916	0.7470	0.1660	0.8382	0.1007	0.4791
000163	F	0.814401	0.991722	0.904718	0.6789	0.7843	0.7200	0.1600	0.8156	0.1063	0.4949
000164	D	0.735534	0.992746	0.907824	0.6906	0.7951	0.6900	0.1590	0.8019	0.1133	0.4903
000165	Q	0.650830	0.993193	0.910934	0.7034	0.7982	0.6960	0.1490	0.7921	0.1236	0.4764
000166	K	0.567943	0.993452	0.913663	0.6906	0.8013	0.7080	0.1330	0.7792	0.1426	0.4648
000167	K	0.478560	0.993397	0.916437	0.6870	0.7547	0.7000	0.1200	0.7550	0.1668	0.4613
000168	E	0.384810	0.993484	0.919497	0.6944	0.7547	0.6870	0.1360	0.7389	0.1948	0.4843
000169	Q	0.301646	0.993581	0.922737	0.6681	0.7595	0.6970	0.1420	0.7238	0.2220	0.5145
000170	K	0.291696	0.993642	0.925868	0.6681	0.7628	0.6900	0.1410	0.7220	0.2259	0.5547
000171	P	0.233352	0.993688	0.928977	0.6715	0.6991	0.6700	0.1170	0.6994	0.2443	0.6086
000172	E	0.250445	0.993652	0.932204	0.6715	0.6427	0.6690	0.1120	0.6932	0.2405	0.6717
000173	M	0.261579	0.993476	0.935537	0.6681	0.7415	0.6650	0.1060	0.7108	0.2370	0.7469
000174	M	0.252147	0.992864	0.938571	0.6650	0.8162	0.6490	0.0970	0.7190	0.2444	0.7942
000175	E	0.235501	0.992148	0.941218	0.6944	0.8050	0.6320	0.1090	0.7167	0.2494	0.8156
000176	K	0.222778	0.990964	0.943025	0.6715	0.7951	0.6520	0.1210	0.7126	0.2525	0.8393
000177	D	0.215036	0.989639	0.944241	0.6650	0.8050	0.6890	0.1130	0.7179	0.2547	0.8600
000178	L	0.202439	0.988066	0.945030	0.6516	0.8125	0.7140	0.1090	0.7190	0.2594	0.8724
000179	S	0.154339	0.986430	0.945476	0.6557	0.7718	0.6910	0.1130	0.7008	0.2730	0.8646
000180	S	0.143192	0.985011	0.945264	0.6557	0.7163	0.7030	0.1090	0.6913	0.2748	0.8556
000181	G	0.135035	0.982027	0.944315	0.6293	0.7331	0.7310	0.1090	0.6925	0.2784	0.8475
000182	L	0.168894	0.979321	0.943267	0.5549	0.6991	0.7290	0.1090	0.6790	0.2703	0.8332
000183	V	0.157846	0.977865	0.942814	0.5762	0.6948	0.6850	0.0990	0.6725	0.2711	0.7897
000184	P	0.148076	0.975414	0.942653	0.5802	0.6851	0.5640	0.1170	0.6492	0.2760	0.7088
000185	K	0.141675	0.972679	0.942625	0.5623	0.6948	0.5610	0.1120	0.6458	0.2786	0.6233
000186	K	0.134810	0.969118	0.942597	0.5514	0.6948	0.5680	0.0840	0.6434	0.2802	0.5631
000187	K	0.134466	0.967017	0.943143	0.5583	0.6991	0.5730	0.0780	0.6459	0.2795	0.5030
000188	Q	0.132541	0.965741	0.944286	0.5514	0.6948	0.6010	0.0860	0.6482	0.2793	0.4459
000189	S	0.132609	0.962738	0.945629	0.5900	0.7459	0.6130	0.0930	0.6650	0.2786	0.4021
000190	V	0.101045	0.963010	0.946918	0.5846	0.7459	0.6170	0.0830	0.6597	0.2891	0.3831
000191	V	0.030451	0.962993	0.947650	0.5583	0.6906	0.6010	0.0980	0.6318	0.3111	0.3401
000192	Q	0.039425	0.962626	0.948438	0.5514	0.6906	0.6340	0.1150	0.6378	0.3083	0.2975
000193	E	0.082986	0.962497	0.949126	0.5473	0.6531	0.6500	0.1180	0.6408	0.2940	0.2625
000194	K	0.161956	0.960288	0.949790	0.5941	0.7036	0.6440	0.1200	0.6690	0.2672	0.2515
000195	K	0.241743	0.957308	0.949967	0.4651	0.6576	0.6720	0.1170	0.6573	0.2535	0.2529
000196	Q	0.316623	0.955239	0.950050	0.4825	0.6661	0.7090	0.1370	0.6798	0.2312	0.2746
000197	E	0.395536	0.953513	0.950236	0.4781	0.6712	0.6970	0.1380	0.6910	0.2118	0.2949
000198	E	0.470826	0.952286	0.950205	0.4967	0.6851	0.6850	0.1310	0.7067	0.1916	0.3158
000199	G	0.510622	0.948373	0.949471	0.4825	0.6851	0.6770	0.1250	0.7089	0.1859	0.3424
000200	A	0.585238	0.944242	0.948143	0.4825	0.6851	0.7050	0.1310	0.7251	0.1723	0.3646
000201	E	0.660941	0.939942	0.946607	0.5253	0.7547	0.7200	0.1320	0.7579	0.1493	0.3673
000202	I	0.707176	0.936378	0.945042	0.5549	0.7951	0.7490	0.1450	0.7812	0.1347	0.4011
000203	Q	0.718281	0.934030	0.943169	0.5583	0.7881	0.7670	0.1590	0.7849	0.1313	0.4033
000204	C	0.728980	0.931085	0.940816	0.5331	0.7982	0.7840	0.1610	0.7860	0.1369	0.4088
000205	E	0.737177	0.935041	0.938018	0.5412	0.7289	0.7830	0.1580	0.7772	0.1357	0.4196
000206	A	0.736745	0.935332	0.935061	0.5762	0.7369	0.7940	0.1540	0.7858	0.1248	0.4663
000207	E	0.740243	0.935161	0.932308	0.5374	0.7331	0.7850	0.1430	0.7772	0.1353	0.4878
000208	T	0.778548	0.937387	0.929828	0.5412	0.6712	0.8060	0.1410	0.7773	0.1395	0.5104
000209	G	0.782305	0.941052	0.927616	0.5473	0.6620	0.8080	0.1480	0.7780	0.1394	0.5555
000210	G	0.767405	0.941901	0.925683	0.5126	0.6531	0.8080	0.1480	0.7681	0.1501	0.5868
000211	T	0.760203	0.942575	0.924394	0.5173	0.6661	0.7910	0.1410	0.7670	0.1465	0.6172
000212	H	0.732171	0.944739	0.923632	0.5173	0.6755	0.7780	0.1360	0.7618	0.1461	0.6565
000213	K	0.703791	0.948290	0.923329	0.5667	0.6427	0.7780	0.1270	0.7604	0.1395	0.6628
000214	R	0.679607	0.950723	0.922478	0.5762	0.6427	0.8020	0.1300	0.7623	0.1406	0.6970
000215	D	0.654070	0.952815	0.920857	0.5802	0.7415	0.8140	0.1180	0.7772	0.1342	0.7221
000216	F	0.624390	0.954995	0.918466	0.5846	0.7547	0.8310	0.1200	0.7780	0.1387	0.7384
000217	S	0.611411	0.956734	0.915826	0.6124	0.7672	0.8180	0.1080	0.7803	0.1341	0.6934
000218	E	0.602739	0.959127	0.912804	0.6219	0.7163	0.8440	0.0840	0.7762	0.1380	0.6464
000219	I	0.611252	0.959658	0.909094	0.6334	0.7209	0.8650	0.0820	0.7832	0.1351	0.6244
000220	K	0.596590	0.960172	0.905012	0.6035	0.7163	0.8540	0.0860	0.7726	0.1426	0.5502
000221	S	0.614463	0.961725	0.901517	0.5900	0.7459	0.8470	0.0920	0.7767	0.1395	0.4849
000222	Q	0.622093	0.963369	0.899270	0.5992	0.7505	0.8540	0.0970	0.7814	0.1365	0.4238
000223	Q	0.655447	0.964278	0.897679	0.6255	0.7209	0.8530	0.0890	0.7861	0.1264	0.3765
000224	C	0.693318	0.964081	0.895995	0.6442	0.7289	0.8600	0.0830	0.7978	0.1158	0.3688
000225	Q	0.707478	0.966653	0.893743	0.6412	0.7289	0.8490	0.0800	0.7979	0.1139	0.3637
000226	G	0.725788	0.970226	0.891387	0.6293	0.7250	0.8610	0.0800	0.8004	0.1164	0.3729
000227	N	0.754779	0.972155	0.889205	0.6604	0.8050	0.8770	0.0670	0.8264	0.1007	0.3775
000228	E	0.774424	0.972005	0.887064	0.6604	0.7982	0.8930	0.0610	0.8309	0.1002	0.4196
000229	L	0.792126	0.972681	0.884531	0.6604	0.7982	0.8990	0.0620	0.8346	0.0994	0.4737
000230	T	0.801723	0.975314	0.881515	0.6789	0.8493	0.8950	0.0700	0.8470	0.0915	0.4725
000231	R	0.836523	0.976616	0.878102	0.6944	0.8623	0.8990	0.0690	0.8578	0.0850	0.5020
000232	P	0.842591	0.976982	0.875046	0.6984	0.8565	0.8930	0.0720	0.8570	0.0830	0.5315
000233	S	0.849587	0.980224	0.872694	0.7034	0.8530	0.9040	0.0670	0.8605	0.0829	0.5490
000234	A	0.883076	0.981855	0.870901	0.6906	0.8530	0.9090	0.0680	0.8647	0.0881	0.5571
000235	S	0.905699	0.983655	0.869378	0.7688	0.9168	0.9010	0.0770	0.8910	0.0645	0.5234
000236	S	0.905886	0.984792	0.867879	0.7688	0.8872	0.8960	0.0830	0.8851	0.0637	0.4840
000237	Q	0.908372	0.985359	0.866157	0.7772	0.8894	0.8910	0.0860	0.8862	0.0614	0.4501
000238	E	0.921946	0.986168	0.864484	0.7388	0.8828	0.8920	0.0860	0.8811	0.0746	0.4263
000239	K	0.930935	0.986245	0.863093	0.7458	0.8872	0.8880	0.0890	0.8836	0.0733	0.4083
000240	S	0.923181	0.986478	0.862531	0.7688	0.9126	0.8820	0.0900	0.8892	0.0664	0.3856
000241	S	0.919322	0.986519	0.862562	0.7772	0.9168	0.8910	0.0790	0.8923	0.0637	0.3857
000242	G	0.916103	0.986378	0.863185	0.7817	0.9346	0.8880	0.0770	0.8950	0.0636	0.3736
000243	K	0.916301	0.986404	0.864509	0.7458	0.8894	0.8770	0.0790	0.8800	0.0719	0.3570
000244	S	0.909172	0.986031	0.865942	0.7724	0.8920	0.8630	0.0820	0.8815	0.0636	0.3769
000245	Q	0.909978	0.985521	0.867340	0.7501	0.9013	0.8600	0.0900	0.8790	0.0706	0.3985
000246	D	0.902809	0.984301	0.868598	0.7605	0.8966	0.8640	0.0880	0.8795	0.0663	0.4420
000247	V	0.899329	0.982735	0.870079	0.7644	0.8655	0.8650	0.0890	0.8745	0.0641	0.4800
000248	Q	0.894685	0.981074	0.871477	0.7605	0.8623	0.8430	0.1110	0.8688	0.0655	0.5027
000249	R	0.892892	0.979278	0.872273	0.7232	0.8655	0.8420	0.1210	0.8625	0.0758	0.5232
000250	E	0.887110	0.976213	0.872390	0.7275	0.8313	0.8280	0.1320	0.8538	0.0748	0.5320
000251	S	0.882034	0.971173	0.871873	0.7418	0.7881	0.8310	0.1340	0.8477	0.0731	0.5818
000252	E	0.872167	0.967010	0.870042	0.7079	0.8198	0.8200	0.1490	0.8427	0.0778	0.6587
000253	P	0.861506	0.961027	0.866892	0.6681	0.8198	0.8170	0.1600	0.8323	0.0875	0.7439
000254	L	0.848833	0.955299	0.862294	0.6944	0.8375	0.8150	0.1520	0.8355	0.0770	0.8100
000255	R	0.841575	0.946949	0.857811	0.7034	0.7951	0.8090	0.1360	0.8257	0.0732	0.8291
000256	E	0.832792	0.938616	0.853778	0.7034	0.8050	0.8050	0.1250	0.8231	0.0700	0.8548
000257	K	0.811888	0.931328	0.850259	0.6474	0.7916	0.8010	0.1280	0.8055	0.0847	0.8864
000258	V	0.772925	0.916842	0.846532	0.6984	0.8530	0.7850	0.1310	0.8121	0.0695	0.9149
000259	T	0.717525	0.907983	0.842431	0.6906	0.8565	0.7860	0.1180	0.8001	0.0771	0.9361
000260	Q	0.636332	0.901011	0.838962	0.6944	0.8530	0.7980	0.1160	0.7870	0.0926	0.9523
000261	L	0.576402	0.898656	0.836001	0.6984	0.7916	0.8170	0.1170	0.7697	0.1050	0.9655
000262	L	0.525709	0.894657	0.833117	0.7034	0.7916	0.8060	0.1420	0.7591	0.1188	0.9701
000263	P	0.536104	0.884975	0.829741	0.6557	0.7718	0.7520	0.1880	0.7384	0.1147	0.9672
000264	Q	0.550569	0.881250	0.826143	0.6293	0.7718	0.7590	0.1980	0.7363	0.1131	0.9620
000265	N	0.569529	0.877974	0.822664	0.6516	0.8235	0.7700	0.1970	0.7525	0.1078	0.9584
000266	V	0.603343	0.871452	0.819563	0.6604	0.8125	0.7750	0.2020	0.7570	0.0943	0.9597
000267	H	0.653106	0.865359	0.817034	0.6715	0.8085	0.7780	0.1910	0.7655	0.0776	0.9548
000268	S	0.723621	0.862903	0.815131	0.6681	0.8235	0.7700	0.1910	0.7772	0.0655	0.9429
000269	H	0.821422	0.860285	0.812969	0.7079	0.8894	0.7380	0.1640	0.8051	0.0637	0.9284
000270	N	0.838882	0.857210	0.810805	0.7147	0.8530	0.7560	0.1400	0.8050	0.0529	0.9067
000271	S	0.804819	0.853832	0.808994	0.7232	0.8530	0.7460	0.1360	0.7984	0.0493	0.8904
000272	I	0.708024	0.854436	0.807243	0.7111	0.8792	0.7510	0.1150	0.7851	0.0668	0.8672
000273	S	0.612099	0.852745	0.805180	0.7458	0.9151	0.7040	0.1440	0.7724	0.0992	0.8319
000274	K	0.512152	0.851539	0.802113	0.7232	0.8421	0.6950	0.1730	0.7376	0.1161	0.8051
000275	P	0.403600	0.850872	0.799131	0.7147	0.8375	0.6520	0.1690	0.7097	0.1535	0.7930
000276	Q	0.296585	0.848446	0.796375	0.6516	0.8375	0.6530	0.1720	0.6806	0.1894	0.7716
000277	K	0.188560	0.844668	0.794024	0.6870	0.8050	0.6270	0.1440	0.6578	0.2225	0.7506
000278	G	0.079411	0.842825	0.791480	0.6789	0.7982	0.5780	0.1470	0.6281	0.2607	0.7624
000279	G	0.030269	0.838664	0.788734	0.6219	0.7916	0.5590	0.1790	0.6051	0.2756	0.7767
000280	P	0.025970	0.835200	0.786276	0.6079	0.7547	0.5630	0.1820	0.5955	0.2723	0.7953
000281	L	0.020051	0.830278	0.784684	0.5802	0.7595	0.5930	0.1630	0.5946	0.2736	0.8186
000282	N	0.012239	0.825509	0.783965	0.5846	0.7595	0.5510	0.1830	0.5861	0.2760	0.8081
000283	K	0.010281	0.806249	0.784076	0.6374	0.8050	0.5470	0.1860	0.5983	0.2800	0.7987
000284	E	0.010997	0.799143	0.784469	0.6334	0.7982	0.5680	0.1930	0.5990	0.2775	0.8056
000285	Y	0.011920	0.807306	0.785001	0.6334	0.7982	0.6090	0.1780	0.6075	0.2778	0.8259
000286	T	0.012825	0.806398	0.785176	0.5992	0.7799	0.5680	0.1600	0.5918	0.2753	0.8235
000287	N	0.013353	0.812147	0.785879	0.5802	0.7799	0.5860	0.1380	0.5929	0.2758	0.8296
000288	W	0.014161	0.816412	0.786957	0.5900	0.8235	0.6110	0.1180	0.6070	0.2813	0.8361
000289	E	0.013494	0.830251	0.788538	0.5900	0.8125	0.5880	0.1140	0.6037	0.2822	0.8159
000290	A	0.015071	0.834966	0.790571	0.6174	0.7505	0.6410	0.1120	0.6083	0.2763	0.8021
000291	K	0.013856	0.843627	0.793074	0.5900	0.7209	0.6380	0.1070	0.5999	0.2758	0.7803
000292	E	0.010902	0.845740	0.796867	0.5992	0.7628	0.6510	0.1070	0.6111	0.2812	0.7632
000293	T	0.012898	0.853256	0.802375	0.6124	0.7547	0.6550	0.1010	0.6151	0.2815	0.7773
000294	K	0.013750	0.860204	0.808877	0.5992	0.7799	0.6700	0.0940	0.6219	0.2856	0.7914
000295	A	0.027092	0.865186	0.815514	0.5941	0.7595	0.6820	0.0730	0.6240	0.2810	0.8062
000296	K	0.056359	0.867840	0.821424	0.6715	0.8235	0.6930	0.0730	0.6557	0.2773	0.7996
000297	D	0.088845	0.874743	0.826864	0.6715	0.7718	0.7060	0.0670	0.6566	0.2629	0.8068
000298	G	0.121132	0.879178	0.831979	0.6681	0.7951	0.6950	0.0750	0.6650	0.2541	0.8193
000299	P	0.127050	0.879696	0.836714	0.6944	0.8741	0.7010	0.0960	0.6856	0.2609	0.8287
000300	S	0.135168	0.882473	0.841715	0.7147	0.8713	0.7320	0.1060	0.6962	0.2591	0.8489
000301	I	0.148062	0.886766	0.846413	0.7458	0.8894	0.7630	0.1160	0.7132	0.2588	0.8654
000302	Q	0.182940	0.889114	0.850354	0.7458	0.8375	0.7450	0.1270	0.7084	0.2409	0.8799
000303	A	0.252539	0.894008	0.853781	0.7644	0.8343	0.7650	0.1350	0.7274	0.2174	0.9043
000304	T	0.322708	0.897686	0.856958	0.7388	0.8421	0.7710	0.1510	0.7381	0.1932	0.9167
000305	Q	0.376299	0.898956	0.859874	0.7605	0.8530	0.7710	0.1620	0.7533	0.1756	0.9291
000306	K	0.411961	0.896534	0.862218	0.7912	0.8872	0.7610	0.1670	0.7683	0.1668	0.9379
000307	S	0.447803	0.897981	0.864235	0.8074	0.8991	0.7630	0.1730	0.7799	0.1563	0.9501
000308	L	0.511491	0.897120	0.866649	0.8242	0.8894	0.7690	0.1690	0.7930	0.1331	0.9597
000309	P	0.581383	0.894915	0.869759	0.8311	0.8966	0.7420	0.1610	0.8026	0.1120	0.9606
000310	Q	0.644467	0.897185	0.873684	0.8074	0.8713	0.7770	0.1490	0.8118	0.0855	0.9631
000311	G	0.691836	0.892180	0.878155	0.8283	0.8313	0.7940	0.1370	0.8194	0.0657	0.9655
000312	H	0.705758	0.900989	0.882478	0.8626	0.9013	0.8070	0.1350	0.8433	0.0694	0.9690
000313	F	0.714199	0.908158	0.886672	0.8036	0.8872	0.8290	0.1270	0.8382	0.0662	0.9710
000314	Q	0.726142	0.913082	0.890672	0.8391	0.9151	0.8150	0.1310	0.8498	0.0665	0.9654
000315	E	0.755754	0.917874	0.895160	0.8200	0.9168	0.8180	0.1270	0.8540	0.0603	0.9600
000316	R	0.781288	0.926554	0.900182	0.8283	0.9151	0.8310	0.1200	0.8638	0.0532	0.9535
000317	P	0.804632	0.930927	0.905689	0.8391	0.9362	0.8220	0.1290	0.8731	0.0530	0.9480
000318	E	0.820168	0.936841	0.910991	0.8391	0.9308	0.8300	0.1300	0.8780	0.0491	0.9394
000319	T	0.839528	0.943053	0.916455	0.8886	0.9488	0.8520	0.1160	0.8981	0.0419	0.9315
000320	H	0.865104	0.948815	0.921949	0.8595	0.9381	0.8650	0.1090	0.8997	0.0375	0.9341
000321	S	0.890159	0.954449	0.927444	0.8350	0.9249	0.8750	0.1010	0.9011	0.0393	0.9320
000322	V	0.907814	0.957013	0.932286	0.8521	0.9151	0.8850	0.0880	0.9082	0.0334	0.9333
000323	P	0.923378	0.960181	0.935780	0.8242	0.9230	0.8740	0.0890	0.9067	0.0450	0.9305
000324	A	0.935634	0.961873	0.937551	0.8457	0.9534	0.8800	0.0820	0.9190	0.0420	0.9310
000325	P	0.951640	0.962259	0.937948	0.8521	0.9415	0.8830	0.0750	0.9215	0.0398	0.9376
000326	G	0.967708	0.962516	0.937358	0.8283	0.9519	0.8870	0.0770	0.9225	0.0497	0.9452
000327	G	0.984667	0.961296	0.937106	0.8001	0.9547	0.8970	0.0750	0.9225	0.0609	0.9519
000328	P	0.997767	0.961399	0.936992	0.8001	0.9126	0.9060	0.0680	0.9192	0.0615	0.9575
000329	A	0.998087	0.960655	0.937090	0.7912	0.9057	0.9160	0.0590	0.9182	0.0643	0.9651
000330	A	0.998406	0.956848	0.937097	0.7540	0.8681	0.9290	0.0510	0.9072	0.0787	0.9681
000331	Q	0.998381	0.951673	0.936951	0.7342	0.8596	0.9370	0.0420	0.9030	0.0858	0.9700
000332	A	0.997007	0.952425	0.937020	0.6944	0.8681	0.9440	0.0350	0.8988	0.0989	0.9729
000333	A	0.995437	0.950830	0.936984	0.7418	0.9057	0.9460	0.0300	0.9128	0.0809	0.9738
000334	P	0.993949	0.950786	0.937057	0.7388	0.8853	0.9400	0.0360	0.9076	0.0819	0.9741
000335	A	0.990572	0.950015	0.937202	0.7605	0.8991	0.9380	0.0370	0.9126	0.0731	0.9730
000336	A	0.988251	0.950299	0.937917	0.7342	0.8655	0.9350	0.0430	0.9019	0.0833	0.9715
000337	P	0.986758	0.949930	0.938972	0.7540	0.8462	0.9250	0.0490	0.9001	0.0779	0.9688
000338	G	0.980072	0.949324	0.940457	0.7317	0.8421	0.9280	0.0540	0.8953	0.0845	0.9660
000339	L	0.969400	0.953149	0.941834	0.6827	0.8085	0.9370	0.0550	0.8820	0.1036	0.9624
000340	S	0.959550	0.949633	0.942994	0.6944	0.8198	0.9350	0.0610	0.8836	0.0968	0.9528
000341	L	0.952509	0.946999	0.944095	0.7079	0.8462	0.9470	0.0530	0.8908	0.0899	0.9441
000342	G	0.949227	0.945690	0.945174	0.6789	0.8530	0.9510	0.0490	0.8871	0.0994	0.9300
000343	E	0.949472	0.946458	0.946819	0.7111	0.8713	0.9480	0.0510	0.8956	0.0871	0.9127
000344	G	0.952524	0.947500	0.948634	0.7388	0.8872	0.9540	0.0460	0.9048	0.0778	0.8938
000345	R	0.954199	0.946063	0.950721	0.7342	0.8713	0.9410	0.0620	0.8996	0.0792	0.8726
000346	E	0.955237	0.942630	0.952798	0.7644	0.8920	0.9210	0.0860	0.9047	0.0664	0.8556
000347	A	0.960909	0.941978	0.954723	0.8074	0.9106	0.9160	0.0900	0.9153	0.0517	0.8402
000348	A	0.970783	0.940124	0.956293	0.7951	0.8493	0.9090	0.0900	0.9035	0.0624	0.8229
000349	T	0.979968	0.939472	0.956827	0.8036	0.7916	0.9060	0.0890	0.8963	0.0732	0.8030
000350	S	0.986559	0.938184	0.956693	0.7951	0.7595	0.9060	0.0910	0.8903	0.0840	0.7884
000351	S	0.988408	0.936721	0.956120	0.7540	0.6991	0.9070	0.0860	0.8736	0.1079	0.7963
000352	D	0.989424	0.933953	0.955629	0.7388	0.7595	0.9070	0.0840	0.8806	0.0964	0.8095
000353	D	0.988428	0.931673	0.954969	0.6870	0.7505	0.9060	0.0790	0.8698	0.1112	0.8262
000354	E	0.988167	0.929533	0.954462	0.6650	0.7289	0.9020	0.0900	0.8613	0.1205	0.8364
000355	E	0.988275	0.928343	0.954295	0.6604	0.7595	0.8970	0.1000	0.8646	0.1163	0.8422
000356	E	0.988259	0.923067	0.954488	0.6374	0.7628	0.8810	0.1100	0.8578	0.1216	0.8499
000357	D	0.986827	0.917319	0.954477	0.6442	0.7505	0.8610	0.1250	0.8525	0.1201	0.8555
000358	D	0.982332	0.910418	0.953380	0.6715	0.8013	0.8540	0.1250	0.8621	0.1043	0.8569
000359	V	0.978956	0.895635	0.950933	0.6906	0.7595	0.8320	0.1420	0.8513	0.1023	0.8591
000360	V	0.972413	0.888923	0.946980	0.7232	0.6948	0.8110	0.1430	0.8396	0.1056	0.8628
000361	F	0.951052	0.874608	0.942149	0.6789	0.5951	0.8020	0.1370	0.8074	0.1322	0.8664
000362	V	0.886766	0.873648	0.935988	0.6374	0.6136	0.7640	0.1450	0.7852	0.1243	0.8631
000363	S	0.793981	0.876647	0.928583	0.5473	0.5951	0.7360	0.1660	0.7463	0.1385	0.8542
000364	S	0.688356	0.879295	0.920111	0.5412	0.5758	0.7110	0.1770	0.7192	0.1410	0.8453
000365	K	0.601494	0.869846	0.911415	0.5126	0.5055	0.7350	0.1840	0.6893	0.1616	0.8398
000366	P	0.521080	0.874727	0.903557	0.4825	0.5139	0.7110	0.1940	0.6678	0.1731	0.8470
000367	G	0.429852	0.878473	0.896776	0.3992	0.4476	0.7130	0.2020	0.6276	0.2107	0.8542
000368	S	0.402307	0.872761	0.891038	0.3992	0.4441	0.6840	0.1940	0.6156	0.2115	0.8662
000369	P	0.382271	0.873567	0.885307	0.3184	0.4292	0.6370	0.1760	0.5876	0.2282	0.8791
000370	L	0.364577	0.868348	0.879397	0.3762	0.4725	0.6680	0.1550	0.6049	0.2146	0.8898
000371	L	0.387259	0.851002	0.873317	0.4116	0.5419	0.6530	0.1460	0.6196	0.1925	0.8903
000372	F	0.436640	0.857214	0.867074	0.4651	0.6620	0.6500	0.1210	0.6563	0.1682	0.8821
000373	D	0.498334	0.859006	0.860881	0.5253	0.6576	0.6570	0.0770	0.6763	0.1430	0.8665
000374	S	0.541624	0.857802	0.854445	0.5331	0.6661	0.6950	0.0580	0.6913	0.1307	0.8545
000375	T	0.553208	0.855634	0.848163	0.4781	0.5620	0.7570	0.0450	0.6757	0.1504	0.8393
000376	L	0.573924	0.857824	0.841780	0.5229	0.6183	0.7930	0.0620	0.7013	0.1339	0.8299
000377	D	0.533996	0.861098	0.835861	0.4116	0.5951	0.7980	0.0730	0.6726	0.1689	0.8062
000378	L	0.500348	0.867570	0.831029	0.4282	0.5951	0.8310	0.0790	0.6755	0.1749	0.7792
000379	E	0.484108	0.872371	0.827192	0.4420	0.5951	0.8230	0.0790	0.6739	0.1737	0.7358
000380	T	0.499080	0.874258	0.823658	0.4078	0.4979	0.8550	0.0790	0.6596	0.1943	0.6900
000381	K	0.510179	0.870191	0.819508	0.4600	0.5665	0.8220	0.1070	0.6747	0.1662	0.6503
000382	E	0.524233	0.864638	0.814697	0.4513	0.6375	0.7620	0.1310	0.6758	0.1513	0.6286
000383	N	0.545909	0.859527	0.809549	0.5374	0.7289	0.7310	0.1100	0.7021	0.1221	0.6179
000384	L	0.593412	0.855011	0.804438	0.5229	0.6427	0.7690	0.0970	0.6980	0.1195	0.6175
000385	Q	0.649509	0.846831	0.799224	0.5126	0.6427	0.7480	0.0710	0.6998	0.1116	0.6015
000386	F	0.681290	0.824200	0.793946	0.4600	0.6806	0.7750	0.0600	0.7025	0.1212	0.5885
000387	P	0.698024	0.812254	0.788609	0.5173	0.7289	0.7030	0.0840	0.7080	0.0951	0.5576
000388	D	0.699612	0.810213	0.784778	0.5296	0.7080	0.7500	0.0950	0.7136	0.0911	0.5334
000389	R	0.639729	0.808459	0.783385	0.5623	0.7799	0.7980	0.0890	0.7287	0.0935	0.5094
000390	S	0.644488	0.824874	0.784740	0.5549	0.7080	0.8360	0.1010	0.7255	0.1013	0.4980
000391	V	0.650350	0.833575	0.788243	0.5667	0.7036	0.8240	0.1150	0.7278	0.0972	0.4895
000392	Q	0.661963	0.851115	0.792900	0.5229	0.7080	0.7960	0.1270	0.7221	0.1085	0.4720
000393	R	0.684935	0.860670	0.799112	0.5126	0.6851	0.7760	0.1230	0.7197	0.1115	0.4529
000394	K	0.703645	0.868402	0.805973	0.5043	0.5992	0.7900	0.1190	0.7119	0.1260	0.4359
000395	V	0.743631	0.872766	0.813393	0.5623	0.6851	0.8090	0.1110	0.7477	0.1017	0.4271
000396	S	0.784665	0.874024	0.820240	0.4918	0.7209	0.7890	0.1250	0.7467	0.1228	0.4206
000397	P	0.825923	0.872440	0.825653	0.5549	0.8085	0.7540	0.1280	0.7735	0.1038	0.4156
000398	A	0.905357	0.867116	0.829341	0.5549	0.7916	0.7710	0.1220	0.7866	0.1128	0.4151
000399	S	0.933384	0.858515	0.830608	0.5412	0.8085	0.7580	0.1220	0.7884	0.1226	0.4130
000400	G	0.957356	0.851878	0.830554	0.5412	0.7505	0.7910	0.1210	0.7870	0.1271	0.4143
000401	V	0.964954	0.850520	0.829828	0.5667	0.7331	0.8060	0.1250	0.7919	0.1219	0.4152
000402	S	0.962205	0.847248	0.828641	0.5711	0.7916	0.7590	0.1550	0.7933	0.1178	0.4139
000403	K	0.955495	0.840941	0.827788	0.5253	0.7843	0.7700	0.1660	0.7840	0.1302	0.4177
000404	K	0.943234	0.835387	0.826656	0.5473	0.7209	0.7820	0.1660	0.7759	0.1221	0.4225
000405	V	0.935389	0.828690	0.826200	0.5667	0.6427	0.7910	0.1630	0.7651	0.1237	0.4300
000406	E	0.932121	0.819899	0.826178	0.5667	0.6427	0.7680	0.1620	0.7593	0.1216	0.4367
000407	P	0.914800	0.814187	0.826497	0.5173	0.6482	0.7490	0.1720	0.7450	0.1301	0.4575
000408	S	0.908689	0.802956	0.824750	0.4282	0.6089	0.7530	0.1630	0.7210	0.1592	0.4729
000409	D	0.900886	0.788429	0.819941	0.4458	0.6375	0.7300	0.1570	0.7203	0.1469	0.4887
000410	P	0.896115	0.765187	0.813818	0.4379	0.5620	0.7180	0.1820	0.6988	0.1548	0.5021
000411	V	0.891002	0.751879	0.808460	0.4379	0.5456	0.6930	0.1990	0.6881	0.1542	0.5183
000412	A	0.893796	0.733118	0.804187	0.4245	0.6183	0.6390	0.2080	0.6855	0.1497	0.5306
000413	R	0.904513	0.703369	0.799041	0.4282	0.6089	0.6020	0.2130	0.6743	0.1525	0.5351
000414	R	0.905987	0.660346	0.792588	0.4333	0.6043	0.5760	0.2280	0.6620	0.1526	0.5380
000415	V	0.905056	0.672990	0.784561	0.4333	0.6136	0.5920	0.2380	0.6670	0.1492	0.5392
000416	Y	0.928265	0.660158	0.776954	0.4879	0.6851	0.5710	0.2160	0.6848	0.1415	0.5356
000417	L	0.924831	0.665594	0.770059	0.4967	0.5951	0.5450	0.2000	0.6662	0.1450	0.5206
000418	T	0.926318	0.666755	0.763130	0.4600	0.5342	0.5590	0.1740	0.6515	0.1567	0.4991
000419	T	0.921932	0.669072	0.754932	0.3939	0.5296	0.5840	0.1630	0.6422	0.1680	0.4850
000420	Q	0.876074	0.664784	0.745586	0.3630	0.4582	0.6000	0.1630	0.6180	0.1712	0.4734
000421	L	0.787879	0.673222	0.737005	0.3399	0.4369	0.6280	0.1590	0.6004	0.1604	0.4702
000422	K	0.692838	0.682714	0.729165	0.3225	0.4220	0.6190	0.1820	0.5781	0.1518	0.4588
000423	Q	0.689716	0.684544	0.722132	0.3578	0.4441	0.6280	0.2040	0.5877	0.1372	0.4532
000424	K	0.652831	0.684866	0.715473	0.2483	0.4256	0.6100	0.2110	0.5561	0.1663	0.4522
000425	K	0.616919	0.679775	0.709458	0.2292	0.3704	0.5660	0.1930	0.5287	0.1729	0.4558
000426	S	0.593239	0.664069	0.704860	0.2531	0.4507	0.5120	0.1720	0.5296	0.1505	0.4664
000427	T	0.566330	0.640664	0.701460	0.2255	0.5382	0.4620	0.1570	0.5223	0.1528	0.4782
000428	L	0.574304	0.606735	0.699000	0.3184	0.5951	0.3910	0.1300	0.5307	0.1322	0.4975
000429	A	0.594739	0.579134	0.696725	0.3359	0.5951	0.3400	0.1150	0.5237	0.1366	0.5088
000430	S	0.633968	0.562299	0.694832	0.3359	0.5951	0.3130	0.0940	0.5226	0.1458	0.5144
000431	V	0.677671	0.572013	0.693640	0.3311	0.5758	0.3030	0.1000	0.5256	0.1546	0.5178
000432	N	0.626147	0.591843	0.693226	0.3939	0.5758	0.2630	0.0970	0.5240	0.1479	0.5139
000433	I	0.589279	0.593753	0.694533	0.3847	0.5098	0.2660	0.0850	0.5064	0.1429	0.5203
000434	Q	0.539094	0.588448	0.696424	0.3184	0.4940	0.2500	0.0820	0.4810	0.1536	0.5259
000435	A	0.466161	0.588371	0.699233	0.2432	0.5055	0.2510	0.0880	0.4588	0.1667	0.5346
000436	L	0.391773	0.616884	0.701521	0.2333	0.4441	0.2600	0.0860	0.4412	0.1719	0.5372
000437	P	0.289792	0.638776	0.703508	0.2333	0.4507	0.2220	0.0690	0.4229	0.1916	0.5321
000438	D	0.244387	0.648002	0.705616	0.1732	0.4541	0.2540	0.0850	0.4133	0.2056	0.5223
000439	K	0.214127	0.660097	0.709554	0.2432	0.4507	0.2770	0.0920	0.4258	0.1985	0.5074
000440	G	0.183238	0.672432	0.716120	0.2786	0.4801	0.2660	0.0710	0.4328	0.2057	0.5050
000441	Q	0.169161	0.678068	0.723702	0.2080	0.4901	0.2730	0.0680	0.4236	0.2211	0.5042
000442	K	0.181641	0.692169	0.731179	0.2865	0.4864	0.2750	0.0670	0.4421	0.2114	0.5082
000443	L	0.192042	0.693658	0.738038	0.2913	0.4149	0.2840	0.0650	0.4356	0.2088	0.5195
000444	I	0.210222	0.699054	0.745927	0.3263	0.4801	0.3010	0.0650	0.4605	0.2020	0.5227
000445	K	0.210695	0.716640	0.754443	0.2786	0.4801	0.3170	0.0850	0.4596	0.2115	0.5200
000446	Q	0.234681	0.744677	0.764129	0.3184	0.4330	0.3850	0.1000	0.4800	0.2034	0.5183
000447	I	0.239777	0.773834	0.773128	0.4149	0.4901	0.4360	0.1030	0.5213	0.1941	0.5327
000448	Q	0.283710	0.783152	0.781527	0.3146	0.3983	0.4280	0.1240	0.4982	0.2066	0.5439
000449	E	0.342149	0.785836	0.789870	0.2963	0.3807	0.4340	0.1320	0.5048	0.2044	0.5719
000450	L	0.399831	0.800057	0.798805	0.2483	0.4186	0.4740	0.1340	0.5232	0.2069	0.6069
000451	E	0.457452	0.811602	0.808106	0.2483	0.4220	0.4730	0.1380	0.5367	0.2065	0.6305
000452	E	0.517625	0.826179	0.815825	0.2913	0.4186	0.5280	0.1250	0.5662	0.1963	0.6570
000453	V	0.589993	0.828913	0.822019	0.3096	0.4330	0.5800	0.1040	0.5939	0.1889	0.6817
000454	L	0.680713	0.829455	0.826674	0.3806	0.4901	0.5820	0.1070	0.6316	0.1659	0.6990
000455	S	0.747364	0.825905	0.830863	0.4651	0.5758	0.5800	0.0900	0.6708	0.1385	0.7082
000456	G	0.803042	0.833716	0.835073	0.4703	0.5992	0.6030	0.0630	0.6907	0.1406	0.7223
000457	L	0.827432	0.843823	0.838564	0.4749	0.5901	0.6230	0.0460	0.6996	0.1442	0.7307
000458	T	0.837015	0.846583	0.841745	0.5583	0.6806	0.6860	0.0700	0.7417	0.1084	0.7150
000459	L	0.833867	0.859478	0.844757	0.5549	0.6906	0.7220	0.0960	0.7509	0.1083	0.7061
000460	S	0.846065	0.874981	0.848729	0.5514	0.6755	0.7250	0.1130	0.7536	0.1156	0.6710
000461	P	0.860574	0.890989	0.853496	0.6255	0.7505	0.7220	0.1310	0.7839	0.0933	0.6288
000462	E	0.871391	0.911236	0.858714	0.6174	0.6712	0.7600	0.1240	0.7816	0.1084	0.5832
000463	Q	0.884410	0.924736	0.864010	0.6255	0.6991	0.7730	0.1220	0.7951	0.1065	0.5410
000464	G	0.896229	0.934974	0.868640	0.6334	0.7628	0.7670	0.1010	0.8105	0.1015	0.5035
000465	T	0.877295	0.940705	0.872568	0.7079	0.8313	0.7630	0.1070	0.8321	0.0772	0.4605
000466	N	0.864605	0.946810	0.875758	0.7192	0.8313	0.7680	0.1040	0.8343	0.0741	0.4281
000467	E	0.806431	0.951994	0.878586	0.7275	0.8421	0.7670	0.1010	0.8289	0.0735	0.3984
000468	K	0.745924	0.954549	0.881043	0.7869	0.8162	0.7810	0.0880	0.8275	0.0703	0.3786
000469	S	0.655172	0.959042	0.882901	0.8118	0.8162	0.8090	0.0720	0.8224	0.0919	0.3957
000470	N	0.558682	0.961264	0.884401	0.8242	0.8741	0.8110	0.0630	0.8189	0.1261	0.4075
000471	S	0.463873	0.963502	0.885798	0.8242	0.8765	0.8020	0.0730	0.8026	0.1599	0.4348
000472	Q	0.376081	0.964407	0.887030	0.7912	0.8530	0.8290	0.0640	0.7835	0.1899	0.4613
000473	V	0.304206	0.963243	0.888319	0.7817	0.8462	0.8450	0.0710	0.7715	0.2160	0.4990
000474	P	0.318087	0.964009	0.889819	0.7817	0.8462	0.8120	0.1180	0.7686	0.2097	0.5220
000475	Q	0.322051	0.966577	0.891971	0.7724	0.8681	0.7910	0.1420	0.7688	0.2099	0.5363
000476	Q	0.350523	0.966960	0.894643	0.7912	0.8894	0.7790	0.1580	0.7786	0.2019	0.5650
000477	S	0.412888	0.966695	0.897581	0.8118	0.8920	0.7730	0.1630	0.7924	0.1808	0.6023
000478	H	0.495060	0.968424	0.900633	0.8242	0.8279	0.7800	0.1530	0.7994	0.1490	0.6427
000479	F	0.578108	0.969195	0.903508	0.8391	0.7755	0.8180	0.1330	0.8140	0.1224	0.6838
000480	T	0.672577	0.969353	0.906060	0.8074	0.8085	0.7930	0.1260	0.8262	0.0933	0.6934
000481	K	0.742824	0.967443	0.907801	0.7605	0.8279	0.7890	0.1240	0.8326	0.0806	0.7065
000482	T	0.807692	0.964067	0.908479	0.7817	0.8313	0.8280	0.1190	0.8535	0.0628	0.7236
000483	T	0.793802	0.962031	0.908648	0.7912	0.8565	0.8510	0.1120	0.8604	0.0605	0.7393
000484	T	0.735021	0.958816	0.909421	0.8424	0.8462	0.8730	0.0970	0.8608	0.0689	0.7543
000485	G	0.729726	0.959309	0.911559	0.8391	0.8462	0.8870	0.0890	0.8621	0.0717	0.7851
000486	P	0.753239	0.957000	0.914063	0.7817	0.8462	0.8610	0.1110	0.8522	0.0703	0.8122
000487	P	0.769896	0.955714	0.915547	0.7869	0.8462	0.8450	0.1300	0.8533	0.0656	0.8338
000488	H	0.787018	0.954350	0.916101	0.8036	0.8493	0.8590	0.1200	0.8616	0.0587	0.8502
000489	L	0.792652	0.953255	0.916028	0.8001	0.8343	0.8710	0.1080	0.8612	0.0588	0.8590
000490	V	0.814131	0.953137	0.916116	0.8424	0.9039	0.8620	0.1140	0.8820	0.0470	0.8509
000491	P	0.825474	0.951034	0.915690	0.8350	0.9211	0.8370	0.1350	0.8809	0.0497	0.8396
000492	P	0.862729	0.946618	0.914469	0.8424	0.8872	0.8300	0.1370	0.8806	0.0405	0.8240
000493	Q	0.945600	0.938292	0.912376	0.8556	0.8872	0.8400	0.1370	0.8965	0.0396	0.8124
000494	P	0.994754	0.932800	0.909500	0.8118	0.8853	0.8220	0.1560	0.8927	0.0631	0.8034
000495	L	0.992584	0.927990	0.906753	0.8118	0.8235	0.8310	0.1490	0.8823	0.0657	0.7908
000496	P	0.992514	0.923345	0.903538	0.8036	0.8313	0.8030	0.1700	0.8762	0.0697	0.7645
000497	R	0.992258	0.916697	0.899835	0.7388	0.7250	0.8080	0.1640	0.8467	0.0974	0.7338
000498	R	0.983027	0.907042	0.894638	0.7232	0.6851	0.8170	0.1500	0.8350	0.1048	0.7091
000499	G	0.961932	0.896372	0.887310	0.6681	0.6661	0.8070	0.1460	0.8145	0.1135	0.6816
000500	T	0.927684	0.877933	0.875591	0.7034	0.7163	0.7500	0.1580	0.8084	0.0881	0.6574
000501	Q	0.866777	0.859750	0.860388	0.7458	0.6851	0.7470	0.1650	0.7941	0.0712	0.6567
000502	P	0.827666	0.836042	0.840426	0.7034	0.6482	0.7320	0.1630	0.7646	0.0744	0.6568
000503	V	0.769424	0.808347	0.817847	0.5802	0.5342	0.7590	0.1550	0.7115	0.1118	0.6577
000504	G	0.717307	0.787828	0.792563	0.5846	0.5342	0.7230	0.1560	0.6899	0.0977	0.6529
000505	S	0.684600	0.755501	0.767305	0.5126	0.4801	0.6840	0.1550	0.6473	0.1117	0.6412
000506	L	0.658491	0.700347	0.741886	0.5514	0.5493	0.6340	0.1770	0.6392	0.0713	0.6344
000507	E	0.644127	0.671879	0.715943	0.5043	0.5211	0.5430	0.1570	0.6000	0.0808	0.6190
000508	L	0.591137	0.604914	0.689513	0.4879	0.5139	0.4880	0.1850	0.5625	0.0733	0.6081
000509	K	0.523515	0.588419	0.663302	0.4703	0.5098	0.4320	0.2120	0.5311	0.0763	0.5818
000510	S	0.491970	0.600440	0.637292	0.4703	0.5098	0.3300	0.1580	0.5066	0.0989	0.5590
000511	A	0.438743	0.573938	0.611908	0.4749	0.4220	0.3150	0.1580	0.4727	0.0985	0.5359
000512	C	0.394387	0.547794	0.587591	0.4651	0.3460	0.3260	0.1350	0.4445	0.0982	0.4976
000513	Q	0.349476	0.512434	0.565308	0.3359	0.3182	0.3440	0.1170	0.4043	0.0969	0.4797
000514	V	0.298501	0.504542	0.543367	0.3053	0.3740	0.3570	0.1200	0.3972	0.0942	0.4660
000515	T	0.265979	0.510587	0.520380	0.3096	0.3807	0.3590	0.1010	0.3910	0.0953	0.4511
000516	A	0.209633	0.500589	0.495808	0.3005	0.3840	0.3640	0.0720	0.3758	0.1028	0.4427
000517	G	0.179179	0.495513	0.470858	0.3456	0.4582	0.3890	0.0930	0.3897	0.1070	0.4294
000518	G	0.173612	0.508339	0.446752	0.3263	0.4507	0.3520	0.0910	0.3762	0.1096	0.4213
000519	S	0.167974	0.504602	0.423365	0.3717	0.5342	0.3490	0.0990	0.3918	0.1200	0.4114
000520	S	0.160710	0.498546	0.400721	0.3578	0.5493	0.3450	0.1080	0.3853	0.1244	0.4086
000521	Q	0.165840	0.482372	0.378592	0.3578	0.4901	0.3490	0.1340	0.3707	0.1075	0.4084
000522	C	0.155341	0.484447	0.356584	0.3762	0.5211	0.3760	0.1390	0.3783	0.1168	0.4114
000523	Y	0.129050	0.482045	0.334909	0.4282	0.5992	0.3580	0.1420	0.3886	0.1448	0.4233
000524	R	0.077170	0.480124	0.312890	0.4116	0.5296	0.3130	0.1240	0.3541	0.1472	0.4278
000525	G	0.046378	0.484760	0.290885	0.4379	0.5055	0.3250	0.1310	0.3484	0.1562	0.4322
000526	H	0.040150	0.449977	0.267957	0.3939	0.4979	0.3140	0.1320	0.3273	0.1498	0.4401
000527	T	0.036694	0.416288	0.245383	0.3456	0.4441	0.2950	0.1210	0.2973	0.1346	0.4439
000528	N	0.024023	0.412047	0.223767	0.3359	0.4441	0.2810	0.1050	0.2868	0.1390	0.4495
000529	Q	0.013109	0.381902	0.204305	0.2748	0.4369	0.2390	0.0800	0.2584	0.1359	0.4549
000530	D	0.002576	0.333548	0.187108	0.2657	0.4507	0.2030	0.0670	0.2405	0.1380	0.4599
000531	H	0.002716	0.292564	0.174008	0.2657	0.4330	0.1870	0.0640	0.2259	0.1310	0.4617
000532	V	0.002683	0.272351	0.163876	0.2748	0.3631	0.1720	0.0670	0.2081	0.1141	0.4615
000533	H	0.002906	0.235532	0.158654	0.3535	0.4441	0.1280	0.0490	0.2204	0.1459	0.4597
000534	A	0.003089	0.214211	0.155899	0.3762	0.5296	0.1040	0.0410	0.2304	0.1753	0.4588
000535	V	0.003418	0.209138	0.155741	0.3668	0.4619	0.0870	0.0290	0.2140	0.1575	0.4568
000536	W	0.003597	0.202634	0.155207	0.3762	0.4652	0.0900	0.0270	0.2155	0.1595	0.4549
000537	K	0.004769	0.200263	0.154611	0.3053	0.4541	0.1030	0.0360	0.2037	0.1444	0.4493
000538	I	0.007284	0.215154	0.154839	0.3146	0.4476	0.1300	0.0480	0.2116	0.1402	0.4450
000539	T	0.007896	0.230368	0.155945	0.3096	0.3740	0.1310	0.0480	0.2015	0.1203	0.4407
000540	S	0.010438	0.239420	0.157891	0.3146	0.3840	0.1310	0.0460	0.2061	0.1231	0.4376
000541	E	0.013820	0.243675	0.162736	0.2292	0.3667	0.1310	0.0580	0.1913	0.1087	0.4351
000542	A	0.056305	0.284945	0.169308	0.2432	0.2680	0.1430	0.0600	0.1942	0.0799	0.4339
000543	I	0.141108	0.311398	0.177893	0.3005	0.3494	0.1550	0.0620	0.2392	0.0833	0.4337
000544	G	0.227259	0.333400	0.182817	0.2209	0.3426	0.1420	0.0540	0.2415	0.0738	0.4329
000545	Q	0.314486	0.352431	0.185518	0.2786	0.3740	0.1610	0.0640	0.2777	0.0800	0.4313
000546	L	0.400806	0.377707	0.185079	0.3311	0.4220	0.1720	0.0670	0.3148	0.1003	0.4293
000547	H	0.487128	0.382688	0.183974	0.4116	0.4541	0.1930	0.0790	0.3521	0.1202	0.4270
000548	R	0.570563	0.390596	0.182221	0.4149	0.4087	0.2030	0.0660	0.3617	0.1335	0.4245
000549	S	0.655211	0.420305	0.180821	0.4037	0.4652	0.2490	0.0740	0.3957	0.1530	0.4228
000550	L	0.741592	0.458962	0.180149	0.3311	0.4766	0.2920	0.0920	0.4134	0.1778	0.4209
000551	E	0.788872	0.473641	0.180207	0.3005	0.4901	0.2700	0.1100	0.4173	0.1992	0.4178
000552	S	0.791214	0.507310	0.180590	0.2963	0.5055	0.2640	0.1030	0.4242	0.2039	0.4153
000553	C	0.794574	0.523905	0.182840	0.3263	0.5055	0.2410	0.0930	0.4290	0.2062	0.4126
000554	P	0.797965	0.497034	0.186923	0.4149	0.5951	0.1890	0.0650	0.4468	0.2171	0.4125
000555	G	0.802802	0.473201	0.193012	0.3847	0.5098	0.1750	0.0510	0.4231	0.2121	0.4131
000556	E	0.801434	0.473379	0.198871	0.3847	0.5055	0.1470	0.0380	0.4185	0.2161	0.4150
000557	T	0.804476	0.435270	0.202794	0.3717	0.5139	0.1390	0.0320	0.4112	0.2179	0.4166
000558	V	0.780460	0.405924	0.204284	0.3668	0.5382	0.1340	0.0310	0.4049	0.2137	0.4205
000559	V	0.735440	0.392895	0.203301	0.3096	0.4685	0.1170	0.0310	0.3711	0.1997	0.4247
000560	A	0.717408	0.408601	0.201432	0.3399	0.4087	0.1110	0.0360	0.3644	0.1915	0.4273
000561	E	0.657119	0.400435	0.198802	0.3359	0.4051	0.1200	0.0340	0.3528	0.1713	0.4287
000562	D	0.593441	0.392929	0.196460	0.2531	0.3948	0.1310	0.0350	0.3269	0.1533	0.4323
000563	P	0.508643	0.379905	0.194783	0.1732	0.4017	0.1090	0.0270	0.2945	0.1436	0.4316
000564	A	0.420111	0.355656	0.193274	0.2432	0.4940	0.0890	0.0220	0.2992	0.1380	0.4299
000565	G	0.337571	0.329110	0.192507	0.2167	0.4652	0.0800	0.0200	0.2701	0.1233	0.4322
000566	L	0.251188	0.304859	0.192285	0.2080	0.4441	0.0790	0.0200	0.2465	0.1118	0.4323
000567	K	0.187924	0.296191	0.192426	0.2041	0.3631	0.0690	0.0160	0.2189	0.0922	0.4281
000568	V	0.144565	0.290610	0.192011	0.1766	0.3426	0.0670	0.0150	0.2023	0.0911	0.4247
000569	P	0.079315	0.274325	0.190551	0.1732	0.3087	0.0620	0.0150	0.1814	0.0910	0.4213
000570	L	0.076355	0.253869	0.188425	0.2167	0.2918	0.0670	0.0160	0.1824	0.0845	0.4202
000571	L	0.050903	0.230979	0.185253	0.1732	0.2470	0.0700	0.0230	0.1595	0.0747	0.4224
000572	L	0.045871	0.215530	0.178946	0.1088	0.1554	0.0750	0.0250	0.1299	0.0591	0.4276
000573	H	0.043904	0.205282	0.170729	0.0607	0.1501	0.0810	0.0220	0.1185	0.0600	0.4303
000574	Q	0.040675	0.205680	0.160190	0.0308	0.1349	0.0810	0.0310	0.1089	0.0635	0.4219
000575	K	0.044661	0.190114	0.152090	0.0395	0.1449	0.0670	0.0280	0.1063	0.0584	0.4105
000576	Q	0.046770	0.174955	0.145928	0.0414	0.1476	0.0560	0.0250	0.1022	0.0550	0.3968
000577	A	0.050788	0.150965	0.143250	0.0723	0.2002	0.0580	0.0320	0.1125	0.0556	0.3806
000578	L	0.056004	0.138553	0.142183	0.0744	0.2292	0.0510	0.0230	0.1153	0.0626	0.3648
000579	A	0.044451	0.124195	0.141684	0.1117	0.2849	0.0500	0.0180	0.1262	0.0797	0.3517
000580	W	0.057098	0.109245	0.140724	0.1150	0.2575	0.0510	0.0160	0.1217	0.0686	0.3411
000581	L	0.068433	0.116887	0.138643	0.1732	0.3182	0.0540	0.0160	0.1448	0.0874	0.3387
000582	L	0.067040	0.133220	0.135506	0.2432	0.3087	0.0660	0.0210	0.1590	0.0892	0.3413
000583	W	0.065479	0.175399	0.131588	0.3225	0.3019	0.1000	0.0370	0.1829	0.0974	0.3481
000584	R	0.060559	0.225403	0.126544	0.2333	0.2752	0.1350	0.0550	0.1760	0.0742	0.3622
000585	E	0.058342	0.269518	0.123120	0.1532	0.2752	0.1640	0.0520	0.1739	0.0773	0.3740
000586	S	0.052936	0.332313	0.122808	0.1322	0.2817	0.1980	0.0370	0.1867	0.0960	0.3878
000587	Q	0.050883	0.386961	0.128191	0.1292	0.2503	0.2070	0.0520	0.1921	0.1077	0.4023
000588	K	0.054918	0.416960	0.141229	0.1566	0.2680	0.2230	0.0630	0.2102	0.1140	0.4128
000589	P	0.067815	0.438837	0.160673	0.2041	0.2609	0.1950	0.0490	0.2213	0.1134	0.4206
000590	Q	0.135513	0.448267	0.184699	0.2385	0.2783	0.1800	0.0340	0.2442	0.1019	0.4276
000591	G	0.187278	0.441153	0.208513	0.2333	0.3599	0.1380	0.0210	0.2614	0.1050	0.4298
000592	G	0.228784	0.433830	0.231623	0.3225	0.4256	0.1180	0.0200	0.2933	0.1132	0.4279
000593	I	0.245327	0.427461	0.253034	0.3992	0.4119	0.1080	0.0210	0.3076	0.1156	0.4246
000594	L	0.260092	0.416383	0.270163	0.4749	0.5017	0.1050	0.0250	0.3381	0.1393	0.4184
000595	A	0.276977	0.401682	0.282375	0.3885	0.4725	0.1340	0.0680	0.3260	0.1098	0.4144
000596	D	0.270163	0.403335	0.290499	0.3668	0.3807	0.1450	0.0740	0.3094	0.0877	0.4101
000597	D	0.254792	0.409233	0.298268	0.3491	0.3631	0.1550	0.0740	0.3050	0.0828	0.4064
000598	M	0.229479	0.395430	0.308535	0.2748	0.2884	0.1690	0.0860	0.2776	0.0696	0.4018
000599	G	0.150408	0.410961	0.322154	0.2531	0.2129	0.1720	0.0800	0.2536	0.0898	0.4032
000600	L	0.099612	0.397969	0.339179	0.1667	0.1323	0.1480	0.0430	0.2139	0.1125	0.4041
000601	G	0.060410	0.388020	0.357215	0.1240	0.1275	0.1380	0.0350	0.1993	0.1254	0.4062
000602	K	0.046407	0.384975	0.375385	0.0858	0.1323	0.1400	0.0380	0.1942	0.1351	0.4112
000603	T	0.034708	0.405709	0.391886	0.0789	0.1275	0.1420	0.0400	0.1967	0.1470	0.4157
000604	L	0.021161	0.417631	0.407375	0.1416	0.1969	0.1460	0.0340	0.2217	0.1448	0.4183
000605	T	0.020569	0.399826	0.422555	0.2080	0.2715	0.1580	0.0370	0.2467	0.1388	0.4239
000606	M	0.019646	0.387135	0.438300	0.2333	0.3053	0.1690	0.0330	0.2587	0.1396	0.4256
000607	I	0.019212	0.342908	0.453829	0.2333	0.2951	0.1760	0.0440	0.2534	0.1361	0.4313
000608	A	0.018564	0.372173	0.468332	0.2432	0.2884	0.1910	0.0570	0.2636	0.1414	0.4297
000609	L	0.021220	0.347870	0.481782	0.2558	0.3249	0.2410	0.0790	0.2788	0.1393	0.4205
000610	I	0.019538	0.402707	0.494039	0.2385	0.3392	0.3230	0.0750	0.3029	0.1487	0.4107
000611	L	0.018384	0.519534	0.504773	0.3311	0.4087	0.4050	0.0860	0.3645	0.1674	0.3981
000612	T	0.016406	0.562731	0.514953	0.3359	0.4220	0.5060	0.0990	0.3931	0.1837	0.3835
000613	Q	0.014362	0.630796	0.526447	0.3359	0.4220	0.5810	0.1230	0.4184	0.2054	0.3710
000614	K	0.013368	0.693233	0.539140	0.3535	0.4186	0.6020	0.1130	0.4367	0.2199	0.3585
000615	N	0.014585	0.721560	0.553662	0.4149	0.4979	0.6470	0.1310	0.4749	0.2282	0.3452
000616	Q	0.014793	0.754303	0.566822	0.4203	0.4766	0.7090	0.1620	0.4903	0.2431	0.3344
000617	E	0.015280	0.787156	0.576571	0.4282	0.4256	0.7250	0.1700	0.4929	0.2530	0.3253
000618	K	0.012346	0.806139	0.579625	0.4703	0.5098	0.7160	0.1810	0.5157	0.2530	0.3233
000619	K	0.029973	0.814458	0.574883	0.4149	0.4409	0.6730	0.1920	0.4914	0.2469	0.3205
000620	E	0.084262	0.821122	0.563402	0.4600	0.4369	0.6090	0.1890	0.4957	0.2226	0.3271
000621	E	0.125128	0.805442	0.547615	0.4458	0.5098	0.5530	0.1900	0.4978	0.2008	0.3376
000622	K	0.169797	0.798524	0.530400	0.4333	0.5901	0.5140	0.2090	0.5060	0.1878	0.3491
000623	E	0.200322	0.788314	0.514294	0.4379	0.5992	0.4680	0.2080	0.5013	0.1769	0.3622
000624	K	0.270316	0.753232	0.499072	0.4245	0.6043	0.4410	0.1870	0.4987	0.1511	0.3746
000625	S	0.277399	0.703928	0.488089	0.4333	0.6043	0.3550	0.1550	0.4770	0.1440	0.3868
000626	T	0.283015	0.644277	0.480479	0.4333	0.5017	0.2900	0.1270	0.4387	0.1255	0.4001
000627	A	0.284543	0.591617	0.475284	0.4282	0.5055	0.2400	0.1150	0.4208	0.1230	0.4154
000628	L	0.266061	0.520804	0.468528	0.3263	0.3910	0.2010	0.0950	0.3623	0.1109	0.4241
000629	T	0.210404	0.489889	0.458655	0.3311	0.3983	0.1960	0.1050	0.3474	0.1134	0.4301
000630	W	0.167833	0.448928	0.445626	0.2700	0.3983	0.2450	0.1100	0.3292	0.1075	0.4310
000631	L	0.121518	0.467006	0.429665	0.2531	0.3872	0.2750	0.1110	0.3222	0.1184	0.4285
000632	S	0.089367	0.487834	0.412814	0.2333	0.3774	0.3130	0.1200	0.3189	0.1296	0.4163
000633	K	0.017753	0.499431	0.395793	0.2292	0.3807	0.3380	0.1240	0.3101	0.1533	0.4042
000634	D	0.009811	0.509348	0.380742	0.2167	0.2951	0.3610	0.1260	0.2954	0.1555	0.3926
000635	D	0.003355	0.516568	0.367393	0.2209	0.2193	0.4090	0.1350	0.2894	0.1650	0.3861
000636	S	0.000636	0.523256	0.354150	0.1635	0.1528	0.3440	0.1230	0.2564	0.1699	0.3844
000637	C	0.001262	0.504428	0.339847	0.1292	0.1028	0.2640	0.1270	0.2236	0.1668	0.3859
000638	D	0.001626	0.455037	0.324355	0.1018	0.1349	0.1620	0.0840	0.1967	0.1501	0.3865
000639	F	0.001838	0.406749	0.309530	0.0965	0.1731	0.1440	0.0750	0.1886	0.1341	0.3916
000640	T	0.002072	0.366224	0.295424	0.1178	0.1702	0.1110	0.0580	0.1772	0.1213	0.3934
000641	S	0.002088	0.318617	0.282966	0.1456	0.1852	0.1230	0.0640	0.1762	0.1048	0.3964
000642	H	0.002083	0.265955	0.271948	0.2041	0.1791	0.1190	0.0640	0.1736	0.0927	0.4089
000643	G	0.002085	0.227829	0.262267	0.1349	0.1881	0.0950	0.0440	0.1516	0.0869	0.4250
000644	T	0.002088	0.183429	0.251901	0.0965	0.1942	0.0720	0.0300	0.1333	0.0843	0.4238
000645	L	0.002121	0.160473	0.241134	0.0884	0.1184	0.0580	0.0230	0.1114	0.0759	0.4016
000646	I	0.001783	0.157336	0.228921	0.0884	0.1137	0.0440	0.0190	0.1057	0.0739	0.3832
000647	I	0.001455	0.157193	0.215511	0.0464	0.1229	0.0430	0.0180	0.0977	0.0741	0.3732
000648	C	0.001360	0.144758	0.202337	0.0813	0.1881	0.0550	0.0230	0.1121	0.0724	0.3691
000649	P	0.001951	0.141078	0.191058	0.0832	0.1323	0.0630	0.0240	0.1020	0.0610	0.3638
000650	A	0.002548	0.124884	0.182900	0.1266	0.2258	0.0920	0.0440	0.1258	0.0702	0.3582
000651	S	0.003170	0.104270	0.178204	0.0965	0.2224	0.0970	0.0540	0.1169	0.0693	0.3517
000652	L	0.004316	0.101495	0.176555	0.0991	0.2224	0.0970	0.0490	0.1169	0.0687	0.3457
000653	I	0.005850	0.112751	0.177978	0.1088	0.1671	0.1020	0.0370	0.1124	0.0559	0.3494
000654	H	0.010410	0.150063	0.179277	0.1060	0.1759	0.1080	0.0250	0.1217	0.0575	0.3595
000655	H	0.016736	0.199565	0.179974	0.0789	0.1702	0.1470	0.0390	0.1321	0.0641	0.3763
000656	W	0.082812	0.282277	0.178779	0.1178	0.2470	0.2120	0.0810	0.1868	0.0696	0.4019
000657	K	0.144622	0.359857	0.177280	0.1602	0.3215	0.2290	0.0950	0.2321	0.0818	0.4331
000658	N	0.153941	0.433613	0.176343	0.2167	0.3249	0.2620	0.1090	0.2612	0.0953	0.4051
000659	E	0.163501	0.523096	0.176384	0.3096	0.3983	0.2950	0.1210	0.3110	0.1243	0.3859
000660	V	0.164230	0.567774	0.175945	0.1878	0.3117	0.3200	0.0990	0.2879	0.1401	0.3675
000661	E	0.164439	0.563026	0.176758	0.2167	0.2541	0.3370	0.1010	0.2854	0.1366	0.3447
000662	K	0.165334	0.585184	0.177752	0.1698	0.1852	0.3680	0.1110	0.2752	0.1557	0.3313
000663	R	0.182065	0.607401	0.179518	0.1766	0.1791	0.4080	0.1260	0.2888	0.1652	0.3244
000664	V	0.216139	0.557442	0.179396	0.1766	0.2575	0.4200	0.1380	0.3013	0.1411	0.3298
000665	N	0.237210	0.508544	0.179614	0.1322	0.2503	0.3700	0.1320	0.2796	0.1258	0.3387
000666	S	0.259321	0.495287	0.179865	0.1349	0.2715	0.2740	0.1050	0.2691	0.1135	0.3530
000667	N	0.341177	0.435167	0.179945	0.2167	0.3704	0.2240	0.0940	0.2946	0.0930	0.3722
000668	K	0.441517	0.372151	0.178485	0.2385	0.3704	0.1870	0.1000	0.2980	0.1013	0.3983
000669	L	0.539655	0.316456	0.176894	0.2483	0.3631	0.1600	0.0850	0.3007	0.1286	0.4255
000670	R	0.637793	0.281381	0.175440	0.2432	0.3494	0.1500	0.0720	0.3061	0.1623	0.4223
000671	V	0.734845	0.231661	0.174759	0.3005	0.4087	0.1410	0.0600	0.3318	0.2002	0.4040
000672	Y	0.809333	0.209199	0.174130	0.3005	0.3704	0.1570	0.0610	0.3368	0.2239	0.3883
000673	L	0.864355	0.217605	0.173675	0.2913	0.3704	0.1940	0.0980	0.3519	0.2385	0.3852
000674	Y	0.872702	0.253394	0.172395	0.2602	0.3149	0.2330	0.1280	0.3510	0.2371	0.3938
000675	H	0.829568	0.324705	0.169926	0.3225	0.2988	0.2860	0.1440	0.3719	0.2112	0.4109
000676	G	0.769217	0.387972	0.166213	0.2602	0.2849	0.2960	0.1350	0.3607	0.1939	0.4255
000677	P	0.671967	0.436445	0.162001	0.1921	0.2884	0.2610	0.1190	0.3353	0.1741	0.4296
000678	N	0.585756	0.495522	0.158420	0.1921	0.1969	0.2490	0.1040	0.3129	0.1652	0.4196
000679	R	0.503724	0.526107	0.155502	0.1844	0.2034	0.2210	0.0750	0.2990	0.1541	0.4163
000680	D	0.426611	0.551432	0.153596	0.2080	0.2002	0.2090	0.0660	0.2915	0.1454	0.4120
000681	S	0.359078	0.537480	0.151482	0.2167	0.1501	0.1950	0.0570	0.2683	0.1392	0.4108
000682	R	0.292573	0.535609	0.148028	0.1958	0.1323	0.2050	0.0580	0.2515	0.1370	0.4127
000683	A	0.229025	0.443399	0.142159	0.2080	0.2002	0.1960	0.0550	0.2365	0.0962	0.4165
000684	R	0.206585	0.352210	0.134827	0.1958	0.2752	0.1680	0.0400	0.2221	0.0722	0.4237
000685	V	0.190869	0.281488	0.127805	0.2657	0.2715	0.1410	0.0320	0.2130	0.0631	0.4337
000686	L	0.189809	0.219453	0.122333	0.2657	0.2645	0.1160	0.0240	0.1962	0.0606	0.4214
000687	S	0.183680	0.172902	0.118671	0.1958	0.1914	0.1120	0.0290	0.1625	0.0340	0.4128
000688	T	0.185432	0.155386	0.116879	0.1805	0.1229	0.1220	0.0390	0.1473	0.0282	0.4029
000689	Y	0.167552	0.142007	0.117370	0.1266	0.1007	0.1260	0.0470	0.1301	0.0208	0.3927
000690	D	0.149699	0.123678	0.119822	0.0965	0.0985	0.0960	0.0320	0.1140	0.0195	0.3889
000691	I	0.121663	0.109406	0.124755	0.0813	0.1007	0.0800	0.0230	0.1029	0.0177	0.3854
000692	V	0.091372	0.109402	0.127913	0.0789	0.0631	0.0770	0.0220	0.0913	0.0217	0.3840
000693	I	0.073188	0.102983	0.129793	0.0858	0.0734	0.0860	0.0320	0.0919	0.0197	0.3888
000694	T	0.057427	0.095728	0.130002	0.0607	0.0870	0.0990	0.0390	0.0883	0.0246	0.3937
000695	T	0.046533	0.107333	0.131754	0.0723	0.0929	0.1080	0.0320	0.0931	0.0274	0.3977
000696	Y	0.050857	0.109047	0.132972	0.1018	0.1275	0.1330	0.0300	0.1093	0.0287	0.4029
000697	S	0.047879	0.115494	0.132926	0.1495	0.1914	0.1280	0.0300	0.1276	0.0430	0.4133
000698	L	0.059614	0.148845	0.132829	0.1416	0.2034	0.1570	0.0590	0.1406	0.0426	0.4225
000699	V	0.078563	0.213216	0.134159	0.1456	0.1791	0.1760	0.0700	0.1544	0.0424	0.4283
000700	A	0.116981	0.276229	0.136861	0.2167	0.2680	0.2520	0.1120	0.2112	0.0627	0.4069
000701	K	0.154889	0.349637	0.139963	0.1766	0.1881	0.3190	0.1550	0.2214	0.0819	0.3867
000702	E	0.194364	0.428299	0.142847	0.2657	0.2918	0.4100	0.2080	0.2888	0.1040	0.3651
000703	I	0.260054	0.453438	0.145614	0.2209	0.3460	0.4890	0.2090	0.3192	0.1232	0.3453
000704	P	0.318754	0.489435	0.148357	0.3399	0.4017	0.5040	0.2000	0.3670	0.1196	0.3283
000705	T	0.370665	0.528586	0.151509	0.3456	0.4087	0.5730	0.1950	0.3963	0.1366	0.3130
000706	N	0.440012	0.571413	0.155016	0.3096	0.3321	0.6010	0.1810	0.4015	0.1549	0.2959
000707	K	0.510064	0.578156	0.158215	0.3806	0.4256	0.5430	0.1800	0.4327	0.1399	0.2832
000708	Q	0.573940	0.595692	0.160602	0.2913	0.3740	0.4950	0.1630	0.4152	0.1560	0.2740
000709	E	0.626018	0.605516	0.161977	0.3535	0.4619	0.4360	0.1620	0.4408	0.1567	0.2686
000710	A	0.681001	0.589238	0.162553	0.3359	0.5211	0.3820	0.1480	0.4453	0.1722	0.2667
000711	E	0.736166	0.549328	0.161756	0.3717	0.5533	0.3170	0.1220	0.4483	0.1867	0.2660
000712	I	0.761738	0.517918	0.160249	0.3806	0.5493	0.2680	0.0980	0.4396	0.1970	0.2680
000713	P	0.789348	0.490813	0.158583	0.3717	0.5382	0.2390	0.0830	0.4312	0.2075	0.2709
000714	G	0.820174	0.455272	0.157792	0.4651	0.6806	0.2520	0.0900	0.4718	0.2282	0.2726
000715	A	0.826660	0.451670	0.157092	0.4379	0.5419	0.2570	0.0990	0.4454	0.2134	0.2745
000716	N	0.831918	0.441210	0.156255	0.4651	0.4541	0.2520	0.0890	0.4335	0.2121	0.2775
000717	L	0.763178	0.433870	0.155144	0.4037	0.4441	0.2540	0.1040	0.4089	0.1897	0.2852
000718	N	0.685206	0.452713	0.153973	0.3399	0.3631	0.2650	0.1180	0.3767	0.1656	0.2883
000719	V	0.602479	0.458505	0.152427	0.3359	0.3321	0.2530	0.1420	0.3558	0.1439	0.2947
000720	E	0.509984	0.422930	0.149250	0.2432	0.2292	0.2320	0.1170	0.2978	0.1257	0.2998
000721	G	0.419635	0.400905	0.144802	0.2531	0.2258	0.1950	0.0890	0.2732	0.1024	0.3140
000722	T	0.332619	0.352374	0.139256	0.1732	0.2193	0.1600	0.0650	0.2295	0.0836	0.3302
000723	S	0.239773	0.292941	0.135205	0.2385	0.2129	0.1290	0.0510	0.2081	0.0588	0.3468
000724	T	0.165333	0.231286	0.133018	0.2041	0.1275	0.1260	0.0400	0.1645	0.0406	0.3640
000725	P	0.091671	0.186555	0.132746	0.1292	0.0799	0.1060	0.0250	0.1211	0.0348	0.3833
000726	L	0.082531	0.138814	0.133144	0.1018	0.0967	0.0930	0.0200	0.1077	0.0209	0.4052
000727	L	0.070523	0.119531	0.133859	0.0607	0.0967	0.0770	0.0200	0.0931	0.0264	0.4269
000728	R	0.059431	0.097168	0.134765	0.1041	0.1275	0.0730	0.0190	0.0994	0.0269	0.4241
000729	I	0.057869	0.080033	0.135788	0.1060	0.1229	0.0730	0.0190	0.0959	0.0278	0.4053
000730	A	0.057391	0.071564	0.136986	0.1266	0.1759	0.0660	0.0200	0.1057	0.0437	0.3864
000731	W	0.057933	0.069497	0.138296	0.1150	0.1206	0.0650	0.0180	0.0943	0.0313	0.3688
000732	A	0.065083	0.061178	0.139290	0.1117	0.1229	0.0590	0.0160	0.0931	0.0326	0.3733
000733	R	0.057239	0.064277	0.139710	0.0701	0.1298	0.0530	0.0130	0.0857	0.0353	0.3790
000734	I	0.053918	0.072765	0.139428	0.0660	0.1528	0.0560	0.0150	0.0901	0.0403	0.3871
000735	I	0.039869	0.093308	0.138871	0.0643	0.1528	0.0580	0.0140	0.0911	0.0420	0.3974
000736	L	0.040980	0.117711	0.138036	0.0621	0.0948	0.0640	0.0170	0.0862	0.0339	0.4128
000737	D	0.041664	0.166448	0.137411	0.0965	0.1528	0.0790	0.0200	0.1123	0.0439	0.4317
000738	E	0.076287	0.207451	0.137333	0.0935	0.2258	0.1110	0.0340	0.1419	0.0562	0.4043
000739	A	0.104069	0.256907	0.136907	0.0935	0.2224	0.1590	0.0450	0.1621	0.0596	0.3793
000740	H	0.108473	0.302643	0.135832	0.1495	0.2193	0.1890	0.0720	0.1842	0.0640	0.3529
000741	N	0.105318	0.372181	0.133202	0.1732	0.2224	0.2590	0.1100	0.2109	0.0886	0.3181
000742	V	0.100718	0.414273	0.130534	0.1532	0.2609	0.3020	0.1380	0.2269	0.1099	0.2868
000743	K	0.094716	0.462362	0.128101	0.1532	0.2129	0.2960	0.1370	0.2245	0.1245	0.2665
000744	N	0.100143	0.495207	0.126581	0.1060	0.2129	0.2790	0.1260	0.2199	0.1386	0.2420
000745	P	0.106479	0.476694	0.125567	0.1041	0.2193	0.2410	0.1120	0.2122	0.1299	0.2209
000746	R	0.113903	0.421840	0.124845	0.1635	0.3053	0.2160	0.1020	0.2242	0.1091	0.2014
000747	V	0.091630	0.355823	0.124443	0.1532	0.3566	0.1690	0.0770	0.2085	0.1072	0.1828
000748	Q	0.101419	0.278341	0.124204	0.1495	0.2817	0.1170	0.0390	0.1753	0.0754	0.1669
000749	T	0.143253	0.215223	0.124727	0.1205	0.2470	0.0960	0.0270	0.1578	0.0544	0.1528
000750	S	0.141503	0.169085	0.125556	0.0858	0.2752	0.0730	0.0190	0.1451	0.0665	0.1394
000751	I	0.139977	0.133053	0.126661	0.0701	0.1731	0.0670	0.0210	0.1183	0.0381	0.1285
000752	A	0.133442	0.118923	0.127234	0.0744	0.1399	0.0530	0.0150	0.1078	0.0325	0.1260
000753	V	0.128682	0.098016	0.127658	0.0701	0.1424	0.0560	0.0200	0.1038	0.0320	0.1224
000754	C	0.127775	0.082500	0.127672	0.0554	0.1424	0.0470	0.0100	0.0971	0.0374	0.1204
000755	K	0.122184	0.074325	0.127441	0.0363	0.1349	0.0420	0.0130	0.0895	0.0407	0.1256
000756	L	0.113126	0.065361	0.125622	0.0286	0.1206	0.0400	0.0120	0.0822	0.0393	0.1291
000757	Q	0.077335	0.058540	0.122863	0.0279	0.1399	0.0360	0.0110	0.0770	0.0419	0.1331
000758	A	0.034769	0.054355	0.119285	0.0425	0.1206	0.0340	0.0110	0.0676	0.0376	0.1416
000759	C	0.033362	0.054306	0.115743	0.0502	0.1206	0.0400	0.0160	0.0690	0.0354	0.1511
000760	A	0.031332	0.054756	0.111652	0.0274	0.1251	0.0410	0.0170	0.0652	0.0388	0.1662
000761	R	0.030233	0.060525	0.106710	0.0268	0.1373	0.0440	0.0190	0.0676	0.0410	0.1802
000762	W	0.029214	0.072860	0.101506	0.0478	0.1424	0.0480	0.0210	0.0737	0.0383	0.1942
000763	A	0.021935	0.089070	0.096551	0.0567	0.1070	0.0470	0.0180	0.0698	0.0301	0.1969
000764	V	0.019906	0.099620	0.091296	0.0502	0.1501	0.0490	0.0170	0.0766	0.0425	0.2018
000765	T	0.016406	0.120175	0.085844	0.0478	0.1914	0.0480	0.0160	0.0850	0.0577	0.2045
000766	G	0.016367	0.142565	0.080199	0.0478	0.1298	0.0590	0.0140	0.0794	0.0445	0.2115
000767	T	0.012882	0.151773	0.074759	0.0677	0.1881	0.0740	0.0190	0.0948	0.0581	0.2232
000768	P	0.010685	0.172537	0.069673	0.0395	0.1229	0.0720	0.0160	0.0813	0.0532	0.2333
000769	I	0.009222	0.206789	0.065077	0.0490	0.0909	0.0750	0.0120	0.0826	0.0611	0.2429
000770	Q	0.008557	0.228891	0.062235	0.0526	0.1373	0.0650	0.0140	0.0925	0.0718	0.2539
000771	N	0.007677	0.225961	0.061023	0.0395	0.0909	0.0680	0.0180	0.0821	0.0693	0.2650
000772	N	0.006760	0.226957	0.062003	0.0387	0.0568	0.0660	0.0190	0.0763	0.0703	0.2882
000773	L	0.005373	0.203508	0.063454	0.0363	0.1070	0.0670	0.0190	0.0805	0.0631	0.3202
000774	L	0.004750	0.165185	0.067026	0.0279	0.0799	0.0590	0.0160	0.0673	0.0504	0.3582
000775	D	0.002499	0.137412	0.069904	0.0441	0.1137	0.0510	0.0150	0.0697	0.0448	0.3854
000776	M	0.003223	0.120086	0.072549	0.0304	0.1298	0.0480	0.0130	0.0673	0.0458	0.4131
000777	Y	0.003770	0.103754	0.072851	0.0304	0.0734	0.0480	0.0120	0.0553	0.0325	0.4245
000778	S	0.004161	0.100596	0.072979	0.0405	0.0734	0.0440	0.0100	0.0559	0.0307	0.4326
000779	L	0.004260	0.102952	0.073993	0.0160	0.0646	0.0440	0.0120	0.0510	0.0338	0.4230
000780	L	0.004171	0.102551	0.075040	0.0327	0.0605	0.0420	0.0100	0.0528	0.0314	0.4226
000781	K	0.004576	0.105625	0.076021	0.0336	0.0631	0.0400	0.0080	0.0538	0.0324	0.4246
000782	F	0.004489	0.106477	0.077669	0.0179	0.0364	0.0490	0.0100	0.0487	0.0347	0.4336
000783	L	0.004580	0.114730	0.081200	0.0182	0.0191	0.0520	0.0130	0.0483	0.0391	0.4118
000784	R	0.004774	0.121913	0.087573	0.0194	0.0294	0.0580	0.0190	0.0535	0.0408	0.3860
000785	C	0.004585	0.121836	0.095365	0.0182	0.0463	0.0700	0.0210	0.0593	0.0412	0.3629
000786	S	0.006645	0.126174	0.104358	0.0179	0.0473	0.0860	0.0200	0.0647	0.0441	0.3538
000787	P	0.009900	0.144707	0.115588	0.0245	0.0380	0.1000	0.0270	0.0722	0.0504	0.3452
000788	F	0.016700	0.161060	0.129589	0.0478	0.0646	0.1240	0.0370	0.0907	0.0510	0.3411
000789	D	0.022841	0.177582	0.144774	0.0297	0.0719	0.1340	0.0460	0.0969	0.0589	0.3298
000790	E	0.033832	0.196007	0.160484	0.0490	0.1162	0.1380	0.0500	0.1155	0.0579	0.3210
000791	F	0.034232	0.216983	0.176388	0.0858	0.1702	0.1450	0.0550	0.1382	0.0610	0.3193
000792	N	0.036044	0.216092	0.193931	0.0884	0.1731	0.1400	0.0470	0.1412	0.0623	0.3136
000793	L	0.051336	0.234997	0.212755	0.1456	0.2680	0.1600	0.0410	0.1788	0.0707	0.3134
000794	W	0.079405	0.279546	0.233486	0.2080	0.3460	0.1810	0.0480	0.2213	0.0827	0.3142
000795	R	0.137666	0.325939	0.257063	0.2122	0.3494	0.2070	0.0470	0.2482	0.0725	0.3094
000796	S	0.177686	0.364953	0.282855	0.2820	0.4330	0.2510	0.0510	0.2985	0.0816	0.3049
000797	Q	0.175395	0.433690	0.309435	0.2913	0.4369	0.2970	0.0820	0.3239	0.0903	0.2971
000798	V	0.192215	0.492134	0.335698	0.2602	0.3321	0.3490	0.1490	0.3269	0.0917	0.2918
000799	D	0.203823	0.547591	0.362192	0.3578	0.4292	0.3670	0.1510	0.3780	0.1021	0.2884
000800	N	0.306131	0.578360	0.388772	0.2865	0.3460	0.3920	0.1480	0.3829	0.0956	0.2911
000801	G	0.409456	0.617840	0.415204	0.2820	0.2715	0.4120	0.1440	0.4013	0.1143	0.2938
000802	S	0.430632	0.646833	0.440573	0.3005	0.3740	0.4190	0.1420	0.4353	0.1057	0.2984
000803	K	0.422991	0.678062	0.465536	0.2255	0.3631	0.4030	0.1120	0.4263	0.1353	0.3062
000804	K	0.377827	0.700694	0.490918	0.3146	0.4292	0.3880	0.0990	0.4503	0.1240	0.3097
000805	G	0.425776	0.698505	0.514665	0.4203	0.4619	0.3890	0.1130	0.4851	0.1032	0.3140
000806	G	0.529073	0.681777	0.538280	0.4282	0.3872	0.3940	0.1080	0.4931	0.1034	0.3239
000807	E	0.614291	0.658567	0.561040	0.3578	0.3215	0.3860	0.1170	0.4832	0.1325	0.3358
000808	R	0.701875	0.636889	0.584219	0.2820	0.3117	0.4100	0.1240	0.4878	0.1616	0.3522
000809	L	0.709952	0.613922	0.604735	0.2820	0.3740	0.3720	0.1090	0.4928	0.1568	0.3658
000810	S	0.714948	0.584708	0.623118	0.3005	0.3704	0.3130	0.0840	0.4845	0.1626	0.3760
000811	I	0.763752	0.578175	0.639919	0.3053	0.3599	0.3330	0.0930	0.4968	0.1734	0.3846
000812	L	0.839229	0.548876	0.657435	0.3005	0.3631	0.3240	0.1220	0.5055	0.1964	0.3908
000813	T	0.922405	0.555127	0.673298	0.3146	0.3740	0.3410	0.1770	0.5300	0.2167	0.3898
000814	K	0.924447	0.563985	0.687706	0.3053	0.2988	0.3500	0.1740	0.5217	0.2301	0.3885
000815	S	0.835382	0.536839	0.698245	0.3225	0.3019	0.3430	0.1590	0.5063	0.2034	0.3908
000816	L	0.827108	0.567887	0.708186	0.2333	0.2951	0.3280	0.1170	0.4933	0.2226	0.3930
000817	L	0.818457	0.538783	0.717476	0.2255	0.2988	0.3330	0.1130	0.4887	0.2211	0.3899
000818	L	0.809332	0.565194	0.726199	0.2292	0.2918	0.3510	0.1160	0.4954	0.2198	0.3822
000819	R	0.802123	0.626835	0.730694	0.2292	0.2918	0.4210	0.1490	0.5169	0.2167	0.3710
000820	R	0.816425	0.653504	0.731389	0.3096	0.3910	0.4520	0.1740	0.5589	0.1857	0.3610
000821	T	0.754544	0.682232	0.728619	0.3053	0.3215	0.4880	0.1900	0.5467	0.1858	0.3559
000822	K	0.696620	0.704488	0.724098	0.4282	0.3426	0.4900	0.1990	0.5643	0.1505	0.3527
000823	D	0.654549	0.702458	0.716846	0.4203	0.3356	0.5060	0.1850	0.5560	0.1452	0.3521
000824	Q	0.738820	0.695709	0.705582	0.3535	0.2609	0.5190	0.2160	0.5456	0.1845	0.3562
000825	L	0.749794	0.675503	0.690395	0.2602	0.2849	0.5030	0.1920	0.5274	0.1953	0.3630
000826	D	0.737750	0.647055	0.671887	0.1732	0.2951	0.4610	0.1750	0.4977	0.2073	0.3683
000827	S	0.653220	0.606492	0.652014	0.2786	0.3667	0.3970	0.1560	0.4923	0.1500	0.3737
000828	T	0.562394	0.552269	0.632371	0.3491	0.4409	0.3480	0.1360	0.4809	0.1090	0.3824
000829	G	0.468404	0.503779	0.612614	0.4149	0.4087	0.2940	0.1160	0.4505	0.0973	0.3954
000830	R	0.433250	0.437522	0.591858	0.4116	0.4186	0.2920	0.1280	0.4308	0.0874	0.4142
000831	P	0.392769	0.411233	0.570148	0.3005	0.3460	0.2710	0.1260	0.3819	0.0972	0.4329
000832	L	0.342294	0.391986	0.547797	0.3146	0.3460	0.2680	0.1340	0.3684	0.0885	0.4123
000833	V	0.239820	0.361110	0.525080	0.2209	0.3460	0.2510	0.1260	0.3240	0.1044	0.3918
000834	I	0.129831	0.348861	0.500615	0.2333	0.2680	0.2620	0.1060	0.2905	0.1140	0.3710
000835	L	0.041497	0.337458	0.474728	0.2255	0.2609	0.2780	0.1090	0.2697	0.1296	0.3502
000836	P	0.030627	0.347010	0.448755	0.2209	0.2680	0.2610	0.1210	0.2628	0.1274	0.3371
000837	Q	0.053981	0.368341	0.424279	0.2292	0.2575	0.2480	0.1410	0.2635	0.1170	0.3221
000838	R	0.113420	0.372332	0.402233	0.1456	0.2680	0.2190	0.1320	0.2535	0.1071	0.3074
000839	K	0.183748	0.348932	0.385462	0.1456	0.2680	0.1890	0.1030	0.2535	0.0888	0.2976
000840	F	0.254351	0.343996	0.375474	0.1380	0.2752	0.1630	0.0780	0.2584	0.0865	0.2912
000841	Q	0.279492	0.349220	0.369821	0.1416	0.2817	0.1400	0.0550	0.2603	0.0907	0.2960
000842	L	0.311160	0.372311	0.365466	0.1150	0.2575	0.1420	0.0450	0.2605	0.1012	0.3027
000843	H	0.331349	0.397200	0.358512	0.1732	0.2715	0.1350	0.0320	0.2777	0.0959	0.3159
000844	H	0.334730	0.423969	0.350598	0.2333	0.2503	0.1510	0.0390	0.2907	0.0891	0.3326
000845	L	0.329023	0.440238	0.342960	0.2531	0.3356	0.1700	0.0470	0.3118	0.0836	0.3512
000846	K	0.294495	0.466455	0.338190	0.2748	0.3494	0.1580	0.0580	0.3136	0.0925	0.3756
000847	L	0.244828	0.494430	0.335086	0.2432	0.2224	0.1720	0.0840	0.2853	0.1052	0.3946
000848	S	0.192387	0.504160	0.331986	0.1766	0.1323	0.1750	0.0930	0.2520	0.1288	0.4123
000849	E	0.149237	0.479037	0.327145	0.1205	0.1162	0.1540	0.0720	0.2244	0.1345	0.4246
000850	D	0.162066	0.468070	0.322881	0.0744	0.1115	0.1330	0.0550	0.2119	0.1389	0.4292
000851	E	0.176173	0.460329	0.320239	0.1240	0.1852	0.1080	0.0350	0.2291	0.1239	0.4314
000852	E	0.201759	0.424545	0.319547	0.1150	0.1791	0.1080	0.0300	0.2247	0.1134	0.4271
000853	T	0.235755	0.396030	0.320027	0.1732	0.2399	0.1070	0.0280	0.2453	0.0938	0.4209
000854	V	0.283554	0.376845	0.322664	0.1732	0.2129	0.1120	0.0330	0.2468	0.0903	0.4125
000855	Y	0.304969	0.358123	0.329238	0.1667	0.1501	0.1150	0.0370	0.2373	0.0960	0.4034
000856	N	0.299073	0.366579	0.339012	0.2209	0.2193	0.1140	0.0370	0.2598	0.0852	0.3952
000857	V	0.286871	0.383242	0.350101	0.1732	0.2164	0.1220	0.0400	0.2553	0.0935	0.3860
000858	F	0.266629	0.354020	0.361241	0.2786	0.2129	0.1350	0.0380	0.2680	0.0786	0.3787
000859	F	0.228417	0.397770	0.371387	0.2748	0.1583	0.1560	0.0350	0.2645	0.0945	0.3726
000860	A	0.187855	0.443268	0.382790	0.2122	0.1528	0.1860	0.0380	0.2608	0.1104	0.3703
000861	R	0.149146	0.441007	0.395497	0.1667	0.1449	0.2290	0.0510	0.2544	0.1198	0.3720
000862	S	0.141464	0.452525	0.409852	0.1635	0.1424	0.3270	0.0910	0.2728	0.1292	0.3754
000863	R	0.124891	0.489387	0.424552	0.1602	0.1449	0.4000	0.1140	0.2906	0.1500	0.3791
000864	S	0.135322	0.545877	0.441043	0.1602	0.1373	0.4490	0.0870	0.3115	0.1707	0.3836
000865	A	0.175296	0.593194	0.460219	0.2255	0.1823	0.5150	0.1130	0.3585	0.1694	0.3884
000866	L	0.265050	0.631971	0.481598	0.2913	0.2609	0.5080	0.1270	0.4064	0.1422	0.3943
000867	Q	0.354823	0.666928	0.503121	0.2786	0.2609	0.5170	0.1270	0.4302	0.1451	0.4005
000868	S	0.451255	0.696267	0.523218	0.3491	0.3249	0.5320	0.1250	0.4794	0.1247	0.4066
000869	Y	0.542609	0.722038	0.541272	0.4379	0.4186	0.5980	0.1270	0.5434	0.1013	0.4135
000870	L	0.638520	0.739852	0.555539	0.5412	0.5342	0.6420	0.1280	0.6085	0.0732	0.4202
000871	K	0.706997	0.757741	0.565853	0.5549	0.5577	0.6420	0.1260	0.6309	0.0789	0.4261
000872	R	0.774598	0.772669	0.572936	0.5623	0.5533	0.7210	0.1390	0.6595	0.0984	0.4312
000873	H	0.850236	0.793456	0.579864	0.5623	0.6043	0.7500	0.1360	0.6900	0.1123	0.4345
000874	E	0.850126	0.811975	0.589502	0.5583	0.6227	0.7640	0.1240	0.6994	0.1136	0.4364
000875	S	0.803593	0.832134	0.601839	0.5900	0.6482	0.7730	0.0950	0.7081	0.0979	0.4361
000876	R	0.774296	0.848950	0.613926	0.6174	0.7250	0.7630	0.1010	0.7237	0.0848	0.4339
000877	G	0.747175	0.863114	0.623270	0.6756	0.6851	0.7610	0.1120	0.7258	0.0766	0.4308
000878	N	0.688390	0.874427	0.628818	0.6789	0.6712	0.7640	0.0980	0.7176	0.0808	0.4279
000879	Q	0.624346	0.883108	0.633342	0.6293	0.6712	0.7430	0.0950	0.6973	0.0925	0.4241
000880	S	0.584727	0.891337	0.639140	0.6827	0.6948	0.7220	0.0930	0.7024	0.0952	0.4195
000881	G	0.503184	0.897791	0.647100	0.7342	0.7547	0.6850	0.1070	0.7036	0.1190	0.4175
000882	R	0.411821	0.902197	0.656298	0.7079	0.6712	0.6770	0.1230	0.6711	0.1427	0.4183
000883	S	0.382836	0.906377	0.666601	0.7079	0.6906	0.6850	0.1250	0.6732	0.1530	0.4216
000884	P	0.382834	0.909572	0.677956	0.6650	0.5493	0.6960	0.1250	0.6468	0.1591	0.4243
000885	N	0.393646	0.912878	0.689609	0.6650	0.5456	0.7310	0.1190	0.6563	0.1601	0.4293
000886	N	0.405594	0.910564	0.700106	0.6174	0.5456	0.7330	0.1140	0.6521	0.1576	0.4340
000887	P	0.421115	0.904259	0.708965	0.6293	0.5620	0.7070	0.1160	0.6555	0.1482	0.4394
000888	F	0.429285	0.912060	0.717284	0.6255	0.5707	0.7160	0.1070	0.6618	0.1485	0.4435
000889	S	0.447112	0.918562	0.724682	0.6255	0.5992	0.6370	0.1320	0.6587	0.1425	0.4425
000890	R	0.519301	0.918854	0.732251	0.6035	0.5854	0.6380	0.1380	0.6662	0.1298	0.4423
000891	V	0.590270	0.915608	0.738852	0.6334	0.5992	0.6530	0.1390	0.6884	0.1126	0.4426
000892	A	0.657845	0.916299	0.744017	0.6293	0.5901	0.6570	0.1300	0.6992	0.1075	0.4416
000893	L	0.695993	0.905564	0.748552	0.6334	0.6089	0.7110	0.1050	0.7172	0.0964	0.4391
000894	E	0.703242	0.910611	0.751771	0.6374	0.5854	0.6990	0.0950	0.7145	0.1023	0.4326
000895	F	0.716022	0.909601	0.754105	0.6124	0.5176	0.7850	0.0870	0.7157	0.1250	0.4290
000896	G	0.749105	0.909129	0.754055	0.5802	0.5098	0.7870	0.0810	0.7148	0.1328	0.4249
000897	S	0.796178	0.910392	0.753209	0.5514	0.4901	0.7780	0.0740	0.7132	0.1458	0.4214
000898	E	0.814650	0.907796	0.752500	0.5331	0.4901	0.7480	0.0830	0.7078	0.1489	0.4184
000899	E	0.820989	0.902355	0.752843	0.5941	0.6089	0.7590	0.0740	0.7397	0.1095	0.4177
000900	P	0.829787	0.899105	0.754886	0.6219	0.6089	0.7640	0.0780	0.7464	0.1041	0.4203
000901	R	0.831035	0.897446	0.758286	0.6174	0.6089	0.8000	0.0720	0.7522	0.1067	0.4229
000902	H	0.837901	0.895735	0.761823	0.6442	0.6948	0.7950	0.0700	0.7715	0.0842	0.4253
000903	S	0.844631	0.893586	0.765115	0.6516	0.6427	0.8100	0.0880	0.7679	0.0937	0.4273
000904	E	0.842519	0.891007	0.767185	0.6906	0.7415	0.7820	0.0770	0.7858	0.0654	0.4298
000905	A	0.847162	0.887202	0.767322	0.6334	0.6269	0.8570	0.0660	0.7698	0.1052	0.4324
000906	A	0.841781	0.883096	0.764668	0.6715	0.6712	0.8320	0.0860	0.7773	0.0826	0.4333
000907	D	0.807532	0.876046	0.761125	0.5992	0.6620	0.8390	0.1040	0.7574	0.0977	0.4327
000908	S	0.773316	0.865287	0.756683	0.5331	0.6755	0.8120	0.1340	0.7360	0.1074	0.4336
000909	P	0.740121	0.850148	0.752332	0.5296	0.5665	0.7680	0.1950	0.7012	0.1143	0.4320
000910	R	0.685595	0.833705	0.746923	0.5331	0.4801	0.7630	0.2150	0.6737	0.1267	0.4287
000911	S	0.639626	0.812054	0.741565	0.4420	0.4409	0.7360	0.2450	0.6353	0.1460	0.4232
000912	S	0.561757	0.787443	0.735459	0.3806	0.3740	0.7030	0.2530	0.5904	0.1654	0.4162
000913	T	0.472797	0.758307	0.728308	0.3717	0.3631	0.6420	0.2500	0.5561	0.1613	0.4076
000914	V	0.381347	0.706303	0.719899	0.2963	0.3740	0.6310	0.2540	0.5181	0.1720	0.3975
000915	H	0.291842	0.668980	0.710249	0.2865	0.2951	0.6190	0.2440	0.4786	0.1893	0.3903
000916	I	0.229605	0.642779	0.699850	0.3184	0.2541	0.6160	0.2140	0.4601	0.1961	0.3867
000917	L	0.167354	0.624372	0.689034	0.2483	0.2064	0.5420	0.1940	0.4129	0.2112	0.3835
000918	S	0.103603	0.552390	0.679460	0.1805	0.2064	0.4850	0.1960	0.3678	0.2144	0.3860
000919	Q	0.068634	0.555279	0.671653	0.1150	0.1476	0.3970	0.1660	0.3258	0.2308	0.3865
000920	L	0.019944	0.540495	0.667008	0.0935	0.1229	0.3200	0.1380	0.2940	0.2398	0.3834
000921	L	0.004882	0.493818	0.664989	0.0542	0.0799	0.3430	0.1570	0.2734	0.2464	0.3859
000922	R	0.000934	0.546235	0.664822	0.0554	0.0531	0.2750	0.1480	0.2660	0.2574	0.3920
000923	L	0.000507	0.569006	0.664768	0.0316	0.0543	0.2480	0.1370	0.2613	0.2650	0.3951
000924	R	0.000364	0.580206	0.662335	0.0167	0.0506	0.2330	0.1370	0.2572	0.2694	0.4050
000925	Q	0.000360	0.539568	0.659692	0.0279	0.0631	0.2300	0.1350	0.2534	0.2578	0.4134
000926	C	0.000368	0.592918	0.657676	0.0304	0.0380	0.2500	0.1450	0.2615	0.2703	0.4180
000927	C	0.001111	0.588190	0.657831	0.0363	0.0662	0.2500	0.1280	0.2666	0.2647	0.4132
000928	C	0.001867	0.556133	0.658156	0.0286	0.1184	0.2470	0.1120	0.2684	0.2537	0.4074
000929	H	0.002282	0.534287	0.658242	0.0297	0.1070	0.2300	0.1120	0.2602	0.2509	0.3933
000930	L	0.003057	0.517544	0.658521	0.0350	0.1092	0.2660	0.1330	0.2649	0.2464	0.3763
000931	S	0.004235	0.540924	0.658714	0.0441	0.1070	0.2740	0.1340	0.2715	0.2492	0.3668
000932	L	0.005484	0.561263	0.658862	0.0701	0.1528	0.2890	0.1460	0.2896	0.2442	0.3512
000933	L	0.008336	0.575240	0.659299	0.0395	0.1583	0.3050	0.1410	0.2909	0.2508	0.3381
000934	K	0.015607	0.591011	0.660567	0.0587	0.2328	0.3530	0.1380	0.3187	0.2446	0.3339
000935	S	0.029550	0.602634	0.663102	0.0587	0.2364	0.3940	0.1590	0.3308	0.2456	0.3220
000936	A	0.055883	0.637060	0.666458	0.0607	0.1671	0.4250	0.1660	0.3353	0.2551	0.3136
000937	L	0.082215	0.657062	0.671445	0.1088	0.1791	0.4190	0.1670	0.3529	0.2454	0.3050
000938	D	0.145947	0.670390	0.677125	0.1041	0.1759	0.3750	0.1700	0.3581	0.2389	0.3047
000939	P	0.223968	0.677635	0.684625	0.1205	0.2364	0.4000	0.1820	0.3905	0.2211	0.3026
000940	M	0.306313	0.688987	0.692927	0.0789	0.1643	0.4500	0.1850	0.3969	0.2378	0.3068
000941	E	0.393986	0.694243	0.702314	0.1349	0.2436	0.4250	0.1960	0.4323	0.2110	0.3235
000942	L	0.480062	0.686751	0.711085	0.0813	0.2609	0.4450	0.1890	0.4441	0.2224	0.3360
000943	K	0.561705	0.693046	0.719518	0.1495	0.3356	0.3870	0.1560	0.4743	0.2033	0.3542
000944	G	0.636676	0.692036	0.728102	0.2432	0.3392	0.3560	0.1230	0.4992	0.1915	0.3687
000945	E	0.696847	0.698003	0.736942	0.2558	0.3321	0.3670	0.1230	0.5144	0.1993	0.3767
000946	G	0.749967	0.694034	0.746323	0.1766	0.3117	0.3860	0.1250	0.5109	0.2284	0.3889
000947	L	0.768101	0.720182	0.755975	0.2080	0.2680	0.3690	0.1270	0.5149	0.2383	0.4011
000948	V	0.771571	0.702438	0.765936	0.2820	0.3426	0.3350	0.1200	0.5333	0.2154	0.4153
000949	L	0.770293	0.664675	0.775442	0.2080	0.2680	0.3290	0.1020	0.5025	0.2396	0.4273
000950	S	0.769448	0.683172	0.783082	0.1766	0.2328	0.3590	0.0890	0.5006	0.2524	0.4245
000951	L	0.766726	0.704522	0.788034	0.1349	0.2680	0.4030	0.0730	0.5109	0.2555	0.4113
000952	E	0.762076	0.739191	0.789551	0.1266	0.1914	0.4100	0.0670	0.5032	0.2746	0.4021
000953	E	0.760431	0.733758	0.789745	0.2255	0.2609	0.4230	0.0840	0.5323	0.2376	0.3951
000954	Q	0.765288	0.726998	0.790847	0.1635	0.2715	0.4410	0.0900	0.5265	0.2487	0.3887
000955	L	0.779280	0.737777	0.794363	0.1566	0.2680	0.4470	0.0740	0.5306	0.2550	0.3865
000956	S	0.793565	0.733300	0.798505	0.1602	0.2680	0.4040	0.0980	0.5263	0.2595	0.3803
000957	A	0.806916	0.740179	0.800689	0.1566	0.2951	0.4500	0.1010	0.5417	0.2563	0.3775
000958	L	0.820814	0.749888	0.799879	0.2385	0.3599	0.4780	0.0980	0.5746	0.2275	0.3772
000959	T	0.828256	0.780348	0.797458	0.3359	0.4149	0.5100	0.0870	0.6111	0.1979	0.3750
000960	L	0.836656	0.809347	0.794498	0.4078	0.4901	0.5720	0.0950	0.6517	0.1690	0.3751
000961	S	0.846317	0.826225	0.790861	0.4078	0.4330	0.5660	0.1040	0.6451	0.1835	0.3747
000962	E	0.856984	0.831669	0.785706	0.4918	0.5055	0.6220	0.1150	0.6822	0.1499	0.3752
000963	L	0.860769	0.833348	0.780140	0.4037	0.4186	0.7020	0.0950	0.6665	0.1872	0.3762
000964	R	0.845950	0.844223	0.774721	0.3806	0.4186	0.6980	0.1270	0.6604	0.1913	0.3764
000965	D	0.806361	0.845147	0.770297	0.2913	0.4119	0.7150	0.1400	0.6400	0.2105	0.3794
000966	S	0.776890	0.845039	0.765731	0.3762	0.4940	0.7330	0.1470	0.6651	0.1695	0.3792
000967	E	0.752928	0.841354	0.759854	0.3847	0.3910	0.7080	0.1590	0.6397	0.1823	0.3825
000968	P	0.745415	0.833998	0.752168	0.4203	0.3117	0.6760	0.1600	0.6232	0.1902	0.3866
000969	S	0.713431	0.822334	0.743097	0.4037	0.3807	0.6380	0.1660	0.6170	0.1679	0.3909
000970	S	0.654096	0.807031	0.733768	0.3053	0.3494	0.5530	0.1590	0.5671	0.1866	0.3955
000971	T	0.630642	0.795933	0.724336	0.3762	0.4369	0.4700	0.1520	0.5723	0.1548	0.4050
000972	V	0.604628	0.768927	0.713389	0.3491	0.3631	0.4700	0.1430	0.5449	0.1629	0.4150
000973	S	0.591594	0.737989	0.701648	0.3399	0.2503	0.4560	0.1220	0.5129	0.1801	0.4259
000974	L	0.558590	0.722943	0.689173	0.3535	0.3321	0.4620	0.1230	0.5197	0.1515	0.4267
000975	N	0.554798	0.711183	0.677855	0.2786	0.3321	0.4400	0.1220	0.4990	0.1633	0.4132
000976	G	0.544950	0.671387	0.667879	0.2786	0.2951	0.4470	0.1120	0.4842	0.1591	0.3992
000977	T	0.515072	0.683655	0.659086	0.2865	0.2988	0.4920	0.1020	0.4892	0.1553	0.3804
000978	F	0.496935	0.677276	0.649460	0.2483	0.3019	0.5420	0.1090	0.4860	0.1618	0.3648
000979	F	0.504331	0.710557	0.638298	0.2122	0.2680	0.5150	0.1260	0.4747	0.1810	0.3543
000980	K	0.471836	0.717387	0.625872	0.2292	0.2783	0.4530	0.1240	0.4626	0.1733	0.3513
000981	M	0.456578	0.706872	0.614793	0.2292	0.2783	0.5000	0.1250	0.4643	0.1697	0.3458
000982	E	0.437733	0.722996	0.603090	0.2255	0.1881	0.5460	0.1210	0.4539	0.1942	0.3497
000983	L	0.451311	0.696671	0.591558	0.2913	0.2399	0.5860	0.1060	0.4762	0.1657	0.3547
000984	F	0.426730	0.669762	0.579457	0.2122	0.2399	0.5850	0.1070	0.4521	0.1753	0.3641
000985	E	0.443140	0.654980	0.568349	0.2820	0.2364	0.5240	0.1330	0.4514	0.1502	0.3798
000986	G	0.470275	0.679998	0.556739	0.2786	0.1583	0.5690	0.1220	0.4521	0.1795	0.3931
000987	M	0.517368	0.676671	0.544134	0.1921	0.1373	0.6900	0.0970	0.4596	0.2184	0.4053
000988	R	0.566850	0.663050	0.531451	0.1322	0.1449	0.7130	0.1020	0.4585	0.2339	0.4278
000989	E	0.613367	0.669497	0.521070	0.1732	0.1643	0.7130	0.1130	0.4757	0.2248	0.4185
000990	S	0.648925	0.670455	0.511881	0.2657	0.2752	0.6820	0.1170	0.5090	0.1776	0.4008
000991	T	0.693927	0.657048	0.503470	0.1958	0.2503	0.6630	0.1140	0.4939	0.2014	0.3889
000992	K	0.747087	0.637427	0.493847	0.2255	0.1881	0.6410	0.1200	0.4888	0.2128	0.3751
000993	I	0.800591	0.626179	0.483610	0.1766	0.1791	0.6320	0.0930	0.4830	0.2344	0.3681
000994	S	0.812993	0.601267	0.472158	0.1566	0.2470	0.5230	0.1240	0.4689	0.2182	0.3618
000995	S	0.818173	0.552955	0.459813	0.2292	0.3631	0.4400	0.1430	0.4771	0.1818	0.3603
000996	L	0.806240	0.525705	0.446711	0.2122	0.3426	0.4110	0.1130	0.4575	0.1834	0.3633
000997	L	0.755485	0.473035	0.432678	0.2080	0.3149	0.3950	0.1010	0.4299	0.1691	0.3618
000998	A	0.715437	0.429213	0.419206	0.2255	0.3392	0.3500	0.0930	0.4130	0.1508	0.3543
000999	E	0.699076	0.435640	0.406096	0.1958	0.3426	0.2850	0.0770	0.3940	0.1575	0.3538
001000	L	0.680400	0.450661	0.392936	0.1805	0.3249	0.2680	0.0750	0.3829	0.1585	0.3492
001001	E	0.649634	0.463701	0.378454	0.1844	0.3249	0.2830	0.0770	0.3807	0.1474	0.3406
001002	A	0.618287	0.486278	0.363362	0.1878	0.2541	0.3670	0.1020	0.3795	0.1422	0.3297
001003	I	0.599802	0.523686	0.350173	0.1921	0.1702	0.4920	0.0960	0.3879	0.1639	0.3181
001004	Q	0.525394	0.542858	0.337688	0.2041	0.1881	0.5180	0.1000	0.3860	0.1505	0.3055
001005	R	0.461572	0.541920	0.326359	0.1322	0.1881	0.5560	0.1260	0.3676	0.1653	0.2952
001006	N	0.439682	0.581144	0.315196	0.0909	0.1942	0.6370	0.1200	0.3764	0.1968	0.2828
001007	S	0.427390	0.603305	0.304070	0.1380	0.1671	0.6270	0.1240	0.3778	0.1927	0.2712
001008	A	0.433760	0.599422	0.292601	0.1958	0.2399	0.6120	0.1490	0.3955	0.1655	0.2656
001009	S	0.460318	0.599488	0.281770	0.1495	0.2752	0.6050	0.1590	0.3951	0.1720	0.2616
001010	Q	0.502666	0.570621	0.273067	0.1380	0.2292	0.5940	0.1530	0.3847	0.1779	0.2582
001011	K	0.539573	0.552559	0.265530	0.2167	0.2292	0.5500	0.1430	0.3922	0.1558	0.2633
001012	S	0.566667	0.488876	0.257387	0.1805	0.2129	0.4510	0.1180	0.3596	0.1483	0.2738
001013	V	0.641836	0.409098	0.250137	0.1456	0.1791	0.3440	0.1100	0.3282	0.1667	0.2859
001014	I	0.685369	0.342359	0.243513	0.2292	0.2034	0.2050	0.0880	0.3182	0.1707	0.2977
001015	V	0.702164	0.281731	0.236558	0.1698	0.1731	0.1430	0.0630	0.2845	0.1924	0.3119
001016	S	0.698313	0.226236	0.226994	0.1292	0.1137	0.1240	0.0600	0.2530	0.2046	0.3265
001017	Q	0.695118	0.191010	0.216172	0.1060	0.1092	0.1070	0.0610	0.2374	0.2093	0.3463
001018	W	0.607211	0.171639	0.205779	0.0660	0.0690	0.1030	0.0560	0.2038	0.1875	0.3733
001019	T	0.513799	0.146198	0.195745	0.0884	0.0799	0.0900	0.0360	0.1856	0.1523	0.3962
001020	N	0.423264	0.133264	0.184320	0.0526	0.0817	0.0830	0.0240	0.1597	0.1253	0.4211
001021	M	0.337105	0.126117	0.172410	0.0542	0.0817	0.0770	0.0220	0.1414	0.0956	0.4210
001022	L	0.246737	0.117584	0.160146	0.0526	0.0817	0.0710	0.0230	0.1216	0.0659	0.4060
001023	K	0.187837	0.121126	0.151091	0.0542	0.0506	0.0710	0.0210	0.1060	0.0515	0.3991
001024	V	0.152591	0.139835	0.144930	0.0858	0.0799	0.0730	0.0220	0.1127	0.0335	0.3941
001025	V	0.120633	0.154121	0.141522	0.0884	0.0835	0.0860	0.0300	0.1124	0.0282	0.3892
001026	A	0.043682	0.165881	0.138685	0.1292	0.1048	0.1070	0.0370	0.1148	0.0379	0.3853
001027	L	0.031266	0.190467	0.135385	0.0789	0.1115	0.1370	0.0430	0.1141	0.0499	0.3844
001028	H	0.022472	0.228151	0.132230	0.0643	0.0631	0.1710	0.0510	0.1136	0.0708	0.3878
001029	L	0.016271	0.249794	0.129047	0.1117	0.1275	0.1980	0.0650	0.1388	0.0728	0.4057
001030	K	0.002984	0.263645	0.126452	0.0677	0.1229	0.1970	0.0740	0.1302	0.0841	0.4238
001031	K	0.003805	0.271632	0.125356	0.0660	0.1137	0.1970	0.0740	0.1296	0.0865	0.4213
001032	H	0.004040	0.279098	0.126028	0.0832	0.0929	0.1690	0.0500	0.1257	0.0848	0.3970
001033	G	0.004432	0.282319	0.127330	0.1349	0.1528	0.1490	0.0310	0.1417	0.0807	0.3686
001034	L	0.018072	0.246213	0.127975	0.0909	0.1852	0.1480	0.0230	0.1361	0.0716	0.3458
001035	T	0.046047	0.255771	0.127941	0.1349	0.2436	0.1170	0.0230	0.1542	0.0735	0.3276
001036	Y	0.073351	0.260818	0.127544	0.2080	0.3087	0.1260	0.0320	0.1841	0.0825	0.3115
001037	A	0.088972	0.262380	0.126109	0.2432	0.3356	0.1270	0.0400	0.1972	0.0887	0.2959
001038	T	0.109651	0.268759	0.123873	0.3359	0.3872	0.1610	0.0700	0.2311	0.1064	0.2849
001039	I	0.178243	0.304519	0.121060	0.3263	0.3910	0.1880	0.0790	0.2515	0.0951	0.2754
001040	D	0.242966	0.343051	0.118504	0.3630	0.3983	0.2210	0.1010	0.2812	0.0964	0.2754
001041	G	0.275561	0.383306	0.116410	0.3668	0.3356	0.2560	0.1100	0.2890	0.0896	0.2760
001042	S	0.307905	0.426638	0.114817	0.2820	0.3529	0.2810	0.0960	0.2942	0.0946	0.2789
001043	V	0.330540	0.466132	0.113797	0.2122	0.3182	0.2890	0.0930	0.2883	0.1084	0.2820
001044	N	0.344883	0.493301	0.114147	0.2209	0.2164	0.2940	0.0880	0.2806	0.1190	0.2920
001045	P	0.347552	0.508404	0.116976	0.2748	0.3053	0.2650	0.0860	0.3030	0.1162	0.3021
001046	K	0.367906	0.481146	0.121793	0.1844	0.3053	0.2220	0.0840	0.2804	0.1200	0.3069
001047	Q	0.388922	0.457742	0.127248	0.2748	0.3872	0.1750	0.0620	0.3019	0.1200	0.3116
001048	R	0.360962	0.428884	0.131857	0.3053	0.4149	0.1390	0.0500	0.2968	0.1208	0.3184
001049	M	0.325400	0.384583	0.135422	0.3146	0.4087	0.1370	0.0400	0.2842	0.1096	0.3209
001050	D	0.328340	0.347840	0.138330	0.4078	0.5382	0.1310	0.0320	0.3152	0.1442	0.3214
001051	L	0.324109	0.345333	0.140634	0.3992	0.5296	0.1320	0.0440	0.3118	0.1402	0.3218
001052	V	0.303333	0.350393	0.142578	0.4333	0.4619	0.1310	0.0480	0.3037	0.1290	0.3222
001053	E	0.279658	0.355897	0.143856	0.4420	0.4330	0.1270	0.0420	0.2969	0.1263	0.3211
001054	A	0.264090	0.358016	0.142703	0.4379	0.4186	0.1470	0.0410	0.2947	0.1195	0.3221
001055	F	0.238721	0.356895	0.139060	0.3992	0.3182	0.1460	0.0390	0.2663	0.1001	0.3241
001056	N	0.207247	0.347744	0.132973	0.2820	0.2817	0.1500	0.0420	0.2336	0.0769	0.3233
001057	H	0.169534	0.332158	0.126642	0.1844	0.2034	0.1500	0.0440	0.1944	0.0662	0.3267
001058	S	0.145246	0.342064	0.120328	0.1805	0.1349	0.1620	0.0440	0.1809	0.0746	0.3296
001059	R	0.115555	0.339369	0.114792	0.1117	0.1137	0.1660	0.0540	0.1602	0.0824	0.3352
001060	G	0.089192	0.325736	0.110287	0.0858	0.1323	0.1670	0.0790	0.1518	0.0825	0.3428
001061	P	0.074572	0.309273	0.106726	0.0660	0.1251	0.1700	0.0800	0.1420	0.0823	0.3525
001062	Q	0.133319	0.290131	0.102998	0.1150	0.1298	0.1760	0.0770	0.1578	0.0633	0.3564
001063	V	0.175245	0.236176	0.098734	0.1635	0.1791	0.1510	0.0560	0.1672	0.0407	0.3607
001064	M	0.244357	0.193132	0.094960	0.1041	0.1048	0.1160	0.0340	0.1429	0.0560	0.3637
001065	L	0.305948	0.167921	0.091758	0.1292	0.1323	0.0790	0.0200	0.1510	0.0751	0.3632
001066	I	0.403031	0.139824	0.089702	0.1266	0.1476	0.0560	0.0130	0.1604	0.1130	0.3577
001067	S	0.494790	0.119138	0.088172	0.1240	0.1424	0.0430	0.0110	0.1686	0.1493	0.3568
001068	L	0.550871	0.107635	0.087705	0.0701	0.1349	0.0430	0.0080	0.1657	0.1746	0.3534
001069	L	0.583614	0.113975	0.087567	0.0701	0.1373	0.0490	0.0090	0.1736	0.1856	0.3461
001070	A	0.582820	0.123372	0.087250	0.0660	0.1449	0.0520	0.0160	0.1761	0.1846	0.3299
001071	G	0.505619	0.142523	0.086270	0.0677	0.1501	0.0590	0.0180	0.1685	0.1547	0.3110
001072	G	0.449464	0.183634	0.084168	0.0542	0.0780	0.0740	0.0180	0.1540	0.1385	0.2943
001073	V	0.369785	0.230649	0.081134	0.0464	0.0398	0.0980	0.0260	0.1443	0.1190	0.2839
001074	G	0.297942	0.264357	0.077269	0.0414	0.0364	0.1310	0.0480	0.1414	0.1040	0.2791
001075	L	0.197677	0.296377	0.071961	0.0286	0.0263	0.1550	0.0680	0.1294	0.0977	0.2795
001076	N	0.099366	0.318133	0.064372	0.0279	0.0454	0.1450	0.0560	0.1168	0.0978	0.2817
001077	L	0.036733	0.299603	0.055252	0.0286	0.0662	0.1660	0.0680	0.1088	0.0966	0.2883
001078	T	0.001465	0.278712	0.046638	0.0286	0.0704	0.1600	0.0700	0.0977	0.0949	0.2968
001079	G	0.001026	0.258353	0.040119	0.0387	0.0646	0.1370	0.0660	0.0900	0.0859	0.3094
001080	G	0.000829	0.236293	0.035490	0.0607	0.1137	0.1230	0.0630	0.0950	0.0760	0.3332
001081	N	0.000652	0.200302	0.032240	0.0414	0.1611	0.1190	0.0560	0.0925	0.0727	0.3631
001082	H	0.000823	0.170931	0.030312	0.0414	0.1583	0.1350	0.0530	0.0894	0.0672	0.4049
001083	L	0.001073	0.152051	0.029377	0.0502	0.1007	0.1490	0.0630	0.0805	0.0579	0.4235
001084	F	0.001640	0.137908	0.029271	0.0832	0.1583	0.1400	0.0700	0.0918	0.0592	0.3904
001085	L	0.001752	0.125319	0.029824	0.0441	0.1643	0.1180	0.0580	0.0806	0.0585	0.3728
001086	L	0.002264	0.133753	0.031122	0.0884	0.2436	0.1090	0.0510	0.1014	0.0777	0.3647
001087	D	0.003842	0.152656	0.033339	0.0909	0.2034	0.1120	0.0510	0.0994	0.0675	0.3633
001088	M	0.004878	0.160668	0.036208	0.1532	0.2193	0.1430	0.0600	0.1195	0.0746	0.3637
001089	H	0.005504	0.179113	0.039212	0.1292	0.2224	0.1430	0.0550	0.1198	0.0756	0.3765
001090	W	0.008846	0.206458	0.042214	0.0701	0.2258	0.1530	0.0650	0.1177	0.0823	0.3955
001091	N	0.012032	0.256712	0.044640	0.0744	0.1476	0.1540	0.0660	0.1148	0.0815	0.4284
001092	P	0.016883	0.322351	0.046984	0.0701	0.0851	0.1810	0.0660	0.1203	0.1035	0.4053
001093	S	0.023446	0.367790	0.049222	0.0478	0.0835	0.1980	0.0690	0.1282	0.1210	0.3656
001094	L	0.031269	0.381850	0.051947	0.0490	0.0909	0.1880	0.0700	0.1322	0.1230	0.3287
001095	E	0.039829	0.380559	0.056349	0.0813	0.1583	0.1740	0.0780	0.1484	0.1151	0.2927
001096	D	0.056191	0.353581	0.062894	0.0884	0.2328	0.1490	0.0630	0.1572	0.1066	0.2654
001097	Q	0.089313	0.295840	0.071361	0.1532	0.3149	0.1380	0.0630	0.1772	0.0949	0.2408
001098	A	0.118797	0.257274	0.080816	0.1416	0.3087	0.1000	0.0300	0.1678	0.0848	0.2222
001099	C	0.132384	0.223216	0.092037	0.1766	0.3460	0.0750	0.0150	0.1742	0.0915	0.2025
001100	D	0.138433	0.206451	0.103431	0.1766	0.2715	0.0610	0.0100	0.1596	0.0686	0.1892
001101	R	0.154086	0.192428	0.114110	0.2786	0.2988	0.0660	0.0160	0.1840	0.0836	0.1782
001102	I	0.166392	0.183630	0.123198	0.2209	0.1942	0.0760	0.0210	0.1607	0.0481	0.1730
001103	Y	0.169226	0.174397	0.133232	0.1380	0.1702	0.0850	0.0260	0.1450	0.0312	0.1726
001104	R	0.164737	0.178274	0.144811	0.0909	0.1731	0.0960	0.0420	0.1412	0.0355	0.1744
001105	V	0.154945	0.212378	0.156726	0.1566	0.1528	0.0940	0.0350	0.1545	0.0343	0.1767
001106	G	0.134874	0.248857	0.167421	0.1456	0.0985	0.1070	0.0490	0.1504	0.0496	0.1859
001107	Q	0.115458	0.266102	0.178206	0.0909	0.0605	0.1020	0.0360	0.1355	0.0683	0.1978
001108	Q	0.101056	0.278525	0.191864	0.0567	0.0646	0.1180	0.0380	0.1352	0.0778	0.2149
001109	K	0.111407	0.273250	0.208542	0.0395	0.0765	0.1220	0.0470	0.1385	0.0793	0.2341
001110	D	0.154312	0.231844	0.227916	0.0771	0.1184	0.1310	0.0440	0.1567	0.0566	0.2558
001111	V	0.198864	0.179302	0.248425	0.0723	0.0734	0.1430	0.0590	0.1525	0.0644	0.2744
001112	V	0.250008	0.146403	0.269600	0.0723	0.0780	0.1370	0.0590	0.1589	0.0766	0.2888
001113	I	0.297593	0.112312	0.289364	0.0771	0.1424	0.1090	0.0400	0.1713	0.0885	0.2977
001114	H	0.341595	0.103511	0.307068	0.1266	0.2164	0.1010	0.0350	0.1994	0.0968	0.3029
001115	R	0.369253	0.112422	0.322925	0.1380	0.1373	0.1080	0.0410	0.1980	0.1062	0.3012
001116	F	0.410439	0.130935	0.338323	0.1921	0.1275	0.1100	0.0470	0.2182	0.1152	0.3011
001117	V	0.479265	0.162358	0.353171	0.1292	0.1323	0.1030	0.0430	0.2265	0.1401	0.2919
001118	C	0.521250	0.171739	0.368515	0.0858	0.0817	0.0980	0.0320	0.2212	0.1669	0.2759
001119	E	0.489394	0.215824	0.384179	0.0832	0.0835	0.1170	0.0380	0.2288	0.1566	0.2602
001120	G	0.435393	0.254131	0.400662	0.0526	0.0909	0.1340	0.0460	0.2280	0.1483	0.2409
001121	T	0.395544	0.302279	0.418103	0.0490	0.0851	0.1500	0.0570	0.2334	0.1461	0.2215
001122	V	0.345759	0.344573	0.436354	0.0744	0.1251	0.1590	0.0640	0.2476	0.1338	0.2046
001123	E	0.298472	0.374944	0.455282	0.1018	0.1759	0.1510	0.0540	0.2596	0.1270	0.1905
001124	E	0.260087	0.398024	0.472866	0.1416	0.2752	0.1530	0.0520	0.2835	0.1202	0.1787
001125	K	0.215006	0.436061	0.488819	0.1349	0.1914	0.1650	0.0590	0.2718	0.1378	0.1693
001126	I	0.145201	0.460647	0.500229	0.1416	0.1643	0.1720	0.0690	0.2640	0.1538	0.1642
001127	L	0.084359	0.473475	0.508839	0.1322	0.2645	0.1830	0.0720	0.2743	0.1630	0.1579
001128	Q	0.053772	0.501891	0.514084	0.1566	0.3356	0.1970	0.0840	0.2932	0.1729	0.1494
001129	L	0.045477	0.538859	0.517847	0.2333	0.3392	0.2510	0.1150	0.3209	0.1708	0.1433
001130	Q	0.025260	0.585862	0.517584	0.2292	0.2470	0.3120	0.1010	0.3194	0.1872	0.1335
001131	E	0.034519	0.612915	0.517499	0.1635	0.2503	0.3550	0.0870	0.3223	0.1987	0.1295
001132	K	0.030824	0.664924	0.519697	0.1088	0.2470	0.3540	0.0670	0.3209	0.2212	0.1271
001133	K	0.029747	0.679241	0.525635	0.1602	0.3117	0.2950	0.0480	0.3336	0.2163	0.1286
001134	K	0.025672	0.646809	0.531482	0.1635	0.2988	0.2350	0.0490	0.3169	0.2122	0.1328
001135	D	0.026625	0.643817	0.535660	0.1635	0.2988	0.2670	0.0530	0.3225	0.2102	0.1383
001136	L	0.029655	0.639504	0.539190	0.1698	0.2951	0.2490	0.0640	0.3204	0.2092	0.1413
001137	A	0.031301	0.627993	0.541575	0.2432	0.3149	0.1830	0.0460	0.3237	0.2049	0.1420
001138	K	0.046851	0.614084	0.540809	0.3184	0.3983	0.1690	0.0340	0.3480	0.1975	0.1407
001139	Q	0.047985	0.604830	0.533724	0.2432	0.3910	0.1780	0.0440	0.3332	0.1961	0.1431
001140	V	0.040550	0.592099	0.521779	0.3146	0.3872	0.1920	0.0470	0.3413	0.1876	0.1482
001141	L	0.065590	0.590341	0.506380	0.3146	0.3872	0.2060	0.0580	0.3450	0.1762	0.1546
001142	S	0.070137	0.595084	0.490408	0.2122	0.2884	0.2240	0.0840	0.3133	0.1774	0.1572
001143	G	0.092754	0.609149	0.473527	0.2167	0.2575	0.2650	0.1040	0.3191	0.1715	0.1579
001144	S	0.109901	0.606554	0.457581	0.1495	0.2680	0.3290	0.1470	0.3202	0.1718	0.1586
001145	G	0.143329	0.592084	0.443021	0.1292	0.1881	0.3890	0.1450	0.3142	0.1726	0.1553
001146	E	0.168745	0.587611	0.430646	0.1266	0.1791	0.4030	0.1500	0.3160	0.1688	0.1542
001147	S	0.175467	0.564086	0.421535	0.1266	0.1914	0.3590	0.1790	0.3063	0.1555	0.1560
001148	V	0.197161	0.513124	0.415330	0.1566	0.1449	0.3020	0.1570	0.2883	0.1373	0.1583
001149	T	0.228790	0.465658	0.410214	0.1088	0.0780	0.2610	0.1310	0.2588	0.1425	0.1695
001150	K	0.237036	0.422369	0.403465	0.0643	0.0749	0.2390	0.1040	0.2402	0.1403	0.1861
001151	L	0.264902	0.363623	0.394916	0.0514	0.0605	0.2140	0.0940	0.2249	0.1335	0.2024
001152	T	0.272669	0.306186	0.384300	0.0884	0.0967	0.1990	0.0930	0.2245	0.1081	0.2179
001153	L	0.280979	0.268573	0.372039	0.0441	0.0780	0.3690	0.1810	0.2354	0.1297	0.2357
001154	A	0.276637	0.225316	0.357754	0.0554	0.0631	0.4300	0.1240	0.2347	0.1395	0.2550
001155	D	0.279925	0.199378	0.344327	0.0744	0.0494	0.4890	0.1180	0.2394	0.1526	0.2729
001156	L	0.281584	0.176773	0.331789	0.0965	0.0380	0.5070	0.1230	0.2386	0.1564	0.2979
001157	R	0.278426	0.210737	0.322128	0.1205	0.0248	0.4940	0.1190	0.2417	0.1494	0.3223
001158	V	0.253298	0.240704	0.312343	0.1495	0.0184	0.5280	0.0980	0.2503	0.1553	0.3376
001159	L	0.285043	0.275702	0.303427	0.2602	0.0231	0.6600	0.1410	0.3012	0.1864	0.3575
001160	F	0.231501	0.328512	0.294504	0.3096	0.0153	0.7430	0.1110	0.3204	0.2162	0.3706
001161	G	0.193954	0.361117	0.288683	0.3578	0.0107	0.6660	0.1320	0.3130	0.1979	0.3743
001162	I	0.096661	0.391697	0.286066	0.5008	0.0148	0.7040	0.1690	0.3323	0.2340	0.3764