RESNUM	RES	VL-XT	VSL2B	VL3	IUPred-S	IUPred-L	PONDRFIT	FITERROR	MDP	MDPERROR	ANCHOR2
000001	M	0.997814	0.817520	0.072642	0.8391	0.3321	0.9790	0.0150	0.6730	0.3474	0.3618
000002	P	0.959301	0.794866	0.071709	0.8118	0.3667	0.9590	0.0140	0.6606	0.3298	0.3515
000003	V	0.804233	0.756285	0.070252	0.7688	0.2364	0.9410	0.0380	0.5962	0.3225	0.3369
000004	M	0.740437	0.698088	0.069142	0.7317	0.1671	0.9110	0.0520	0.5528	0.3160	0.3296
000005	K	0.775059	0.587771	0.068253	0.6124	0.2094	0.9170	0.0370	0.5284	0.2989	0.3259
000006	G	0.710885	0.477243	0.066994	0.5008	0.2436	0.8510	0.1080	0.4751	0.2639	0.3237
000007	L	0.627539	0.377942	0.065661	0.4600	0.1852	0.7370	0.1260	0.4089	0.2335	0.3209
000008	L	0.560211	0.291642	0.063339	0.4203	0.1823	0.7520	0.1230	0.3783	0.2309	0.3124
000009	A	0.495033	0.228363	0.060605	0.2913	0.2094	0.6940	0.1060	0.3298	0.2076	0.2983
000010	P	0.420726	0.210300	0.057741	0.2122	0.2364	0.6140	0.1080	0.2920	0.1786	0.2898
000011	Q	0.329373	0.207815	0.055213	0.1698	0.1643	0.4310	0.1210	0.2262	0.1219	0.2806
000012	N	0.252803	0.198265	0.052763	0.2122	0.2002	0.3510	0.0880	0.2113	0.0883	0.2777
000013	T	0.193772	0.184466	0.050453	0.1041	0.1731	0.3140	0.0870	0.1700	0.0818	0.2827
000014	F	0.137813	0.183774	0.048677	0.1532	0.2292	0.2950	0.1000	0.1746	0.0767	0.2917
000015	L	0.094949	0.179824	0.047273	0.1766	0.2541	0.2640	0.0930	0.1694	0.0782	0.2916
000016	D	0.074597	0.175420	0.045100	0.1766	0.2541	0.2340	0.0860	0.1600	0.0768	0.2845
000017	T	0.053944	0.188917	0.042679	0.1602	0.2645	0.2350	0.0890	0.1576	0.0840	0.2752
000018	I	0.038155	0.220189	0.040043	0.2292	0.2224	0.2120	0.0860	0.1604	0.0859	0.2639
000019	A	0.020014	0.239037	0.038123	0.3096	0.2164	0.1670	0.0610	0.1650	0.1050	0.2559
000020	T	0.020145	0.258681	0.035768	0.2558	0.1702	0.1420	0.0520	0.1471	0.0943	0.2565
000021	R	0.019553	0.290490	0.033168	0.1566	0.1275	0.1340	0.0430	0.1268	0.0894	0.2613
000022	F	0.019553	0.301514	0.030510	0.0909	0.1275	0.1440	0.0430	0.1191	0.0936	0.2627
000023	D	0.016510	0.288391	0.028220	0.0701	0.1007	0.1520	0.0460	0.1093	0.0919	0.2520
000024	G	0.014145	0.295655	0.026640	0.0677	0.1048	0.1410	0.0440	0.1083	0.0943	0.2369
000025	T	0.013402	0.306183	0.025872	0.0935	0.1823	0.1240	0.0360	0.1243	0.0995	0.2246
000026	H	0.013844	0.288069	0.025778	0.1456	0.2503	0.1440	0.0430	0.1447	0.1024	0.2170
000027	S	0.015110	0.274312	0.025844	0.1380	0.2470	0.1410	0.0340	0.1401	0.0984	0.2139
000028	N	0.014315	0.281361	0.026252	0.1322	0.2399	0.1540	0.0490	0.1414	0.0991	0.2131
000029	F	0.013576	0.277561	0.027197	0.1958	0.2094	0.1660	0.0470	0.1482	0.0965	0.2162
000030	L	0.012205	0.287692	0.028578	0.2255	0.2680	0.1620	0.0430	0.1640	0.1090	0.2180
000031	L	0.009788	0.296794	0.030506	0.1495	0.1914	0.1750	0.0610	0.1422	0.0979	0.2130
000032	A	0.009481	0.314292	0.032622	0.1698	0.1399	0.1680	0.0730	0.1391	0.1005	0.2018
000033	N	0.008531	0.304694	0.034863	0.1958	0.1449	0.1610	0.0680	0.1416	0.0992	0.1983
000034	A	0.006818	0.268846	0.036759	0.1456	0.0749	0.1360	0.0480	0.1115	0.0860	0.2078
000035	Q	0.005284	0.234539	0.038432	0.0965	0.0734	0.1170	0.0380	0.0941	0.0726	0.2084
000036	G	0.002860	0.198931	0.039728	0.0363	0.0765	0.0990	0.0370	0.0756	0.0631	0.2092
000037	T	0.005523	0.170768	0.041259	0.0405	0.0799	0.0840	0.0310	0.0704	0.0521	0.2116
000038	R	0.008116	0.150190	0.044064	0.0414	0.0433	0.0720	0.0250	0.0598	0.0444	0.2141
000039	G	0.011050	0.142119	0.049453	0.0395	0.0218	0.0640	0.0240	0.0547	0.0428	0.2187
000040	F	0.014470	0.128331	0.056677	0.0387	0.0463	0.0560	0.0170	0.0568	0.0350	0.2088
000041	P	0.015077	0.116888	0.065533	0.0226	0.0473	0.0450	0.0100	0.0521	0.0334	0.1956
000042	I	0.015302	0.095488	0.075395	0.0441	0.0799	0.0430	0.0100	0.0588	0.0272	0.1893
000043	V	0.018191	0.080259	0.086091	0.0336	0.0967	0.0380	0.0090	0.0588	0.0299	0.1792
000044	Y	0.021228	0.068504	0.096649	0.0336	0.0531	0.0370	0.0100	0.0517	0.0251	0.1630
000045	C	0.022600	0.069454	0.106795	0.0414	0.0646	0.0360	0.0100	0.0569	0.0275	0.1446
000046	S	0.020444	0.078817	0.116165	0.0231	0.0618	0.0370	0.0090	0.0562	0.0339	0.1441
000047	D	0.024992	0.085199	0.125337	0.0231	0.0646	0.0400	0.0080	0.0606	0.0363	0.1440
000048	G	0.026354	0.100595	0.133767	0.0245	0.0704	0.0440	0.0070	0.0666	0.0400	0.1429
000049	F	0.025386	0.124507	0.143231	0.0231	0.0494	0.0500	0.0080	0.0692	0.0472	0.1435
000050	C	0.028071	0.147693	0.152643	0.0268	0.0405	0.0520	0.0090	0.0746	0.0541	0.1405
000051	E	0.040873	0.174404	0.161694	0.0308	0.0851	0.0570	0.0110	0.0917	0.0567	0.1626
000052	L	0.076232	0.196789	0.170653	0.0194	0.0704	0.0650	0.0170	0.0997	0.0627	0.1890
000053	T	0.086453	0.216100	0.180098	0.0316	0.1162	0.0710	0.0190	0.1169	0.0634	0.2072
000054	G	0.098118	0.225937	0.191653	0.0441	0.0909	0.0790	0.0200	0.1216	0.0647	0.2296
000055	Y	0.100788	0.247857	0.204719	0.0701	0.1501	0.1030	0.0450	0.1461	0.0626	0.2400
000056	G	0.100866	0.268076	0.219348	0.0744	0.1528	0.1130	0.0590	0.1548	0.0684	0.2447
000057	R	0.102662	0.300791	0.235233	0.0771	0.1583	0.1400	0.0840	0.1690	0.0770	0.2229
000058	T	0.100744	0.327673	0.252495	0.0274	0.0888	0.1470	0.0790	0.1573	0.1024	0.2008
000059	E	0.099517	0.352502	0.270540	0.0286	0.0581	0.1450	0.0600	0.1590	0.1161	0.1844
000060	V	0.103234	0.345365	0.290123	0.0327	0.0618	0.1250	0.0360	0.1597	0.1166	0.1704
000061	M	0.080248	0.335660	0.308882	0.0660	0.1184	0.1110	0.0340	0.1700	0.1094	0.1575
000062	Q	0.109071	0.312374	0.326258	0.0395	0.1251	0.1130	0.0360	0.1709	0.1085	0.1304
000063	K	0.169652	0.285285	0.339970	0.0643	0.1942	0.1110	0.0390	0.1940	0.0949	0.1098
000064	T	0.238338	0.269082	0.349890	0.0813	0.1969	0.1080	0.0390	0.2073	0.0922	0.0971
000065	C	0.303045	0.246182	0.358241	0.0884	0.1914	0.1040	0.0400	0.2152	0.0984	0.0863
000066	S	0.331259	0.235423	0.367519	0.1380	0.2918	0.1070	0.0430	0.2451	0.0960	0.0875
000067	C	0.372313	0.204221	0.378690	0.1495	0.3215	0.1120	0.0470	0.2563	0.1062	0.0891
000068	R	0.418076	0.213326	0.389725	0.1532	0.2951	0.1120	0.0450	0.2635	0.1144	0.1030
000069	F	0.439457	0.216935	0.398892	0.1805	0.2193	0.1290	0.0500	0.2640	0.1143	0.1190
000070	L	0.449985	0.245972	0.406267	0.1532	0.2164	0.1410	0.0510	0.2689	0.1187	0.1334
000071	Y	0.437604	0.316264	0.411429	0.1566	0.2752	0.1520	0.0580	0.2914	0.1114	0.1444
000072	G	0.413535	0.367429	0.412328	0.1878	0.2328	0.1720	0.0670	0.2977	0.1028	0.1560
000073	P	0.377589	0.435510	0.409225	0.1844	0.2193	0.2120	0.0860	0.3063	0.1031	0.1760
000074	E	0.385836	0.468181	0.403863	0.1380	0.2224	0.2740	0.1380	0.3154	0.1140	0.1963
000075	T	0.427799	0.492832	0.398632	0.1292	0.1969	0.3120	0.1610	0.3263	0.1285	0.2150
000076	S	0.469454	0.517802	0.393882	0.2558	0.2258	0.3060	0.1480	0.3615	0.1079	0.2363
000077	E	0.508313	0.555176	0.389998	0.2255	0.2399	0.3310	0.1200	0.3750	0.1245	0.2479
000078	P	0.562555	0.574294	0.386118	0.3053	0.3426	0.3390	0.0910	0.4183	0.1087	0.2605
000079	A	0.627721	0.572814	0.382173	0.3146	0.3392	0.3420	0.0820	0.4297	0.1233	0.2595
000080	L	0.689040	0.540515	0.376436	0.3806	0.4507	0.3110	0.0610	0.4580	0.1256	0.2566
000081	Q	0.727698	0.517032	0.370378	0.4078	0.5419	0.2520	0.0710	0.4695	0.1500	0.2509
000082	R	0.782603	0.497720	0.364758	0.4879	0.6576	0.2890	0.0970	0.5133	0.1666	0.2493
000083	L	0.791503	0.501821	0.359477	0.4967	0.6620	0.3460	0.1200	0.5262	0.1585	0.2490
000084	H	0.791723	0.515431	0.353907	0.4458	0.5901	0.3370	0.1300	0.5057	0.1549	0.2398
000085	K	0.759900	0.538786	0.346453	0.4282	0.5854	0.3300	0.1310	0.4981	0.1494	0.2332
000086	A	0.709067	0.577394	0.337702	0.4037	0.4979	0.3380	0.1430	0.4774	0.1344	0.2303
000087	L	0.650299	0.602483	0.327311	0.4078	0.4017	0.3610	0.1670	0.4584	0.1225	0.2283
000088	E	0.613776	0.625447	0.315523	0.3359	0.2951	0.3410	0.1250	0.4212	0.1411	0.2144
000089	G	0.552866	0.605863	0.302132	0.2122	0.1852	0.3340	0.1330	0.3653	0.1602	0.2045
000090	H	0.505531	0.580053	0.288424	0.1667	0.2094	0.3160	0.1140	0.3444	0.1501	0.1961
000091	Q	0.469303	0.484599	0.273603	0.1380	0.2817	0.3110	0.1260	0.3264	0.1197	0.1913
000092	E	0.436981	0.412937	0.260098	0.1266	0.2715	0.2900	0.1350	0.2998	0.1033	0.1900
000093	H	0.381980	0.392743	0.246997	0.1266	0.2715	0.2280	0.0910	0.2746	0.0916	0.1881
000094	R	0.333993	0.345837	0.236885	0.1805	0.3392	0.1780	0.0690	0.2691	0.0733	0.1865
000095	A	0.298688	0.300508	0.229495	0.1921	0.3182	0.1510	0.0500	0.2483	0.0622	0.1884
000096	E	0.264917	0.273994	0.223767	0.1998	0.2292	0.1150	0.0250	0.2177	0.0525	0.1899
000097	I	0.210418	0.247899	0.217667	0.1921	0.1671	0.1040	0.0180	0.1898	0.0456	0.1925
000098	C	0.180607	0.207798	0.210543	0.1667	0.1449	0.1020	0.0300	0.1687	0.0376	0.1944
000099	F	0.139786	0.174798	0.204104	0.0909	0.0929	0.0880	0.0240	0.1318	0.0451	0.2107
000100	Y	0.085071	0.154913	0.198610	0.0502	0.0618	0.0720	0.0200	0.1038	0.0541	0.2246
000101	R	0.027767	0.138383	0.192942	0.0327	0.0631	0.0650	0.0210	0.0867	0.0597	0.2453
000102	K	0.006090	0.116605	0.187090	0.0150	0.0494	0.0620	0.0240	0.0727	0.0625	0.2676
000103	D	0.002577	0.098843	0.183081	0.0144	0.0380	0.0610	0.0280	0.0663	0.0609	0.3006
000104	G	0.001929	0.088230	0.181055	0.0124	0.0454	0.0660	0.0380	0.0659	0.0594	0.3427
000105	S	0.001597	0.076788	0.180525	0.0094	0.0294	0.0680	0.0410	0.0609	0.0602	0.3897
000106	A	0.001311	0.069243	0.180516	0.0144	0.0341	0.0660	0.0370	0.0609	0.0589	0.4245
000107	F	0.001529	0.061102	0.181227	0.0079	0.0341	0.0650	0.0350	0.0584	0.0599	0.3762
000108	W	0.003522	0.051602	0.182131	0.0118	0.0555	0.0600	0.0250	0.0608	0.0585	0.3449
000109	C	0.012145	0.046770	0.183032	0.0226	0.0870	0.0540	0.0200	0.0676	0.0569	0.3223
000110	L	0.013602	0.047929	0.183826	0.0441	0.1476	0.0520	0.0170	0.0816	0.0617	0.2998
000111	L	0.014291	0.048750	0.184351	0.0567	0.2328	0.0520	0.0130	0.0981	0.0805	0.2830
000112	D	0.014354	0.058446	0.184420	0.0607	0.1823	0.0580	0.0180	0.0930	0.0658	0.2765
000113	M	0.014386	0.087042	0.185765	0.0677	0.1399	0.0750	0.0360	0.0950	0.0547	0.2694
000114	M	0.014405	0.128340	0.190110	0.0414	0.0948	0.0940	0.0520	0.0939	0.0570	0.2738
000115	P	0.023837	0.181816	0.198172	0.0279	0.0518	0.0840	0.0320	0.0946	0.0704	0.2853
000116	I	0.029660	0.245739	0.208197	0.0160	0.0349	0.1070	0.0440	0.1069	0.0903	0.2943
000117	K	0.029251	0.293147	0.219155	0.0121	0.0227	0.1170	0.0490	0.1155	0.1073	0.3063
000118	N	0.027237	0.299135	0.230846	0.0167	0.0380	0.1270	0.0480	0.1231	0.1083	0.3114
000119	E	0.027618	0.290336	0.244113	0.0194	0.0372	0.1290	0.0460	0.1247	0.1079	0.3103
000120	M	0.028664	0.260897	0.257141	0.0395	0.0704	0.1240	0.0420	0.1301	0.0960	0.3014
000121	G	0.030421	0.210307	0.270609	0.0414	0.1092	0.1020	0.0320	0.1274	0.0867	0.3030
000122	E	0.031668	0.162932	0.283509	0.0723	0.1070	0.0840	0.0210	0.1236	0.0817	0.3015
000123	V	0.034194	0.130539	0.297583	0.0771	0.1070	0.0770	0.0190	0.1206	0.0845	0.2938
000124	V	0.042787	0.110349	0.312139	0.0643	0.1323	0.0660	0.0170	0.1213	0.0905	0.2881
000125	L	0.064218	0.096640	0.326947	0.0858	0.1501	0.0630	0.0140	0.1311	0.0923	0.2809
000126	F	0.064173	0.094174	0.341160	0.0832	0.1298	0.0790	0.0150	0.1319	0.0958	0.2764
000127	L	0.058165	0.098249	0.350615	0.1349	0.1791	0.1030	0.0200	0.1539	0.0954	0.2810
000128	F	0.057292	0.131198	0.357006	0.1456	0.2002	0.1350	0.0320	0.1711	0.0930	0.2907
000129	S	0.055659	0.180881	0.361084	0.1532	0.1914	0.1770	0.0460	0.1866	0.0902	0.3082
000130	F	0.053984	0.246715	0.367929	0.1667	0.1251	0.2590	0.0890	0.2033	0.1015	0.3271
000131	K	0.052895	0.321993	0.378081	0.2080	0.1449	0.3590	0.1180	0.2442	0.1190	0.3507
000132	D	0.050629	0.369322	0.391857	0.1602	0.1643	0.5030	0.0840	0.2733	0.1584	0.3703
000133	I	0.034264	0.432478	0.409983	0.1495	0.1643	0.6280	0.1100	0.3031	0.2037	0.3866
000134	T	0.009439	0.508190	0.431217	0.2432	0.2094	0.6500	0.0960	0.3419	0.2115	0.4054
000135	Q	0.068453	0.564700	0.456090	0.3263	0.2575	0.6400	0.1040	0.3855	0.1924	0.4202
000136	S	0.128210	0.625074	0.481978	0.4037	0.3249	0.6390	0.1480	0.4338	0.1766	0.4327
000137	G	0.237657	0.669452	0.508386	0.4879	0.4220	0.6220	0.1500	0.4913	0.1405	0.4264
000138	S	0.347892	0.699598	0.533763	0.5514	0.4940	0.6590	0.1530	0.5476	0.1143	0.4221
000139	P	0.457927	0.699178	0.558915	0.6412	0.6089	0.6580	0.1310	0.6041	0.0783	0.4198
000140	G	0.568364	0.714913	0.583728	0.6334	0.6227	0.7190	0.1230	0.6403	0.0584	0.4195
000141	L	0.678887	0.723445	0.609040	0.7079	0.7505	0.7110	0.1170	0.6968	0.0446	0.4188
000142	G	0.787569	0.729221	0.634969	0.7147	0.7628	0.6940	0.1120	0.7206	0.0490	0.4182
000143	P	0.894518	0.747917	0.661484	0.7034	0.7672	0.7080	0.0900	0.7471	0.0741	0.4170
000144	Q	0.940296	0.766705	0.686385	0.7644	0.8375	0.7330	0.0840	0.7881	0.0816	0.4148
000145	G	0.963560	0.784843	0.707927	0.7644	0.7547	0.7470	0.0820	0.7871	0.0822	0.4145
000146	G	0.926327	0.801021	0.725731	0.7458	0.7415	0.7390	0.0650	0.7799	0.0697	0.4167
000147	R	0.886412	0.800442	0.740993	0.7034	0.7459	0.7510	0.1070	0.7714	0.0587	0.4191
000148	G	0.857558	0.802804	0.754661	0.7079	0.7505	0.7560	0.1330	0.7716	0.0472	0.4217
000149	D	0.798587	0.812940	0.767414	0.7111	0.7595	0.7420	0.1580	0.7652	0.0339	0.4244
000150	S	0.750755	0.821729	0.779278	0.6906	0.6906	0.7640	0.1650	0.7495	0.0470	0.4272
000151	N	0.664707	0.822894	0.792099	0.6944	0.6991	0.7460	0.1890	0.7365	0.0562	0.4297
000152	H	0.653218	0.831298	0.803675	0.7388	0.6661	0.7400	0.2020	0.7389	0.0650	0.4316
000153	E	0.645882	0.833973	0.814796	0.7418	0.6712	0.7060	0.2040	0.7356	0.0696	0.4331
000154	N	0.586998	0.818815	0.823990	0.6293	0.5055	0.7390	0.1880	0.6839	0.1191	0.4336
000155	S	0.612685	0.812726	0.832812	0.6293	0.4979	0.7680	0.1850	0.6923	0.1212	0.4342
000156	L	0.652185	0.805971	0.841681	0.5583	0.4940	0.7950	0.1710	0.6913	0.1321	0.4364
000157	G	0.681870	0.806043	0.851092	0.5623	0.4652	0.7940	0.1670	0.6934	0.1397	0.4390
000158	R	0.741233	0.810813	0.864927	0.5667	0.4652	0.8140	0.1520	0.7104	0.1451	0.4426
000159	R	0.789329	0.825732	0.881225	0.5514	0.4685	0.8320	0.1490	0.7247	0.1561	0.4472
000160	G	0.876016	0.827732	0.899186	0.5623	0.4652	0.8510	0.1520	0.7469	0.1687	0.4539
000161	A	0.888379	0.834668	0.913794	0.5711	0.4685	0.8480	0.1640	0.7540	0.1702	0.4631
000162	T	0.900214	0.837003	0.923734	0.5802	0.4582	0.8450	0.1690	0.7573	0.1746	0.4724
000163	W	0.986110	0.832431	0.928560	0.5762	0.4652	0.8460	0.1670	0.7724	0.1879	0.4814
000164	K	0.998292	0.842061	0.927835	0.5900	0.3948	0.8430	0.1700	0.7659	0.2084	0.4926
000165	F	0.999350	0.834046	0.924073	0.5900	0.3087	0.8560	0.1550	0.7521	0.2349	0.5049
000166	R	0.998852	0.826853	0.918230	0.5412	0.3117	0.8510	0.1580	0.7414	0.2386	0.5113
000167	S	0.998347	0.809449	0.912990	0.5412	0.3872	0.8550	0.1600	0.7507	0.2153	0.5177
000168	A	0.997548	0.794060	0.909276	0.5412	0.3053	0.8580	0.1590	0.7342	0.2381	0.5234
000169	R	0.996478	0.788266	0.907093	0.5412	0.3087	0.8570	0.1600	0.7332	0.2363	0.5265
000170	R	0.996094	0.784483	0.906067	0.4825	0.3053	0.8570	0.1610	0.7218	0.2456	0.5256
000171	R	0.995816	0.784467	0.904716	0.4825	0.3053	0.8490	0.1690	0.7204	0.2448	0.5208
000172	S	0.995861	0.787731	0.903016	0.5008	0.2224	0.8510	0.1440	0.7101	0.2666	0.5138
000173	R	0.995709	0.782837	0.900517	0.5043	0.2193	0.8590	0.1250	0.7103	0.2673	0.5083
000174	T	0.995633	0.760891	0.897413	0.5296	0.3182	0.8500	0.1180	0.7253	0.2322	0.5011
000175	V	0.996038	0.750959	0.893413	0.5173	0.3182	0.8180	0.1170	0.7156	0.2306	0.4911
000176	L	0.992937	0.737470	0.887415	0.5846	0.4186	0.7670	0.1200	0.7314	0.1886	0.4778
000177	H	0.939730	0.697103	0.879705	0.5802	0.4292	0.7620	0.1250	0.7146	0.1732	0.4596
000178	R	0.851249	0.678242	0.870676	0.5802	0.4330	0.7180	0.1240	0.6885	0.1515	0.4406
000179	L	0.758437	0.650508	0.862025	0.6124	0.4582	0.6590	0.1520	0.6667	0.1247	0.4232
000180	T	0.648986	0.651275	0.854843	0.6079	0.4149	0.5820	0.1480	0.6267	0.1293	0.4077
000181	G	0.539205	0.653320	0.848756	0.6035	0.4149	0.5490	0.1680	0.6014	0.1325	0.3935
000182	H	0.429875	0.645813	0.842493	0.5711	0.3807	0.5600	0.1870	0.5717	0.1503	0.3801
000183	F	0.320815	0.654467	0.834023	0.5802	0.3948	0.6060	0.1890	0.5651	0.1688	0.3699
000184	G	0.210720	0.657142	0.823485	0.5514	0.4017	0.5540	0.2000	0.5331	0.1922	0.3674
000185	R	0.105525	0.664850	0.812150	0.5514	0.4051	0.5960	0.1930	0.5224	0.2229	0.3721
000186	R	0.053481	0.665461	0.799841	0.5992	0.4017	0.6420	0.2000	0.5270	0.2422	0.3813
000187	G	0.035492	0.657687	0.786776	0.6474	0.3704	0.6200	0.2120	0.5196	0.2495	0.3915
000188	Q	0.022863	0.651556	0.773742	0.5900	0.3840	0.6300	0.2040	0.5088	0.2462	0.3981
000189	G	0.032207	0.653208	0.762227	0.4918	0.4087	0.5910	0.2160	0.4899	0.2335	0.4059
000190	G	0.071744	0.651092	0.752075	0.5412	0.4940	0.5080	0.2220	0.5031	0.2127	0.4145
000191	M	0.125803	0.634429	0.741260	0.5549	0.5176	0.4910	0.2260	0.5108	0.1911	0.4190
000192	K	0.197670	0.618746	0.727412	0.5583	0.5139	0.4310	0.2090	0.5078	0.1659	0.4319
000193	A	0.216957	0.605147	0.709522	0.5667	0.4476	0.4040	0.1860	0.4917	0.1586	0.4174
000194	N	0.215867	0.589039	0.688681	0.6374	0.6043	0.3640	0.1650	0.5165	0.1688	0.3989
000195	N	0.211617	0.569267	0.667682	0.5762	0.6227	0.3250	0.1530	0.4955	0.1670	0.3872
000196	N	0.208790	0.554185	0.647399	0.5900	0.5098	0.3550	0.1390	0.4775	0.1504	0.3751
000197	V	0.204400	0.558633	0.625931	0.5802	0.5098	0.4310	0.1700	0.4849	0.1394	0.3662
000198	F	0.194364	0.573731	0.602297	0.4967	0.4409	0.4980	0.2170	0.4677	0.1333	0.3556
000199	E	0.164835	0.593287	0.575607	0.4781	0.3983	0.4880	0.2190	0.4496	0.1429	0.3392
000200	P	0.121823	0.619914	0.547540	0.4149	0.3948	0.4890	0.1940	0.4313	0.1580	0.3275
000201	K	0.065320	0.618278	0.518472	0.3762	0.3286	0.5700	0.2010	0.4128	0.1859	0.3150
000202	P	0.108162	0.613576	0.490231	0.3992	0.3704	0.5750	0.1700	0.4260	0.1665	0.3001
000203	S	0.147839	0.623368	0.462248	0.3146	0.3704	0.5830	0.1540	0.4169	0.1619	0.2902
000204	V	0.184246	0.621002	0.434546	0.3263	0.3983	0.5520	0.1420	0.4194	0.1431	0.2822
000205	P	0.244945	0.611584	0.407068	0.3184	0.3872	0.4950	0.1540	0.4108	0.1184	0.2731
000206	E	0.274519	0.613580	0.380947	0.3053	0.3087	0.4630	0.1520	0.3911	0.1173	0.2646
000207	Y	0.282108	0.603773	0.357507	0.3005	0.2129	0.4420	0.1430	0.3665	0.1273	0.2552
000208	K	0.281365	0.575131	0.336126	0.2820	0.1942	0.3320	0.1480	0.3334	0.1177	0.2455
000209	V	0.275288	0.509188	0.316665	0.2820	0.2129	0.2390	0.1230	0.3058	0.0967	0.2379
000210	A	0.260384	0.443589	0.297208	0.1921	0.2002	0.1610	0.0880	0.2590	0.0941	0.2352
000211	S	0.203994	0.361799	0.276010	0.1018	0.1070	0.1220	0.0650	0.1954	0.0968	0.2330
000212	V	0.163451	0.296595	0.252840	0.0935	0.1028	0.1120	0.0620	0.1701	0.0782	0.2328
000213	G	0.127233	0.256081	0.229648	0.0425	0.0568	0.0940	0.0510	0.1344	0.0817	0.2341
000214	G	0.073515	0.242414	0.209660	0.0414	0.0568	0.0710	0.0340	0.1158	0.0792	0.2386
000215	S	0.044609	0.218360	0.192412	0.0350	0.0835	0.0530	0.0210	0.1045	0.0732	0.2455
000216	R	0.036638	0.211775	0.175938	0.0297	0.0568	0.0460	0.0160	0.0928	0.0727	0.2543
000217	C	0.026350	0.186159	0.160456	0.0279	0.0300	0.0430	0.0130	0.0790	0.0673	0.2600
000218	L	0.019868	0.168830	0.145928	0.0336	0.0275	0.0440	0.0110	0.0733	0.0603	0.2704
000219	L	0.017616	0.144889	0.132172	0.0144	0.0281	0.0450	0.0120	0.0636	0.0539	0.2837
000220	L	0.011082	0.127157	0.117371	0.0109	0.0424	0.0500	0.0170	0.0597	0.0466	0.2939
000221	H	0.010831	0.106352	0.102235	0.0150	0.0294	0.0440	0.0110	0.0512	0.0390	0.2962
000222	Y	0.009871	0.099203	0.088540	0.0137	0.0184	0.0460	0.0130	0.0459	0.0359	0.2953
000223	S	0.002196	0.098139	0.078367	0.0109	0.0165	0.0440	0.0130	0.0417	0.0358	0.2893
000224	V	0.000689	0.103353	0.073027	0.0066	0.0107	0.0410	0.0120	0.0393	0.0379	0.2846
000225	S	0.000466	0.110675	0.071388	0.0029	0.0094	0.0380	0.0110	0.0388	0.0405	0.2746
000226	K	0.000199	0.112647	0.071300	0.0010	0.0097	0.0420	0.0130	0.0394	0.0414	0.2601
000227	A	0.000118	0.105978	0.071109	0.0008	0.0066	0.0450	0.0140	0.0383	0.0399	0.2480
000228	I	0.000053	0.095717	0.071918	0.0010	0.0062	0.0460	0.0130	0.0368	0.0373	0.2341
000229	W	0.000028	0.076485	0.073743	0.0009	0.0065	0.0470	0.0130	0.0341	0.0330	0.2165
000230	D	0.000018	0.058819	0.076345	0.0009	0.0076	0.0430	0.0120	0.0312	0.0300	0.1876
000231	G	0.000014	0.043807	0.079134	0.0010	0.0082	0.0410	0.0120	0.0288	0.0287	0.1589
000232	L	0.000013	0.033709	0.082336	0.0008	0.0084	0.0390	0.0120	0.0273	0.0289	0.1349
000233	I	0.000013	0.020080	0.085617	0.0009	0.0090	0.0370	0.0100	0.0254	0.0297	0.1119
000234	L	0.000013	0.016619	0.088745	0.0009	0.0101	0.0350	0.0090	0.0253	0.0307	0.0916
000235	L	0.000013	0.015575	0.091691	0.0009	0.0093	0.0350	0.0080	0.0254	0.0318	0.0738
000236	A	0.000014	0.016927	0.095180	0.0013	0.0099	0.0350	0.0090	0.0264	0.0329	0.0590
000237	T	0.000014	0.017818	0.099007	0.0007	0.0076	0.0360	0.0110	0.0268	0.0345	0.0481
000238	F	0.000012	0.020694	0.102435	0.0009	0.0069	0.0370	0.0120	0.0279	0.0357	0.0378
000239	Y	0.000012	0.024878	0.105354	0.0012	0.0061	0.0380	0.0140	0.0292	0.0366	0.0311
000240	V	0.000022	0.026511	0.107961	0.0024	0.0085	0.0380	0.0150	0.0306	0.0371	0.0250
000241	A	0.000080	0.030079	0.111289	0.0007	0.0083	0.0440	0.0180	0.0324	0.0387	0.0216
000242	V	0.000180	0.037678	0.115818	0.0007	0.0083	0.0610	0.0260	0.0372	0.0414	0.0199
000243	T	0.000376	0.044225	0.121669	0.0013	0.0115	0.0880	0.0430	0.0445	0.0461	0.0192
000244	V	0.000497	0.050840	0.128367	0.0042	0.0181	0.1090	0.0480	0.0519	0.0503	0.0191
000245	P	0.001104	0.063316	0.134854	0.0087	0.0306	0.0990	0.0420	0.0562	0.0483	0.0200
000246	Y	0.008772	0.078060	0.141204	0.0212	0.0631	0.0960	0.0290	0.0680	0.0446	0.0208
000247	N	0.019221	0.095809	0.146801	0.0279	0.0405	0.0970	0.0280	0.0713	0.0457	0.0225
000248	V	0.026763	0.131735	0.152071	0.0376	0.0405	0.1200	0.0320	0.0847	0.0508	0.0233
000249	C	0.035732	0.164782	0.156716	0.0363	0.0817	0.1600	0.0410	0.1059	0.0568	0.0258
000250	F	0.042357	0.218821	0.160619	0.0607	0.1373	0.2080	0.0500	0.1380	0.0672	0.0278
000251	S	0.048940	0.294800	0.163980	0.0991	0.1914	0.2650	0.0780	0.1771	0.0860	0.0318
000252	G	0.054275	0.386156	0.166649	0.1205	0.2258	0.3300	0.1040	0.2139	0.1153	0.0360
000253	D	0.062331	0.465891	0.169318	0.1635	0.1969	0.3560	0.1250	0.2357	0.1346	0.0408
000254	D	0.068059	0.556591	0.171304	0.1635	0.1323	0.3630	0.1260	0.2425	0.1669	0.0428
000255	D	0.067977	0.615957	0.172947	0.1456	0.1823	0.3720	0.0990	0.2595	0.1839	0.0430
000256	T	0.069958	0.644898	0.174868	0.0771	0.1643	0.3550	0.0550	0.2477	0.2009	0.0411
000257	P	0.114238	0.644229	0.177671	0.1349	0.1528	0.3280	0.0570	0.2587	0.1859	0.0400
000258	I	0.150704	0.633854	0.181098	0.1416	0.1137	0.3190	0.0680	0.2567	0.1811	0.0362
000259	T	0.176207	0.580428	0.184020	0.1322	0.1092	0.3050	0.1020	0.2479	0.1611	0.0346
000260	S	0.187282	0.508431	0.186196	0.1495	0.1731	0.2540	0.0860	0.2431	0.1228	0.0310
000261	R	0.197033	0.442507	0.187789	0.1805	0.2399	0.1780	0.0580	0.2377	0.0939	0.0289
000262	H	0.194658	0.374203	0.188532	0.1998	0.1528	0.1440	0.0590	0.2090	0.0768	0.0254
000263	T	0.199505	0.300537	0.187713	0.1698	0.0719	0.1300	0.0570	0.1765	0.0698	0.0213
000264	L	0.196907	0.269264	0.185963	0.0991	0.0349	0.1180	0.0580	0.1507	0.0759	0.0170
000265	V	0.189467	0.242509	0.184174	0.0514	0.0188	0.1030	0.0540	0.1315	0.0800	0.0141
000266	S	0.140921	0.207827	0.183386	0.0297	0.0191	0.0880	0.0460	0.1115	0.0720	0.0119
000267	D	0.097854	0.173759	0.182675	0.0157	0.0108	0.0790	0.0340	0.0933	0.0677	0.0104
000268	I	0.066172	0.142883	0.181554	0.0131	0.0067	0.0630	0.0270	0.0789	0.0640	0.0085
000269	A	0.051047	0.098869	0.180325	0.0157	0.0067	0.0600	0.0280	0.0687	0.0583	0.0074
000270	V	0.038397	0.064651	0.178923	0.0086	0.0069	0.0650	0.0360	0.0604	0.0579	0.0062
000271	E	0.036319	0.049158	0.177909	0.0044	0.0046	0.0640	0.0340	0.0561	0.0587	0.0056
000272	M	0.027575	0.036638	0.176591	0.0052	0.0046	0.0580	0.0250	0.0515	0.0589	0.0046
000273	L	0.024061	0.026434	0.174582	0.0022	0.0047	0.0540	0.0180	0.0476	0.0592	0.0038
000274	F	0.020124	0.020995	0.171289	0.0026	0.0047	0.0490	0.0160	0.0448	0.0586	0.0036
000275	I	0.018580	0.019924	0.166756	0.0055	0.0046	0.0440	0.0170	0.0432	0.0567	0.0036
000276	L	0.018481	0.020559	0.161971	0.0084	0.0046	0.0410	0.0170	0.0425	0.0547	0.0036
000277	D	0.021184	0.022030	0.157247	0.0040	0.0045	0.0390	0.0170	0.0414	0.0532	0.0038
000278	I	0.018802	0.023396	0.153586	0.0012	0.0045	0.0390	0.0140	0.0401	0.0523	0.0037
000279	I	0.016352	0.028022	0.150810	0.0034	0.0060	0.0420	0.0120	0.0411	0.0508	0.0041
000280	L	0.012819	0.033703	0.148591	0.0049	0.0066	0.0550	0.0180	0.0437	0.0501	0.0045
000281	N	0.010991	0.047456	0.146596	0.0079	0.0088	0.0720	0.0300	0.0489	0.0496	0.0052
000282	F	0.010584	0.068869	0.144332	0.0070	0.0064	0.0970	0.0430	0.0557	0.0525	0.0058
000283	R	0.014004	0.094307	0.141441	0.0086	0.0053	0.1160	0.0470	0.0632	0.0556	0.0069
000284	T	0.016020	0.122626	0.137029	0.0082	0.0070	0.1440	0.0420	0.0725	0.0625	0.0078
000285	T	0.025162	0.156381	0.132095	0.0069	0.0095	0.1970	0.0440	0.0878	0.0765	0.0083
000286	Y	0.033379	0.220948	0.127908	0.0109	0.0178	0.2920	0.0580	0.1172	0.1078	0.0080
000287	V	0.060516	0.280606	0.124578	0.0141	0.0306	0.3620	0.0750	0.1455	0.1313	0.0080
000288	S	0.074440	0.360526	0.122113	0.0179	0.0281	0.3760	0.0900	0.1631	0.1489	0.0084
000289	Q	0.174075	0.435344	0.119939	0.0327	0.0275	0.3550	0.0860	0.1907	0.1547	0.0091
000290	S	0.276571	0.509399	0.118242	0.0554	0.0531	0.3550	0.0870	0.2279	0.1683	0.0087
000291	G	0.368697	0.515217	0.117140	0.0464	0.0494	0.3750	0.0720	0.2454	0.1823	0.0080
000292	Q	0.457833	0.534096	0.116651	0.0464	0.0424	0.3970	0.0450	0.2657	0.2026	0.0064
000293	V	0.552898	0.530246	0.117349	0.0414	0.0518	0.4230	0.0480	0.2861	0.2209	0.0051
000294	I	0.601995	0.520438	0.119033	0.0376	0.0253	0.4250	0.0800	0.2882	0.2351	0.0040
000295	S	0.591254	0.489898	0.121543	0.0173	0.0191	0.3820	0.0940	0.2701	0.2284	0.0033
000296	A	0.563919	0.461420	0.124534	0.0078	0.0191	0.3170	0.0740	0.2490	0.2143	0.0027
000297	P	0.549846	0.410165	0.127299	0.0109	0.0174	0.2140	0.0540	0.2216	0.1993	0.0024
000298	R	0.450049	0.343469	0.129984	0.0231	0.0130	0.1540	0.0430	0.1857	0.1608	0.0019
000299	S	0.346962	0.267291	0.132420	0.0099	0.0078	0.1130	0.0240	0.1463	0.1252	0.0013
000300	I	0.253786	0.197582	0.135130	0.0042	0.0054	0.0850	0.0080	0.1134	0.0928	0.0008
000301	G	0.160200	0.145161	0.138007	0.0010	0.0056	0.0730	0.0100	0.0872	0.0653	0.0006
000302	L	0.061404	0.098338	0.140704	0.0006	0.0041	0.0710	0.0140	0.0626	0.0495	0.0004
000303	H	0.000895	0.064065	0.142994	0.0006	0.0029	0.0740	0.0150	0.0476	0.0524	0.0003
000304	Y	0.000223	0.042357	0.145390	0.0005	0.0032	0.0800	0.0180	0.0453	0.0533	0.0002
000305	L	0.000171	0.025461	0.147960	0.0005	0.0039	0.0930	0.0230	0.0451	0.0562	0.0001
000306	A	0.000137	0.018867	0.150301	0.0004	0.0028	0.1110	0.0350	0.0472	0.0603	0.0001
000307	T	0.000108	0.015864	0.151882	0.0004	0.0036	0.1220	0.0440	0.0490	0.0631	0.0001
000308	W	0.000089	0.013413	0.153104	0.0002	0.0022	0.1270	0.0470	0.0493	0.0647	0.0001
000309	F	0.000072	0.012295	0.154294	0.0002	0.0023	0.1110	0.0440	0.0467	0.0622	0.0000
000310	F	0.000048	0.013336	0.155300	0.0001	0.0016	0.0880	0.0300	0.0431	0.0591	0.0000
000311	I	0.000028	0.015023	0.156347	0.0002	0.0016	0.0690	0.0200	0.0404	0.0572	0.0000
000312	D	0.000016	0.016325	0.157594	0.0001	0.0012	0.0570	0.0160	0.0387	0.0568	0.0000
000313	L	0.000002	0.017059	0.159150	0.0001	0.0012	0.0560	0.0190	0.0389	0.0572	0.0001
000314	I	0.000002	0.020063	0.161108	0.0001	0.0007	0.0560	0.0190	0.0397	0.0578	0.0001
000315	A	0.000006	0.022189	0.163645	0.0001	0.0012	0.0540	0.0170	0.0401	0.0584	0.0001
000316	A	0.000019	0.023608	0.166508	0.0001	0.0012	0.0550	0.0170	0.0410	0.0594	0.0001
000317	L	0.000073	0.027147	0.168964	0.0001	0.0014	0.0550	0.0180	0.0422	0.0601	0.0001
000318	P	0.000124	0.028182	0.170614	0.0001	0.0010	0.0530	0.0160	0.0422	0.0606	0.0001
000319	F	0.000138	0.026876	0.170858	0.0001	0.0015	0.0540	0.0160	0.0422	0.0607	0.0001
000320	D	0.000151	0.025733	0.169906	0.0001	0.0024	0.0530	0.0160	0.0418	0.0603	0.0002
000321	L	0.000163	0.023737	0.168412	0.0001	0.0026	0.0500	0.0160	0.0409	0.0598	0.0002
000322	L	0.000170	0.021604	0.166769	0.0002	0.0029	0.0510	0.0160	0.0404	0.0593	0.0002
000323	Y	0.000171	0.022355	0.165071	0.0001	0.0027	0.0510	0.0150	0.0403	0.0587	0.0002
000324	I	0.000169	0.023056	0.162633	0.0001	0.0027	0.0520	0.0160	0.0401	0.0578	0.0002
000325	F	0.000158	0.029022	0.160231	0.0001	0.0028	0.0520	0.0160	0.0408	0.0567	0.0002
000326	N	0.000125	0.034395	0.157829	0.0001	0.0033	0.0510	0.0150	0.0411	0.0556	0.0002
000327	I	0.000095	0.038344	0.155260	0.0001	0.0038	0.0520	0.0140	0.0416	0.0546	0.0002
000328	T	0.000102	0.045254	0.152692	0.0001	0.0041	0.0520	0.0130	0.0424	0.0537	0.0002
000329	V	0.000153	0.055889	0.150210	0.0001	0.0038	0.0480	0.0110	0.0429	0.0531	0.0002
000330	T	0.000214	0.061359	0.148878	0.0001	0.0042	0.0470	0.0120	0.0437	0.0528	0.0002
000331	S	0.000280	0.074859	0.148661	0.0001	0.0031	0.0490	0.0130	0.0460	0.0539	0.0002
000332	L	0.000998	0.085507	0.150551	0.0001	0.0041	0.0570	0.0130	0.0497	0.0554	0.0002
000333	V	0.001496	0.098672	0.152714	0.0001	0.0042	0.0670	0.0170	0.0540	0.0578	0.0002
000334	H	0.001982	0.111860	0.154599	0.0002	0.0042	0.0770	0.0210	0.0583	0.0605	0.0001
000335	L	0.002480	0.132255	0.155297	0.0003	0.0057	0.0900	0.0230	0.0643	0.0644	0.0001
000336	L	0.014823	0.137695	0.155815	0.0003	0.0062	0.0990	0.0240	0.0689	0.0642	0.0001
000337	K	0.024458	0.142016	0.156317	0.0003	0.0044	0.0950	0.0230	0.0704	0.0639	0.0001
000338	T	0.028251	0.139794	0.157133	0.0003	0.0062	0.0840	0.0170	0.0692	0.0623	0.0001
000339	V	0.101630	0.131499	0.157383	0.0002	0.0061	0.0820	0.0200	0.0798	0.0591	0.0001
000340	R	0.183577	0.110236	0.156941	0.0003	0.0057	0.0660	0.0300	0.0871	0.0699	0.0000
000341	L	0.276675	0.100883	0.155548	0.0003	0.0059	0.0630	0.0380	0.1004	0.0953	0.0000
000342	L	0.375261	0.094188	0.154310	0.0002	0.0060	0.0550	0.0320	0.1141	0.1280	0.0000
000343	R	0.466904	0.088660	0.153850	0.0003	0.0061	0.0490	0.0290	0.1275	0.1604	0.0000
000344	L	0.498017	0.093749	0.154135	0.0006	0.0076	0.0560	0.0350	0.1350	0.1705	0.0000
000345	L	0.517487	0.108181	0.154665	0.0004	0.0082	0.0650	0.0350	0.1423	0.1762	0.0000
000346	R	0.539666	0.126089	0.155056	0.0007	0.0094	0.0800	0.0340	0.1518	0.1823	0.0001
000347	L	0.538919	0.171590	0.155971	0.0021	0.0146	0.1270	0.0520	0.1684	0.1782	0.0001
000348	L	0.468576	0.214112	0.157830	0.0008	0.0117	0.1380	0.0390	0.1652	0.1559	0.0001
000349	Q	0.391514	0.256252	0.160608	0.0008	0.0085	0.1470	0.0330	0.1608	0.1362	0.0002
000350	K	0.298678	0.307746	0.163574	0.0010	0.0085	0.1570	0.0520	0.1561	0.1219	0.0003
000351	L	0.200570	0.339751	0.166789	0.0006	0.0060	0.1560	0.0510	0.1449	0.1167	0.0004
000352	E	0.110330	0.323455	0.170091	0.0007	0.0087	0.1410	0.0580	0.1257	0.1087	0.0007
000353	R	0.080717	0.307818	0.173393	0.0007	0.0085	0.1440	0.0780	0.1192	0.1056	0.0011
000354	Y	0.051460	0.289325	0.176697	0.0007	0.0060	0.1440	0.0800	0.1114	0.1032	0.0013
000355	S	0.020173	0.237567	0.179791	0.0007	0.0070	0.1370	0.0700	0.0970	0.0926	0.0016
000356	Q	0.017570	0.190407	0.182361	0.0008	0.0097	0.1370	0.0610	0.0897	0.0822	0.0019
000357	C	0.015085	0.164937	0.184069	0.0006	0.0073	0.1350	0.0670	0.0845	0.0782	0.0020
000358	S	0.010751	0.141864	0.185948	0.0012	0.0066	0.1240	0.0640	0.0784	0.0746	0.0020
000359	A	0.009884	0.107723	0.188346	0.0026	0.0082	0.1200	0.0720	0.0728	0.0706	0.0017
000360	V	0.008971	0.091516	0.191766	0.0008	0.0057	0.1190	0.0830	0.0696	0.0711	0.0014
000361	V	0.007132	0.079497	0.195359	0.0006	0.0041	0.1160	0.0820	0.0671	0.0718	0.0012
000362	L	0.005151	0.065491	0.198601	0.0007	0.0049	0.1150	0.0770	0.0649	0.0726	0.0011
000363	T	0.002608	0.053958	0.200231	0.0004	0.0045	0.1220	0.0760	0.0639	0.0745	0.0011
000364	L	0.002094	0.047342	0.201921	0.0003	0.0033	0.1180	0.0650	0.0622	0.0750	0.0010
000365	L	0.001602	0.045293	0.204198	0.0005	0.0037	0.1180	0.0500	0.0622	0.0758	0.0011
000366	M	0.000982	0.042011	0.207703	0.0003	0.0034	0.1230	0.0500	0.0628	0.0777	0.0012
000367	S	0.000358	0.042054	0.211460	0.0002	0.0026	0.1140	0.0400	0.0617	0.0781	0.0013
000368	V	0.000246	0.041540	0.215579	0.0003	0.0023	0.1090	0.0350	0.0615	0.0789	0.0014
000369	F	0.000178	0.038859	0.219867	0.0002	0.0016	0.1080	0.0350	0.0615	0.0805	0.0016
000370	A	0.000127	0.032080	0.224237	0.0002	0.0013	0.1030	0.0340	0.0602	0.0819	0.0020
000371	L	0.000095	0.029032	0.227766	0.0002	0.0013	0.1010	0.0400	0.0600	0.0831	0.0024
000372	L	0.000102	0.023712	0.231047	0.0001	0.0012	0.0980	0.0380	0.0591	0.0843	0.0028
000373	A	0.000089	0.015706	0.233529	0.0002	0.0017	0.0880	0.0310	0.0565	0.0850	0.0034
000374	H	0.000091	0.011384	0.235087	0.0001	0.0016	0.0750	0.0270	0.0539	0.0853	0.0040
000375	W	0.000124	0.009026	0.235424	0.0002	0.0024	0.0680	0.0250	0.0525	0.0852	0.0046
000376	M	0.000192	0.007276	0.235172	0.0003	0.0035	0.0640	0.0220	0.0517	0.0851	0.0052
000377	A	0.000259	0.006810	0.235140	0.0004	0.0035	0.0590	0.0180	0.0508	0.0850	0.0056
000378	C	0.000729	0.008329	0.234919	0.0004	0.0037	0.0620	0.0250	0.0516	0.0847	0.0061
000379	I	0.002219	0.010579	0.233825	0.0004	0.0042	0.0680	0.0340	0.0532	0.0841	0.0063
000380	W	0.003120	0.012755	0.231832	0.0008	0.0064	0.0750	0.0390	0.0550	0.0831	0.0072
000381	Y	0.004036	0.020946	0.229611	0.0008	0.0075	0.0700	0.0340	0.0555	0.0813	0.0078
000382	V	0.004972	0.033362	0.227106	0.0027	0.0125	0.0670	0.0340	0.0579	0.0788	0.0092
000383	I	0.007426	0.052429	0.223927	0.0069	0.0130	0.0710	0.0320	0.0624	0.0762	0.0105
000384	G	0.009059	0.092154	0.219994	0.0094	0.0100	0.0840	0.0370	0.0707	0.0755	0.0121
000385	R	0.013717	0.142232	0.215691	0.0062	0.0067	0.1170	0.0510	0.0835	0.0804	0.0133
000386	R	0.014779	0.206910	0.212288	0.0066	0.0102	0.1440	0.0580	0.0992	0.0913	0.0150
000387	E	0.018914	0.257326	0.210557	0.0049	0.0084	0.1690	0.0760	0.1115	0.1040	0.0170
000388	M	0.022146	0.314960	0.212393	0.0070	0.0096	0.2140	0.0980	0.1300	0.1220	0.0181
000389	E	0.034264	0.346901	0.215757	0.0070	0.0082	0.1870	0.0980	0.1331	0.1269	0.0193
000390	A	0.046085	0.353948	0.217929	0.0150	0.0084	0.1550	0.0810	0.1327	0.1248	0.0207
000391	N	0.057907	0.311226	0.215778	0.0144	0.0125	0.1240	0.0660	0.1226	0.1098	0.0209
000392	D	0.071587	0.263343	0.209976	0.0212	0.0240	0.0840	0.0400	0.1123	0.0921	0.0209
000393	P	0.086067	0.199921	0.202386	0.0327	0.0205	0.0580	0.0260	0.0999	0.0745	0.0204
000394	L	0.081891	0.141715	0.194000	0.0701	0.0389	0.0480	0.0220	0.0957	0.0550	0.0192
000395	L	0.090352	0.092140	0.184950	0.0405	0.0405	0.0350	0.0160	0.0806	0.0523	0.0183
000396	W	0.086100	0.071864	0.175224	0.0478	0.0405	0.0290	0.0140	0.0751	0.0486	0.0183
000397	D	0.082149	0.068426	0.165129	0.0554	0.0214	0.0250	0.0110	0.0696	0.0479	0.0177
000398	I	0.069243	0.064564	0.155031	0.0464	0.0209	0.0270	0.0100	0.0639	0.0444	0.0161
000399	G	0.056488	0.059319	0.144743	0.0405	0.0188	0.0310	0.0120	0.0585	0.0410	0.0165
000400	W	0.043719	0.066294	0.134296	0.0405	0.0194	0.0390	0.0170	0.0572	0.0371	0.0169
000401	L	0.027591	0.077984	0.124300	0.0327	0.0143	0.0470	0.0200	0.0540	0.0372	0.0174
000402	H	0.011512	0.105485	0.115702	0.0405	0.0096	0.0600	0.0250	0.0571	0.0416	0.0186
000403	E	0.018685	0.136251	0.108449	0.0212	0.0099	0.0910	0.0360	0.0642	0.0496	0.0204
000404	L	0.011637	0.180823	0.101672	0.0099	0.0090	0.1250	0.0330	0.0730	0.0671	0.0215
000405	G	0.016310	0.212051	0.096203	0.0231	0.0138	0.1570	0.0240	0.0864	0.0764	0.0240
000406	K	0.024343	0.256074	0.091569	0.0441	0.0160	0.1850	0.0290	0.1028	0.0890	0.0262
000407	R	0.106031	0.302988	0.088385	0.0744	0.0306	0.2210	0.0460	0.1372	0.0941	0.0277
000408	L	0.197760	0.316468	0.084937	0.0441	0.0294	0.2590	0.0750	0.1553	0.1093	0.0298
000409	E	0.289580	0.309608	0.081792	0.0744	0.0704	0.2130	0.0730	0.1731	0.1020	0.0337
000410	V	0.390085	0.327828	0.077984	0.0723	0.0704	0.1920	0.0700	0.1884	0.1289	0.0351
000411	P	0.495632	0.325814	0.073953	0.1456	0.1449	0.1860	0.0990	0.2287	0.1416	0.0367
000412	Y	0.589055	0.327370	0.069431	0.2080	0.2399	0.2000	0.1220	0.2723	0.1607	0.0380
000413	V	0.677056	0.364333	0.065421	0.2255	0.2470	0.1920	0.0960	0.2952	0.1921	0.0395
000414	N	0.778291	0.426828	0.061931	0.2209	0.1942	0.2060	0.0540	0.3147	0.2333	0.0397
000415	G	0.878389	0.501130	0.059070	0.3053	0.2002	0.2420	0.0520	0.3644	0.2650	0.0417
000416	S	0.905591	0.586984	0.056010	0.2602	0.1206	0.2980	0.0780	0.3712	0.2921	0.0421
000417	V	0.923174	0.639172	0.052494	0.1878	0.0967	0.3770	0.0690	0.3794	0.3127	0.0424
000418	G	0.841082	0.672984	0.047512	0.1349	0.0765	0.4310	0.0810	0.3674	0.3063	0.0428
000419	G	0.757870	0.685588	0.039649	0.1732	0.0817	0.5090	0.0760	0.3744	0.2887	0.0428
000420	P	0.665495	0.681074	0.029589	0.1349	0.0389	0.5510	0.0780	0.3501	0.2873	0.0421
000421	S	0.585564	0.633241	0.019882	0.1349	0.0294	0.5220	0.0680	0.3209	0.2641	0.0412
000422	R	0.522487	0.560853	0.013493	0.0723	0.0258	0.4330	0.0850	0.2712	0.2378	0.0406
000423	R	0.425211	0.481453	0.010084	0.0701	0.0269	0.3090	0.1140	0.2205	0.1925	0.0408
000424	S	0.329825	0.385029	0.008130	0.1060	0.0433	0.2140	0.0850	0.1811	0.1410	0.0395
000425	A	0.238599	0.274278	0.006865	0.0607	0.0380	0.1510	0.0470	0.1282	0.1012	0.0382
000426	Y	0.139081	0.197286	0.006653	0.0567	0.0218	0.1260	0.0400	0.0913	0.0682	0.0367
000427	I	0.134288	0.155457	0.007596	0.0567	0.0235	0.1260	0.0470	0.0839	0.0572	0.0347
000428	A	0.117614	0.123094	0.009727	0.0514	0.0372	0.1160	0.0500	0.0758	0.0448	0.0333
000429	A	0.104492	0.105834	0.012691	0.0502	0.0240	0.1120	0.0510	0.0681	0.0408	0.0323
000430	L	0.083300	0.103428	0.016636	0.0490	0.0244	0.1150	0.0480	0.0653	0.0378	0.0315
000431	Y	0.055842	0.096641	0.021824	0.0259	0.0113	0.1140	0.0470	0.0543	0.0390	0.0305
000432	F	0.046860	0.099085	0.027376	0.0252	0.0115	0.1400	0.0800	0.0583	0.0460	0.0304
000433	T	0.033381	0.120375	0.032902	0.0102	0.0120	0.1250	0.0720	0.0556	0.0483	0.0297
000434	L	0.015653	0.146958	0.037586	0.0097	0.0091	0.1140	0.0580	0.0555	0.0547	0.0282
000435	S	0.005887	0.174985	0.041958	0.0097	0.0072	0.0980	0.0440	0.0564	0.0622	0.0274
000436	S	0.001000	0.203660	0.045262	0.0078	0.0073	0.0890	0.0300	0.0590	0.0715	0.0267
000437	L	0.000454	0.221923	0.048034	0.0069	0.0108	0.0940	0.0260	0.0637	0.0777	0.0253
000438	T	0.003766	0.232241	0.049790	0.0079	0.0188	0.0930	0.0230	0.0676	0.0797	0.0250
000439	S	0.009197	0.233780	0.051534	0.0090	0.0240	0.0980	0.0220	0.0709	0.0790	0.0244
000440	V	0.012730	0.240392	0.053237	0.0118	0.0240	0.1200	0.0320	0.0770	0.0819	0.0238
000441	G	0.014223	0.235908	0.056805	0.0218	0.0483	0.1430	0.0420	0.0866	0.0788	0.0229
000442	F	0.015683	0.226230	0.062497	0.0259	0.0929	0.1640	0.0370	0.0979	0.0754	0.0225
000443	G	0.016276	0.219473	0.070081	0.0567	0.1092	0.1540	0.0380	0.1043	0.0670	0.0221
000444	N	0.016515	0.215585	0.077900	0.0554	0.0494	0.1510	0.0280	0.0943	0.0680	0.0221
000445	V	0.016749	0.190211	0.085850	0.0490	0.0888	0.1490	0.0240	0.0967	0.0583	0.0229
000446	C	0.016864	0.181372	0.093604	0.0245	0.0483	0.1310	0.0190	0.0827	0.0593	0.0240
000447	A	0.013602	0.198640	0.101408	0.0252	0.0327	0.1050	0.0210	0.0795	0.0643	0.0255
000448	N	0.008237	0.212422	0.108564	0.0226	0.0631	0.0990	0.0250	0.0856	0.0674	0.0282
000449	T	0.005166	0.212868	0.115859	0.0109	0.0433	0.1020	0.0330	0.0816	0.0720	0.0310
000450	D	0.004081	0.225540	0.123203	0.0109	0.0248	0.1050	0.0520	0.0822	0.0788	0.0339
000451	A	0.002825	0.233037	0.130858	0.0137	0.0218	0.0920	0.0510	0.0824	0.0815	0.0359
000452	E	0.002535	0.216630	0.137587	0.0079	0.0218	0.0770	0.0460	0.0773	0.0780	0.0398
000453	K	0.002986	0.175819	0.143622	0.0086	0.0372	0.0680	0.0400	0.0727	0.0657	0.0415
000454	I	0.003437	0.146642	0.148957	0.0087	0.0218	0.0670	0.0370	0.0661	0.0613	0.0406
000455	F	0.003771	0.112213	0.154659	0.0070	0.0157	0.0680	0.0360	0.0603	0.0573	0.0395
000456	S	0.003996	0.074890	0.160488	0.0066	0.0223	0.0580	0.0250	0.0543	0.0541	0.0375
000457	I	0.003988	0.051694	0.166305	0.0083	0.0281	0.0520	0.0210	0.0518	0.0545	0.0351
000458	C	0.003607	0.043636	0.171322	0.0118	0.0231	0.0500	0.0200	0.0505	0.0564	0.0329
000459	T	0.003230	0.037197	0.175128	0.0086	0.0151	0.0480	0.0170	0.0479	0.0590	0.0305
000460	M	0.003018	0.036726	0.178124	0.0059	0.0088	0.0520	0.0180	0.0474	0.0611	0.0277
000461	L	0.002701	0.042523	0.180572	0.0029	0.0086	0.0570	0.0190	0.0491	0.0623	0.0253
000462	I	0.002185	0.042001	0.182096	0.0013	0.0101	0.0640	0.0200	0.0503	0.0632	0.0238
000463	G	0.001531	0.042518	0.183065	0.0010	0.0075	0.0680	0.0180	0.0505	0.0641	0.0222
000464	A	0.001073	0.047715	0.184088	0.0012	0.0076	0.0710	0.0170	0.0522	0.0645	0.0217
000465	L	0.001118	0.048777	0.185950	0.0013	0.0094	0.0720	0.0170	0.0531	0.0650	0.0226
000466	M	0.001229	0.046630	0.188715	0.0052	0.0105	0.0750	0.0180	0.0545	0.0654	0.0240
000467	H	0.001331	0.052964	0.192021	0.0035	0.0076	0.0760	0.0190	0.0556	0.0671	0.0257
000468	A	0.001505	0.057605	0.195923	0.0035	0.0115	0.0780	0.0200	0.0580	0.0680	0.0271
000469	V	0.002001	0.055013	0.200024	0.0034	0.0163	0.0800	0.0240	0.0594	0.0689	0.0297
000470	V	0.002493	0.058455	0.205025	0.0037	0.0127	0.0850	0.0270	0.0613	0.0711	0.0333
000471	F	0.003758	0.068736	0.210838	0.0061	0.0104	0.1070	0.0430	0.0678	0.0744	0.0376
000472	G	0.006901	0.074447	0.216203	0.0082	0.0163	0.1480	0.0680	0.0783	0.0793	0.0417
000473	N	0.008746	0.072432	0.220589	0.0079	0.0275	0.2980	0.1640	0.1059	0.1129	0.0467
000474	V	0.012816	0.077112	0.224469	0.0083	0.0281	0.5250	0.2340	0.1459	0.1847	0.0523
000475	T	0.015349	0.081326	0.229914	0.0124	0.0341	0.6290	0.2500	0.1671	0.2197	0.0598
000476	A	0.019979	0.084668	0.237349	0.0279	0.0349	0.6820	0.2670	0.1812	0.2361	0.0667
000477	I	0.038183	0.114241	0.246541	0.0395	0.0263	0.7060	0.2790	0.1952	0.2408	0.0740
000478	I	0.119919	0.141230	0.256936	0.0231	0.0269	0.6330	0.2810	0.2002	0.2089	0.0816
000479	Q	0.215353	0.160462	0.267701	0.0160	0.0334	0.4810	0.2370	0.1957	0.1566	0.0932
000480	R	0.310950	0.203382	0.277912	0.0304	0.0518	0.3580	0.1600	0.2054	0.1250	0.1052
000481	M	0.403215	0.259616	0.288210	0.0490	0.0605	0.2880	0.1230	0.2247	0.1284	0.1149
000482	Y	0.511558	0.299423	0.299458	0.1041	0.1251	0.2660	0.1100	0.2676	0.1345	0.1241
000483	S	0.617665	0.364349	0.313975	0.0789	0.1298	0.2430	0.1130	0.2913	0.1760	0.1388
000484	R	0.724798	0.458794	0.327734	0.0884	0.0704	0.2820	0.1230	0.3254	0.2238	0.1518
000485	R	0.829834	0.521367	0.338684	0.1416	0.1115	0.3270	0.1180	0.3783	0.2435	0.1572
000486	S	0.922434	0.533772	0.344385	0.0884	0.1115	0.3530	0.1020	0.3923	0.2817	0.1586
000487	L	0.949921	0.550414	0.348192	0.1266	0.0662	0.4060	0.1190	0.4078	0.2926	0.1590
000488	Y	0.963475	0.571212	0.351209	0.2041	0.0662	0.4780	0.1620	0.4391	0.2875	0.1598
000489	H	0.977404	0.541363	0.353807	0.1998	0.1184	0.5110	0.1660	0.4504	0.2805	0.1625
000490	S	0.992916	0.523898	0.354889	0.1266	0.0749	0.5420	0.1650	0.4359	0.3060	0.1597
000491	R	0.992676	0.539036	0.353990	0.1266	0.0734	0.5530	0.1160	0.4397	0.3077	0.1541
000492	M	0.992094	0.511969	0.351813	0.1060	0.0967	0.5710	0.1440	0.4382	0.3067	0.1503
000493	K	0.992349	0.471590	0.349986	0.1732	0.1007	0.5420	0.1980	0.4383	0.2918	0.1476
000494	D	0.992603	0.476991	0.348686	0.1732	0.1206	0.5130	0.2110	0.4376	0.2868	0.1389
000495	L	0.992464	0.463528	0.347048	0.1060	0.1206	0.4730	0.2100	0.4171	0.2961	0.1341
000496	K	0.993652	0.407300	0.343642	0.1205	0.1399	0.4210	0.2070	0.4044	0.2892	0.1375
000497	D	0.995195	0.369616	0.339076	0.1178	0.0870	0.3640	0.1910	0.3789	0.2986	0.1419
000498	F	0.995085	0.318756	0.333213	0.2122	0.1449	0.3360	0.2110	0.3899	0.2796	0.1461
000499	I	0.994926	0.236556	0.326746	0.2167	0.2399	0.2590	0.1780	0.3790	0.2776	0.1507
000500	R	0.993702	0.197327	0.319692	0.2209	0.2436	0.2430	0.1730	0.3698	0.2815	0.1571
000501	V	0.989964	0.199204	0.312118	0.2292	0.2034	0.2630	0.1950	0.3662	0.2816	0.1648
000502	H	0.980625	0.215432	0.303804	0.2209	0.1298	0.2650	0.1870	0.3527	0.2858	0.1781
000503	R	0.909647	0.236786	0.295085	0.2292	0.1791	0.2720	0.1810	0.3536	0.2513	0.1900
000504	L	0.826479	0.284767	0.286804	0.1456	0.1048	0.2970	0.1820	0.3242	0.2366	0.1998
000505	P	0.755566	0.358361	0.278174	0.1495	0.0483	0.3000	0.1950	0.3151	0.2221	0.2145
000506	R	0.704964	0.391881	0.268350	0.1566	0.0909	0.3110	0.1960	0.3206	0.1980	0.2261
000507	P	0.596965	0.413023	0.256388	0.0858	0.0929	0.2240	0.1140	0.2781	0.1801	0.2358
000508	L	0.489028	0.408415	0.243069	0.0991	0.0929	0.1620	0.0520	0.2492	0.1513	0.2459
000509	K	0.384316	0.383832	0.228859	0.1766	0.0948	0.1270	0.0420	0.2325	0.1149	0.2582
000510	Q	0.278661	0.341511	0.214285	0.2602	0.1298	0.1180	0.0400	0.2238	0.0798	0.2582
000511	R	0.178988	0.308058	0.200048	0.1532	0.0835	0.1090	0.0350	0.1721	0.0725	0.2547
000512	M	0.140304	0.257343	0.184815	0.1921	0.1323	0.0970	0.0300	0.1673	0.0516	0.2541
000513	L	0.112916	0.206398	0.168369	0.1349	0.1298	0.0750	0.0240	0.1379	0.0414	0.2445
000514	E	0.073054	0.168603	0.149520	0.1349	0.1229	0.0600	0.0170	0.1182	0.0393	0.2371
000515	Y	0.012868	0.132709	0.132337	0.2080	0.1184	0.0590	0.0160	0.1106	0.0615	0.2335
000516	F	0.022528	0.118676	0.119282	0.1878	0.1048	0.0640	0.0190	0.1028	0.0512	0.2246
000517	Q	0.027812	0.104200	0.111146	0.1266	0.0817	0.0670	0.0230	0.0864	0.0326	0.2134
000518	T	0.025677	0.102751	0.104726	0.1088	0.0749	0.0720	0.0250	0.0814	0.0288	0.2000
000519	T	0.030262	0.108265	0.097966	0.1495	0.1373	0.0660	0.0230	0.0982	0.0406	0.1860
000520	W	0.037254	0.107245	0.091510	0.1456	0.0817	0.0720	0.0270	0.0892	0.0331	0.1694
000521	A	0.038044	0.120182	0.086705	0.1416	0.0443	0.0610	0.0150	0.0821	0.0383	0.1665
000522	V	0.041240	0.150261	0.083865	0.0909	0.0443	0.0720	0.0170	0.0805	0.0363	0.1627
000523	N	0.050765	0.174553	0.082008	0.0621	0.0618	0.0830	0.0190	0.0857	0.0414	0.1575
000524	S	0.071087	0.195961	0.079761	0.0991	0.0543	0.0830	0.0220	0.0972	0.0462	0.1546
000525	G	0.074436	0.219787	0.077780	0.1041	0.0592	0.0870	0.0260	0.1037	0.0537	0.1509
000526	I	0.079470	0.234090	0.076606	0.0909	0.1115	0.1060	0.0330	0.1165	0.0541	0.1470
000527	D	0.106164	0.249058	0.078077	0.1805	0.2193	0.1140	0.0460	0.1579	0.0626	0.1452
000528	A	0.125769	0.285964	0.080578	0.1698	0.1373	0.1420	0.0620	0.1569	0.0635	0.1463
000529	N	0.140820	0.305946	0.083684	0.1844	0.1323	0.1530	0.0660	0.1667	0.0691	0.1470
000530	E	0.162983	0.294096	0.086363	0.1088	0.1048	0.1790	0.0740	0.1560	0.0699	0.1471
000531	L	0.179999	0.297057	0.089591	0.1844	0.2034	0.1900	0.0620	0.1907	0.0603	0.1494
000532	L	0.184995	0.304371	0.093396	0.1766	0.1554	0.1710	0.0640	0.1809	0.0628	0.1474
000533	R	0.178788	0.304293	0.097743	0.2531	0.1881	0.1670	0.0640	0.1981	0.0656	0.1446
000534	D	0.180952	0.316322	0.102235	0.1635	0.1449	0.1790	0.0670	0.1812	0.0660	0.1421
000535	F	0.181844	0.342447	0.106179	0.1322	0.1501	0.1930	0.0750	0.1843	0.0765	0.1443
000536	P	0.175398	0.352125	0.109756	0.1060	0.0948	0.1570	0.0530	0.1658	0.0882	0.1488
000537	D	0.163062	0.352788	0.113066	0.1602	0.1731	0.1410	0.0530	0.1839	0.0780	0.1505
000538	E	0.152414	0.353564	0.116209	0.0909	0.1702	0.1380	0.0510	0.1703	0.0858	0.1523
000539	L	0.143650	0.338441	0.119370	0.1060	0.2164	0.1330	0.0500	0.1762	0.0806	0.1528
000540	R	0.138474	0.316331	0.122431	0.1018	0.1298	0.1200	0.0510	0.1548	0.0731	0.1564
000541	A	0.149736	0.311421	0.126645	0.1041	0.0704	0.1030	0.0450	0.1442	0.0786	0.1591
000542	D	0.182731	0.282549	0.131480	0.1018	0.1275	0.0900	0.0380	0.1527	0.0650	0.1617
000543	I	0.181256	0.240987	0.137585	0.0991	0.1251	0.0890	0.0410	0.1455	0.0520	0.1638
000544	A	0.189470	0.213185	0.144309	0.1117	0.1449	0.0800	0.0360	0.1472	0.0446	0.1700
000545	M	0.173765	0.196087	0.150780	0.0542	0.0851	0.0720	0.0300	0.1221	0.0539	0.1775
000546	H	0.169925	0.177630	0.155854	0.1266	0.0851	0.0600	0.0210	0.1291	0.0438	0.1754
000547	L	0.166353	0.173564	0.159396	0.0567	0.0690	0.0540	0.0160	0.1132	0.0536	0.1711
000548	N	0.161968	0.170116	0.162153	0.0297	0.0531	0.0490	0.0140	0.1044	0.0609	0.1668
000549	R	0.150534	0.173611	0.165067	0.0268	0.0389	0.0460	0.0130	0.1002	0.0635	0.1630
000550	E	0.126603	0.172194	0.168820	0.0387	0.0676	0.0460	0.0170	0.1033	0.0552	0.1593
000551	I	0.080513	0.170117	0.173300	0.0316	0.0676	0.0510	0.0230	0.0957	0.0558	0.1532
000552	L	0.067611	0.154695	0.178082	0.0405	0.0835	0.0540	0.0260	0.0965	0.0516	0.1495
000553	Q	0.050401	0.161411	0.182704	0.0395	0.0473	0.0560	0.0270	0.0895	0.0589	0.1439
000554	L	0.049015	0.160085	0.186623	0.0677	0.0494	0.0560	0.0250	0.0948	0.0564	0.1305
000555	P	0.046547	0.153681	0.190029	0.0455	0.0618	0.0530	0.0220	0.0917	0.0579	0.1181
000556	L	0.039401	0.150482	0.192584	0.0304	0.0646	0.0540	0.0210	0.0886	0.0609	0.1037
000557	F	0.029308	0.165318	0.195052	0.0308	0.0372	0.0550	0.0200	0.0854	0.0681	0.0933
000558	G	0.025548	0.177391	0.196114	0.0455	0.0646	0.0540	0.0180	0.0938	0.0670	0.0835
000559	A	0.023749	0.181037	0.195964	0.0252	0.0349	0.0530	0.0170	0.0857	0.0735	0.0769
000560	A	0.022657	0.204972	0.194713	0.0268	0.0349	0.0520	0.0170	0.0894	0.0787	0.0703
000561	S	0.019294	0.218662	0.193697	0.0109	0.0188	0.0530	0.0160	0.0857	0.0865	0.0656
000562	R	0.014269	0.223328	0.192742	0.0200	0.0320	0.0550	0.0170	0.0895	0.0852	0.0586
000563	G	0.009224	0.220017	0.191702	0.0194	0.0581	0.0520	0.0160	0.0918	0.0829	0.0527
000564	C	0.003186	0.223039	0.190166	0.0173	0.0543	0.0480	0.0130	0.0893	0.0852	0.0487
000565	L	0.001608	0.208263	0.188426	0.0376	0.0463	0.0460	0.0130	0.0880	0.0797	0.0510
000566	R	0.001661	0.214569	0.186332	0.0297	0.0235	0.0400	0.0090	0.0826	0.0845	0.0528
000567	A	0.002358	0.200208	0.183973	0.0268	0.0327	0.0420	0.0120	0.0814	0.0794	0.0539
000568	L	0.002890	0.178224	0.180963	0.0200	0.0799	0.0460	0.0170	0.0847	0.0712	0.0539
000569	S	0.002879	0.161138	0.177912	0.0141	0.0799	0.0480	0.0200	0.0807	0.0677	0.0547
000570	L	0.002631	0.158144	0.174505	0.0245	0.1070	0.0480	0.0180	0.0859	0.0654	0.0534
000571	H	0.003350	0.158886	0.170560	0.0286	0.0780	0.0430	0.0150	0.0804	0.0637	0.0532
000572	I	0.008232	0.171368	0.165287	0.0297	0.0473	0.0390	0.0130	0.0768	0.0658	0.0512
000573	K	0.009569	0.187472	0.158977	0.0160	0.0275	0.0350	0.0130	0.0725	0.0722	0.0532
000574	T	0.015699	0.198475	0.152114	0.0087	0.0281	0.0430	0.0180	0.0743	0.0734	0.0537
000575	S	0.024468	0.187054	0.144957	0.0097	0.0463	0.0490	0.0220	0.0769	0.0655	0.0530
000576	F	0.028578	0.171400	0.138370	0.0212	0.0780	0.0700	0.0320	0.0847	0.0545	0.0499
000577	C	0.035417	0.159069	0.132631	0.0200	0.0817	0.0620	0.0270	0.0818	0.0499	0.0467
000578	A	0.046186	0.169265	0.127382	0.0259	0.0835	0.0540	0.0230	0.0844	0.0497	0.0485
000579	P	0.056423	0.184303	0.122351	0.0490	0.0835	0.0570	0.0240	0.0921	0.0481	0.0516
000580	G	0.062991	0.203016	0.117038	0.0350	0.0909	0.0770	0.0250	0.0977	0.0533	0.0536
000581	E	0.059180	0.197983	0.111502	0.0350	0.1229	0.0860	0.0240	0.1021	0.0522	0.0580
000582	Y	0.058365	0.204055	0.105404	0.0395	0.1229	0.1120	0.0230	0.1070	0.0526	0.0602
000583	L	0.052954	0.214369	0.099120	0.0542	0.1275	0.1280	0.0240	0.1126	0.0547	0.0658
000584	L	0.048952	0.236302	0.092859	0.0502	0.0749	0.1330	0.0240	0.1061	0.0648	0.0709
000585	R	0.049618	0.261624	0.087369	0.0286	0.0473	0.1270	0.0210	0.1002	0.0790	0.0793
000586	R	0.046216	0.298172	0.082386	0.0141	0.0281	0.1150	0.0260	0.0974	0.0959	0.0889
000587	G	0.037410	0.300359	0.078157	0.0182	0.0568	0.1200	0.0250	0.1017	0.0944	0.0942
000588	D	0.029230	0.267834	0.073676	0.0245	0.0948	0.1000	0.0200	0.0983	0.0812	0.1024
000589	A	0.029422	0.237610	0.069610	0.0316	0.1115	0.0790	0.0160	0.0932	0.0705	0.1030
000590	L	0.035849	0.204902	0.066265	0.0252	0.0568	0.0620	0.0200	0.0751	0.0598	0.1046
000591	Q	0.047132	0.175091	0.064171	0.0279	0.0646	0.0480	0.0180	0.0712	0.0481	0.1078
000592	A	0.053719	0.155385	0.062686	0.0124	0.0389	0.0430	0.0130	0.0610	0.0450	0.1110
000593	H	0.055736	0.151266	0.061294	0.0274	0.0405	0.0390	0.0090	0.0625	0.0412	0.1197
000594	Y	0.056497	0.135512	0.060104	0.0304	0.0676	0.0470	0.0070	0.0662	0.0331	0.1267
000595	Y	0.058770	0.118280	0.059128	0.0297	0.1184	0.0550	0.0120	0.0732	0.0334	0.1328
000596	V	0.059844	0.122427	0.058305	0.0279	0.1275	0.0610	0.0160	0.0762	0.0363	0.1392
000597	C	0.064145	0.144434	0.057581	0.0316	0.1048	0.0650	0.0190	0.0779	0.0367	0.1431
000598	S	0.059640	0.172530	0.057549	0.0350	0.0719	0.0700	0.0210	0.0778	0.0440	0.1618
000599	G	0.053529	0.189508	0.058886	0.0268	0.0414	0.0760	0.0240	0.0744	0.0537	0.1791
000600	S	0.045516	0.211368	0.063113	0.0245	0.0414	0.0820	0.0270	0.0779	0.0623	0.2057
000601	L	0.042490	0.213087	0.070711	0.0279	0.0405	0.0880	0.0320	0.0804	0.0626	0.2306
000602	E	0.041417	0.212047	0.080811	0.0218	0.0235	0.0800	0.0240	0.0767	0.0651	0.2547
000603	V	0.058985	0.201024	0.090514	0.0167	0.0287	0.0810	0.0220	0.0795	0.0603	0.2782
000604	L	0.092344	0.192789	0.098428	0.0099	0.0281	0.0860	0.0270	0.0845	0.0588	0.2969
000605	R	0.111958	0.174510	0.104847	0.0200	0.0483	0.0850	0.0310	0.0908	0.0492	0.3093
000606	D	0.128344	0.155370	0.110794	0.0363	0.0888	0.0880	0.0320	0.1013	0.0372	0.3193
000607	N	0.142480	0.137036	0.115857	0.0554	0.0835	0.1050	0.0370	0.1065	0.0302	0.3271
000608	M	0.172321	0.114559	0.120431	0.1205	0.0835	0.1020	0.0230	0.1188	0.0272	0.3408
000609	V	0.171088	0.103503	0.125479	0.0723	0.0835	0.0960	0.0190	0.1086	0.0325	0.3387
000610	L	0.174847	0.094356	0.131641	0.0464	0.0704	0.0910	0.0160	0.1015	0.0417	0.3341
000611	A	0.219808	0.102509	0.138239	0.0455	0.0749	0.0960	0.0130	0.1128	0.0555	0.3208
000612	I	0.263982	0.116768	0.143837	0.0677	0.0734	0.1120	0.0200	0.1296	0.0655	0.3121
000613	L	0.279848	0.145674	0.148798	0.0677	0.0817	0.1360	0.0290	0.1433	0.0686	0.3019
000614	G	0.315548	0.163877	0.153816	0.0607	0.1298	0.1390	0.0370	0.1604	0.0769	0.2918
000615	K	0.375214	0.192295	0.158826	0.1292	0.2258	0.1340	0.0490	0.2025	0.0841	0.2880
000616	G	0.449020	0.211623	0.163512	0.1495	0.2258	0.1340	0.0560	0.2223	0.1065	0.2919
000617	D	0.513149	0.225781	0.168302	0.1635	0.2292	0.1700	0.0680	0.2451	0.1229	0.2974
000618	L	0.602389	0.248560	0.173526	0.1635	0.2328	0.2190	0.0790	0.2733	0.1503	0.2985
000619	I	0.690119	0.296475	0.179450	0.2080	0.3019	0.2720	0.0770	0.3247	0.1695	0.2951
000620	G	0.738144	0.344208	0.185423	0.2865	0.3667	0.3000	0.0990	0.3702	0.1742	0.2984
000621	A	0.771051	0.405178	0.191395	0.3992	0.3704	0.3720	0.1330	0.4182	0.1736	0.3033
000622	D	0.820987	0.480963	0.197136	0.4282	0.4017	0.4410	0.1490	0.4617	0.1847	0.3139
000623	I	0.867504	0.530111	0.203097	0.4245	0.4619	0.5230	0.1770	0.5017	0.1965	0.3182
000624	P	0.882691	0.580416	0.210271	0.5008	0.5620	0.4750	0.1400	0.5353	0.1974	0.3256
000625	E	0.890420	0.620455	0.218420	0.4651	0.6089	0.5200	0.1530	0.5538	0.2010	0.3312
000626	P	0.893520	0.628007	0.226861	0.4918	0.6269	0.5660	0.1790	0.5721	0.1980	0.3338
000627	G	0.896952	0.648055	0.234317	0.5296	0.5017	0.5830	0.1970	0.5655	0.1966	0.3281
000628	Q	0.896285	0.651505	0.243850	0.5126	0.4292	0.5280	0.1910	0.5436	0.2001	0.3273
000629	E	0.887949	0.657419	0.253674	0.5229	0.4330	0.3650	0.1470	0.5200	0.2068	0.3315
000630	P	0.880735	0.634606	0.262472	0.5473	0.5254	0.2930	0.1020	0.5240	0.2088	0.3377
000631	G	0.871357	0.599582	0.265089	0.4825	0.5382	0.2620	0.0910	0.5032	0.2086	0.3378
000632	L	0.844600	0.541528	0.261962	0.5043	0.5707	0.2230	0.0750	0.4911	0.2075	0.3418
000633	G	0.785794	0.486720	0.254764	0.4879	0.5254	0.2020	0.0750	0.4571	0.1917	0.3432
000634	A	0.723283	0.425021	0.247139	0.5762	0.6576	0.1790	0.0770	0.4680	0.2030	0.3481
000635	D	0.649534	0.392317	0.240738	0.5084	0.5342	0.1550	0.0720	0.4134	0.1714	0.3550
000636	P	0.556608	0.359542	0.235265	0.5043	0.5139	0.1380	0.0520	0.3846	0.1551	0.3594
000637	N	0.461478	0.325349	0.229714	0.4037	0.4476	0.1280	0.0390	0.3326	0.1207	0.3602
000638	F	0.370930	0.308847	0.224293	0.3939	0.3774	0.1230	0.0330	0.2996	0.0976	0.3656
000639	V	0.277162	0.300600	0.219402	0.3491	0.3740	0.1060	0.0300	0.2711	0.0890	0.3642
000640	L	0.180953	0.291670	0.213580	0.2558	0.2783	0.1030	0.0260	0.2206	0.0646	0.3625
000641	K	0.102683	0.302036	0.206394	0.2255	0.1643	0.1100	0.0220	0.1852	0.0690	0.3609
000642	T	0.063846	0.311826	0.198588	0.1602	0.1671	0.1140	0.0230	0.1692	0.0769	0.3632
000643	S	0.027625	0.293521	0.192309	0.1635	0.1702	0.1010	0.0200	0.1581	0.0816	0.3620
000644	A	0.002856	0.274516	0.187574	0.1635	0.1823	0.0960	0.0210	0.1512	0.0843	0.3638
000645	D	0.001898	0.261015	0.183882	0.1266	0.2224	0.0870	0.0180	0.1472	0.0867	0.3655
000646	V	0.005426	0.235125	0.181143	0.1240	0.1528	0.0760	0.0180	0.1292	0.0737	0.3629
000647	K	0.014734	0.214988	0.179479	0.1041	0.1298	0.0710	0.0170	0.1191	0.0663	0.3657
000648	A	0.021174	0.196276	0.177614	0.0587	0.1206	0.0620	0.0150	0.1060	0.0644	0.3727
000649	L	0.027815	0.177467	0.174615	0.0935	0.2034	0.0510	0.0120	0.1213	0.0673	0.3806
000650	T	0.046541	0.165490	0.169674	0.1266	0.2609	0.0480	0.0100	0.1362	0.0746	0.3890
000651	Y	0.059890	0.160427	0.163820	0.1805	0.2645	0.0610	0.0170	0.1484	0.0711	0.3957
000652	C	0.063153	0.172044	0.157351	0.1844	0.2399	0.0760	0.0220	0.1488	0.0616	0.4045
000653	G	0.069728	0.191530	0.151427	0.1117	0.2470	0.0860	0.0280	0.1429	0.0617	0.4125
000654	L	0.074801	0.217950	0.145727	0.0858	0.1942	0.0990	0.0410	0.1362	0.0545	0.4218
000655	Q	0.077011	0.249465	0.139662	0.1117	0.1611	0.1160	0.0550	0.1425	0.0543	0.4278
000656	Q	0.089647	0.276752	0.133982	0.0621	0.1501	0.1480	0.0600	0.1435	0.0676	0.4315
000657	L	0.133746	0.296104	0.130188	0.0554	0.1449	0.2020	0.0830	0.1604	0.0742	0.4221
000658	S	0.177679	0.334125	0.128797	0.0607	0.0967	0.1650	0.0570	0.1605	0.0871	0.4153
000659	S	0.233405	0.344522	0.126533	0.0425	0.1349	0.1440	0.0510	0.1710	0.0953	0.4072
000660	R	0.292590	0.334287	0.124160	0.0414	0.2064	0.1270	0.0490	0.1876	0.1016	0.3979
000661	G	0.369348	0.334687	0.122318	0.0526	0.1373	0.0990	0.0280	0.1858	0.1208	0.3875
000662	L	0.399011	0.324595	0.124683	0.0935	0.2064	0.0850	0.0180	0.2055	0.1192	0.3730
000663	A	0.415380	0.285705	0.130469	0.0909	0.2645	0.0720	0.0140	0.2098	0.1228	0.3639
000664	E	0.435627	0.259234	0.138017	0.0909	0.2364	0.0640	0.0100	0.2041	0.1254	0.3556
000665	V	0.438488	0.238270	0.144961	0.1240	0.2094	0.0690	0.0120	0.2040	0.1185	0.3456
000666	L	0.407827	0.219187	0.151046	0.0965	0.1969	0.0720	0.0130	0.1906	0.1099	0.3341
000667	R	0.393746	0.190194	0.158648	0.0502	0.1611	0.0770	0.0130	0.1718	0.1108	0.3314
000668	L	0.342027	0.189143	0.169335	0.0884	0.2258	0.0840	0.0140	0.1832	0.0876	0.3297
000669	Y	0.290506	0.207041	0.183484	0.0723	0.1671	0.0880	0.0140	0.1680	0.0735	0.3344
000670	P	0.229041	0.216561	0.200248	0.0744	0.1942	0.1000	0.0170	0.1690	0.0595	0.3414
000671	E	0.207114	0.240314	0.219669	0.0464	0.1942	0.1120	0.0230	0.1700	0.0683	0.3511
000672	Y	0.195819	0.268417	0.239921	0.0567	0.2094	0.1180	0.0290	0.1815	0.0725	0.3605
000673	G	0.182221	0.288356	0.260727	0.1060	0.2094	0.1250	0.0290	0.1953	0.0661	0.3726
000674	A	0.164697	0.299512	0.282264	0.1416	0.2470	0.1430	0.0310	0.2130	0.0656	0.3789
000675	A	0.157314	0.327682	0.304948	0.0858	0.1476	0.1600	0.0390	0.1972	0.0880	0.3850
000676	F	0.135791	0.334291	0.327954	0.1349	0.2064	0.1740	0.0440	0.2190	0.0830	0.3891
000677	R	0.127204	0.374499	0.350650	0.1322	0.2064	0.1830	0.0440	0.2289	0.0986	0.3967
000678	A	0.116581	0.405458	0.372858	0.1349	0.2064	0.2030	0.0400	0.2398	0.1109	0.4010
000679	G	0.112685	0.438702	0.395755	0.1532	0.2884	0.2430	0.0530	0.2719	0.1181	0.4058
000680	L	0.112743	0.474542	0.418823	0.2209	0.3667	0.2790	0.0570	0.3121	0.1224	0.4091
000681	P	0.116154	0.509173	0.443584	0.2080	0.3321	0.2910	0.0530	0.3166	0.1330	0.4139
000682	R	0.118901	0.550754	0.468784	0.2041	0.3356	0.3330	0.0690	0.3353	0.1462	0.4194
000683	D	0.130103	0.588654	0.494466	0.2786	0.4220	0.3710	0.0660	0.3808	0.1479	0.4248
000684	L	0.134123	0.609708	0.519207	0.2913	0.4186	0.4100	0.0630	0.3971	0.1533	0.4291
000685	T	0.139105	0.639044	0.543188	0.3359	0.4507	0.4690	0.0670	0.4295	0.1591	0.4336
000686	F	0.139613	0.668021	0.565809	0.3668	0.4119	0.5460	0.0750	0.4497	0.1707	0.4378
000687	N	0.145507	0.698084	0.585997	0.4703	0.5139	0.5450	0.0590	0.4931	0.1708	0.4417
000688	L	0.156789	0.725779	0.603028	0.4149	0.5176	0.6050	0.0690	0.5038	0.1816	0.4459
000689	R	0.158162	0.744813	0.618438	0.4458	0.4476	0.5620	0.0580	0.4961	0.1827	0.4477
000690	Q	0.155592	0.764532	0.632814	0.4513	0.4441	0.5740	0.0580	0.5038	0.1902	0.4510
000691	G	0.165302	0.781176	0.647710	0.4556	0.5176	0.6700	0.0390	0.5396	0.1978	0.4543
000692	S	0.170433	0.799954	0.663217	0.4245	0.4831	0.7030	0.0510	0.5407	0.2092	0.4597
000693	D	0.201458	0.823607	0.679184	0.4282	0.5176	0.7030	0.0590	0.5588	0.2048	0.4672
000694	T	0.230403	0.841865	0.694336	0.4203	0.5017	0.7330	0.0660	0.5703	0.2075	0.4748
000695	S	0.282918	0.854980	0.709814	0.5331	0.5055	0.7360	0.0700	0.6037	0.1868	0.4832
000696	G	0.333783	0.876928	0.726933	0.5296	0.4940	0.7270	0.0700	0.6148	0.1802	0.5003
000697	L	0.379714	0.895721	0.746165	0.5711	0.6375	0.7110	0.0740	0.6569	0.1594	0.5186
000698	S	0.397927	0.911090	0.764595	0.5623	0.6620	0.7010	0.0710	0.6665	0.1600	0.5329
000699	R	0.419416	0.926347	0.781175	0.6474	0.7547	0.7500	0.0680	0.7131	0.1548	0.5476
000700	F	0.436073	0.942112	0.795485	0.6756	0.7505	0.7950	0.0540	0.7325	0.1545	0.5692
000701	S	0.455825	0.952835	0.807621	0.6557	0.7547	0.8070	0.0530	0.7390	0.1541	0.5738
000702	R	0.451616	0.961549	0.818007	0.6516	0.7505	0.8440	0.0540	0.7462	0.1617	0.5749
000703	S	0.448800	0.970671	0.828332	0.6650	0.6755	0.8560	0.0490	0.7407	0.1678	0.5769
000704	P	0.441460	0.978559	0.838657	0.6516	0.6620	0.8500	0.0710	0.7370	0.1740	0.5866
000705	R	0.410413	0.983348	0.847893	0.6255	0.6427	0.8560	0.0840	0.7276	0.1891	0.5954
000706	L	0.405298	0.986043	0.855353	0.6374	0.6482	0.8580	0.0830	0.7318	0.1908	0.6107
000707	S	0.480262	0.988552	0.861659	0.6293	0.6375	0.8240	0.1040	0.7368	0.1702	0.6071
000708	Q	0.551809	0.990726	0.867569	0.6756	0.7459	0.8270	0.1140	0.7765	0.1405	0.6029
000709	P	0.620257	0.991676	0.873158	0.6789	0.7459	0.8340	0.1270	0.7906	0.1242	0.6061
000710	R	0.686982	0.992637	0.877963	0.6870	0.7595	0.8520	0.1220	0.8093	0.1099	0.6047
000711	S	0.750743	0.993371	0.882980	0.7540	0.7951	0.8550	0.1210	0.8386	0.0846	0.6038
000712	E	0.813699	0.993814	0.887133	0.7644	0.8279	0.8470	0.1290	0.8557	0.0719	0.6299
000713	S	0.858587	0.993858	0.891311	0.7275	0.8235	0.8460	0.1260	0.8568	0.0795	0.6638
000714	L	0.925846	0.993816	0.895284	0.7501	0.7415	0.8600	0.1240	0.8611	0.0909	0.6946
000715	G	0.957920	0.993740	0.899812	0.7232	0.7120	0.8620	0.1250	0.8581	0.1077	0.7043
000716	S	0.947052	0.993673	0.904372	0.6789	0.7289	0.8670	0.1250	0.8532	0.1134	0.7116
000717	S	0.942688	0.993593	0.909105	0.7317	0.7799	0.8640	0.1200	0.8702	0.0907	0.7138
000718	S	0.932516	0.993475	0.914227	0.7418	0.7982	0.8710	0.1050	0.8752	0.0842	0.7282
000719	D	0.922344	0.993311	0.920080	0.7111	0.7799	0.8800	0.0910	0.8678	0.0948	0.7388
000720	K	0.916241	0.993201	0.926173	0.6906	0.7505	0.8840	0.0870	0.8601	0.1053	0.7471
000721	T	0.910457	0.993274	0.932263	0.6906	0.7209	0.8780	0.0850	0.8542	0.1108	0.7583
000722	L	0.908993	0.993195	0.937463	0.7034	0.7415	0.8690	0.0810	0.8590	0.1039	0.7689
000723	P	0.908167	0.992843	0.941391	0.6827	0.7595	0.8450	0.0930	0.8550	0.1066	0.7560
000724	S	0.912920	0.992248	0.944251	0.6906	0.7672	0.8520	0.1010	0.8599	0.1039	0.7364
000725	I	0.914221	0.991840	0.946745	0.7388	0.8421	0.8680	0.1020	0.8837	0.0812	0.7186
000726	T	0.916200	0.991179	0.949237	0.7388	0.8421	0.8570	0.1070	0.8824	0.0820	0.7063
000727	E	0.918046	0.990631	0.951869	0.7458	0.8713	0.8470	0.1060	0.8874	0.0793	0.6979
000728	A	0.915903	0.990135	0.954213	0.7540	0.8713	0.8570	0.1060	0.8904	0.0761	0.6911
000729	E	0.916533	0.989289	0.956227	0.7772	0.8942	0.8480	0.1080	0.8969	0.0697	0.6723
000730	S	0.911053	0.988548	0.957320	0.7644	0.8828	0.8550	0.1060	0.8932	0.0727	0.6582
000731	G	0.902791	0.988232	0.957757	0.7817	0.8853	0.8570	0.1080	0.8955	0.0672	0.6440
000732	A	0.895095	0.988090	0.957978	0.7688	0.8966	0.8540	0.1120	0.8934	0.0710	0.6216
000733	E	0.888503	0.988027	0.957982	0.8074	0.8966	0.8490	0.1140	0.8979	0.0611	0.5913
000734	P	0.893740	0.987782	0.957777	0.8036	0.8198	0.8510	0.1140	0.8857	0.0682	0.5949
000735	G	0.892015	0.987596	0.957064	0.7605	0.7547	0.8560	0.1140	0.8679	0.0888	0.6142
000736	G	0.900421	0.987077	0.955779	0.7605	0.8655	0.8520	0.1200	0.8868	0.0738	0.6401
000737	G	0.913149	0.986651	0.953907	0.7079	0.8655	0.8570	0.1250	0.8806	0.0897	0.6644
000738	P	0.921879	0.985992	0.951700	0.7147	0.7881	0.8650	0.1180	0.8712	0.0946	0.6813
000739	R	0.931534	0.985085	0.949439	0.7317	0.8085	0.8780	0.1130	0.8806	0.0872	0.7051
000740	P	0.947498	0.984106	0.947355	0.6681	0.8235	0.8800	0.1080	0.8752	0.1064	0.7341
000741	R	0.963639	0.983027	0.945440	0.6681	0.8050	0.8930	0.0920	0.8764	0.1099	0.7582
000742	R	0.977662	0.981371	0.943338	0.6756	0.7982	0.8940	0.1010	0.8784	0.1099	0.7843
000743	P	0.984101	0.977374	0.941004	0.6650	0.8530	0.8860	0.1130	0.8843	0.1087	0.8115
000744	L	0.993671	0.975837	0.938507	0.6557	0.8375	0.8990	0.0980	0.8833	0.1140	0.8376
000745	L	0.994188	0.978044	0.936159	0.6516	0.8162	0.8950	0.0960	0.8786	0.1171	0.8456
000746	L	0.993977	0.979554	0.933659	0.6442	0.8085	0.8740	0.1090	0.8724	0.1198	0.8402
000747	P	0.990775	0.979569	0.931037	0.6442	0.7369	0.8290	0.1260	0.8520	0.1283	0.8240
000748	N	0.981273	0.978322	0.928324	0.6374	0.6661	0.8560	0.1120	0.8412	0.1405	0.8150
000749	L	0.972394	0.978798	0.925675	0.5549	0.6227	0.8600	0.1100	0.8191	0.1685	0.8135
000750	S	0.949365	0.980863	0.922802	0.4967	0.5456	0.8570	0.1140	0.7921	0.1957	0.8007
000751	P	0.932816	0.981810	0.919675	0.4703	0.4541	0.8680	0.1050	0.7712	0.2210	0.7958
000752	A	0.916251	0.981724	0.916282	0.4116	0.4652	0.8770	0.0960	0.7614	0.2310	0.7984
000753	R	0.908176	0.981962	0.913303	0.3491	0.4801	0.8680	0.0930	0.7501	0.2426	0.7986
000754	P	0.900369	0.981773	0.911092	0.3311	0.4652	0.8440	0.1080	0.7389	0.2473	0.8005
000755	R	0.864227	0.981584	0.909642	0.3939	0.4725	0.8440	0.1070	0.7444	0.2254	0.8015
000756	G	0.839695	0.981667	0.908467	0.4458	0.5707	0.8150	0.1130	0.7602	0.1894	0.8159
000757	S	0.821248	0.981299	0.907328	0.4245	0.6906	0.7870	0.1240	0.7686	0.1789	0.8340
000758	L	0.786133	0.980678	0.906091	0.4245	0.5456	0.7890	0.1160	0.7386	0.1947	0.8560
000759	V	0.761261	0.980382	0.904822	0.4513	0.5342	0.7710	0.1060	0.7338	0.1879	0.8693
000760	S	0.747353	0.980294	0.903779	0.4203	0.5901	0.7420	0.1140	0.7306	0.1865	0.8736
000761	L	0.730123	0.979194	0.903177	0.4149	0.5296	0.7870	0.0920	0.7240	0.1977	0.8837
000762	L	0.709612	0.980423	0.902914	0.3717	0.4476	0.7760	0.0860	0.6980	0.2225	0.8866
000763	G	0.691926	0.980459	0.902780	0.3359	0.4685	0.7610	0.0940	0.6900	0.2270	0.8821
000764	E	0.690157	0.980937	0.902958	0.2786	0.4685	0.7930	0.1000	0.6856	0.2445	0.8752
000765	E	0.692701	0.981165	0.903319	0.2602	0.4685	0.7910	0.1030	0.6828	0.2497	0.8678
000766	L	0.709159	0.980558	0.903908	0.2558	0.4685	0.7960	0.0960	0.6856	0.2514	0.8620
000767	P	0.738134	0.980565	0.904693	0.2700	0.4051	0.7710	0.1050	0.6782	0.2569	0.8446
000768	P	0.770971	0.981550	0.905747	0.2657	0.4087	0.7970	0.0880	0.6883	0.2610	0.8327
000769	F	0.793066	0.981820	0.906193	0.2700	0.4940	0.7990	0.0720	0.7073	0.2474	0.8209
000770	S	0.821328	0.981701	0.905915	0.3263	0.5493	0.7370	0.0760	0.7203	0.2228	0.8001
000771	A	0.848276	0.980419	0.905117	0.3491	0.4940	0.7670	0.0720	0.7239	0.2270	0.7792
000772	L	0.871605	0.981370	0.904613	0.4037	0.5577	0.8310	0.0580	0.7583	0.2063	0.7586
000773	V	0.908882	0.981373	0.904452	0.4037	0.6712	0.8260	0.0440	0.7826	0.1950	0.7309
000774	S	0.932241	0.981158	0.904943	0.3885	0.6375	0.8100	0.0550	0.7757	0.2056	0.7011
000775	S	0.942409	0.980904	0.905750	0.3939	0.5493	0.8370	0.0470	0.7681	0.2188	0.6743
000776	P	0.957097	0.981621	0.906764	0.3578	0.5211	0.8520	0.0410	0.7627	0.2369	0.6541
000777	S	0.971487	0.981953	0.907983	0.3847	0.6043	0.8760	0.0390	0.7878	0.2198	0.6365
000778	L	0.979304	0.982028	0.909956	0.3399	0.5951	0.8740	0.0470	0.7800	0.2360	0.6318
000779	S	0.984432	0.982491	0.912448	0.3225	0.5707	0.8580	0.0580	0.7718	0.2447	0.6165
000780	P	0.985864	0.982330	0.914737	0.4420	0.6948	0.8760	0.0530	0.8159	0.1934	0.6038
000781	S	0.988138	0.981475	0.916265	0.4513	0.6948	0.8950	0.0580	0.8211	0.1918	0.6061
000782	L	0.989104	0.978157	0.916528	0.4781	0.6948	0.8810	0.0720	0.8230	0.1822	0.6107
000783	S	0.991030	0.977257	0.916053	0.5296	0.7595	0.8680	0.0810	0.8402	0.1587	0.6080
000784	P	0.995496	0.975813	0.914665	0.5583	0.8375	0.8740	0.0700	0.8593	0.1452	0.6159
000785	A	0.995671	0.973147	0.913021	0.5583	0.8462	0.8800	0.0700	0.8611	0.1447	0.6303
000786	L	0.996199	0.971889	0.910178	0.5762	0.8596	0.8830	0.0600	0.8661	0.1381	0.6428
000787	A	0.995515	0.969363	0.906746	0.5549	0.8565	0.8640	0.0730	0.8578	0.1447	0.6410
000788	G	0.994678	0.964967	0.902826	0.5623	0.8792	0.8700	0.0740	0.8624	0.1415	0.6317
000789	Q	0.994233	0.965314	0.899179	0.6374	0.9151	0.8840	0.0730	0.8826	0.1160	0.6193
000790	G	0.993438	0.967149	0.895930	0.6557	0.8623	0.8870	0.0790	0.8770	0.1090	0.6070
000791	H	0.976368	0.966300	0.892500	0.6474	0.8343	0.9060	0.0740	0.8705	0.1105	0.5901
000792	S	0.964706	0.964536	0.888077	0.5900	0.8198	0.8930	0.0900	0.8533	0.1278	0.5692
000793	A	0.960591	0.961125	0.882147	0.6516	0.8596	0.8710	0.1010	0.8643	0.1035	0.5524
000794	S	0.957946	0.957883	0.874870	0.6374	0.7547	0.8820	0.0870	0.8441	0.1148	0.5395
000795	P	0.955145	0.953957	0.865406	0.6035	0.7209	0.8760	0.0990	0.8292	0.1275	0.5319
000796	H	0.951790	0.947270	0.854524	0.5374	0.7718	0.8770	0.1030	0.8232	0.1415	0.5224
000797	G	0.945217	0.939980	0.842177	0.5941	0.8530	0.8730	0.1080	0.8412	0.1175	0.5107
000798	P	0.938734	0.929967	0.831029	0.6374	0.8765	0.8250	0.1420	0.8397	0.1004	0.5022
000799	P	0.934155	0.919474	0.819970	0.6474	0.8162	0.8010	0.1570	0.8230	0.0940	0.5010
000800	R	0.948185	0.914355	0.809647	0.6474	0.7331	0.8030	0.1320	0.8093	0.1020	0.5114
000801	C	0.953693	0.897933	0.799639	0.5941	0.6269	0.7880	0.1080	0.7768	0.1307	0.5383
000802	S	0.947815	0.887242	0.789725	0.5514	0.6576	0.7430	0.1080	0.7629	0.1333	0.5761
000803	A	0.944259	0.881055	0.779324	0.5173	0.6948	0.6640	0.1010	0.7468	0.1416	0.6151
000804	A	0.847007	0.880515	0.766307	0.5623	0.6375	0.6200	0.1030	0.7189	0.1195	0.6428
000805	W	0.746216	0.866159	0.752347	0.5900	0.6576	0.6560	0.0850	0.7114	0.0890	0.6768
000806	K	0.648642	0.857876	0.739692	0.5229	0.6375	0.5830	0.0820	0.6649	0.1086	0.7010
000807	P	0.589090	0.844618	0.728127	0.5253	0.5211	0.5440	0.0960	0.6254	0.1207	0.7285
000808	P	0.512507	0.827947	0.716758	0.5253	0.5176	0.4850	0.1130	0.5975	0.1283	0.7677
000809	Q	0.413959	0.822776	0.703073	0.4513	0.5176	0.4700	0.1070	0.5630	0.1487	0.8102
000810	L	0.324172	0.802306	0.692259	0.4379	0.5176	0.4930	0.1170	0.5446	0.1589	0.8406
000811	L	0.256675	0.796183	0.684789	0.4513	0.5456	0.4530	0.1080	0.5312	0.1741	0.8556
000812	I	0.231476	0.793161	0.681010	0.5374	0.5665	0.3720	0.0780	0.5303	0.1860	0.8607
000813	P	0.308541	0.787714	0.678209	0.5583	0.5665	0.3280	0.0740	0.5379	0.1732	0.8655
000814	P	0.347007	0.782354	0.676306	0.5173	0.6183	0.3660	0.0730	0.5512	0.1585	0.8698
000815	L	0.366196	0.756582	0.675610	0.5331	0.6375	0.4730	0.0840	0.5736	0.1309	0.8753
000816	G	0.347742	0.771146	0.676005	0.6412	0.6755	0.5340	0.1000	0.6077	0.1354	0.8713
000817	T	0.345538	0.787337	0.677925	0.6293	0.6136	0.6200	0.1070	0.6122	0.1332	0.8720
000818	F	0.399907	0.797751	0.681381	0.5514	0.6089	0.6700	0.0940	0.6182	0.1232	0.8750
000819	G	0.451388	0.808167	0.685567	0.4749	0.5854	0.6420	0.0910	0.6078	0.1225	0.8681
000820	P	0.479347	0.812596	0.689894	0.4600	0.4864	0.6300	0.0900	0.5930	0.1297	0.8581
000821	P	0.452610	0.812564	0.694029	0.5253	0.5620	0.6040	0.1190	0.6084	0.1172	0.8581
000822	D	0.431420	0.818105	0.698362	0.5126	0.6661	0.6470	0.1380	0.6290	0.1257	0.8640
000823	L	0.451689	0.817178	0.703694	0.5623	0.7505	0.6480	0.1600	0.6556	0.1209	0.8736
000824	S	0.491484	0.824516	0.710465	0.5583	0.7289	0.6230	0.1680	0.6561	0.1113	0.8750
000825	P	0.566143	0.827747	0.718482	0.5374	0.6948	0.6350	0.1500	0.6632	0.0976	0.8790
000826	R	0.639373	0.829103	0.728114	0.6035	0.7799	0.6350	0.1390	0.7025	0.0827	0.8849
000827	I	0.675834	0.838415	0.738730	0.5992	0.7505	0.6470	0.1390	0.7083	0.0778	0.8953
000828	V	0.708123	0.845338	0.750738	0.6035	0.7505	0.6180	0.1500	0.7127	0.0830	0.8987
000829	D	0.733686	0.853876	0.761627	0.6442	0.8198	0.6270	0.1710	0.7400	0.0835	0.8941
000830	G	0.748780	0.860723	0.772513	0.6474	0.8343	0.6710	0.1640	0.7558	0.0780	0.8935
000831	I	0.715560	0.867146	0.783409	0.6174	0.8050	0.6490	0.1570	0.7397	0.0877	0.8908
000832	E	0.682370	0.876599	0.794710	0.6174	0.6712	0.5880	0.1540	0.7051	0.1004	0.8787
000833	D	0.648932	0.883237	0.806290	0.5992	0.6427	0.5960	0.1460	0.6960	0.1093	0.8723
000834	S	0.570338	0.891534	0.817887	0.6255	0.6089	0.6040	0.1430	0.6863	0.1220	0.8599
000835	G	0.495498	0.901327	0.831624	0.6255	0.6043	0.5980	0.1300	0.6761	0.1422	0.8633
000836	S	0.443709	0.913616	0.845633	0.5583	0.5707	0.5720	0.1360	0.6507	0.1688	0.8620
000837	T	0.387815	0.923007	0.857912	0.5667	0.5707	0.5920	0.1390	0.6497	0.1840	0.8577
000838	A	0.353702	0.928686	0.868772	0.6255	0.6948	0.5680	0.1280	0.6733	0.1912	0.8503
000839	E	0.307870	0.937620	0.879308	0.6756	0.7718	0.4920	0.1060	0.6773	0.2193	0.8403
000840	A	0.298905	0.946310	0.891428	0.6789	0.6755	0.5270	0.0980	0.6697	0.2174	0.8353
000841	P	0.293916	0.957368	0.900243	0.6789	0.6948	0.5790	0.0930	0.6840	0.2179	0.8334
000842	S	0.289084	0.962491	0.905955	0.6944	0.7755	0.7000	0.0780	0.7213	0.2173	0.8359
000843	F	0.293353	0.966910	0.909097	0.7079	0.7881	0.7640	0.0710	0.7383	0.2174	0.8433
000844	R	0.294487	0.971471	0.912870	0.6827	0.7628	0.7610	0.0780	0.7310	0.2182	0.8277
000845	F	0.273092	0.975828	0.916892	0.7034	0.7595	0.8100	0.0750	0.7398	0.2279	0.8161
000846	S	0.268788	0.979395	0.920276	0.6870	0.7672	0.8190	0.0730	0.7403	0.2315	0.7727
000847	R	0.254375	0.983008	0.922256	0.6827	0.7505	0.8120	0.0760	0.7342	0.2368	0.7255
000848	R	0.269531	0.985096	0.922989	0.6984	0.7628	0.8030	0.0870	0.7403	0.2313	0.6879
000849	P	0.281577	0.986254	0.922648	0.7034	0.8050	0.8090	0.0880	0.7513	0.2287	0.6575
000850	E	0.353845	0.986878	0.922204	0.7111	0.8013	0.8280	0.0900	0.7672	0.2046	0.6369
000851	L	0.399962	0.987505	0.921887	0.7418	0.8313	0.8430	0.1000	0.7875	0.1894	0.6222
000852	P	0.484331	0.987768	0.921924	0.7275	0.8162	0.8210	0.1060	0.7930	0.1609	0.5883
000853	R	0.568868	0.987917	0.922177	0.7342	0.8162	0.8430	0.1090	0.8120	0.1349	0.5521
000854	P	0.650734	0.988560	0.922153	0.7817	0.9081	0.8390	0.0950	0.8484	0.1097	0.5203
000855	R	0.722645	0.988033	0.921236	0.7724	0.9081	0.8530	0.0990	0.8608	0.0904	0.5100
000856	S	0.793502	0.987192	0.919478	0.8350	0.9621	0.8560	0.0970	0.8922	0.0695	0.5064
000857	Q	0.867417	0.986062	0.917201	0.8350	0.9677	0.8600	0.0990	0.9056	0.0562	0.5238
000858	A	0.941136	0.987559	0.914894	0.8521	0.9473	0.8590	0.0980	0.9170	0.0485	0.5382
000859	P	0.952062	0.988134	0.912122	0.8521	0.9396	0.8470	0.1020	0.9151	0.0516	0.5471
000860	P	0.984977	0.987422	0.909304	0.8001	0.9269	0.8630	0.1050	0.9119	0.0660	0.5583
000861	T	0.973204	0.986793	0.906322	0.7869	0.9287	0.8660	0.1080	0.9080	0.0675	0.5679
000862	G	0.963677	0.985842	0.903468	0.8242	0.9488	0.8810	0.1010	0.9178	0.0548	0.5677
000863	T	0.954077	0.984489	0.900428	0.8036	0.9457	0.8760	0.1080	0.9107	0.0596	0.5811
000864	R	0.943824	0.983075	0.897053	0.7951	0.9519	0.8590	0.1220	0.9049	0.0634	0.5872
000865	P	0.932996	0.981622	0.893018	0.7772	0.9151	0.8410	0.1310	0.8901	0.0659	0.5937
000866	S	0.918292	0.979452	0.888598	0.7817	0.9151	0.8350	0.1310	0.8864	0.0633	0.6049
000867	P	0.900698	0.977088	0.884091	0.7418	0.9249	0.8170	0.1460	0.8742	0.0762	0.6096
000868	E	0.885747	0.975311	0.880232	0.7192	0.9151	0.8020	0.1650	0.8629	0.0822	0.6110
000869	L	0.874156	0.973379	0.877245	0.7317	0.8920	0.8130	0.1550	0.8603	0.0742	0.6179
000870	A	0.869183	0.970619	0.874846	0.7111	0.7799	0.8070	0.1540	0.8355	0.0820	0.6117
000871	S	0.859458	0.966441	0.872456	0.6442	0.7505	0.8030	0.1410	0.8160	0.1014	0.5930
000872	E	0.850723	0.960351	0.869207	0.5802	0.6712	0.7710	0.1410	0.7838	0.1273	0.5710
000873	A	0.838405	0.953321	0.865051	0.5623	0.6661	0.7760	0.1380	0.7768	0.1297	0.5711
000874	E	0.826553	0.945876	0.860062	0.5008	0.6755	0.7510	0.1470	0.7600	0.1434	0.5590
000875	E	0.821794	0.937651	0.855168	0.5084	0.6991	0.7500	0.1580	0.7619	0.1363	0.5576
000876	V	0.820666	0.932916	0.849964	0.4879	0.5807	0.7690	0.1560	0.7402	0.1558	0.5567
000877	K	0.817731	0.924476	0.844724	0.4879	0.5854	0.7390	0.1480	0.7333	0.1518	0.5539
000878	E	0.814974	0.911434	0.839427	0.3885	0.5533	0.7160	0.1380	0.7040	0.1808	0.5548
000879	K	0.812229	0.900624	0.834860	0.3992	0.4801	0.6880	0.1310	0.6859	0.1865	0.5594
000880	V	0.811169	0.883249	0.830742	0.4245	0.5456	0.6970	0.1270	0.6988	0.1647	0.5763
000881	C	0.811935	0.868608	0.826934	0.3578	0.5854	0.6910	0.1360	0.6902	0.1765	0.5900
000882	R	0.810358	0.857895	0.823070	0.3535	0.6089	0.6340	0.1300	0.6813	0.1746	0.6071
000883	L	0.808814	0.842189	0.818343	0.3535	0.5342	0.6600	0.1140	0.6695	0.1778	0.6262
000884	N	0.802629	0.836870	0.812541	0.3717	0.5493	0.6180	0.1110	0.6651	0.1693	0.6269
000885	Q	0.772288	0.829521	0.807223	0.3053	0.5533	0.5990	0.1190	0.6445	0.1837	0.6387
000886	E	0.753235	0.821197	0.803916	0.3146	0.4801	0.6450	0.1240	0.6364	0.1844	0.6464
000887	I	0.732874	0.810781	0.799481	0.3668	0.5296	0.6770	0.1280	0.6527	0.1583	0.6678
000888	S	0.701997	0.804999	0.792547	0.3005	0.5296	0.6690	0.1300	0.6332	0.1743	0.6770
000889	R	0.687971	0.795703	0.782933	0.3053	0.5296	0.6910	0.1250	0.6321	0.1700	0.6831
000890	L	0.673644	0.785474	0.772765	0.3005	0.4766	0.6840	0.1240	0.6154	0.1733	0.6896
000891	N	0.664897	0.776949	0.762205	0.3578	0.5254	0.6690	0.1200	0.6260	0.1453	0.6815
000892	Q	0.657669	0.766574	0.753191	0.3456	0.6576	0.6510	0.1400	0.6387	0.1392	0.6810
000893	E	0.618016	0.757393	0.745092	0.3456	0.5707	0.6540	0.1700	0.6151	0.1374	0.6856
000894	V	0.601947	0.751179	0.738218	0.4037	0.6322	0.6270	0.1380	0.6258	0.1142	0.6999
000895	S	0.571043	0.741094	0.731355	0.3311	0.6375	0.5980	0.1460	0.6018	0.1364	0.7221
000896	Q	0.559615	0.724886	0.726378	0.3096	0.5456	0.6090	0.1430	0.5793	0.1402	0.7404
000897	L	0.548328	0.722835	0.722918	0.3146	0.4766	0.5870	0.1340	0.5621	0.1421	0.7669
000898	S	0.513854	0.709033	0.720380	0.3359	0.5665	0.5380	0.1380	0.5639	0.1296	0.7807
000899	R	0.479784	0.678206	0.719438	0.2700	0.5493	0.5670	0.1400	0.5440	0.1464	0.7940
000900	E	0.429517	0.690065	0.719262	0.3005	0.5493	0.5530	0.1410	0.5402	0.1440	0.8115
000901	L	0.404313	0.683821	0.718799	0.3535	0.5493	0.5370	0.1080	0.5411	0.1329	0.8280
000902	R	0.404515	0.648439	0.718114	0.3535	0.5533	0.5400	0.0970	0.5364	0.1270	0.8439
000903	H	0.388289	0.632507	0.718641	0.2963	0.5620	0.5300	0.0900	0.5213	0.1422	0.8616
000904	I	0.408633	0.658174	0.720468	0.3005	0.5707	0.5200	0.0770	0.5297	0.1425	0.8776
000905	M	0.400560	0.665602	0.722301	0.3847	0.6482	0.5010	0.0770	0.5537	0.1321	0.8852
000906	G	0.427121	0.657369	0.723713	0.3992	0.6531	0.5190	0.0930	0.5632	0.1225	0.8828
000907	L	0.473377	0.676050	0.725580	0.3992	0.6576	0.5660	0.1000	0.5830	0.1159	0.8806
000908	L	0.530811	0.696676	0.728628	0.4513	0.7080	0.5800	0.1210	0.6158	0.1028	0.8670
000909	Q	0.584100	0.722791	0.732826	0.4651	0.7250	0.6070	0.1360	0.6394	0.0979	0.8491
000910	A	0.622699	0.743588	0.737660	0.4458	0.7250	0.6580	0.1420	0.6555	0.1036	0.8352
000911	R	0.679046	0.768891	0.742913	0.4458	0.6906	0.7040	0.1220	0.6718	0.1057	0.8113
000912	L	0.742759	0.788985	0.747961	0.5253	0.6269	0.7610	0.1120	0.6988	0.0927	0.7857
000913	G	0.781887	0.802732	0.753066	0.5126	0.6427	0.7710	0.1120	0.7107	0.1024	0.7545
000914	P	0.839266	0.817847	0.758660	0.4203	0.6712	0.7860	0.1150	0.7156	0.1425	0.7185
000915	P	0.868732	0.830739	0.765162	0.5008	0.7755	0.7920	0.1130	0.7554	0.1191	0.6797
000916	G	0.888496	0.841459	0.771307	0.5331	0.8085	0.8250	0.1020	0.7779	0.1150	0.6497
000917	H	0.896653	0.848364	0.776191	0.5412	0.8235	0.8230	0.1080	0.7849	0.1147	0.6314
000918	P	0.925074	0.855165	0.782782	0.6174	0.7755	0.8040	0.1220	0.7934	0.0937	0.6109
000919	A	0.942373	0.867875	0.792470	0.6827	0.8565	0.8190	0.1230	0.8268	0.0795	0.5898
000920	G	0.949593	0.880728	0.804791	0.5583	0.8530	0.7980	0.1290	0.8073	0.1224	0.5704
000921	S	0.966447	0.891639	0.817900	0.5941	0.8198	0.8060	0.1190	0.8159	0.1138	0.5479
000922	A	0.961058	0.905716	0.831301	0.6174	0.8198	0.8120	0.1140	0.8245	0.1067	0.5419
000923	W	0.931620	0.915359	0.843415	0.6293	0.8872	0.8040	0.1150	0.8352	0.1015	0.5234
000924	T	0.926506	0.920827	0.854631	0.6293	0.8942	0.7530	0.1230	0.8297	0.1069	0.5023
000925	P	0.918378	0.933975	0.864889	0.6219	0.7843	0.7070	0.1380	0.8050	0.1130	0.4806
000926	D	0.875778	0.938108	0.875464	0.6124	0.6991	0.6850	0.1330	0.7809	0.1204	0.4446
000927	P	0.827563	0.941212	0.885008	0.4703	0.6851	0.6790	0.1460	0.7481	0.1572	0.4102
000928	P	0.779741	0.947176	0.893908	0.4513	0.7080	0.6290	0.1150	0.7348	0.1657	0.3789
000929	C	0.718370	0.954353	0.902724	0.4379	0.5493	0.6270	0.1170	0.6982	0.1839	0.3498
000930	P	0.717981	0.956218	0.910068	0.4703	0.5533	0.5670	0.1000	0.6959	0.1834	0.3356
000931	Q	0.732754	0.957872	0.916219	0.3225	0.5382	0.5920	0.0910	0.6766	0.2204	0.3313
000932	L	0.764041	0.956764	0.922135	0.3005	0.5382	0.6090	0.0900	0.6818	0.2278	0.3290
000933	R	0.774872	0.957011	0.928217	0.3184	0.5807	0.5410	0.0750	0.6833	0.2263	0.3045
000934	P	0.783983	0.957793	0.933494	0.4116	0.7415	0.5210	0.0790	0.7249	0.2005	0.2841
000935	P	0.824582	0.964397	0.937510	0.4203	0.7547	0.5890	0.0880	0.7484	0.1921	0.2691
000936	C	0.874489	0.964122	0.940976	0.4203	0.7289	0.6380	0.0920	0.7611	0.1910	0.2547
000937	L	0.922801	0.963896	0.943981	0.4203	0.6427	0.6580	0.0860	0.7586	0.2006	0.2661
000938	S	0.982962	0.965184	0.946481	0.4078	0.6322	0.6600	0.1050	0.7658	0.2148	0.2746
000939	P	0.982140	0.965460	0.947448	0.3399	0.6269	0.6910	0.0930	0.7588	0.2330	0.2838
000940	C	0.981543	0.961314	0.946702	0.4749	0.7628	0.7340	0.0780	0.8101	0.1786	0.3009
000941	A	0.975412	0.956211	0.944541	0.4781	0.7459	0.7430	0.0870	0.8072	0.1758	0.3333
000942	S	0.954931	0.951862	0.941300	0.4556	0.6620	0.7730	0.0960	0.7898	0.1847	0.3596
000943	R	0.947692	0.947378	0.936498	0.4967	0.7080	0.7910	0.0890	0.8045	0.1646	0.4008
000944	P	0.930400	0.938990	0.929681	0.4379	0.7289	0.7310	0.0940	0.7829	0.1790	0.4620
000945	P	0.915202	0.930026	0.922667	0.4037	0.6427	0.7140	0.0940	0.7547	0.1924	0.5314
000946	P	0.886889	0.924846	0.915610	0.4037	0.6136	0.7330	0.0970	0.7463	0.1895	0.6122
000947	S	0.884874	0.916777	0.908946	0.4825	0.6089	0.7660	0.0790	0.7613	0.1644	0.6896
000948	L	0.880375	0.906685	0.902164	0.5043	0.7036	0.7670	0.0910	0.7774	0.1432	0.7305
000949	Q	0.872170	0.894187	0.896216	0.3939	0.6851	0.7470	0.1060	0.7481	0.1771	0.7536
000950	D	0.872698	0.888724	0.890768	0.3992	0.6576	0.7460	0.1020	0.7426	0.1758	0.7739
000951	T	0.878260	0.883051	0.885017	0.5084	0.7209	0.7940	0.1090	0.7783	0.1346	0.7829
000952	T	0.863136	0.863027	0.879172	0.5296	0.7459	0.7940	0.1170	0.7791	0.1209	0.7889
000953	L	0.851744	0.858895	0.873096	0.4749	0.7595	0.7940	0.1290	0.7686	0.1372	0.7984
000954	A	0.830837	0.858652	0.867013	0.4749	0.7459	0.7910	0.1420	0.7614	0.1346	0.7868
000955	E	0.832371	0.850180	0.861147	0.4600	0.7369	0.8080	0.1260	0.7582	0.1393	0.7773
000956	V	0.806940	0.842726	0.855890	0.4149	0.7209	0.8380	0.1150	0.7466	0.1549	0.7648
000957	H	0.755947	0.836311	0.851739	0.4245	0.7036	0.8340	0.1220	0.7343	0.1480	0.7378
000958	C	0.692665	0.832440	0.848123	0.4245	0.7120	0.8270	0.1380	0.7227	0.1464	0.7099
000959	P	0.651437	0.823649	0.845211	0.4781	0.7547	0.7760	0.1470	0.7215	0.1251	0.7079
000960	A	0.619309	0.821111	0.842504	0.4651	0.6712	0.7810	0.1300	0.7000	0.1317	0.7299
000961	S	0.602179	0.819888	0.840064	0.4245	0.5707	0.7750	0.1170	0.6721	0.1512	0.7573
000962	V	0.573229	0.820446	0.837911	0.3717	0.5854	0.7530	0.1050	0.6570	0.1644	0.7994
000963	G	0.569768	0.822846	0.836409	0.3225	0.5098	0.7210	0.1140	0.6304	0.1829	0.8294
000964	T	0.561621	0.821115	0.835743	0.4037	0.5665	0.7190	0.1010	0.6512	0.1549	0.8607
000965	M	0.573876	0.821484	0.835867	0.3762	0.6136	0.7360	0.1000	0.6594	0.1596	0.8920
000966	E	0.614178	0.820425	0.836917	0.3578	0.5901	0.7550	0.1020	0.6623	0.1654	0.9084
000967	T	0.678418	0.821702	0.839260	0.4379	0.5620	0.7940	0.1000	0.6888	0.1474	0.9221
000968	G	0.709674	0.827858	0.842222	0.4458	0.4979	0.8320	0.1000	0.6925	0.1629	0.9384
000969	T	0.751837	0.830697	0.845305	0.5173	0.6531	0.8260	0.0970	0.7374	0.1184	0.9538
000970	A	0.789407	0.833443	0.848545	0.4651	0.6531	0.8340	0.1000	0.7373	0.1384	0.9629
000971	L	0.838756	0.838870	0.852042	0.5043	0.5620	0.8430	0.1010	0.7398	0.1471	0.9674
000972	L	0.869269	0.846640	0.855488	0.5229	0.5951	0.8330	0.1020	0.7537	0.1397	0.9683
000973	D	0.897135	0.850690	0.858909	0.5084	0.6576	0.8270	0.1020	0.7667	0.1384	0.9651
000974	L	0.910068	0.855470	0.863659	0.5173	0.6661	0.8130	0.1040	0.7710	0.1368	0.9606
000975	R	0.918648	0.859982	0.870184	0.5173	0.6851	0.7670	0.1130	0.7696	0.1362	0.9496
000976	P	0.918881	0.865261	0.876969	0.5667	0.7250	0.7780	0.0970	0.7884	0.1184	0.9362
000977	S	0.930712	0.865547	0.883778	0.5623	0.7331	0.7950	0.0860	0.7951	0.1220	0.9272
000978	I	0.934394	0.875371	0.890170	0.5802	0.6531	0.7950	0.0810	0.7881	0.1297	0.9181
000979	L	0.938146	0.880883	0.896561	0.5900	0.6576	0.7600	0.0840	0.7873	0.1290	0.9051
000980	P	0.951280	0.890461	0.901948	0.5374	0.6755	0.7450	0.0940	0.7836	0.1457	0.8771
000981	P	0.961140	0.903319	0.906647	0.5711	0.6906	0.7440	0.0970	0.7962	0.1387	0.8439
000982	Y	0.970535	0.913032	0.911711	0.6412	0.7799	0.7650	0.1000	0.8302	0.1123	0.8076
000983	P	0.975407	0.924379	0.917039	0.6827	0.7881	0.7380	0.1030	0.8376	0.1074	0.7696
000984	S	0.984632	0.934716	0.922695	0.6789	0.7881	0.7710	0.0860	0.8467	0.1079	0.7480
000985	E	0.992893	0.944379	0.928077	0.6715	0.8623	0.7640	0.0870	0.8606	0.1111	0.7307
000986	P	0.997321	0.952462	0.932846	0.6906	0.8462	0.7420	0.0860	0.8602	0.1123	0.7252
000987	D	0.998981	0.960152	0.937167	0.6906	0.8235	0.7640	0.0710	0.8624	0.1114	0.7263
000988	P	0.999328	0.966768	0.940645	0.6789	0.8462	0.7840	0.0640	0.8694	0.1122	0.7184
000989	L	0.999384	0.971531	0.944006	0.7147	0.9126	0.8040	0.0560	0.8910	0.1002	0.7101
000990	G	0.999367	0.975588	0.946380	0.7605	0.9457	0.7830	0.0680	0.9017	0.0940	0.6839
000991	P	0.999331	0.978858	0.948109	0.7644	0.9433	0.7670	0.0760	0.9001	0.0970	0.6681
000992	S	0.999519	0.980925	0.949083	0.7540	0.9308	0.7670	0.1030	0.8968	0.0990	0.6527
000993	P	0.999625	0.984199	0.949332	0.8311	0.9488	0.7400	0.1230	0.9088	0.0929	0.6370
000994	V	0.999641	0.985599	0.948869	0.8200	0.9106	0.7470	0.1280	0.9019	0.0910	0.6479
000995	P	0.994803	0.986239	0.947393	0.7951	0.9126	0.7360	0.1390	0.8954	0.0970	0.6620
000996	E	0.992889	0.987221	0.945071	0.7540	0.8991	0.7550	0.1430	0.8889	0.0999	0.6788
000997	A	0.991512	0.987543	0.942167	0.7418	0.8828	0.7810	0.1410	0.8878	0.0970	0.6940
000998	S	0.979446	0.987510	0.938324	0.7192	0.7881	0.7890	0.1430	0.8670	0.1052	0.6989
000999	P	0.967408	0.987008	0.934091	0.7079	0.7881	0.7870	0.1390	0.8618	0.1055	0.7201
001000	P	0.932346	0.986727	0.928817	0.6984	0.8421	0.7890	0.1380	0.8629	0.0979	0.7464
001001	T	0.886909	0.986412	0.923164	0.7275	0.8313	0.8050	0.1260	0.8600	0.0838	0.7841
001002	P	0.814228	0.986383	0.918788	0.7079	0.8085	0.8190	0.1020	0.8424	0.0887	0.8205
001003	S	0.743537	0.986582	0.916157	0.7147	0.8343	0.8240	0.1030	0.8365	0.0936	0.8529
001004	L	0.709657	0.986325	0.915317	0.6906	0.8198	0.8320	0.1190	0.8255	0.1046	0.8834
001005	L	0.681702	0.986807	0.914478	0.7605	0.7843	0.8200	0.0990	0.8247	0.1005	0.8938
001006	R	0.661699	0.986905	0.913534	0.7501	0.7547	0.8660	0.0870	0.8222	0.1102	0.8976
001007	H	0.641901	0.986052	0.912347	0.6789	0.7209	0.8700	0.1030	0.8016	0.1278	0.9014
001008	S	0.616977	0.985429	0.910918	0.6944	0.7289	0.9650	0.0430	0.8169	0.1425	0.9081
001009	F	0.611786	0.986872	0.909351	0.7342	0.7209	0.9870	0.0160	0.8251	0.1439	0.9192
001010	Q	0.589557	0.987122	0.907625	0.7540	0.6806	0.9860	0.0190	0.8174	0.1527	0.9225
001011	S	0.642978	0.986708	0.905989	0.7772	0.6269	0.9750	0.0350	0.8191	0.1470	0.9212
001012	R	0.705930	0.986492	0.904473	0.8118	0.5992	0.9950	0.0050	0.8338	0.1450	0.9221
001013	S	0.717333	0.986822	0.903039	0.8350	0.5419	0.9900	0.0110	0.8291	0.1588	0.9217
001014	D	0.390791	0.986926	0.901473	0.8677	0.5211	0.9870	0.0180	0.7758	0.2333	0.9205
001015	T	0.825708	0.986623	0.899636	0.9119	0.5854	0.9820	0.0250	0.8652	0.1364	0.9148
001016	F	0.930139	0.986155	0.897771	0.9466	0.6620	0.9670	0.0410	0.8983	0.1093	0.9149
001017	H	0.754094	0.985782	0.896762	0.9632	0.6322	0.9340	0.0760	0.8610	0.1268	0.9172