RESNUM	RES	VL-XT	VSL2B	VL3	IUPred-S	IUPred-L	PONDRFIT	FITERROR	MDP	MDPERROR	ANCHOR2
000001	M	0.740011	0.746036	0.354473	0.8823	0.2609	0.9700	0.0170	0.6590	0.2621	0.4154
000002	A	0.535619	0.677306	0.350140	0.7869	0.3087	0.9450	0.0310	0.6006	0.2278	0.4252
000003	Q	0.560662	0.615195	0.343392	0.7418	0.2094	0.9280	0.0260	0.5664	0.2384	0.4303
000004	K	0.553145	0.663651	0.338374	0.7111	0.1583	0.8940	0.0300	0.5531	0.2434	0.4315
000005	K	0.533295	0.645795	0.334905	0.5941	0.1914	0.8640	0.0450	0.5272	0.2166	0.4284
000006	Y	0.486367	0.584472	0.331474	0.4825	0.2258	0.7850	0.0580	0.4826	0.1782	0.4232
000007	L	0.454606	0.510663	0.329875	0.4458	0.2575	0.6600	0.0760	0.4431	0.1286	0.4223
000008	Q	0.421835	0.440499	0.330584	0.4037	0.2817	0.6670	0.0630	0.4243	0.1217	0.4313
000009	A	0.388786	0.384983	0.330865	0.3578	0.2258	0.6840	0.0890	0.3954	0.1402	0.4307
000010	K	0.354847	0.356606	0.327736	0.3225	0.2575	0.6260	0.1190	0.3741	0.1172	0.4261
000011	L	0.301680	0.325337	0.322605	0.1958	0.2164	0.6280	0.1500	0.3316	0.1417	0.4221
000012	T	0.253248	0.308915	0.318913	0.2292	0.1528	0.5710	0.1570	0.3057	0.1308	0.4170
000013	Q	0.203419	0.318476	0.316675	0.1844	0.1671	0.5390	0.1430	0.2882	0.1273	0.4255
000014	F	0.163893	0.320477	0.315689	0.1117	0.1914	0.5860	0.1400	0.2816	0.1562	0.4303
000015	L	0.139849	0.290849	0.313330	0.1117	0.2258	0.5430	0.1280	0.2707	0.1418	0.4329
000016	R	0.131253	0.295439	0.307414	0.1380	0.1702	0.4310	0.1270	0.2456	0.1088	0.4206
000017	E	0.115914	0.303137	0.298444	0.2432	0.2328	0.2940	0.1150	0.2480	0.0651	0.4122
000018	D	0.112695	0.301860	0.291673	0.2432	0.3019	0.1950	0.0810	0.2411	0.0690	0.4107
000019	R	0.146219	0.288031	0.291500	0.2255	0.3019	0.1490	0.0610	0.2337	0.0656	0.4135
000020	I	0.200828	0.292270	0.295790	0.2483	0.3356	0.1210	0.0440	0.2490	0.0709	0.4142
000021	Q	0.306000	0.286593	0.300955	0.2483	0.3321	0.0990	0.0340	0.2621	0.0773	0.4104
000022	L	0.411171	0.290200	0.306620	0.3225	0.3948	0.0900	0.0310	0.3026	0.1048	0.4085
000023	W	0.428402	0.318368	0.312378	0.3184	0.3356	0.0860	0.0280	0.2999	0.1036	0.3980
000024	K	0.420979	0.345429	0.316659	0.3005	0.3286	0.0870	0.0300	0.2998	0.1026	0.3766
000025	P	0.428952	0.360512	0.320312	0.3225	0.3426	0.0890	0.0270	0.3106	0.1057	0.3566
000026	P	0.415885	0.381762	0.325644	0.3992	0.3840	0.1000	0.0280	0.3345	0.1083	0.3479
000027	Y	0.391791	0.402894	0.332256	0.3146	0.3149	0.1210	0.0420	0.3129	0.0926	0.3447
000028	T	0.325365	0.418878	0.339377	0.2913	0.3087	0.1300	0.0370	0.3023	0.0869	0.3389
000029	D	0.295579	0.450992	0.346681	0.2209	0.3087	0.1400	0.0460	0.2939	0.0971	0.3305
000030	E	0.195099	0.500803	0.356331	0.1998	0.2399	0.1350	0.0490	0.2711	0.1228	0.3231
000031	N	0.089084	0.500537	0.367288	0.2913	0.2884	0.1310	0.0440	0.2780	0.1384	0.3258
000032	K	0.070145	0.477105	0.378685	0.2209	0.2783	0.1100	0.0330	0.2558	0.1424	0.3360
000033	K	0.068094	0.473606	0.392052	0.2657	0.3460	0.1000	0.0310	0.2742	0.1482	0.3463
000034	V	0.120667	0.451115	0.406001	0.3491	0.3704	0.0960	0.0300	0.2988	0.1386	0.3641
000035	G	0.189246	0.417656	0.419407	0.3456	0.3740	0.1010	0.0300	0.3079	0.1205	0.3887
000036	L	0.224318	0.379287	0.430119	0.2292	0.3460	0.1080	0.0370	0.2861	0.1094	0.4127
000037	A	0.231883	0.388954	0.438681	0.1921	0.3149	0.1110	0.0390	0.2795	0.1133	0.4261
000038	L	0.205927	0.391273	0.444240	0.2700	0.3117	0.1170	0.0400	0.2900	0.1095	0.4334
000039	K	0.204927	0.395715	0.448074	0.2700	0.3149	0.1190	0.0400	0.2921	0.1107	0.4304
000040	D	0.218544	0.411571	0.453256	0.2080	0.2470	0.1110	0.0420	0.2750	0.1195	0.4252
000041	L	0.239922	0.432324	0.462024	0.2122	0.1791	0.1080	0.0390	0.2722	0.1304	0.4196
000042	A	0.254403	0.437814	0.473034	0.1380	0.1731	0.1130	0.0410	0.2649	0.1420	0.4269
000043	K	0.194419	0.427005	0.483597	0.0909	0.1881	0.1210	0.0480	0.2508	0.1499	0.4270
000044	Q	0.130833	0.429507	0.493745	0.1018	0.1969	0.1340	0.0600	0.2477	0.1550	0.4148
000045	Y	0.101526	0.438169	0.502499	0.1380	0.1969	0.1460	0.0710	0.2539	0.1567	0.4039
000046	S	0.109460	0.433725	0.511554	0.1349	0.2034	0.1560	0.0790	0.2582	0.1559	0.3884
000047	D	0.126368	0.406330	0.520176	0.1495	0.2680	0.1660	0.0860	0.2727	0.1456	0.3706
000048	R	0.142103	0.408546	0.528531	0.1698	0.2328	0.1700	0.0830	0.2753	0.1435	0.3557
000049	L	0.144069	0.395127	0.534794	0.2209	0.2258	0.1740	0.0710	0.2825	0.1380	0.3498
000050	E	0.195010	0.382272	0.538870	0.1844	0.2364	0.1730	0.0690	0.2851	0.1335	0.3455
000051	C	0.234775	0.399057	0.541629	0.1266	0.2364	0.1980	0.0750	0.2893	0.1393	0.3398
000052	C	0.292305	0.399030	0.541199	0.1805	0.2292	0.2110	0.0840	0.3089	0.1257	0.3313
000053	E	0.360574	0.420402	0.538027	0.2080	0.2541	0.2090	0.0810	0.3317	0.1209	0.3285
000054	N	0.429952	0.450329	0.534169	0.1602	0.1881	0.2380	0.0900	0.3335	0.1434	0.3289
000055	E	0.465019	0.449786	0.532936	0.1495	0.1823	0.2590	0.1080	0.3397	0.1487	0.3270
000056	V	0.524404	0.452955	0.531700	0.1240	0.2224	0.2770	0.1170	0.3553	0.1563	0.3246
000057	E	0.584337	0.440710	0.527295	0.1088	0.1583	0.2770	0.1140	0.3494	0.1802	0.3223
000058	K	0.654843	0.427549	0.519423	0.0884	0.1583	0.2900	0.1170	0.3565	0.1984	0.3285
000059	V	0.672561	0.404609	0.508960	0.0607	0.1583	0.2960	0.1140	0.3502	0.2064	0.3354
000060	I	0.707267	0.375571	0.497008	0.0965	0.2193	0.2720	0.1180	0.3613	0.1985	0.3329
000061	E	0.719945	0.359534	0.484499	0.0884	0.2193	0.2350	0.1030	0.3512	0.2056	0.3277
000062	E	0.735786	0.352286	0.474245	0.1380	0.2849	0.2330	0.0890	0.3696	0.1936	0.3240
000063	I	0.736843	0.310568	0.466132	0.2080	0.3631	0.2210	0.0940	0.3842	0.1802	0.3240
000064	R	0.779522	0.304986	0.457454	0.2041	0.3667	0.2140	0.1050	0.3878	0.1956	0.3158
000065	C	0.773766	0.326974	0.447983	0.1998	0.3667	0.2170	0.1110	0.3887	0.1920	0.3074
000066	K	0.769130	0.352894	0.438995	0.2041	0.2951	0.2060	0.0980	0.3776	0.1933	0.3024
000067	A	0.763101	0.385878	0.432284	0.2531	0.3494	0.2220	0.1060	0.4010	0.1774	0.3034
000068	I	0.728355	0.407451	0.429789	0.1844	0.3460	0.2250	0.0880	0.3868	0.1769	0.3041
000069	E	0.671704	0.437257	0.429386	0.1878	0.3566	0.2170	0.0830	0.3833	0.1606	0.2985
000070	R	0.622287	0.452332	0.430246	0.2385	0.4119	0.2120	0.0840	0.3945	0.1382	0.2957
000071	G	0.561163	0.477515	0.427387	0.3096	0.4186	0.2070	0.0800	0.4003	0.1143	0.2966
000072	T	0.564189	0.488178	0.422936	0.3053	0.3948	0.2030	0.0780	0.3964	0.1176	0.3049
000073	G	0.537090	0.498480	0.417894	0.2255	0.3948	0.2080	0.0810	0.3803	0.1250	0.3136
000074	N	0.496684	0.504653	0.414752	0.2700	0.3983	0.2170	0.0860	0.3835	0.1075	0.3228
000075	D	0.453184	0.511722	0.412308	0.2820	0.4051	0.2080	0.0800	0.3787	0.1030	0.3378
000076	N	0.391050	0.485362	0.409493	0.3184	0.4220	0.2160	0.0780	0.3737	0.0860	0.3521
000077	Y	0.371567	0.465411	0.407258	0.3359	0.3460	0.2490	0.0870	0.3625	0.0666	0.3680
000078	R	0.359814	0.434990	0.405834	0.3053	0.3019	0.2470	0.0790	0.3425	0.0645	0.3803
000079	T	0.337807	0.389925	0.406466	0.3005	0.4087	0.2420	0.0770	0.3475	0.0612	0.3978
000080	T	0.327978	0.355873	0.407980	0.2255	0.4369	0.2410	0.0850	0.3325	0.0786	0.4182
000081	G	0.269739	0.327725	0.407638	0.2786	0.4330	0.2190	0.0800	0.3227	0.0762	0.4299
000082	I	0.224616	0.291604	0.406529	0.3184	0.3704	0.2250	0.0820	0.3062	0.0680	0.4117
000083	A	0.256461	0.300723	0.405327	0.3184	0.3631	0.2270	0.0880	0.3118	0.0603	0.3981
000084	T	0.332402	0.276225	0.406177	0.2531	0.3566	0.2330	0.0950	0.3096	0.0608	0.3889
000085	I	0.376285	0.283870	0.406631	0.2602	0.3494	0.2510	0.1040	0.3212	0.0594	0.3814
000086	E	0.391128	0.251023	0.405917	0.2558	0.3426	0.2670	0.1240	0.3189	0.0641	0.3803
000087	V	0.408930	0.263122	0.405388	0.2558	0.3249	0.3280	0.1680	0.3310	0.0604	0.3778
000088	F	0.479138	0.270738	0.406933	0.3263	0.4051	0.3060	0.1490	0.3658	0.0710	0.3815
000089	L	0.552929	0.288622	0.411169	0.3311	0.3426	0.2670	0.1170	0.3655	0.0954	0.3920
000090	P	0.640434	0.326223	0.416766	0.3311	0.2752	0.2350	0.0810	0.3707	0.1330	0.4052
000091	P	0.727571	0.374076	0.421686	0.2602	0.2715	0.2380	0.0670	0.3821	0.1678	0.4173
000092	R	0.771824	0.408229	0.426032	0.1844	0.2783	0.2820	0.0890	0.3919	0.1887	0.4312
000093	L	0.765732	0.455804	0.430079	0.2558	0.3460	0.3180	0.1240	0.4286	0.1650	0.4226
000094	K	0.807438	0.483599	0.434461	0.2820	0.2988	0.3330	0.1400	0.4399	0.1795	0.4070
000095	K	0.866502	0.521717	0.437286	0.2820	0.3087	0.3870	0.1470	0.4672	0.1954	0.3958
000096	D	0.937416	0.549104	0.438801	0.2657	0.3087	0.4110	0.1450	0.4851	0.2220	0.3876
000097	R	0.959783	0.590141	0.439064	0.2748	0.3087	0.3700	0.1380	0.4905	0.2334	0.3843
000098	K	0.977779	0.545161	0.440698	0.2333	0.3667	0.3120	0.1320	0.4792	0.2435	0.3798
000099	N	0.979245	0.517973	0.441017	0.3005	0.4441	0.2950	0.1310	0.4964	0.2303	0.3785
000100	L	0.981096	0.490165	0.440409	0.3717	0.5211	0.2690	0.1190	0.5122	0.2253	0.3849
000101	L	0.983032	0.444355	0.437359	0.3359	0.4186	0.2500	0.1060	0.4782	0.2358	0.3890
000102	E	0.989025	0.393058	0.435442	0.2913	0.3807	0.2260	0.0920	0.4525	0.2498	0.3924
000103	T	0.992515	0.364120	0.433328	0.2041	0.3840	0.2260	0.0930	0.4340	0.2632	0.4005
000104	R	0.979937	0.336043	0.430079	0.2748	0.4441	0.2250	0.0890	0.4483	0.2502	0.4094
000105	L	0.951050	0.319282	0.424546	0.2820	0.3774	0.2300	0.0820	0.4306	0.2410	0.4208
000106	H	0.895692	0.325888	0.418425	0.2865	0.3631	0.2450	0.0750	0.4224	0.2186	0.4256
000107	I	0.847154	0.341282	0.413386	0.1998	0.3631	0.2740	0.0920	0.4065	0.2084	0.4240
000108	T	0.798615	0.370791	0.409075	0.1732	0.3704	0.2680	0.1070	0.3984	0.1956	0.4177
000109	G	0.717227	0.408123	0.404517	0.1698	0.2951	0.2730	0.1180	0.3780	0.1722	0.4116
000110	R	0.669571	0.430437	0.398955	0.1667	0.2849	0.2990	0.1390	0.3749	0.1569	0.4091
000111	E	0.638196	0.433402	0.393662	0.1566	0.2849	0.2800	0.1310	0.3645	0.1512	0.4047
000112	L	0.603695	0.435539	0.389914	0.2255	0.3566	0.2630	0.1270	0.3790	0.1234	0.4071
000113	R	0.579977	0.429436	0.386001	0.1532	0.3599	0.2360	0.1090	0.3574	0.1367	0.4049
000114	S	0.571701	0.399914	0.382357	0.1532	0.3667	0.2180	0.1040	0.3486	0.1349	0.3982
000115	K	0.585590	0.385272	0.378024	0.1566	0.3087	0.2300	0.1140	0.3407	0.1357	0.3897
000116	I	0.587878	0.369670	0.374999	0.2385	0.3087	0.1830	0.0620	0.3437	0.1288	0.3850
000117	A	0.545992	0.352801	0.372921	0.1667	0.2884	0.1510	0.0370	0.3130	0.1340	0.3839
000118	E	0.519420	0.319779	0.370644	0.1766	0.2918	0.1170	0.0300	0.2992	0.1306	0.3849
000119	T	0.456557	0.304045	0.366625	0.1766	0.2328	0.1060	0.0260	0.2737	0.1171	0.3912
000120	F	0.379513	0.276754	0.359295	0.1060	0.1702	0.1040	0.0230	0.2327	0.1125	0.3992
000121	G	0.306495	0.237355	0.350817	0.0723	0.1852	0.0980	0.0240	0.2084	0.1016	0.4010
000122	L	0.232675	0.231272	0.343747	0.0414	0.1731	0.0980	0.0200	0.1867	0.0983	0.4038
000123	Q	0.158838	0.216828	0.337183	0.0771	0.2258	0.0970	0.0210	0.1855	0.0874	0.4018
000124	E	0.089259	0.199214	0.330665	0.0723	0.2364	0.1010	0.0230	0.1715	0.0930	0.4039
000125	N	0.024475	0.171909	0.325377	0.0677	0.1731	0.1060	0.0270	0.1448	0.0967	0.4072
000126	Y	0.003879	0.163930	0.324821	0.0643	0.1852	0.1110	0.0330	0.1422	0.1015	0.4142
000127	I	0.000919	0.170124	0.329076	0.0643	0.1881	0.1030	0.0290	0.1425	0.1044	0.4131
000128	K	0.000467	0.166491	0.334819	0.0771	0.2064	0.1030	0.0270	0.1481	0.1060	0.4136
000129	I	0.000481	0.176465	0.337815	0.0478	0.1969	0.1110	0.0250	0.1451	0.1098	0.4143
000130	V	0.000537	0.197183	0.337529	0.0490	0.1969	0.1160	0.0300	0.1495	0.1105	0.4106
000131	I	0.000551	0.221534	0.338862	0.0789	0.2129	0.1280	0.0410	0.1635	0.1092	0.4044
000132	N	0.000557	0.266005	0.344831	0.0744	0.2224	0.1440	0.0490	0.1754	0.1161	0.4027
000133	K	0.000858	0.292107	0.353905	0.0771	0.2918	0.1470	0.0590	0.1938	0.1278	0.3996
000134	K	0.001269	0.309462	0.363967	0.0789	0.2918	0.1620	0.0640	0.2013	0.1309	0.3979
000135	Q	0.002103	0.335940	0.374289	0.0771	0.2849	0.1800	0.0680	0.2091	0.1355	0.3945
000136	L	0.003118	0.363319	0.386326	0.0744	0.2164	0.1950	0.0610	0.2064	0.1390	0.3941
000137	Q	0.004183	0.398299	0.398367	0.1178	0.2575	0.1970	0.0650	0.2288	0.1427	0.3895
000138	L	0.004675	0.426404	0.410845	0.1322	0.3426	0.2010	0.0630	0.2529	0.1538	0.3922
000139	G	0.005135	0.466787	0.423876	0.1117	0.3599	0.1930	0.0530	0.2600	0.1688	0.3946
000140	K	0.006761	0.489256	0.437562	0.1958	0.3704	0.2020	0.0580	0.2836	0.1656	0.3969
000141	T	0.011433	0.522663	0.450959	0.2657	0.4220	0.2040	0.0680	0.3128	0.1732	0.4016
000142	L	0.014176	0.528785	0.464467	0.2865	0.4725	0.2100	0.0660	0.3294	0.1798	0.4059
000143	E	0.042900	0.520101	0.477267	0.2748	0.4409	0.1880	0.0580	0.3239	0.1711	0.4076
000144	E	0.062199	0.526037	0.490130	0.2558	0.3910	0.2050	0.0520	0.3217	0.1634	0.4147
000145	Q	0.065312	0.523831	0.502402	0.2483	0.3286	0.2190	0.0410	0.3145	0.1607	0.4223
000146	G	0.068241	0.513530	0.515438	0.1998	0.3321	0.2240	0.0510	0.3088	0.1644	0.4328
000147	V	0.100332	0.509393	0.529260	0.2432	0.3286	0.2000	0.0610	0.3185	0.1572	0.4266
000148	A	0.169149	0.524626	0.543346	0.2483	0.3182	0.1910	0.0630	0.3325	0.1501	0.4175
000149	H	0.246250	0.505232	0.557161	0.2748	0.3910	0.2010	0.0660	0.3625	0.1332	0.4126
000150	N	0.319468	0.527177	0.571453	0.2558	0.3910	0.2130	0.0630	0.3796	0.1326	0.4131
000151	V	0.386137	0.547066	0.587177	0.2700	0.4051	0.2170	0.0550	0.4020	0.1338	0.4145
000152	K	0.442471	0.585187	0.602916	0.2786	0.4051	0.2020	0.0510	0.4193	0.1467	0.4177
000153	A	0.500825	0.625255	0.617880	0.3668	0.4801	0.2100	0.0580	0.4669	0.1444	0.4213
000154	M	0.577574	0.650357	0.631408	0.3668	0.4476	0.2260	0.0610	0.4832	0.1527	0.4237
000155	V	0.636737	0.671859	0.644229	0.3806	0.4409	0.2580	0.0760	0.5053	0.1556	0.4267
000156	L	0.674841	0.680473	0.654995	0.3630	0.4292	0.2870	0.0780	0.5149	0.1607	0.4297
000157	E	0.670672	0.742310	0.662992	0.3491	0.4441	0.3110	0.0720	0.5300	0.1687	0.4323
000158	L	0.660735	0.772760	0.667690	0.4078	0.4119	0.3900	0.0760	0.5518	0.1531	0.4336
000159	K	0.668864	0.787156	0.671503	0.4458	0.4409	0.3750	0.0830	0.5649	0.1512	0.4335
000160	Q	0.685676	0.811559	0.676583	0.3668	0.3566	0.4680	0.0810	0.5608	0.1731	0.4337
000161	S	0.688071	0.834233	0.684281	0.3630	0.3494	0.5130	0.0840	0.5720	0.1787	0.4332
000162	E	0.700503	0.855766	0.691011	0.3717	0.4149	0.5100	0.0790	0.5907	0.1721	0.4319
000163	E	0.713876	0.869315	0.694700	0.3806	0.4256	0.4970	0.0780	0.5969	0.1749	0.4310
000164	D	0.745019	0.880927	0.696924	0.3992	0.4541	0.5450	0.0790	0.6202	0.1691	0.4311
000165	A	0.771857	0.895428	0.698906	0.4078	0.4801	0.6180	0.0970	0.6453	0.1663	0.4311
000166	R	0.804234	0.903178	0.701203	0.4556	0.5577	0.6510	0.0960	0.6787	0.1482	0.4310
000167	K	0.829303	0.913956	0.701307	0.5084	0.6576	0.6360	0.1090	0.7077	0.1321	0.4298
000168	N	0.802278	0.919547	0.700693	0.5084	0.6136	0.6850	0.1230	0.7049	0.1310	0.4297
000169	F	0.774765	0.926302	0.699850	0.5667	0.7036	0.7170	0.1200	0.7314	0.1072	0.4303
000170	Q	0.709650	0.930928	0.698569	0.5623	0.6089	0.7050	0.1160	0.7025	0.1160	0.4298
000171	L	0.643705	0.932820	0.696852	0.5514	0.5951	0.7250	0.1210	0.6908	0.1229	0.4305
000172	E	0.570962	0.939646	0.694916	0.4918	0.6043	0.7160	0.1160	0.6696	0.1422	0.4310
000173	E	0.483636	0.942516	0.693579	0.4749	0.5901	0.7470	0.1310	0.6554	0.1626	0.4322
000174	E	0.446388	0.941009	0.693264	0.4749	0.5854	0.7770	0.1430	0.6531	0.1727	0.4337
000175	E	0.409241	0.940061	0.694520	0.4513	0.4831	0.8060	0.1230	0.6307	0.1973	0.4321
000176	Q	0.364545	0.939010	0.696917	0.4749	0.5139	0.8020	0.1010	0.6318	0.1989	0.4318
000177	N	0.397396	0.938058	0.699401	0.4245	0.5139	0.7920	0.1020	0.6276	0.1982	0.4323
000178	E	0.432214	0.936008	0.700421	0.4420	0.5211	0.7660	0.1050	0.6329	0.1841	0.4330
000179	A	0.511265	0.928915	0.699342	0.4245	0.5017	0.7700	0.1070	0.6393	0.1761	0.4337
000180	K	0.588075	0.918106	0.695864	0.4918	0.6089	0.7820	0.0900	0.6808	0.1392	0.4335
000181	L	0.673690	0.904988	0.690044	0.4781	0.5951	0.8100	0.0770	0.6920	0.1383	0.4331
000182	K	0.774470	0.891019	0.683352	0.5253	0.5854	0.7710	0.1020	0.7051	0.1231	0.4333
000183	E	0.821878	0.875912	0.676266	0.5331	0.5854	0.7910	0.1350	0.7139	0.1254	0.4337
000184	K	0.871831	0.860250	0.669726	0.4703	0.4831	0.8300	0.1340	0.6976	0.1697	0.4320
000185	Q	0.933618	0.839458	0.663218	0.4825	0.4017	0.8280	0.1260	0.6914	0.1948	0.4316
000186	I	0.952721	0.823070	0.657505	0.4203	0.3667	0.8090	0.1440	0.6716	0.2150	0.4323
000187	Q	0.969845	0.807566	0.649778	0.3717	0.3566	0.7400	0.1780	0.6493	0.2231	0.4327
000188	R	0.979096	0.784024	0.640803	0.3456	0.3392	0.7210	0.1750	0.6350	0.2307	0.4330
000189	T	0.987214	0.769182	0.628749	0.3359	0.3019	0.6930	0.1880	0.6194	0.2396	0.4333
000190	K	0.989855	0.739127	0.615849	0.3535	0.3019	0.6180	0.2010	0.6030	0.2315	0.4336
000191	R	0.975298	0.716679	0.602720	0.3399	0.3117	0.5850	0.2030	0.5886	0.2253	0.4335
000192	G	0.967216	0.699198	0.591019	0.3717	0.3872	0.5360	0.1740	0.5921	0.2024	0.4330
000193	L	0.959813	0.659630	0.580533	0.3806	0.3286	0.5220	0.1470	0.5718	0.2068	0.4321
000194	E	0.950148	0.640778	0.570414	0.3762	0.2609	0.5100	0.1630	0.5515	0.2176	0.4312
000195	I	0.933599	0.603759	0.560798	0.3311	0.2715	0.5640	0.1440	0.5441	0.2143	0.4291
000196	L	0.917063	0.604009	0.550975	0.2602	0.2951	0.5150	0.1550	0.5238	0.2174	0.4275
000197	A	0.897781	0.589001	0.540293	0.3263	0.3840	0.4340	0.1680	0.5286	0.1874	0.4259
000198	K	0.873383	0.568240	0.528937	0.3535	0.3529	0.4110	0.1660	0.5146	0.1801	0.4225
000199	R	0.845205	0.565763	0.516754	0.3578	0.3599	0.4490	0.1670	0.5157	0.1657	0.4190
000200	A	0.835126	0.572595	0.504232	0.3359	0.3840	0.4620	0.1560	0.5157	0.1622	0.4141
000201	A	0.810294	0.561469	0.491784	0.3491	0.3117	0.4500	0.1330	0.4958	0.1637	0.4112
000202	E	0.786977	0.559212	0.480691	0.3939	0.2436	0.4260	0.1360	0.4817	0.1667	0.4094
000203	T	0.769505	0.544766	0.469020	0.3096	0.2541	0.4480	0.1330	0.4659	0.1673	0.4059
000204	V	0.759502	0.529566	0.454576	0.3096	0.2470	0.4820	0.1560	0.4637	0.1648	0.4032
000205	V	0.749374	0.514360	0.437634	0.3096	0.2129	0.4380	0.1490	0.4436	0.1682	0.3987
000206	D	0.746578	0.496891	0.419776	0.2963	0.3019	0.3740	0.1520	0.4392	0.1537	0.3968
000207	P	0.746453	0.473727	0.401792	0.3096	0.3774	0.3240	0.1490	0.4389	0.1476	0.3932
000208	E	0.752831	0.450925	0.384723	0.3263	0.4051	0.2950	0.1260	0.4359	0.1506	0.3874
000209	M	0.747337	0.412962	0.369273	0.3491	0.4051	0.2730	0.0910	0.4261	0.1508	0.3780
000210	T	0.721889	0.380156	0.356995	0.3578	0.4087	0.2500	0.0760	0.4127	0.1467	0.3751
000211	P	0.688709	0.367745	0.347350	0.3806	0.4330	0.2310	0.0650	0.4080	0.1396	0.3705
000212	Y	0.669228	0.377579	0.340231	0.4116	0.3807	0.2360	0.0720	0.4026	0.1315	0.3656
000213	L	0.685220	0.370274	0.334912	0.4149	0.3667	0.2230	0.0700	0.3992	0.1409	0.3632
000214	D	0.697444	0.373793	0.331974	0.3359	0.2849	0.2260	0.0760	0.3750	0.1515	0.3694
000215	I	0.704991	0.377653	0.330884	0.4037	0.3740	0.2310	0.0760	0.4037	0.1457	0.3779
000216	A	0.686374	0.364350	0.330406	0.3885	0.4685	0.2060	0.0690	0.4074	0.1473	0.3899
000217	N	0.683188	0.363392	0.329246	0.4116	0.4582	0.2010	0.0670	0.4078	0.1467	0.4032
000218	Q	0.680161	0.371713	0.328912	0.4078	0.4369	0.2070	0.0650	0.4055	0.1430	0.4163
000219	T	0.704097	0.393459	0.330070	0.4116	0.4220	0.2140	0.0610	0.4125	0.1482	0.4297
000220	G	0.740462	0.404828	0.334415	0.4420	0.4441	0.2170	0.0670	0.4305	0.1591	0.4214
000221	R	0.757502	0.429389	0.340848	0.4420	0.4149	0.2200	0.0680	0.4342	0.1630	0.4100
000222	S	0.750420	0.474080	0.347552	0.4116	0.3117	0.2290	0.0600	0.4207	0.1662	0.3970
000223	I	0.748050	0.502353	0.352313	0.4556	0.3631	0.2800	0.0630	0.4503	0.1514	0.3842
000224	R	0.748512	0.515519	0.354874	0.4513	0.3667	0.2990	0.0740	0.4559	0.1484	0.3758
000225	I	0.774285	0.543862	0.355937	0.4078	0.3356	0.3230	0.0850	0.4568	0.1599	0.3746
000226	P	0.768998	0.546924	0.355081	0.4116	0.3948	0.2920	0.0950	0.4616	0.1575	0.3725
000227	P	0.779166	0.518436	0.352614	0.4037	0.4149	0.3010	0.1110	0.4616	0.1567	0.3750
000228	S	0.792449	0.513852	0.351879	0.3717	0.3286	0.3170	0.1300	0.4459	0.1681	0.3771
000229	E	0.793957	0.522169	0.351639	0.3535	0.3321	0.2890	0.1240	0.4404	0.1740	0.3800
000230	R	0.815457	0.489545	0.352448	0.2657	0.3392	0.2620	0.1180	0.4208	0.1919	0.3845
000231	K	0.811400	0.452069	0.351198	0.2700	0.3392	0.2440	0.1100	0.4113	0.1908	0.3904
000232	A	0.788539	0.409270	0.349356	0.2657	0.3392	0.2020	0.0820	0.3923	0.1889	0.3975
000233	L	0.745795	0.375729	0.345866	0.2700	0.3356	0.1630	0.0610	0.3726	0.1807	0.4051
000234	M	0.685935	0.333546	0.343269	0.3359	0.3872	0.1420	0.0460	0.3713	0.1609	0.4080
000235	L	0.709915	0.326035	0.342965	0.3311	0.2918	0.1370	0.0420	0.3564	0.1728	0.4031
000236	A	0.729611	0.320245	0.344140	0.3668	0.2951	0.1240	0.0360	0.3633	0.1818	0.3948
000237	M	0.682496	0.310406	0.344795	0.2432	0.2609	0.1260	0.0340	0.3279	0.1727	0.3904
000238	G	0.601405	0.308514	0.344746	0.1416	0.2258	0.1170	0.0270	0.2898	0.1615	0.3751
000239	Y	0.502104	0.335317	0.344061	0.1349	0.2224	0.1210	0.0320	0.2766	0.1330	0.3606
000240	H	0.416548	0.365513	0.342692	0.1266	0.2224	0.1110	0.0200	0.2641	0.1182	0.3394
000241	E	0.348852	0.390228	0.340131	0.1205	0.1554	0.1080	0.0170	0.2439	0.1177	0.3161
000242	K	0.298209	0.425829	0.337564	0.1205	0.1554	0.1130	0.0140	0.2418	0.1190	0.2889
000243	G	0.271450	0.444731	0.334991	0.0858	0.1162	0.1190	0.0150	0.2287	0.1322	0.2620
000244	R	0.169852	0.441238	0.331707	0.1240	0.1449	0.1290	0.0240	0.2235	0.1204	0.2372
000245	A	0.066400	0.429887	0.326584	0.0909	0.1115	0.1270	0.0260	0.1921	0.1362	0.2170
000246	F	0.032733	0.405772	0.319377	0.1117	0.1852	0.1250	0.0240	0.1967	0.1279	0.2011
000247	L	0.062604	0.387920	0.311769	0.0789	0.1184	0.1180	0.0230	0.1795	0.1240	0.1817
000248	K	0.065631	0.366328	0.303454	0.1150	0.0888	0.1070	0.0270	0.1743	0.1160	0.1456
000249	R	0.073813	0.339142	0.295989	0.0455	0.0581	0.0930	0.0290	0.1509	0.1194	0.1199
000250	K	0.093760	0.300771	0.288317	0.0441	0.0948	0.0720	0.0280	0.1490	0.1044	0.0989
000251	E	0.090285	0.251620	0.281348	0.0245	0.0780	0.0570	0.0250	0.1305	0.0986	0.0830
000252	Y	0.084363	0.203152	0.273880	0.0245	0.0765	0.0550	0.0230	0.1195	0.0886	0.0682
000253	G	0.082369	0.149651	0.267014	0.0157	0.0765	0.0560	0.0270	0.1079	0.0815	0.0575
000254	I	0.081830	0.120064	0.261678	0.0173	0.0483	0.0520	0.0270	0.0969	0.0802	0.0482
000255	A	0.076132	0.104019	0.257867	0.0157	0.0263	0.0410	0.0180	0.0869	0.0821	0.0407
000256	L	0.043021	0.103269	0.254547	0.0109	0.0168	0.0410	0.0190	0.0783	0.0843	0.0349
000257	P	0.036406	0.084898	0.251925	0.0097	0.0313	0.0390	0.0170	0.0756	0.0820	0.0264
000258	C	0.024515	0.073131	0.250847	0.0059	0.0253	0.0380	0.0160	0.0696	0.0836	0.0201
000259	L	0.001299	0.070415	0.249465	0.0066	0.0148	0.0380	0.0150	0.0635	0.0863	0.0183
000260	L	0.001310	0.070196	0.248293	0.0015	0.0148	0.0400	0.0150	0.0626	0.0865	0.0148
000261	D	0.001428	0.071466	0.246804	0.0006	0.0160	0.0390	0.0160	0.0626	0.0859	0.0115
000262	A	0.001544	0.079827	0.247195	0.0006	0.0107	0.0410	0.0170	0.0634	0.0867	0.0088
000263	D	0.001157	0.083228	0.247784	0.0008	0.0108	0.0420	0.0180	0.0642	0.0870	0.0070
000264	K	0.001093	0.078204	0.248563	0.0006	0.0111	0.0430	0.0190	0.0638	0.0871	0.0054
000265	Y	0.001238	0.069417	0.249508	0.0005	0.0171	0.0460	0.0220	0.0639	0.0866	0.0041
000266	F	0.001223	0.068587	0.250678	0.0006	0.0141	0.0450	0.0230	0.0634	0.0872	0.0031
000267	C	0.001216	0.060503	0.252267	0.0009	0.0209	0.0440	0.0220	0.0632	0.0872	0.0022
000268	E	0.000902	0.056457	0.253922	0.0005	0.0191	0.0390	0.0180	0.0617	0.0883	0.0021
000269	C	0.000770	0.059090	0.255643	0.0013	0.0227	0.0380	0.0170	0.0630	0.0885	0.0020
000270	C	0.000664	0.065635	0.257820	0.0034	0.0281	0.0380	0.0150	0.0656	0.0887	0.0020
000271	R	0.000575	0.065530	0.260873	0.0033	0.0300	0.0400	0.0170	0.0667	0.0896	0.0027
000272	E	0.000880	0.075050	0.264275	0.0024	0.0188	0.0430	0.0200	0.0675	0.0917	0.0037
000273	L	0.001914	0.092899	0.266828	0.0013	0.0227	0.0490	0.0240	0.0724	0.0924	0.0052
000274	L	0.004414	0.098012	0.267795	0.0007	0.0141	0.0580	0.0310	0.0738	0.0933	0.0072
000275	D	0.004484	0.105342	0.267267	0.0007	0.0148	0.0600	0.0320	0.0754	0.0933	0.0101
000276	T	0.004545	0.122585	0.266237	0.0006	0.0141	0.0590	0.0310	0.0778	0.0942	0.0139
000277	V	0.004540	0.131292	0.265514	0.0013	0.0168	0.0580	0.0300	0.0796	0.0944	0.0194
000278	D	0.004522	0.119031	0.265221	0.0029	0.0174	0.0530	0.0250	0.0771	0.0931	0.0280
000279	N	0.004480	0.115730	0.265138	0.0010	0.0097	0.0520	0.0240	0.0746	0.0940	0.0373
000280	Y	0.004425	0.102961	0.263820	0.0026	0.0107	0.0510	0.0240	0.0726	0.0925	0.0424
000281	A	0.003950	0.076595	0.261742	0.0010	0.0105	0.0480	0.0220	0.0669	0.0912	0.0428
000282	V	0.002886	0.050605	0.258077	0.0008	0.0105	0.0450	0.0210	0.0613	0.0901	0.0399
000283	L	0.000229	0.039307	0.253702	0.0004	0.0076	0.0440	0.0200	0.0576	0.0895	0.0351
000284	Q	0.000178	0.028957	0.248714	0.0007	0.0104	0.0430	0.0180	0.0553	0.0878	0.0302
000285	L	0.000102	0.024204	0.243374	0.0007	0.0151	0.0410	0.0180	0.0542	0.0858	0.0269
000286	D	0.000077	0.021957	0.238239	0.0007	0.0101	0.0410	0.0190	0.0520	0.0845	0.0232
000287	I	0.000167	0.021167	0.233779	0.0007	0.0105	0.0380	0.0180	0.0507	0.0829	0.0203
000288	V	0.000244	0.017664	0.230218	0.0007	0.0088	0.0370	0.0180	0.0491	0.0820	0.0177
000289	W	0.000349	0.015819	0.227105	0.0007	0.0066	0.0360	0.0160	0.0477	0.0811	0.0117
000290	C	0.000577	0.018827	0.223707	0.0003	0.0065	0.0360	0.0140	0.0477	0.0797	0.0070
000291	Y	0.000647	0.022594	0.220300	0.0003	0.0087	0.0410	0.0150	0.0489	0.0779	0.0064
000292	F	0.000759	0.023582	0.216837	0.0004	0.0086	0.0530	0.0210	0.0506	0.0765	0.0056
000293	R	0.000833	0.035237	0.213650	0.0006	0.0111	0.0650	0.0300	0.0544	0.0747	0.0046
000294	L	0.001005	0.046998	0.211964	0.0008	0.0163	0.0660	0.0320	0.0572	0.0732	0.0040
000295	E	0.001144	0.070857	0.211808	0.0008	0.0153	0.0590	0.0270	0.0599	0.0732	0.0035
000296	Q	0.003971	0.108018	0.213647	0.0026	0.0153	0.0690	0.0310	0.0688	0.0752	0.0029
000297	L	0.012942	0.152409	0.217589	0.0022	0.0157	0.0870	0.0280	0.0813	0.0805	0.0025
000298	E	0.053136	0.203115	0.224054	0.0022	0.0163	0.1040	0.0180	0.1005	0.0864	0.0021
000299	C	0.099761	0.265591	0.233141	0.0038	0.0188	0.1870	0.0340	0.1347	0.1011	0.0018
000300	L	0.101979	0.334266	0.243853	0.0040	0.0364	0.2720	0.0730	0.1654	0.1243	0.0025
000301	D	0.102951	0.381795	0.254392	0.0128	0.0734	0.3100	0.0980	0.1893	0.1341	0.0034
000302	D	0.102981	0.434815	0.263564	0.0231	0.0568	0.3460	0.1080	0.2045	0.1536	0.0038
000303	A	0.102840	0.496720	0.270046	0.0455	0.0581	0.3420	0.1110	0.2192	0.1655	0.0039
000304	E	0.102734	0.494145	0.275367	0.0144	0.0581	0.3200	0.1170	0.2108	0.1683	0.0042
000305	K	0.099827	0.458482	0.281379	0.0160	0.1028	0.2560	0.1060	0.2024	0.1471	0.0046
000306	K	0.090913	0.449779	0.289213	0.0144	0.0454	0.1380	0.0530	0.1713	0.1525	0.0052
000307	L	0.050822	0.416442	0.297728	0.0157	0.0263	0.0850	0.0310	0.1487	0.1529	0.0053
000308	N	0.003981	0.344495	0.305443	0.0102	0.0414	0.0590	0.0260	0.1273	0.1414	0.0055
000309	L	0.001698	0.303174	0.311807	0.0066	0.0414	0.0490	0.0220	0.1190	0.1344	0.0060
000310	A	0.000765	0.278356	0.317314	0.0167	0.0888	0.0390	0.0140	0.1235	0.1267	0.0064
000311	Q	0.000896	0.231606	0.321909	0.0327	0.1399	0.0380	0.0100	0.1274	0.1168	0.0053
000312	K	0.000889	0.197357	0.325318	0.0308	0.1399	0.0380	0.0090	0.1221	0.1136	0.0048
000313	C	0.000877	0.198815	0.328742	0.0279	0.1323	0.0410	0.0120	0.1215	0.1147	0.0041
000314	F	0.000891	0.206140	0.332574	0.0350	0.1028	0.0420	0.0120	0.1198	0.1158	0.0045
000315	K	0.000775	0.219785	0.336602	0.0336	0.0662	0.0400	0.0130	0.1162	0.1209	0.0049
000316	N	0.000599	0.242404	0.340104	0.0194	0.0676	0.0450	0.0140	0.1193	0.1266	0.0052
000317	C	0.000606	0.259323	0.341826	0.0121	0.0405	0.0460	0.0160	0.1167	0.1331	0.0057
000318	Y	0.000599	0.271041	0.342840	0.0252	0.0662	0.0410	0.0130	0.1245	0.1321	0.0078
000319	G	0.000454	0.279528	0.344413	0.0121	0.0592	0.0460	0.0170	0.1237	0.1359	0.0099
000320	E	0.000225	0.291775	0.346284	0.0268	0.1048	0.0520	0.0240	0.1370	0.1335	0.0126
000321	N	0.000498	0.298907	0.348035	0.0308	0.0618	0.0560	0.0270	0.1327	0.1371	0.0164
000322	H	0.000778	0.298238	0.348737	0.0327	0.0581	0.0550	0.0250	0.1322	0.1373	0.0193
000323	Q	0.000986	0.282645	0.349875	0.0121	0.0581	0.0560	0.0240	0.1266	0.1371	0.0219
000324	R	0.001426	0.280605	0.350440	0.0414	0.1251	0.0580	0.0240	0.1428	0.1290	0.0265
000325	L	0.002719	0.271201	0.348905	0.0771	0.2129	0.0590	0.0200	0.1620	0.1243	0.0287
000326	V	0.003535	0.269270	0.344271	0.0789	0.1611	0.0660	0.0230	0.1539	0.1194	0.0307
000327	H	0.007817	0.294195	0.336300	0.0832	0.1007	0.0800	0.0230	0.1503	0.1208	0.0326
000328	I	0.011086	0.311946	0.324824	0.1416	0.1115	0.0870	0.0270	0.1647	0.1156	0.0346
000329	K	0.011600	0.322261	0.310010	0.1349	0.1137	0.0760	0.0260	0.1614	0.1160	0.0345
000330	G	0.011623	0.319748	0.292471	0.0813	0.1162	0.0760	0.0300	0.1495	0.1152	0.0363
000331	N	0.011332	0.310852	0.274001	0.0490	0.0676	0.0850	0.0410	0.1330	0.1154	0.0392
000332	C	0.011120	0.309852	0.255715	0.0490	0.0389	0.0810	0.0400	0.1243	0.1150	0.0433
000333	G	0.010690	0.293916	0.238825	0.0308	0.0244	0.0640	0.0270	0.1105	0.1125	0.0583
000334	K	0.009395	0.268932	0.223346	0.0194	0.0157	0.0590	0.0290	0.0993	0.1058	0.0819
000335	E	0.009383	0.239807	0.209176	0.0099	0.0163	0.0500	0.0240	0.0892	0.0971	0.1130
000336	K	0.005387	0.197356	0.195243	0.0099	0.0240	0.0400	0.0140	0.0786	0.0840	0.1523
000337	V	0.002130	0.135793	0.181630	0.0179	0.0214	0.0310	0.0100	0.0651	0.0681	0.2023
000338	L	0.001594	0.100303	0.167851	0.0179	0.0205	0.0270	0.0100	0.0559	0.0591	0.2573
000339	F	0.001352	0.063803	0.154238	0.0167	0.0364	0.0240	0.0070	0.0493	0.0507	0.3099
000340	L	0.001425	0.046364	0.140818	0.0150	0.0235	0.0220	0.0080	0.0415	0.0464	0.3492
000341	R	0.001873	0.043015	0.128106	0.0167	0.0244	0.0230	0.0120	0.0396	0.0414	0.3838
000342	L	0.002005	0.041199	0.117130	0.0084	0.0227	0.0280	0.0160	0.0365	0.0382	0.4164
000343	Y	0.002526	0.040733	0.107649	0.0245	0.0454	0.0360	0.0200	0.0428	0.0322	0.4332
000344	L	0.005254	0.055785	0.098992	0.0259	0.0506	0.0530	0.0250	0.0482	0.0289	0.4052
000345	L	0.009910	0.086846	0.090468	0.0231	0.0518	0.1050	0.0590	0.0612	0.0356	0.3604
000346	Q	0.013176	0.127417	0.081805	0.0231	0.0334	0.1240	0.0620	0.0672	0.0467	0.3095
000347	G	0.023562	0.170432	0.073016	0.0231	0.0356	0.2200	0.1200	0.0909	0.0768	0.2663
000348	I	0.023853	0.206684	0.065277	0.0212	0.0433	0.3240	0.1310	0.1140	0.1130	0.2326
000349	R	0.024144	0.235926	0.058403	0.0376	0.0433	0.3020	0.1270	0.1169	0.1096	0.2085
000350	N	0.027894	0.272525	0.051292	0.0526	0.0870	0.3280	0.1320	0.1365	0.1181	0.1942
000351	Y	0.029994	0.314575	0.044227	0.0526	0.0888	0.2990	0.1380	0.1383	0.1207	0.1861
000352	H	0.032691	0.366301	0.036998	0.0554	0.0568	0.2780	0.1420	0.1377	0.1332	0.1786
000353	S	0.038477	0.411557	0.030392	0.0567	0.0985	0.2780	0.1490	0.1523	0.1431	0.1672
000354	G	0.042532	0.457571	0.022611	0.0478	0.1501	0.2820	0.1490	0.1672	0.1574	0.1603
000355	N	0.047981	0.487401	0.015172	0.0813	0.1914	0.2800	0.1390	0.1839	0.1627	0.1636
000356	D	0.038409	0.490465	0.009332	0.1349	0.2645	0.2740	0.1220	0.2020	0.1637	0.1687
000357	V	0.038894	0.466622	0.006333	0.1018	0.2645	0.2650	0.1070	0.1906	0.1592	0.1774
000358	E	0.042526	0.445647	0.005209	0.1041	0.1969	0.2460	0.0920	0.1733	0.1473	0.1849
000359	A	0.042410	0.408522	0.005025	0.1878	0.1759	0.2360	0.0810	0.1760	0.1322	0.1942
000360	Y	0.041526	0.365066	0.005176	0.1266	0.1791	0.2220	0.0760	0.1565	0.1192	0.2061
000361	E	0.039367	0.307224	0.005216	0.0744	0.1823	0.1910	0.0660	0.1332	0.1038	0.2095
000362	Y	0.030846	0.268990	0.004904	0.1240	0.1823	0.1860	0.0740	0.1328	0.0919	0.2159
000363	L	0.023245	0.270943	0.003931	0.1349	0.1229	0.1560	0.0620	0.1187	0.0887	0.2188
000364	N	0.016240	0.250967	0.002195	0.0832	0.0749	0.1370	0.0450	0.0941	0.0831	0.2298
000365	K	0.016754	0.244627	0.001769	0.0554	0.0799	0.1260	0.0370	0.0875	0.0813	0.2413
000366	A	0.017051	0.246417	0.002359	0.0297	0.0909	0.1070	0.0240	0.0823	0.0827	0.2494
000367	R	0.015509	0.227554	0.004616	0.0304	0.0870	0.1000	0.0190	0.0775	0.0758	0.2641
000368	Q	0.012170	0.184763	0.006295	0.0621	0.1251	0.0900	0.0190	0.0801	0.0625	0.2792
000369	L	0.013064	0.186055	0.008446	0.0621	0.0835	0.0800	0.0150	0.0723	0.0589	0.2960
000370	F	0.014246	0.194189	0.010590	0.0789	0.1007	0.0800	0.0130	0.0798	0.0614	0.3028
000371	K	0.015963	0.189631	0.013346	0.0813	0.1643	0.0710	0.0180	0.0893	0.0674	0.3014
000372	E	0.019059	0.202687	0.015870	0.0832	0.1048	0.0760	0.0200	0.0835	0.0625	0.3062
000373	L	0.022500	0.217186	0.018264	0.1380	0.1048	0.0880	0.0220	0.0981	0.0683	0.3128
000374	Y	0.021248	0.212633	0.020428	0.1495	0.1643	0.1010	0.0310	0.1115	0.0719	0.3254
000375	I	0.020167	0.208766	0.022478	0.0909	0.1048	0.1000	0.0290	0.0912	0.0631	0.3255
000376	D	0.017854	0.251948	0.024228	0.0991	0.1028	0.0990	0.0290	0.0992	0.0770	0.3344
000377	P	0.018250	0.279831	0.025740	0.0744	0.0676	0.0930	0.0240	0.0932	0.0876	0.3426
000378	S	0.042405	0.287613	0.027453	0.0771	0.0704	0.0960	0.0170	0.1002	0.0868	0.3533
000379	K	0.049085	0.281391	0.030429	0.0395	0.0592	0.0960	0.0170	0.0927	0.0869	0.3631
000380	V	0.069610	0.280743	0.035046	0.0643	0.1007	0.0820	0.0130	0.1053	0.0809	0.3754
000381	D	0.092028	0.256035	0.041198	0.0909	0.1852	0.0710	0.0130	0.1228	0.0741	0.3919
000382	N	0.123544	0.225066	0.047566	0.0991	0.1643	0.0670	0.0100	0.1211	0.0599	0.4080
000383	L	0.135053	0.207092	0.054278	0.0965	0.1554	0.0650	0.0110	0.1190	0.0531	0.4267
000384	L	0.144646	0.191713	0.061224	0.1322	0.1643	0.0640	0.0120	0.1264	0.0486	0.4314
000385	Q	0.152197	0.178151	0.068629	0.1805	0.2292	0.0600	0.0110	0.1448	0.0613	0.4233
000386	L	0.155717	0.169989	0.076646	0.1958	0.2470	0.0680	0.0140	0.1522	0.0632	0.4100
000387	G	0.137551	0.177690	0.084390	0.1921	0.2436	0.0750	0.0200	0.1516	0.0598	0.4035
000388	F	0.134738	0.183446	0.092446	0.0991	0.1942	0.0940	0.0310	0.1329	0.0421	0.3981
000389	T	0.117806	0.215071	0.101081	0.0965	0.1275	0.0970	0.0310	0.1258	0.0415	0.4034
000390	A	0.097782	0.255923	0.111575	0.0858	0.1323	0.1150	0.0430	0.1331	0.0568	0.4068
000391	Q	0.072640	0.266909	0.124569	0.0858	0.1823	0.1070	0.0400	0.1399	0.0667	0.4164
000392	E	0.070021	0.274071	0.139810	0.0832	0.1881	0.1070	0.0320	0.1437	0.0700	0.4261
000393	A	0.071357	0.274457	0.158455	0.0832	0.1323	0.1200	0.0390	0.1400	0.0668	0.4316
000394	R	0.074151	0.271794	0.180660	0.1380	0.2002	0.1260	0.0420	0.1651	0.0625	0.4279
000395	L	0.089652	0.252927	0.206157	0.1566	0.2817	0.1310	0.0460	0.1864	0.0673	0.4236
000396	G	0.096244	0.257166	0.233137	0.1532	0.2503	0.1310	0.0400	0.1869	0.0626	0.4187
000397	L	0.101257	0.271135	0.260282	0.2385	0.3019	0.1370	0.0440	0.2183	0.0734	0.4158
000398	R	0.105653	0.287541	0.286708	0.2209	0.3087	0.1380	0.0400	0.2246	0.0780	0.4119
000399	A	0.101462	0.307536	0.312430	0.3005	0.4149	0.1420	0.0420	0.2632	0.1077	0.4098
000400	C	0.097614	0.342538	0.337702	0.3096	0.3321	0.1610	0.0550	0.2635	0.0971	0.4130
000401	D	0.096336	0.390570	0.363557	0.3535	0.3599	0.1590	0.0550	0.2872	0.1148	0.4156
000402	G	0.098856	0.410087	0.389634	0.2820	0.3667	0.1810	0.0530	0.2880	0.1146	0.4212
000403	N	0.108247	0.428333	0.415148	0.2748	0.3599	0.1990	0.0560	0.2976	0.1161	0.4266
000404	V	0.107952	0.450305	0.440267	0.3096	0.3807	0.1870	0.0530	0.3127	0.1274	0.4308
000405	D	0.126390	0.480172	0.465947	0.3096	0.3948	0.1800	0.0540	0.3262	0.1350	0.4329
000406	H	0.149662	0.493344	0.492621	0.3847	0.4725	0.2030	0.0660	0.3659	0.1399	0.4292
000407	A	0.185664	0.519041	0.519505	0.3717	0.3983	0.2070	0.0650	0.3669	0.1327	0.4289
000408	A	0.218204	0.526476	0.545376	0.4458	0.4441	0.2140	0.0730	0.3990	0.1346	0.4282
000409	T	0.268742	0.538087	0.570986	0.3847	0.4541	0.2170	0.0750	0.4056	0.1303	0.4268
000410	H	0.340967	0.566507	0.595299	0.3939	0.3948	0.2540	0.0960	0.4242	0.1206	0.4263
000411	I	0.416720	0.605040	0.618384	0.4879	0.4801	0.2770	0.1030	0.4809	0.1155	0.4276
000412	T	0.494448	0.617887	0.639560	0.4149	0.4766	0.2990	0.1160	0.4903	0.1164	0.4300
000413	N	0.570599	0.639545	0.660221	0.4078	0.4864	0.3430	0.1250	0.5179	0.1165	0.4325
000414	R	0.641323	0.657367	0.681429	0.4116	0.4864	0.3500	0.1190	0.5381	0.1287	0.4322
000415	R	0.717381	0.678358	0.703380	0.4651	0.5533	0.4060	0.1160	0.5873	0.1208	0.4290
000416	E	0.781930	0.680687	0.725933	0.4600	0.5577	0.4060	0.1080	0.6020	0.1381	0.4262
000417	E	0.857795	0.702656	0.747707	0.4600	0.5493	0.4680	0.1200	0.6309	0.1488	0.4238
000418	L	0.910666	0.714756	0.768662	0.4781	0.5807	0.5590	0.0970	0.6687	0.1453	0.4242
000419	A	0.941850	0.740081	0.787435	0.5008	0.6136	0.5780	0.0890	0.6937	0.1469	0.4227
000420	Q	0.963680	0.758788	0.803385	0.5008	0.6043	0.6020	0.1230	0.7055	0.1538	0.4216
000421	I	0.977169	0.781609	0.816111	0.4918	0.5951	0.6780	0.1630	0.7233	0.1573	0.4216
000422	R	0.992116	0.797105	0.825122	0.5549	0.5992	0.6850	0.1370	0.7422	0.1479	0.4219
000423	K	0.999210	0.813022	0.832284	0.5549	0.6089	0.7430	0.1260	0.7586	0.1474	0.4235
000424	E	0.999835	0.826015	0.835576	0.4918	0.6136	0.7640	0.1220	0.7552	0.1637	0.4252
000425	E	0.999854	0.836101	0.835204	0.4879	0.5055	0.7410	0.1360	0.7343	0.1845	0.4269
000426	K	0.999855	0.826774	0.832116	0.5008	0.5055	0.7120	0.1790	0.7295	0.1807	0.4277
000427	E	0.999855	0.819846	0.827715	0.4379	0.3948	0.6990	0.2070	0.6965	0.2169	0.4281
000428	K	0.999855	0.805377	0.822325	0.4556	0.3117	0.7080	0.1920	0.6838	0.2327	0.4284
000429	K	0.999854	0.791342	0.814901	0.4556	0.3872	0.6900	0.1930	0.6898	0.2115	0.4291
000430	R	0.999827	0.760039	0.805043	0.4116	0.4119	0.6490	0.1970	0.6729	0.2117	0.4298
000431	R	0.999938	0.715429	0.792675	0.3992	0.3740	0.6310	0.1530	0.6521	0.2185	0.4311
000432	R	0.999911	0.671067	0.776859	0.4703	0.4582	0.5560	0.1450	0.6554	0.1900	0.4324
000433	L	0.999612	0.619641	0.759286	0.4458	0.3840	0.5520	0.1700	0.6268	0.2057	0.4337
000434	E	0.998620	0.562032	0.741600	0.4458	0.3840	0.4550	0.1830	0.5979	0.2128	0.4323
000435	N	0.987266	0.552608	0.723218	0.3762	0.3807	0.3920	0.1350	0.5687	0.2247	0.4298
000436	I	0.916622	0.498437	0.702840	0.3847	0.3807	0.3390	0.1120	0.5371	0.2081	0.4267
000437	R	0.818076	0.454086	0.679748	0.3762	0.3599	0.3270	0.1280	0.5026	0.1827	0.4225
000438	F	0.711401	0.420398	0.654615	0.3939	0.3249	0.3610	0.1540	0.4776	0.1491	0.4174
000439	L	0.601782	0.418332	0.629326	0.3578	0.3392	0.3900	0.1680	0.4561	0.1157	0.4127
000440	K	0.492061	0.416878	0.603565	0.3263	0.3529	0.3660	0.1750	0.4264	0.0956	0.4092
000441	G	0.381346	0.411117	0.577523	0.3399	0.3019	0.3720	0.1720	0.3974	0.0875	0.4079
000442	M	0.270914	0.424305	0.550512	0.3491	0.2364	0.3900	0.1780	0.3702	0.1033	0.4042
000443	G	0.161757	0.410701	0.523120	0.2748	0.2503	0.4280	0.1920	0.3415	0.1227	0.4013
000444	Y	0.064826	0.378971	0.495828	0.2531	0.3019	0.4750	0.1990	0.3282	0.1460	0.3980
000445	S	0.120231	0.375713	0.468525	0.2558	0.2715	0.4800	0.1910	0.3287	0.1270	0.3959
000446	T	0.203537	0.388852	0.441502	0.2167	0.2575	0.5140	0.1720	0.3370	0.1180	0.3925
000447	H	0.279603	0.390913	0.414722	0.2558	0.3426	0.5130	0.1830	0.3661	0.0863	0.3919
000448	A	0.349736	0.420872	0.388589	0.2531	0.3599	0.4780	0.1680	0.3750	0.0690	0.3952
000449	A	0.418351	0.433194	0.363965	0.3225	0.3948	0.4110	0.1390	0.3906	0.0373	0.4020
000450	Q	0.460992	0.433351	0.340665	0.3847	0.4801	0.3450	0.1000	0.4075	0.0542	0.4077
000451	Q	0.477432	0.417612	0.319699	0.3005	0.4940	0.2860	0.0840	0.3826	0.0843	0.4133
000452	V	0.483457	0.389307	0.300989	0.3005	0.4725	0.2830	0.1060	0.3716	0.0826	0.4194
000453	L	0.484677	0.378279	0.286102	0.3359	0.4369	0.2780	0.1090	0.3666	0.0756	0.4257
000454	H	0.393102	0.370818	0.274054	0.3096	0.4369	0.2190	0.0730	0.3339	0.0741	0.4304
000455	A	0.303389	0.359534	0.264193	0.3225	0.4369	0.2360	0.0950	0.3204	0.0655	0.4376
000456	A	0.228879	0.372715	0.255917	0.3184	0.3740	0.2130	0.0930	0.2938	0.0651	0.4482
000457	S	0.168295	0.371892	0.248754	0.2483	0.3053	0.1840	0.0680	0.2545	0.0693	0.4570
000458	G	0.109311	0.373593	0.242835	0.1844	0.2951	0.1890	0.0600	0.2324	0.0850	0.4661
000459	N	0.082499	0.376803	0.239021	0.1602	0.3286	0.1770	0.0540	0.2273	0.1006	0.4746
000460	L	0.068498	0.377251	0.237653	0.1844	0.3872	0.1650	0.0590	0.2367	0.1145	0.4810
000461	D	0.062115	0.367650	0.239908	0.1766	0.3872	0.1440	0.0550	0.2296	0.1170	0.4849
000462	E	0.058359	0.366968	0.245064	0.1958	0.3529	0.1300	0.0440	0.2248	0.1115	0.4856
000463	A	0.054344	0.360275	0.253145	0.2748	0.3182	0.1340	0.0500	0.2325	0.1059	0.4866
000464	L	0.048240	0.344645	0.261607	0.3456	0.2988	0.1250	0.0440	0.2373	0.1125	0.4882
000465	K	0.042316	0.304738	0.270322	0.2657	0.2292	0.1170	0.0380	0.2048	0.0938	0.4881
000466	I	0.031376	0.271559	0.278533	0.2122	0.2645	0.1200	0.0400	0.1963	0.0917	0.4900
000467	L	0.020650	0.271787	0.284785	0.1805	0.2988	0.1230	0.0410	0.1966	0.1004	0.4911
000468	L	0.005370	0.242867	0.290514	0.1805	0.2988	0.1580	0.0660	0.1960	0.0998	0.4908
000469	S	0.003746	0.249392	0.296163	0.1921	0.3087	0.2150	0.1120	0.2108	0.1013	0.4874
000470	N	0.003421	0.239181	0.304011	0.1921	0.3286	0.3270	0.1460	0.2323	0.1136	0.4830
000471	P	0.003657	0.246353	0.312128	0.2748	0.4119	0.3680	0.1660	0.2695	0.1310	0.4785
000472	Q	0.004836	0.254679	0.320675	0.3005	0.4087	0.4040	0.1670	0.2822	0.1356	0.4756
000473	M	0.007703	0.233477	0.331175	0.3053	0.4087	0.4550	0.1530	0.2903	0.1450	0.4731
000474	W	0.035063	0.273641	0.342284	0.3263	0.4441	0.4790	0.1230	0.3168	0.1441	0.4674
000475	W	0.079846	0.331028	0.353359	0.4116	0.5055	0.4670	0.1400	0.3580	0.1382	0.4607
000476	L	0.131628	0.369945	0.361493	0.4116	0.5211	0.4700	0.1560	0.3776	0.1232	0.4545
000477	N	0.191665	0.423023	0.366977	0.4600	0.6427	0.5030	0.1750	0.4312	0.1368	0.4468
000478	D	0.237683	0.486034	0.370123	0.5253	0.7250	0.5710	0.1740	0.4858	0.1533	0.4411
000479	S	0.316710	0.538711	0.372025	0.5941	0.8343	0.6630	0.1820	0.5532	0.1741	0.4368
000480	N	0.394620	0.597198	0.374495	0.5941	0.8375	0.7310	0.1530	0.5882	0.1662	0.4350
000481	P	0.488182	0.654393	0.379174	0.6174	0.8375	0.7590	0.1190	0.6226	0.1545	0.4339
000482	E	0.589674	0.723483	0.385648	0.5846	0.8235	0.8250	0.0740	0.6553	0.1548	0.4318
000483	T	0.662558	0.748178	0.390913	0.5846	0.8198	0.8520	0.0530	0.6763	0.1563	0.4303
000484	D	0.716089	0.791153	0.392723	0.6219	0.7718	0.8450	0.0720	0.6897	0.1497	0.4287
000485	N	0.758618	0.810632	0.389848	0.6984	0.8765	0.8520	0.0790	0.7310	0.1635	0.4273
000486	R	0.788276	0.796330	0.383411	0.7034	0.9308	0.8800	0.0640	0.7470	0.1778	0.4273
000487	Q	0.831957	0.788580	0.373465	0.7817	0.9308	0.8830	0.0820	0.7649	0.1826	0.4275
000488	E	0.841229	0.782048	0.361220	0.7644	0.8920	0.8830	0.0900	0.7540	0.1819	0.4280
000489	S	0.806573	0.782135	0.346917	0.6827	0.8198	0.8790	0.1150	0.7195	0.1766	0.4284
000490	P	0.748728	0.754641	0.331029	0.6334	0.8013	0.8660	0.1320	0.6891	0.1746	0.4297
000491	S	0.688272	0.721719	0.313300	0.5667	0.7951	0.8580	0.1500	0.6572	0.1784	0.4311
000492	Q	0.626226	0.682077	0.294233	0.5126	0.6427	0.8450	0.1730	0.6005	0.1685	0.4326
000493	E	0.586416	0.622935	0.273938	0.5043	0.6375	0.8290	0.1790	0.5757	0.1666	0.4355
000494	N	0.549233	0.526363	0.253801	0.4149	0.6043	0.7910	0.2000	0.5232	0.1649	0.4394
000495	I	0.516032	0.428612	0.235135	0.4149	0.5098	0.6970	0.2820	0.4669	0.1385	0.4453
000496	D	0.477277	0.335965	0.217808	0.3847	0.4409	0.5770	0.3290	0.4056	0.1128	0.4551
000497	R	0.430292	0.253109	0.202402	0.3311	0.4292	0.5450	0.3320	0.3653	0.1162	0.4664
000498	L	0.414259	0.180909	0.190540	0.2558	0.4330	0.5290	0.3200	0.3339	0.1319	0.4797
000499	V	0.393760	0.150389	0.180852	0.2080	0.3983	0.3560	0.1730	0.2812	0.1037	0.4921
000500	Y	0.358066	0.120493	0.173278	0.2209	0.3807	0.2890	0.1260	0.2571	0.0944	0.5080
000501	M	0.326485	0.109248	0.165096	0.1635	0.2849	0.2160	0.0830	0.2108	0.0748	0.5248
000502	G	0.278711	0.112157	0.157494	0.1380	0.2752	0.1930	0.0870	0.1925	0.0644	0.5430
000503	F	0.232287	0.106383	0.149748	0.0813	0.2129	0.1890	0.0830	0.1619	0.0548	0.5615
000504	D	0.182184	0.118342	0.140378	0.0744	0.1275	0.1610	0.0500	0.1339	0.0340	0.5764
000505	A	0.137897	0.140879	0.132614	0.0464	0.1137	0.1410	0.0320	0.1187	0.0337	0.5918
000506	L	0.105236	0.163053	0.127994	0.0414	0.1671	0.1260	0.0290	0.1218	0.0419	0.6035
000507	V	0.085221	0.166239	0.129036	0.0376	0.1643	0.1220	0.0280	0.1175	0.0450	0.6124
000508	A	0.076161	0.176066	0.135394	0.0405	0.1323	0.1270	0.0280	0.1145	0.0440	0.6161
000509	E	0.075169	0.178879	0.145233	0.0660	0.1914	0.1330	0.0320	0.1317	0.0474	0.6159
000510	A	0.079606	0.183166	0.158185	0.0587	0.1823	0.1370	0.0340	0.1332	0.0482	0.6144
000511	A	0.072813	0.191518	0.170730	0.0991	0.2258	0.1410	0.0420	0.1502	0.0525	0.6158
000512	L	0.064415	0.187852	0.183206	0.0660	0.2292	0.1520	0.0450	0.1472	0.0621	0.6160
000513	R	0.061112	0.190183	0.194902	0.0514	0.2364	0.1560	0.0470	0.1483	0.0692	0.6138
000514	V	0.056490	0.204527	0.207367	0.0723	0.3286	0.1670	0.0550	0.1727	0.0914	0.6164
000515	F	0.050721	0.212254	0.220746	0.0744	0.2541	0.1680	0.0570	0.1634	0.0759	0.6177
000516	R	0.043482	0.236353	0.236230	0.0935	0.2541	0.1650	0.0520	0.1714	0.0793	0.6130
000517	G	0.036417	0.258815	0.254489	0.0935	0.3182	0.1730	0.0540	0.1890	0.0988	0.6119
000518	N	0.029916	0.283980	0.275904	0.1117	0.3840	0.1920	0.0560	0.2129	0.1172	0.6157
000519	V	0.019564	0.295170	0.298559	0.1380	0.4051	0.2050	0.0510	0.2269	0.1244	0.6219
000520	Q	0.018190	0.302355	0.322457	0.1349	0.3910	0.2090	0.0460	0.2297	0.1252	0.6270
000521	L	0.026038	0.325012	0.347101	0.1667	0.4087	0.2240	0.0480	0.2496	0.1278	0.6317
000522	A	0.126210	0.363233	0.373457	0.1998	0.3599	0.2020	0.0560	0.2708	0.0981	0.6273
000523	A	0.220497	0.399083	0.401057	0.2786	0.4541	0.2130	0.0740	0.3278	0.0944	0.6288
000524	Q	0.322362	0.424234	0.429981	0.2209	0.4979	0.2400	0.1000	0.3559	0.1025	0.6325
000525	T	0.419696	0.463563	0.459755	0.3225	0.5854	0.3440	0.1410	0.4325	0.0868	0.6355
000526	L	0.525528	0.509273	0.489579	0.4458	0.6183	0.3950	0.1690	0.4973	0.0691	0.6457
000527	A	0.633955	0.541577	0.519050	0.4749	0.6712	0.3790	0.1640	0.5367	0.0970	0.6561
000528	H	0.741642	0.572258	0.548571	0.4203	0.5854	0.3880	0.1650	0.5427	0.1164	0.6619
000529	N	0.843817	0.620871	0.578396	0.4420	0.5665	0.4440	0.1790	0.5826	0.1347	0.6677
000530	G	0.939660	0.659151	0.608511	0.4781	0.6806	0.5150	0.1790	0.6468	0.1497	0.6758
000531	G	0.938933	0.694541	0.638526	0.4600	0.6906	0.5670	0.1710	0.6649	0.1466	0.6876
000532	S	0.946630	0.724910	0.668465	0.5711	0.7881	0.6080	0.1610	0.7179	0.1247	0.7049
000533	L	0.950641	0.754705	0.698209	0.6374	0.8050	0.6220	0.1420	0.7446	0.1117	0.7334
000534	P	0.962902	0.783021	0.728293	0.6870	0.7595	0.6190	0.1380	0.7566	0.1064	0.7529
000535	P	0.967128	0.811440	0.758214	0.6681	0.7369	0.6280	0.1330	0.7617	0.1094	0.7784
000536	E	0.968548	0.837639	0.786354	0.6334	0.7718	0.6520	0.1320	0.7750	0.1130	0.8009
000537	L	0.970827	0.858615	0.810946	0.6984	0.8713	0.7010	0.1150	0.8186	0.0965	0.8196
000538	P	0.976948	0.878441	0.832405	0.7501	0.8713	0.7070	0.1110	0.8360	0.0885	0.8348
000539	L	0.981596	0.898068	0.850757	0.7688	0.8713	0.7560	0.0800	0.8544	0.0768	0.8519
000540	S	0.988938	0.913604	0.867814	0.7540	0.8623	0.7460	0.0850	0.8554	0.0853	0.8616
000541	P	0.994358	0.929872	0.882665	0.7540	0.8853	0.7450	0.0890	0.8652	0.0898	0.8697
000542	E	0.995401	0.943768	0.895950	0.7458	0.8828	0.7410	0.0940	0.8675	0.0949	0.8769
000543	D	0.996360	0.955068	0.906588	0.7688	0.8966	0.7710	0.0870	0.8825	0.0859	0.8795
000544	S	0.996830	0.961578	0.915397	0.8242	0.9346	0.7910	0.0850	0.9040	0.0731	0.8788
000545	L	0.997275	0.967524	0.924186	0.8242	0.9039	0.8220	0.0800	0.9064	0.0662	0.8810
000546	S	0.997637	0.975291	0.933149	0.7951	0.8853	0.8230	0.0850	0.9016	0.0746	0.8742
000547	P	0.997800	0.981004	0.941809	0.7644	0.8741	0.8340	0.0890	0.8988	0.0829	0.8691
000548	P	0.997949	0.984733	0.949167	0.8283	0.9168	0.8400	0.0920	0.9195	0.0657	0.8613
000549	A	0.998261	0.986737	0.955766	0.8074	0.8966	0.8600	0.0860	0.9174	0.0692	0.8538
000550	T	0.998734	0.989819	0.961782	0.8488	0.9230	0.8670	0.0830	0.9315	0.0576	0.8394
000551	S	0.999706	0.991065	0.967260	0.8521	0.9230	0.8840	0.0810	0.9361	0.0548	0.8334
000552	P	0.999663	0.991239	0.972013	0.8200	0.9081	0.8950	0.0740	0.9310	0.0635	0.8272
000553	S	0.999516	0.991275	0.976323	0.7951	0.9057	0.9120	0.0620	0.9300	0.0705	0.8184
000554	D	0.998520	0.991236	0.980018	0.7724	0.9081	0.9180	0.0650	0.9280	0.0779	0.8177
000555	S	0.996679	0.991041	0.983324	0.8036	0.9211	0.9290	0.0670	0.9374	0.0668	0.8153
000556	A	0.995783	0.989832	0.986487	0.8595	0.9415	0.9390	0.0630	0.9520	0.0472	0.8169
000557	G	0.994911	0.988695	0.989926	0.8746	0.9534	0.9470	0.0540	0.9582	0.0417	0.8279
000558	T	0.993411	0.987571	0.993601	0.8424	0.9396	0.9520	0.0500	0.9514	0.0530	0.8385
000559	S	0.990960	0.986556	0.997193	0.8457	0.9346	0.9570	0.0450	0.9520	0.0523	0.8517
000560	S	0.989841	0.985518	1.000584	0.8556	0.9362	0.9510	0.0520	0.9531	0.0491	0.8689
000561	A	0.984800	0.983571	1.003687	0.8746	0.9039	0.9510	0.0530	0.9502	0.0466	0.8873
000562	S	0.976960	0.981597	1.006510	0.8713	0.9126	0.9470	0.0590	0.9494	0.0457	0.9023
000563	T	0.973889	0.979506	1.008968	0.8242	0.9057	0.9470	0.0590	0.9398	0.0607	0.9117
000564	D	0.974371	0.977143	1.011302	0.8200	0.8596	0.9510	0.0540	0.9322	0.0686	0.9223
000565	E	0.973208	0.975102	1.012747	0.8242	0.7843	0.9530	0.0540	0.9205	0.0848	0.9311
000566	D	0.972529	0.971443	1.013560	0.7772	0.8085	0.9490	0.0590	0.9154	0.0892	0.9413
000567	M	0.973340	0.966772	1.013613	0.7458	0.8493	0.9500	0.0600	0.9164	0.0912	0.9476
000568	E	0.974564	0.962316	1.013604	0.7644	0.7755	0.9500	0.0590	0.9068	0.0987	0.9496
000569	T	0.975201	0.955483	1.012687	0.7817	0.8013	0.9540	0.0600	0.9134	0.0885	0.9518
000570	E	0.980181	0.947452	1.010569	0.7192	0.8279	0.9460	0.0710	0.9052	0.1006	0.9539
000571	A	0.988028	0.934356	1.007163	0.7458	0.8343	0.9440	0.0670	0.9089	0.0913	0.9546
000572	V	0.989188	0.918641	1.003376	0.7869	0.8741	0.9270	0.0870	0.9166	0.0725	0.9537
000573	N	0.976035	0.907567	0.998474	0.7724	0.8920	0.9040	0.1150	0.9085	0.0724	0.9506
000574	E	0.971979	0.885996	0.993171	0.8036	0.8991	0.8870	0.1340	0.9068	0.0622	0.9497
000575	I	0.964020	0.861906	0.985956	0.8036	0.8279	0.8910	0.1230	0.8891	0.0668	0.9468
000576	L	0.955171	0.861969	0.977889	0.7912	0.7369	0.8770	0.1320	0.8667	0.0845	0.9428
000577	E	0.926665	0.846861	0.969345	0.7192	0.7369	0.8530	0.1510	0.8419	0.0910	0.9368
000578	D	0.910181	0.833042	0.961980	0.6715	0.7628	0.8570	0.1420	0.8328	0.0950	0.9316
000579	I	0.905817	0.822205	0.954657	0.6650	0.7459	0.8680	0.1250	0.8269	0.0975	0.9269
000580	P	0.904287	0.818845	0.947315	0.6681	0.6576	0.8680	0.1220	0.8107	0.1114	0.9171
000581	E	0.905543	0.810520	0.940221	0.6374	0.6620	0.8710	0.1330	0.8044	0.1164	0.9083
000582	H	0.918368	0.802158	0.933543	0.5762	0.7080	0.8620	0.1400	0.8000	0.1253	0.9001
000583	E	0.922900	0.791149	0.926064	0.6293	0.7951	0.8460	0.1480	0.8185	0.1003	0.8945
000584	E	0.924309	0.776112	0.918070	0.6442	0.8085	0.8290	0.1530	0.8167	0.0944	0.8894
000585	D	0.914992	0.765958	0.910210	0.6293	0.6948	0.8030	0.1560	0.7864	0.1046	0.8836
000586	Y	0.939988	0.754318	0.901915	0.6827	0.6851	0.8010	0.1550	0.7941	0.0990	0.8791
000587	L	0.870547	0.738780	0.892833	0.6604	0.6620	0.7680	0.1960	0.7654	0.0910	0.8726
000588	D	0.770931	0.725028	0.882120	0.5623	0.5992	0.7590	0.2210	0.7164	0.1078	0.8645
000589	S	0.682096	0.706917	0.869358	0.4749	0.6089	0.7660	0.2090	0.6846	0.1231	0.8564
000590	T	0.574015	0.680908	0.853314	0.5173	0.6089	0.7660	0.1970	0.6667	0.1148	0.8507
000591	L	0.465204	0.652783	0.836322	0.4967	0.4940	0.7850	0.1830	0.6216	0.1472	0.8551
000592	E	0.356629	0.637528	0.820372	0.4078	0.4725	0.7610	0.1760	0.5759	0.1755	0.8548
000593	D	0.262577	0.616295	0.805664	0.3535	0.4017	0.7560	0.1810	0.5327	0.2057	0.8531
000594	E	0.214061	0.598481	0.790556	0.3263	0.3286	0.6900	0.1820	0.4914	0.2126	0.8547
000595	E	0.124836	0.563720	0.774605	0.2432	0.3321	0.6580	0.2020	0.4494	0.2324	0.8578
000596	I	0.117334	0.506545	0.759629	0.1766	0.3215	0.6370	0.2120	0.4198	0.2347	0.8622
000597	I	0.127652	0.459617	0.744655	0.2432	0.3774	0.6220	0.2500	0.4290	0.2104	0.8588
000598	I	0.124766	0.442402	0.729541	0.3053	0.4186	0.7150	0.2080	0.4559	0.2144	0.8471
000599	A	0.143494	0.383709	0.711998	0.2558	0.3983	0.7680	0.2360	0.4436	0.2268	0.8303
000600	E	0.175642	0.369669	0.697849	0.2255	0.3840	0.7210	0.2940	0.4289	0.2116	0.8096
000601	Y	0.213970	0.330137	0.686991	0.2255	0.3840	0.7350	0.2910	0.4293	0.2080	0.7851
000602	L	0.257883	0.345109	0.680616	0.2657	0.4292	0.7370	0.2920	0.4526	0.1906	0.7471
000603	S	0.270152	0.406585	0.673955	0.2432	0.3872	0.7310	0.2940	0.4519	0.1870	0.6968
000604	Y	0.325342	0.435968	0.668099	0.2080	0.3807	0.7020	0.2490	0.4534	0.1781	0.6404
000605	V	0.373805	0.468922	0.661997	0.1698	0.3494	0.7060	0.2410	0.4551	0.1850	0.5723
000606	E	0.443022	0.531392	0.657582	0.1566	0.3019	0.8560	0.0610	0.4911	0.2283	0.5062
000607	N	0.530369	0.583864	0.653487	0.2657	0.3566	0.8870	0.0550	0.5462	0.2017	0.4449
000608	R	0.605617	0.641115	0.649385	0.3717	0.4149	0.8850	0.0640	0.5946	0.1692	0.3954
000609	K	0.671597	0.679500	0.643011	0.4879	0.4801	0.8570	0.0970	0.6366	0.1281	0.3637
000610	S	0.696667	0.676410	0.636096	0.5514	0.4901	0.8530	0.1260	0.6506	0.1151	0.3483
000611	A	0.710904	0.710901	0.628236	0.5762	0.4330	0.8680	0.0880	0.6546	0.1342	0.3380
000612	T	0.857745	0.759758	0.618974	0.6681	0.5098	0.9210	0.0520	0.7226	0.1403	0.3274
000613	K	0.888555	0.726375	0.607948	0.7605	0.5951	0.9190	0.0610	0.7496	0.1242	0.3225
000614	K	0.578939	0.771600	0.597206	0.8001	0.5707	0.9520	0.0350	0.7118	0.1414	0.3295
000615	N	0.603666	0.815444	0.592308	0.8781	0.7036	0.9190	0.0550	0.7521	0.1277	0.3433