RESNUM	RES	VL-XT	VSL2B	VL3	IUPred-S	IUPred-L	PONDRFIT	FITERROR	MDP	MDPERROR	ANCHOR2
000001	M	0.991460	0.819798	0.304663	0.9299	0.7080	0.9180	0.0970	0.7279	0.2361	0.3685
000002	E	0.989884	0.751286	0.298510	0.9257	0.7209	0.9690	0.0340	0.7262	0.2422	0.3502
000003	A	0.993534	0.681584	0.292652	0.9009	0.7209	0.9450	0.0570	0.7070	0.2411	0.3362
000004	G	0.989920	0.712488	0.288631	0.8713	0.7331	0.9660	0.0330	0.7121	0.2403	0.3250
000005	E	0.962704	0.806055	0.287275	0.8350	0.6227	0.9720	0.0290	0.6998	0.2412	0.3131
000006	G	0.956604	0.758516	0.284417	0.8001	0.5176	0.9780	0.0170	0.6684	0.2498	0.3042
000007	K	0.932083	0.767446	0.286397	0.6944	0.4220	0.9580	0.0360	0.6290	0.2529	0.2893
000008	E	0.898087	0.721524	0.286548	0.5941	0.3249	0.9350	0.0570	0.5790	0.2580	0.2807
000009	R	0.826351	0.649893	0.287834	0.4879	0.2399	0.9310	0.0550	0.5225	0.2618	0.2756
000010	V	0.750952	0.564191	0.290729	0.3668	0.1969	0.8970	0.0850	0.4626	0.2554	0.2746
000011	P	0.653979	0.494926	0.287910	0.2531	0.1528	0.8350	0.1830	0.3984	0.2447	0.2792
000012	K	0.548896	0.396026	0.284469	0.2333	0.1162	0.7220	0.2370	0.3361	0.2080	0.2831
000013	Q	0.446734	0.316490	0.280528	0.1732	0.1092	0.6440	0.1710	0.2816	0.1832	0.2952
000014	R	0.343679	0.242984	0.274148	0.1495	0.0749	0.5870	0.1830	0.2330	0.1690	0.3110
000015	Q	0.239756	0.191452	0.267724	0.1456	0.0631	0.4210	0.1490	0.1769	0.1198	0.3280
000016	V	0.154354	0.138909	0.261875	0.0935	0.0592	0.2550	0.0740	0.1169	0.0875	0.3515
000017	L	0.078032	0.094146	0.244886	0.0771	0.0506	0.1710	0.0440	0.0784	0.0788	0.3734
000018	I	0.039851	0.073698	0.231824	0.0789	0.0518	0.1400	0.0310	0.0641	0.0764	0.3905
000019	F	0.012213	0.058599	0.222024	0.0554	0.0287	0.1380	0.0340	0.0488	0.0815	0.4059
000020	F	0.002268	0.048286	0.211781	0.0542	0.0300	0.1670	0.0480	0.0502	0.0840	0.4121
000021	V	0.001790	0.042490	0.206639	0.0567	0.0555	0.1790	0.0700	0.0559	0.0826	0.4036
000022	L	0.001333	0.049785	0.203393	0.0464	0.0433	0.1800	0.0680	0.0535	0.0830	0.3956
000023	L	0.000702	0.052809	0.199640	0.0567	0.0463	0.1810	0.0570	0.0563	0.0810	0.3846
000024	G	0.000626	0.061245	0.195542	0.0542	0.0281	0.2230	0.1100	0.0611	0.0903	0.3741
000025	I	0.001334	0.086293	0.192201	0.0554	0.0287	0.3310	0.2210	0.0838	0.1180	0.3629
000026	A	0.038589	0.115630	0.190321	0.0308	0.0191	0.3310	0.2530	0.0891	0.1156	0.3541
000027	Q	0.106486	0.166705	0.187805	0.0490	0.0235	0.2630	0.1840	0.1014	0.0882	0.3412
000028	A	0.189557	0.209901	0.183677	0.0441	0.0389	0.2350	0.1350	0.1197	0.0844	0.3336
000029	S	0.277676	0.259533	0.177888	0.0502	0.0719	0.2590	0.1250	0.1531	0.0966	0.3292
000030	C	0.368912	0.291178	0.172749	0.0909	0.1349	0.2690	0.0950	0.1925	0.1006	0.3223
000031	Q	0.461033	0.343559	0.172415	0.1495	0.2292	0.2420	0.0860	0.2375	0.1105	0.3169
000032	P	0.548162	0.360105	0.172981	0.1958	0.2951	0.2550	0.0790	0.2757	0.1285	0.3185
000033	R	0.633881	0.406292	0.172839	0.2786	0.3740	0.3330	0.1380	0.3377	0.1440	0.3162
000034	H	0.718539	0.447780	0.172481	0.3491	0.4476	0.3560	0.1240	0.3864	0.1663	0.3166
000035	Y	0.766519	0.475658	0.171375	0.3456	0.3426	0.3930	0.1440	0.3872	0.1835	0.3079
000036	S	0.779104	0.527113	0.172172	0.4245	0.3599	0.4080	0.1540	0.4164	0.1856	0.3005
000037	V	0.780728	0.578398	0.175489	0.3630	0.3599	0.4480	0.1720	0.4217	0.1924	0.2893
000038	A	0.770452	0.643402	0.177455	0.2913	0.3704	0.4700	0.2270	0.4243	0.2047	0.2814
000039	E	0.750295	0.688968	0.180879	0.2963	0.3182	0.4540	0.2100	0.4180	0.2106	0.2709
000040	E	0.693492	0.718611	0.183352	0.2963	0.2436	0.4760	0.1930	0.4046	0.2136	0.2641
000041	T	0.652354	0.680370	0.188319	0.3053	0.3149	0.4710	0.2000	0.4040	0.1856	0.2624
000042	E	0.648233	0.629242	0.193844	0.2333	0.3249	0.4030	0.1350	0.3731	0.1808	0.2636
000043	S	0.647220	0.573464	0.201082	0.1998	0.2164	0.3220	0.0900	0.3266	0.1861	0.2655
000044	G	0.645093	0.503511	0.205620	0.2122	0.2224	0.2630	0.0710	0.3077	0.1737	0.2694
000045	S	0.648688	0.418304	0.210433	0.1495	0.1476	0.2320	0.0650	0.2659	0.1833	0.2730
000046	F	0.648020	0.337057	0.217475	0.2292	0.2292	0.2140	0.0650	0.2763	0.1600	0.2797
000047	V	0.643489	0.293350	0.226557	0.1566	0.1528	0.2020	0.0440	0.2413	0.1738	0.2781
000048	A	0.645943	0.250637	0.233426	0.2385	0.2164	0.1900	0.0500	0.2568	0.1625	0.2774
000049	N	0.644274	0.209939	0.240693	0.1958	0.2541	0.1950	0.0600	0.2499	0.1649	0.2749
000050	L	0.641976	0.201375	0.246643	0.1805	0.1702	0.2030	0.0610	0.2329	0.1713	0.2744
000051	L	0.604053	0.193964	0.250313	0.1732	0.1399	0.2070	0.0560	0.2197	0.1623	0.2735
000052	K	0.557320	0.190682	0.255015	0.1205	0.0888	0.2150	0.0520	0.1954	0.1591	0.2724
000053	D	0.536564	0.195145	0.259258	0.0909	0.0799	0.2500	0.0790	0.1920	0.1578	0.2748
000054	L	0.514839	0.205556	0.264140	0.0607	0.0817	0.2710	0.0970	0.1889	0.1564	0.2741
000055	G	0.488264	0.210568	0.270407	0.0587	0.0690	0.2740	0.1010	0.1834	0.1517	0.2733
000056	L	0.477868	0.223073	0.279591	0.0587	0.0676	0.2850	0.0920	0.1854	0.1504	0.2740
000057	E	0.484979	0.237358	0.288439	0.0884	0.0851	0.2900	0.0810	0.1976	0.1446	0.2738
000058	I	0.537718	0.243066	0.293803	0.1292	0.0851	0.2980	0.0900	0.2156	0.1538	0.2810
000059	G	0.580415	0.246303	0.302479	0.1041	0.0985	0.2910	0.0820	0.2200	0.1686	0.2938
000060	E	0.607636	0.246872	0.314084	0.0643	0.0888	0.2890	0.0820	0.2161	0.1864	0.3095
000061	L	0.649440	0.249126	0.326165	0.1041	0.1424	0.2550	0.0750	0.2333	0.1860	0.3226
000062	A	0.655681	0.243886	0.336617	0.1456	0.2002	0.2060	0.0690	0.2419	0.1791	0.3300
000063	V	0.661922	0.238533	0.341070	0.1532	0.2002	0.1810	0.0590	0.2391	0.1832	0.3309
000064	R	0.667710	0.261413	0.353945	0.1416	0.1671	0.1740	0.0550	0.2354	0.1910	0.3249
000065	G	0.623626	0.293505	0.366486	0.1998	0.2436	0.1770	0.0530	0.2562	0.1624	0.3267
000066	A	0.585835	0.320627	0.376941	0.1766	0.1671	0.1810	0.0660	0.2386	0.1626	0.3340
000067	R	0.593193	0.359472	0.386796	0.2531	0.2470	0.1820	0.0800	0.2724	0.1488	0.3407
000068	V	0.604302	0.404716	0.398175	0.1766	0.1424	0.1900	0.0790	0.2530	0.1777	0.3488
000069	V	0.630794	0.443456	0.408138	0.2700	0.2328	0.1810	0.0730	0.2930	0.1667	0.3557
000070	S	0.651348	0.477568	0.414110	0.1878	0.2258	0.1620	0.0540	0.2841	0.1901	0.3579
000071	K	0.648127	0.513416	0.418125	0.1878	0.2193	0.1590	0.0320	0.2879	0.1954	0.3560
000072	G	0.631699	0.508169	0.423198	0.2558	0.3053	0.1590	0.0380	0.3100	0.1739	0.3547
000073	K	0.610717	0.503174	0.428895	0.2865	0.3321	0.1590	0.0440	0.3153	0.1637	0.3585
000074	K	0.593640	0.491233	0.436574	0.3535	0.4149	0.1570	0.0480	0.3351	0.1526	0.3686
000075	M	0.553068	0.497373	0.447627	0.3578	0.3426	0.1510	0.0520	0.3169	0.1502	0.3855
000076	H	0.476398	0.491712	0.459656	0.3630	0.2609	0.1560	0.0470	0.2913	0.1456	0.3881
000077	L	0.403803	0.458798	0.467824	0.3311	0.2129	0.1660	0.0520	0.2622	0.1399	0.3855
000078	Q	0.314177	0.452998	0.477354	0.2657	0.2292	0.1700	0.0500	0.2387	0.1379	0.3797
000079	F	0.240005	0.448131	0.489013	0.2602	0.3117	0.1700	0.0460	0.2383	0.1399	0.3760
000080	D	0.206650	0.438077	0.503456	0.3359	0.3740	0.1690	0.0410	0.2540	0.1453	0.3664
000081	R	0.179765	0.433910	0.519602	0.3456	0.2951	0.1880	0.0390	0.2403	0.1505	0.3540
000082	Q	0.189110	0.433473	0.540135	0.3399	0.3149	0.1940	0.0470	0.2452	0.1538	0.3498
000083	T	0.239869	0.426742	0.558872	0.2558	0.3087	0.2000	0.0520	0.2385	0.1553	0.3504
000084	G	0.277903	0.411266	0.574144	0.2748	0.3286	0.1950	0.0560	0.2479	0.1550	0.3466
000085	D	0.301964	0.429942	0.591026	0.2786	0.3529	0.2090	0.0620	0.2621	0.1577	0.3417
000086	L	0.352195	0.426441	0.603893	0.3146	0.2988	0.2230	0.0800	0.2692	0.1574	0.3327
000087	L	0.424714	0.462174	0.616051	0.3263	0.2164	0.2390	0.0920	0.2780	0.1719	0.3304
000088	L	0.483384	0.473043	0.626060	0.3184	0.2988	0.2400	0.1040	0.3023	0.1687	0.3262
000089	N	0.539458	0.510524	0.638850	0.2041	0.3249	0.2710	0.1300	0.3083	0.1898	0.3223
000090	E	0.592932	0.526838	0.644295	0.2963	0.4369	0.3110	0.1810	0.3606	0.1706	0.3205
000091	K	0.615523	0.531660	0.645471	0.3263	0.4369	0.3720	0.2180	0.3804	0.1605	0.3244
000092	L	0.637097	0.537711	0.648003	0.3359	0.4766	0.4090	0.2380	0.3994	0.1568	0.3313
000093	D	0.679890	0.542373	0.649889	0.3456	0.3910	0.3980	0.2380	0.3927	0.1699	0.3324
000094	R	0.722087	0.562354	0.657882	0.3847	0.3149	0.4090	0.2280	0.3988	0.1851	0.3265
000095	E	0.733424	0.551450	0.660242	0.2865	0.2292	0.4630	0.2270	0.3773	0.2140	0.3249
000096	E	0.738141	0.531837	0.657244	0.2080	0.2541	0.4780	0.2170	0.3684	0.2228	0.3253
000097	L	0.727847	0.515636	0.657522	0.1921	0.2224	0.4980	0.1920	0.3594	0.2292	0.3309
000098	C	0.702781	0.483868	0.659548	0.2963	0.3053	0.4860	0.2010	0.3791	0.1907	0.3356
000099	G	0.705474	0.457548	0.655642	0.2748	0.3149	0.4560	0.2010	0.3681	0.1931	0.3438
000100	P	0.715162	0.454788	0.649246	0.2820	0.2224	0.4210	0.2110	0.3492	0.2085	0.3531
000101	T	0.725857	0.435611	0.642970	0.1998	0.1373	0.4150	0.2030	0.3189	0.2383	0.3607
000102	E	0.710359	0.397451	0.637520	0.1349	0.1528	0.4090	0.1910	0.3007	0.2421	0.3711
000103	P	0.645307	0.382678	0.626908	0.1322	0.2364	0.3310	0.1560	0.2880	0.2161	0.3837
000104	C	0.571761	0.321452	0.622413	0.1349	0.2575	0.2860	0.1270	0.2619	0.2026	0.3933
000105	V	0.498167	0.268672	0.613666	0.1380	0.1823	0.2710	0.0990	0.2263	0.1989	0.4096
000106	L	0.434942	0.250080	0.602208	0.1532	0.1731	0.2580	0.0930	0.2116	0.1875	0.4260
000107	P	0.378269	0.262850	0.592408	0.0832	0.0870	0.2410	0.1040	0.1753	0.2014	0.4333
000108	F	0.345695	0.270964	0.582499	0.1456	0.0749	0.2340	0.1050	0.1785	0.1891	0.4262
000109	Q	0.265716	0.267582	0.567656	0.1532	0.1229	0.2200	0.0970	0.1716	0.1732	0.4170
000110	V	0.185483	0.246357	0.553502	0.0832	0.1048	0.2260	0.0980	0.1409	0.1803	0.4076
000111	L	0.125259	0.235140	0.539329	0.0660	0.0948	0.2300	0.1030	0.1252	0.1821	0.3964
000112	L	0.117929	0.229819	0.526186	0.0526	0.0555	0.2090	0.1020	0.1107	0.1839	0.3927
000113	E	0.119187	0.238923	0.507750	0.0526	0.0494	0.1740	0.0780	0.1056	0.1781	0.3960
000114	N	0.119774	0.232488	0.489558	0.0218	0.0235	0.1760	0.0870	0.0956	0.1787	0.4063
000115	P	0.124685	0.250794	0.475125	0.0376	0.0364	0.1540	0.0750	0.1007	0.1705	0.4135
000116	L	0.132191	0.238707	0.457266	0.0308	0.0618	0.1430	0.0630	0.1011	0.1607	0.4323
000117	Q	0.096221	0.233158	0.443615	0.0502	0.0690	0.1160	0.0420	0.0940	0.1552	0.4164
000118	F	0.108462	0.218993	0.427087	0.0455	0.0605	0.0950	0.0330	0.0881	0.1500	0.4025
000119	F	0.125240	0.212942	0.410216	0.0464	0.1275	0.0840	0.0270	0.0994	0.1378	0.3798
000120	Q	0.131397	0.221250	0.394372	0.0441	0.1251	0.0790	0.0310	0.1001	0.1332	0.3515
000121	A	0.132643	0.211842	0.382505	0.0771	0.1759	0.0820	0.0350	0.1132	0.1217	0.3250
000122	E	0.128278	0.217472	0.373579	0.1205	0.2884	0.0780	0.0360	0.1388	0.1210	0.2967
000123	L	0.127351	0.224546	0.361095	0.1844	0.3053	0.0890	0.0480	0.1551	0.1124	0.2752
000124	R	0.123019	0.244407	0.348295	0.2080	0.1942	0.0720	0.0270	0.1402	0.1054	0.2566
000125	I	0.128411	0.276827	0.334368	0.1380	0.1229	0.0780	0.0270	0.1241	0.1079	0.2542
000126	R	0.148808	0.304709	0.319551	0.0677	0.1092	0.0840	0.0320	0.1191	0.1151	0.2584
000127	D	0.159088	0.321595	0.311145	0.0677	0.1643	0.1110	0.0500	0.1372	0.1088	0.2748
000128	V	0.158865	0.335553	0.300702	0.0701	0.1731	0.1360	0.0620	0.1455	0.1056	0.2850
000129	N	0.172709	0.337456	0.285604	0.1240	0.1914	0.1220	0.0520	0.1579	0.0934	0.2996
000130	D	0.188340	0.321756	0.273791	0.2167	0.2164	0.1220	0.0500	0.1775	0.0779	0.3214
000131	H	0.202531	0.319380	0.264839	0.1349	0.1449	0.1110	0.0440	0.1521	0.0869	0.3460
000132	S	0.254908	0.305103	0.260501	0.1041	0.1611	0.0970	0.0400	0.1536	0.0916	0.3699
000133	P	0.297604	0.275377	0.257422	0.0542	0.0888	0.0870	0.0330	0.1338	0.1101	0.3933
000134	V	0.314973	0.259455	0.254816	0.0935	0.1671	0.0850	0.0400	0.1533	0.0967	0.4084
000135	F	0.324077	0.241600	0.250280	0.0567	0.1852	0.0840	0.0410	0.1486	0.1031	0.4287
000136	L	0.352235	0.230287	0.245529	0.1322	0.2680	0.0790	0.0280	0.1769	0.0985	0.4310
000137	D	0.358133	0.232840	0.242962	0.1566	0.1852	0.0810	0.0210	0.1690	0.0944	0.4230
000138	K	0.367376	0.236473	0.240027	0.1416	0.1791	0.0960	0.0240	0.1702	0.0953	0.4016
000139	E	0.370099	0.212046	0.238972	0.1416	0.2752	0.1080	0.0300	0.1845	0.0949	0.3882
000140	I	0.354472	0.200250	0.239730	0.1349	0.2645	0.1160	0.0270	0.1783	0.0899	0.3728
000141	L	0.297949	0.205958	0.241585	0.1532	0.2575	0.1340	0.0360	0.1748	0.0702	0.3570
000142	L	0.256139	0.218851	0.241251	0.1635	0.2645	0.1610	0.0480	0.1774	0.0578	0.3409
000143	K	0.275798	0.249354	0.237068	0.1602	0.1702	0.1740	0.0540	0.1715	0.0597	0.3251
000144	I	0.302608	0.306485	0.235187	0.1266	0.0909	0.1870	0.0450	0.1689	0.0907	0.3171
000145	P	0.329073	0.329137	0.231330	0.1292	0.0799	0.1850	0.0430	0.1754	0.1014	0.3196
000146	E	0.340083	0.330043	0.225747	0.1380	0.1528	0.2010	0.0580	0.1936	0.0875	0.3153
000147	S	0.373953	0.316469	0.220630	0.1416	0.2164	0.1980	0.0660	0.2078	0.0857	0.3152
000148	I	0.413890	0.312629	0.214086	0.1456	0.1823	0.1970	0.0740	0.2086	0.0981	0.3180
000149	T	0.483455	0.282744	0.207251	0.1456	0.1942	0.1670	0.0690	0.2122	0.1192	0.3276
000150	P	0.541568	0.276999	0.203241	0.1088	0.1914	0.1400	0.0580	0.2098	0.1472	0.3345
000151	G	0.601740	0.270258	0.197904	0.1878	0.2002	0.1290	0.0480	0.2316	0.1597	0.3383
000152	T	0.609869	0.256682	0.191654	0.2786	0.2918	0.1000	0.0340	0.2562	0.1609	0.3400
000153	T	0.570280	0.220860	0.183337	0.2786	0.3053	0.0910	0.0220	0.2444	0.1521	0.3435
000154	F	0.518807	0.208343	0.178506	0.3005	0.3117	0.0890	0.0200	0.2380	0.1384	0.3452
000155	L	0.509861	0.195451	0.174412	0.3053	0.4119	0.0790	0.0190	0.2503	0.1498	0.3396
000156	I	0.469697	0.193772	0.168328	0.2748	0.3910	0.0710	0.0200	0.2333	0.1382	0.3294
000157	E	0.421321	0.203674	0.162494	0.2531	0.3740	0.0780	0.0320	0.2216	0.1215	0.3256
000158	R	0.357778	0.225749	0.156558	0.2531	0.2951	0.0920	0.0440	0.2039	0.0910	0.3193
000159	A	0.307131	0.235971	0.152365	0.3399	0.3948	0.1070	0.0420	0.2308	0.1049	0.3153
000160	Q	0.245313	0.249789	0.149222	0.2558	0.4017	0.1030	0.0420	0.2092	0.0976	0.3095
000161	D	0.222017	0.278022	0.145786	0.2292	0.2884	0.1090	0.0470	0.1878	0.0696	0.3039
000162	L	0.260094	0.325406	0.140735	0.2255	0.2951	0.1110	0.0600	0.2028	0.0813	0.3026
000163	D	0.307629	0.353592	0.133978	0.1566	0.2002	0.1140	0.0680	0.1887	0.0922	0.3039
000164	V	0.290582	0.376901	0.128525	0.1566	0.1914	0.1260	0.0720	0.1902	0.0949	0.3018
000165	G	0.265371	0.381127	0.122953	0.1380	0.3249	0.1070	0.0600	0.2027	0.1084	0.3036
000166	T	0.244243	0.382453	0.114342	0.1998	0.4149	0.1370	0.0640	0.2297	0.1159	0.3107
000167	N	0.230297	0.368063	0.106883	0.3263	0.4017	0.1900	0.0660	0.2528	0.1053	0.3174
000168	S	0.215918	0.380206	0.100295	0.3096	0.3872	0.2230	0.0810	0.2527	0.1025	0.3273
000169	L	0.205198	0.361259	0.092958	0.2041	0.2951	0.2070	0.0670	0.2121	0.0851	0.3407
000170	Q	0.164070	0.369999	0.086726	0.2385	0.3215	0.1860	0.0490	0.2133	0.0967	0.3560
000171	N	0.096380	0.359919	0.081209	0.1416	0.2328	0.1920	0.0570	0.1705	0.0953	0.3727
000172	Y	0.019237	0.367059	0.075630	0.1349	0.2328	0.1770	0.0500	0.1552	0.1130	0.3930
000173	T	0.007248	0.343119	0.071511	0.1349	0.2292	0.1550	0.0430	0.1449	0.1087	0.4070
000174	I	0.002164	0.331405	0.071186	0.1292	0.2224	0.1340	0.0370	0.1366	0.1062	0.4227
000175	S	0.001339	0.295994	0.070747	0.1240	0.3053	0.1040	0.0220	0.1384	0.1136	0.4219
000176	P	0.001279	0.273478	0.071000	0.1292	0.3019	0.0940	0.0200	0.1334	0.1087	0.3996
000177	N	0.001439	0.232528	0.072237	0.1416	0.2129	0.1120	0.0480	0.1168	0.0802	0.3835
000178	F	0.001455	0.213028	0.075334	0.1495	0.2164	0.1080	0.0430	0.1147	0.0771	0.3640
000179	H	0.001540	0.197491	0.079098	0.0858	0.2193	0.0980	0.0410	0.1004	0.0753	0.3533
000180	F	0.001738	0.208536	0.083453	0.1532	0.2129	0.0990	0.0360	0.1125	0.0756	0.3467
000181	H	0.002135	0.234683	0.085130	0.1456	0.1349	0.1090	0.0400	0.1044	0.0712	0.3493
000182	L	0.002217	0.253927	0.086167	0.0832	0.0799	0.1210	0.0490	0.0900	0.0771	0.3554
000183	N	0.002218	0.259919	0.088999	0.0789	0.1476	0.1080	0.0410	0.0995	0.0797	0.3631
000184	L	0.002059	0.286067	0.092836	0.0425	0.1476	0.1000	0.0380	0.0963	0.0917	0.3639
000185	Q	0.001696	0.273100	0.095267	0.1060	0.1554	0.1040	0.0630	0.1067	0.0829	0.3700
000186	D	0.001986	0.270361	0.103050	0.1117	0.1092	0.1220	0.0760	0.1025	0.0804	0.3769
000187	S	0.003559	0.263568	0.117555	0.0478	0.0531	0.1350	0.0760	0.0838	0.0863	0.3860
000188	L	0.005266	0.256155	0.135240	0.0304	0.0531	0.1350	0.0610	0.0800	0.0875	0.3907
000189	D	0.011059	0.229108	0.152954	0.0336	0.0967	0.1330	0.0500	0.0839	0.0778	0.4007
000190	G	0.018401	0.211473	0.172623	0.0350	0.0799	0.1350	0.0470	0.0799	0.0761	0.4110
000191	I	0.035060	0.181840	0.190389	0.0607	0.0888	0.1360	0.0490	0.0838	0.0667	0.4191
000192	I	0.071045	0.168796	0.207101	0.0514	0.0967	0.1260	0.0430	0.0857	0.0643	0.4205
000193	L	0.120133	0.174751	0.220998	0.0526	0.1476	0.1180	0.0430	0.1021	0.0639	0.4191
000194	P	0.173666	0.176638	0.235631	0.0554	0.1528	0.1160	0.0410	0.1124	0.0683	0.4207
000195	Q	0.254090	0.208227	0.245424	0.0991	0.2436	0.1230	0.0430	0.1546	0.0742	0.4266
000196	L	0.334326	0.210973	0.256972	0.1018	0.2470	0.1340	0.0450	0.1714	0.0889	0.4277
000197	V	0.399838	0.225121	0.270795	0.1041	0.2645	0.1420	0.0470	0.1893	0.1060	0.4312
000198	L	0.460729	0.244290	0.290873	0.1060	0.2817	0.1460	0.0480	0.2065	0.1242	0.4326
000199	N	0.524186	0.275692	0.310303	0.2122	0.2715	0.1510	0.0480	0.2390	0.1274	0.4303
000200	R	0.578605	0.324375	0.326359	0.2167	0.2470	0.1790	0.0490	0.2576	0.1416	0.4260
000201	A	0.607614	0.376396	0.341238	0.1349	0.1702	0.2240	0.0590	0.2522	0.1688	0.4244
000202	L	0.622757	0.433839	0.352123	0.2080	0.2575	0.2390	0.0830	0.2935	0.1545	0.4210
000203	D	0.633422	0.486035	0.364237	0.2122	0.2575	0.2320	0.0930	0.3035	0.1641	0.4138
000204	R	0.610344	0.535064	0.377520	0.3184	0.3426	0.2560	0.1040	0.3438	0.1397	0.4037
000205	E	0.593653	0.560898	0.389422	0.1878	0.2849	0.2560	0.1040	0.3140	0.1658	0.3979
000206	E	0.593127	0.585330	0.398698	0.1805	0.1969	0.2970	0.1120	0.3088	0.1800	0.3926
000207	Q	0.610720	0.600875	0.413744	0.2483	0.2884	0.3210	0.1260	0.3449	0.1602	0.3863
000208	P	0.627450	0.567165	0.433059	0.2333	0.3599	0.2960	0.1110	0.3474	0.1580	0.3839
000209	E	0.648992	0.511619	0.444919	0.3399	0.4441	0.2720	0.1030	0.3694	0.1414	0.3794
000210	I	0.670682	0.459314	0.454704	0.3491	0.4292	0.2530	0.1030	0.3602	0.1481	0.3760
000211	R	0.700385	0.416252	0.458920	0.3668	0.4685	0.2190	0.0840	0.3618	0.1627	0.3790
000212	L	0.730855	0.404285	0.461200	0.3992	0.5382	0.1860	0.0680	0.3764	0.1810	0.3861
000213	T	0.775821	0.408633	0.464020	0.5173	0.6427	0.1740	0.0550	0.4197	0.2035	0.3980
000214	L	0.812662	0.370093	0.463118	0.5374	0.6183	0.1980	0.0630	0.4228	0.2074	0.4077
000215	T	0.829420	0.390619	0.461808	0.5296	0.6269	0.2340	0.0710	0.4352	0.2017	0.4197
000216	A	0.829110	0.432659	0.460444	0.5126	0.6089	0.3090	0.0900	0.4487	0.1800	0.4288
000217	L	0.831523	0.484657	0.453783	0.5043	0.5493	0.3480	0.0820	0.4530	0.1669	0.4298
000218	D	0.822943	0.549326	0.442035	0.4967	0.4541	0.3570	0.0890	0.4466	0.1647	0.4232
000219	G	0.824008	0.623678	0.427267	0.4282	0.3529	0.4300	0.1170	0.4431	0.1763	0.4198
000220	G	0.811363	0.677462	0.414970	0.3359	0.3321	0.5240	0.1470	0.4468	0.1908	0.4167
000221	S	0.802374	0.693141	0.401236	0.3578	0.3321	0.5310	0.1550	0.4527	0.1881	0.4156
000222	P	0.762180	0.665760	0.391416	0.3578	0.3599	0.4890	0.1660	0.4392	0.1700	0.4205
000223	P	0.713809	0.643523	0.387259	0.3578	0.3740	0.4720	0.1590	0.4269	0.1530	0.4294
000224	R	0.693137	0.586038	0.383595	0.3717	0.3019	0.4620	0.1740	0.4024	0.1490	0.4251
000225	S	0.671810	0.541616	0.379931	0.3939	0.3983	0.3970	0.1650	0.4004	0.1252	0.4170
000226	G	0.641458	0.485576	0.382330	0.3225	0.3053	0.3630	0.1520	0.3530	0.1323	0.4095
000227	T	0.609098	0.414537	0.381882	0.3668	0.3426	0.2990	0.1210	0.3387	0.1177	0.4020
000228	A	0.578712	0.352430	0.377788	0.3668	0.4409	0.2550	0.1020	0.3323	0.1170	0.3928
000229	L	0.567452	0.294542	0.364617	0.3535	0.4409	0.2310	0.0840	0.3146	0.1233	0.3864
000230	V	0.512667	0.252416	0.352109	0.3668	0.3704	0.2310	0.0710	0.2889	0.1092	0.3785
000231	R	0.505251	0.228649	0.342847	0.3630	0.4017	0.2230	0.0620	0.2870	0.1134	0.3727
000232	I	0.514273	0.220823	0.335556	0.2865	0.4220	0.2050	0.0600	0.2748	0.1229	0.3722
000233	E	0.504305	0.216782	0.331111	0.2820	0.2884	0.1620	0.0430	0.2422	0.1208	0.3761
000234	V	0.485807	0.211249	0.323006	0.2602	0.2258	0.1470	0.0350	0.2217	0.1205	0.3851
000235	V	0.444196	0.200942	0.313954	0.1878	0.2224	0.1580	0.0410	0.2023	0.1107	0.3958
000236	D	0.434614	0.202452	0.304125	0.1602	0.1528	0.1730	0.0530	0.1872	0.1134	0.4026
000237	I	0.419478	0.224340	0.300486	0.1456	0.0985	0.2140	0.0860	0.1836	0.1159	0.4086
000238	N	0.366775	0.242362	0.292586	0.0909	0.0618	0.2620	0.1340	0.1706	0.1190	0.4167
000239	D	0.353173	0.236715	0.277100	0.0643	0.0817	0.3090	0.1840	0.1742	0.1193	0.4296
000240	N	0.319669	0.234926	0.266949	0.0643	0.0888	0.3070	0.1720	0.1691	0.1103	0.4267
000241	V	0.288026	0.234050	0.259341	0.1117	0.1349	0.2880	0.1360	0.1762	0.0829	0.4121
000242	P	0.269072	0.211753	0.254305	0.0744	0.0835	0.2750	0.1330	0.1522	0.0943	0.3972
000243	E	0.267044	0.196708	0.258195	0.1322	0.1671	0.2470	0.1160	0.1683	0.0659	0.3854
000244	F	0.311013	0.186859	0.260739	0.0660	0.1671	0.2280	0.1080	0.1599	0.0888	0.3752
000245	A	0.325999	0.174528	0.266177	0.1205	0.2399	0.2060	0.1060	0.1778	0.0793	0.3728
000246	K	0.343316	0.154076	0.270200	0.1844	0.3053	0.1910	0.0980	0.1964	0.0825	0.3712
000247	L	0.390406	0.156645	0.273801	0.1878	0.3249	0.1820	0.0890	0.2070	0.0962	0.3645
000248	L	0.442490	0.159729	0.276208	0.2657	0.3460	0.1680	0.0760	0.2304	0.1084	0.3594
000249	Y	0.477556	0.161970	0.277067	0.2963	0.3356	0.1700	0.0680	0.2402	0.1163	0.3604
000250	E	0.494919	0.186296	0.278220	0.1998	0.3182	0.1820	0.0600	0.2303	0.1192	0.3706
000251	V	0.530495	0.219134	0.276699	0.1998	0.3149	0.2040	0.0510	0.2448	0.1237	0.3809
000252	Q	0.551464	0.275322	0.275425	0.2657	0.3182	0.2280	0.0560	0.2731	0.1166	0.3928
000253	I	0.577045	0.353551	0.274821	0.2531	0.2575	0.2680	0.0640	0.2849	0.1240	0.4036
000254	P	0.613439	0.434214	0.273380	0.1732	0.1611	0.3050	0.0810	0.2812	0.1636	0.4125
000255	E	0.648755	0.505470	0.275630	0.2209	0.1942	0.3250	0.0920	0.3157	0.1695	0.4238
000256	D	0.678319	0.551571	0.274020	0.1805	0.2193	0.3560	0.1250	0.3309	0.1863	0.4317
000257	S	0.697574	0.541559	0.270247	0.1349	0.2002	0.3580	0.1210	0.3221	0.2013	0.4248
000258	P	0.721587	0.511118	0.265803	0.1998	0.2752	0.3400	0.1400	0.3414	0.1842	0.4096
000259	V	0.744773	0.495330	0.264406	0.2432	0.3667	0.3270	0.1550	0.3628	0.1774	0.3916
000260	G	0.756757	0.448557	0.264775	0.3146	0.3566	0.2550	0.1450	0.3553	0.1778	0.3775
000261	S	0.764237	0.413116	0.261518	0.3146	0.3529	0.1920	0.1010	0.3395	0.1890	0.3679
000262	Q	0.734614	0.386264	0.259175	0.3053	0.3286	0.1520	0.0700	0.3179	0.1868	0.3606
000263	V	0.731270	0.339619	0.254338	0.3146	0.3215	0.1280	0.0460	0.3059	0.1900	0.3523
000264	A	0.716436	0.285278	0.250218	0.3359	0.4149	0.1120	0.0330	0.3108	0.1914	0.3450
000265	I	0.678927	0.253066	0.248979	0.3096	0.3948	0.1130	0.0360	0.2915	0.1809	0.3377
000266	V	0.661186	0.233780	0.245684	0.2865	0.3774	0.1200	0.0410	0.2798	0.1750	0.3316
000267	S	0.637041	0.227850	0.243263	0.2657	0.3807	0.1310	0.0480	0.2737	0.1668	0.3283
000268	A	0.614254	0.238914	0.236436	0.2700	0.2951	0.1360	0.0460	0.2590	0.1548	0.3270
000269	R	0.548251	0.262645	0.230091	0.2483	0.2609	0.1470	0.0410	0.2445	0.1307	0.3274
000270	D	0.499576	0.267416	0.226598	0.2483	0.2541	0.1480	0.0380	0.2362	0.1145	0.3312
000271	L	0.464216	0.287529	0.226365	0.2432	0.2258	0.1530	0.0410	0.2289	0.1040	0.3366
000272	D	0.402840	0.318352	0.229907	0.1732	0.1449	0.1540	0.0410	0.1989	0.1020	0.3418
000273	I	0.360898	0.339735	0.235762	0.1380	0.1373	0.1600	0.0480	0.1893	0.1004	0.3475
000274	G	0.368373	0.346828	0.236352	0.1240	0.2002	0.1470	0.0550	0.1977	0.1007	0.3539
000275	T	0.355123	0.366156	0.237658	0.1495	0.1969	0.1510	0.0590	0.2031	0.0971	0.3595
000276	N	0.362753	0.360342	0.235251	0.2167	0.2783	0.1530	0.0530	0.2285	0.0854	0.3641
000277	G	0.370754	0.348520	0.237230	0.2531	0.3599	0.1480	0.0580	0.2467	0.0899	0.3705
000278	E	0.422058	0.352811	0.240266	0.2483	0.3774	0.1350	0.0520	0.2559	0.1054	0.3773
000279	I	0.469846	0.372503	0.244665	0.2963	0.3215	0.1290	0.0490	0.2648	0.1131	0.3855
000280	S	0.487888	0.383247	0.251174	0.3053	0.3215	0.1350	0.0630	0.2721	0.1168	0.3941
000281	Y	0.489459	0.385724	0.256665	0.1998	0.2951	0.1580	0.0800	0.2548	0.1198	0.4008
000282	A	0.477377	0.403225	0.260192	0.2748	0.3840	0.1950	0.0990	0.2890	0.1060	0.3979
000283	F	0.442588	0.422264	0.261933	0.2432	0.2715	0.2450	0.1200	0.2708	0.0948	0.3938
000284	S	0.412949	0.430128	0.255758	0.3184	0.3566	0.2530	0.0990	0.2953	0.0813	0.3892
000285	Q	0.357953	0.444508	0.245692	0.2292	0.2783	0.2850	0.0950	0.2658	0.0844	0.3839
000286	A	0.316225	0.465680	0.232911	0.2292	0.2715	0.2870	0.0870	0.2616	0.0887	0.3836
000287	S	0.262811	0.486113	0.227185	0.1602	0.2292	0.2920	0.0760	0.2384	0.1089	0.3834
000288	E	0.254839	0.493525	0.221030	0.1532	0.2193	0.3560	0.0650	0.2462	0.1179	0.3811
000289	D	0.269512	0.512406	0.219625	0.1178	0.2002	0.3910	0.0730	0.2485	0.1358	0.3738
000290	I	0.320583	0.498177	0.217828	0.1667	0.2884	0.4220	0.1260	0.2826	0.1190	0.3630
000291	R	0.368217	0.494960	0.216442	0.1667	0.3053	0.3670	0.1230	0.2836	0.1135	0.3486
000292	K	0.419701	0.489124	0.219658	0.2385	0.3019	0.3290	0.1210	0.2963	0.1022	0.3369
000293	T	0.472925	0.479072	0.222040	0.2786	0.2541	0.3530	0.1430	0.3062	0.1083	0.3349
000294	F	0.573201	0.441790	0.223404	0.2865	0.2752	0.3380	0.1400	0.3190	0.1239	0.3353
000295	R	0.663072	0.421937	0.225023	0.2209	0.2715	0.3040	0.1230	0.3136	0.1593	0.3300
000296	L	0.754628	0.421158	0.227454	0.1495	0.2715	0.2960	0.1170	0.3155	0.2007	0.3245
000297	S	0.786248	0.432950	0.228118	0.1766	0.2884	0.2530	0.0940	0.3229	0.2094	0.3139
000298	A	0.783414	0.443685	0.225897	0.1844	0.2094	0.2730	0.0990	0.3156	0.2135	0.3010
000299	K	0.739229	0.461999	0.223651	0.1698	0.2064	0.2630	0.1000	0.3067	0.2037	0.2928
000300	S	0.697024	0.476788	0.221533	0.1117	0.1115	0.2290	0.0830	0.2710	0.2156	0.2924
000301	G	0.685015	0.465936	0.218594	0.1805	0.1914	0.2070	0.0770	0.2884	0.1921	0.2984
000302	E	0.656577	0.428257	0.212579	0.1178	0.1942	0.1710	0.0570	0.2614	0.1913	0.3113
000303	L	0.577364	0.393477	0.202664	0.1322	0.1323	0.1530	0.0380	0.2314	0.1696	0.3229
000304	L	0.497406	0.373276	0.192536	0.1322	0.1349	0.1190	0.0200	0.2095	0.1470	0.3311
000305	L	0.412936	0.339129	0.183127	0.1266	0.2224	0.1070	0.0160	0.2014	0.1147	0.3337
000306	R	0.362858	0.321589	0.175689	0.1292	0.1583	0.1070	0.0180	0.1798	0.1016	0.3378
000307	Q	0.339302	0.320409	0.172415	0.1844	0.2328	0.1360	0.0280	0.2022	0.0809	0.3449
000308	K	0.330384	0.313708	0.164368	0.1240	0.1759	0.1750	0.0540	0.1865	0.0832	0.3544
000309	L	0.301598	0.291166	0.156108	0.1416	0.2094	0.1780	0.0540	0.1869	0.0678	0.3693
000310	D	0.237695	0.285018	0.147461	0.0991	0.1476	0.1550	0.0500	0.1540	0.0674	0.3774
000311	F	0.199500	0.278537	0.139618	0.1018	0.1528	0.1620	0.0560	0.1491	0.0603	0.3808
000312	E	0.191800	0.254330	0.135162	0.0554	0.1298	0.1540	0.0530	0.1308	0.0648	0.3717
000313	S	0.183132	0.238953	0.134085	0.0542	0.1206	0.1460	0.0590	0.1238	0.0609	0.3572
000314	I	0.179725	0.214587	0.133685	0.0701	0.1914	0.1220	0.0470	0.1296	0.0535	0.3437
000315	Q	0.158520	0.194402	0.138660	0.1041	0.2609	0.0950	0.0350	0.1354	0.0611	0.3319
000316	T	0.168544	0.171249	0.142226	0.1732	0.3392	0.0780	0.0230	0.1550	0.0824	0.3256
000317	Y	0.174681	0.179631	0.150025	0.1732	0.3426	0.0710	0.0220	0.1568	0.0848	0.3226
000318	T	0.269417	0.192926	0.153264	0.1698	0.2541	0.0680	0.0170	0.1590	0.0716	0.3140
000319	V	0.317055	0.210950	0.155021	0.1805	0.2609	0.0760	0.0170	0.1742	0.0810	0.3073
000320	N	0.322792	0.236901	0.153664	0.1766	0.3392	0.0940	0.0260	0.1948	0.0924	0.3003
000321	I	0.326889	0.268511	0.152679	0.1766	0.3286	0.1150	0.0370	0.2026	0.0881	0.2962
000322	Q	0.310846	0.297725	0.152673	0.2657	0.3667	0.1330	0.0450	0.2290	0.0882	0.2924
000323	A	0.293939	0.342334	0.152998	0.2483	0.2817	0.1450	0.0560	0.2186	0.0770	0.2991
000324	T	0.272074	0.377221	0.155207	0.1805	0.2224	0.1460	0.0600	0.1996	0.0842	0.3066
000325	D	0.233009	0.397458	0.162186	0.2041	0.2094	0.1190	0.0210	0.1939	0.0912	0.3138
000326	G	0.198857	0.392050	0.168185	0.1532	0.1501	0.1120	0.0200	0.1677	0.0957	0.3221
000327	G	0.102165	0.358929	0.172849	0.1088	0.1528	0.1020	0.0150	0.1375	0.0947	0.3297
000328	G	0.050481	0.323588	0.179281	0.1240	0.1611	0.1110	0.0180	0.1283	0.0896	0.3357
000329	L	0.030715	0.280549	0.193969	0.1322	0.1349	0.1160	0.0230	0.1157	0.0828	0.3459
000330	S	0.006351	0.235308	0.210106	0.1416	0.1969	0.1210	0.0250	0.1169	0.0836	0.3591
000331	G	0.008372	0.191626	0.222281	0.1178	0.1251	0.1280	0.0270	0.0951	0.0769	0.3749
000332	T	0.009585	0.150089	0.233092	0.2041	0.2002	0.1390	0.0290	0.1171	0.0827	0.3933
000333	C	0.011908	0.117608	0.242156	0.1349	0.2064	0.1450	0.0430	0.1027	0.0832	0.4117
000334	V	0.044873	0.093420	0.250969	0.1635	0.2470	0.1420	0.0570	0.1151	0.0860	0.4272
000335	V	0.065380	0.088629	0.258299	0.1844	0.2752	0.1410	0.0610	0.1257	0.0900	0.4261
000336	F	0.094989	0.086879	0.265535	0.1698	0.2918	0.1420	0.0620	0.1309	0.0902	0.4112
000337	V	0.118983	0.087592	0.272297	0.1998	0.3117	0.1390	0.0640	0.1429	0.0932	0.4025
000338	Q	0.147007	0.097053	0.279156	0.2292	0.2364	0.1400	0.0660	0.1417	0.0791	0.3936
000339	V	0.173291	0.135162	0.290115	0.2558	0.2364	0.1560	0.0630	0.1595	0.0742	0.3823
000340	M	0.215632	0.176216	0.303731	0.2432	0.2918	0.1720	0.0700	0.1831	0.0721	0.3741
000341	D	0.255315	0.236120	0.320957	0.2333	0.2918	0.2170	0.1010	0.2056	0.0646	0.3709
000342	L	0.300156	0.323593	0.341876	0.1958	0.2951	0.2680	0.1300	0.2305	0.0739	0.3714
000343	N	0.355050	0.419530	0.359005	0.2041	0.2129	0.2830	0.1320	0.2458	0.0993	0.3776
000344	D	0.419037	0.494634	0.375342	0.2700	0.2034	0.3320	0.1420	0.2864	0.1141	0.3793
000345	N	0.483515	0.537484	0.392458	0.2602	0.2783	0.3870	0.1550	0.3243	0.1194	0.3816
000346	P	0.554865	0.567164	0.408621	0.2483	0.3460	0.3760	0.1590	0.3488	0.1320	0.3815
000347	P	0.621828	0.552369	0.422488	0.3225	0.3631	0.3690	0.1680	0.3714	0.1294	0.3858
000348	E	0.686069	0.502126	0.434935	0.3939	0.4619	0.3710	0.1810	0.4025	0.1265	0.3908
000349	L	0.739532	0.460054	0.447147	0.3005	0.4725	0.3240	0.1560	0.3828	0.1610	0.3974
000350	T	0.794727	0.418026	0.456560	0.3992	0.5533	0.1960	0.0820	0.3935	0.1958	0.4068
000351	M	0.845345	0.396356	0.467582	0.4556	0.4979	0.1710	0.0670	0.3944	0.2132	0.4156
000352	S	0.851150	0.381246	0.474058	0.4379	0.4901	0.1660	0.0670	0.3878	0.2177	0.4251
000353	T	0.847005	0.354334	0.479720	0.4458	0.5992	0.1810	0.0810	0.4045	0.2212	0.4332
000354	L	0.822760	0.351843	0.483128	0.4651	0.5901	0.1940	0.0690	0.4040	0.2108	0.4307
000355	I	0.750487	0.356069	0.488397	0.4651	0.4831	0.1940	0.0750	0.3747	0.1858	0.4226
000356	N	0.663110	0.369900	0.489655	0.4600	0.3948	0.2150	0.0700	0.3504	0.1581	0.4162
000357	Q	0.582031	0.379170	0.493328	0.3578	0.3321	0.2320	0.0850	0.3138	0.1399	0.4115
000358	I	0.492035	0.395194	0.491797	0.2558	0.2436	0.2330	0.0840	0.2699	0.1394	0.4094
000359	P	0.403888	0.400345	0.489280	0.2122	0.1399	0.2220	0.0620	0.2296	0.1502	0.4092
000360	E	0.327938	0.394463	0.481294	0.2432	0.2002	0.2710	0.0810	0.2395	0.1244	0.4082
000361	N	0.280002	0.362049	0.473231	0.1732	0.1449	0.3880	0.1670	0.2246	0.1410	0.4053
000362	L	0.258937	0.350973	0.470910	0.2122	0.1671	0.4700	0.2070	0.2431	0.1425	0.4041
000363	Q	0.255593	0.314314	0.471389	0.1495	0.1759	0.4870	0.1910	0.2304	0.1534	0.4028
000364	D	0.300071	0.288668	0.475169	0.1566	0.2002	0.3040	0.1240	0.2083	0.1278	0.4036
000365	T	0.374217	0.273025	0.478912	0.2333	0.2849	0.1890	0.0660	0.2258	0.1246	0.4016
000366	L	0.429476	0.265826	0.481476	0.3399	0.3599	0.1560	0.0510	0.2586	0.1331	0.4028
000367	I	0.450491	0.298168	0.482058	0.3578	0.3494	0.1420	0.0380	0.2663	0.1368	0.4021
000368	A	0.459871	0.340473	0.480194	0.3456	0.3529	0.1410	0.0310	0.2734	0.1360	0.3997
000369	V	0.459991	0.327966	0.477700	0.4379	0.4476	0.1560	0.0220	0.3050	0.1381	0.3991
000370	F	0.432834	0.372065	0.471066	0.4245	0.4119	0.1740	0.0350	0.3025	0.1250	0.3972
000371	S	0.382987	0.401567	0.460804	0.3992	0.3910	0.2270	0.0560	0.3004	0.1050	0.3948
000372	V	0.327726	0.431447	0.447700	0.4037	0.3529	0.3580	0.1120	0.3123	0.0865	0.3932
000373	S	0.271713	0.479789	0.430259	0.4600	0.3740	0.4220	0.1210	0.3346	0.0993	0.3947
000374	D	0.205641	0.524442	0.414844	0.4037	0.2951	0.4640	0.1450	0.3155	0.1264	0.4000
000375	P	0.154866	0.582051	0.397429	0.3146	0.2849	0.4830	0.1530	0.3032	0.1535	0.4042
000376	D	0.146228	0.637978	0.379180	0.2558	0.2064	0.5000	0.1680	0.2911	0.1831	0.4079
000377	S	0.154340	0.696894	0.361648	0.3146	0.2884	0.4960	0.2040	0.3250	0.1823	0.4089
000378	G	0.163104	0.683437	0.347215	0.2865	0.3740	0.5250	0.2150	0.3387	0.1772	0.4105
000379	D	0.165873	0.643575	0.333280	0.3263	0.4119	0.4810	0.1920	0.3381	0.1576	0.4128
000380	N	0.171715	0.586622	0.319473	0.3939	0.3948	0.4720	0.1670	0.3364	0.1384	0.4120
000381	G	0.170476	0.531277	0.307504	0.4879	0.5342	0.4260	0.1410	0.3583	0.1415	0.4151
000382	R	0.166336	0.435795	0.293007	0.3939	0.4330	0.3670	0.1630	0.2993	0.1063	0.4211
000383	M	0.156655	0.354828	0.285160	0.5008	0.3948	0.2860	0.1540	0.2821	0.1166	0.4323
000384	V	0.146986	0.290455	0.276274	0.4037	0.3249	0.2200	0.1150	0.2310	0.0926	0.4213
000385	C	0.131654	0.235310	0.265623	0.3096	0.3053	0.1620	0.0770	0.1907	0.0808	0.4099
000386	S	0.118607	0.201545	0.253868	0.2122	0.3087	0.1480	0.0690	0.1649	0.0760	0.4054
000387	I	0.100043	0.192528	0.243506	0.1805	0.2951	0.1370	0.0670	0.1509	0.0761	0.3982
000388	Q	0.084587	0.186743	0.232511	0.2122	0.2399	0.1020	0.0440	0.1376	0.0724	0.3913
000389	D	0.069022	0.181935	0.225366	0.2080	0.2609	0.0920	0.0300	0.1353	0.0792	0.3824
000390	D	0.058450	0.179880	0.219205	0.1349	0.2645	0.0820	0.0190	0.1199	0.0815	0.3747
000391	L	0.050479	0.180875	0.212667	0.1456	0.1611	0.0700	0.0190	0.1013	0.0681	0.3688
000392	P	0.044246	0.178922	0.207278	0.1416	0.1070	0.0570	0.0150	0.0882	0.0689	0.3652
000393	F	0.037783	0.181628	0.198536	0.0909	0.1115	0.0590	0.0190	0.0802	0.0678	0.3610
000394	F	0.032986	0.189398	0.189499	0.0744	0.0851	0.0700	0.0280	0.0753	0.0683	0.3670
000395	L	0.020754	0.202246	0.178075	0.1117	0.0870	0.0780	0.0320	0.0833	0.0682	0.3767
000396	K	0.008260	0.203384	0.167214	0.0965	0.0817	0.1010	0.0510	0.0818	0.0684	0.3874
000397	P	0.002073	0.206811	0.158384	0.0621	0.0817	0.1110	0.0580	0.0772	0.0712	0.3889
000398	S	0.001983	0.191800	0.149842	0.0660	0.1298	0.1220	0.0660	0.0853	0.0660	0.3930
000399	V	0.002416	0.178093	0.144194	0.0587	0.1070	0.0980	0.0420	0.0740	0.0616	0.3965
000400	E	0.019453	0.162507	0.140683	0.0526	0.0646	0.0830	0.0330	0.0636	0.0550	0.4017
000401	N	0.071659	0.153130	0.142317	0.0405	0.0676	0.0810	0.0360	0.0690	0.0473	0.4056
000402	F	0.124764	0.138165	0.142618	0.0414	0.1070	0.0840	0.0400	0.0825	0.0424	0.4055
000403	Y	0.167421	0.133101	0.140007	0.0350	0.1007	0.0760	0.0360	0.0854	0.0497	0.4099
000404	T	0.232556	0.118837	0.136122	0.0607	0.1759	0.0670	0.0270	0.1092	0.0641	0.4187
000405	L	0.273025	0.111188	0.131514	0.1117	0.2680	0.0670	0.0230	0.1385	0.0831	0.4227
000406	V	0.317980	0.109567	0.126435	0.1566	0.3356	0.0600	0.0210	0.1633	0.1070	0.4259
000407	I	0.335490	0.114045	0.121601	0.1635	0.3704	0.0760	0.0210	0.1765	0.1156	0.4305
000408	S	0.352575	0.153429	0.116362	0.1322	0.2609	0.0920	0.0250	0.1652	0.0942	0.4288
000409	T	0.377111	0.221081	0.113728	0.1416	0.2752	0.1450	0.0540	0.1933	0.0936	0.4260
000410	A	0.381321	0.277413	0.110129	0.1349	0.2541	0.2210	0.0870	0.2115	0.0924	0.4234
000411	L	0.380220	0.351504	0.108328	0.1266	0.2328	0.2840	0.0990	0.2292	0.1048	0.4206
000412	D	0.396953	0.425603	0.108902	0.0771	0.1501	0.3250	0.0990	0.2291	0.1413	0.4112
000413	R	0.383451	0.499922	0.113448	0.1292	0.2436	0.3810	0.0960	0.2729	0.1428	0.3998
000414	E	0.370700	0.498509	0.115388	0.1150	0.2575	0.3000	0.0790	0.2570	0.1374	0.3912
000415	T	0.351576	0.493625	0.116821	0.1178	0.2575	0.2180	0.0530	0.2398	0.1340	0.3841
000416	R	0.359801	0.473248	0.124270	0.1322	0.3392	0.1680	0.0420	0.2454	0.1337	0.3777
000417	S	0.374265	0.456895	0.129927	0.1805	0.2951	0.1460	0.0370	0.2421	0.1238	0.3739
000418	E	0.354995	0.395230	0.130777	0.2657	0.3740	0.1610	0.0450	0.2584	0.1059	0.3754
000419	Y	0.321985	0.344575	0.130473	0.1844	0.3807	0.1570	0.0600	0.2314	0.1011	0.3756
000420	N	0.324614	0.300521	0.127891	0.1921	0.4087	0.1210	0.0530	0.2245	0.1086	0.3684
000421	I	0.286073	0.260118	0.125308	0.2167	0.4369	0.1150	0.0470	0.2192	0.1104	0.3624
000422	T	0.288877	0.220084	0.124358	0.3359	0.4292	0.1060	0.0430	0.2301	0.1161	0.3578
000423	I	0.314700	0.179163	0.120249	0.3263	0.4087	0.1050	0.0410	0.2223	0.1156	0.3612
000424	T	0.336680	0.167613	0.116235	0.2700	0.4119	0.0970	0.0390	0.2139	0.1174	0.3631
000425	V	0.316320	0.173917	0.113010	0.2385	0.4087	0.1070	0.0410	0.2075	0.1106	0.3662
000426	T	0.290589	0.189520	0.110917	0.2385	0.4051	0.1130	0.0430	0.2061	0.1047	0.3703
000427	D	0.272987	0.214258	0.107905	0.2558	0.4186	0.1410	0.0560	0.2172	0.1024	0.3766
000428	F	0.253840	0.252692	0.104224	0.2602	0.3392	0.1550	0.0500	0.2102	0.0786	0.3808
000429	G	0.202478	0.318450	0.104043	0.2483	0.3215	0.1640	0.0540	0.2091	0.0809	0.3805
000430	T	0.188824	0.351884	0.102379	0.2432	0.3392	0.1890	0.0690	0.2187	0.0896	0.3804
000431	P	0.155604	0.411173	0.099575	0.2385	0.2575	0.1850	0.0630	0.2080	0.0997	0.3858
000432	R	0.123543	0.440725	0.093819	0.2602	0.2817	0.1990	0.0550	0.2176	0.1156	0.3924
000433	L	0.097172	0.425267	0.090794	0.1998	0.2752	0.1780	0.0420	0.1959	0.1155	0.4011
000434	K	0.113140	0.385086	0.092038	0.2292	0.3667	0.1360	0.0410	0.2050	0.1191	0.4060
000435	T	0.159794	0.386216	0.093789	0.2292	0.3053	0.1210	0.0410	0.2002	0.1047	0.4130
000436	E	0.205158	0.344860	0.093479	0.3005	0.3774	0.1260	0.0430	0.2257	0.1084	0.4214
000437	H	0.265050	0.298129	0.091103	0.2432	0.3872	0.1370	0.0540	0.2218	0.0998	0.4285
000438	N	0.312165	0.265774	0.087685	0.2385	0.3840	0.1260	0.0520	0.2211	0.1032	0.4334
000439	I	0.320741	0.248186	0.085190	0.3311	0.4619	0.1220	0.0550	0.2473	0.1294	0.4284
000440	T	0.323664	0.228311	0.080853	0.3311	0.4940	0.1070	0.0470	0.2474	0.1422	0.4224
000441	V	0.336839	0.215752	0.077021	0.3096	0.4619	0.1120	0.0390	0.2394	0.1336	0.4148
000442	L	0.350152	0.235085	0.071065	0.3053	0.3215	0.0990	0.0250	0.2185	0.1094	0.4115
000443	V	0.332693	0.257721	0.065515	0.2786	0.3286	0.0970	0.0300	0.2159	0.1070	0.4107
000444	S	0.286717	0.260509	0.058068	0.2558	0.4149	0.0970	0.0330	0.2192	0.1202	0.4135
000445	D	0.243711	0.291932	0.053374	0.2657	0.4292	0.1280	0.0450	0.2263	0.1204	0.4146
000446	V	0.185991	0.321826	0.052226	0.2865	0.4220	0.1560	0.0630	0.2287	0.1209	0.4166
000447	N	0.136733	0.346583	0.050390	0.2700	0.3215	0.1760	0.0870	0.2085	0.1055	0.4203
000448	D	0.121862	0.386531	0.050679	0.2748	0.3286	0.1870	0.0900	0.2165	0.1170	0.4211
000449	N	0.103121	0.437628	0.057146	0.2080	0.2399	0.1590	0.0650	0.1913	0.1225	0.4208
000450	A	0.084007	0.421120	0.061481	0.2820	0.2164	0.1550	0.0860	0.1931	0.1232	0.4184
000451	P	0.062885	0.404035	0.065451	0.2255	0.1611	0.1340	0.0760	0.1646	0.1170	0.4139
000452	A	0.070924	0.368305	0.071494	0.2122	0.2129	0.1150	0.0600	0.1632	0.1050	0.4090
000453	F	0.080146	0.333768	0.074231	0.2292	0.3019	0.0960	0.0450	0.1735	0.1079	0.4044
000454	T	0.094656	0.289735	0.078429	0.2963	0.3740	0.0880	0.0430	0.1904	0.1205	0.4025
000455	Q	0.101360	0.264787	0.079860	0.3184	0.3910	0.0950	0.0400	0.1951	0.1228	0.3994
000456	T	0.109456	0.254972	0.083053	0.3184	0.3740	0.1020	0.0410	0.1931	0.1153	0.3975
000457	S	0.114170	0.238898	0.082526	0.3885	0.4652	0.1000	0.0370	0.2178	0.1493	0.3964
000458	Y	0.110799	0.226629	0.082245	0.3806	0.4220	0.0980	0.0260	0.2063	0.1376	0.3952
000459	T	0.097820	0.247645	0.088435	0.4116	0.3356	0.1020	0.0310	0.1991	0.1279	0.3970
000460	L	0.102294	0.254796	0.095022	0.3762	0.3215	0.1180	0.0380	0.1955	0.1131	0.3984
000461	F	0.103574	0.281561	0.102533	0.3399	0.2680	0.1500	0.0430	0.1905	0.0945	0.4003
000462	V	0.104552	0.327117	0.110402	0.3146	0.2364	0.1690	0.0590	0.1919	0.0914	0.4049
000463	R	0.100410	0.354690	0.119037	0.2748	0.2645	0.1890	0.0690	0.1973	0.0921	0.4097
000464	E	0.099169	0.376296	0.129761	0.3630	0.3087	0.2080	0.0770	0.2258	0.1110	0.4131
000465	N	0.115071	0.395583	0.136793	0.3630	0.2988	0.2430	0.0820	0.2359	0.1081	0.4135
000466	N	0.128226	0.407430	0.148965	0.2913	0.2609	0.2490	0.0890	0.2228	0.0960	0.4147
000467	S	0.148308	0.412962	0.165614	0.2913	0.2609	0.2340	0.0920	0.2246	0.0919	0.4142
000468	P	0.208078	0.428277	0.186742	0.2700	0.2783	0.2140	0.0960	0.2331	0.0863	0.4139
000469	A	0.260744	0.441311	0.209262	0.3311	0.3529	0.2520	0.1030	0.2730	0.0844	0.4143
000470	L	0.342256	0.440692	0.229170	0.3535	0.3631	0.2640	0.1080	0.2940	0.0788	0.4133
000471	H	0.428182	0.451127	0.247823	0.4245	0.4330	0.2820	0.1020	0.3365	0.0908	0.4152
000472	I	0.514173	0.461206	0.267835	0.5173	0.5493	0.3540	0.1300	0.3993	0.1101	0.4177
000473	G	0.606640	0.473028	0.283393	0.5623	0.6375	0.3330	0.1300	0.4354	0.1422	0.4211
000474	S	0.674036	0.488577	0.295761	0.5623	0.6576	0.3280	0.1260	0.4518	0.1555	0.4236
000475	V	0.722621	0.515669	0.306973	0.5412	0.5854	0.3580	0.1360	0.4538	0.1483	0.4246
000476	S	0.759317	0.554803	0.319377	0.5412	0.5854	0.3770	0.1200	0.4696	0.1532	0.4259
000477	A	0.788962	0.562983	0.331894	0.5126	0.4940	0.4180	0.1230	0.4628	0.1522	0.4270
000478	T	0.811731	0.610437	0.344707	0.5374	0.5055	0.4680	0.1140	0.4888	0.1543	0.4289
000479	D	0.809403	0.630601	0.354571	0.4556	0.3910	0.5480	0.1330	0.4724	0.1659	0.4310
000480	R	0.808771	0.643402	0.360079	0.4879	0.4186	0.5800	0.1450	0.4897	0.1609	0.4336
000481	D	0.811143	0.634451	0.363228	0.4825	0.4149	0.5530	0.1350	0.4827	0.1606	0.4300
000482	S	0.814825	0.641851	0.365952	0.4825	0.3392	0.4920	0.1370	0.4617	0.1745	0.4272
000483	G	0.806485	0.618223	0.366359	0.4781	0.4541	0.4450	0.1480	0.4670	0.1576	0.4262
000484	T	0.836837	0.574484	0.370246	0.4037	0.4864	0.4370	0.1540	0.4563	0.1684	0.4260
000485	N	0.864001	0.546069	0.375343	0.4379	0.4979	0.4200	0.1650	0.4610	0.1735	0.4266
000486	A	0.873345	0.507884	0.385020	0.5253	0.5901	0.4000	0.1740	0.4828	0.1746	0.4276
000487	Q	0.889999	0.462949	0.392238	0.5412	0.6375	0.4070	0.1930	0.4897	0.1834	0.4299
000488	V	0.907105	0.406470	0.397342	0.5802	0.6806	0.4200	0.1950	0.4990	0.1964	0.4325
000489	T	0.912973	0.408668	0.404098	0.6174	0.5707	0.4210	0.1920	0.4885	0.1921	0.4315
000490	Y	0.916281	0.413647	0.405435	0.5992	0.5951	0.4400	0.1830	0.4940	0.1901	0.4262
000491	S	0.914530	0.417024	0.404087	0.5126	0.5055	0.4250	0.1950	0.4625	0.1895	0.4199
000492	L	0.933891	0.453045	0.404659	0.5331	0.4619	0.4480	0.1900	0.4716	0.1928	0.4107
000493	L	0.942779	0.474317	0.402317	0.4556	0.4619	0.4180	0.1630	0.4587	0.1998	0.4020
000494	P	0.956623	0.497948	0.397930	0.4203	0.3840	0.3910	0.1140	0.4416	0.2147	0.3949
000495	P	0.959780	0.522935	0.393787	0.4245	0.3215	0.4150	0.1320	0.4406	0.2212	0.3869
000496	Q	0.954331	0.551785	0.392113	0.3311	0.3053	0.3880	0.1420	0.4218	0.2325	0.3806
000497	D	0.946551	0.529268	0.382468	0.2865	0.2503	0.3840	0.1380	0.3995	0.2421	0.3751
000498	P	0.931231	0.525509	0.368512	0.2657	0.2503	0.3040	0.1140	0.3794	0.2454	0.3721
000499	H	0.927759	0.509248	0.353698	0.2122	0.2849	0.2330	0.0920	0.3612	0.2541	0.3716
000500	L	0.926231	0.451606	0.335692	0.2209	0.2918	0.1830	0.0740	0.3455	0.2561	0.3729
000501	P	0.890643	0.391034	0.317755	0.2531	0.3840	0.1480	0.0550	0.3444	0.2415	0.3758
000502	L	0.785315	0.368809	0.301566	0.2700	0.3872	0.1360	0.0420	0.3246	0.2070	0.3802
000503	A	0.686643	0.334571	0.282051	0.3456	0.4685	0.1140	0.0330	0.3249	0.1818	0.3878
000504	S	0.582561	0.308540	0.268196	0.4203	0.4725	0.1120	0.0370	0.3160	0.1582	0.3942
000505	L	0.478059	0.301741	0.257283	0.3806	0.3356	0.1180	0.0380	0.2690	0.1187	0.3985
000506	V	0.377022	0.311281	0.247403	0.2602	0.2817	0.1150	0.0390	0.2242	0.0895	0.4074
000507	S	0.284651	0.306554	0.233872	0.1602	0.1969	0.1110	0.0320	0.1766	0.0783	0.4175
000508	I	0.179407	0.315381	0.219049	0.1292	0.1942	0.1130	0.0290	0.1551	0.0757	0.4264
000509	N	0.075019	0.322060	0.201388	0.0643	0.1643	0.1030	0.0200	0.1215	0.0951	0.4311
000510	A	0.018165	0.308147	0.184498	0.0723	0.1070	0.1070	0.0190	0.1021	0.0976	0.4336
000511	D	0.024530	0.300083	0.172413	0.1150	0.1759	0.0990	0.0170	0.1190	0.0897	0.4322
000512	N	0.031052	0.292780	0.165637	0.0514	0.0948	0.0930	0.0150	0.0939	0.0917	0.4299
000513	G	0.042506	0.262754	0.160217	0.0991	0.1583	0.0880	0.0200	0.1085	0.0751	0.4248
000514	H	0.050812	0.239826	0.156734	0.0660	0.1554	0.0810	0.0230	0.0988	0.0709	0.4146
000515	L	0.052928	0.232825	0.152906	0.0771	0.1070	0.0760	0.0220	0.0910	0.0659	0.4087
000516	F	0.062915	0.218836	0.147231	0.1018	0.1671	0.0790	0.0200	0.1049	0.0593	0.4067
000517	A	0.063958	0.211254	0.139400	0.0858	0.1942	0.0900	0.0310	0.1075	0.0605	0.4035
000518	L	0.068682	0.218519	0.131982	0.0935	0.1162	0.0940	0.0320	0.0984	0.0529	0.4005
000519	Q	0.062113	0.231756	0.129974	0.1322	0.1969	0.1020	0.0380	0.1209	0.0606	0.4042
000520	S	0.058784	0.234998	0.128411	0.0621	0.1048	0.0980	0.0340	0.0931	0.0628	0.4097
000521	L	0.057107	0.240941	0.127387	0.0909	0.1229	0.0980	0.0360	0.1017	0.0614	0.4179
000522	D	0.053297	0.246454	0.128034	0.0395	0.0780	0.0960	0.0400	0.0856	0.0719	0.4314
000523	Y	0.062578	0.240318	0.128369	0.0363	0.0719	0.0890	0.0360	0.0833	0.0701	0.4152
000524	E	0.073963	0.231583	0.131369	0.0212	0.0605	0.0620	0.0150	0.0749	0.0719	0.3923
000525	A	0.080260	0.227905	0.136458	0.0226	0.0494	0.0640	0.0160	0.0741	0.0718	0.3638
000526	L	0.096949	0.210837	0.138374	0.0308	0.0851	0.0800	0.0240	0.0840	0.0606	0.3399
000527	Q	0.111197	0.195130	0.137345	0.0455	0.1501	0.0910	0.0290	0.0989	0.0523	0.3224
000528	A	0.129025	0.188407	0.136759	0.0587	0.1759	0.0940	0.0260	0.1076	0.0502	0.3067
000529	F	0.147227	0.188098	0.141074	0.0935	0.2436	0.0890	0.0220	0.1270	0.0584	0.2938
000530	E	0.170871	0.201437	0.139002	0.0832	0.2645	0.0870	0.0240	0.1345	0.0679	0.2868
000531	F	0.179431	0.224891	0.141162	0.0813	0.2399	0.1140	0.0290	0.1399	0.0618	0.2775
000532	R	0.193938	0.253298	0.144542	0.1667	0.2436	0.1460	0.0500	0.1673	0.0498	0.2714
000533	V	0.216010	0.289309	0.147389	0.1240	0.2224	0.1910	0.0750	0.1738	0.0591	0.2690
000534	G	0.230745	0.315721	0.151977	0.1205	0.3019	0.2160	0.0790	0.1975	0.0756	0.2734
000535	A	0.242072	0.385425	0.161326	0.1041	0.3019	0.2760	0.1120	0.2183	0.0959	0.2789
000536	A	0.256422	0.450316	0.170779	0.1292	0.2988	0.3080	0.1150	0.2404	0.1076	0.2892
000537	D	0.255060	0.507062	0.183324	0.2255	0.2988	0.3330	0.1020	0.2699	0.1086	0.2986
000538	R	0.279968	0.567274	0.198181	0.1766	0.2258	0.3850	0.0950	0.2725	0.1394	0.3035
000539	G	0.317579	0.587949	0.211627	0.1416	0.2503	0.3850	0.0870	0.2804	0.1482	0.3095
000540	S	0.363168	0.605500	0.222082	0.1766	0.2951	0.3780	0.0930	0.3031	0.1434	0.3146
000541	P	0.373659	0.592746	0.235244	0.1602	0.2002	0.3590	0.0910	0.2810	0.1501	0.3185
000542	A	0.380146	0.582869	0.246230	0.1958	0.2470	0.3330	0.0910	0.2898	0.1345	0.3221
000543	L	0.390767	0.542742	0.253371	0.1456	0.1791	0.2630	0.0530	0.2535	0.1413	0.3263
000544	S	0.403597	0.510882	0.266029	0.1532	0.2503	0.1720	0.0480	0.2483	0.1343	0.3288
000545	S	0.437456	0.464504	0.276743	0.0991	0.2224	0.1360	0.0380	0.2266	0.1461	0.3328
000546	E	0.488609	0.396856	0.283746	0.1349	0.2645	0.1250	0.0370	0.2350	0.1389	0.3363
000547	A	0.519106	0.335311	0.288240	0.1349	0.3087	0.1110	0.0280	0.2348	0.1441	0.3340
000548	L	0.476799	0.273283	0.297144	0.1266	0.3053	0.0990	0.0220	0.2135	0.1347	0.3376
000549	V	0.436088	0.245712	0.309700	0.1495	0.3053	0.0880	0.0170	0.2042	0.1247	0.3404
000550	R	0.414831	0.220649	0.320400	0.1495	0.3356	0.0810	0.0200	0.2002	0.1266	0.3422
000551	V	0.384339	0.200955	0.324202	0.1566	0.2399	0.0830	0.0190	0.1774	0.1141	0.3474
000552	L	0.356751	0.216079	0.324316	0.1456	0.1554	0.0890	0.0170	0.1604	0.1110	0.3552
000553	V	0.316663	0.230844	0.323208	0.1117	0.1229	0.0970	0.0200	0.1464	0.1092	0.3619
000554	L	0.251208	0.279059	0.320711	0.1322	0.1184	0.1130	0.0240	0.1490	0.0994	0.3721
000555	D	0.182798	0.292852	0.317520	0.0884	0.1424	0.1310	0.0300	0.1395	0.0998	0.3835
000556	A	0.110209	0.295002	0.312904	0.0542	0.0948	0.1450	0.0350	0.1165	0.1123	0.3908
000557	N	0.089852	0.310495	0.307979	0.0554	0.0888	0.1590	0.0460	0.1172	0.1161	0.4014
000558	D	0.075819	0.315440	0.305620	0.0414	0.1162	0.1620	0.0520	0.1185	0.1179	0.4139
000559	N	0.084823	0.312076	0.305833	0.0723	0.1731	0.1670	0.0520	0.1349	0.1077	0.4180
000560	S	0.082294	0.299081	0.304593	0.1178	0.2292	0.1700	0.0520	0.1497	0.0988	0.4242
000561	P	0.085872	0.279106	0.308882	0.1178	0.2034	0.1670	0.0460	0.1422	0.0954	0.4295
000562	F	0.134515	0.261583	0.313179	0.1667	0.2988	0.1750	0.0520	0.1727	0.0866	0.4298
000563	V	0.168721	0.246965	0.318263	0.1921	0.3019	0.1560	0.0520	0.1776	0.0825	0.4271
000564	L	0.194251	0.250424	0.322093	0.2786	0.3704	0.1500	0.0570	0.2072	0.0915	0.4253
000565	Y	0.215770	0.253517	0.325889	0.2865	0.4619	0.1740	0.0760	0.2320	0.1070	0.4181
000566	P	0.241927	0.263866	0.324380	0.2700	0.3704	0.1920	0.0750	0.2230	0.0788	0.4096
000567	L	0.257314	0.272162	0.319315	0.3225	0.3321	0.2220	0.0690	0.2343	0.0667	0.4031
000568	Q	0.238830	0.284351	0.308853	0.2531	0.3494	0.1890	0.0750	0.2191	0.0728	0.3931
000569	N	0.318895	0.281014	0.296676	0.1805	0.3321	0.1870	0.0790	0.2166	0.0781	0.3860
000570	G	0.400008	0.293369	0.287549	0.1998	0.2918	0.2110	0.0650	0.2326	0.0815	0.3821
000571	S	0.452992	0.311382	0.280979	0.1921	0.2645	0.2520	0.0780	0.2454	0.0930	0.3783
000572	A	0.520241	0.314857	0.270502	0.1456	0.2503	0.2820	0.0780	0.2521	0.1214	0.3753
000573	P	0.585672	0.328968	0.260154	0.1878	0.3840	0.2740	0.0790	0.2934	0.1339	0.3770
000574	C	0.655277	0.343899	0.250850	0.2657	0.4441	0.2440	0.0860	0.3255	0.1522	0.3787
000575	T	0.720154	0.345485	0.237842	0.3630	0.4292	0.2220	0.0810	0.3466	0.1703	0.3786
000576	E	0.781943	0.349812	0.225115	0.4379	0.4369	0.2450	0.0730	0.3753	0.1885	0.3803
000577	L	0.847288	0.356561	0.214582	0.3311	0.3356	0.2900	0.0860	0.3601	0.2101	0.3834
000578	V	0.822359	0.349293	0.209225	0.3399	0.4220	0.2390	0.0640	0.3621	0.2060	0.3819
000579	P	0.787790	0.321683	0.200668	0.2700	0.4087	0.1770	0.0510	0.3275	0.2084	0.3812
000580	R	0.727969	0.314197	0.188979	0.2602	0.3286	0.1890	0.0590	0.3032	0.1867	0.3761
000581	A	0.702507	0.313564	0.178455	0.2558	0.2609	0.1990	0.0630	0.2885	0.1798	0.3731
000582	A	0.687606	0.296188	0.169979	0.1998	0.2328	0.1940	0.0580	0.2684	0.1816	0.3713
000583	E	0.654694	0.278153	0.165131	0.1878	0.1969	0.1530	0.0410	0.2450	0.1777	0.3714
000584	P	0.638572	0.267842	0.160315	0.1416	0.1823	0.1240	0.0330	0.2256	0.1807	0.3697
000585	G	0.640421	0.230294	0.154195	0.1456	0.2470	0.0970	0.0220	0.2268	0.1826	0.3701
000586	Y	0.640896	0.192836	0.148978	0.1602	0.2575	0.0730	0.0150	0.2207	0.1868	0.3722
000587	L	0.647802	0.174330	0.143390	0.1416	0.2328	0.0610	0.0170	0.2096	0.1936	0.3752
000588	V	0.654708	0.162746	0.137343	0.2122	0.3087	0.0550	0.0200	0.2322	0.1958	0.3732
000589	T	0.614332	0.154668	0.130718	0.2657	0.3807	0.0570	0.0230	0.2454	0.1879	0.3741
000590	K	0.536566	0.164297	0.124234	0.2385	0.3631	0.0640	0.0250	0.2277	0.1610	0.3719
000591	V	0.456994	0.181423	0.115373	0.2531	0.3321	0.0710	0.0300	0.2158	0.1324	0.3716
000592	V	0.393063	0.214896	0.107166	0.2865	0.2609	0.0870	0.0460	0.2071	0.1066	0.3696
000593	A	0.313567	0.267872	0.096836	0.2865	0.2094	0.1080	0.0560	0.1976	0.0862	0.3719
000594	V	0.227355	0.309968	0.085754	0.1958	0.1881	0.1610	0.0580	0.1805	0.0690	0.3750
000595	D	0.149675	0.340671	0.075946	0.1205	0.0985	0.1800	0.0510	0.1481	0.0880	0.3771
000596	G	0.077889	0.380406	0.065408	0.1178	0.1028	0.1960	0.0450	0.1459	0.1090	0.3771
000597	D	0.006279	0.408911	0.055970	0.1150	0.1028	0.1830	0.0600	0.1360	0.1300	0.3759
000598	S	0.002974	0.399392	0.050300	0.1766	0.0985	0.1390	0.0610	0.1361	0.1275	0.3764
000599	G	0.004088	0.387968	0.046205	0.1602	0.1399	0.1040	0.0320	0.1327	0.1230	0.3855
000600	Q	0.008835	0.362278	0.043901	0.1018	0.1092	0.1060	0.0210	0.1147	0.1139	0.3949
000601	N	0.019088	0.319302	0.039957	0.1041	0.1162	0.1150	0.0220	0.1123	0.0973	0.4105
000602	A	0.022978	0.275237	0.035380	0.1205	0.1823	0.1250	0.0330	0.1210	0.0861	0.4277
000603	W	0.022695	0.220121	0.032077	0.1602	0.2752	0.1310	0.0430	0.1349	0.0920	0.4247
000604	L	0.022615	0.183039	0.029375	0.1921	0.3019	0.1070	0.0350	0.1344	0.0984	0.4216
000605	S	0.022609	0.161074	0.027838	0.2865	0.2849	0.1130	0.0450	0.1448	0.1077	0.4247
000606	Y	0.022352	0.153182	0.027565	0.2748	0.1528	0.1030	0.0460	0.1177	0.0862	0.4208
000607	Q	0.021888	0.153606	0.026656	0.2041	0.1528	0.0870	0.0370	0.1033	0.0682	0.4108
000608	L	0.020033	0.151597	0.025724	0.1266	0.0929	0.0840	0.0370	0.0792	0.0484	0.3968
000609	L	0.014877	0.180529	0.025643	0.1322	0.0483	0.0790	0.0350	0.0758	0.0594	0.3866
000610	K	0.004649	0.206755	0.025562	0.0935	0.0398	0.0840	0.0330	0.0715	0.0665	0.3789
000611	A	0.000574	0.206287	0.023921	0.0502	0.0380	0.1010	0.0410	0.0660	0.0683	0.3676
000612	T	0.000576	0.213621	0.027422	0.0414	0.0380	0.0870	0.0310	0.0635	0.0701	0.3581
000613	E	0.001693	0.219366	0.032533	0.0502	0.0463	0.0730	0.0250	0.0651	0.0701	0.3526
000614	P	0.002808	0.191363	0.038785	0.0858	0.0967	0.0660	0.0180	0.0738	0.0589	0.3448
000615	G	0.004669	0.165571	0.047284	0.1349	0.1028	0.0660	0.0190	0.0790	0.0546	0.3335
000616	L	0.009685	0.162309	0.055422	0.1380	0.1028	0.0610	0.0120	0.0789	0.0528	0.3181
000617	F	0.015388	0.144707	0.064416	0.1532	0.1759	0.0570	0.0100	0.0911	0.0599	0.3152
000618	G	0.019398	0.135358	0.076928	0.1349	0.1424	0.0590	0.0130	0.0818	0.0480	0.3234
000619	V	0.028127	0.136931	0.091568	0.2080	0.2094	0.0810	0.0150	0.1106	0.0683	0.3312
000620	W	0.036707	0.138738	0.105153	0.2657	0.2129	0.1050	0.0270	0.1265	0.0774	0.3397
000621	A	0.054979	0.150316	0.117222	0.2657	0.1449	0.1310	0.0400	0.1246	0.0658	0.3551
000622	H	0.077510	0.175073	0.130144	0.2292	0.1702	0.1570	0.0500	0.1349	0.0509	0.3725
000623	N	0.101384	0.204775	0.148605	0.1698	0.1791	0.1810	0.0610	0.1393	0.0409	0.3989
000624	G	0.132137	0.225695	0.166054	0.1635	0.1611	0.1700	0.0530	0.1421	0.0393	0.4238
000625	E	0.221553	0.248445	0.183105	0.1456	0.1476	0.1870	0.0750	0.1583	0.0480	0.4170
000626	V	0.311232	0.290123	0.207442	0.1456	0.1251	0.2030	0.0880	0.1791	0.0766	0.3965
000627	R	0.407257	0.320971	0.231357	0.2080	0.1643	0.1930	0.0750	0.2157	0.0924	0.3770
000628	T	0.498010	0.335681	0.253991	0.2700	0.2817	0.2060	0.0700	0.2653	0.1025	0.3686
000629	A	0.589017	0.355282	0.274563	0.2385	0.2849	0.2140	0.0640	0.2803	0.1336	0.3658
000630	R	0.670138	0.373630	0.293613	0.3053	0.3566	0.2380	0.0620	0.3240	0.1483	0.3596
000631	L	0.745174	0.377680	0.310162	0.4037	0.3774	0.2650	0.0680	0.3614	0.1641	0.3561
000632	L	0.828073	0.415703	0.327923	0.4282	0.3426	0.2530	0.0670	0.3780	0.1940	0.3551
000633	R	0.906440	0.454340	0.337350	0.3535	0.2715	0.2270	0.0570	0.3689	0.2334	0.3501
000634	E	0.922143	0.472379	0.348470	0.2913	0.1791	0.2410	0.0700	0.3510	0.2537	0.3503
000635	R	0.936896	0.487196	0.360549	0.2292	0.1229	0.2820	0.0910	0.3430	0.2705	0.3527
000636	D	0.947021	0.476541	0.371505	0.1667	0.1137	0.3030	0.0850	0.3344	0.2813	0.3572
000637	A	0.945353	0.422592	0.377691	0.1805	0.1791	0.3130	0.0910	0.3401	0.2667	0.3585
000638	A	0.947506	0.399738	0.384481	0.1921	0.1942	0.2850	0.1010	0.3365	0.2656	0.3599
000639	K	0.952357	0.359098	0.388400	0.1998	0.1852	0.2710	0.1170	0.3279	0.2691	0.3582
000640	Q	0.957837	0.318056	0.388359	0.2333	0.2292	0.2370	0.1180	0.3293	0.2666	0.3572
000641	R	0.956271	0.288345	0.388981	0.2432	0.2645	0.1970	0.0880	0.3248	0.2680	0.3603
000642	L	0.941384	0.242750	0.390967	0.3146	0.3774	0.1630	0.0560	0.3399	0.2605	0.3676
000643	V	0.918759	0.208532	0.388701	0.4203	0.4619	0.1420	0.0450	0.3586	0.2578	0.3763
000644	V	0.896136	0.206740	0.387932	0.4556	0.4582	0.1370	0.0440	0.3590	0.2520	0.3853
000645	L	0.873218	0.245423	0.387288	0.4420	0.4087	0.1400	0.0450	0.3516	0.2383	0.3928
000646	V	0.847688	0.325548	0.383013	0.4458	0.4186	0.1560	0.0490	0.3656	0.2189	0.3921
000647	K	0.801192	0.403880	0.381272	0.4116	0.3667	0.1760	0.0580	0.3598	0.1974	0.3911
000648	D	0.737216	0.477251	0.378008	0.4333	0.4087	0.2060	0.0630	0.3771	0.1699	0.3906
000649	N	0.673241	0.540593	0.374275	0.4282	0.3599	0.2370	0.0770	0.3732	0.1526	0.3883
000650	G	0.601337	0.556866	0.369878	0.4245	0.3631	0.2430	0.0730	0.3648	0.1362	0.3863
000651	E	0.539738	0.521572	0.369409	0.3359	0.2884	0.2120	0.0650	0.3162	0.1336	0.3885
000652	P	0.519578	0.539555	0.371012	0.3535	0.2129	0.1900	0.0500	0.3026	0.1479	0.3872
000653	P	0.507837	0.535361	0.371619	0.3578	0.2193	0.1850	0.0380	0.3008	0.1451	0.3799
000654	R	0.452131	0.508714	0.365942	0.3399	0.2224	0.1790	0.0410	0.2837	0.1314	0.3698
000655	S	0.412486	0.476130	0.360537	0.3184	0.3053	0.1490	0.0340	0.2768	0.1184	0.3600
000656	A	0.391684	0.443159	0.353721	0.3096	0.3872	0.1190	0.0260	0.2752	0.1197	0.3520
000657	T	0.396563	0.388037	0.337280	0.3885	0.3460	0.1180	0.0280	0.2729	0.1120	0.3490
000658	A	0.367534	0.334998	0.319008	0.3847	0.3426	0.1220	0.0320	0.2586	0.1024	0.3382
000659	T	0.335580	0.280865	0.300459	0.2700	0.3286	0.1120	0.0280	0.2212	0.0901	0.3277
000660	L	0.301718	0.227864	0.285370	0.2602	0.3460	0.0910	0.0150	0.2045	0.0936	0.3137
000661	H	0.234544	0.183869	0.271489	0.2602	0.2609	0.0790	0.0110	0.1697	0.0812	0.3013
000662	V	0.159041	0.162721	0.258552	0.2913	0.1702	0.0880	0.0160	0.1451	0.0803	0.2774
000663	L	0.132028	0.149494	0.244566	0.1766	0.0909	0.1160	0.0320	0.1108	0.0640	0.2553
000664	L	0.103964	0.146592	0.239512	0.0909	0.0443	0.1490	0.0460	0.0891	0.0727	0.2321
000665	V	0.073946	0.150336	0.233162	0.0526	0.0543	0.1870	0.0590	0.0863	0.0797	0.2091
000666	D	0.038670	0.155621	0.225855	0.0279	0.0605	0.2590	0.1060	0.0903	0.0988	0.1939
000667	G	0.044472	0.161076	0.221224	0.0414	0.0605	0.3120	0.1260	0.1033	0.1081	0.1768
000668	F	0.072338	0.173645	0.218431	0.0464	0.0454	0.3570	0.1370	0.1158	0.1182	0.1576
000669	S	0.110146	0.173287	0.215639	0.0414	0.0690	0.2500	0.0700	0.1073	0.0839	0.1445
000670	Q	0.164955	0.173714	0.214897	0.0297	0.0518	0.1820	0.0430	0.1003	0.0782	0.1333
000671	P	0.233996	0.183326	0.216499	0.0621	0.0888	0.1470	0.0430	0.1192	0.0727	0.1241
000672	Y	0.304952	0.191811	0.216590	0.0405	0.0719	0.1430	0.0500	0.1254	0.0961	0.1101
000673	L	0.364221	0.203199	0.216660	0.0621	0.1115	0.1610	0.0500	0.1504	0.1019	0.0980
000674	L	0.405344	0.250069	0.218578	0.0723	0.1399	0.1840	0.0560	0.1754	0.1098	0.0862
000675	L	0.498980	0.306218	0.218232	0.1178	0.2193	0.1760	0.0450	0.2198	0.1276	0.0765
000676	P	0.574167	0.344236	0.215788	0.1292	0.2034	0.1880	0.0480	0.2399	0.1525	0.0719
000677	E	0.608845	0.378932	0.213891	0.1322	0.1251	0.2410	0.0750	0.2477	0.1718	0.0637
000678	A	0.589493	0.413920	0.212225	0.0587	0.1298	0.2820	0.0810	0.2457	0.1814	0.0561
000679	A	0.568976	0.421491	0.209397	0.0514	0.1643	0.2820	0.0720	0.2480	0.1739	0.0517
000680	P	0.541861	0.426288	0.204152	0.0490	0.1048	0.2880	0.0880	0.2351	0.1761	0.0473
000681	A	0.530380	0.427535	0.197803	0.0245	0.0618	0.3290	0.1130	0.2289	0.1875	0.0415
000682	Q	0.530499	0.409609	0.187898	0.0084	0.0334	0.3330	0.0990	0.2192	0.1941	0.0378
000683	A	0.522426	0.379352	0.177395	0.0069	0.0380	0.2700	0.0710	0.2027	0.1844	0.0359
000684	Q	0.465702	0.333955	0.166849	0.0061	0.0531	0.2120	0.0580	0.1784	0.1599	0.0347
000685	A	0.403525	0.263333	0.157764	0.0053	0.0531	0.1930	0.0610	0.1530	0.1344	0.0336
000686	D	0.386180	0.192027	0.149737	0.0070	0.0734	0.1780	0.0550	0.1394	0.1205	0.0327
000687	L	0.398663	0.135970	0.143483	0.0015	0.0592	0.1620	0.0570	0.1263	0.1265	0.0291
000688	L	0.377132	0.095363	0.139901	0.0008	0.0341	0.1410	0.0510	0.1080	0.1236	0.0271
000689	T	0.335125	0.069306	0.138434	0.0010	0.0405	0.1220	0.0460	0.0947	0.1102	0.0249
000690	V	0.271221	0.055742	0.138130	0.0008	0.0483	0.1200	0.0470	0.0827	0.0900	0.0219
000691	Y	0.207240	0.049381	0.136811	0.0007	0.0244	0.1350	0.0520	0.0695	0.0764	0.0200
000692	L	0.169606	0.054534	0.136914	0.0008	0.0160	0.1640	0.0600	0.0674	0.0728	0.0190
000693	V	0.122754	0.066348	0.137913	0.0005	0.0107	0.1860	0.0580	0.0644	0.0714	0.0173
000694	V	0.092631	0.074435	0.138509	0.0003	0.0081	0.1950	0.0410	0.0617	0.0723	0.0166
000695	A	0.044912	0.086416	0.140340	0.0002	0.0078	0.2040	0.0350	0.0572	0.0765	0.0163
000696	L	0.013343	0.099965	0.141855	0.0001	0.0070	0.2200	0.0430	0.0568	0.0850	0.0166
000697	A	0.000411	0.117932	0.147064	0.0001	0.0052	0.2400	0.0540	0.0607	0.0944	0.0168
000698	S	0.000254	0.137063	0.153199	0.0001	0.0053	0.2380	0.0560	0.0634	0.0960	0.0179
000699	V	0.000194	0.148578	0.158415	0.0001	0.0049	0.2200	0.0570	0.0623	0.0937	0.0191
000700	S	0.000236	0.154835	0.166338	0.0001	0.0039	0.1840	0.0460	0.0572	0.0884	0.0213
000701	S	0.000265	0.152529	0.176377	0.0001	0.0044	0.1570	0.0370	0.0524	0.0857	0.0238
000702	L	0.000280	0.132514	0.186247	0.0001	0.0046	0.1410	0.0350	0.0464	0.0836	0.0255
000703	F	0.000338	0.127594	0.196150	0.0001	0.0059	0.1200	0.0360	0.0423	0.0835	0.0277
000704	L	0.000533	0.109176	0.202370	0.0001	0.0056	0.1080	0.0320	0.0372	0.0828	0.0314
000705	F	0.000744	0.111173	0.206035	0.0002	0.0054	0.1020	0.0290	0.0367	0.0838	0.0351
000706	S	0.002103	0.109600	0.209751	0.0002	0.0059	0.0950	0.0270	0.0354	0.0843	0.0371
000707	V	0.003205	0.096131	0.213867	0.0002	0.0076	0.0990	0.0350	0.0343	0.0847	0.0388
000708	L	0.004109	0.084127	0.220246	0.0002	0.0083	0.1080	0.0440	0.0342	0.0869	0.0426
000709	L	0.005563	0.076114	0.226243	0.0002	0.0085	0.1200	0.0560	0.0351	0.0897	0.0457
000710	F	0.007034	0.078413	0.235572	0.0004	0.0096	0.1370	0.0740	0.0388	0.0943	0.0486
000711	V	0.009199	0.074132	0.248088	0.0004	0.0088	0.1180	0.0650	0.0351	0.0969	0.0503
000712	A	0.047709	0.093507	0.256583	0.0003	0.0089	0.1000	0.0480	0.0418	0.0958	0.0522
000713	V	0.068588	0.104124	0.269470	0.0005	0.0092	0.1030	0.0380	0.0475	0.0997	0.0560
000714	R	0.096090	0.129362	0.285262	0.0009	0.0151	0.1040	0.0410	0.0576	0.1046	0.0601
000715	L	0.124650	0.160168	0.305242	0.0010	0.0235	0.1160	0.0500	0.0709	0.1118	0.0622
000716	C	0.166944	0.208381	0.323451	0.0052	0.0281	0.1300	0.0550	0.0898	0.1206	0.0642
000717	R	0.223749	0.276628	0.343533	0.0053	0.0281	0.1510	0.0550	0.1142	0.1364	0.0676
000718	R	0.283253	0.337707	0.360194	0.0053	0.0281	0.2040	0.0580	0.1430	0.1531	0.0700
000719	S	0.347910	0.402306	0.378237	0.0099	0.0568	0.2370	0.0600	0.1756	0.1671	0.0702
000720	R	0.387949	0.438689	0.393935	0.0131	0.1007	0.2930	0.0810	0.2056	0.1726	0.0717
000721	A	0.371460	0.464956	0.411343	0.0425	0.1823	0.3410	0.1060	0.2337	0.1606	0.0723
000722	A	0.375464	0.487796	0.426685	0.0789	0.2752	0.3620	0.1090	0.2632	0.1492	0.0748
000723	S	0.381623	0.511784	0.439337	0.1060	0.1914	0.3480	0.0910	0.2565	0.1579	0.0790
000724	V	0.392414	0.517892	0.451011	0.1921	0.2884	0.3470	0.0860	0.2896	0.1301	0.0829
000725	G	0.403061	0.517432	0.461699	0.1178	0.2884	0.3030	0.0910	0.2717	0.1521	0.0857
000726	R	0.384936	0.514490	0.473216	0.2209	0.3740	0.2870	0.0890	0.2969	0.1278	0.0896
000727	C	0.381452	0.513062	0.486789	0.3096	0.4186	0.2910	0.0800	0.3189	0.1159	0.0902
000728	S	0.380274	0.527733	0.498772	0.3184	0.3460	0.2930	0.0800	0.3110	0.1215	0.0961
000729	V	0.405819	0.528357	0.506262	0.2963	0.3599	0.2900	0.0700	0.3133	0.1258	0.1032
000730	P	0.443757	0.561511	0.518963	0.2531	0.2918	0.2540	0.0650	0.3007	0.1531	0.1151
000731	E	0.488522	0.574731	0.526649	0.2700	0.2849	0.2480	0.0600	0.3110	0.1601	0.1252
000732	G	0.521434	0.563786	0.534535	0.2657	0.3149	0.2780	0.0700	0.3239	0.1562	0.1358
000733	P	0.546036	0.565006	0.540231	0.3053	0.3566	0.2900	0.0900	0.3439	0.1488	0.1471
000734	F	0.591088	0.557217	0.542968	0.3053	0.3631	0.2850	0.0900	0.3502	0.1552	0.1578
000735	P	0.647037	0.557780	0.550642	0.3806	0.4409	0.2430	0.0910	0.3782	0.1615	0.1679
000736	G	0.692806	0.552396	0.559023	0.3806	0.3566	0.2330	0.0970	0.3693	0.1793	0.1772
000737	Q	0.720158	0.551086	0.560713	0.3717	0.3494	0.2370	0.1070	0.3715	0.1863	0.1905
000738	M	0.746413	0.523353	0.558982	0.4116	0.4369	0.2230	0.0920	0.3902	0.1843	0.2100
000739	V	0.754913	0.512906	0.555825	0.4116	0.4330	0.2140	0.0820	0.3878	0.1877	0.2150
000740	D	0.727683	0.526727	0.553464	0.4918	0.4119	0.2270	0.0810	0.3975	0.1771	0.2209
000741	V	0.767207	0.550074	0.545008	0.4703	0.3872	0.2660	0.0920	0.4068	0.1797	0.2236
000742	S	0.755238	0.548197	0.532488	0.3806	0.2783	0.2880	0.1050	0.3751	0.1898	0.2285
000743	G	0.682809	0.563055	0.522348	0.4037	0.2988	0.2990	0.1070	0.3746	0.1656	0.2377
000744	T	0.610988	0.566415	0.509638	0.2963	0.1942	0.3010	0.1140	0.3281	0.1777	0.2460
000745	G	0.534213	0.562147	0.494497	0.4149	0.2224	0.3330	0.1290	0.3444	0.1449	0.2561
000746	T	0.485860	0.541612	0.474137	0.3263	0.1251	0.3510	0.1320	0.3050	0.1593	0.2598
000747	L	0.467923	0.528550	0.458231	0.2558	0.1323	0.3460	0.1550	0.2883	0.1568	0.2686
000748	S	0.493502	0.496899	0.438086	0.1844	0.1298	0.3090	0.1510	0.2690	0.1628	0.2709
000749	Q	0.531643	0.461084	0.420289	0.1958	0.1528	0.2540	0.1200	0.2659	0.1583	0.2724
000750	S	0.498554	0.416036	0.400868	0.2483	0.2094	0.2100	0.0750	0.2637	0.1312	0.2817
000751	Y	0.505349	0.367294	0.385753	0.2333	0.1969	0.2040	0.0560	0.2511	0.1302	0.2892
000752	Q	0.492105	0.335761	0.368547	0.2786	0.2752	0.1570	0.0400	0.2565	0.1191	0.2929
000753	Y	0.469977	0.326789	0.352745	0.2786	0.2918	0.1370	0.0350	0.2506	0.1154	0.2983
000754	E	0.444196	0.304546	0.339559	0.2748	0.3087	0.1060	0.0230	0.2397	0.1153	0.2950
000755	V	0.400539	0.303047	0.326223	0.2786	0.1852	0.1010	0.0140	0.2114	0.1116	0.2923
000756	C	0.324521	0.306787	0.312478	0.3005	0.1823	0.1110	0.0120	0.2041	0.0960	0.2907
000757	L	0.230513	0.303427	0.298466	0.2292	0.0929	0.1270	0.0180	0.1638	0.0937	0.3004
000758	T	0.149894	0.307626	0.282673	0.2786	0.0909	0.1380	0.0260	0.1609	0.0964	0.3071
000759	G	0.076763	0.323881	0.269928	0.2041	0.0929	0.1380	0.0250	0.1393	0.1012	0.3236
000760	G	0.018214	0.323547	0.254692	0.1456	0.1048	0.1470	0.0310	0.1231	0.1079	0.3356
000761	S	0.005139	0.340616	0.240250	0.1380	0.0618	0.1510	0.0320	0.1160	0.1175	0.3462
000762	G	0.003583	0.371407	0.227709	0.2292	0.0618	0.1380	0.0360	0.1341	0.1268	0.3646
000763	T	0.002965	0.379560	0.216238	0.1602	0.0719	0.1420	0.0390	0.1262	0.1237	0.3917
000764	N	0.002810	0.368017	0.206770	0.1698	0.1323	0.1280	0.0320	0.1335	0.1146	0.4180
000765	E	0.002930	0.368800	0.200220	0.1732	0.0605	0.1100	0.0270	0.1192	0.1217	0.4153
000766	F	0.003025	0.351381	0.191350	0.2385	0.0618	0.1080	0.0280	0.1271	0.1203	0.3751
000767	K	0.003055	0.303204	0.181094	0.2385	0.0835	0.0790	0.0290	0.1180	0.1070	0.3462
000768	F	0.004268	0.259301	0.180131	0.2432	0.1424	0.0650	0.0220	0.1190	0.0962	0.3194
000769	L	0.008320	0.237752	0.183332	0.2167	0.1349	0.0510	0.0160	0.1082	0.0895	0.3048
000770	K	0.012200	0.216753	0.186554	0.2292	0.1092	0.0580	0.0180	0.1042	0.0873	0.3041
000771	P	0.018081	0.201151	0.185194	0.2333	0.1206	0.0670	0.0230	0.1066	0.0824	0.2951
000772	I	0.023895	0.208383	0.189482	0.2041	0.1275	0.0770	0.0270	0.1069	0.0761	0.2872
000773	I	0.044226	0.194428	0.192917	0.2209	0.0835	0.0830	0.0280	0.1044	0.0753	0.2924
000774	P	0.082628	0.195722	0.200674	0.2292	0.0749	0.0890	0.0320	0.1119	0.0723	0.3085
000775	N	0.152859	0.201446	0.212523	0.1635	0.0749	0.1070	0.0350	0.1167	0.0601	0.3301
000776	F	0.233456	0.219582	0.222684	0.1456	0.0531	0.1350	0.0360	0.1311	0.0742	0.3505
000777	V	0.296302	0.238619	0.229984	0.2167	0.1184	0.1390	0.0380	0.1682	0.0718	0.3912
000778	A	0.325233	0.290583	0.238449	0.1958	0.1373	0.1430	0.0500	0.1820	0.0808	0.4323
000779	Q	0.370639	0.339474	0.251422	0.2700	0.2328	0.1660	0.0560	0.2298	0.0796	0.3891
000780	G	0.424100	0.400607	0.263580	0.3668	0.2002	0.2270	0.0610	0.2698	0.0975	0.3573
000781	A	0.484535	0.460722	0.276674	0.3668	0.2064	0.3210	0.0590	0.3065	0.1082	0.3403
000782	E	0.541873	0.513992	0.289474	0.2558	0.1791	0.3910	0.0800	0.3137	0.1416	0.3187
000783	R	0.585128	0.572080	0.303089	0.3146	0.2575	0.5150	0.0990	0.3741	0.1448	0.2916
000784	V	0.597128	0.586309	0.309980	0.3762	0.2364	0.5500	0.1220	0.3910	0.1509	0.2667
000785	S	0.616511	0.619899	0.315915	0.3456	0.2224	0.5330	0.1090	0.3896	0.1635	0.2519
000786	E	0.653711	0.620135	0.322532	0.2657	0.1206	0.5740	0.0850	0.3723	0.2075	0.2430
000787	A	0.724519	0.632664	0.331515	0.3535	0.2193	0.6120	0.1110	0.4237	0.1936	0.2379
000788	N	0.748089	0.619177	0.339089	0.3399	0.2849	0.5750	0.1130	0.4279	0.1812	0.2437
000789	P	0.744649	0.616224	0.346737	0.3762	0.3019	0.6310	0.1320	0.4450	0.1773	0.2570
000790	S	0.721719	0.622757	0.347586	0.4037	0.2752	0.7350	0.0600	0.4596	0.1917	0.2726
000791	F	0.673034	0.639051	0.354838	0.4458	0.2503	0.7850	0.0450	0.4656	0.1976	0.2920
000792	R	0.603331	0.658716	0.357745	0.5229	0.2680	0.7410	0.0860	0.4657	0.1762	0.3009
000793	K	0.560334	0.681252	0.361526	0.5514	0.2193	0.6820	0.0850	0.4490	0.1786	0.3128
000794	S	0.481947	0.713495	0.362422	0.5900	0.1852	0.6580	0.1390	0.4381	0.1910	0.3243
000795	F	0.262597	0.738182	0.362949	0.6944	0.2503	0.7900	0.0890	0.4559	0.2368	0.3419
000796	E	0.109436	0.767304	0.365009	0.7418	0.2258	0.7990	0.0790	0.4406	0.2851	0.3570
000797	F	0.354959	0.764144	0.367950	0.7724	0.1702	0.7440	0.1190	0.4677	0.2478	0.3737
000798	T	0.196020	0.804913	0.373945	0.8424	0.1881	0.7180	0.1630	0.4583	0.2840	0.3833