RESNUM	RES	VL-XT	VSL2B	VL3	IUPred-S	IUPred-L	PONDRFIT	FITERROR	MDP	MDPERROR	ANCHOR2
000001	M	0.965630	0.748288	0.514756	0.8920	0.4507	0.9830	0.0140	0.7590	0.2103	0.4256
000002	T	0.766722	0.778016	0.512867	0.8595	0.4652	0.9770	0.0150	0.7265	0.1819	0.4276
000003	N	0.731917	0.785658	0.508927	0.8488	0.5139	0.9600	0.0200	0.7248	0.1660	0.4299
000004	Q	0.566591	0.755150	0.503986	0.8074	0.3704	0.9410	0.0200	0.6574	0.1943	0.4311
000005	E	0.663951	0.718191	0.497914	0.7724	0.3872	0.9160	0.0440	0.6594	0.1744	0.4297
000006	K	0.610596	0.688953	0.491361	0.6650	0.4330	0.8620	0.0580	0.6251	0.1394	0.4239
000007	W	0.551459	0.646425	0.484108	0.6255	0.3631	0.7750	0.1040	0.5742	0.1299	0.4127
000008	A	0.495269	0.605580	0.478484	0.5941	0.4017	0.7780	0.1110	0.5588	0.1200	0.4007
000009	H	0.465464	0.567337	0.472316	0.4879	0.4186	0.7760	0.1320	0.5314	0.1182	0.3922
000010	L	0.440722	0.549735	0.464764	0.4513	0.3392	0.7100	0.1280	0.4926	0.1149	0.3901
000011	S	0.378727	0.564825	0.454623	0.4037	0.3356	0.7960	0.0940	0.4890	0.1551	0.3939
000012	P	0.316049	0.566656	0.447430	0.3630	0.3872	0.6840	0.0930	0.4607	0.1272	0.3945
000013	S	0.248756	0.580164	0.444741	0.3399	0.2951	0.5880	0.0990	0.4161	0.1328	0.3934
000014	E	0.171402	0.599574	0.447021	0.3399	0.2783	0.5020	0.0850	0.3898	0.1429	0.3919
000015	F	0.117576	0.596967	0.450671	0.2558	0.2645	0.5260	0.0840	0.3687	0.1685	0.3901
000016	S	0.091595	0.601746	0.454406	0.2483	0.2436	0.4200	0.0740	0.3432	0.1670	0.3965
000017	Q	0.067179	0.607303	0.456595	0.2385	0.2436	0.3560	0.0790	0.3282	0.1725	0.4042
000018	L	0.034523	0.598201	0.454983	0.3311	0.2884	0.3070	0.0680	0.3356	0.1717	0.4121
000019	Q	0.002315	0.575307	0.450659	0.3491	0.3087	0.2610	0.0720	0.3246	0.1768	0.4229
000020	K	0.003278	0.555815	0.446010	0.2786	0.3182	0.2550	0.0820	0.3094	0.1718	0.4329
000021	Y	0.004659	0.546070	0.442778	0.3359	0.3356	0.2440	0.0770	0.3182	0.1692	0.4287
000022	A	0.006041	0.536885	0.438654	0.3491	0.2817	0.2160	0.0740	0.3048	0.1690	0.4223
000023	E	0.006835	0.518510	0.433108	0.2558	0.2680	0.1870	0.0470	0.2782	0.1655	0.4156
000024	Y	0.007699	0.514930	0.425027	0.1998	0.2884	0.1950	0.0550	0.2717	0.1652	0.4098
000025	S	0.008847	0.530353	0.416194	0.1998	0.1791	0.1750	0.0560	0.2515	0.1720	0.4004
000026	T	0.009376	0.514183	0.406903	0.2865	0.2849	0.1930	0.0620	0.2825	0.1590	0.3933
000027	K	0.010197	0.499300	0.398965	0.2122	0.2918	0.1960	0.0620	0.2680	0.1560	0.3916
000028	K	0.011620	0.520977	0.392630	0.2080	0.2918	0.1800	0.0680	0.2674	0.1619	0.3921
000029	L	0.011869	0.515055	0.386503	0.2748	0.3631	0.1870	0.0760	0.2897	0.1600	0.3939
000030	K	0.010534	0.508069	0.378744	0.2700	0.2951	0.1830	0.0900	0.2743	0.1549	0.3956
000031	D	0.009198	0.475616	0.369810	0.2786	0.2292	0.1840	0.0980	0.2577	0.1464	0.4006
000032	V	0.008310	0.459656	0.360283	0.2913	0.2951	0.1830	0.1020	0.2663	0.1421	0.4062
000033	L	0.007429	0.428485	0.351677	0.2385	0.3149	0.1700	0.0920	0.2518	0.1365	0.4157
000034	E	0.008159	0.384998	0.343571	0.1998	0.2094	0.1410	0.0760	0.2145	0.1251	0.4203
000035	E	0.014701	0.357195	0.335521	0.2657	0.3117	0.1320	0.0640	0.2361	0.1232	0.4249
000036	F	0.016087	0.323270	0.328555	0.1878	0.3426	0.1250	0.0540	0.2206	0.1219	0.4314
000037	H	0.025242	0.287749	0.322314	0.1958	0.3529	0.1270	0.0530	0.2186	0.1153	0.4326
000038	G	0.034396	0.287746	0.318317	0.2385	0.3599	0.1380	0.0550	0.2295	0.1117	0.4308
000039	N	0.044240	0.300309	0.313519	0.2558	0.3599	0.1540	0.0600	0.2380	0.1075	0.4268
000040	G	0.054083	0.300546	0.309343	0.3225	0.4409	0.1610	0.0650	0.2647	0.1243	0.4184
000041	V	0.057999	0.316207	0.305949	0.3146	0.4507	0.1570	0.0590	0.2671	0.1263	0.4126
000042	L	0.058312	0.357681	0.306415	0.3146	0.3667	0.1520	0.0540	0.2592	0.1144	0.4017
000043	A	0.059970	0.396319	0.305885	0.3806	0.3529	0.1480	0.0460	0.2739	0.1261	0.3844
000044	K	0.056280	0.407494	0.302600	0.3578	0.4292	0.1780	0.0630	0.2885	0.1324	0.3680
000045	Y	0.062766	0.434575	0.294528	0.2748	0.4292	0.1800	0.0610	0.2794	0.1313	0.3598
000046	N	0.053667	0.433743	0.285073	0.2657	0.4149	0.1720	0.0610	0.2708	0.1319	0.3529
000047	P	0.050035	0.431475	0.274408	0.3578	0.4409	0.1510	0.0530	0.2842	0.1440	0.3465
000048	E	0.049887	0.440699	0.265130	0.3456	0.4441	0.1510	0.0580	0.2827	0.1454	0.3419
000049	G	0.044084	0.445979	0.258376	0.2657	0.3356	0.1580	0.0600	0.2513	0.1271	0.3366
000050	K	0.041786	0.447621	0.255748	0.2700	0.3356	0.1360	0.0510	0.2479	0.1310	0.3320
000051	Q	0.044264	0.442632	0.253653	0.1732	0.3321	0.1110	0.0280	0.2262	0.1341	0.3333
000052	D	0.047284	0.388634	0.251091	0.2558	0.2817	0.0970	0.0230	0.2202	0.1151	0.3347
000053	I	0.050216	0.344946	0.247410	0.3311	0.3460	0.0940	0.0260	0.2356	0.1210	0.3390
000054	L	0.041838	0.303910	0.243488	0.2657	0.3019	0.0870	0.0320	0.2073	0.1040	0.3420
000055	N	0.040147	0.260798	0.240655	0.2602	0.2034	0.0860	0.0320	0.1819	0.0871	0.3436
000056	Q	0.032965	0.235588	0.238324	0.2531	0.2609	0.0730	0.0250	0.1823	0.0925	0.3465
000057	T	0.023208	0.208623	0.235979	0.1698	0.2436	0.0700	0.0290	0.1586	0.0836	0.3497
000058	I	0.019319	0.176510	0.232864	0.1088	0.2193	0.0700	0.0320	0.1378	0.0782	0.3534
000059	D	0.017709	0.171179	0.229554	0.0965	0.1229	0.0620	0.0250	0.1167	0.0694	0.3571
000060	F	0.016501	0.179303	0.228001	0.0935	0.0799	0.0590	0.0230	0.1094	0.0721	0.3631
000061	E	0.011550	0.171825	0.228580	0.0587	0.0909	0.0570	0.0250	0.1031	0.0743	0.3709
000062	G	0.007341	0.172635	0.230083	0.0336	0.0704	0.0540	0.0240	0.0947	0.0796	0.3764
000063	F	0.009014	0.179300	0.233352	0.0376	0.0734	0.0620	0.0340	0.0991	0.0800	0.3817
000064	K	0.011203	0.182528	0.237979	0.0502	0.0749	0.0610	0.0330	0.1030	0.0799	0.3865
000065	L	0.011835	0.173777	0.245408	0.0935	0.1298	0.0650	0.0330	0.1199	0.0754	0.4006
000066	F	0.012395	0.182178	0.254706	0.0514	0.1275	0.0680	0.0280	0.1161	0.0826	0.4119
000067	M	0.015759	0.199973	0.265290	0.0567	0.1229	0.0690	0.0240	0.1215	0.0866	0.4173
000068	K	0.016246	0.203184	0.276401	0.0587	0.0646	0.0690	0.0230	0.1147	0.0926	0.4157
000069	T	0.014880	0.234242	0.285715	0.1041	0.1048	0.0770	0.0260	0.1368	0.0933	0.4191
000070	F	0.013515	0.257780	0.295438	0.0526	0.0851	0.1020	0.0420	0.1344	0.1048	0.4233
000071	L	0.012330	0.293522	0.305695	0.0965	0.1528	0.1120	0.0430	0.1622	0.1058	0.4263
000072	E	0.013094	0.357151	0.317756	0.0677	0.0948	0.1200	0.0470	0.1617	0.1289	0.4252
000073	A	0.014124	0.398196	0.327661	0.0607	0.0494	0.1400	0.0530	0.1650	0.1463	0.4283
000074	E	0.017557	0.420634	0.335069	0.0723	0.0780	0.1290	0.0480	0.1755	0.1488	0.4302
000075	L	0.027883	0.431049	0.341506	0.0425	0.0780	0.1260	0.0470	0.1745	0.1551	0.4177
000076	P	0.028327	0.457755	0.349365	0.0567	0.0631	0.1160	0.0440	0.1785	0.1642	0.4119
000077	D	0.031808	0.463027	0.358845	0.0965	0.1162	0.1320	0.0400	0.1997	0.1555	0.3988
000078	D	0.041048	0.442008	0.369609	0.0643	0.1476	0.1310	0.0340	0.1993	0.1519	0.3826
000079	F	0.042501	0.409624	0.380914	0.0677	0.1476	0.1190	0.0270	0.1946	0.1461	0.3647
000080	T	0.043172	0.393860	0.391225	0.0701	0.0780	0.1030	0.0210	0.1799	0.1513	0.3567
000081	A	0.040178	0.371951	0.398270	0.1240	0.1643	0.1080	0.0290	0.2011	0.1354	0.3443
000082	H	0.037613	0.348803	0.403258	0.1088	0.2258	0.1250	0.0330	0.2081	0.1317	0.3316
000083	L	0.033952	0.355791	0.409381	0.1150	0.2064	0.1590	0.0330	0.2133	0.1314	0.3192
000084	F	0.023116	0.412099	0.420999	0.1349	0.2258	0.1960	0.0530	0.2355	0.1429	0.3167
000085	M	0.019091	0.465480	0.437161	0.1205	0.2399	0.2350	0.0730	0.2528	0.1591	0.3262
000086	S	0.015164	0.497628	0.456442	0.1878	0.2752	0.2620	0.0740	0.2823	0.1620	0.3439
000087	F	0.005670	0.577182	0.475798	0.1844	0.1914	0.2940	0.0790	0.2882	0.1909	0.3536
000088	S	0.003996	0.645213	0.496285	0.1602	0.1791	0.3310	0.0840	0.3027	0.2162	0.3705
000089	N	0.001824	0.695445	0.517675	0.1117	0.1702	0.4180	0.0870	0.3191	0.2438	0.3878
000090	K	0.001707	0.723619	0.539537	0.1921	0.2609	0.4820	0.1020	0.3667	0.2400	0.4034
000091	F	0.002834	0.741840	0.559870	0.1921	0.2849	0.4980	0.1010	0.3799	0.2462	0.4142
000092	P	0.004785	0.751642	0.578534	0.2385	0.2849	0.4760	0.1070	0.3890	0.2436	0.4303
000093	H	0.006670	0.765696	0.597127	0.2748	0.2164	0.5400	0.0950	0.4001	0.2570	0.4216
000094	S	0.086399	0.780902	0.615809	0.3225	0.2129	0.5270	0.1190	0.4243	0.2393	0.4099
000095	S	0.135726	0.789671	0.634257	0.3762	0.3087	0.5370	0.1200	0.4636	0.2160	0.4062
000096	P	0.195098	0.793925	0.651053	0.3668	0.3460	0.5220	0.1250	0.4792	0.2006	0.4065
000097	M	0.234031	0.803835	0.666229	0.3668	0.3529	0.6030	0.1440	0.5045	0.2003	0.4086
000098	V	0.343350	0.808304	0.679795	0.4825	0.3807	0.5970	0.1480	0.5487	0.1642	0.4058
000099	K	0.453397	0.813063	0.691447	0.4879	0.3840	0.5460	0.1270	0.5627	0.1466	0.4070
000100	S	0.562215	0.814656	0.702810	0.4333	0.3321	0.5110	0.1180	0.5593	0.1611	0.4088
000101	K	0.670315	0.817329	0.711945	0.4513	0.3494	0.5170	0.1140	0.5862	0.1609	0.4131
000102	P	0.777996	0.805934	0.718263	0.5253	0.4507	0.5470	0.1380	0.6375	0.1356	0.4167
000103	A	0.806256	0.779502	0.721088	0.5008	0.4220	0.5570	0.1300	0.6311	0.1455	0.4223
000104	L	0.866358	0.764951	0.721905	0.5126	0.3983	0.5430	0.1340	0.6345	0.1620	0.4288
000105	L	0.917437	0.743877	0.720410	0.5173	0.3249	0.4700	0.1420	0.6157	0.1974	0.4337
000106	S	0.987869	0.748790	0.714592	0.4967	0.3321	0.4310	0.1650	0.6186	0.2216	0.4317
000107	G	0.986941	0.722092	0.704897	0.4149	0.3321	0.4740	0.1810	0.6057	0.2227	0.4295
000108	G	0.982542	0.687471	0.692799	0.4420	0.3948	0.4680	0.1680	0.6112	0.2027	0.4270
000109	L	0.974931	0.651538	0.679600	0.5229	0.4507	0.4960	0.1540	0.6293	0.1748	0.4226
000110	R	0.972198	0.651426	0.666068	0.5331	0.4619	0.4880	0.1590	0.6287	0.1716	0.4214
000111	M	0.971965	0.614292	0.653847	0.5473	0.4725	0.5230	0.1650	0.6304	0.1638	0.4220
000112	N	0.974146	0.618788	0.644564	0.5331	0.4766	0.5210	0.1750	0.6281	0.1651	0.4278
000113	K	0.974294	0.638476	0.637318	0.5126	0.4766	0.5530	0.1370	0.6321	0.1642	0.4330
000114	G	0.965649	0.641747	0.630389	0.5374	0.4766	0.5910	0.1360	0.6405	0.1559	0.4293
000115	A	0.960363	0.646972	0.620790	0.6079	0.5707	0.6260	0.1450	0.6721	0.1309	0.4235
000116	I	0.961462	0.640378	0.609473	0.6255	0.6806	0.6100	0.1430	0.6879	0.1247	0.4163
000117	T	0.965228	0.640625	0.597092	0.6255	0.5951	0.6530	0.1490	0.6794	0.1295	0.4081
000118	P	0.970505	0.646048	0.584390	0.6255	0.5901	0.6430	0.1680	0.6767	0.1335	0.3986
000119	P	0.967935	0.641572	0.571406	0.5374	0.6227	0.6730	0.1870	0.6690	0.1409	0.3892
000120	R	0.966792	0.629217	0.556831	0.5900	0.7505	0.6900	0.1650	0.6972	0.1363	0.3798
000121	T	0.958972	0.623031	0.542828	0.5992	0.6755	0.6710	0.1430	0.6785	0.1332	0.3705
000122	T	0.926220	0.605295	0.527752	0.6255	0.6183	0.6490	0.1550	0.6586	0.1254	0.3644
000123	S	0.915441	0.593525	0.511694	0.5667	0.5951	0.6800	0.1910	0.6437	0.1313	0.3638
000124	P	0.890776	0.577748	0.492898	0.4967	0.5098	0.6650	0.2240	0.6055	0.1410	0.3643
000125	A	0.830090	0.557622	0.471285	0.4825	0.4979	0.6250	0.2150	0.5774	0.1246	0.3691
000126	N	0.729291	0.543780	0.448338	0.4333	0.5419	0.5620	0.2240	0.5431	0.0967	0.3724
000127	T	0.623144	0.506415	0.424461	0.4879	0.5382	0.4720	0.1990	0.5087	0.0617	0.3774
000128	C	0.519051	0.474011	0.401593	0.4967	0.4652	0.4650	0.1890	0.4703	0.0362	0.3846
000129	S	0.412520	0.423689	0.378854	0.4037	0.3704	0.4260	0.1610	0.4025	0.0211	0.3965
000130	P	0.310680	0.369939	0.357421	0.3184	0.2503	0.4220	0.1590	0.3381	0.0536	0.4081
000131	E	0.233844	0.312669	0.336443	0.2255	0.1852	0.3760	0.1560	0.2783	0.0677	0.4218
000132	V	0.144099	0.253777	0.317428	0.1698	0.1791	0.3580	0.1520	0.2369	0.0793	0.4272
000133	I	0.074771	0.189624	0.300412	0.1205	0.1184	0.4010	0.1730	0.2008	0.1149	0.4125
000134	H	0.037573	0.175710	0.285621	0.1240	0.0765	0.4470	0.2050	0.1910	0.1388	0.3990
000135	L	0.069167	0.166365	0.273320	0.0677	0.0749	0.5440	0.2130	0.1993	0.1710	0.3844
000136	K	0.112808	0.159784	0.264290	0.0502	0.0851	0.4940	0.1880	0.1944	0.1501	0.3770
000137	D	0.171835	0.144066	0.259833	0.0567	0.0799	0.3470	0.1120	0.1765	0.1006	0.3672
000138	I	0.195997	0.123900	0.258905	0.0526	0.0749	0.2290	0.0630	0.1558	0.0772	0.3602
000139	V	0.244275	0.103577	0.261502	0.0909	0.1323	0.1480	0.0420	0.1634	0.0661	0.3580
000140	C	0.292161	0.110414	0.266253	0.0789	0.1501	0.1120	0.0390	0.1684	0.0814	0.3611
000141	Y	0.356458	0.115406	0.271433	0.0832	0.1349	0.0940	0.0440	0.1760	0.1019	0.3615
000142	L	0.385911	0.135813	0.274569	0.0858	0.1162	0.0860	0.0420	0.1807	0.1119	0.3654
000143	S	0.415619	0.159391	0.275880	0.1266	0.1048	0.0800	0.0360	0.1938	0.1172	0.3792
000144	L	0.394410	0.186179	0.276968	0.1667	0.1791	0.0900	0.0420	0.2156	0.0966	0.3888
000145	L	0.368247	0.235303	0.278244	0.1041	0.1028	0.1200	0.0580	0.2014	0.1006	0.4012
000146	E	0.326718	0.293199	0.280845	0.1635	0.1298	0.1490	0.0470	0.2239	0.0782	0.4163
000147	R	0.310232	0.349294	0.283556	0.0935	0.0704	0.2300	0.0500	0.2228	0.1059	0.4256
000148	G	0.282504	0.425662	0.284730	0.0723	0.0646	0.2950	0.0890	0.2375	0.1292	0.4328
000149	R	0.258515	0.456506	0.283327	0.0607	0.0676	0.2600	0.0980	0.2311	0.1360	0.4266
000150	P	0.211281	0.511191	0.280725	0.0858	0.0555	0.2270	0.1030	0.2286	0.1490	0.4280
000151	E	0.193704	0.520314	0.277478	0.0813	0.0870	0.2230	0.1070	0.2304	0.1475	0.4336
000152	D	0.177455	0.483897	0.272450	0.0723	0.1501	0.2040	0.0860	0.2266	0.1297	0.4302
000153	K	0.177869	0.434734	0.267244	0.1150	0.2224	0.1560	0.0710	0.2289	0.1039	0.4248
000154	L	0.166778	0.395938	0.263580	0.1150	0.2258	0.0980	0.0470	0.2109	0.1009	0.4028
000155	E	0.154867	0.316413	0.262931	0.1766	0.3087	0.0700	0.0350	0.2150	0.0888	0.3874
000156	F	0.147509	0.234217	0.263170	0.2531	0.3840	0.0590	0.0250	0.2235	0.1010	0.3742
000157	M	0.128014	0.187636	0.263477	0.2333	0.2541	0.0510	0.0150	0.1862	0.0759	0.3668
000158	F	0.105759	0.156614	0.263717	0.2531	0.1852	0.0490	0.0140	0.1689	0.0763	0.3679
000159	R	0.089951	0.148903	0.263834	0.1667	0.1914	0.0540	0.0170	0.1524	0.0680	0.3786
000160	L	0.073566	0.149682	0.263906	0.1205	0.1942	0.0740	0.0250	0.1459	0.0675	0.3816
000161	Y	0.061831	0.175147	0.263616	0.1088	0.1671	0.1270	0.0560	0.1505	0.0630	0.3959
000162	D	0.049845	0.225253	0.263290	0.1018	0.1671	0.1720	0.0890	0.1631	0.0714	0.4134
000163	T	0.055789	0.290995	0.263718	0.0965	0.1028	0.2180	0.1110	0.1712	0.0900	0.4295
000164	D	0.059612	0.366734	0.265342	0.1178	0.1206	0.2470	0.1180	0.1962	0.1056	0.4217
000165	G	0.093690	0.414208	0.268456	0.1240	0.1881	0.2350	0.0990	0.2206	0.1053	0.4002
000166	N	0.142222	0.456759	0.273662	0.1292	0.1092	0.2330	0.0920	0.2241	0.1194	0.3823
000167	G	0.204176	0.495919	0.280323	0.2122	0.1275	0.2610	0.1190	0.2635	0.1147	0.3745
000168	F	0.289597	0.515043	0.287912	0.1667	0.1528	0.2820	0.1150	0.2823	0.1186	0.3758
000169	L	0.362496	0.494972	0.295607	0.1698	0.2609	0.2780	0.1150	0.3103	0.1002	0.3801
000170	D	0.423681	0.512614	0.301312	0.1844	0.2258	0.2750	0.1350	0.3205	0.1136	0.3847
000171	S	0.486281	0.507104	0.305386	0.2820	0.2645	0.3560	0.1820	0.3668	0.0962	0.3836
000172	S	0.557351	0.461608	0.308405	0.3263	0.3460	0.3930	0.2290	0.3987	0.0869	0.3870
000173	E	0.613243	0.436755	0.314049	0.2700	0.2817	0.3680	0.2170	0.3806	0.1182	0.3879
000174	L	0.633613	0.450434	0.321783	0.2531	0.2470	0.3730	0.2130	0.3799	0.1332	0.3850
000175	E	0.656352	0.416932	0.330168	0.1766	0.2541	0.2960	0.1530	0.3550	0.1532	0.3843
000176	N	0.640502	0.404697	0.336226	0.1532	0.1702	0.2370	0.1030	0.3237	0.1669	0.3834
000177	I	0.600337	0.394995	0.338705	0.1766	0.1092	0.2270	0.1060	0.3078	0.1619	0.3880
000178	I	0.557498	0.371649	0.338291	0.1088	0.1184	0.1970	0.0850	0.2819	0.1587	0.3907
000179	S	0.512352	0.294203	0.338047	0.1178	0.1229	0.1740	0.0690	0.2598	0.1399	0.3963
000180	Q	0.471693	0.248383	0.339618	0.2041	0.1914	0.1720	0.0740	0.2712	0.1050	0.4021
000181	M	0.415651	0.197931	0.342042	0.1088	0.1349	0.1760	0.0770	0.2292	0.1116	0.4140
000182	M	0.370866	0.148973	0.346303	0.1205	0.1399	0.1690	0.0680	0.2159	0.1021	0.4220
000183	H	0.347988	0.132232	0.351972	0.0789	0.1528	0.1520	0.0560	0.2026	0.1071	0.4269
000184	V	0.308756	0.142524	0.358829	0.0677	0.0909	0.1410	0.0500	0.1850	0.1094	0.4256
000185	A	0.293734	0.146553	0.364445	0.1380	0.1449	0.1410	0.0490	0.2047	0.0903	0.4125
000186	E	0.263026	0.154521	0.368859	0.0723	0.1476	0.1440	0.0500	0.1917	0.0969	0.4057
000187	Y	0.250410	0.172160	0.373754	0.0701	0.0909	0.1730	0.0560	0.1883	0.1018	0.4010
000188	L	0.244017	0.185514	0.379492	0.1416	0.0948	0.1880	0.0690	0.2055	0.0902	0.4031
000189	E	0.237624	0.171567	0.385771	0.1495	0.1449	0.1830	0.0780	0.2121	0.0834	0.4091
000190	W	0.240733	0.157787	0.392497	0.0965	0.1583	0.2130	0.1010	0.2099	0.0936	0.4260
000191	D	0.257453	0.166223	0.399424	0.0789	0.1251	0.2030	0.0930	0.2049	0.1036	0.4322
000192	V	0.252605	0.173219	0.406733	0.1205	0.1251	0.2270	0.1090	0.2175	0.0975	0.4178
000193	T	0.243135	0.175694	0.414014	0.1205	0.1671	0.2520	0.1280	0.2287	0.0943	0.4117
000194	E	0.234454	0.196578	0.420133	0.1060	0.1881	0.2470	0.1330	0.2320	0.0955	0.4120
000195	L	0.254383	0.213589	0.425104	0.1732	0.1702	0.2450	0.1310	0.2470	0.0859	0.4050
000196	N	0.247867	0.238285	0.428210	0.2255	0.2002	0.2250	0.1270	0.2608	0.0763	0.4010
000197	P	0.293319	0.244065	0.429411	0.1266	0.1184	0.1920	0.1130	0.2339	0.1068	0.4075
000198	I	0.334256	0.262727	0.429132	0.2080	0.1942	0.1990	0.1010	0.2712	0.0857	0.4117
000199	L	0.373356	0.276384	0.427035	0.1878	0.2575	0.1900	0.0920	0.2854	0.0887	0.4234
000200	H	0.399103	0.287336	0.423833	0.1766	0.2470	0.1900	0.0830	0.2873	0.0953	0.4328
000201	E	0.431612	0.316935	0.419795	0.2602	0.3460	0.1950	0.0830	0.3283	0.0835	0.4100
000202	M	0.468742	0.382174	0.415578	0.2602	0.3392	0.1980	0.0870	0.3439	0.0918	0.3992
000203	M	0.517644	0.431907	0.411395	0.3359	0.3392	0.1950	0.0760	0.3718	0.1001	0.3880
000204	E	0.549586	0.489992	0.405600	0.3359	0.3321	0.2020	0.0740	0.3859	0.1135	0.3853
000205	E	0.562857	0.549535	0.399337	0.2432	0.2399	0.2210	0.0750	0.3693	0.1447	0.3909
000206	I	0.525275	0.568665	0.391951	0.3359	0.3286	0.2370	0.0710	0.3979	0.1155	0.4003
000207	D	0.512911	0.547764	0.385180	0.2483	0.3392	0.2040	0.0570	0.3728	0.1262	0.4056
000208	Y	0.484787	0.519284	0.378827	0.2432	0.2164	0.1820	0.0350	0.3374	0.1318	0.4168
000209	D	0.466868	0.511094	0.372734	0.3491	0.2193	0.1640	0.0430	0.3471	0.1237	0.4210
000210	H	0.451719	0.465079	0.365683	0.3311	0.2988	0.1610	0.0480	0.3456	0.1020	0.4333
000211	D	0.424134	0.396399	0.357550	0.2657	0.3019	0.1540	0.0540	0.3166	0.0902	0.4232
000212	G	0.368983	0.368461	0.347704	0.2531	0.2817	0.1570	0.0500	0.2962	0.0759	0.4036
000213	T	0.317866	0.341649	0.336320	0.2963	0.2817	0.1620	0.0480	0.2893	0.0607	0.3887
000214	V	0.324743	0.304476	0.323237	0.3456	0.3182	0.1960	0.0590	0.3021	0.0489	0.3756
000215	S	0.343801	0.304030	0.309905	0.2820	0.3053	0.2130	0.0590	0.2930	0.0401	0.3666
000216	L	0.309561	0.318062	0.296939	0.2558	0.2129	0.2040	0.0540	0.2663	0.0453	0.3598
000217	E	0.288210	0.328497	0.284415	0.3456	0.3117	0.1560	0.0530	0.2858	0.0617	0.3522
000218	E	0.247148	0.302155	0.272301	0.2385	0.2292	0.1410	0.0520	0.2385	0.0496	0.3390
000219	W	0.203566	0.272625	0.260396	0.3762	0.2399	0.1200	0.0460	0.2455	0.0769	0.3241
000220	I	0.172829	0.246587	0.248271	0.2748	0.1823	0.0990	0.0380	0.2039	0.0596	0.3079
000221	Q	0.157320	0.208160	0.235355	0.2122	0.1275	0.0850	0.0350	0.1710	0.0527	0.2968
000222	G	0.155438	0.175211	0.222521	0.1532	0.0780	0.0890	0.0410	0.1456	0.0495	0.2907
000223	G	0.142258	0.153098	0.209808	0.0965	0.0765	0.0970	0.0470	0.1292	0.0449	0.2910
000224	M	0.094975	0.123706	0.197538	0.0554	0.0473	0.1030	0.0490	0.1037	0.0497	0.2909
000225	T	0.079898	0.100953	0.185626	0.0884	0.0749	0.1000	0.0430	0.1050	0.0373	0.2915
000226	T	0.065819	0.093113	0.174428	0.0478	0.0780	0.0810	0.0290	0.0901	0.0402	0.2933
000227	I	0.070142	0.082496	0.164105	0.0935	0.1251	0.0680	0.0190	0.1005	0.0342	0.2918
000228	P	0.091642	0.077288	0.154279	0.0789	0.0817	0.0460	0.0090	0.0883	0.0327	0.2939
000229	L	0.112733	0.078244	0.145110	0.0643	0.0719	0.0460	0.0150	0.0864	0.0329	0.2961
000230	L	0.133348	0.072333	0.137202	0.0771	0.1323	0.0530	0.0220	0.1009	0.0342	0.2964
000231	V	0.130009	0.067617	0.129892	0.1266	0.2034	0.0580	0.0230	0.1192	0.0480	0.2923
000232	L	0.115583	0.072723	0.122572	0.1205	0.1914	0.0830	0.0360	0.1176	0.0381	0.2826
000233	L	0.112994	0.101044	0.114503	0.1178	0.1969	0.1280	0.0550	0.1285	0.0316	0.2623
000234	G	0.111298	0.146608	0.106410	0.1088	0.1914	0.1790	0.0830	0.1405	0.0344	0.2340
000235	L	0.103305	0.214721	0.098866	0.1322	0.1759	0.2360	0.0830	0.1602	0.0528	0.2073
000236	E	0.094377	0.313710	0.091281	0.1205	0.1070	0.2780	0.1110	0.1674	0.0918	0.1822
000237	N	0.070765	0.402148	0.083832	0.0771	0.1048	0.3410	0.1590	0.1799	0.1370	0.1624
000238	N	0.046822	0.469868	0.076712	0.0771	0.1048	0.3910	0.1910	0.1943	0.1692	0.1494
000239	V	0.023986	0.520127	0.070625	0.0643	0.0888	0.4000	0.1820	0.1947	0.1919	0.1425
000240	K	0.012057	0.526828	0.066179	0.0567	0.1298	0.3830	0.1700	0.1957	0.1910	0.1359
000241	D	0.004114	0.503278	0.063305	0.0991	0.1092	0.3760	0.1570	0.1926	0.1818	0.1314
000242	D	0.005869	0.480057	0.062522	0.1150	0.1501	0.3570	0.1250	0.1950	0.1679	0.1313
000243	G	0.005357	0.423607	0.063733	0.0935	0.2094	0.2980	0.0970	0.1822	0.1447	0.1298
000244	Q	0.005261	0.347101	0.066223	0.1416	0.3053	0.2350	0.0790	0.1834	0.1235	0.1343
000245	H	0.004873	0.301980	0.069340	0.1380	0.2817	0.1790	0.0520	0.1625	0.1065	0.1438
000246	V	0.004503	0.256287	0.072253	0.2385	0.2680	0.1410	0.0360	0.1635	0.0994	0.1570
000247	W	0.004402	0.209311	0.075556	0.1878	0.1298	0.1190	0.0410	0.1209	0.0683	0.1704
000248	R	0.004237	0.208116	0.079235	0.1205	0.1298	0.1000	0.0420	0.1070	0.0610	0.1478
000249	L	0.003495	0.204926	0.083471	0.0395	0.0835	0.0980	0.0430	0.0855	0.0623	0.1228
000250	K	0.002307	0.201796	0.088048	0.0607	0.0454	0.0930	0.0410	0.0819	0.0615	0.0980
000251	H	0.000385	0.186268	0.093072	0.0363	0.0300	0.0900	0.0370	0.0726	0.0605	0.0669
000252	F	0.000231	0.176231	0.098737	0.0087	0.0294	0.0890	0.0340	0.0671	0.0615	0.0462
000253	N	0.000163	0.167472	0.104764	0.0053	0.0231	0.0740	0.0330	0.0625	0.0601	0.0294
000254	K	0.000105	0.162960	0.111100	0.0053	0.0163	0.0590	0.0230	0.0591	0.0601	0.0205
000255	P	0.000046	0.147002	0.117120	0.0035	0.0111	0.0500	0.0190	0.0548	0.0577	0.0147
000256	A	0.000051	0.131596	0.122776	0.0022	0.0115	0.0500	0.0290	0.0530	0.0550	0.0106
000257	Y	0.000060	0.110508	0.128062	0.0021	0.0115	0.0500	0.0310	0.0503	0.0517	0.0073
000258	C	0.000081	0.085570	0.133797	0.0037	0.0178	0.0470	0.0270	0.0480	0.0482	0.0052
000259	N	0.001233	0.061537	0.140127	0.0018	0.0178	0.0420	0.0200	0.0441	0.0480	0.0055
000260	L	0.001352	0.041955	0.147085	0.0040	0.0275	0.0390	0.0150	0.0434	0.0489	0.0062
000261	C	0.001383	0.035521	0.153662	0.0042	0.0275	0.0350	0.0110	0.0429	0.0514	0.0067
000262	L	0.001399	0.036917	0.160028	0.0052	0.0194	0.0350	0.0110	0.0430	0.0540	0.0099
000263	N	0.001385	0.040270	0.165793	0.0087	0.0160	0.0350	0.0120	0.0446	0.0559	0.0145
000264	M	0.001383	0.051193	0.171751	0.0055	0.0083	0.0350	0.0130	0.0456	0.0592	0.0198
000265	L	0.001388	0.058383	0.177613	0.0008	0.0083	0.0370	0.0140	0.0473	0.0619	0.0210
000266	I	0.001377	0.067160	0.183641	0.0003	0.0057	0.0420	0.0160	0.0500	0.0646	0.0204
000267	G	0.001351	0.091351	0.189814	0.0003	0.0039	0.0460	0.0170	0.0554	0.0684	0.0205
000268	V	0.000197	0.111475	0.196327	0.0003	0.0050	0.0460	0.0170	0.0599	0.0726	0.0177
000269	G	0.000078	0.115316	0.203142	0.0002	0.0057	0.0460	0.0180	0.0618	0.0751	0.0148
000270	K	0.000049	0.118449	0.209514	0.0002	0.0057	0.0460	0.0180	0.0633	0.0775	0.0109
000271	Q	0.000043	0.116840	0.215901	0.0002	0.0060	0.0440	0.0180	0.0638	0.0794	0.0074
000272	G	0.000049	0.098641	0.222359	0.0006	0.0094	0.0410	0.0180	0.0620	0.0794	0.0055
000273	L	0.000053	0.078039	0.229256	0.0006	0.0134	0.0380	0.0160	0.0599	0.0804	0.0035
000274	C	0.000047	0.073266	0.236154	0.0006	0.0134	0.0320	0.0120	0.0592	0.0829	0.0021
000275	C	0.000102	0.069355	0.241911	0.0007	0.0082	0.0300	0.0110	0.0584	0.0855	0.0017
000276	S	0.000151	0.070763	0.245855	0.0012	0.0087	0.0300	0.0110	0.0594	0.0868	0.0014
000277	F	0.000262	0.070505	0.247891	0.0007	0.0102	0.0300	0.0110	0.0599	0.0874	0.0013
000278	C	0.000450	0.077523	0.249127	0.0006	0.0105	0.0290	0.0100	0.0613	0.0881	0.0011
000279	K	0.000675	0.077630	0.249821	0.0006	0.0117	0.0290	0.0080	0.0615	0.0882	0.0016
000280	Y	0.000775	0.087117	0.249481	0.0007	0.0133	0.0330	0.0110	0.0640	0.0880	0.0021
000281	T	0.001008	0.096964	0.248169	0.0006	0.0146	0.0350	0.0100	0.0660	0.0878	0.0027
000282	V	0.001536	0.106465	0.247095	0.0006	0.0141	0.0420	0.0130	0.0687	0.0876	0.0036
000283	H	0.001925	0.134401	0.246331	0.0008	0.0076	0.0530	0.0170	0.0740	0.0901	0.0041
000284	E	0.002456	0.173892	0.245861	0.0013	0.0076	0.0720	0.0250	0.0839	0.0946	0.0035
000285	R	0.004497	0.196036	0.245854	0.0013	0.0134	0.1040	0.0380	0.0942	0.0972	0.0033
000286	C	0.006474	0.211498	0.246807	0.0066	0.0300	0.1200	0.0480	0.1035	0.0972	0.0026
000287	V	0.016189	0.236886	0.250054	0.0066	0.0191	0.1100	0.0370	0.1064	0.1028	0.0030
000288	A	0.048990	0.261384	0.254230	0.0116	0.0253	0.1060	0.0330	0.1179	0.1032	0.0032
000289	R	0.154413	0.259033	0.258723	0.0327	0.0662	0.1130	0.0460	0.1473	0.0874	0.0036
000290	A	0.261834	0.260215	0.262321	0.0245	0.0646	0.1220	0.0670	0.1659	0.0996	0.0031
000291	P	0.370040	0.258545	0.265412	0.0425	0.1115	0.1170	0.0770	0.1942	0.1125	0.0027
000292	P	0.448833	0.263482	0.268669	0.0464	0.1137	0.0960	0.0550	0.2062	0.1368	0.0026
000293	S	0.546973	0.264522	0.273621	0.0701	0.1528	0.0750	0.0320	0.2305	0.1628	0.0025
000294	C	0.648013	0.287798	0.280193	0.0832	0.1611	0.0640	0.0290	0.2541	0.1961	0.0026
000295	I	0.741215	0.312337	0.287949	0.0832	0.1554	0.0670	0.0260	0.2746	0.2284	0.0047
000296	K	0.747675	0.343650	0.294585	0.0701	0.1206	0.0860	0.0400	0.2771	0.2346	0.0073
000297	T	0.715431	0.365457	0.299730	0.1805	0.2364	0.1040	0.0490	0.3169	0.1966	0.0123
000298	Y	0.610329	0.391772	0.302171	0.1958	0.2817	0.1110	0.0450	0.3154	0.1583	0.0175
000299	V	0.502827	0.383115	0.302540	0.2122	0.3019	0.1270	0.0460	0.3049	0.1194	0.0252
000300	K	0.394126	0.403332	0.302710	0.1921	0.2193	0.1420	0.0380	0.2756	0.0993	0.0328
000301	S	0.315063	0.469843	0.302680	0.2080	0.1791	0.1410	0.0410	0.2693	0.1093	0.0444
000302	K	0.216515	0.492706	0.302204	0.1380	0.1275	0.1200	0.0350	0.2328	0.1325	0.0678
000303	R	0.113392	0.487447	0.300884	0.0884	0.1206	0.1140	0.0330	0.2041	0.1451	0.1047
000304	N	0.018114	0.484142	0.299797	0.0660	0.1184	0.0940	0.0230	0.1800	0.1619	0.1467
000305	T	0.001994	0.451958	0.297155	0.1998	0.2609	0.0860	0.0230	0.2163	0.1456	0.2081
000306	D	0.002233	0.386050	0.293714	0.2432	0.1759	0.0790	0.0250	0.1967	0.1288	0.2336
000307	V	0.001875	0.311273	0.290774	0.2385	0.1969	0.0790	0.0260	0.1863	0.1118	0.2234
000308	M	0.001776	0.266914	0.290781	0.0935	0.1942	0.0650	0.0190	0.1521	0.1063	0.1932
000309	H	0.001795	0.228698	0.291958	0.1532	0.2817	0.0500	0.0160	0.1678	0.1109	0.1442
000310	H	0.001670	0.188357	0.293938	0.1732	0.1731	0.0430	0.0140	0.1455	0.0972	0.1099
000311	Y	0.001491	0.172441	0.296597	0.1732	0.1791	0.0440	0.0160	0.1445	0.0970	0.0675
000312	W	0.001486	0.176414	0.299579	0.0526	0.1852	0.0490	0.0160	0.1273	0.1025	0.0390
000313	V	0.001475	0.207873	0.301611	0.0502	0.0780	0.0480	0.0140	0.1145	0.1052	0.0178
000314	E	0.001233	0.233893	0.303004	0.0490	0.0765	0.0480	0.0140	0.1186	0.1100	0.0054
000315	G	0.000326	0.243676	0.304184	0.0118	0.0749	0.0530	0.0180	0.1147	0.1166	0.0017
000316	N	0.000320	0.245916	0.305198	0.0102	0.0749	0.0550	0.0170	0.1152	0.1174	0.0006
000317	C	0.000304	0.265860	0.306080	0.0116	0.0543	0.0620	0.0190	0.1166	0.1222	0.0002
000318	P	0.000359	0.303170	0.305673	0.0137	0.0719	0.0710	0.0270	0.1277	0.1278	0.0001
000319	T	0.000383	0.316618	0.305273	0.0116	0.0300	0.0740	0.0290	0.1230	0.1349	0.0001
000320	K	0.000405	0.359631	0.304634	0.0128	0.0198	0.0770	0.0330	0.1291	0.1464	0.0000
000321	C	0.000487	0.386466	0.304644	0.0026	0.0202	0.0880	0.0390	0.1337	0.1544	0.0000
000322	D	0.000568	0.382123	0.304722	0.0018	0.0313	0.0920	0.0420	0.1353	0.1518	0.0000
000323	K	0.000621	0.365715	0.304271	0.0033	0.0341	0.0910	0.0390	0.1332	0.1468	0.0000
000324	C	0.000602	0.359615	0.302285	0.0040	0.0454	0.0910	0.0390	0.1338	0.1436	0.0000
000325	H	0.000550	0.311753	0.299161	0.0026	0.0424	0.0830	0.0370	0.1232	0.1318	0.0001
000326	K	0.000522	0.276331	0.294747	0.0022	0.0300	0.0660	0.0270	0.1116	0.1250	0.0001
000327	T	0.000408	0.275724	0.291079	0.0015	0.0294	0.0550	0.0240	0.1088	0.1249	0.0003
000328	V	0.000383	0.250728	0.288403	0.0062	0.0287	0.0520	0.0260	0.1044	0.1185	0.0007
000329	K	0.000363	0.230923	0.287578	0.0042	0.0202	0.0460	0.0230	0.0982	0.1160	0.0007
000330	C	0.000279	0.235180	0.287804	0.0005	0.0141	0.0470	0.0260	0.0975	0.1180	0.0008
000331	Y	0.000195	0.227744	0.286934	0.0004	0.0074	0.0520	0.0310	0.0958	0.1168	0.0018
000332	Q	0.000140	0.198726	0.286215	0.0008	0.0141	0.0490	0.0270	0.0915	0.1109	0.0029
000333	G	0.000041	0.168613	0.285606	0.0002	0.0101	0.0460	0.0210	0.0850	0.1071	0.0034
000334	L	0.000022	0.153254	0.286129	0.0002	0.0100	0.0470	0.0190	0.0827	0.1054	0.0044
000335	T	0.000007	0.126352	0.285535	0.0005	0.0157	0.0450	0.0190	0.0789	0.1020	0.0050
000336	G	0.000007	0.107073	0.286045	0.0005	0.0160	0.0430	0.0170	0.0754	0.1010	0.0045
000337	L	0.000007	0.080497	0.287627	0.0003	0.0163	0.0420	0.0160	0.0712	0.1007	0.0041
000338	H	0.000050	0.077446	0.291758	0.0003	0.0165	0.0420	0.0160	0.0713	0.1022	0.0033
000339	C	0.000066	0.087324	0.295845	0.0004	0.0096	0.0410	0.0160	0.0723	0.1045	0.0026
000340	V	0.000071	0.100076	0.300128	0.0004	0.0090	0.0400	0.0150	0.0749	0.1065	0.0028
000341	W	0.000081	0.103622	0.303873	0.0004	0.0181	0.0400	0.0150	0.0777	0.1071	0.0029
000342	C	0.000113	0.135008	0.307608	0.0006	0.0281	0.0400	0.0150	0.0852	0.1093	0.0019
000343	Q	0.000128	0.155184	0.312105	0.0006	0.0202	0.0400	0.0150	0.0881	0.1133	0.0022
000344	I	0.000133	0.188850	0.316753	0.0006	0.0205	0.0470	0.0190	0.0956	0.1182	0.0029
000345	T	0.000137	0.212281	0.321036	0.0005	0.0327	0.0530	0.0240	0.1033	0.1211	0.0032
000346	L	0.000139	0.214735	0.325792	0.0006	0.0349	0.0600	0.0270	0.1061	0.1222	0.0039
000347	H	0.000102	0.240231	0.331211	0.0007	0.0148	0.0660	0.0280	0.1088	0.1297	0.0041
000348	N	0.000284	0.267854	0.337379	0.0010	0.0209	0.0700	0.0280	0.1163	0.1353	0.0034
000349	K	0.000673	0.292665	0.343823	0.0004	0.0100	0.0740	0.0290	0.1203	0.1430	0.0033
000350	C	0.000861	0.334240	0.349628	0.0035	0.0214	0.0870	0.0360	0.1327	0.1507	0.0026
000351	A	0.001089	0.359393	0.355783	0.0008	0.0313	0.0880	0.0340	0.1395	0.1570	0.0027
000352	S	0.001217	0.376658	0.361201	0.0010	0.0334	0.1050	0.0330	0.1465	0.1612	0.0027
000353	H	0.001361	0.395701	0.368071	0.0128	0.0929	0.1550	0.0460	0.1710	0.1578	0.0032
000354	L	0.001516	0.413975	0.376286	0.0079	0.0948	0.1480	0.0390	0.1738	0.1647	0.0031
000355	K	0.001832	0.416973	0.386489	0.0116	0.1399	0.1090	0.0260	0.1777	0.1661	0.0027
000356	P	0.003939	0.437309	0.398462	0.0141	0.1007	0.0970	0.0250	0.1753	0.1758	0.0026
000357	E	0.011696	0.460505	0.411823	0.0226	0.1048	0.1000	0.0250	0.1852	0.1814	0.0027
000358	C	0.019135	0.449381	0.426977	0.0179	0.1184	0.0940	0.0260	0.1876	0.1810	0.0032
000359	D	0.022315	0.434864	0.443509	0.0124	0.1275	0.0780	0.0200	0.1865	0.1826	0.0059
000360	C	0.023621	0.435952	0.461491	0.0144	0.1275	0.0930	0.0360	0.1926	0.1853	0.0100
000361	G	0.028957	0.431859	0.479568	0.0832	0.2680	0.0950	0.0390	0.2311	0.1754	0.0226
000362	P	0.041151	0.422872	0.496866	0.0991	0.2292	0.1170	0.0490	0.2344	0.1702	0.0408
000363	L	0.045108	0.428615	0.513807	0.0935	0.1137	0.1740	0.0880	0.2282	0.1777	0.0738
000364	K	0.044970	0.438527	0.531067	0.0813	0.1275	0.2090	0.1020	0.2387	0.1830	0.1071
000365	D	0.044053	0.448676	0.549346	0.0567	0.1373	0.2440	0.1290	0.2467	0.1921	0.1493
000366	H	0.040766	0.426291	0.568475	0.0677	0.1070	0.2850	0.1590	0.2491	0.1963	0.2078
000367	I	0.047314	0.434833	0.588025	0.0441	0.0690	0.3090	0.1620	0.2487	0.2114	0.2749
000368	L	0.072459	0.453621	0.608403	0.0304	0.0676	0.3250	0.1610	0.2595	0.2191	0.3369
000369	P	0.082611	0.465890	0.628279	0.0832	0.1643	0.3140	0.1550	0.2898	0.2031	0.3783
000370	P	0.113300	0.483559	0.648423	0.0858	0.1184	0.3120	0.1590	0.2936	0.2116	0.3908
000371	T	0.161481	0.518701	0.668142	0.2385	0.2680	0.3220	0.1760	0.3628	0.1752	0.4093
000372	T	0.251686	0.571158	0.687868	0.1921	0.2715	0.3650	0.2020	0.3899	0.1800	0.4084
000373	I	0.356510	0.594123	0.707270	0.1998	0.2503	0.4230	0.1930	0.4219	0.1799	0.4081
000374	C	0.461248	0.605496	0.726009	0.2748	0.3087	0.4280	0.1820	0.4675	0.1580	0.4010
000375	P	0.565837	0.655307	0.744575	0.2786	0.2645	0.4290	0.1730	0.4897	0.1813	0.4164
000376	V	0.652458	0.686072	0.762864	0.2786	0.2541	0.5150	0.1700	0.5248	0.1971	0.4316
000377	V	0.704912	0.712010	0.779640	0.2385	0.2064	0.5430	0.1430	0.5307	0.2295	0.4281
000378	L	0.781089	0.734688	0.794944	0.3005	0.2884	0.5260	0.1390	0.5709	0.2145	0.4246
000379	Q	0.834079	0.742478	0.808799	0.3146	0.3529	0.4920	0.1270	0.5907	0.2131	0.4252
000380	T	0.872010	0.734166	0.821664	0.3184	0.3392	0.4840	0.1080	0.5949	0.2243	0.4243
000381	L	0.884416	0.753882	0.834424	0.2963	0.3321	0.4360	0.0930	0.5895	0.2415	0.4252
000382	P	0.880471	0.791424	0.846043	0.3053	0.3356	0.4190	0.1010	0.5963	0.2467	0.4286
000383	T	0.868862	0.801347	0.857618	0.3263	0.3356	0.5100	0.0780	0.6166	0.2347	0.4323
000384	S	0.837469	0.825233	0.867013	0.3885	0.4017	0.5260	0.0860	0.6410	0.2073	0.4358
000385	G	0.830294	0.838145	0.874960	0.5331	0.4979	0.5590	0.0970	0.6889	0.1605	0.4398
000386	V	0.836556	0.849814	0.880671	0.5043	0.4801	0.5990	0.0940	0.6917	0.1684	0.4426
000387	S	0.838394	0.859716	0.884546	0.5043	0.5296	0.6140	0.0840	0.7051	0.1598	0.4425
000388	V	0.843005	0.866762	0.887093	0.5473	0.5951	0.6060	0.0770	0.7241	0.1432	0.4415
000389	P	0.836512	0.879089	0.888653	0.5941	0.6712	0.5850	0.0880	0.7424	0.1297	0.4379
000390	E	0.822304	0.887800	0.889199	0.5900	0.6620	0.6360	0.0980	0.7480	0.1223	0.4347
000391	E	0.812150	0.893538	0.889133	0.5941	0.6620	0.6890	0.0890	0.7567	0.1150	0.4311
000392	R	0.811825	0.901630	0.889485	0.6442	0.7331	0.7020	0.0880	0.7804	0.0953	0.4271
000393	Q	0.829577	0.906346	0.891509	0.6334	0.7163	0.7070	0.0740	0.7807	0.1014	0.4240
000394	S	0.828866	0.916740	0.893713	0.6412	0.7209	0.6980	0.0730	0.7832	0.1028	0.4208
000395	T	0.834744	0.923774	0.895465	0.6442	0.7505	0.7130	0.0700	0.7937	0.0997	0.4143
000396	V	0.825861	0.931577	0.895963	0.6442	0.7595	0.7540	0.0590	0.8018	0.0959	0.4082
000397	K	0.828757	0.936578	0.895724	0.7192	0.8125	0.7270	0.0810	0.8200	0.0799	0.3950
000398	K	0.845493	0.940806	0.894984	0.7275	0.7595	0.7210	0.0930	0.8149	0.0843	0.3850
000399	E	0.796759	0.943793	0.893682	0.7688	0.7331	0.7340	0.0970	0.8117	0.0800	0.3790
000400	K	0.790807	0.944048	0.892142	0.7111	0.7209	0.7600	0.1140	0.8032	0.0866	0.3817
000401	S	0.778192	0.942632	0.890114	0.6681	0.7080	0.7550	0.1280	0.7903	0.0968	0.3879
000402	G	0.765068	0.940355	0.887926	0.6789	0.7080	0.7720	0.1360	0.7920	0.0933	0.3924
000403	S	0.779415	0.936209	0.885198	0.6650	0.6906	0.7780	0.1460	0.7891	0.0968	0.3947
000404	Q	0.795023	0.932875	0.881843	0.6715	0.6576	0.7840	0.1500	0.7872	0.1003	0.3959
000405	Q	0.812526	0.927302	0.877278	0.6650	0.6661	0.8010	0.1530	0.7915	0.0984	0.4052
000406	P	0.826757	0.918569	0.870815	0.6650	0.6755	0.7670	0.1800	0.7873	0.0945	0.4167
000407	N	0.825116	0.905270	0.862073	0.7147	0.7120	0.7790	0.1760	0.7996	0.0719	0.4290
000408	K	0.886084	0.894296	0.851872	0.7317	0.7209	0.7720	0.1920	0.8095	0.0709	0.4497
000409	V	0.901205	0.880868	0.841543	0.7079	0.7209	0.7810	0.1800	0.8055	0.0746	0.4714
000410	I	0.893182	0.864444	0.831788	0.7147	0.6375	0.7990	0.1610	0.7901	0.0885	0.4866
000411	D	0.885511	0.849647	0.822169	0.7192	0.6427	0.7770	0.1580	0.7827	0.0819	0.4955
000412	K	0.852867	0.833325	0.812070	0.6681	0.5707	0.8060	0.1190	0.7572	0.1025	0.4996
000413	N	0.803874	0.810676	0.800768	0.6557	0.5854	0.7960	0.1360	0.7420	0.0883	0.5087
000414	K	0.751145	0.790309	0.790073	0.6035	0.5901	0.7720	0.1550	0.7162	0.0855	0.5214
000415	M	0.662521	0.772230	0.781843	0.6079	0.5901	0.7820	0.1560	0.6995	0.0823	0.5349
000416	Q	0.577739	0.763564	0.777030	0.6035	0.5854	0.7610	0.1590	0.6781	0.0897	0.5279
000417	R	0.509447	0.758232	0.773446	0.5846	0.4831	0.7450	0.1450	0.6422	0.1207	0.5239
000418	A	0.493496	0.742847	0.770221	0.5802	0.4831	0.7470	0.1210	0.6361	0.1215	0.5216
000419	N	0.504549	0.734415	0.764935	0.5296	0.4256	0.7730	0.1430	0.6220	0.1395	0.5108
000420	S	0.531107	0.717389	0.756603	0.5802	0.4831	0.7640	0.1480	0.6387	0.1118	0.5017
000421	V	0.565000	0.697519	0.745157	0.5802	0.5951	0.7500	0.1860	0.6555	0.0777	0.4941
000422	T	0.613729	0.676564	0.732326	0.5583	0.5176	0.7370	0.1940	0.6393	0.0833	0.4872
000423	V	0.670556	0.656124	0.719396	0.5846	0.5493	0.7290	0.1740	0.6515	0.0657	0.4848
000424	D	0.757627	0.635707	0.706159	0.5229	0.5419	0.7060	0.1530	0.6451	0.0874	0.4793
000425	G	0.842634	0.607470	0.691471	0.5514	0.5456	0.6690	0.1430	0.6512	0.1013	0.4718
000426	Q	0.909043	0.573444	0.675210	0.5583	0.5758	0.6750	0.1380	0.6611	0.1207	0.4636
000427	G	0.913791	0.561106	0.656228	0.5473	0.6043	0.6250	0.1370	0.6514	0.1230	0.4653
000428	L	0.833324	0.540677	0.637063	0.5412	0.5139	0.6130	0.1630	0.6132	0.1075	0.4642
000429	Q	0.734495	0.520058	0.619410	0.5992	0.4685	0.5780	0.1820	0.5865	0.0832	0.4608
000430	V	0.629674	0.512907	0.604476	0.5173	0.4087	0.5320	0.1650	0.5342	0.0714	0.4622
000431	T	0.560384	0.499627	0.591195	0.4458	0.3249	0.4400	0.1700	0.4770	0.0875	0.4612
000432	P	0.483270	0.484807	0.577154	0.4420	0.3249	0.3520	0.1670	0.4440	0.0853	0.4614
000433	V	0.407468	0.457681	0.561616	0.3717	0.3356	0.3010	0.1410	0.4059	0.0856	0.4599
000434	P	0.333728	0.416531	0.544869	0.3630	0.4149	0.2410	0.1040	0.3857	0.0924	0.4550
000435	G	0.289706	0.379216	0.528049	0.3578	0.4017	0.2160	0.0710	0.3621	0.0965	0.4494
000436	T	0.240806	0.349323	0.512838	0.3847	0.4017	0.1860	0.0520	0.3458	0.1074	0.4427
000437	H	0.291406	0.313436	0.499834	0.3762	0.3983	0.1680	0.0520	0.3412	0.1024	0.4363
000438	P	0.348779	0.280751	0.490387	0.3717	0.3983	0.1450	0.0510	0.3391	0.1071	0.4276
000439	L	0.350744	0.243466	0.482889	0.4282	0.4652	0.1310	0.0480	0.3502	0.1268	0.4162
000440	L	0.321816	0.255028	0.476514	0.4149	0.4652	0.1220	0.0450	0.3425	0.1259	0.4074
000441	V	0.301088	0.267886	0.469694	0.4749	0.5254	0.1180	0.0430	0.3595	0.1432	0.4005
000442	F	0.269664	0.307100	0.464444	0.4918	0.5382	0.1190	0.0390	0.3651	0.1465	0.3948
000443	V	0.243475	0.351637	0.460485	0.4600	0.5098	0.1160	0.0310	0.3569	0.1388	0.3965
000444	N	0.206084	0.400703	0.458618	0.5253	0.4901	0.1160	0.0310	0.3661	0.1520	0.4008
000445	P	0.167140	0.457334	0.456570	0.5084	0.3872	0.1340	0.0280	0.3518	0.1469	0.4043
000446	K	0.114361	0.482032	0.452428	0.4379	0.3910	0.1760	0.0460	0.3423	0.1430	0.4089
000447	S	0.054703	0.518820	0.445197	0.3668	0.3840	0.2290	0.0840	0.3331	0.1522	0.4149
000448	G	0.049063	0.532470	0.437504	0.3668	0.2951	0.2420	0.0700	0.3204	0.1535	0.4231
000449	G	0.040678	0.523671	0.430636	0.3456	0.2783	0.2180	0.0700	0.3061	0.1546	0.4297
000450	K	0.038593	0.541639	0.425532	0.3184	0.2645	0.2020	0.0660	0.2984	0.1601	0.4307
000451	Q	0.041545	0.551037	0.421339	0.4078	0.2645	0.1590	0.0600	0.3075	0.1718	0.4255
000452	G	0.116087	0.545307	0.418378	0.3847	0.2503	0.1270	0.0490	0.3069	0.1568	0.4237
000453	E	0.132403	0.508163	0.414526	0.3847	0.3426	0.1070	0.0480	0.3149	0.1469	0.4242
000454	R	0.157751	0.429197	0.409285	0.3668	0.4220	0.0920	0.0440	0.3129	0.1356	0.4284
000455	I	0.158953	0.375908	0.401734	0.3668	0.4149	0.0780	0.0350	0.2993	0.1310	0.4326
000456	Y	0.162210	0.314485	0.394421	0.3630	0.3983	0.0620	0.0260	0.2824	0.1269	0.4308
000457	R	0.165969	0.275332	0.386145	0.3668	0.3426	0.0580	0.0230	0.2658	0.1183	0.4281
000458	K	0.168797	0.256217	0.378726	0.3847	0.2645	0.0620	0.0270	0.2525	0.1131	0.4258
000459	F	0.170960	0.241030	0.370348	0.3184	0.2645	0.0730	0.0330	0.2397	0.0970	0.4219
000460	Q	0.167975	0.229220	0.360828	0.2385	0.1969	0.0800	0.0340	0.2122	0.0845	0.4224
000461	Y	0.086221	0.226654	0.350455	0.2333	0.1969	0.0970	0.0370	0.1984	0.0895	0.4211
000462	L	0.049278	0.226358	0.339889	0.1532	0.1914	0.1120	0.0370	0.1787	0.0915	0.4214
000463	L	0.027679	0.211622	0.330265	0.1532	0.2034	0.1210	0.0300	0.1745	0.0925	0.4269
000464	N	0.035800	0.233531	0.321913	0.1495	0.1942	0.1280	0.0300	0.1772	0.0891	0.4301
000465	P	0.086835	0.266152	0.315472	0.1380	0.2164	0.1200	0.0360	0.1905	0.0821	0.4190
000466	R	0.192405	0.287415	0.309750	0.1921	0.2609	0.1550	0.0570	0.2330	0.0563	0.4073
000467	Q	0.297011	0.314016	0.303200	0.2913	0.3667	0.1860	0.0810	0.2930	0.0540	0.3968
000468	V	0.325700	0.341378	0.295940	0.2333	0.3631	0.2220	0.0870	0.2969	0.0530	0.3884
000469	Y	0.325025	0.392217	0.287953	0.2558	0.3019	0.2500	0.0970	0.3022	0.0477	0.3791
000470	S	0.329284	0.440507	0.279619	0.3456	0.4017	0.2780	0.1040	0.3458	0.0597	0.3685
000471	L	0.339708	0.473700	0.269858	0.2292	0.3087	0.3590	0.1270	0.3300	0.0773	0.3590
000472	S	0.342298	0.528743	0.259628	0.3096	0.3019	0.3870	0.1590	0.3549	0.0869	0.3477
000473	G	0.336685	0.541583	0.247699	0.2865	0.3667	0.4110	0.1700	0.3650	0.0949	0.3411
000474	N	0.293614	0.527054	0.235231	0.2602	0.4476	0.4280	0.1690	0.3652	0.1080	0.3402
000475	G	0.192375	0.508348	0.221976	0.2483	0.3807	0.3800	0.1180	0.3219	0.1108	0.3465
000476	P	0.095720	0.498697	0.208589	0.2333	0.3807	0.3040	0.0600	0.2868	0.1288	0.3553
000477	M	0.073625	0.465614	0.195207	0.1667	0.3910	0.2830	0.0600	0.2625	0.1339	0.3655
000478	P	0.083496	0.423943	0.181821	0.1667	0.2918	0.2160	0.0530	0.2273	0.1075	0.3724
000479	G	0.089670	0.381601	0.167504	0.2333	0.3494	0.2040	0.0570	0.2375	0.1010	0.3831
000480	L	0.085911	0.315795	0.152032	0.2167	0.3740	0.1790	0.0480	0.2207	0.0976	0.3968
000481	N	0.086373	0.266797	0.137004	0.2080	0.3053	0.1770	0.0540	0.1967	0.0741	0.4117
000482	F	0.088725	0.228687	0.124193	0.2255	0.3494	0.1770	0.0620	0.1989	0.0841	0.4326
000483	F	0.087173	0.201601	0.113067	0.1602	0.2783	0.1550	0.0660	0.1659	0.0620	0.4189
000484	R	0.088998	0.171365	0.103819	0.1380	0.2783	0.1250	0.0540	0.1509	0.0627	0.4169
000485	D	0.084959	0.153018	0.095987	0.0789	0.2645	0.0990	0.0390	0.1294	0.0650	0.4190
000486	V	0.081203	0.138908	0.090691	0.0789	0.2752	0.0880	0.0350	0.1254	0.0699	0.4269
000487	P	0.079001	0.126925	0.086608	0.0643	0.2470	0.0610	0.0160	0.1109	0.0646	0.4301
000488	D	0.072014	0.114866	0.084791	0.0935	0.2783	0.0570	0.0120	0.1167	0.0745	0.4170
000489	F	0.067744	0.115676	0.084550	0.0771	0.1914	0.0520	0.0120	0.0981	0.0460	0.4050
000490	R	0.062437	0.119288	0.085506	0.0771	0.1914	0.0460	0.0130	0.0969	0.0479	0.3851
000491	V	0.056303	0.116673	0.086274	0.0884	0.1702	0.0470	0.0130	0.0941	0.0409	0.3633
000492	L	0.046488	0.132643	0.085270	0.0832	0.1162	0.0450	0.0140	0.0848	0.0325	0.3469
000493	A	0.036456	0.135961	0.082529	0.1018	0.1251	0.0430	0.0140	0.0875	0.0378	0.3281
000494	C	0.028483	0.131145	0.079124	0.1266	0.2034	0.0410	0.0130	0.1017	0.0596	0.3153
000495	G	0.021019	0.137513	0.075772	0.0789	0.1399	0.0390	0.0120	0.0821	0.0448	0.3168
000496	G	0.012079	0.146373	0.072528	0.0771	0.0817	0.0420	0.0150	0.0719	0.0412	0.3159
000497	D	0.008547	0.133722	0.069847	0.0621	0.1206	0.0490	0.0240	0.0740	0.0424	0.3174
000498	G	0.005379	0.121504	0.068079	0.0316	0.1028	0.0430	0.0210	0.0620	0.0403	0.3174
000499	T	0.002983	0.111257	0.066607	0.0327	0.0817	0.0380	0.0180	0.0556	0.0353	0.3203
000500	V	0.001370	0.095500	0.064471	0.0567	0.1476	0.0360	0.0180	0.0669	0.0460	0.3241
000501	G	0.001442	0.077408	0.062260	0.0464	0.1048	0.0320	0.0170	0.0541	0.0329	0.3283
000502	W	0.001681	0.067655	0.060636	0.0643	0.1424	0.0350	0.0180	0.0620	0.0425	0.3383
000503	V	0.001648	0.064994	0.059364	0.0660	0.1969	0.0360	0.0160	0.0708	0.0607	0.3336
000504	L	0.002315	0.064412	0.058127	0.0789	0.2193	0.0400	0.0150	0.0772	0.0679	0.3253
000505	D	0.002816	0.065896	0.056583	0.1322	0.3182	0.0460	0.0150	0.1037	0.1033	0.3092
000506	C	0.003161	0.089939	0.055271	0.1150	0.3426	0.0690	0.0200	0.1124	0.1085	0.2867
000507	I	0.003431	0.118145	0.054471	0.1349	0.2884	0.0820	0.0220	0.1136	0.0891	0.2740
000508	E	0.003850	0.171698	0.054390	0.1456	0.2503	0.1050	0.0290	0.1218	0.0799	0.2619
000509	K	0.005831	0.237362	0.054769	0.1117	0.1759	0.1400	0.0490	0.1209	0.0760	0.2510
000510	A	0.008655	0.303590	0.055599	0.0965	0.1162	0.1590	0.0540	0.1233	0.0934	0.2408
000511	N	0.013008	0.329887	0.056474	0.0965	0.1791	0.2230	0.0650	0.1497	0.1072	0.2332
000512	V	0.023295	0.356302	0.057644	0.0607	0.1206	0.2300	0.0720	0.1414	0.1168	0.2330
000513	G	0.058869	0.367088	0.058895	0.1088	0.1881	0.1790	0.0600	0.1601	0.1057	0.2294
000514	K	0.085342	0.359760	0.060272	0.0965	0.2503	0.1500	0.0470	0.1670	0.1060	0.2353
000515	H	0.148793	0.345101	0.061356	0.1456	0.3249	0.1150	0.0370	0.1901	0.1065	0.2466
000516	P	0.230350	0.329166	0.061841	0.1380	0.3249	0.0940	0.0330	0.1963	0.1060	0.2617
000517	P	0.284654	0.308285	0.062378	0.2209	0.4087	0.0840	0.0330	0.2282	0.1227	0.2728
000518	V	0.293583	0.276162	0.063402	0.3005	0.4119	0.0840	0.0410	0.2383	0.1244	0.2765
000519	A	0.298671	0.254512	0.064842	0.2913	0.3704	0.0660	0.0280	0.2242	0.1175	0.2790
000520	I	0.298195	0.236207	0.066817	0.2209	0.3740	0.0620	0.0280	0.2097	0.1140	0.2834
000521	L	0.288263	0.231422	0.068874	0.2292	0.3249	0.0580	0.0240	0.2001	0.1021	0.2811
000522	P	0.254392	0.232259	0.071072	0.2333	0.2364	0.0530	0.0150	0.1800	0.0841	0.2735
000523	L	0.228494	0.214202	0.073160	0.2333	0.2988	0.0680	0.0180	0.1859	0.0860	0.2645
000524	G	0.165279	0.208236	0.075738	0.1732	0.2034	0.0630	0.0160	0.1482	0.0578	0.2554
000525	T	0.084099	0.209007	0.079237	0.1805	0.2034	0.0630	0.0200	0.1365	0.0621	0.2584
000526	G	0.031289	0.202816	0.082844	0.1349	0.2034	0.0550	0.0180	0.1184	0.0677	0.2596
000527	N	0.024096	0.193105	0.086017	0.1150	0.1823	0.0510	0.0160	0.1086	0.0627	0.2630
000528	D	0.038079	0.190388	0.088172	0.0991	0.0967	0.0470	0.0150	0.0932	0.0495	0.2737
000529	L	0.049343	0.184306	0.090158	0.1349	0.1424	0.0460	0.0150	0.1078	0.0506	0.2867
000530	A	0.063876	0.158314	0.092446	0.0935	0.1611	0.0430	0.0130	0.1020	0.0443	0.2978
000531	R	0.076178	0.143111	0.095428	0.1456	0.2436	0.0410	0.0110	0.1241	0.0648	0.3068
000532	C	0.093128	0.132675	0.098915	0.2080	0.3249	0.0440	0.0130	0.1502	0.0926	0.3236
000533	L	0.103936	0.130994	0.102501	0.1958	0.2258	0.0480	0.0120	0.1345	0.0599	0.3437
000534	R	0.110684	0.134296	0.106128	0.2748	0.2680	0.0550	0.0130	0.1582	0.0834	0.3610
000535	W	0.110833	0.161204	0.109708	0.1878	0.2645	0.0670	0.0170	0.1502	0.0642	0.3861
000536	G	0.122157	0.198997	0.113654	0.1635	0.1881	0.0720	0.0200	0.1431	0.0445	0.3798
000537	G	0.109193	0.236598	0.118201	0.1602	0.1275	0.0820	0.0240	0.1389	0.0495	0.3778
000538	G	0.098134	0.273717	0.123518	0.1088	0.1162	0.1160	0.0530	0.1394	0.0606	0.3796
000539	Y	0.095515	0.305917	0.129266	0.0677	0.1162	0.1110	0.0470	0.1377	0.0777	0.3764
000540	E	0.103198	0.332168	0.137831	0.1018	0.1162	0.0940	0.0240	0.1475	0.0838	0.3737
000541	G	0.087473	0.360521	0.149334	0.1240	0.1424	0.1020	0.0270	0.1610	0.0917	0.3736
000542	E	0.102478	0.357639	0.163296	0.0813	0.1501	0.1050	0.0280	0.1599	0.0928	0.3759
000543	N	0.115068	0.332823	0.177729	0.1240	0.2094	0.1170	0.0340	0.1794	0.0769	0.3739
000544	L	0.132097	0.323204	0.192060	0.1766	0.2884	0.1030	0.0330	0.2026	0.0791	0.3749
000545	M	0.130706	0.325139	0.206603	0.1766	0.3019	0.0970	0.0320	0.2063	0.0835	0.3722
000546	K	0.193056	0.301387	0.219851	0.2558	0.3149	0.1070	0.0480	0.2320	0.0702	0.3608
000547	I	0.272458	0.331015	0.230524	0.2657	0.2783	0.1100	0.0470	0.2480	0.0684	0.3676
000548	L	0.319305	0.359413	0.238461	0.1998	0.2034	0.1140	0.0460	0.2390	0.0811	0.3699
000549	K	0.320755	0.359473	0.245003	0.1732	0.2094	0.1220	0.0490	0.2383	0.0818	0.3658
000550	D	0.321089	0.378954	0.251260	0.1878	0.2951	0.1250	0.0450	0.2598	0.0843	0.3655
000551	I	0.316432	0.387127	0.256573	0.1921	0.2002	0.1300	0.0500	0.2470	0.0852	0.3629
000552	E	0.313402	0.375435	0.261096	0.1878	0.1942	0.1370	0.0610	0.2448	0.0812	0.3626
000553	N	0.315415	0.368226	0.265237	0.1117	0.1070	0.1440	0.0660	0.2186	0.1027	0.3589
000554	S	0.342239	0.361510	0.269676	0.1088	0.1115	0.1420	0.0690	0.2226	0.1062	0.3640
000555	T	0.320259	0.322840	0.272785	0.1178	0.1206	0.1420	0.0670	0.2161	0.0910	0.3659
000556	E	0.284728	0.273454	0.274936	0.1495	0.0948	0.1440	0.0530	0.2035	0.0763	0.3742
000557	I	0.274513	0.230716	0.276070	0.1117	0.1115	0.1500	0.0650	0.1924	0.0708	0.3882
000558	M	0.304956	0.201698	0.277214	0.1060	0.1702	0.1330	0.0640	0.1988	0.0722	0.3972
000559	L	0.356489	0.157660	0.278305	0.1766	0.2503	0.1210	0.0580	0.2234	0.0800	0.4025
000560	D	0.380515	0.149470	0.279332	0.1844	0.2503	0.1090	0.0480	0.2255	0.0899	0.4101
000561	R	0.405574	0.144287	0.279836	0.1921	0.2503	0.1100	0.0430	0.2304	0.0973	0.4135
000562	W	0.424578	0.136681	0.279008	0.2531	0.3392	0.1210	0.0240	0.2590	0.1066	0.4193
000563	K	0.443796	0.146953	0.277212	0.2602	0.3215	0.1330	0.0510	0.2637	0.1055	0.4164
000564	F	0.457951	0.171140	0.274915	0.2786	0.3149	0.1930	0.1290	0.2817	0.0934	0.4177
000565	E	0.486321	0.208085	0.272536	0.2657	0.3249	0.1490	0.0760	0.2844	0.1058	0.4041
000566	V	0.453163	0.258620	0.270398	0.2657	0.3460	0.2110	0.1040	0.3009	0.0787	0.3901
000567	I	0.416727	0.326156	0.267886	0.2657	0.2715	0.3310	0.1420	0.3131	0.0536	0.3698
000568	P	0.365434	0.423444	0.264919	0.3630	0.3740	0.3130	0.1170	0.3507	0.0499	0.3463
000569	N	0.326892	0.518915	0.260970	0.3225	0.3215	0.4020	0.2030	0.3588	0.0825	0.3243
000570	D	0.306831	0.586360	0.256231	0.4245	0.3983	0.4470	0.2290	0.4033	0.1056	0.3103
000571	K	0.316743	0.673867	0.248898	0.3225	0.3117	0.4600	0.2040	0.3890	0.1423	0.2981
000572	D	0.262000	0.714408	0.239924	0.3311	0.2436	0.4810	0.2140	0.3787	0.1715	0.2921
000573	E	0.200470	0.727239	0.230344	0.3491	0.3356	0.4820	0.2050	0.3874	0.1771	0.2893
000574	K	0.127347	0.706058	0.220589	0.2913	0.3494	0.4360	0.1720	0.3550	0.1843	0.2895
000575	G	0.112742	0.625824	0.209748	0.3717	0.3631	0.3850	0.1450	0.3448	0.1601	0.2874
000576	D	0.096786	0.584003	0.197576	0.3630	0.2541	0.3030	0.0790	0.2997	0.1519	0.2906
000577	P	0.094823	0.500423	0.186960	0.3456	0.3117	0.2170	0.0260	0.2762	0.1295	0.2986
000578	V	0.090414	0.390272	0.179662	0.3491	0.3149	0.1920	0.0690	0.2527	0.1060	0.3093
000579	P	0.071943	0.317085	0.175149	0.3184	0.2918	0.1520	0.0790	0.2210	0.0938	0.3240
000580	Y	0.022734	0.261451	0.171398	0.2558	0.2258	0.1290	0.0660	0.1776	0.0836	0.3412
000581	S	0.021583	0.212690	0.168581	0.2483	0.2224	0.1090	0.0470	0.1637	0.0777	0.3587
000582	I	0.022681	0.189409	0.166144	0.1998	0.2034	0.0880	0.0370	0.1448	0.0672	0.3754
000583	I	0.020068	0.177877	0.163670	0.1921	0.1942	0.0780	0.0360	0.1376	0.0657	0.3866
000584	N	0.019619	0.161021	0.158780	0.1602	0.1251	0.0760	0.0340	0.1168	0.0529	0.3902
000585	N	0.018074	0.156846	0.152539	0.1698	0.1137	0.0780	0.0360	0.1148	0.0531	0.4000
000586	Y	0.017118	0.159437	0.146814	0.1178	0.1137	0.0830	0.0410	0.1063	0.0468	0.4128
000587	F	0.014428	0.155164	0.141332	0.0965	0.1070	0.0830	0.0450	0.0995	0.0455	0.4250
000588	S	0.011026	0.163264	0.136630	0.0771	0.0518	0.0710	0.0340	0.0851	0.0510	0.4262
000589	I	0.011156	0.174942	0.131802	0.1178	0.0749	0.0840	0.0340	0.0991	0.0512	0.4302
000590	G	0.014905	0.186948	0.127945	0.0526	0.0414	0.0790	0.0210	0.0838	0.0579	0.4283
000591	V	0.016663	0.202017	0.124894	0.0884	0.0605	0.0920	0.0170	0.0974	0.0573	0.4294
000592	D	0.019369	0.224185	0.123754	0.0526	0.0618	0.1150	0.0190	0.0994	0.0663	0.4303
000593	A	0.023577	0.233464	0.124321	0.0607	0.1048	0.1380	0.0310	0.1141	0.0659	0.4331
000594	S	0.072776	0.223503	0.125836	0.0935	0.1554	0.1500	0.0340	0.1368	0.0485	0.4311
000595	I	0.133830	0.223828	0.127085	0.0991	0.1501	0.1660	0.0490	0.1500	0.0389	0.4247
000596	A	0.165291	0.216197	0.128712	0.0991	0.1643	0.1940	0.0550	0.1613	0.0389	0.4292
000597	H	0.194926	0.229174	0.130369	0.1456	0.2575	0.2380	0.0890	0.1993	0.0474	0.4278
000598	R	0.231871	0.247157	0.133264	0.2333	0.3494	0.2840	0.1080	0.2464	0.0648	0.4181
000599	F	0.259614	0.282305	0.137106	0.2432	0.2609	0.2970	0.1190	0.2467	0.0519	0.4123
000600	H	0.290452	0.323721	0.141645	0.3096	0.3460	0.3430	0.1110	0.2924	0.0701	0.4046
000601	I	0.372717	0.384324	0.146931	0.2080	0.3426	0.3300	0.1220	0.2974	0.0885	0.3981
000602	M	0.458492	0.455800	0.152140	0.2657	0.3983	0.3510	0.1180	0.3469	0.1092	0.3798
000603	R	0.518744	0.531427	0.156518	0.2558	0.3631	0.3370	0.1180	0.3604	0.1338	0.3548
000604	E	0.561457	0.577368	0.158935	0.2786	0.3840	0.3500	0.1180	0.3851	0.1482	0.3341
000605	K	0.533495	0.626764	0.161148	0.2432	0.3948	0.3750	0.1220	0.3891	0.1585	0.3135
000606	H	0.509056	0.692471	0.164632	0.3053	0.4652	0.3910	0.1150	0.4213	0.1650	0.2945
000607	P	0.472114	0.715346	0.170849	0.3311	0.3910	0.3930	0.1390	0.4122	0.1639	0.2797
000608	E	0.442539	0.731694	0.178383	0.3399	0.3019	0.4250	0.1710	0.4032	0.1707	0.2700
000609	K	0.407642	0.696164	0.185855	0.2531	0.2258	0.4370	0.1880	0.3676	0.1735	0.2646
000610	F	0.321799	0.706558	0.191443	0.2602	0.2258	0.3870	0.1390	0.3489	0.1722	0.2636
000611	N	0.230547	0.628102	0.195216	0.1921	0.2364	0.3260	0.0820	0.3015	0.1527	0.2586
000612	S	0.120728	0.578252	0.196856	0.1878	0.2164	0.3110	0.1000	0.2685	0.1494	0.2581
000613	R	0.016932	0.497083	0.196904	0.2385	0.2436	0.2790	0.0850	0.2453	0.1409	0.2646
000614	M	0.013298	0.419120	0.196501	0.1602	0.2503	0.2390	0.0730	0.2130	0.1207	0.2761
000615	K	0.007967	0.357823	0.197933	0.1566	0.2364	0.1850	0.0760	0.1903	0.1038	0.2810
000616	N	0.006898	0.305911	0.201552	0.1495	0.2503	0.1570	0.0750	0.1786	0.0937	0.2887
000617	K	0.001105	0.274595	0.205925	0.1602	0.2503	0.1310	0.0580	0.1706	0.0902	0.2993
000618	F	0.000196	0.230768	0.211263	0.1416	0.1449	0.1200	0.0530	0.1415	0.0745	0.3131
000619	W	0.000144	0.187410	0.216912	0.1292	0.1349	0.1130	0.0530	0.1303	0.0683	0.3244
000620	Y	0.000131	0.189343	0.223303	0.0789	0.1206	0.1040	0.0510	0.1194	0.0728	0.3243
000621	F	0.000131	0.182974	0.230073	0.1349	0.1969	0.0980	0.0580	0.1404	0.0759	0.3216
000622	E	0.000064	0.199091	0.237001	0.1150	0.1373	0.0910	0.0570	0.1299	0.0763	0.3204
000623	F	0.000024	0.225381	0.244306	0.1150	0.1373	0.1070	0.0650	0.1382	0.0811	0.3163
000624	G	0.000028	0.247489	0.251754	0.0677	0.1323	0.1180	0.0640	0.1362	0.0907	0.3086
000625	T	0.000050	0.292113	0.260508	0.0789	0.1028	0.1530	0.0800	0.1479	0.1018	0.3010
000626	S	0.000964	0.335714	0.270653	0.0701	0.1070	0.1890	0.0940	0.1623	0.1156	0.2976
000627	E	0.017212	0.357561	0.280622	0.0414	0.1115	0.2090	0.0920	0.1695	0.1240	0.2955
000628	T	0.050134	0.376438	0.289817	0.0376	0.1115	0.2310	0.0710	0.1827	0.1258	0.2892
000629	F	0.083057	0.421620	0.297484	0.0701	0.1373	0.2280	0.0470	0.2063	0.1249	0.2802
000630	S	0.122223	0.451488	0.304165	0.1178	0.2258	0.2210	0.0540	0.2404	0.1142	0.2700
000631	A	0.161422	0.460758	0.310218	0.1150	0.2292	0.2310	0.0680	0.2513	0.1117	0.2635
000632	T	0.202786	0.486868	0.314685	0.1921	0.3356	0.2400	0.0780	0.2954	0.1008	0.2606
000633	C	0.234254	0.482614	0.317675	0.1205	0.2575	0.2350	0.0840	0.2747	0.1098	0.2570
000634	K	0.256056	0.464625	0.318171	0.2080	0.3566	0.2000	0.0770	0.3005	0.0923	0.2545
000635	K	0.270653	0.435892	0.317764	0.1322	0.3529	0.1910	0.0700	0.2833	0.1007	0.2533
000636	L	0.291222	0.414900	0.316326	0.1456	0.2951	0.1860	0.0690	0.2748	0.0882	0.2533
000637	H	0.280282	0.384617	0.314556	0.1456	0.3087	0.1720	0.0520	0.2677	0.0834	0.2549
000638	E	0.262608	0.367396	0.310544	0.0991	0.2258	0.1890	0.0630	0.2424	0.0860	0.2543
000639	S	0.238563	0.373450	0.304699	0.1060	0.2258	0.1860	0.0670	0.2391	0.0847	0.2614
000640	V	0.226291	0.350899	0.298993	0.1088	0.2470	0.1550	0.0580	0.2312	0.0817	0.2694
000641	E	0.233376	0.325197	0.295703	0.1178	0.1852	0.1250	0.0420	0.2138	0.0789	0.2815
000642	I	0.241335	0.302788	0.295269	0.0832	0.2129	0.1240	0.0430	0.2099	0.0820	0.3032
000643	E	0.276989	0.286532	0.295358	0.0526	0.1501	0.1220	0.0460	0.1973	0.0937	0.3148
000644	C	0.331399	0.236944	0.295844	0.0858	0.2002	0.1230	0.0470	0.2121	0.0875	0.3350
000645	D	0.347828	0.194540	0.296149	0.0567	0.1399	0.1250	0.0510	0.1934	0.1005	0.3549
000646	G	0.372886	0.158383	0.296374	0.0643	0.1528	0.1210	0.0510	0.1943	0.1061	0.3807
000647	V	0.401652	0.120279	0.295642	0.0660	0.2164	0.1080	0.0470	0.2014	0.1175	0.4028
000648	Q	0.406081	0.105673	0.295041	0.0744	0.1528	0.1050	0.0430	0.1898	0.1203	0.4185
000649	I	0.406109	0.097017	0.295159	0.0677	0.1251	0.1140	0.0430	0.1841	0.1233	0.4276
000650	D	0.359807	0.103451	0.296535	0.0441	0.0851	0.1400	0.0600	0.1715	0.1158	0.4150
000651	L	0.341882	0.108137	0.298281	0.0621	0.0765	0.1590	0.0620	0.1743	0.1082	0.3935
000652	I	0.299005	0.117547	0.300414	0.0376	0.0765	0.1840	0.0680	0.1692	0.1024	0.3737
000653	N	0.242180	0.114813	0.303374	0.0405	0.0780	0.2200	0.0790	0.1665	0.0946	0.3699
000654	I	0.198323	0.130410	0.307831	0.0336	0.0851	0.2480	0.0860	0.1673	0.0942	0.3559
000655	S	0.161318	0.140620	0.314648	0.0363	0.1251	0.2520	0.0820	0.1717	0.0899	0.3534
000656	L	0.138706	0.140183	0.322633	0.0405	0.1048	0.2460	0.0800	0.1655	0.0930	0.3515
000657	E	0.153829	0.152085	0.333019	0.0425	0.1070	0.2410	0.0760	0.1716	0.0935	0.3494
000658	G	0.183196	0.160603	0.345508	0.0587	0.1449	0.2450	0.0690	0.1896	0.0888	0.3445
000659	I	0.235489	0.181419	0.361025	0.0554	0.1373	0.2410	0.0660	0.2019	0.0949	0.3399
000660	A	0.226774	0.220379	0.376836	0.0991	0.1942	0.2320	0.0660	0.2249	0.0816	0.3425
000661	I	0.241463	0.241880	0.391529	0.0965	0.1969	0.2420	0.0870	0.2350	0.0869	0.3453
000662	L	0.236890	0.281920	0.404155	0.1602	0.1969	0.2480	0.0930	0.2547	0.0771	0.3551
000663	N	0.249091	0.332511	0.416115	0.2255	0.1791	0.2560	0.0940	0.2764	0.0773	0.3635
000664	I	0.274899	0.367521	0.428922	0.1698	0.1731	0.3040	0.1110	0.2864	0.0947	0.3641
000665	P	0.271950	0.375710	0.444981	0.1667	0.2470	0.3320	0.1280	0.3064	0.0903	0.3678
000666	S	0.262873	0.393018	0.464415	0.1667	0.2470	0.3890	0.1520	0.3206	0.1025	0.3709
000667	M	0.241967	0.417032	0.486203	0.2432	0.3215	0.3920	0.1460	0.3503	0.0901	0.3759
000668	H	0.249269	0.450893	0.508940	0.2432	0.3087	0.3660	0.1590	0.3545	0.0990	0.3861
000669	G	0.296242	0.485458	0.532565	0.2432	0.3117	0.3730	0.1620	0.3737	0.1038	0.3988
000670	G	0.365407	0.540210	0.556817	0.3225	0.3840	0.3560	0.1610	0.4208	0.0922	0.4105
000671	S	0.467313	0.588149	0.580584	0.3491	0.4051	0.3850	0.1630	0.4625	0.0931	0.4194
000672	N	0.554842	0.617994	0.603282	0.4203	0.4801	0.4390	0.1700	0.5193	0.0773	0.4267
000673	L	0.629381	0.649498	0.625057	0.5043	0.5665	0.4900	0.1610	0.5774	0.0624	0.4294
000674	W	0.721891	0.686864	0.647174	0.5229	0.5620	0.5220	0.1540	0.6105	0.0790	0.4330
000675	G	0.807305	0.718731	0.670241	0.6079	0.5620	0.5000	0.1630	0.6444	0.1013	0.4281
000676	E	0.882902	0.757341	0.694202	0.5802	0.5456	0.5640	0.1270	0.6707	0.1213	0.4241
000677	S	0.932189	0.776564	0.718892	0.5253	0.5456	0.6260	0.1040	0.6874	0.1408	0.4210
000678	K	0.983514	0.775166	0.743566	0.5331	0.5807	0.6660	0.1080	0.7136	0.1473	0.4179
000679	K	0.996127	0.785137	0.768294	0.5374	0.5758	0.7100	0.0920	0.7288	0.1509	0.4167
000680	R	0.996783	0.799598	0.791322	0.5374	0.5758	0.7210	0.0860	0.7370	0.1530	0.4171
000681	R	0.998768	0.806809	0.813201	0.5412	0.5807	0.7430	0.0750	0.7473	0.1535	0.4188
000682	S	0.999495	0.823084	0.833795	0.5374	0.5854	0.7680	0.0890	0.7579	0.1565	0.4207
000683	H	0.999624	0.839515	0.853093	0.5331	0.5758	0.7630	0.1120	0.7607	0.1622	0.4222
000684	R	0.999699	0.852245	0.869274	0.5992	0.6851	0.7800	0.1290	0.7976	0.1299	0.4241
000685	R	0.999785	0.859512	0.880855	0.6756	0.7951	0.7990	0.1400	0.8349	0.0985	0.4264
000686	I	0.999848	0.868415	0.887627	0.6681	0.7289	0.8350	0.1290	0.8313	0.1081	0.4297
000687	E	0.999860	0.873691	0.890220	0.6681	0.7163	0.8050	0.1560	0.8255	0.1111	0.4335
000688	K	0.999895	0.878107	0.888473	0.6219	0.7289	0.7950	0.1640	0.8187	0.1215	0.4313
000689	K	0.999907	0.874609	0.884046	0.6174	0.7036	0.8060	0.1540	0.8142	0.1252	0.4303
000690	G	0.999906	0.865510	0.877472	0.6124	0.7036	0.8080	0.1590	0.8111	0.1252	0.4293
000691	S	0.999798	0.850063	0.872087	0.5900	0.7120	0.7950	0.1800	0.8031	0.1287	0.4282
000692	D	0.986577	0.842579	0.867943	0.5846	0.6183	0.7940	0.1800	0.7823	0.1407	0.4277
000693	K	0.978852	0.837006	0.864394	0.5846	0.6183	0.7810	0.1860	0.7773	0.1380	0.4276
000694	R	0.963416	0.820822	0.857946	0.5173	0.5055	0.7900	0.1540	0.7424	0.1719	0.4274
000695	T	0.955776	0.810577	0.847998	0.5084	0.4801	0.7600	0.1570	0.7271	0.1750	0.4275
000696	T	0.922331	0.794571	0.833906	0.4282	0.4725	0.7590	0.1450	0.7017	0.1850	0.4283
000697	V	0.891974	0.769080	0.815941	0.4556	0.5620	0.7610	0.1400	0.7092	0.1511	0.4294
000698	T	0.863496	0.751251	0.794664	0.4651	0.5493	0.7580	0.1430	0.6969	0.1411	0.4305
000699	D	0.829245	0.729267	0.772579	0.4651	0.4766	0.7770	0.1340	0.6749	0.1472	0.4316
000700	A	0.769375	0.699868	0.751049	0.4703	0.4766	0.7980	0.1540	0.6609	0.1358	0.4337
000701	K	0.700696	0.684764	0.730334	0.3885	0.4766	0.7690	0.1600	0.6249	0.1408	0.4355
000702	E	0.655643	0.665614	0.709652	0.3885	0.4864	0.6890	0.1160	0.5992	0.1191	0.4367
000703	L	0.612368	0.651743	0.689804	0.4037	0.4119	0.7140	0.1230	0.5806	0.1261	0.4376
000704	K	0.561304	0.649674	0.669901	0.4116	0.3460	0.6410	0.1160	0.5467	0.1248	0.4368
000705	F	0.538832	0.647843	0.650138	0.3535	0.3529	0.6300	0.1450	0.5289	0.1297	0.4355
000706	A	0.494876	0.633112	0.630008	0.2913	0.2988	0.5730	0.1750	0.4869	0.1432	0.4330
000707	S	0.466036	0.618277	0.608965	0.3096	0.2436	0.5590	0.1720	0.4676	0.1450	0.4308
000708	Q	0.466702	0.596475	0.587282	0.2963	0.2988	0.6090	0.1640	0.4758	0.1344	0.4291
000709	D	0.478412	0.575392	0.564647	0.2292	0.2292	0.6440	0.1700	0.4534	0.1656	0.4268
000710	L	0.520572	0.547988	0.542626	0.2333	0.2364	0.6300	0.1630	0.4519	0.1572	0.4233
000711	S	0.549881	0.521225	0.520811	0.1766	0.2575	0.5450	0.1680	0.4285	0.1517	0.4225
000712	D	0.587878	0.495268	0.498333	0.1921	0.2364	0.5160	0.1610	0.4211	0.1499	0.4217
000713	Q	0.626840	0.456802	0.474863	0.1878	0.2129	0.4790	0.1450	0.4064	0.1562	0.4192
000714	L	0.660986	0.442883	0.450455	0.2041	0.2884	0.4570	0.1510	0.4172	0.1442	0.4143
000715	L	0.708450	0.405507	0.427520	0.1766	0.2680	0.4170	0.1650	0.4005	0.1651	0.4100
000716	E	0.725380	0.367984	0.406462	0.2558	0.3566	0.3570	0.1760	0.4116	0.1475	0.4066
000717	V	0.724735	0.355617	0.388305	0.2483	0.3840	0.3390	0.1580	0.4067	0.1496	0.3981
000718	V	0.736371	0.326391	0.372207	0.2385	0.3215	0.3190	0.1480	0.3857	0.1617	0.3915
000719	G	0.735678	0.333635	0.357823	0.2292	0.2328	0.3130	0.1410	0.3670	0.1718	0.3857
000720	L	0.691042	0.340727	0.344019	0.1566	0.2328	0.3060	0.1280	0.3452	0.1680	0.3791
000721	E	0.658718	0.346696	0.330453	0.1456	0.2988	0.2790	0.1140	0.3432	0.1554	0.3807
000722	G	0.633604	0.343169	0.315863	0.1416	0.2364	0.2880	0.1010	0.3264	0.1519	0.3774
000723	A	0.590050	0.344983	0.300506	0.1349	0.2292	0.2670	0.0790	0.3110	0.1407	0.3715
000724	M	0.586609	0.332809	0.285832	0.0813	0.2224	0.2540	0.0700	0.2939	0.1523	0.3710
000725	E	0.605401	0.320731	0.275760	0.1178	0.2715	0.2250	0.0850	0.3026	0.1494	0.3822
000726	M	0.611711	0.327493	0.269855	0.1667	0.3356	0.1850	0.0760	0.3160	0.1470	0.3882
000727	G	0.625602	0.327137	0.265579	0.1266	0.3321	0.1610	0.0680	0.3063	0.1624	0.4000
000728	Q	0.634809	0.312074	0.261575	0.1766	0.3872	0.1330	0.0500	0.3175	0.1646	0.4122
000729	I	0.619877	0.315248	0.257891	0.2333	0.3740	0.1200	0.0290	0.3201	0.1550	0.4186
000730	Y	0.600642	0.331330	0.254271	0.2333	0.3494	0.1140	0.0290	0.3137	0.1494	0.4257
000731	T	0.543742	0.327953	0.249907	0.2385	0.4256	0.1240	0.0480	0.3184	0.1361	0.4317
000732	G	0.501346	0.345727	0.244883	0.1878	0.3321	0.1540	0.0690	0.2942	0.1158	0.4260
000733	L	0.422549	0.381337	0.240336	0.1958	0.3321	0.1770	0.0810	0.2916	0.0928	0.4177
000734	K	0.333924	0.368088	0.235252	0.1602	0.2783	0.1710	0.0850	0.2578	0.0774	0.4046
000735	S	0.252271	0.372382	0.231463	0.1921	0.2436	0.1490	0.0540	0.2401	0.0687	0.3935
000736	A	0.166398	0.372259	0.228693	0.1060	0.1881	0.1260	0.0320	0.1979	0.0877	0.3884
000737	G	0.091012	0.350336	0.227556	0.0884	0.1449	0.1160	0.0290	0.1697	0.0933	0.3840
000738	R	0.103159	0.322912	0.227727	0.0621	0.1501	0.1080	0.0270	0.1624	0.0882	0.3883
000739	R	0.109626	0.305254	0.228885	0.0425	0.1476	0.1010	0.0280	0.1558	0.0873	0.3921
000740	L	0.145583	0.259574	0.230867	0.0744	0.2034	0.0940	0.0280	0.1680	0.0687	0.3932
000741	A	0.154515	0.224161	0.231649	0.1178	0.2849	0.0870	0.0210	0.1833	0.0693	0.3927
000742	Q	0.161127	0.183789	0.232199	0.1240	0.2817	0.0920	0.0250	0.1791	0.0637	0.3924
000743	C	0.169696	0.170188	0.233605	0.1240	0.2193	0.0890	0.0210	0.1676	0.0502	0.3938
000744	S	0.172822	0.149332	0.236725	0.1921	0.3149	0.0840	0.0210	0.1916	0.0719	0.4004
000745	C	0.171891	0.153024	0.241377	0.1380	0.2951	0.0820	0.0230	0.1802	0.0697	0.4070
000746	V	0.169998	0.165079	0.246332	0.1566	0.3053	0.0890	0.0250	0.1887	0.0694	0.4169
000747	V	0.146793	0.184409	0.250733	0.1732	0.2609	0.1080	0.0270	0.1874	0.0540	0.4231
000748	I	0.131943	0.225063	0.253871	0.1732	0.2645	0.1310	0.0370	0.1966	0.0544	0.4274
000749	R	0.087715	0.285830	0.256351	0.1266	0.2609	0.1460	0.0450	0.1938	0.0764	0.4288
000750	T	0.080456	0.323028	0.259485	0.1322	0.2645	0.1590	0.0560	0.2032	0.0850	0.4290
000751	S	0.075489	0.358948	0.265131	0.1921	0.3599	0.1610	0.0650	0.2354	0.1038	0.4296
000752	K	0.084467	0.388201	0.274270	0.2292	0.3019	0.1830	0.0630	0.2436	0.0952	0.4305
000753	S	0.133726	0.420602	0.287297	0.2531	0.2783	0.2030	0.0620	0.2627	0.0876	0.4336
000754	L	0.150592	0.439128	0.302603	0.2657	0.3704	0.2050	0.0610	0.2889	0.0967	0.4309
000755	P	0.180570	0.459557	0.316997	0.2385	0.3704	0.1870	0.0490	0.2922	0.1009	0.4302
000756	M	0.189547	0.475474	0.327685	0.3535	0.4801	0.2070	0.0500	0.3389	0.1145	0.4297
000757	Q	0.171434	0.486237	0.335102	0.4116	0.4476	0.2400	0.0660	0.3487	0.1126	0.4307
000758	I	0.175342	0.493077	0.341613	0.4918	0.5017	0.2830	0.0910	0.3811	0.1244	0.4320
000759	D	0.179748	0.496970	0.347990	0.4513	0.5098	0.2630	0.0790	0.3749	0.1226	0.4334
000760	G	0.179101	0.503717	0.353869	0.4420	0.5055	0.2690	0.1020	0.3754	0.1213	0.4337
000761	E	0.163885	0.498179	0.358247	0.3847	0.4369	0.2230	0.0790	0.3442	0.1164	0.4337
000762	P	0.111576	0.483578	0.361650	0.3847	0.4369	0.2240	0.0650	0.3337	0.1277	0.4332
000763	W	0.094816	0.472790	0.365512	0.3263	0.4441	0.2340	0.0590	0.3229	0.1284	0.4330
000764	M	0.063797	0.465014	0.370979	0.3225	0.4441	0.1940	0.0500	0.3101	0.1414	0.4336
000765	Q	0.042854	0.421066	0.378908	0.3847	0.5211	0.1960	0.0570	0.3241	0.1583	0.4335
000766	T	0.060373	0.419606	0.387790	0.3578	0.4979	0.2060	0.0590	0.3216	0.1460	0.4334
000767	P	0.069886	0.446965	0.397360	0.3762	0.4979	0.2230	0.0800	0.3352	0.1458	0.4321
000768	C	0.153647	0.463004	0.409393	0.3885	0.5211	0.2400	0.0950	0.3625	0.1271	0.4302
000769	T	0.229962	0.481916	0.424321	0.4245	0.5807	0.2500	0.1050	0.3986	0.1238	0.4290
000770	I	0.329656	0.486590	0.441483	0.4420	0.5055	0.3040	0.1490	0.4182	0.0755	0.4294
000771	K	0.434515	0.537805	0.458799	0.4282	0.4864	0.3070	0.1510	0.4421	0.0707	0.4302
000772	I	0.541052	0.577551	0.475391	0.3762	0.4801	0.2970	0.1240	0.4579	0.0954	0.4323
000773	T	0.647476	0.599885	0.491968	0.3359	0.4801	0.2740	0.0990	0.4715	0.1326	0.4333
000774	H	0.747621	0.617814	0.508168	0.4078	0.6183	0.2530	0.0880	0.5255	0.1606	0.4352
000775	K	0.827187	0.623416	0.525807	0.4458	0.6806	0.2360	0.0820	0.5564	0.1868	0.4382
000776	N	0.921276	0.638453	0.543770	0.4651	0.6661	0.2680	0.0850	0.5838	0.1997	0.4428
000777	Q	0.868380	0.663301	0.562464	0.4918	0.6661	0.2650	0.0760	0.5862	0.1847	0.4494
000778	A	0.807227	0.687358	0.581649	0.4781	0.6269	0.2800	0.0720	0.5770	0.1660	0.4574
000779	P	0.745358	0.706983	0.601624	0.5802	0.6576	0.2230	0.0730	0.5859	0.1717	0.4653
000780	M	0.664188	0.717823	0.621640	0.5846	0.5456	0.2550	0.0910	0.5648	0.1491	0.4758
000781	L	0.588721	0.727414	0.640384	0.6079	0.5176	0.2710	0.0960	0.5589	0.1430	0.4858
000782	M	0.513492	0.733233	0.656632	0.5412	0.5176	0.2880	0.1030	0.5417	0.1387	0.4910
000783	G	0.421814	0.732428	0.669364	0.5084	0.5176	0.2750	0.0880	0.5208	0.1511	0.4915
000784	P	0.324569	0.734352	0.678202	0.5126	0.4619	0.2470	0.0670	0.4932	0.1744	0.4989
000785	P	0.223139	0.740678	0.685128	0.4749	0.4476	0.2870	0.0620	0.4764	0.1890	0.5087
000786	P	0.186602	0.724559	0.693375	0.4203	0.4541	0.3730	0.1030	0.4753	0.1857	0.5210
000787	K	0.191046	0.713136	0.704957	0.4379	0.4476	0.4540	0.1110	0.4914	0.1785	0.5334
000788	T	0.180993	0.692930	0.719023	0.4420	0.4441	0.5660	0.1190	0.5076	0.1814	0.5442
000789	G	0.218995	0.703006	0.732639	0.4651	0.4725	0.6190	0.1020	0.5353	0.1747	0.5547
000790	L	0.260096	0.700766	0.745605	0.4651	0.4507	0.6820	0.1240	0.5507	0.1730	0.5641
000791	F	0.268383	0.699339	0.759016	0.4825	0.4652	0.6800	0.1460	0.5592	0.1701	0.5644
000792	C	0.328374	0.697712	0.774818	0.5473	0.5296	0.6740	0.1720	0.5920	0.1454	0.5592
000793	S	0.414281	0.675949	0.792920	0.5623	0.5665	0.6630	0.1820	0.6125	0.1177	0.5595
000794	L	0.515510	0.764139	0.811621	0.5802	0.5577	0.7350	0.1340	0.6607	0.1134	0.5613
000795	V	0.620729	0.777552	0.829629	0.5549	0.5098	0.8530	0.1020	0.6909	0.1350	0.5540
000796	K	0.708689	0.797757	0.845912	0.5762	0.4619	0.8990	0.0760	0.7149	0.1533	0.5370
000797	R	0.788795	0.817443	0.860932	0.5992	0.4087	0.9380	0.0610	0.7354	0.1787	0.5201
000798	T	0.836595	0.828997	0.875470	0.6293	0.3910	0.9110	0.1080	0.7454	0.1820	0.4997
000799	R	0.873829	0.853574	0.886414	0.6681	0.3667	0.9430	0.0500	0.7652	0.1975	0.4815
000800	N	0.943910	0.868373	0.894173	0.7079	0.3392	0.9600	0.0210	0.7855	0.2158	0.4668
000801	R	0.999832	0.873449	0.898752	0.7817	0.3983	0.9680	0.0300	0.8200	0.2011	0.4523
000802	S	0.999939	0.879293	0.903797	0.8713	0.5055	0.9360	0.0570	0.8493	0.1596	0.4395
000803	K	0.999686	0.877138	0.910816	0.9534	0.6712	0.9270	0.0650	0.8899	0.1048	0.4330
000804	E	0.999987	0.885482	0.914411	0.9665	0.6531	0.8940	0.0920	0.8856	0.1115	0.4210